0 10 0	0 10 0	0 10 0
1017 11 0.2992527736794761	991 9 0.2992527736794761	982 10 0.2992527736794761
2048 12 0.3062003357032825	2020 8 0.2926953154056695	1965 11 0.2980267333223338
3129 13 0.3124058749856871	2998 9 0.2919316202337122	2997 12 0.2999689959083117
4181 12 0.3137670306424835	3972 8 0.2955560762390015	4010 12 0.3049536549360873
5158 13 0.3153109843484213	4980 8 0.2923774530908548	5026 13 0.3021259187588399
6182 14 0.3134167333975856	6019 9 0.2947923810670443	5943 14 0.301692787692499
7162 13 0.3186144309434071	7002 9 0.2955746526080492	6989 15 0.3027041677850912
8188 14 0.3166843768197489	7961 10 0.2981753442747147	8020 15 0.3069953090350892
9175 13 0.3180710211147836	8944 9 0.3030237765961411	9123 16 0.3036236980529478
10170 12 0.3188241976162332	9941 9 0.3025469831239191	10149 15 0.307180874260084
11127 13 0.3203880914325972	10980 10 0.2997192469466717	11185 15 0.3065412200139254
12144 14 0.3217790435960197	11933 10 0.3049536549360873	12211 16 0.3010353906323141
13162 15 0.3231335835144031	12934 10 0.3029886878990511	13220 16 0.3037986255281462
14146 16 0.3222931133886239	13950 10 0.300354971576301	14193 15 0.3091238513217945
15126 17 0.3229661381878489	14976 9 0.300063941794555	15206 15 0.3073358758009621
16117 16 0.3229069682896605	15974 10 0.2950462581106949	16181 15 0.3122271369732482
17113 17 0.3206200672266669	17001 10 0.2966582741358265	17224 16 0.3074932589276154
18069 18 0.3224163899721532	18022 10 0.3022645270509643	18210 16 0.3066805427817825
19051 17 0.3259232259936852	19001 11 0.3016288024213349	19310 16 0.3066805427817825
20049 18 0.3228388549364859	20013 11 0.3040437303975244	20343 15 0.3119562315913039
21002 17 0.3209849179953401	21077 10 0.3042011135241777	21353 16 0.3096914625982494
22051 18 0.3159856516974759	22101 11 0.3033704844510489	22340 15 0.3104730196635217
23029 19 0.3158628224556682	23149 10 0.3046811504894081	23329 16 0.3098901265450086
24027 18 0.3219179803261323	24111 9 0.3020804588227426	24368 16 0.311159143184511
25024 19 0.3228758563633044	25128 8 0.3028297057076629	25373 16 0.3131326839303384
26057 20 0.3215916038421708	26064 8 0.298260434932202	26313 15 0.313161064494161
27069 21 0.3217782294398798	27049 9 0.30166197450892	27318 14 0.3133029673132747
28022 20 0.3198299156580556	28077 10 0.3029390998809432	28329 14 0.3121904492114235
29018 21 0.3145237215366177	29043 11 0.302602661197081	29295 14 0.3150512100447555
30045 20 0.3173391038213776	30047 12 0.3029839927728084	30241 15 0.3123858696651743
31028 19 0.3230042697970222	31055 13 0.3069701719642748	31268 15 0.3131837689452193
32039 18 0.3231104431590636	32052 13 0.305594806179019	32312 16 0.3088755993569276
33053 16 0.3245490603408691	33061 13 0.3103230081118872	33368 16 0.3133824328919785
34052 17 0.3190444894638979	34021 12 0.3105273481714109	34331 17 0.314019904017843
35019 18 0.3195793248727305	35049 12 0.3062833623197645	35318 18 0.3169667311582973
36012 17 0.3185757444735526	36004 12 0.3077818560896051	36304 17 0.3185560427323706
36986 18 0.3170722295270357	37000 12 0.3106426169229372	37314 17 0.3173668375685535
38010 19 0.3112666577290504	37970 12 0.3127892195684389	38326 18 0.3169667311582973
39053 19 0.3128501651577404	38978 13 0.3118686572800795	39328 17 0.3194102381637907
39990 20 0.3088391986722175	40047 13 0.3158572180573213	40369 18 0.3200725968610075
41017 19 0.3110206320096835	41055 13 0.3115985854531565	41346 19 0.3188057916940107
42043 18 0.3138370159614018	42085 14 0.3137441560781556	42343 20 0.3181165461468565
43040 17 0.3094976413321222	43150 13 0.3158897267031546	43295 19 0.3195469265635226
44073 18 0.3071931395497158	44192 13 0.3115985854531565	44285 18 0.3204253234427739
45095 19 0.3133074045572807	45199 13 0.3142550062269648	45286 17 0.3168276068559214
46116 20 0.3094897033097598	46251 14 0.3164981027894638	46261 17 0.3176222626429581
47091 19 0.3101392295853347	47273 13 0.3135924490642667	47287 17 0.3176222626429582
48141 18 0.3072960131005478	48313 14 0.3144051652100996	48278 17 0.3176222626429581
49153 17 0.3078669920228532	49333 13 0.3167891325712097	49228 16 0.3197224243658408
50221 18 0.3110397256705376	50347 13 0.316533707496805	50231 16 0.3162029959596883
51191 19 0.3131073748678104	51347 13 0.3162499018585777	51151 17 0.3138577293674274
52225 20 0.3127234089239581	52360 14 0.3182518231682278	52110 16 0.3136617365325574
53223 19 0.3143919837314774	53344 14 0.3233092396414398	53113 16 0.314324202634623
54225 20 0.3117680528015095	54403 13 0.3247850289602222	54069 15 0.3164527449213284
55226 21 0.3173722416756421	55413 14 0.3234000574456726	55112 14 0.3171655025099052
56249 20 0.3203770224044066	56395 14 0.3245296038858175	56157 14 0.3152583286210171
57235 21 0.319075290147926	57335 13 0.3263175794066501	57187 14 0.3174872944412491
58239 22 0.3172919587193554	58268 14 0.3265162433534093	58217 13 0.3194324546232538
59233 21 0.31775415647304	59254 15 0.3282841855350728	59235 13 0.3176033967477967
60244 22 0.3181277252132282	60239 15 0.3336256461386451	60263 12 0.3214841113825121
61248 23 0.3190676010281371	61289 14 0.3345839702899829	61315 13 0.319368667817571
62259 24 0.3192033149292675	62339 15 0.3342661079751683	62330 13 0.3231018035204082
63260 23 0.3185221747409156	63353 14 0.3371495732595585	63327 13 0.3209012182639989
64203 24 0.3169723748089435	64351 15 0.3359988160822407	64287 13 0.3189997204878755
65161 23 0.3142339310869441	65370 15 0.3339798697171847	65268 13 0.3193402872537484
66149 22 0.3187654433731452	66367 16 0.3360232703124218	66314 13 0.3193417842505214
67086 21 0.3225656345218525	67402 16 0.3355124201636125	67314 12 0.3157040820919673
68060 20 0.317794824885375	68411 15 0.3375558207588497	68301 11 0.3157512374903189
69065 19 0.3169792111435154	69421 14 0.3350380593111468	69293 12 0.3133672701292088
70074 20 0.3142826418473997	70376 14 0.3346610032489303	70302 11 0.3136226952036135
71044 21 0.3219811972523616	71360 13 0.33604597476348	71273 10 0.3140353049391902
72033 22 0.3227333720868528	72350 13 0.3321578375197648	72255 10 0.3112774286113526
72997 23 0.3213703310079843	73286 13 0.3367574985831851	73215 11 0.3128926881294924
73956 24 0.3247865432240226	74278 13 0.33424340352411	74308 11 0.3138416309816746
74900 23 0.3240929659066008	75288 13 0.33757485882128	75283 12 0.3154933797961579
75927 22 0.3257813599545915	76281 13 0.3362745129879473	76266 13 0.314838443707941
76912 23 0.325251244108181	77241 12 0.3379835389403275	77248 13 0.3165668795843901
77858 24 0.3261228623434476	78265 12 0.3349366968717493	78264 14 0.3132804102937169
78794 23 0.3303385923810024	79251 12 0.3348710161383309	79228 15 0.3133909275481326
79786 22 0.3300862123341247	80219 13 0.3348029027851563	80243 14 0.3129027818503815
80811 21 0.3248422833022387	81200 14 0.3354741810881461	81193 13 0.3141139769895242
81793 20 0.327340150003054	82139 15 0.3382838569065972	82260 13 0.312070576394287
82791 21 0.3230306818834706	83150 14 0.3387606503788191	83275 14 0.3165468462452212
83787 22 0.3242540911553753	84192 14 0.3379252840987966	84290 14 0.3137347378070137
84800 21 0.3240569383814951	85217 13 0.3375797815826937	85325 13 0.3092680336587219
85794 22 0.3258780556363683	86262 13 0.3344969119890097	86314 12 0.3048490129270284
86812 23 0.3255142684091861	87286 12 0.3347858777297504	87323 13 0.2999887634038025
87790 24 0.3234894473880291	88281 12 0.3315149397805978	88282 13 0.300543275958493
88756 25 0.3254614911370834	89210 12 0.3329774602643462	89344 13 0.2959375158866885
89747 24 0.3259427222974667	90243 13 0.3345667718384196	90353 14 0.3004784060983267
90719 23 0.3285687877925914	91279 12 0.3349737054612318	91309 14 0.3002032815737391
91705 24 0.3231452620460661	92263 13 0.3302213584514001	92311 15 0.301477401944887
92715 23 0.3286949522990398	93277 12 0.3309915632911433	93254 15 0.3078381412336509
93723 24 0.3275385222918451	94234 11 0.3293018281835433	94269 15 0.3016144505318175
94723 25 0.3284626371123194	95224 10 0.3273265409414807	95258 15 0.3047760453416705
95733 26 0.3261261942953561	96246 9 0.3251199336753253	96220 14 0.3065264711934453
96761 27 0.3262419393640373	97219 8 0.3210842174997318	97223 14 0.3089331430056135
97786 28 0.3220996547855875	98209 9 0.3176526018969367	98241 14 0.3107211185264461
98766 27 0.3213929702407378	99172 10 0.3216207207296069	99273 14 0.3087473793151375
99759 26 0.32125757708941	100150 11 0.3224380809677018	100282 14 0.3046274060370781
100774 27 0.3244523420967007	101200 11 0.3222344553839107	101287 15 0.3084871627169705
101764 26 0.3196411608010364	102149 12 0.3208721883204192	102283 15 0.3065677520135511
102771 25 0.3140900680586617	103206 12 0.3221322853541488	103280 15 0.3099166585446342
103808 25 0.3135472507912609	104178 13 0.3212808684394666	104240 14 0.3061217717249081
104819 24 0.3241011716036853	105197 13 0.3246115161462722	105243 14 0.3007975779517623
105821 23 0.3239751397855873	106225 13 0.3251842875252402	106263 14 0.2982758358535491
106855 22 0.3269936154664486	107320 12 0.3263994916671047	107235 14 0.2942361390274455
107854 23 0.3285452919450179	108281 13 0.3253753587497299	108293 15 0.2995448524930516
108876 22 0.3282252420431668	109301 12 0.3266191678077003	109304 14 0.3027750486476744
109933 21 0.3295928242761907	110304 12 0.3256827534280177	110308 13 0.2963121393291486
110953 22 0.33218912985572	111380 12 0.3247956386135074	111326 13 0.2985117999699039
111953 23 0.3350019069584549	112321 12 0.3230928047841432	112341 14 0.2997632158899936
112954 24 0.3351666454662781	113304 12 0.3236036549329525	113300 14 0.3031383198646055
113940 25 0.3340320320382517	114339 13 0.321002963266287	114313 13 0.3060898985021702
114873 24 0.3329827715704367	115370 12 0.3253785317320206	115330 14 0.309329410859973
115888 25 0.3326696750815716	116438 12 0.3205772548089459	116355 14 0.3071157268817994
116850 24 0.3362674910819869	117428 13 0.3177164939756139	117343 14 0.3097267387534913
117926 22 0.3339883696323706	118373 13 0.3186732701740526	118288 14 0.3083390961270525
118928 21 0.3293431315713073	119368 14 0.3219427111264321	119219 14 0.3066718670050294
119927 20 0.3343268691522055	120384 14 0.3253388694533864	120236 14 0.3043730413353877
120933 21 0.3363424051938713	121393 13 0.3249131609960453	121212 14 0.3028121103251371
121955 20 0.3367066573973241	122391 12 0.3243790903859265	122213 15 0.3084598425258619
123008 21 0.3380775492035876	123410 13 0.32347885096285	123166 15 0.3077014265357066
123984 20 0.341784345701838	124356 12 0.3238792975996456	124141 14 0.3026156294986719
124984 19 0.3411851103685523	125362 12 0.3223642688199934	125121 14 0.3007084556097839
126003 18 0.3401196229153214	126435 12 0.3238837205446569	126188 14 0.3047952568002582
126976 17 0.3408039578594246	127441 13 0.3236282954702523	127139 13 0.3061992016148181
128008 18 0.3371549577143548	128508 14 0.32557439127524	128128 12 0.3072209019124366
128964 19 0.336569577737072	129483 14 0.325561122440206	129176 12 0.3069274905449154
129945 20 0.3355261506920292	130507 15 0.3234712809223498	130143 11 0.3026363492949173
130925 19 0.3334357194481715	131484 15 0.3277366216597817	131184 12 0.2988429594719643
131867 18 0.3300719960513004	132460 15 0.3301205890208918	132175 12 0.2983692620612501
132868 19 0.3279985368889797	133427 16 0.3275046413989698	133188 11 0.3009204167437887
133877 18 0.3299651819292767	134391 17 0.3302284351634182	134147 10 0.3021124004243437
134867 19 0.3279204156527728	135388 16 0.3316325901178994	135177 10 0.2996688934188503
135873 18 0.3326929628321555	136409 16 0.3319646111936372	136246 10 0.2993132432764004
136898 19 0.3325259372324443	137359 16 0.3339947429538404	137245 10 0.2944317862988893
137931 18 0.3333381794486768	138328 16 0.3359019168427284	138242 10 0.2981780207234908
138996 17 0.3323248406659289	139344 16 0.3352827045411413	139169 9 0.2922993143956546
139990 18 0.3312604025780831	140323 17 0.3348802165451097	140183 9 0.2959171813469655
140948 17 0.3291916774538795	141377 18 0.3380622511676802	141183 9 0.2985199370546363
141965 16 0.3268640462707962	142337 19 0.3373811176359345	142230 9 0.2953413139064897
142943 15 0.3279998412048248	143356 19 0.3391422063068297	143224 9 0.2921399863072847
143913 14 0.3257276463198828	144382 19 0.3407258417681385	144198 10 0.2957159373489497
144890 15 0.3254155144347013	145394 18 0.3399134172802737	145182 11 0.2946358541771815
145893 14 0.3241837979647944	146435 18 0.3384320093706279	146149 12 0.2932859713597218
146818 15 0.3230087515619005	147428 19 0.3398927011004713	147136 11 0.2969884186287111
147820 16 0.3205380944785682	148452 18 0.3416204734573138	148159 10 0.2966268939080153
148814 17 0.3247342898423229	149451 19 0.3410592387073614	149113 9 0.2982701880929962
149794 18 0.3251382184642598	150505 20 0.3399588261823901	150086 9 0.2994962284501385
150769 19 0.3250646274638019	151507 20 0.342209532812041	151068 8 0.2955642303350609
151710 20 0.328590590273509	152498 21 0.3405267323218456	152082 9 0.2941492565101843
152648 19 0.3298083971483994	153516 21 0.3418889993853371	153115 9 0.2974154539695555
153642 18 0.328261250983434	154547 21 0.3405948456750202	154155 10 0.295707091458927
154614 19 0.3278624293760304	155551 22 0.3421803413749661	155176 9 0.2946270082871589
155608 20 0.3284405787218744	156577 22 0.3400269395355647	156133 9 0.2854471859161313
156625 19 0.3267727598738498	157544 22 0.3379154255871529	157113 9 0.2839146354697034
157589 20 0.3266170722094509	158587 22 0.3395982260773482	158117 9 0.2858349080803557
158616 19 0.3333529963144648	159582 22 0.3410002259301915	159106 9 0.2787969648763753
159645 18 0.328152055275635	160596 22 0.342362492993683	160073 9 0.286048655403692
160614 17 0.3271100864296021	161608 23 0.3431741771190133	161115 10 0.2806831808104404
161613 16 0.3298746428720506	162586 22 0.3429365207454368	162125 9 0.2764182370039711
162660 15 0.3316089359818633	163548 22 0.3421509831075092	163138 8 0.2809364227645511
163656 16 0.3325704072286899	164548 21 0.3397953963102219	164150 8 0.2827981877513227
164639 17 0.3326607633395399	165592 22 0.3374933835184397	165154 9 0.2758846824041036
165654 16 0.3328383076097588	166577 21 0.3354164422568665	166161 9 0.2804255726157417
166644 17 0.3307614486837104	167561 22 0.3369825333696304	167152 9 0.284743149467846
167666 16 0.3297098371363975	168634 22 0.3383763681190851	168122 8 0.2888220914252618
168637 17 0.3315171598728781	169626 23 0.3366935676288897	169178 8 0.2876713885648126
169606 16 0.3319034877754021	170557 22 0.3367654263454742	170249 7 0.2917581897552869
170626 17 0.3335605604681152	171551 22 0.3342909328380995	171254 7 0.2847999105954915
171673 18 0.3314017241768588	172557 23 0.3358234832845274	172297 6 0.2827565100002543
172644 19 0.3299740008627539	173521 23 0.3366957649615456	173320 7 0.2841908710674305
173706 18 0.3332156443588702	174600 23 0.3355208096192843	174286 7 0.2895183083335846
174659 19 0.3308804834428271	175644 23 0.3369311566967813	175290 8 0.2926969314817313
175638 18 0.3328704031471911	176660 23 0.3395221352293042	176310 8 0.2957541731415286
176606 19 0.3320456345903134	177720 24 0.3404602418662085	177301 7 0.2964143487184513
177588 20 0.3315081360836997	178741 23 0.3423946189209155	178348 8 0.2956434294029754
178566 19 0.3317238283687526	179738 23 0.3399538904321601	179320 9 0.3012627810398777
179582 18 0.3288146524649848	180805 23 0.3406179956256121	180339 10 0.3018530967673907
180555 17 0.3283893637344867	181807 23 0.3389151617962478	181351 10 0.3061555902429178
181584 18 0.3303544813717997	182772 23 0.3415700345393021	182366 11 0.302023380150327
182570 17 0.3271061568130728	183810 23 0.3418254596137068	183314 12 0.3066674724122297
183607 18 0.3308527966743003	184779 24 0.3422759365631114	184303 11 0.3086200552032342
184657 17 0.3315389513827224	185832 24 0.3414245196484292	185237 11 0.3051008652892146
185630 16 0.3299882810378538	186845 24 0.3437411140188992	186212 12 0.3096417555008528
186557 17 0.3276163942205558	187832 24 0.3437411140188992	187195 12 0.3068945169228117
187539 16 0.3273233350875694	188861 23 0.3442805832236642	188206 11 0.3045208697667281
188538 17 0.3254878519338504	189886 24 0.3455293280318647	189204 12 0.3026291761853797
189522 18 0.3246212669195118	190924 24 0.3432270908877991	190174 12 0.2992962659720876
190519 17 0.3242060998144476	191920 24 0.3438881910803759	191185 12 0.3022705490607105
191549 18 0.3264199085423525	192950 24 0.3415661449494246	192142 12 0.2995800716103149
192557 19 0.3256909334887341	193918 25 0.3451420959910896	193119 11 0.2975026143384905
193553 17 0.3265474618595032	194894 25 0.3446403276227036	194192 12 0.2916885283713584
194536 16 0.3269112977331118	195852 25 0.3444132831121217	195189 13 0.2939153110712964
195501 15 0.3257052907151385	196871 25 0.3413682155584349	196145 12 0.2955447920587803
196431 14 0.3248694051419769	197871 24 0.3431391627409738	197126 12 0.2942451607011802
197381 15 0.3192330251667811	198886 24 0.343806054389783	198111 13 0.294266169689984
198410 16 0.3211644005035004	199918 24 0.3451633857030443	199121 13 0.2989528923372652
199419 17 0.3222828442175784	200910 24 0.346051530406203	200161 14 0.2992196696371989
200426 16 0.3201132596029002	201873 25 0.3480949310014402	201164 14 0.3036275766354963
201415 17 0.3187817430145667	202856 25 0.3463380013495547	202121 15 0.3006380117048149
202443 16 0.3194911213530748	203806 26 0.3474732239024642	203104 16 0.3011960172519758
203427 17 0.3173964256030354	204768 27 0.3489022150607613	204134 17 0.3088341200713405
204518 18 0.3186284769625947	205722 27 0.3485313756934775	205093 16 0.3102614954871312
205443 17 0.3138490709355568	206652 28 0.3484524261250251	206067 15 0.3085786949969359
206492 16 0.3143623026701414	207642 28 0.3470220457083591	207097 16 0.3096833255135171
207479 15 0.317663129187219	208660 28 0.3467180246096976	208150 17 0.310449600736731
208500 16 0.3194335603595065	209630 28 0.3465111955595498	209142 16 0.31194265688594
209470 17 0.3163163424312672	210634 27 0.3473110114490998	210148 17 0.312674784371934
210504 16 0.3162787647435533	211638 28 0.34819230264149	211183 18 0.3164690988105411
211539 17 0.3115376905730581	212634 28 0.3489869584285267	212196 18 0.3180584103846144
212529 18 0.3171378424258127	213646 27 0.3510303590237639	213190 17 0.3201504633749763
213507 19 0.3215055800106994	214648 27 0.3471407280661633	214165 17 0.3148668869801846
214531 18 0.3246781495140007	215673 26 0.3484647560541884	215199 18 0.3141772988189365
215526 19 0.3240337580609483	216656 26 0.3473299318249816	216235 17 0.3135660251366005
216488 20 0.3254686035032766	217720 26 0.3491080488341704	217296 18 0.3142624405104048
217487 21 0.3261558100787494	218665 25 0.3488624822714094	218273 19 0.3127355661767414
218569 20 0.3238316999067928	219658 25 0.3480191084314948	219262 19 0.3139703243912876
219563 21 0.3223391402548424	220675 26 0.348757003090886	220256 19 0.3148387696442634
220572 20 0.3195622310873503	221683 25 0.3490327656543458	221256 20 0.3123827593134494
221574 21 0.318938315153857	222732 26 0.3463431614520678	222228 19 0.3104301765224451
222513 20 0.3204391309698285	223693 26 0.3492030490372823	223240 20 0.3102907063230876
223473 19 0.3231737272967122	224734 25 0.346796377225114	224238 20 0.3140855931428138
224489 18 0.3208142996086402	225784 25 0.3466042626392371	225226 21 0.3164695605039238
225521 17 0.3196373648957863	226846 24 0.3453555178310366	226221 21 0.3195048802337033
226515 18 0.3221993254400584	227867 23 0.3457592442516714	227277 20 0.3219569609479879
227504 17 0.3261829549338124	228867 24 0.341672443061197	228261 19 0.324995864397315
228489 18 0.3290620741577181	229886 23 0.3420512489025362	229277 19 0.3265738237458592
229504 17 0.332078043503073	230947 22 0.3437158436564342	230263 19 0.3229258297344903
230509 18 0.3313940175980764	231988 22 0.342982884747273	231228 19 0.3229258297344903
231508 17 0.3301254607120685	233000 22 0.3413481642710833	232152 20 0.3213648987242397
232521 17 0.3307223999024359	234017 23 0.3422563423134108	233134 21 0.3248053091830766
233522 18 0.3292668196538678	235062 24 0.3424103377205882	234116 20 0.3259121511721634
234489 19 0.3334260659677845	236120 23 0.3415021596782606	235090 20 0.3241202460348016
235522 20 0.3358043572161299	237148 24 0.3438730283176062	236088 21 0.3283447709283981
236524 21 0.3364557269296818	238127 24 0.3451331253513358	237085 21 0.3276636373966524
237518 22 0.3353195797611183	239118 23 0.3432940648156224	238051 21 0.3275064527354803
238555 23 0.3326123372003305	240091 24 0.3418627597833024	239002 22 0.3288857481372654
239515 21 0.3348924933084378	241051 25 0.341706264528539	240036 21 0.3275102122387399
240504 20 0.3398742915618058	242080 25 0.3407958160411055	241030 22 0.3303818092873498
241491 21 0.3379886990428407	243138 24 0.3419127517510813	242016 22 0.3317541980903864
242522 20 0.3364893206839978	244101 23 0.3384795613663866	243006 22 0.3282424307853666
243479 21 0.3367810908282782	245107 23 0.3376932528040038	244027 23 0.326454455264534
244498 22 0.333973887656235	246111 22 0.3357860789151157	244999 23 0.3298268066092099
245492 23 0.3402262848722581	247074 23 0.3381880807482201	245990 23 0.3316868250997463
246450 22 0.34044839363261	248120 22 0.3413973185366095	246962 22 0.3292308147689324
247456 23 0.3370540602512279	249072 22 0.3400343111105835	247942 23 0.3293103508583537
248454 22 0.3383962939755503	250099 22 0.3414136065123686	248925 24 0.3320502210664084
249476 21 0.340712388607473	251077 22 0.3430964070025639	249936 25 0.3317461435968791
250495 19 0.3346115030085674	252043 23 0.3399079429158781	250935 26 0.3278987121904182
251508 20 0.3399782393114916	253019 23 0.3428232002385148	251961 25 0.331198093078259
252545 21 0.3380637675633349	253966 22 0.3432886414852076	252981 25 0.3314114151184213
253555 20 0.3412928270277608	254990 22 0.3431531681302095	254021 25 0.3271954639336159
254524 19 0.3390824628600782	255969 22 0.3440726983980661	255020 26 0.3247433832193312
255501 20 0.3353231297137123	256951 22 0.3431531681302095	256056 27 0.3258071865511923
256490 19 0.3335930883987192	257944 23 0.3418177879166553	257095 26 0.3266113025261699
257460 18 0.3387119707989269	258961 22 0.3409614352517431	258131 26 0.3270594243518633
258425 17 0.3387625334133367	259940 22 0.3412388244146715	259142 26 0.3251522504629753
259405 18 0.3377679507081583	260930 23 0.34013498742646	260160 27 0.3259696107010702
260395 19 0.3382706378854335	261938 23 0.3402791243219935	261149 26 0.3248285664940431
261405 18 0.3345858979155948	262947 23 0.3387507562744449	262173 25 0.3287941033853092
262392 17 0.3332696837970898	263937 23 0.3399313877294708	263217 26 0.3279208552676866
263384 16 0.3350361853528481	264955 23 0.3417095047386596	264239 26 0.3286369187241372
264366 17 0.3321382771183077	265870 24 0.3401428976156444	265192 25 0.3268489432033047
265360 18 0.3299374912645628	266855 25 0.3397001608200098	266195 25 0.3240458167457357
266322 19 0.3319723408327781	267902 26 0.3395843681196129	267218 24 0.3287853709041331
267321 18 0.3348020867341622	268908 27 0.3423193812240073	268200 25 0.3295497374564613
268361 19 0.3380616867480026	269898 26 0.3392168379030906	269239 25 0.3279826063845755
269317 18 0.3395757680798644	270892 26 0.3396629604501989	270253 26 0.329842624875112
270301 19 0.3377045339383372	271891 25 0.3405143773648811	271241 26 0.3290828990127802
271284 20 0.3349049893966741	272894 24 0.3405038983874697	272240 25 0.3282670357714584
272262 21 0.3319050404068548	273929 24 0.3413689379727867	273317 26 0.327615842175174
273293 20 0.3353248614896197	274876 24 0.3443488971741743	274345 27 0.3284890902927967
274266 21 0.3405866180223554	275858 23 0.3446845987005346	275346 26 0.3271646639810689
275244 20 0.3394249456549779	276815 24 0.3440715785219636	276325 26 0.3262835150471439
276257 19 0.3383321833741772	277747 24 0.3432433820685909	277363 26 0.3219597177198121
277215 18 0.3371796376199732	278670 24 0.3436458700646224	278339 26 0.3243220126503667
278164 17 0.3392653213968638	279644 24 0.3432093253920036	279402 25 0.3241052883448112
279170 18 0.3354186091997222	280638 25 0.3444988350100586	280403 26 0.3252055809730158
280199 17 0.3370109029623799	281624 26 0.3442127589267254	281461 27 0.3263058736012205
281225 18 0.3352175126332068	282579 25 0.3446319180231843	282460 26 0.3289444060196496
282265 17 0.3368941372140806	283570 25 0.344260838940731	283437 26 0.3299769179606293
283259 18 0.3336509055101916	284555 25 0.3435316253949797	284452 25 0.3320923615255703
284257 19 0.3312893250553697	285530 24 0.3453706859306931	285442 26 0.3309920688973657
285244 20 0.3298900682043888	286568 23 0.3457048420280319	286450 27 0.3328221474524407
286239 21 0.3328631020050348	287594 24 0.3458978298620266	287413 28 0.3334535474247256
287186 22 0.3344990246149969	288607 23 0.346544906717185	288385 27 0.3359892728337054
288160 23 0.3325543597628069	289602 23 0.3457956598322646	289440 28 0.3336053054725954
289161 24 0.3315005594610136	290615 22 0.3451826396536935	290411 29 0.3366593109776037
290166 25 0.3265414429406786	291556 23 0.3440410006254849	291412 29 0.3337122340846453
291217 24 0.3290276862494441	292543 24 0.3452848096834554	292401 28 0.3335550494234732
292208 23 0.3305589144681002	293543 23 0.3452280485558099	293302 29 0.3343565556914326
293154 22 0.3292310532610654	294602 23 0.3442631093858368	294328 29 0.3329590575831957
294151 21 0.3258875441735949	295600 23 0.3456253764493283	295301 29 0.330585410427112
295093 20 0.3241212954001866	296573 23 0.3465180198672476	296292 28 0.328284152137714
296106 21 0.3224912190162588	297559 23 0.3461774531013748	297290 29 0.3301584437181729
297090 19 0.3257843964401991	298535 23 0.3458368863355019	298248 28 0.3317579331496172
298138 20 0.3251193329419945	299527 24 0.3433848056212173	299300 27 0.3283193831824595
299133 21 0.3251496636903096	300514 24 0.3444600235534731	300295 26 0.3321818109742411
300137 22 0.3270044496441377	301494 23 0.3450876394505816	301359 26 0.329163772528957
301179 23 0.3291392144074031	302493 23 0.3457687729823273	302361 27 0.3282128566964021
302218 24 0.3297831615482112	303465 22 0.345972135338217	303336 26 0.3295227190885436
303229 25 0.3326578546583289	304487 23 0.3439287347429797	304346 27 0.3289426426232725
304252 24 0.3322401959609085	305500 24 0.3469888998856054	305401 26 0.3281371751928748
305233 23 0.3269494912530735	306474 25 0.3457288028518759	306409 26 0.330304909686764
306195 24 0.3285132603197065	307463 26 0.3452667672728417	307447 25 0.3321439702224775
307125 23 0.3254595116523798	308457 26 0.3477179747390087	308413 26 0.3328412555615116
308116 22 0.3273099244136223	309439 26 0.3452285938551284	309442 25 0.3329198478920977
309141 23 0.3259196247010331	310407 27 0.3464205775356835	310452 26 0.3306616282599252
310149 24 0.3282592423488863	311374 28 0.3457973180948704	311439 25 0.3343307673507138
311154 24 0.3263235708182193	312397 28 0.345627034711934	312430 26 0.330389174847227
312152 25 0.3247628434962258	313426 29 0.3435666057784032	313480 26 0.3294266059221445
313179 24 0.3250882395607098	314449 29 0.3451977192666785	314510 26 0.3322873667554765
314165 23 0.3212072380016129	315467 28 0.3462194195642971	315476 27 0.333649633818968
315116 24 0.3161048038868047	316443 29 0.3449468742280907	316471 27 0.335436749322715
316167 25 0.3118996694405405	317444 30 0.3478341067013179	317481 27 0.3369692997691429
317193 26 0.296142202218272	318436 31 0.3488758403381054	318521 27 0.337582319947714
318197 24 0.3065058403675008	319461 31 0.3468357355502799	319561 26 0.3366287330032701
319149 25 0.3125312149541784	320474 31 0.3455919264923095	320586 26 0.3352853863156604
320137 26 0.3073900415115132	321462 32 0.3469279680936161	321610 25 0.3361481554558716
321183 25 0.3128175530119468	322459 31 0.3465083411856656	322656 24 0.3359527973769863
322155 26 0.3073900415115132	323432 31 0.3474534139609628	323678 24 0.3350355375542354
323163 27 0.2992313716733759	324455 32 0.3470842281391342	324656 24 0.3359225081422779
324183 28 0.2874218302634057	325424 31 0.3476863015288024	325690 24 0.3342596598846153
325123 27 0.3007353710646818	326405 31 0.3488357143636232	326662 24 0.3350841899493601
326143 26 0.3105122569895858	327339 32 0.3514101805681038	327621 23 0.3364602451410245
327170 27 0.3005288936264321	328328 33 0.3487823073026113	328643 24 0.3352682614604696
328178 28 0.2871278149937772	329387 34 0.3491050380619711	329665 24 0.3364602451410245
329246 29 0.3012759601150943	330374 33 0.3480392644181807	330669 23 0.3374819454386431
330283 28 0.2869085443398659	331410 33 0.3478612290040006	331625 22 0.3381971356469762
331272 27 0.3008380885589721	332446 33 0.3473782434087627	332636 22 0.34005338038678
332223 28 0.3089741999766188	333468 33 0.3511476982946738	333622 22 0.3378465499193747
333190 29 0.3150900673482169	334471 33 0.3517243971583167	334607 23 0.3398899505146119
334187 30 0.3098876906368049	335443 33 0.3520131385467742	335593 22 0.3389855178356941
335237 31 0.2993676118580481	336453 33 0.3515590495256103	336533 22 0.3376962998756073
336214 30 0.3100679476068761	337452 34 0.3504805881003463	337530 22 0.3374139879512653
337179 29 0.3152693484617775	338423 35 0.3500959479883016	338531 22 0.3354996442357274
338169 28 0.3190133124412731	339425 35 0.3499634666453624	339531 23 0.336771093494986
339164 27 0.3136787786361061	340487 35 0.3520068672405995	340479 24 0.3393941979547416
340182 28 0.3065156865018973	341482 36 0.3514782483909621	341434 23 0.3401775015162491
341229 27 0.3098214545759699	342451 36 0.3498037951254205	342444 23 0.3383244176431174
342245 28 0.3126931260150737	343463 37 0.3498215638262487	343419 22 0.3371975423148616
343246 29 0.3123559068115035	344456 37 0.3466945125980732	344378 22 0.33534071307832
344243 30 0.3190850910092201	345510 37 0.3463036011798538	345414 22 0.3361099933024093
345176 28 0.3197718301430127	346487 36 0.345465282986936	346448 22 0.3361099933024093
346188 26 0.3218966815583638	347525 36 0.3441471975579362	347477 21 0.3391039758412151
347186 27 0.3207833796123688	348542 37 0.343175841912664	348466 20 0.3393929415819557
348197 28 0.324615639372367	349502 38 0.3433700570142835	349493 19 0.3377247619147329
349187 29 0.3308229364918915	350508 39 0.3417389214514187	350476 19 0.3374750129530928
350231 28 0.3287961383651763	351527 40 0.343556071397999	351472 18 0.3386401097837105
351232 29 0.3335276769948749	352537 40 0.3440669215468083	352433 19 0.3351457155201887
352265 28 0.3356488282184895	353527 40 0.3461103221420456	353428 19 0.3369408608676712
353251 29 0.3394454299885419	354501 41 0.3449523951380778	354441 20 0.3388172466774153
354215 28 0.3357120763321517	355481 40 0.3422320897780325	355418 21 0.3396618100813291
355216 27 0.3397747692786168	356447 40 0.3415807841559365	356405 20 0.339236101623988
356229 26 0.3369245497975618	357404 39 0.3436241847511736	357370 21 0.3386230814454168
357261 25 0.3389146293334955	358444 38 0.3438006602571259	358419 21 0.3396731623068581
358254 26 0.3391542433245585	359417 37 0.3430671318383228	359382 20 0.3395664935623355
359208 25 0.3395019964310011	360435 37 0.3467594366972529	360378 21 0.3390556434135262
360203 26 0.3409258785207658	361424 37 0.3443754693361429	361388 22 0.3416666552852182
361226 25 0.34104870538531	362465 37 0.3464529266079673	362406 21 0.3418771874677578
362236 24 0.3447780475622336	363497 36 0.347631811566758	363402 22 0.340576841634425
363287 23 0.3467213501073335	364524 35 0.3475057098183132	364388 22 0.3433828510642483
364348 22 0.3443391292424587	365528 36 0.3464386006185782	365434 23 0.3431558065536664
365355 23 0.3411346809753664	366503 37 0.3477441065544242	366480 23 0.3441044577478804
366323 21 0.3406547577887941	367527 37 0.3480064350092181	367470 22 0.3425264983993361
367361 22 0.3415579199550762	368496 38 0.3479246989854086	368489 21 0.3399404556170432
368391 21 0.3441685632480172	369458 39 0.3468520929185754	369472 20 0.3402855849998752
369394 20 0.34635687483202	370450 38 0.3480618908607299	370438 20 0.3394341680851929
370348 21 0.3425130549302742	371464 39 0.3506292403265407	371426 21 0.340606118426579
371342 22 0.3418177311166171	372438 40 0.3484810499571888	372457 21 0.3433426022646452
372361 21 0.3394526563889022	373438 41 0.3500345583584397	373446 22 0.343683169030518
373315 22 0.3428337553014711	374451 41 0.3500511713714091	374458 23 0.3454674781627227
374328 21 0.3402862340920386	375412 40 0.349972579040823	375451 23 0.345048702190932
375308 22 0.3416133910570933	376427 40 0.3481305281627751	376450 24 0.3441839233265841
376268 21 0.3440059308465721	377436 40 0.3469516432039844	377441 24 0.3452809068040272
377290 20 0.3410344275551095	378407 40 0.3492203418135682	378480 24 0.3459620403357728
378291 19 0.3388087647675302	379453 40 0.3485392082818225	379508 24 0.3443273198595831
379326 18 0.3420890419351874	380433 40 0.3494246818730919	380467 25 0.3449403400381543
380368 17 0.3377823272630179	381413 40 0.3479772731181323	381475 25 0.3447223773079957
381364 16 0.3328718262799324	382451 40 0.3504774338464224	382494 25 0.3455504922860654
382367 17 0.3361969052788221	383487 39 0.3484340332511853	383496 24 0.3454752091062409
383353 16 0.3376909934485337	384454 40 0.3518056442333266	384478 24 0.3440136399436476
384342 15 0.3380154359781079	385496 40 0.3504774338464224	385357 24 0.3416750814846539
385308 16 0.3374704258043271	386508 40 0.3506363650038298	386374 25 0.3417587294622367
386298 17 0.3376739549905988	387501 39 0.3518624053609721	387409 24 0.3440382563484791
387289 18 0.3419924570449545	388509 39 0.3519376885407967	388349 25 0.3421291705058178
388265 17 0.3387466051326355	389440 39 0.3507457048602416	389381 24 0.3430165560508605
389224 16 0.3392338662413842	390393 38 0.3527891054554788	390394 25 0.3410074792433995
390240 17 0.3398666299799685	391355 39 0.3519121805036766	391375 26 0.3427761559808327
391224 16 0.338060169150721	392380 38 0.3506363650038298	392381 25 0.3451266871311232
392237 15 0.3360741543786517	393333 39 0.3514085001815173	393430 24 0.3454081225244598
393249 14 0.3312956259897513	394323 38 0.3528912754852407	394463 25 0.3442371874064272
394220 13 0.3286509946521284	395297 38 0.3550525645763569	395506 25 0.3447003582080143
395240 14 0.3246832126241789	396328 38 0.3550525645763569	396541 25 0.3437435277705619
396227 13 0.3264091563412274	397350 37 0.3531317680168339	397541 26 0.3420607272803666
397214 12 0.3265721204635483	398358 36 0.3562037629737762	398526 25 0.3425381412183564
398166 13 0.32757326824297	399305 37 0.3561117179019186	399550 26 0.3417784153560247
399224 12 0.3291926785248898	400309 38 0.3514055556501452	400529 26 0.3425381412183564
400296 13 0.3266948778680496	401312 38 0.3552234883412462	401551 25 0.3404266272699447
401368 14 0.3247150060733694	402309 38 0.3545423548095005	402567 26 0.3409709136295735
402386 12 0.3253787602096411	403296 38 0.3542017880436276	403550 25 0.3449191035785911
403319 11 0.3235361211145787	404258 38 0.3516365833977549	404523 25 0.3433348476515146
404343 10 0.3246657742485727	405245 39 0.3529988504612462	405586 25 0.3434767504706283
405319 9 0.3244159185930837	406229 38 0.3533132197835905	406569 24 0.3443864222268413
406337 10 0.3199027823613917	407268 38 0.3513309465565869	407588 24 0.3440352799666597
407371 9 0.3213476414186389	408255 38 0.3517759537973275	408572 24 0.340856656818513
408365 10 0.3171312197538986	409259 39 0.3538193543925647	409589 25 0.3394142563983456
409393 11 0.3149701232910435	410282 40 0.3543825994284313	410616 25 0.3374934598388227
410391 12 0.3200440976226142	411338 41 0.353286369302339	411581 24 0.3370393708176588
411388 11 0.3243740415426455	412367 40 0.3522296809925576	412577 25 0.3393574952707001
412356 12 0.3230323780313318	413327 39 0.3499426228737691	413554 24 0.3389124880299596
413352 11 0.3287520936621163	414327 39 0.3499085661971819	414548 24 0.3394710175259911
414393 12 0.3239381234539033	415339 39 0.35126567315816	415548 25 0.3385914585396192
415372 13 0.3237220257322243	416299 39 0.3516580653014484	416509 25 0.339735762872952
416385 14 0.3255503678515264	417246 39 0.35328218690346	417508 25 0.3414953578299618
417436 14 0.3227808825734565	418237 39 0.3524576568387152	418480 26 0.3405304186599887
418398 13 0.3221842920549801	419208 39 0.352798223604588	419501 26 0.3434821081432897
419413 14 0.323936376957668	420210 39 0.3552071294931761	420482 26 0.3434821081432897
420385 15 0.3263017679497304	421255 40 0.3522873734557787	421447 26 0.3450415454396549
421405 16 0.332335217813319	422275 40 0.3521462109991995	422462 27 0.3456545656182261
422424 17 0.3334193030369442	423307 40 0.3512947940845173	423468 27 0.3460443253613917
423422 18 0.3325006973847414	424222 40 0.3540760893391457	424460 28 0.3447702049902438
424422 19 0.3380439516856794	425206 41 0.3518056442333266	425475 29 0.3457919052878624
425349 20 0.3376181675101229	426260 40 0.3515017238195922	426507 29 0.3450925690496648
426329 19 0.338462234251133	427294 39 0.3512296857322181	427511 28 0.3452428190934324
427371 20 0.3382067367414007	428208 38 0.3500036453750758	428494 28 0.3445954228925466
428348 21 0.3404128421734106	429182 39 0.3505805586423488	429495 28 0.3466388234877839
429358 20 0.3409572188124501	430182 38 0.3507180952208743	430439 29 0.3447940868393058
430389 21 0.3435495282849408	431194 38 0.3525906429235331	431460 29 0.3440977556019836
431425 22 0.3433607195669377	432215 39 0.3523685341631813	432484 28 0.3457805560921789
432369 21 0.3433020418297874	433195 40 0.353763162774561	433440 28 0.3448723750200057
433346 20 0.345102453911055	434179 40 0.3516921219780357	434469 28 0.3472192807036531
434387 21 0.3431004802870015	435180 40 0.351154384979289	435463 28 0.3443615248711964
435385 22 0.3444837053053159	436144 40 0.35127284298481	436432 28 0.3447702049902437
436383 21 0.3428694500420645	437135 41 0.3513347642149688	437417 28 0.3443615248711964
437409 20 0.3420000005342003	438160 40 0.3527136442914297	438337 28 0.3453661968305213
438395 21 0.3405802862195423	439129 41 0.3551491119927448	439362 29 0.3467765439080184
439423 22 0.3415913204151528	440118 41 0.3527136442914297	440367 29 0.3465710294803365
440423 21 0.3392168409844703	441138 42 0.3540759113549211	441351 29 0.3476494909056005
441458 22 0.3402120250133677	442178 42 0.3521006241128584	442391 28 0.3476494909056005
442424 21 0.3440358084071679	443216 42 0.3499891101644467	443382 29 0.3464359771421455
443426 22 0.3459152600901401	444240 41 0.3499891101644467	444383 29 0.3469683573738548
444445 21 0.3431174525074694	445268 41 0.3500572235176213	445357 29 0.3451974101913159
445471 20 0.3418910946055571	446250 41 0.3514194905811128	446380 30 0.3442211187958137
446513 21 0.3395764988492196	447218 41 0.3534628911763499	447427 29 0.3436890754829362
447476 22 0.3419084455724656	448215 41 0.3538034579422228	448469 29 0.3442793912104491
448400 23 0.3450511477489235	449190 40 0.3524411908787313	449486 28 0.3432576909128305
449372 24 0.3434898655410603	450198 41 0.3556599621415541	450496 29 0.3419022743302618
450369 25 0.3468438442828007	451171 42 0.3522089862656362	451545 30 0.3398989258701037
451358 26 0.348119531484317	452120 42 0.3509488892319066	452568 30 0.3403757193423257
452336 25 0.3465463750004197	453144 43 0.3531223244104771	453544 30 0.3426915733502612
453357 26 0.3455664551084286	454147 44 0.3536575830441978	454534 30 0.3409887395208969
454358 25 0.3486590633169895	455101 45 0.3543077559608642	455521 30 0.3403547613875028
455317 26 0.3475222813924414	456059 45 0.3515997341619235	456528 30 0.3421466665248646
456332 27 0.3518026939125238	457107 45 0.3481940665031949	457604 31 0.3392649477367096
457330 28 0.3506357020144724	458141 45 0.3512591673960507	458634 31 0.3391041522842007
458309 28 0.3481699501973042	459133 45 0.3502374670984321	459601 31 0.3411475528794379
459303 27 0.3502951352485994	460119 45 0.3513613374258125	460588 31 0.339258147691378
460310 26 0.3499883754068096	461127 45 0.3486296334721797	461623 32 0.3395468890798355
461286 27 0.3489926548522086	462159 45 0.3471992530555137	462669 33 0.3421955360470315
462279 26 0.350883579477104	463155 45 0.3495832204166238	463640 32 0.3442544169498084
463329 25 0.3515188158389687	464171 45 0.3473964232883874	464652 32 0.3435447043887586
464313 24 0.3519910838505511	465197 45 0.3480775568201332	465681 32 0.3444610616743246
465261 23 0.3545194229413619	466171 44 0.3486750423742961	466692 33 0.3438448522417586
466223 24 0.3560364930802501	467112 44 0.3494015848081582	467707 33 0.3441490739377557
467212 25 0.3548685494066979	468045 45 0.3478959212116677	468734 34 0.3417651065766457
468247 26 0.3536969997320952	469016 46 0.3473029343722655	469747 33 0.3413061609884106
469232 25 0.3525183418718862	470044 47 0.3446610740616358	470743 34 0.3417651065766457
470215 24 0.3511484338873656	471024 46 0.3454131431123651	471772 34 0.3410306884349871
471160 22 0.3481881687863622	472047 45 0.3473856081886187	472735 33 0.3419090853142384
472176 23 0.3473329450802716	473072 45 0.3462812340746469	473676 33 0.3424980654858068
473145 21 0.345798983063517	474108 45 0.3478705456487203	474677 34 0.344659924086565
474151 22 0.345275722781874	475060 44 0.3467637036596334	475668 33 0.3434579237364255
475175 21 0.3454747042734032	476105 45 0.3459308087971303	476711 33 0.3460609178057076
476208 22 0.3481340509954499	477153 44 0.3460825701278877	477702 32 0.3458388090453557
477228 20 0.3475691898835213	478095 45 0.3494216181473272	478733 33 0.3456792427984082
478222 19 0.3473103175137402	479086 45 0.3473328086499736	479762 33 0.3470569901694394
479230 20 0.3477602784528935	480092 45 0.3458271450534831	480781 32 0.3471591601992012
480181 21 0.347412487543502	481080 45 0.3462812340746469	481785 32 0.3446575425007897
481184 22 0.346769963719973	482087 45 0.3478705456487203	482739 31 0.3434786575419989
482229 23 0.3483823288108628	483148 45 0.3475882337243782	483779 32 0.3423881889551175
483226 22 0.3495990882449783	484123 45 0.3484907356539414	484750 31 0.3396730535862838
484242 23 0.3488251380418252	485084 45 0.3483344756084232	485748 31 0.3400661428241663
485266 21 0.3475045184983783	486120 45 0.3456027716547904	486717 31 0.3389957901314229
486289 21 0.348036614977091	487128 45 0.3439199711645951	487709 30 0.3382682156770582
487338 22 0.3455928447436961	488100 46 0.3450850679952127	488716 29 0.3402866480343282
488377 23 0.345537208751185	489038 46 0.3441233370628892	489778 29 0.337243219572028
489431 24 0.3455672685834132	490070 46 0.3432988069981443	490779 30 0.3369026528061551
490393 23 0.3479431272120024	491044 46 0.3446610740616358	491715 29 0.3347230255045687
491359 24 0.3511447988180415	492050 47 0.3469330128813403	492724 28 0.3366301993934568
492366 25 0.3500176193398996	493051 46 0.3441360177403419	493755 29 0.3339554920297567
493364 24 0.3529805502029935	494047 46 0.3448896122861031	494775 29 0.336009319981827
494379 25 0.354531677018469	495050 46 0.3463199927027691	495818 30 0.3399739458220267
495338 24 0.3511074329906927	496049 45 0.3483633932980063	496820 30 0.3389041374917464
496408 25 0.3509557259768039	497078 46 0.3506503296163587	497837 30 0.3414429079282532
497430 24 0.3514788672570131	498121 47 0.3489764134765775	498825 29 0.3447301175814608
498428 25 0.3524882764232318	499075 48 0.3481547055776416	499823 28 0.3475583187349786
499463 26 0.3511074329906927	500076 47 0.3494117976104959	500828 28 0.3449906466405529
500492 27 0.3542220232359599	501050 47 0.3488158057702184	501848 28 0.3448171902753258
501538 26 0.3523250862662333	502058 47 0.3471810852940286	502855 27 0.3425352997514907
502543 27 0.3532788154691425	503030 47 0.3457507048773626	503857 26 0.3451980827615845
503507 26 0.3504366329728606	504056 47 0.3472832553237905	504892 25 0.3449899586268845
504497 25 0.3489012761548904	505040 46 0.349962380548657	505859 26 0.3423362507899159
505468 24 0.3515534100743032	506018 45 0.3508593716274174	506901 25 0.3443884381053428
506464 23 0.3495174400266851	507034 46 0.3485615201190052	507887 26 0.3453315460723753
507494 24 0.3505591172926048	507986 45 0.3457777569892618	508920 27 0.3460603113196278
508500 25 0.3518888789152955	508987 46 0.3478803865872594	509900 26 0.345486824150042
509453 24 0.352409749750399	509946 46 0.3486456876492438	510906 27 0.3464366270193097
510410 25 0.3501425481375882	510946 46 0.3486456876492438	511904 27 0.3474961680686919
511448 24 0.3497760334276488	511923 47 0.3483051208833709	512915 27 0.3492841435895244
512424 23 0.3504813651243381	512889 46 0.3468972796558013	513918 26 0.3469620974585731
513399 24 0.3514454310461936	513881 46 0.3482370075301963	514920 26 0.3484770226136715
514366 25 0.351724433819774	514839 46 0.3502804081254335	515902 26 0.348152968175841
515325 26 0.3521903910767183	515836 45 0.3493268211809895	516893 26 0.3464785149102994
516281 25 0.352620386388455	516797 45 0.3485346332690678	517905 25 0.3465352760379449
517295 26 0.3503564906435181	517825 45 0.3511157708630516	518919 25 0.3464566837073588
518273 26 0.3491637958894958	518841 45 0.3483643498861314	519911 24 0.3452388995142377
519322 27 0.3502374577330006	519870 44 0.3492838801539881	520917 25 0.3453263116508117
520357 28 0.3501216451164187	520870 44 0.3513726896513417	521947 24 0.3472756850908395
521437 28 0.3471955362156179	521864 43 0.3485862342942	522993 24 0.346781553674173
522458 29 0.3498939602238839	522857 44 0.3512232710307412	523986 23 0.3456474174586347
523445 30 0.3500664749063209	523857 44 0.3506296348894372	525032 22 0.3459610973745703
524453 31 0.3555917028711165	524898 43 0.3530755234807059	526086 21 0.3458339888173303
525499 30 0.3527943048407154	525857 43 0.3503200287386437	527071 20 0.3462095899634245
526458 28 0.3524325406810196	526875 43 0.3516822958021352	528032 20 0.3472994036142177
527459 29 0.3549264018009319	527910 43 0.3523634293338809	529069 20 0.3452962518185836
528506 30 0.3529238300719942	528902 43 0.3503200287386437	530033 21 0.344942323103045
529559 31 0.3523823289142564	529886 43 0.3513417290362623	530975 22 0.3453510032220924
530591 30 0.3515113411812773	530857 42 0.3510630835005481	531960 23 0.3436316570646858
531602 31 0.3574094482141407	531863 41 0.3547632370096827	532950 23 0.3432607789856355
532639 32 0.3541292855385195	532895 41 0.3540821034779369	533995 22 0.3435131990591648
533636 31 0.3558179290859725	533894 40 0.3510789238152398	534973 22 0.3448804018728863
534623 29 0.3544221729571702	534841 40 0.3502511426871914	536040 22 0.3457049319376311
535672 28 0.3512483627341326	535803 39 0.3513515552121628	537012 22 0.3480888992987412
536720 28 0.3507864661004886	536798 39 0.3546962793443668	538017 22 0.3481972614515189
537694 27 0.357070055816426	537819 38 0.3558405836776997	539019 23 0.3479354069129988
538664 28 0.3556565708524705	538780 37 0.3534723347827068	539994 23 0.3474245567641895
539655 27 0.3499586268849822	539778 36 0.3551820626761576	540997 23 0.3456133607820475
