0 10 0	0 10 0	0 10 0
117 11 0.2992527736794761	111 10 0.2992527736794761	100 9 0.2992527736794761
213 12 0.3046399207032832	213 11 0.2975809004651911	206 8 0.2914506986794796
331 13 0.3094821609016937	311 12 0.3035624912985218	294 8 0.2841398654387423
430 14 0.3141539589447829	413 13 0.3076575486530173	379 8 0.2835547098137425
526 15 0.31831993085096	500 14 0.3118050802807627	490 7 0.2835547098137425
637 16 0.3217836298164143	595 15 0.3169865603615426	587 7 0.2761984676708886
737 17 0.3255206327609153	706 14 0.3208917259435515	680 8 0.2766071477899361
832 18 0.3279571351023636	811 15 0.3169039987213311	798 7 0.2844742400815992
946 19 0.3311186675373511	897 14 0.3208545732054563	901 6 0.2763006377006505
1047 20 0.3337664017904106	1008 15 0.3164953186022836	1003 7 0.2676260630814178
1142 21 0.3361407407404573	1124 14 0.3198896340354832	1095 6 0.2766267561794863
1243 22 0.3393693885307708	1229 15 0.3165407275044	1209 6 0.267285496315545
1342 23 0.3402398241090017	1317 14 0.320343723056647	1307 6 0.2671977745728201
1438 22 0.3426449446853833	1420 15 0.316404500798051	1409 5 0.2670780601945133
1534 21 0.3398360092294667	1520 15 0.3207978120778108	1522 6 0.2566030520926662
1622 20 0.3360352251497254	1615 15 0.3207152504375992	1621 6 0.2665930105582701
1712 21 0.3317928383628139	1717 15 0.319677332674939	1713 7 0.2670842523175291
1796 20 0.3360352251497254	1812 16 0.3198070723952716	1816 6 0.2757019637411545
1887 19 0.3336421907513421	1906 17 0.3239310263238411	1912 7 0.2677129909622175
1986 18 0.331491091445079	2012 18 0.3269146583040763	1998 6 0.2762014616644347
2087 19 0.3295061525132952	2114 18 0.3306756358787156	2097 7 0.2665668131147415
2202 18 0.3304322384093651	2208 17 0.3294836521981606	2185 8 0.2762796003596351
2286 17 0.3249017646885327	2297 18 0.3267137091690613	2279 7 0.2844794001841124
2373 18 0.3169185677554341	2392 17 0.329892332317208	2377 8 0.2759652310372908
2463 17 0.310827951327574	2477 18 0.3268272314243523	2465 9 0.2840816753596315
2575 16 0.3159869403449936	2566 19 0.3300884162127106	2586 10 0.2904647221684911
2679 15 0.3170035620154019	2671 20 0.3330190828558797	2688 9 0.296197890923685
2769 14 0.3160412688528829	2767 21 0.3350170745490004	2793 9 0.2899995757847989
2880 13 0.3119120888656026	2862 22 0.3371091275393623	2898 9 0.2894530018493596
2980 14 0.307629437935538	2956 21 0.3404528739679323	3017 10 0.2900663168909315
3067 15 0.3119725227720957	3057 20 0.3382250365657224	3134 11 0.2968175001562346
3177 14 0.3160877045263928	3147 20 0.3349750565713928	3240 12 0.3010281438070264
3275 13 0.3119725227720957	3246 21 0.3351453399543293	3325 13 0.3070871361780554
3361 14 0.3074851024966681	3345 21 0.3371644143520041	3430 14 0.3113368378355627
3469 14 0.3131448657082237	3459 22 0.3368949549328519	3531 14 0.3156669010016605
3559 13 0.3131448657082237	3559 21 0.3400617835609684	3644 13 0.3154607917641322
3662 14 0.3099147282593568	3677 22 0.3367976501426025	3742 14 0.3111616892131137
3744 15 0.3129002161420085	3755 21 0.3388227692317928	3854 15 0.3152113376654929
3838 14 0.3148744558444631	3863 20 0.3374982446323982	3954 16 0.3187332267100579
3932 15 0.310807962597055	3959 19 0.3343844913444178	4070 16 0.3220026676624373
4032 16 0.3148744558444631	4039 19 0.3322162162683606	4171 15 0.322505658578188
4128 17 0.3198312127146813	4138 18 0.3321596025722154	4273 15 0.3180411378837456
4211 16 0.3224240037874148	4227 17 0.3291040614482262	4365 14 0.3179438330934961
4305 15 0.3178276186245461	4342 16 0.3247186094015249	4455 13 0.314152484629779
4430 16 0.3139112404889559	4439 15 0.3208722082810784	4542 14 0.3094246966392003
4540 15 0.3197710606625271	4531 16 0.3175346539755244	4637 14 0.3124186901853354
4660 16 0.3166167637119427	4623 15 0.319509941217587	4740 15 0.3139962526029171
4753 15 0.3218578668259637	4725 16 0.3180017169687214	4855 14 0.3173338069084711
4847 14 0.3164464803290063	4821 17 0.3221147156027244	4965 15 0.3137237991902188
4955 15 0.3137410255726606	4914 16 0.324988068820677	5068 14 0.318141436667541
5051 14 0.3167451765487719	5000 17 0.3214335820709787	5162 14 0.313736773162252
5149 13 0.3145672394603308	5091 17 0.3240539428342828	5258 13 0.3139603246803634
5260 14 0.3100199943506265	5213 16 0.3255443278716028	5355 13 0.3104227341810082
5361 13 0.3141719149007293	5314 17 0.3217660401043309	5461 13 0.3099414570566865
5446 14 0.3114360285482173	5404 17 0.3251583522036136	5539 12 0.3102396089139892
5538 13 0.314856144493983	5512 16 0.325161300833621	5629 11 0.3052096997564823
5635 12 0.3106132055850558	5592 15 0.3203324161946565	5724 11 0.2999003512013361
5738 11 0.306072534852891	5708 14 0.3169639012740231	5807 12 0.2997606315025165
5835 12 0.2994743247778918	5815 13 0.3138926082581515	5902 11 0.3048953304341381
5960 11 0.302785046550377	5905 13 0.3097049639214186	5990 12 0.3008390929277805
6066 10 0.2957327381436667	5995 12 0.3100310824002545	6093 12 0.3043015217141547
6172 11 0.2900639969541379	6089 11 0.3043052965609641	6209 13 0.3038760266445115
6268 12 0.2940468216909931	6191 10 0.2991451940477389	6306 12 0.3082102065517353
6371 13 0.2983394599377643	6289 9 0.2939272983863655	6393 12 0.304678791164069
6463 14 0.3024730838606407	6382 10 0.2869918994613403	6493 13 0.3048327096504634
6568 15 0.3021457405662633	6478 9 0.2937456627778999	6580 13 0.309351768659161
6655 14 0.3064206643512198	6574 8 0.2881263111409977	6682 12 0.3100872668105602
6753 15 0.3088186868486991	6668 8 0.2806906034194402	6789 11 0.3057833026013613
6839 14 0.3114334149492226	6761 9 0.282026673039403	6893 11 0.3003342343473955
6940 15 0.3088186868486991	6861 8 0.2876062918869534	6991 10 0.3001920160726221
7055 16 0.3117987237450947	6967 9 0.2817793566975192	7099 11 0.2942475779773867
7158 17 0.3151330345576404	7063 9 0.2890447810361402	7205 12 0.3001920160726221
7260 18 0.3182864005665196	7159 8 0.28921248436782	7294 11 0.3054999923807262
7361 19 0.3200919537799383	7254 9 0.2810713169169544	7377 10 0.2990369845755707
7453 20 0.321356705175926	7375 10 0.2883367412555755	7476 11 0.294542138355589
7559 21 0.3297627370975152	7486 11 0.2948756231603344	7567 12 0.2995883783869838
7676 20 0.3297803060179769	7591 10 0.2996848387026604	7677 13 0.3045833576197858
7778 21 0.3263328545375528	7696 9 0.2949371474595307	7773 13 0.3096862453699797
7883 20 0.3249324884507112	7790 8 0.2886820711929992	7874 14 0.3097168090540965
7980 21 0.3273355231629609	7882 9 0.280618747574333	7978 14 0.3132173849950826
8090 20 0.3270731938361978	8000 8 0.2875436051470813	8068 14 0.3138012137365789
8180 21 0.3244189441631861	8092 9 0.2799230183240499	8154 14 0.312994608238459
8284 22 0.3244268851288271	8180 8 0.2862235034926979	8241 14 0.3126803374027446
8377 23 0.3249577782021351	8292 9 0.279230532566775	8337 15 0.3132982228208283
8486 22 0.3281067269926048	8383 10 0.2862405318309914	8450 14 0.317657477424001
8593 23 0.3249577782021351	8465 9 0.2927794137357504	8561 14 0.3127370985303901
8698 24 0.3236988199943076	8571 10 0.2856931923858387	8690 13 0.3132560574117202
8793 25 0.3233270346082296	8664 9 0.2922320742905977	8787 13 0.3085740752542204
8881 26 0.3209806327934159	8762 9 0.2866321836117453	8885 14 0.3088854505830184
8964 27 0.3276486958799386	8868 10 0.2872452037903164	8985 15 0.3128467798071186
9080 26 0.3283036350257471	8971 11 0.292421818631584	9082 14 0.3166805885429446
9177 26 0.3198146520935733	9063 10 0.2983662567268194	9189 13 0.312540269717833
9278 25 0.3284920279113133	9166 10 0.292421818631584	9279 13 0.3076652997263386
9378 26 0.3307472195272855	9282 11 0.292546693112404	9392 14 0.3076944911634135
9468 27 0.3342132073501054	9376 12 0.2991641560068644	9489 13 0.3117521009168129
9570 28 0.3312765155137839	9478 13 0.3025017103124184	9590 14 0.3085507733176081
9663 27 0.3364501363615052	9568 14 0.308931039271512	9682 13 0.3118494057070623
9768 26 0.3312765155137839	9689 13 0.3128786197620911	9776 12 0.3083464332580843
9869 25 0.3263993831936173	9797 12 0.3079470360744516	9869 12 0.3032094888313031
9973 24 0.3265635538397305	9892 12 0.3029171269169447	9954 12 0.3030392054483667
10067 25 0.3300926511505754	9995 11 0.3043702117846689	10052 11 0.301616786332721
10166 24 0.3281674890247872	10106 11 0.2987476166547583	10148 10 0.2977700036248619
10263 23 0.3296781714999327	10214 11 0.2993606368333295	10247 9 0.293133651516729
10355 24 0.3310272019603781	10296 12 0.2985327352429576	10336 8 0.2872449425286364
10459 25 0.3318441373750644	10419 12 0.3029291425842255	10444 9 0.2794686680412061
10561 24 0.335121612210126	10500 11 0.3029461709225191	10535 9 0.286130802680281
10660 23 0.3292820273979593	10600 10 0.2981240551239102	10638 8 0.2852226246379533
10749 24 0.3286917116704464	10702 10 0.2912260300842308	10729 7 0.2793194673628237
10843 23 0.3349320447869401	10803 9 0.2923529964731191	10832 6 0.2719632252199699
10937 22 0.3291427325225483	10907 10 0.2861856419493124	10942 7 0.2628165749365273
11042 21 0.3249508119975608	11009 10 0.2930650906199442	11041 8 0.2707955677369772
11152 20 0.32166674130399	11101 11 0.2919381242310559	11142 7 0.2780278937037635
11247 21 0.3197551784927445	11196 10 0.2963067860980411	11227 6 0.2713089979370431
11343 20 0.3232705011651004	11318 10 0.2911797082409004	11330 6 0.2628501156028632
11444 21 0.3242321968420651	11410 9 0.2922014085385191	11423 5 0.2604718243545178
11535 22 0.3234723492726787	11512 8 0.2859745654043098	11525 6 0.2512765216759504
11653 23 0.3176190238446768	11615 7 0.2806557982444665	11631 5 0.2627365933475723
11743 22 0.3298892284058422	11706 8 0.2731827903533133	11742 4 0.2510365769090855
11844 23 0.3278360268208626	11815 9 0.2806333432928704	11832 5 0.2379588130995675
11921 24 0.3278912367127215	11937 10 0.2876068532607433	11937 6 0.2501925636197483
12019 23 0.3271558340052757	12036 10 0.2938538207947541	12023 6 0.2597284330641885
12114 24 0.3251667025857386	12132 10 0.2928515814551854	12112 5 0.2600811629288426
12217 23 0.3247841178422581	12233 9 0.2914212010385194	12216 4 0.2509326413994337
12307 24 0.3214473966961131	12313 8 0.2873733217641448	12301 5 0.2387324919481265
12423 25 0.3226578607438085	12411 8 0.2795210746904812	12399 4 0.2507885554600259
12506 26 0.3227687957476998	12515 7 0.2801957212362102	12500 4 0.2370296581187622
12605 25 0.3273748227259057	12622 8 0.2728473383264151	12606 3 0.2358168287581422
12711 24 0.3295580677696935	12737 9 0.2783907173770842	12709 2 0.2220968533329784
12824 23 0.331469679706332	12834 10 0.2859705110380494	12804 1 0.2015155927980292
12935 24 0.3275782396374193	12940 11 0.2879865914421781	12901 1 0.1681283731676587
13057 25 0.3205009378932804	13038 10 0.2942148351756409	12997 0 0.1685517238550822
13158 24 0.3213277042610994	13129 9 0.291903109249716	13098 1 0.1037080611323513
13274 23 0.3235887432371944	13244 10 0.2812774261544826	13199 2 0.1697226248310832
13388 22 0.3242860942339816	13346 10 0.2923571982708799	13309 3 0.2011034196865112
13494 21 0.3200646175729448	13437 9 0.2879685027311702	13404 3 0.2220969281828171
13599 22 0.3194358222238331	13533 8 0.2849325932753893	13504 2 0.222169906775504
13707 21 0.3246469216526281	13638 8 0.2774401244261863	13627 3 0.2005439171425772
13796 22 0.3241721922214113	13731 9 0.278121257957932	13710 4 0.2212455112681348
13879 23 0.3275050627416072	13826 10 0.2852539485826744	13815 5 0.2386549599902547
13983 24 0.3297606179406318	13925 9 0.2919225702077659	13918 6 0.2503480017846852
14087 23 0.3349952929006023	14035 9 0.2850236605790842	14017 5 0.2613174951387998
14184 24 0.334246046015682	14127 8 0.2872679082413747	14105 6 0.2503401425516266
14280 23 0.3353488336385083	14217 7 0.28069172616702	14209 7 0.2609463646888101
14378 22 0.3288699563544031	14317 7 0.2733898125320554	14309 6 0.2703784423569843
14486 23 0.33082246863469	14427 7 0.2737609429820451	14393 6 0.2606625590505827
14594 22 0.3319806135808757	14519 7 0.2741988145381674	14497 5 0.2608668991101064
14687 21 0.3298737035675526	14613 6 0.2748337282945447	14594 5 0.2499687626021748
14795 20 0.3246319693666566	14715 7 0.2656546430810189	14702 5 0.2504387447390793
14904 19 0.3286715270840058	14827 8 0.2736406218664098	14822 5 0.2487097134661863
15006 20 0.323112798328888	14918 9 0.2818142242473585	14936 5 0.2491363575465106
15117 19 0.3222267718694921	15008 10 0.2885766576702289	15031 4 0.2480046279860715
15217 18 0.3226656300825783	15103 10 0.2939235558944329	15146 5 0.2349268641765536
15315 19 0.3178828702259068	15204 10 0.2950358244968221	15247 5 0.2480046279860715
15402 20 0.3158850492429444	15304 10 0.294619285144716	15347 5 0.2443893807791135
15494 21 0.31983911671954	15419 10 0.2953576788030315	15445 4 0.2475779839057473
15589 22 0.3280531153315923	15512 9 0.2955960755391425	15519 4 0.2353254395673828
15686 21 0.3282099824479943	15607 9 0.2892274770173199	15626 4 0.2354258631009095
15782 20 0.3249749662911875	15692 8 0.2900526964884735	15742 5 0.2349484874632757
15886 19 0.320491598837132	15782 7 0.2835108205901683	15828 4 0.2473451177410479
15984 18 0.3215498376744089	15888 7 0.2752642396165326	15932 4 0.2371343522514165
16092 19 0.3180792036208714	15988 6 0.2754083255559404	16025 3 0.2364567117121412
16179 18 0.3143752311400206	16080 7 0.266521154713163	16137 2 0.2204500737161166
16292 16 0.3134103428669053	16171 6 0.2746398672124324	16248 2 0.199913897733983
16390 17 0.3078758789595784	16293 7 0.2668230490623982	16351 3 0.1990624808193009
16481 18 0.315511044612709	16374 7 0.2761643089263396	16451 4 0.2205211810628374
16579 19 0.3156986908900362	16469 6 0.2763312013847672	16569 4 0.2361161449462683
16674 18 0.311519371359521	16547 6 0.2667204821016738	16676 5 0.2336979531416913
16776 17 0.3079008346991274	16637 5 0.2657821373061919	16765 4 0.2463098787735537
16882 16 0.3064080794169168	16729 4 0.2560047750641328	16882 5 0.2333311889322898
16968 17 0.3036061227382434	16835 4 0.2430899117216477	16982 6 0.2460374253608555
17057 18 0.3075566972223686	16932 5 0.2430820524885892	17083 6 0.2565268817497397
17132 19 0.3089964265306469	17056 6 0.2558192495322342	17189 6 0.2573442419878345
17236 18 0.3136925587064063	17177 7 0.2658690651869916	17293 6 0.256935561868787
17324 17 0.3157657080571765	17281 8 0.2750662391115252	17376 7 0.2562500339271591
17431 16 0.3117268312332104	17369 8 0.2823774692832252	17483 7 0.2651372047699367
17534 17 0.3006954693506952	17463 8 0.2834982435490977	17606 7 0.2668444330091832
17635 16 0.306634547210159	17580 9 0.2825738480417285	17715 7 0.2679979656032688
17725 15 0.3020168111641701	17677 8 0.2897110069750209	17808 7 0.2673552831579925
17826 16 0.2941857788830111	17765 8 0.2831886373983042	17913 6 0.2674946059258496
17919 15 0.3029470772471199	17861 8 0.2827861494022726	18021 6 0.258739267379539
18017 16 0.3031977016688769	17951 7 0.2825136959895744	18108 7 0.2585770927291233
18119 17 0.302882636672793	18059 8 0.2757333212871965	18208 8 0.2684437984604114
18218 18 0.3051619543530693	18153 9 0.2829515675456966	18297 7 0.2749713281396413
18333 19 0.3102202933177138	18248 10 0.2899380514856028	18396 8 0.267217352666643
18419 18 0.308410419605287	18351 10 0.2958931046488654	18490 8 0.2749597179089865
18531 17 0.3183467917940573	18463 11 0.2952831805318021	18588 7 0.2739888814789982
18627 18 0.312039717571431	18545 10 0.3018533632781798	18689 7 0.2658152790980495
18719 17 0.3117038686135701	18647 11 0.2959089251829444	18793 8 0.2660847385172017
18804 16 0.316210702148621	18743 10 0.3011303138367882	18880 8 0.2735772073664047
18898 17 0.3104017969644388	18848 11 0.2960110952127062	18988 7 0.2732444998335904
18978 18 0.3108607078629091	18949 10 0.3014446831591324	19081 7 0.265581747601451
19087 16 0.3144351392260318	19029 9 0.296041658896823	19173 8 0.2617868607817248
19185 17 0.310147520988493	19132 9 0.2896992578185291	19280 7 0.2693766344211772
19286 16 0.3074678233825075	19231 8 0.2896244079798758	19381 6 0.2649979188599547
19387 15 0.3071161016891427	19332 9 0.2824562884315041	19476 7 0.2577000595912505
19503 16 0.3099668086453199	19428 9 0.2897217127701252	19571 7 0.2666780482382608
19596 17 0.3109282548228225	19535 9 0.2895256288746227	19668 6 0.2651341455663038
19703 16 0.3090190776000177	19640 10 0.2891541014936705	19762 5 0.2567883885564524
19785 17 0.3062851128488401	19736 9 0.2958632667813659	19855 4 0.2481765743928421
19882 16 0.3107269444357742	19841 8 0.2904190637669125	19964 5 0.2355370223659858
19983 15 0.3151702234309073	19944 8 0.2831310824087336	20067 4 0.24749356961513
20108 14 0.3099456442081835	20038 7 0.282153271334689	20169 5 0.2352207817976752
20201 13 0.3001811085066573	20152 7 0.2754458752249982	20268 6 0.2473030427531032
20297 14 0.2979479635704339	20265 7 0.2750323298664382	20374 7 0.2580941439917605
20399 15 0.30284185393781	20365 7 0.2746880206086327	20466 6 0.2679926949271302
20492 14 0.3079654917266085	20479 7 0.2754488692185443	20561 7 0.2586514350631889
20582 13 0.3097684580067935	20579 8 0.2756010638904728	20659 8 0.2675244156240551
20692 12 0.3051289656077026	20686 7 0.2825620988852368	20741 7 0.2758257305422061
20799 13 0.3009048149632993	20783 7 0.2761948726104563	20844 6 0.2676521281612574
20901 12 0.3053088737035876	20876 6 0.2755661339657678	20931 6 0.2599486848350137
21000 11 0.2952704383220203	20962 7 0.2665392434241707	21044 6 0.259693259760609
21100 12 0.2958395392570287	21075 6 0.2758805032881121	21146 7 0.2579780416852129
21191 13 0.2996588843622678	21163 5 0.2658156949838548	21244 8 0.2684896127991538
21293 14 0.3043825329299513	21249 4 0.2556149094727105	21344 8 0.2756415148824839
21375 13 0.3073805447305825	21354 5 0.2437080466391935	21435 9 0.2751959400304669
21481 12 0.3044539973977557	21447 6 0.2562473906093314	21525 8 0.2809806205685756
21565 13 0.2977170563112383	21545 7 0.2666914380960993	21617 7 0.2745148064987212
21663 12 0.3035370055157316	21643 6 0.2760326979600407	21720 7 0.2670223376495182
21742 13 0.2982813492448462	21738 7 0.2668049603513902	21813 7 0.2670223376495182
21840 12 0.3045651937543887	21845 8 0.2756240178409932	21914 6 0.2685711055609876
21936 13 0.3000616679773591	21934 7 0.283029161878434	22005 7 0.2587757566758825
22039 12 0.3039833952536141	22036 8 0.2754799319015855	22107 6 0.2675068344176349
22147 11 0.3005077623534614	22130 8 0.282802117367852	22213 5 0.2583188295983364
22244 12 0.2959839004801168	22234 9 0.2832933591271111	22325 4 0.2482599469063058
22341 13 0.3012941619764769	22344 10 0.2896815660384838	22427 5 0.2351821830967878
22453 12 0.30626828864647	22444 9 0.2965610147091157	22534 4 0.2482429185680121
22538 11 0.2998082128928302	22556 9 0.2892047725662619	22628 5 0.2370042152942077
22633 12 0.2916147679664189	22645 10 0.2896506054234045	22735 5 0.2478342384489647
22733 11 0.2995804467512136	22734 10 0.2961894873281634	22847 6 0.2485494286572977
22843 12 0.2957981284668947	22828 11 0.2960501645603064	22962 5 0.2580852981017378
22945 11 0.3003866390531549	22927 10 0.30195877680095	23071 4 0.2481348512782351
23042 10 0.2965589770768063	23004 10 0.2961588215760849	23168 3 0.2356409162102135
23126 9 0.2903878346975283	23114 11 0.2956966238224003	23283 4 0.2202700028438183
23239 8 0.2831153336468891	23209 11 0.3012323817985883	23382 3 0.2353125125431219
23338 9 0.2728922491213126	23286 11 0.3018162105400846	23481 4 0.2191858653057897
23439 10 0.2791105695807116	23396 10 0.3012276186270376	23585 5 0.2350789810465233
23541 11 0.2893221544492585	23512 10 0.2962494919488173	23686 6 0.2479013197816365
23642 10 0.2933713606071365	23608 11 0.2959575775780691	23796 5 0.2564836022816326
23750 11 0.2827578556206787	23712 10 0.3011218081733048	23900 6 0.2465514369641769
23842 10 0.2940445762000679	23797 9 0.2952746748683188	24000 5 0.2572744248496596
23949 11 0.2889710159775644	23892 8 0.289050162285904	24120 5 0.2465060280620605
24041 10 0.2915679197887587	23985 7 0.2829523954302756	24203 6 0.2482968416392753
24145 10 0.279869525096776	24082 6 0.2751503204302791	24313 7 0.2555055048502509
24254 9 0.2758815762675395	24182 7 0.2658090605663378	24386 6 0.2612943289968375
24360 10 0.2692453895725311	24280 8 0.2755590005493266	24492 6 0.2522559302925473
24463 9 0.2797304928523778	24379 8 0.2829152426921804	24617 6 0.2557589027415254
24572 8 0.2793669590044339	24474 7 0.2829724007507884	24711 5 0.256853581631831
24690 7 0.2720193377245759	24581 8 0.2752074784888872	24815 4 0.2454954588427205
24790 8 0.2587902751730163	24665 8 0.2832399889239743	24908 4 0.2295739625381641
24883 9 0.2716367529810953	24758 9 0.2834832508995977	24998 3 0.2336607637286384
24982 8 0.2767592264390702	24850 8 0.2904762218255205	25115 4 0.2173135589667411
25073 9 0.2732599738002556	24952 7 0.2826641214834983	25219 3 0.2332066747074747
25171 10 0.2754845336868032	25039 8 0.2751503204302791	25324 3 0.217779000213434
25263 9 0.2750928819060495	25132 7 0.2824676406570332	25421 4 0.218090375542232
25363 8 0.2740081676506811	25237 8 0.274107934359069	25522 5 0.2340743090871983
25471 7 0.2693971607519514	25312 8 0.2827758178563616	25654 5 0.2463493083771589
25562 6 0.2554778425947269	25418 9 0.282109382111115	25757 4 0.2457883748804271
25665 7 0.2478202051015621	25522 10 0.2883937972462218	25859 5 0.2331012611847045
25759 6 0.2560563106791184	25624 10 0.2941642208074728	25961 6 0.2465877051132699
25862 4 0.2485541113508905	25746 11 0.2945010450814131	26058 7 0.257077161502154
25946 3 0.227427619641244	25830 10 0.3004454831766484	26145 8 0.2661129432973124
26048 2 0.2110933888513797	25940 10 0.2944748476378843	26253 9 0.2733883476144207
26165 1 0.1896458057174712	26043 11 0.2924089920910511	26348 10 0.2830036826375644
26269 2 0.1573737874422589	26162 10 0.2980390608639423	26432 9 0.2865796336792295
26353 3 0.1936191806545619	26255 9 0.2930105126125927	26520 8 0.282906377847315
26461 4 0.2147526016447261	26350 8 0.2867635450785819	26608 7 0.2763220870404396
26567 5 0.2277174406845074	26445 8 0.279869648120913	26714 6 0.2686933914848875
26650 4 0.2370710770349278	26548 7 0.2783529182085642	26794 7 0.2593664778400215
26745 3 0.2284268733047729	26640 7 0.2721855636847574	26887 8 0.2663953766884978
26844 4 0.2116988529773995	26739 7 0.2721443112168632	26992 9 0.2745531018309444
26946 5 0.230224218485432	26850 8 0.2729002945872624	27085 9 0.2818185261695655
27037 6 0.2377181538900863	26950 7 0.2800259992270638	27180 8 0.2813452256898138
27142 5 0.2410443559701111	27028 6 0.2721443112168632	27281 7 0.2734667811726216
27248 5 0.2345262042163184	27122 7 0.2628030513529219	27392 6 0.2663953766884978
27347 3 0.2337221705038446	27238 6 0.2723427953772453	27487 6 0.2578343243245562
27449 2 0.2029414218549545	27326 6 0.2646751779055934	27593 6 0.2562553329555093
27559 3 0.1861968891995387	27424 5 0.2648679162401259	27686 7 0.2578590928166197
27644 4 0.2052905953819753	27533 6 0.2539697797321944	27791 7 0.2622280778988172
27747 5 0.2265179302378803	27623 5 0.2645535469177817	27879 8 0.2652250654384984
27854 6 0.2333257271993285	27737 6 0.2538662374553904	27999 8 0.2722634452665376
27951 7 0.2388965738726065	27858 6 0.2634021068998305	28098 9 0.2729445787982833
28056 6 0.2535137020278958	27966 5 0.2644919205506237	28178 10 0.2802100031369044
28134 7 0.2512373790413286	28060 5 0.254047873063856	28283 9 0.282662083851189
28234 6 0.261754257689283	28161 4 0.2546464449553902	28376 8 0.2765318820654774
28337 7 0.2532223967624162	28254 4 0.2412281143799994	28486 7 0.2733532589173307
28431 8 0.260505469211042	28358 5 0.2418266862715335	28590 7 0.2615745140576421
28535 9 0.2674678180549267	28463 4 0.2549044500810514	28691 7 0.2615745140576421
28646 8 0.2708605117416221	28582 5 0.2418473266815863	28803 8 0.2615745140576421
28753 7 0.2618685480820535	28675 6 0.2537382669130625	28895 7 0.2738393405740766
28864 6 0.2574314264262563	28769 6 0.264024475970014	29010 8 0.2658050609609849
28940 7 0.2502387311808602	28866 6 0.2645373294527401	29112 7 0.2731582070423308
29032 6 0.2547409489758607	28975 7 0.2641834071274213	29218 7 0.2622764439366047
29143 7 0.2521305578101479	29077 8 0.273442105351151	29323 7 0.266363245127079
29262 8 0.2585510522201034	29180 8 0.2808774161417461	29424 7 0.2621968309264006
29375 6 0.2566432808456612	29264 9 0.2809475328288375	29532 8 0.266151799820408
29472 5 0.2519343264831449	29360 9 0.2873615402527764	29636 9 0.2739167220823093
29563 4 0.2403291347625024	29466 9 0.2856927630999994	29734 8 0.2770758842724061
29670 5 0.2280324746813154	29574 8 0.2850116295682536	29833 9 0.2740290934207263
29737 5 0.234678598118815	29667 7 0.2792868644085812	29930 10 0.2807085964417168
29838 4 0.2328226890311851	29766 6 0.2700915617300139	30039 9 0.2875393927172238
29946 5 0.2320282827436105	29871 7 0.2618855244189821	30139 10 0.2799220493872007
30026 6 0.2477594623260615	29958 8 0.270829456389405	30222 11 0.2866993280280707
30103 5 0.2565740795257707	30075 8 0.2786285827593941	30329 11 0.2940968509910303
30217 6 0.2442763324225461	30173 9 0.2794003866638721	30436 10 0.2927345839275389
30315 5 0.2535373895502819	30275 8 0.2868360943854297	30527 9 0.2849239864356496
30415 4 0.2479528969575555	30382 9 0.2797017973577329	30622 9 0.2802809261942495
30502 5 0.2368315128633701	30499 9 0.285682798465062	30726 10 0.2795997926625038
30594 4 0.248838370548825	30604 10 0.2862544641077772	30815 9 0.2879096217498017
30689 5 0.2348123564271992	30683 10 0.2910595515680924	30923 10 0.2810593645162446
30788 6 0.2492639975308632	30787 9 0.2915704017169018	31031 9 0.2847764075037713
30883 7 0.2579755489215617	30882 9 0.2844476910706465	31150 9 0.2796970974527532
31019 8 0.2627886262180265	30991 8 0.2858099581341379	31235 10 0.2804625618027151
31118 7 0.2752732445663951	31089 9 0.2790724122826198	31344 9 0.284503954091073
31224 6 0.2656859500634522	31175 10 0.2858269864724315	31461 8 0.2798766404850844
31325 7 0.2591871409916669	31269 11 0.2900500143692551	31570 9 0.2741053155064216
31438 6 0.265879535383001	31375 12 0.296164735847427	31684 10 0.2812795166041839
31540 5 0.2519986016172995	31469 11 0.3008475288781788	31789 11 0.2867662904643714
31640 3 0.2380289592689918	31563 10 0.2948024687839355	31893 10 0.2923020484405593
31734 2 0.2199360103515674	31653 11 0.2895221358821521	31994 9 0.287860969354677
31854 3 0.1979211495437351	31746 10 0.2972375211599264	32098 9 0.280865971245624
31954 2 0.2202360334548364	31845 11 0.2932810947793247	32200 9 0.2798491361875179
32058 3 0.1987386775487097	31936 12 0.2986417041330638	32289 10 0.2768266061403963
32173 4 0.2217572316757352	32036 12 0.3008767203152536	32382 10 0.2824976977282677
32283 5 0.2362182635207162	32147 13 0.3010548629312487	32481 11 0.286584498918742
32377 4 0.2503293293528439	32246 14 0.3057928577180074	32580 10 0.2884847066692371
32467 5 0.2377848706437314	32336 15 0.3100093986288143	32670 11 0.2866270697644761
32563 4 0.2488628532467445	32438 16 0.3136875197002412	32780 12 0.2876738334171589
32671 5 0.2374111317902735	32545 17 0.3175018674780173	32876 13 0.2963967370333864
32762 6 0.2491277946750906	32663 16 0.3219320973399601	32967 14 0.3009725571697295
32865 7 0.2595815726408833	32758 15 0.3180856962195136	33087 13 0.3049620535699545
32965 6 0.2685219459199178	32858 15 0.31348804488023	33166 14 0.3002914236379838
33086 7 0.2607320960195059	32947 14 0.3141953758555044	33264 13 0.3040084666255105
33182 8 0.2712091681623583	33049 13 0.3109713438052412	33350 14 0.2969992782345461
33268 9 0.278221600046331	33136 14 0.3065926282440187	33455 15 0.3016699081665168
33383 8 0.2847280470210068	33233 13 0.3109713438052412	33544 15 0.3039857621744523
33470 7 0.2775033137764901	33329 13 0.3028007354178387	33642 14 0.3081589867592772
33586 8 0.2699701334978034	33423 13 0.302616105815827	33749 15 0.3046511490707867
33692 7 0.276815525491848	33514 12 0.3020322770743307	33832 15 0.30849955352515
33792 8 0.2681151788951783	33616 11 0.2982957107538886	33919 16 0.3108525602711807
33875 7 0.2746919875534095	33729 10 0.2966780186159925	34003 17 0.3110489390296841
33975 6 0.2664856553793769	33820 9 0.2910060339334553	34108 16 0.3173845736025103
34071 7 0.2574914946308635	33929 10 0.2856342481378991	34184 16 0.3139760440381861
34168 8 0.2660960024295417	34033 11 0.2936886521507923	34299 17 0.3137345512405672
34261 9 0.270899210138227	34129 12 0.2987768080918332	34400 18 0.3167635921229188
34378 8 0.2764435559993121	34230 11 0.3022584483367949	34494 19 0.3198513974668327
34463 9 0.2732761958344769	34326 12 0.2988187240014791	34606 18 0.3245168620398191
34571 10 0.2776310560277674	34425 12 0.3021824757505617	34709 19 0.320871005188317
34670 11 0.286768102488109	34516 11 0.3011629585732373	34810 20 0.3215835934434302
34755 10 0.2933547521989904	34601 10 0.2959924167756968	34908 20 0.3233327375923226
34848 11 0.2870016339847075	34700 9 0.289340647705187	35008 21 0.3174944501773592
34963 12 0.2882753154920483	34812 8 0.2851005914700699	35089 21 0.3202968281365417
35051 13 0.2896063639353348	34908 7 0.2787206407227183	35205 22 0.326154576509555
35163 14 0.2897327013902739	35017 7 0.2708024634161743	35303 23 0.3261103470594416
35253 15 0.2928795834036334	35111 6 0.270955718460817	35396 23 0.3281359789538505
35336 16 0.2982669402628113	35198 7 0.2632852390835695	35496 22 0.3275910721284541
35431 16 0.2983814945386049	35285 7 0.2699711709012936	35588 21 0.3242615560447031
35520 17 0.3035471625909694	35404 6 0.2690424715282019	35677 20 0.3212893369970854
35618 16 0.3072471356964115	35503 5 0.2598173139708081	35777 20 0.3215428002813641
35727 17 0.3117100642902763	35603 5 0.2506730963071218	35868 19 0.3200832284276233
35846 18 0.3122536349216223	35713 6 0.2464695293683481	35968 19 0.3182733593289847
35947 19 0.3140266178751351	35815 5 0.2573676658762797	36075 20 0.3154576019611429
36052 18 0.3111050137925744	35899 5 0.2464695293683481	36176 19 0.322132710572251
36144 19 0.3157709321241751	36010 4 0.2505563305588224	36280 18 0.3191551839906197
36237 18 0.3138720376779661	36102 5 0.2384001003510781	36411 17 0.3160882906411014
36340 17 0.3188133285659726	36196 6 0.2460154403471843	36525 16 0.3138604163810164
36430 18 0.3108294705260102	36308 6 0.2566581517807112	36623 17 0.3111378855879504
36518 19 0.3144173340329058	36398 5 0.2571384382454037	36727 17 0.3149842867083968
36620 20 0.3215092709473278	36503 6 0.2502589895747719	36816 18 0.3113851603860434
36724 19 0.3174497150981232	36607 7 0.2577933743336207	36912 18 0.3156017012968503
36821 20 0.3209538375128042	36697 6 0.2697467064419683	36995 17 0.31485245441193
36913 21 0.3228206673386581	36799 6 0.2610117302711193	37106 16 0.3143870131652371
37031 22 0.3261291549568683	36905 7 0.260521151953612	37191 15 0.3108698265851345
37109 21 0.3316436802329759	37003 6 0.2704827298553931	37287 16 0.3078841912709823
37191 22 0.3325952031364147	37099 6 0.2615955590126156	37381 17 0.310949292163838
37296 22 0.3347532733886197	37198 6 0.2611706614285266	37493 18 0.3107088920938102
37396 23 0.3347532733886197	37317 5 0.2625329284920181	37585 18 0.3147048754800517
37500 24 0.3348977113885332	37422 5 0.2526078398865803	37670 18 0.3141940253312425
37601 25 0.3321546008925028	37519 4 0.2519996849475217	37763 17 0.3161011992201305
37703 24 0.3398242529188599	37613 3 0.2404860956412627	37867 16 0.3126728271103437
37793 23 0.3387899029985089	37703 4 0.2237435663197638	37955 15 0.3108698265851345
37916 24 0.3368681333910835	37797 5 0.2401157760645251	38074 14 0.3083098997283233
38010 23 0.335764608610755	37912 4 0.2531813767752619	38167 15 0.3049788324087859
38110 24 0.3306975674245946	38016 4 0.2412646360312196	38246 14 0.3092018603056094
38209 23 0.3364457421425008	38120 4 0.2416903444885607	38349 13 0.3034936941983913
38304 24 0.3339329517003867	38224 4 0.2421590292282619	38446 12 0.2994908422387204
38411 23 0.3347843686150689	38327 3 0.2414097823433416	38529 12 0.2939747907173793
38507 24 0.3332563590588526	38417 4 0.226407816306642	38628 12 0.295132717721347
38606 25 0.333732560241047	38522 5 0.2419571217884944	38726 13 0.2945878108959505
38714 26 0.3374905596993786	38607 6 0.2539450719472192	38817 12 0.298968639864382
38793 25 0.3363354698888997	38719 5 0.2651132292480928	38911 12 0.2959821313021123
38878 24 0.3388528267628701	38805 6 0.2536531575764711	39007 12 0.2947516965350878
38991 23 0.3374315845352014	38909 5 0.264470456258657	39082 11 0.2927082959398506
39103 22 0.3368681013407573	39014 6 0.2536502956708755	39206 12 0.2901653974213332
39181 21 0.3334607414248069	39116 7 0.2634586185280139	39324 12 0.2900291707149841
39288 19 0.3285716180092762	39227 6 0.2730723318046536	39452 13 0.2937072917864111
39378 20 0.3288753346596072	39314 6 0.2630012860138418	39555 14 0.2984732617003664
39487 21 0.3310632181252147	39404 7 0.2636856630385959	39649 15 0.3030161790951348
39565 20 0.3289580437313193	39514 6 0.2727998783919553	39750 16 0.3075031462355097
39653 19 0.3287401322142081	39623 7 0.2634586185280139	39846 17 0.3071029802856091
39769 20 0.3229957664245381	39755 8 0.2727998783919553	39948 18 0.3138360901834542
39859 19 0.3301355791248372	39864 8 0.2815050320388546	40052 18 0.3174688023527647
39968 20 0.3246605629268049	39967 8 0.2814336751926717	40161 19 0.3186084193155565
40083 18 0.3190294090103198	40070 9 0.2803615533219239	40275 18 0.3210282358099162
40169 19 0.3170495734766262	40164 9 0.2868456774329542	40377 19 0.3179953991369853
40256 18 0.3185006496323291	40262 8 0.2871375918037024	40466 18 0.3206116964578101
40386 17 0.3162775145190261	40372 9 0.2804559962065776	40553 17 0.3178513131975775
40479 16 0.3187012146694879	40475 10 0.2863202315656075	40652 17 0.3120686359933858
40571 17 0.3153979928618575	40564 10 0.2931510278411146	40734 18 0.3151337368862415
40669 18 0.3138986257851264	40669 10 0.293886919166589	40836 17 0.3180853155238063
40763 19 0.3228956825206621	40767 11 0.2932367462499226	40926 17 0.3124773161124332
40862 20 0.3257510116671382	40866 12 0.2988668150228138	41017 18 0.3155424170052889
40962 21 0.3304138884366772	40978 11 0.3034644663620975	41121 17 0.3157743267553833
41049 20 0.3322090557461514	41084 10 0.2988327583462265	41205 16 0.3155210848012727
41128 19 0.3297850323804772	41200 11 0.293128720321019	41308 16 0.3118711645072914
41230 20 0.3283395685872341	41288 10 0.298270393896697	41407 16 0.3119684692975408
41324 19 0.3297850323804772	41385 11 0.2926178701722097	41510 15 0.3129220562419848
41413 20 0.3273680326037299	41481 10 0.298270393896697	41619 15 0.3103337488213511
41519 19 0.3301839820204997	41585 9 0.2904414863636318	41719 15 0.3102344168479715
41613 20 0.3279986786061488	41687 9 0.2870209734869036	41810 16 0.3086678097249563
41716 21 0.3305529293501953	41785 10 0.2863933575897949	41906 17 0.3136627889577582
41810 22 0.3325428123107953	41866 9 0.2926178701722097	42015 16 0.3180768013546595
41913 23 0.33470296564567	41959 10 0.2850651472028908	42110 15 0.3141511926606351
42002 24 0.3347480157726646	42057 11 0.2911592889780982	42228 14 0.3105976880649025
42085 23 0.3318925494646843	42164 10 0.2962785076021801	42338 15 0.3062384334617299
42186 22 0.3299376077696738	42287 9 0.2904609473216816	42435 15 0.3104841658096116
42263 23 0.3293392185649989	42367 10 0.2849190579295661	42534 14 0.3085542874696652
42357 22 0.3308134566479947	42456 11 0.2914579398343251	42650 13 0.3055800043810423
42454 23 0.329628949815453	42552 12 0.296619074368053	42753 14 0.3024684625655675
42558 22 0.3362470125440947	42646 13 0.3018127175476141	42850 14 0.3071390924975382
42651 21 0.3355442701893638	42747 13 0.3020065786297264	42964 15 0.3057363251336488
42761 22 0.333783495780351	42835 12 0.3060933798202007	43053 16 0.307427806737484
42877 23 0.3334906673343005	42923 11 0.3010634706626938	43152 16 0.3072007622269022
42987 24 0.3310046231359154	43019 11 0.297158305080685	43252 15 0.3112875634173766
43085 25 0.3390570436280843	43120 10 0.293480184009258	43349 14 0.3082224625245207
43198 24 0.342781870998831	43201 10 0.2874531842738111	43453 15 0.3061419091911883
43303 25 0.3398014252734922	43305 9 0.2877986162791963	43560 16 0.3070888183559094
43401 26 0.3386687975149893	43408 10 0.2812597343744374	43657 15 0.3125136037745189
43500 25 0.3423144337564406	43504 11 0.2918805522301582	43752 15 0.307654851248066
43600 26 0.339744015447245	43596 11 0.2929548855734117	43855 16 0.3062731232265247
43695 27 0.3424113915156198	43700 12 0.2962906707009612	43933 16 0.3106064298856308
43803 28 0.3442105737206285	43798 11 0.3018078523081016	44019 15 0.3118861353089107
43902 27 0.3485197310999728	43888 11 0.2966312374668341	44133 15 0.307288483969627
44012 26 0.3465900001915269	43985 10 0.2972150662083304	44233 14 0.3041358087655468
44109 25 0.3470053318215987	44088 11 0.2908449196557539	44334 15 0.3002306431835379
44198 26 0.3450589051586285	44175 12 0.2965648932916641	44437 14 0.3045898977867106
44300 27 0.3471464237674603	44294 11 0.3013449911126654	44549 14 0.3012523434811566
44397 28 0.3476117004891456	44394 11 0.2964797516001959	44647 14 0.3002306431835379
44486 27 0.3487728709861216	44494 11 0.2961732415109103	44747 13 0.3032957440763937
44596 28 0.3482698052205322	44609 12 0.2974503668829335	44850 14 0.298625114144423
44679 29 0.3482323803012056	44708 12 0.3025279077559471	44958 13 0.2994700440730886
44788 28 0.3486759674024786	44801 13 0.3027663044920581	45056 14 0.2952535031622817
44889 29 0.3474879986557978	44891 13 0.305903488047714	45155 13 0.2994700440730885
44989 28 0.3486759674024786	44995 13 0.3081061146633593	45247 13 0.2978807324990151
45080 29 0.3447767295835539	45103 12 0.3057398390822946	45354 12 0.2999241330942523
45175 27 0.3438107278900092	45197 13 0.301373371676488	45456 13 0.2944514871411107
45269 26 0.3456294771620345	45282 13 0.3077655478974864	45562 12 0.2992429995625067
45367 25 0.346091259083282	45378 13 0.3050410137705035	45679 12 0.2937100994892491
45480 24 0.3415538618641143	45472 14 0.3076520256421955	45761 12 0.2938803828721855
45592 25 0.3386582875391598	45588 13 0.3121133028436296	45845 12 0.293150596945315
45690 26 0.3362754701437527	45686 12 0.3076325646841456	45929 11 0.2933127715957307
45774 27 0.3364422832159879	45781 13 0.3035469259343473	46034 12 0.2863587225859077
45870 28 0.3395987424952445	45864 13 0.3067866764507275	46132 13 0.2869749862574871
45972 29 0.3396078303241395	45961 12 0.3050971981808093	46229 13 0.2921216611632934
46075 28 0.3480011545237748	46046 11 0.301693753335471	46332 14 0.2922968097857422
46178 29 0.3415944697917312	46166 12 0.2963127984346798	46448 13 0.2962668452279173
46267 28 0.3423931551124016	46271 11 0.3010807331568999	46548 13 0.2916905260926498
46363 29 0.3419350365576042	46365 11 0.2974480209875893	46642 14 0.2957773272831242
46456 28 0.3455423373240112	46463 11 0.2981064500682769	46741 15 0.299630596977
46546 27 0.3475092809599215	46554 10 0.2978195483685415	46839 16 0.3032566313665875
46643 26 0.3418150046345272	46655 11 0.2936150968407656	46924 15 0.3083651328546805
46745 27 0.3414093517756209	46758 11 0.2975647867358886	47020 16 0.3048356227356344
46842 26 0.3375238633845292	46860 12 0.2974480209875893	47110 17 0.3051761895015073
46953 25 0.3339960468375901	46980 13 0.3046319764135898	47206 18 0.3094312707410012
47044 24 0.3390635453572511	47087 12 0.3087670630882151	47306 18 0.3081598214817425
47126 25 0.3405586334594329	47184 11 0.3021478423566348	47419 17 0.3122466226722169
47222 26 0.3412840406707421	47285 11 0.2951883306217451	47504 16 0.3090225906219538
47328 27 0.3455114537918084	47402 12 0.2952116325583575	47625 16 0.307628270215792
47407 28 0.3448188035095259	47492 13 0.3010012675781962	47734 15 0.2982162432316692
47510 29 0.3475635037017344	47605 12 0.3074615571523691	47822 15 0.2982162432316692
47600 27 0.3470655516583508	47697 11 0.3010174850432377	47948 16 0.3033247447197622
47695 28 0.343784097189548	47793 12 0.2962495503210176	48030 17 0.3093311040451563
47811 27 0.3443387344939694	47880 12 0.3034272529169139	48135 16 0.3104529710386198
47905 28 0.3487485127382332	47970 12 0.3032149515563698	48239 15 0.3071886294816651
48003 29 0.350924896546811	48076 12 0.3004904174293869	48325 16 0.3048356227356345
48093 28 0.3517058638243348	48161 11 0.3006493485867942	48422 16 0.3086375862673788
48189 27 0.3474181816059004	48275 11 0.2972436809280655	48511 16 0.3098306019684365
48285 28 0.3437887129295982	48371 11 0.2959495272177486	48621 16 0.311079346776637
48394 29 0.3436931773173534	48458 10 0.2970393408685419	48734 17 0.3106564763756781
48492 28 0.3466455646773128	48549 11 0.2928139540677123	48831 16 0.3121189101350145
48586 29 0.3465704051151891	48645 11 0.2977934529929745	48923 16 0.31276799032409
48697 30 0.345893524353438	48741 10 0.2983271550243425	49019 17 0.3110651564947256
48817 29 0.3502246117804856	48845 10 0.2935059897709333	49120 16 0.3106431208162322
48912 30 0.3459756359395958	48950 10 0.2923480627669656	49236 17 0.3099895331258438
49011 29 0.3529181852923893	49066 11 0.2940898185124297	49350 17 0.3116026418785664
49123 30 0.3495015623390941	49155 10 0.2991360585438246	49446 16 0.3130206380492007
49213 31 0.3509903256299098	49246 9 0.2927800448226254	49546 17 0.3041338487938358
49319 32 0.3518087321560719	49348 8 0.2871111938055821	49636 17 0.308422986709917
49421 31 0.3549645034216601	49453 9 0.279845769466961	49726 16 0.3139401683170574
49524 30 0.3535827754001187	49565 10 0.2857021455929323	49822 17 0.3091401802521669
49625 29 0.3530254700611258	49658 9 0.2925553968200355	49933 17 0.3089828274790578
49726 30 0.3502111501504128	49757 8 0.2878610381760566	50035 17 0.3058155565564402
49814 29 0.3501613957171499	49846 7 0.2801415248162717	50138 17 0.3093915075981052
49903 30 0.3489783733077917	49948 8 0.2729328616052961	50257 16 0.3094482687257507
50012 29 0.3503623128018387	50038 9 0.2807920946639006	50377 15 0.3060559566264681
50129 30 0.3479566730101731	50137 9 0.2876859916215694	50478 16 0.296179520416155
50237 31 0.3434765566270168	50229 8 0.2878872356195853	50582 15 0.3023097222018666
50326 30 0.3419792565767437	50336 9 0.2803947667703823	50667 16 0.296179520416155
50426 29 0.3431280285601235	50412 9 0.2874589471109876	50774 15 0.2998122325854656
50529 28 0.3424246461850332	50504 9 0.2876594461919488	50870 16 0.2999257548407565
50617 27 0.3431142458656957	50604 9 0.2867972745372917	50970 17 0.2999257548407565
50719 25 0.3394692648315276	50702 10 0.286251770226341	51057 17 0.3029547957231081
50818 24 0.3393840625731609	50797 9 0.2913154602978718	51148 17 0.3070415969135825
50919 23 0.3394094182271998	50888 8 0.2858292393058107	51247 17 0.3051731541470878
51012 24 0.3365923708337298	50991 9 0.2796536286179828	51339 18 0.3092599553375621
51120 25 0.3367995988161727	51086 9 0.2865475255756517	51425 18 0.3092599553375621
51219 25 0.3413261740295239	51185 9 0.2871409373646725	51540 18 0.3059905143851827
51323 24 0.3413261740295239	51289 8 0.2872998685220799	51634 19 0.3092258986609749
51418 25 0.3368862301661945	51393 8 0.2808518044215537	51734 18 0.3126674154529533
51505 24 0.3320627579977822	51493 7 0.2811696667363683	51832 17 0.3075695057542296
51594 25 0.3351173923881995	51586 8 0.2734501533765835	51920 16 0.3100205544480116
51683 24 0.336694466013653	51690 9 0.2806701688130882	52026 15 0.3016237234306084
51789 25 0.3376431564977962	51787 9 0.2885341650432433	52131 15 0.3022385127871841
51889 24 0.3377794144249337	51890 10 0.2891482779494055	52235 14 0.3042819133824213
52007 24 0.3356999225984041	51995 11 0.2942032618028613	52334 15 0.3013690658672498
52112 25 0.3406348234948021	52096 12 0.3001476998980968	52422 14 0.3036348365272628
52222 24 0.3418083941150483	52211 13 0.3057081072870594	52523 14 0.2989350151582173
52325 23 0.3350963096836456	52306 12 0.3099206562064714	52632 13 0.2959380276185361
52431 22 0.3338413273888905	52404 11 0.305824209593607	52745 13 0.2949455187579924
52541 23 0.3329379440753579	52510 10 0.3007838214586886	52845 12 0.2949826714960876
52648 24 0.335642940323508	52602 10 0.2948393833634532	52949 13 0.2903242897195329
52769 23 0.3434601554045049	52700 9 0.2945280080346551	53054 13 0.2953165604822374
52879 22 0.3394153721916382	52810 10 0.2883978062489436	53155 13 0.2932731598870002
52976 21 0.3395742328383279	52901 11 0.2949366881537026	53254 12 0.2904123990536682
53079 20 0.3377832427312903	52990 10 0.3014649549904343	53370 12 0.2858742173121275
53176 19 0.3353165662984683	53098 9 0.2952650918207942	53479 11 0.2887349781454595
53277 20 0.3311224956828073	53195 8 0.2896506054234044	53572 11 0.2887349781454595
53376 21 0.3311358512422533	53284 7 0.2826837298730485	53676 11 0.2870321443160952
53475 20 0.3362475962233545	53370 6 0.2741573976274458	53778 12 0.2839670434232394
53582 21 0.3308658964055087	53478 7 0.2654972712952502	53871 13 0.290097245208951
53676 22 0.3333439250638598	53582 7 0.2747383644633466	53988 13 0.2954156344504913
53788 23 0.3307050486385965	53687 8 0.2750479706141402	54095 14 0.2950069543314439
53901 22 0.33447155944902	53800 8 0.2816728050836195	54191 13 0.2959994631919877
54000 23 0.3356629736199331	53906 9 0.2824674608706561	54292 13 0.2905533889315681
54098 22 0.3351780098379573	54010 8 0.2883671251533153	54404 14 0.2902390196092238
54204 21 0.3384430764138966	54102 9 0.281919061052789	54494 14 0.2937950673983379
54303 20 0.3358278910966556	54201 10 0.2891844853914101	54600 13 0.2974277795676484
54409 21 0.3328240650035338	54310 9 0.2954089979738249	54684 12 0.2947433921723069
54518 22 0.3334929730616327	54422 9 0.2883671251533153	54780 12 0.2901675720359638
54623 23 0.3335328249302733	54512 10 0.2887076919191881	54874 12 0.2948219845028929
54699 22 0.3405417889689545	54611 9 0.2948798096145455	54977 11 0.2941408509711472
54803 23 0.3397567931502251	54702 9 0.2883409277097865	55069 12 0.2879138972633127
54900 24 0.3421651572196152	54789 8 0.2881787530593709	55167 13 0.2869570668258603
55009 23 0.3444080326348635	54903 7 0.2809587376228662	55263 13 0.2916464092174944
55102 22 0.3419332474695208	55005 8 0.2722596893745707	55349 14 0.2957332104079687
55191 21 0.3407590324897939	55105 8 0.2802581431330706	55449 13 0.3002720080434725
55304 20 0.3379684490506418	55196 8 0.2800310986224887	55556 12 0.295279121386805
55419 21 0.3355019200493202	55282 7 0.2806945403741891	55670 12 0.2939644860388201
55524 20 0.3363646891895313	55356 6 0.2716695210785582	55782 12 0.2927799928296552
55643 19 0.3303008769425284	55458 5 0.2623282612146168	55878 13 0.2912399519118372
55743 18 0.3229616631379681	55549 6 0.2513166024513943	55971 13 0.2981814293681144
55862 17 0.318798219652178	55642 5 0.2613746742701728	56080 14 0.2993424524335901
55959 15 0.3169366888213187	55737 4 0.2505554058553907	56177 13 0.3041935670571524
56055 14 0.3103003223399332	55823 5 0.2377695564166209	56285 13 0.3005003794375578
56161 15 0.3112365176164418	55927 4 0.2498483243795785	56370 13 0.3004632266994626
56257 14 0.3157181481244807	56019 5 0.2362029492936058	56475 14 0.30139118909797
56359 15 0.3114527866188343	56115 5 0.2503024134007423	56572 14 0.3062334007612514
56460 16 0.3147477126281203	56218 6 0.2504443162198561	56671 14 0.306301514114426
56543 17 0.3204273183851384	56300 7 0.2620329559193599	56758 14 0.3040422738026355
56650 16 0.3218424719963921	56389 6 0.2696026711152082	56847 14 0.3025066272946998
56738 17 0.3184854903341089	56487 6 0.2623130680105252	56976 14 0.303383844721948
56829 18 0.3213069476639285	56583 6 0.2612346065852612	57075 13 0.3047915206875559
56924 17 0.3241529653472227	56711 7 0.2608630792043089	57182 14 0.3005295708746326
57029 18 0.3191476659093943	56808 7 0.269931885655552	57289 15 0.3040605838438116
57116 17 0.3177504896306395	56900 8 0.2692545931023688	57388 16 0.3080111583279368
57204 16 0.3196124020489115	56992 7 0.2775272694515714	57461 16 0.3102000452789178
57293 15 0.3181385412142073	57086 8 0.2688995780494589	57568 17 0.3135862519795966
57381 14 0.3132082571919481	57190 8 0.2768347836942966	57675 18 0.3176369931595667
57474 13 0.3083915952247647	57286 9 0.2750832974698076	57776 17 0.3217075768849995
57584 12 0.3065623400179148	57383 9 0.2838082936621695	57874 16 0.318074864715689
57669 13 0.2999998055641414	57484 9 0.2847045219934138	57962 16 0.315394499331731
57763 12 0.3004224077531783	57592 10 0.2842958418743664	58060 16 0.3134419165407266
57864 13 0.3008902192447619	57689 11 0.2910390638386492	58171 15 0.3158485883528949
57951 14 0.3028469187768923	57788 11 0.2954426953234355	58279 16 0.3105357468052782
58044 13 0.3029187621470263	57896 10 0.2940886844239652	58373 16 0.3124836321236499
58146 14 0.3023291523562269	57996 11 0.2883485863882535	58469 16 0.3128469033405809
58261 15 0.3061833378598934	58093 10 0.2967451051977736	58584 15 0.308805511052223
58368 16 0.3052288351056587	58180 11 0.2892681166561102	58683 15 0.3093050089755031
58482 17 0.3141764398549295	58281 12 0.2928772397853603	58766 16 0.3063420781124092
58591 16 0.3177794732336762	58376 11 0.2940351667893281	58882 15 0.3106040279253325
58679 17 0.3119933895785083	58467 10 0.2930134664917095	58963 14 0.3108667508590058
58780 16 0.3145091476922943	58563 9 0.2872733684559978	59068 15 0.3065074962558332
58882 17 0.3153854405916665	58664 8 0.2815518467893337	59155 16 0.3105553755302078
58982 16 0.318391608823245	58775 9 0.2765852481203545	59252 17 0.3140802415569919
59093 15 0.3171442246754241	58871 10 0.2837349670833904	59371 16 0.3122343124478491
59203 15 0.3114486509528265	58958 11 0.289274853141589	59482 15 0.3130783838048359
59325 16 0.3114486509528265	59041 12 0.2942801525794174	59576 16 0.3097891003069938
59431 15 0.3101180079461662	59164 11 0.2998964081548117	59670 16 0.3102338404365454
59544 14 0.3019545176316551	59269 11 0.2947424977646024	59763 16 0.3120339790561591
59629 12 0.3044094602515353	59369 11 0.2947935827794834	59859 15 0.3125637495808503
59744 11 0.3005441784717106	59464 11 0.2944530160136106	59966 16 0.3105203489856131
59852 12 0.2959067943430752	59558 11 0.2951341495453563	60063 15 0.315729017169551
59966 13 0.3002919968903144	59650 10 0.291347968943705	60155 16 0.310520348985613
60071 14 0.3068585469722738	59742 11 0.2905120323365625	60263 15 0.313358405367887
60180 15 0.3130702653690325	59849 10 0.2914069131916445	60373 14 0.3115961075000369
60303 16 0.3150114959345077	59941 9 0.2857543894671573	60474 15 0.3072368528968643
60402 17 0.316666004586625	60045 9 0.2831271601304238	60579 16 0.3097209869538193
60499 18 0.3163261012625038	60117 8 0.2799365872711938	60692 15 0.3136005861791744
60605 17 0.3180149160906705	60214 8 0.2764660497522989	60788 15 0.3095137849887
60700 16 0.3221453570052566	60341 9 0.2726565672140353	60893 14 0.3103700671428947
60791 15 0.3204177676924905	60448 8 0.2799301002851772	61000 13 0.3067088631134327
60900 16 0.3165596327591024	60542 9 0.2761676483955341	61088 14 0.303303195454704
60994 17 0.3189742335174142	60651 9 0.2798879348760691	61179 13 0.3067088631134327
61086 16 0.3189122255628435	60768 8 0.2830765380027029	61282 12 0.3028555934195568
61196 17 0.31600771117522	60881 8 0.2768036225246256	61368 13 0.2978537829715337
61291 18 0.3183878039564469	60985 7 0.2783099755275249	61484 14 0.3028836921290406
61406 19 0.3229000017299345	61079 6 0.2663901387219746	61580 13 0.3051342946893971
61517 20 0.3307963087373305	61163 7 0.260973505398092	61677 13 0.3016367280620996
61619 19 0.3338596404521816	61268 6 0.2704282875173243	61775 12 0.3015214250655492
61700 20 0.3299527510557069	61380 7 0.2572272709734905	61879 13 0.2986862795103341
61772 19 0.3330343189130663	61491 7 0.2666366441906064	61982 14 0.3046096235601308
61862 20 0.3296511062059337	61587 7 0.2666025875140191	62085 14 0.3080542131349592
61967 21 0.3319754658773525	61686 6 0.2699060851429859	62173 13 0.3081515179252085
62078 22 0.3365664827991193	61772 7 0.2608372786917428	62265 14 0.3040578481613048
62181 23 0.3391300217276895	61873 8 0.2698379717898113	62339 13 0.3094115036626094
62299 22 0.3404745200903527	61990 7 0.2771291966409985	62433 14 0.3053398387728405
62394 23 0.3370197325948193	62098 8 0.2701104252025096	62530 15 0.3078157051025194
62485 24 0.3393325610519644	62202 7 0.272757115497293	62632 14 0.3115911309641957
62588 23 0.3414716446909468	62301 8 0.268767619097068	62719 14 0.3085277992493445
62694 24 0.3364010784619896	62389 9 0.2767620922050577	62808 15 0.3076696250575617
62798 25 0.3409832494937335	62474 10 0.2842085170626041	62925 15 0.311092321054584
62899 26 0.3431384757479189	62566 10 0.2897743510648692	63033 15 0.309693564694749
63007 25 0.3416560746933887	62661 11 0.2916426030376575	63147 16 0.3048769775774042
63098 24 0.3398319841254059	62762 12 0.2963220788596509	63257 16 0.3101898191250209
63185 25 0.342436931847012	62853 12 0.302043600526315	63353 15 0.3135954867837495
63273 24 0.3443667353371194	62945 12 0.3019492897296118	63439 15 0.3084869852956566
63378 23 0.3423447417957372	63056 13 0.3012000428446914	63523 14 0.3090708140371529
63478 24 0.3378180993165444	63153 13 0.3053444784109289	63624 13 0.306657655238968
63567 23 0.3425114336995733	63246 12 0.3069986598451685	63713 12 0.3019870253069973
63668 22 0.3406414125487804	63354 11 0.3022241757620663	63807 11 0.2979788164471091
63758 23 0.3385696423543059	63456 10 0.2967751075081005	63897 11 0.2941352772322581
63866 24 0.3396197122511619	63578 11 0.2910710694828929	63997 12 0.2938676890590723
63969 23 0.3373911830549887	63685 10 0.2953126737487641	64085 13 0.297273356717801
64054 22 0.3391672449765022	63775 9 0.2896046290557228	64185 14 0.3017194371338116
64162 23 0.3358598436178081	63876 10 0.2825307028925427	64282 15 0.3070712005975279
64252 24 0.3384360167849543	63978 10 0.288047884499683	64387 15 0.3093870546054634
64360 25 0.3416373443841592	64106 10 0.2891182371924264	64487 14 0.3051640267086399
64491 26 0.342845221180455	64207 10 0.2893228267514122	64591 13 0.3020762213647259
64586 25 0.3437643771991182	64302 9 0.2898255681677008	64680 14 0.2994489920279924
64673 24 0.3374915116209335	64407 8 0.2846227558829046	64768 13 0.3007186517738673
64779 23 0.341161923158979	64522 8 0.2786776826981291	64867 13 0.2983318225071616
64868 22 0.3378049078953752	64617 9 0.277444905855508	64962 14 0.2952620241416731
64965 21 0.3341036875128717	64727 8 0.2851257467986553	65071 13 0.3054721585444297
65063 20 0.3277047407837406	64831 9 0.2785414559917799	65180 14 0.2967147274219846
65145 21 0.3283766844186294	64915 9 0.2848172333754528	65266 13 0.2981159164015759
65255 22 0.3314625769333334	64996 8 0.2862739433235981	65356 14 0.3002414854863569
65344 23 0.3305784264452725	65093 7 0.279347082416933	65451 15 0.304656690343923
65432 24 0.3335948018025157	65181 7 0.2701245916352077	65551 14 0.3093273202758937
65535 25 0.3393686125079803	65272 6 0.2723674670504562	65652 13 0.3057854259108159
65655 26 0.3416934794949722	65359 6 0.2631964905694513	65764 12 0.3013872493915435
65768 27 0.3416463203163256	65464 7 0.2624699481355892	65872 13 0.2955161943805474
65876 26 0.3442834275635845	65567 6 0.2714284758245495	65954 12 0.3002055367721815
65987 25 0.3424536816744591	65664 5 0.2624929020861094	66062 11 0.2957594563561709
66104 24 0.340461151751383	65759 4 0.2521099819675753	66173 12 0.2920132219315694
66205 23 0.3385626604437788	65867 3 0.2401082830753294	66278 12 0.293905259519752
66315 22 0.3382220936779059	65989 4 0.2227393780158134	66364 12 0.2944890882612483
66425 23 0.3353791015454021	66071 5 0.2392935688446887	66467 11 0.2985758894517227
66524 22 0.3321773454579903	66172 6 0.2525756727137303	66562 12 0.2893337035560353
66616 23 0.33546713146434	66250 5 0.2626982328052624	66651 13 0.2943139396387994
66720 24 0.3339126142174378	66349 5 0.2520404963673587	66748 13 0.2995953442541817
66806 25 0.3329970325497651	66445 6 0.2524053893307939	66851 14 0.303682145444656
66898 24 0.3331030383625629	66555 7 0.2613653913347581	66935 15 0.3073974192541781
66989 23 0.3304761333751302	66653 6 0.2706705911881953	67051 16 0.3116593690671014
67088 24 0.3227125085104323	66766 6 0.2624240102145596	67159 17 0.3153472206175533
67182 25 0.3315608821868411	66864 7 0.263786277278051	67261 18 0.31755890126181
67266 26 0.3332066305392591	66980 6 0.2715730931177583	67358 18 0.3204618275042501
67376 27 0.3349797608420921	67075 6 0.26294702346215	67464 19 0.3201815897083318
67476 28 0.3356359434491907	67175 7 0.2627524138816513	67551 18 0.3224243114844377
67598 27 0.336446816701269	67282 8 0.2694372529717842	67629 19 0.3188076460700104
67693 26 0.3340006254874469	67384 8 0.2736554156290953	67726 18 0.3233569404740588
67780 27 0.3350539009792062	67480 8 0.2773189409819848	67832 19 0.3193914748115068
67887 28 0.3369903512796236	67575 9 0.277340273186001	67928 19 0.3236685879840883
68000 27 0.3381415417981125	67676 8 0.2852768510778808	68057 18 0.3232616770430454
68112 26 0.3368453847538788	67785 9 0.279952657304735	68138 19 0.319820160251067
68199 25 0.3410397673260478	67884 9 0.2859650690811972	68235 19 0.3228901496620932
68313 26 0.338687724555212	67991 8 0.2866916115150593	68334 19 0.317270798025191
68404 27 0.3375547737605633	68101 9 0.2791342728056901	68423 19 0.3154286414279696
68516 28 0.3361038512215113	68195 10 0.2861272437316129	68537 18 0.3176423254061432
68615 29 0.3332245140191316	68286 9 0.2921619099050796	68639 19 0.313881199803115
68742 30 0.3364032407824972	68374 10 0.2864987711125651	68760 20 0.3166415830633475
68851 31 0.3350910683788081	68478 9 0.2909942524220869	68876 19 0.3205921575474728
68957 30 0.3367527830871315	68593 9 0.2846743062953891	68975 20 0.3190255504244576
69068 31 0.3401767257438951	68698 8 0.2870744911215406	69090 20 0.3152634916854822
69160 30 0.3437591780391414	68807 8 0.277595382804746	69186 19 0.3224343141446942
69269 28 0.3424156205086333	68921 7 0.2783557324157332	69268 19 0.3157901661486655
69378 29 0.3417443876309293	68998 7 0.2663104236438088	69364 18 0.3195364005732669
69489 28 0.3417222424028036	69115 6 0.2698677607124403	69457 19 0.3162462467883432
69599 29 0.3405767301479367	69222 5 0.2607516741131145	69539 18 0.3174011010094608
69694 30 0.339759199734825	69324 6 0.2502875681827427	69624 19 0.3138702407282535
69800 31 0.3472005020938442	69409 6 0.2610435884838627	69713 18 0.3193551581154691
69901 32 0.3449505642341423	69532 5 0.2606786955204275	69824 19 0.3145251768164705
69986 33 0.3442953786464629	69643 6 0.2508184767751561	69933 18 0.3159232930132118
70093 32 0.3439238512655108	69739 7 0.2614022439607435	70024 19 0.3157512171736128
70206 33 0.3435870343877997	69850 7 0.272063355979606	70124 19 0.3147915634527727
70316 34 0.3439238512655108	69936 7 0.2699212783470775	70222 19 0.3161276330727355
70425 35 0.3509975712914346	70027 7 0.2689281720009796	70320 20 0.3157189529536881
70502 34 0.351217391658498	70131 8 0.2715330448727469	70458 20 0.3186740245837233
70599 33 0.3452308202044807	70248 7 0.2789486941507003	70549 20 0.3227608257741977
70698 34 0.3469734718508268	70350 6 0.2713627614898104	70665 21 0.3243239399047424
70795 34 0.343056942731409	70455 5 0.2606592345623776	70786 21 0.3257024244332755
70904 32 0.3404371170200207	70546 4 0.249368037914886	70866 20 0.3258606675770143
71005 33 0.3481618017941985	70635 5 0.237005464313701	70953 19 0.3228982772960884
71123 32 0.3471194290362009	70736 6 0.2495723779744097	71053 18 0.3178427528604646
71224 31 0.3458911772065529	70831 6 0.2614922147799598	71141 18 0.3155901236875333
71330 30 0.3435722271371096	70944 7 0.2617257462765584	71235 17 0.3155901236875333
71418 31 0.3467336185824736	71051 6 0.2700307101243437	71346 18 0.3164109769180986
71516 30 0.3462967612640925	71129 7 0.2614338319058102	71442 19 0.3189246839995412
71611 29 0.3476190921737431	71227 7 0.2712411305019987	71544 18 0.3221147053336442
71706 28 0.3468721721425028	71329 6 0.2715614254365696	71646 17 0.3212604480645584
71814 27 0.3457030708475752	71432 5 0.2616663391414588	71735 18 0.318105577265211
71907 27 0.3408572922931558	71520 4 0.2521477114230102	71840 17 0.3217382894345216
72010 25 0.3396799043311381	71636 3 0.2386669436072094	71934 17 0.3179304286427622
72108 24 0.3343589351495263	71716 4 0.2227738278664758	72034 16 0.3195621551254058
72207 23 0.3351979139736287	71821 5 0.2376938957047156	72150 16 0.3143534869414679
72294 22 0.3285786498508377	71921 4 0.2514207397033088	72249 17 0.3154724920293358
72402 21 0.327423190721985	72020 5 0.2384110892469654	72349 18 0.3193188931497823
72499 22 0.3308008143453157	72127 4 0.251464526858921	72440 18 0.3210852994421096
72590 23 0.3330063601046684	72238 5 0.2383283801752534	72554 19 0.3207137720611574
72694 22 0.3316919540397862	72309 6 0.2505693227886266	72671 20 0.3245577768491673
72790 21 0.3271847059871835	72401 7 0.259886685740845	72761 19 0.3284464301031338
72885 22 0.3285182239081013	72491 6 0.2700453058428812	72850 20 0.3262296500634523
72981 21 0.3295928317789762	72593 5 0.2579649161334196	72944 20 0.3285503693109002
73099 20 0.3246297055098086	72689 4 0.2493963707802822	73040 19 0.3287626706714443
73188 19 0.320892050647358	72796 3 0.2376808740342556	73124 19 0.3264468166635088
73296 18 0.3241496685445782	72910 4 0.2200131860305621	73214 18 0.3266803481601074
73390 17 0.3207578284086744	73014 3 0.2359468454338996	73312 18 0.3240536532203913
73483 16 0.3167660011993755	73101 3 0.2208159505501196	73422 19 0.3228301512490815
73594 15 0.3114340802811216	73197 2 0.2205605254757149	73527 19 0.3272933683386786
73696 16 0.3135804752327751	73313 3 0.1999756970984566	73602 18 0.3267663007248277
73816 17 0.3174655459012824	73413 4 0.2212854461630729	73702 17 0.3235680459084728
73919 16 0.3234526524072154	73515 3 0.2365866244297893	73805 17 0.3219268384462664
74005 15 0.321180967142305	73605 3 0.2207502698167012	73903 16 0.3209051381486478
74101 16 0.3163867601267175	73715 4 0.2211962501053443	73996 15 0.3189951023541642
74206 17 0.3203506329321768	73814 4 0.2369596261257453	74099 16 0.3149083011636898
74330 16 0.3230360109871476	73934 4 0.2361528809556777	74213 17 0.3185864222351169
74434 15 0.3213131811478178	74021 3 0.2364288273608464	74320 16 0.3215132930877065
74536 16 0.317777318161043	74126 4 0.2207073672500913	74424 17 0.3182799121458312
74627 15 0.3203961892657937	74218 4 0.2352183733818708	74516 17 0.3221263132662777
74725 16 0.3149030095069147	74323 3 0.2355950001582479	74609 16 0.3209002729091353
74827 15 0.3161190472038007	74426 2 0.2221500165316148	74716 17 0.3170538717886889
74928 16 0.3086675416299334	74513 2 0.2006869066562794	74822 18 0.3209002729091353
75016 16 0.3131043678840741	74609 2 0.1973226992994831	74917 17 0.3241243049593984
75115 15 0.3117604806142964	74705 1 0.1981741162141653	75009 16 0.3209294643462102
75241 14 0.3085232250925379	74790 0 0.1675191578558858	75106 17 0.3182507207087564
75367 13 0.3025277099992538	74881 1 0.1026922739719864	75227 18 0.3211958863806054
75478 14 0.3004418944954464	74981 2 0.1674209174426532	75341 17 0.3243633047347234
75572 15 0.3082149254898684	75073 3 0.1974880976297145	75435 16 0.3208131542056245
75666 14 0.3085068398606166	75156 4 0.2187005419040814	75528 16 0.318019413997876
75770 13 0.3082149254898684	75271 5 0.2363637731624799	75640 15 0.3170658270534319
75872 14 0.3010305884764552	75373 6 0.2478670706159241	75737 15 0.3124755793394934
75969 15 0.305672026971351	75454 5 0.2586630370940938	75851 14 0.3150224264581947
76070 14 0.304918082613798	75559 6 0.2470575696108878	75952 14 0.3112761920335932
76160 15 0.2968059388331275	75670 7 0.2574710534135388	76049 15 0.3119112115560469
76276 16 0.3048234242638379	75758 6 0.2665739165413691	76152 14 0.3145650939440227
76367 17 0.3138804969021391	75865 5 0.2576413367964752	76258 15 0.3108121230339423
76468 18 0.3184373907582858	75956 6 0.2475265038500512	76365 14 0.3144017852051426
76560 17 0.3205278220021436	76067 7 0.257547025999772	76454 15 0.3114437195815611
76665 16 0.3169863092244785	76173 7 0.2687876005195428	76556 14 0.3134782742867757
76761 15 0.3123592986812403	76278 6 0.2675078950962629	76691 14 0.3102350307779249
76861 16 0.3098653677562277	76380 6 0.2584220603067262	76799 14 0.3098682665685233
76958 17 0.3110016353383018	76481 5 0.2587842387960663	76882 13 0.3107351637907452
77082 17 0.308758525767141	76566 4 0.2490440292921024	76988 14 0.3074268009222659
77166 15 0.3039715116742838	76668 5 0.2369879657802031	77085 13 0.3103362141507227
77272 16 0.3070294944942479	76798 4 0.2493485360474711	77183 12 0.3072778497433457
77363 15 0.3062939847561864	76914 5 0.2376690993119487	77275 13 0.3034477834994524
77462 16 0.3005151613797088	77005 6 0.2499295028833719	77375 14 0.3069791988871187
77572 17 0.3021364351480422	77093 6 0.2570552075231733	77473 15 0.3119709346269124
77656 16 0.3021509538152751	77194 7 0.2574219717325748	77568 14 0.3157251303525342
77748 15 0.3058894403031467	77298 6 0.2639881738284422	77669 13 0.3121832359874565
77869 14 0.3071256496301127	77382 6 0.2548415235449997	77758 14 0.3074250317442614
77952 15 0.3018960577363762	77466 5 0.2552650488820467	77850 14 0.310986387067389
78034 14 0.3025645535433702	77575 6 0.2446503210813799	77952 15 0.3117812923538879
78140 13 0.3043171778355814	77674 7 0.2564002714349563	78078 15 0.3161405469570605
78236 12 0.2962775829289235	77794 8 0.2619069776460171	78180 15 0.3154903740403941
78340 13 0.292047027031086	77890 7 0.2673301548593025	78266 14 0.3148092405086484
78437 12 0.2962775829289235	77992 8 0.2637620630506961	78368 13 0.3107905526713486
78553 12 0.2941441130278402	78092 7 0.268372813111744	78467 13 0.3079492527960664
78650 13 0.2941441130278402	78194 8 0.2642860119212697	78567 12 0.3067651283485701
78760 14 0.2998834249845868	78291 9 0.2679349415556217	78663 13 0.3011483964560206
78878 15 0.3039030484448697	78396 8 0.2752003658942428	78758 14 0.305811541404126
78993 16 0.3038581113235546	78505 7 0.2684307232500706	78857 13 0.31136465093382
79082 17 0.3020763721551881	78609 7 0.2593454498343238	78953 14 0.3059866900265749
79188 16 0.3113145201622534	78709 8 0.2634322510247981	79048 15 0.310414057982922
79297 15 0.3089841276738924	78818 7 0.266692683733438	79141 14 0.3123212318718101
79382 16 0.3082528447502489	78926 8 0.2594921292549831	79256 13 0.3096648110980018
79504 17 0.3074388527548934	79043 9 0.2675684268456824	79351 14 0.3057531585299764
79605 18 0.3105886400360545	79134 9 0.2741801625933974	79448 14 0.3095255903981065
79685 19 0.318649332569483	79248 10 0.2782669637838717	79545 15 0.3080817370104829
79771 18 0.3203030723061103	79346 11 0.2834776353017265	79644 14 0.3124409916136555
79860 19 0.3152459152381171	79433 10 0.2911735596214509	79743 15 0.3083541904231812
79956 18 0.3214300386949986	79535 11 0.2844589509314965	79854 14 0.3106700444311167
80062 19 0.3187661303681085	79633 11 0.2916142930831688	79940 14 0.3071543475095676
80171 18 0.3144578611988911	79746 12 0.286746620950943	80032 13 0.3030188939239685
80281 17 0.3098401850407316	79855 13 0.2921956892049088	80133 14 0.3025159030082178
80373 18 0.317485927918232	79948 13 0.2984808301566329	80241 15 0.3067973137791909
80468 19 0.3203018922572186	80046 12 0.2974591298590143	80329 14 0.3108841149696653
80566 20 0.3196894359394734	80159 13 0.2927503265093304	80436 15 0.3049679837225024
80656 21 0.3238292141824168	80244 13 0.2976269806221946	80524 14 0.3088017924583283
80753 20 0.3253418199920129	80350 13 0.2973715555477899	80613 13 0.3078482055138843
80840 19 0.3238292141824168	80453 13 0.2971934129317949	80720 14 0.303917091987809
80927 20 0.3265901489677764	80570 14 0.3012802141222692	80846 15 0.3041603539634324
81038 21 0.32821074550623	80663 14 0.3018640428637656	80950 14 0.3098818756300965
81137 19 0.3262982345970283	80749 13 0.3050805067636759	81054 13 0.305658847733273
81244 20 0.3192679861832792	80833 14 0.3021183867738341	81166 12 0.3014464349044768
81355 21 0.3240351215955021	80930 13 0.3028141160241172	81263 13 0.2956672788620495
81472 20 0.326988321979571	81041 14 0.3020306446957299	81345 13 0.3014464349044768
81554 21 0.3232321893090648	81149 14 0.3078081166167873	81442 12 0.3012801321720505
81667 22 0.3239911666730101	81234 15 0.3041299955453604	81539 13 0.2968724122983498
81758 22 0.3221910565885255	81331 15 0.3089125259861179	81627 14 0.2988493836617822
81861 21 0.3317994337960225	81432 15 0.3097071817731546	81731 13 0.3050282378426184
81965 22 0.3302429994465335	81529 16 0.3106153598154823	81827 13 0.3005007031904262
82066 21 0.3296151090218035	81628 15 0.314312941844959	81939 12 0.3019602750441671
82178 22 0.3317580258797957	81735 16 0.3088638735909932	82029 13 0.2950167050117555
82263 21 0.3315713322367786	81833 17 0.3130869014878167	82141 13 0.3012178967326761
82356 22 0.3302058467084382	81922 16 0.3159456589872318	82260 14 0.2953922017023333
82452 23 0.3299233882890935	82018 16 0.3133934115771023	82368 15 0.3038942077503736
82549 22 0.3255735174093216	82103 17 0.3130139228951297	82463 15 0.3036217543376754
82655 22 0.3203238534646494	82217 18 0.3157023970116085	82559 15 0.3052953967299648
82765 21 0.321224090541336	82319 18 0.3194860993726852	82644 15 0.3052953967299648
82873 20 0.3244117433800496	82426 18 0.3148104364343224	82735 15 0.3101206900653846
82967 19 0.3222515770365132	82507 17 0.3177346131481962	82844 16 0.305733268286087
83057 20 0.3255210179888927	82591 18 0.3156342836584339	82954 16 0.3077886185924075
83155 21 0.3276759424973335	82693 17 0.3208970188313013	83046 17 0.3109510242755127
83272 20 0.3260934127722775	82792 18 0.3169723922912427	83132 17 0.3154017393564554
83374 21 0.3299769323857948	82912 18 0.318362061278425	83240 18 0.3127420750896387
83468 22 0.3331023622486052	83028 17 0.3182824482682209	83331 17 0.3147001206057098
83575 21 0.3336418866901496	83114 17 0.3163835305433541	83424 18 0.3115133887250423
83668 20 0.3334804786835359	83203 17 0.3148655758154636	83519 18 0.3114160839347929
83762 21 0.3290544081243921	83312 18 0.3152061425813366	83614 19 0.3149190563837709
83870 20 0.3275456621948329	83405 17 0.3181577212189014	83720 19 0.3183605731757493
83985 19 0.3248927570952643	83510 18 0.3140062996677229	83831 18 0.3204301712145152
84083 20 0.3234722840754237	83613 17 0.3174765876871556	83935 17 0.3193726217836468
84172 19 0.3291555177814396	83703 18 0.3118004749226079	84031 18 0.3131856588702898
84275 20 0.3242093003499436	83811 19 0.3154331870919185	84130 17 0.314308931712116
84381 21 0.3254311634812418	83911 18 0.3192718843459148	84232 16 0.3181686883920085
84464 22 0.3211702379292686	84004 18 0.3165424617007615	84333 15 0.3102354860810876
84566 21 0.3213712401873749	84116 18 0.3139913070182229	84422 14 0.3066189913768187
84669 21 0.3233658900998204	84227 17 0.3184186749745701	84508 14 0.3019937703469644
84777 22 0.3273302286376091	84315 17 0.3137642625076411	84604 14 0.3026225089916528
84890 23 0.3316864970301957	84411 16 0.3155546706482298	84698 15 0.3061906008002592
84988 24 0.3325825598026904	84506 15 0.3125256297658782	84797 14 0.3102354860810876
85105 25 0.3378593838347648	84598 16 0.3086741292500069	84889 14 0.30288223793178
85215 24 0.3375480657440786	84711 15 0.310717529845244	84982 14 0.3027425182329604
85328 23 0.3362556239736544	84808 14 0.3076718899104382	85095 15 0.3068293194234348
85416 22 0.331353465879002	84907 14 0.3045678671014827	85196 14 0.3083994195389204
85508 21 0.3314625079917766	85002 15 0.3032693189812836	85301 14 0.3076728771050583
85590 20 0.329022610968932	85112 14 0.3074242335249325	85409 14 0.3087207748462055
85683 20 0.3266395281968243	85205 14 0.3030649789217599	85505 13 0.3091975683184276
85782 21 0.3266395281968243	85285 14 0.3042143917565808	85615 12 0.3045269383864569
85887 22 0.3287094664621295	85392 15 0.3038738249907079	85704 11 0.2986796689908551
85989 21 0.3277553351552226	85498 16 0.3065673985026114	85811 10 0.2944166949169819
86091 22 0.3280515327990343	85608 15 0.3106541996930858	85917 10 0.2890560855632428
86199 21 0.3298181967085095	85697 16 0.3072361477883254	86020 11 0.2895101745844066
86307 22 0.3310582508177404	85806 17 0.3080658922724521	86110 12 0.2948707839381457
86399 23 0.3327168551969914	85917 17 0.3125934269246442	86216 13 0.2997360234506152
86507 22 0.3345947607280218	86009 18 0.310124317872066	86316 13 0.3040847990763764
86615 23 0.3353196109046623	86099 18 0.3137570300413766	86412 14 0.3047406273375928
86708 24 0.3377278428861015	86204 19 0.3093606227001087	86502 13 0.3094112572695635
86795 23 0.3380803232512934	86298 19 0.310751454046243	86598 14 0.3047406273375928
86897 22 0.3338737623189736	86403 20 0.3147144127763999	86702 14 0.3077765367933738
87012 23 0.3342505720867606	86495 20 0.3126710121811627	86816 14 0.3082115464439005
87122 24 0.3363908603249249	86590 21 0.3193461207922709	86927 14 0.3071352097667301
87228 23 0.3336878965605358	86666 21 0.3172236600549561	87053 14 0.3033768122433474
87320 24 0.3318017316604516	86758 22 0.3192670606501932	87152 13 0.3074636134338217
87422 23 0.3374814695054205	86872 22 0.321140951877871	87244 14 0.304464856716136
87529 24 0.3368200464311866	86950 23 0.3200596523962246	87342 13 0.3077732195846152
87621 23 0.3382819849484863	87057 23 0.3223812768768555	87453 12 0.3031025896526445
87695 22 0.3395885836119231	87165 23 0.3189756092181268	87558 11 0.2981530627131697
87792 23 0.3381538441623669	87262 24 0.3189756092181268	87653 10 0.2936405530653543
87894 24 0.3390039439971748	87374 25 0.319111835924476	87768 10 0.2899097989482924
88008 23 0.3374942454333055	87478 25 0.3286380559772165	87879 11 0.289739515565356
88119 24 0.3411126113835409	87567 25 0.3211370729588666	87976 11 0.2948446998446905
88234 25 0.3408057043632926	87660 24 0.325223874149341	88088 10 0.293102767181426
88347 26 0.3441476521275579	87738 23 0.3242770985402144	88183 9 0.285973156740953
88454 25 0.3452614177267201	87852 24 0.3247879486890237	88268 9 0.2766756840326239
88555 25 0.3392824126150885	87947 24 0.3261842724291024	88358 9 0.2781205127363269
88646 26 0.3398351940170934	88038 25 0.3265674100407094	88463 8 0.2776175218205762
88752 25 0.3438821223249351	88140 24 0.3305452298661045	88548 8 0.2711105134721105
88846 24 0.343831177403335	88260 24 0.3233320257649172	88637 8 0.2711105134721105
88940 23 0.3384048560953894	88344 23 0.325205142977218	88739 9 0.2738939918470329
89030 22 0.3360486925807624	88432 24 0.3230624104086012	88833 9 0.2813296995685904
89144 23 0.3359049293047122	88538 25 0.3239705884509289	88954 10 0.2823351824011674
89240 24 0.3374935005162509	88656 25 0.3228399067882309	89058 9 0.2885596949835822
89342 25 0.3407603614173738	88754 25 0.3270033355010267	89169 10 0.2823351824011674
89430 24 0.3427081362069777	88866 25 0.3300684363938824	89283 11 0.287341910790461
89535 25 0.3422815596382726	88965 25 0.3224567691766239	89400 10 0.2895091538460157
89624 26 0.3430750802027563	89060 25 0.3251813033036068	89511 10 0.2880956259839313
89743 27 0.3431478319777506	89152 24 0.3241596030059883	89606 11 0.2891465177186247
89850 26 0.3393899013207857	89262 25 0.3244048110774168	89688 12 0.2953747614520875
89941 27 0.34403330556902	89366 26 0.3254367283780115	89805 11 0.3000972872721911
90037 28 0.3416765638916462	89466 26 0.3283817858239882	89904 12 0.2949401333889735
90126 29 0.3342004182735613	89564 25 0.3277473428972412	90001 11 0.2990269345794478
90229 28 0.3374942095945199	89669 25 0.3252323883184878	90116 11 0.294762446380692
90343 28 0.3407847090804368	89770 25 0.3261539219202614	90218 11 0.2950568991372728
90442 27 0.3428281096756738	89861 25 0.3228484209573778	90307 12 0.2950568991372728
90523 26 0.3370136134063572	89963 26 0.3216948883632922	90395 12 0.2996635117477534
90623 24 0.3298692794733797	90076 27 0.3203634418215992	90511 12 0.3008400151207687
90717 25 0.3330444731380101	90170 26 0.3255097840614558	90616 13 0.3007825168356213
90829 26 0.3328368523396252	90257 26 0.3225771257997728	90716 13 0.3041095921637639
90928 27 0.3370391604402033	90347 25 0.3266639269902472	90800 12 0.3043528541393873
91040 28 0.3394706990321019	90445 24 0.3241489724114938	90922 11 0.3008554954283084
91132 27 0.3375652943212184	90547 25 0.3229480534308449	91030 12 0.2954064271743426
91247 28 0.3363060818764911	90622 25 0.3223282219169563	91129 12 0.2981796136964501
91349 29 0.3387742724341957	90729 26 0.3262831908109637	91227 12 0.3017555647381153
91441 29 0.335797265265618	90834 25 0.3279807851516223	91308 13 0.3003513817649779
91548 28 0.3381140359128819	90931 26 0.3255446986660183	91409 12 0.3040503247006121
91651 28 0.3385228619161726	91023 26 0.329304130299014	91507 13 0.2960428889614738
91747 29 0.3392420327750157	91101 27 0.3333909314894883	91644 13 0.2995004411674508
91838 30 0.3440016808301458	91212 27 0.3294781977571267	91749 13 0.3035872423579252
91962 29 0.3402707792815835	91298 27 0.3335649989476011	91872 13 0.2992669096708522
92058 27 0.3359010570418841	91401 27 0.3294597610600268	91986 14 0.3019914437978352
92154 26 0.3384392682554583	91521 28 0.3333314674510025	92082 15 0.30601930074037
92248 27 0.3373748619665636	91629 27 0.3315799812265136	92188 16 0.309356855045924
92344 26 0.3370665335554401	91732 27 0.3285294760521952	92279 15 0.313034976117351
92447 27 0.3400541666732568	91825 26 0.3326162772426696	92393 16 0.3097332060009647
92556 28 0.3424257006445016	91925 26 0.3284916353004315	92481 17 0.3133698667704592
92662 29 0.3443461216416762	92009 26 0.3318745985081019	92583 18 0.316329909710634
92769 30 0.3445103525117974	92107 26 0.3321016430186839	92680 18 0.3202769912022888
92873 29 0.3395532140307591	92211 27 0.3302852869340285	92772 17 0.321399239783165
92968 28 0.3348177142386221	92317 28 0.3347504956421394	92886 16 0.3194693614432189
93065 27 0.3373999997112568	92415 29 0.3345883209917238	92998 16 0.3150456185672926
93174 25 0.3342229983096142	92506 29 0.3315302663078172	93091 15 0.3147731651545943
93279 26 0.3326043289654912	92611 28 0.3356170674982915	93207 15 0.3120486310276114
93368 25 0.3395071890023241	92713 29 0.3354056812298187	93311 16 0.3123891977934843
93467 24 0.339866093978667	92794 29 0.3315302663078172	93414 17 0.31626090418446
93571 25 0.337704954587228	92900 28 0.3324384443501448	93523 18 0.3193074362922653
93664 24 0.338766549848849	93013 29 0.3322270580816721	93625 19 0.3227250536620773
93755 23 0.3346796601994744	93106 30 0.3342548004348	93731 18 0.3255827417125593
93859 22 0.3339762350248715	93182 30 0.3334260879711761	93825 17 0.3232363007418491
93948 21 0.3314032126513288	93275 30 0.3347883550346675	93916 17 0.3201450024054647
94043 20 0.3294259861179919	93340 29 0.3334260879711761	94006 18 0.3179880795549365
94137 19 0.3264119192060362	93445 29 0.3280110763937975	94099 18 0.3212802249583742
94240 20 0.3209106110571032	93556 28 0.3280110763937975	94211 18 0.3223505776511175
94335 19 0.3246854963366115	93651 28 0.3301836574864348	94306 18 0.3213742862556152
94419 20 0.3259927487686927	93739 29 0.3280040301848485	94410 19 0.3210756353993883
94511 21 0.327623525840225	93844 29 0.3282154164533213	94517 18 0.3238312554880703
94610 22 0.3267792958232086	93947 28 0.3309399505803042	94615 19 0.3205342215664622
94706 21 0.3341467722463912	94072 29 0.3348153655023058	94711 19 0.3259510256005032
94788 22 0.3313691627792723	94179 29 0.3317913674949864	94806 20 0.324961378645555
94884 23 0.3313337471688554	94287 28 0.3371496179447194	94916 19 0.3286394997169819
94987 24 0.332662765223979	94399 28 0.338300498739738	95006 19 0.3262098739542933
95073 22 0.3284073101566251	94476 28 0.3362570981445008	95116 18 0.3231270812813923
95168 21 0.3320033888031243	94594 28 0.3291051960611708	95225 17 0.3184966768703668
95273 20 0.3277291608147963	94678 29 0.3331919972516451	95323 17 0.3185420857724831
95376 19 0.3296074664818219	94772 29 0.3334033835201179	95422 18 0.3168130544995902
95476 20 0.3255204157918853	94877 30 0.3364684844129737	95519 17 0.321671807026043
95573 19 0.3299058678385867	94984 29 0.3364684844129737	95634 17 0.3191483694655755
95677 18 0.3271922890061703	95084 29 0.3356511241748788	95712 16 0.3153145607297496
95771 17 0.3214531543487648	95179 28 0.3347997072601966	95789 15 0.3157534449601594
95877 18 0.3161612934377404	95286 27 0.3333963373111689	95879 15 0.3120004740500791
95986 17 0.321837406202288	95387 28 0.3292446662605282	95965 14 0.3133947944562409
96073 16 0.3152107004868425	95502 27 0.3326016815241322	96052 15 0.309716673384814
96171 16 0.3103134076317026	95612 26 0.3333314674510025	96165 14 0.3113513938610037
96280 15 0.3065618450804286	95715 27 0.332146454435246	96274 15 0.3096651590840938
96386 16 0.3036018097242509	95836 28 0.3284380607624082	96378 15 0.3115498780213858
96458 16 0.3069190108987557	95928 28 0.3285148803336578	96479 15 0.3071906234182131
96552 17 0.3112499662378529	96020 28 0.3326016815241322	96578 14 0.3084487171180259
96646 18 0.3208191499522693	96132 27 0.3301895469868972	96696 14 0.3084487171180259
96741 19 0.3236766672925931	96221 27 0.3279904587272611	96802 13 0.3079846481183749
96821 18 0.3226486507191162	96305 27 0.3319410332113863	96902 14 0.3035226621116505
96915 18 0.3189294013326376	96391 28 0.3329909006851296	97001 14 0.3081932920436212
97005 17 0.3226839578774577	96493 28 0.3294111086649021	97092 15 0.309010652281716
97097 16 0.3221257162608296	96595 28 0.3356667824169879	97183 14 0.3120386004364766
97202 17 0.3177529563318226	96709 28 0.3290257304824671	97276 15 0.3080199125991768
97313 18 0.3175304975413022	96811 28 0.3328854871623596	97370 15 0.3092459529563191
97406 19 0.3262183733504457	96910 28 0.3344180376087874	97456 14 0.3130293401190158
97526 18 0.3297653733782792	97019 27 0.3337369040770416	97556 15 0.30989789505099
97629 19 0.3277338954585799	97125 26 0.3354883903015306	97667 14 0.3133814065419182
97747 18 0.329875831926939	97217 27 0.3336635526690663	97739 15 0.3107930991212844
97855 19 0.3259142958809163	97303 27 0.3355745106331307	97829 16 0.3130013564861557
97956 18 0.3277312042631426	97408 27 0.3342122435696392	97928 16 0.3186748891994468
98049 17 0.3258173726780796	97516 27 0.3360285996542944	98050 17 0.3193560227311925
98141 16 0.3201911860690688	97630 26 0.338386619071338	98153 16 0.3225584430579885
98238 15 0.3197096955570491	97720 27 0.3349593281258874	98255 15 0.3193560227311925
98345 16 0.3123516157695497	97812 28 0.3367973074972647	98355 15 0.3164874026648018
98442 17 0.3132806423605191	97919 27 0.3348054212027478	98459 14 0.3164070241448843
98549 16 0.3161950228964501	98016 27 0.3348998640874016	98542 15 0.3112693312197166
98647 15 0.3176404866896932	98112 26 0.338986665277876	98636 14 0.3149426891195927
98749 16 0.310037562989945	98215 25 0.3345214565697651	98742 15 0.312631598283208
98831 15 0.3102968949991097	98300 24 0.3298657966055251	98840 15 0.3148604393537089
98926 13 0.3060441171599981	98402 23 0.3272502438436215	98923 15 0.3144487652411153
99043 14 0.2985847693643993	98504 22 0.3299747779706044	99010 14 0.3136338376227767
99144 15 0.3091375986166766	98606 21 0.3281761905867773	99119 15 0.3076568908817079
99241 16 0.313467838700575	98705 22 0.3249769270285777	99237 16 0.3122940255108813
99360 17 0.3182101475598523	98811 23 0.3233693339484575	99335 17 0.3137754909424282
99449 18 0.3205382718712845	98914 23 0.3257744545248392	99433 16 0.319302270940643
99543 17 0.326055702977887	99021 24 0.3232202037807926	99558 17 0.3154558698201965
99636 16 0.3236928183213311	99128 25 0.3266988500322083	99661 18 0.3192760734971143
99747 15 0.3199096653145467	99225 25 0.3291343889321505	99768 19 0.3223979355176156
99853 14 0.317532890046629	99351 24 0.3291343889321505	99859 19 0.320870273589358
99942 13 0.3125045912947416	99449 25 0.3285622367654841	99948 19 0.3213392078285214
100053 14 0.3082444106598229	99535 26 0.3286965173760283	100072 19 0.3244043087213772
100134 15 0.3136807544412176	99637 25 0.3315196037905714	100189 19 0.324309997924674
100223 14 0.3152934055558893	99737 24 0.3328579189056938	100292 19 0.3263905512580063
100331 13 0.3124966299937212	99838 23 0.3262571374975235	100366 19 0.3271689895800015
100448 14 0.3068698047138383	99948 24 0.3289816716245064	100456 18 0.3256899567682107
100540 13 0.3086189640846474	100045 23 0.3296628051562521	100560 18 0.3226199673571846
100646 14 0.2991384835208107	100145 24 0.3278869927342009	100678 17 0.3210905129722647
100730 15 0.3051478651919626	100246 23 0.3273950629612734	100775 18 0.3215074492553333
100838 16 0.315394851436811	100337 22 0.3273128944717294	100875 17 0.3226880807103592
100939 15 0.3191854080689404	100425 21 0.3244699023392256	100962 18 0.3176931014775572
101035 16 0.3144753211689543	100529 22 0.3221544906257912	101070 19 0.3210533602341695
101136 17 0.3191872319210307	100627 22 0.3263430195515263	101172 18 0.3244948770261478
101250 18 0.322335544887188	100707 21 0.3262700409588393	101274 19 0.3216663804127405
101351 17 0.3241931271178633	100806 20 0.3217652714647937	101377 18 0.324055236292021
101432 18 0.3219294031539732	100903 21 0.3208895283525492	101470 19 0.3229125451696844
101530 17 0.3255363148107177	101004 21 0.3212787475135467	101581 20 0.3233570744219816
101628 16 0.3208024367650848	101097 21 0.3247033355481572	101670 21 0.3280173104331757
101752 15 0.3185784484591233	101193 20 0.3270274230383445	101777 22 0.3303647884979423
101849 16 0.3153523081384047	101293 19 0.3237190601698653	101881 21 0.3321279955267113
101954 15 0.3164742323699802	101390 20 0.321385242200653	101977 20 0.3305496675994161
102037 14 0.3132038557946176	101497 19 0.3253245892089802	102077 19 0.3274359143114356
102138 13 0.3074293570754844	101573 20 0.3236606772957157	102173 18 0.3266440880751177
102234 14 0.3043831765585104	101679 21 0.3254997378314291	102266 18 0.3241933109656785
102341 13 0.3078522170806322	101766 20 0.3274555641154419	102349 17 0.325635191039374
102420 14 0.2998925604885011	101866 19 0.3231999765388042	102457 16 0.3226836124018093
102509 15 0.3073661089618222	101969 19 0.3214971427094398	102559 16 0.3194332031216403
102613 14 0.3092155518550574	102079 20 0.3204224653593521	102650 15 0.3186019106067597
102713 13 0.2991604532382031	102188 21 0.3210354855379233	102758 16 0.3158773764797768
102817 14 0.2948393096778781	102282 22 0.3252141856969666	102868 15 0.3184784083729816
102920 15 0.299262623267965	102394 21 0.3271647044469656	102968 14 0.3143916071825073
103013 16 0.3033109862211215	102506 21 0.3261775031204355	103072 15 0.3109147301090962
103114 17 0.3079762672347978	102594 22 0.3263477865033719	103179 14 0.3153001821557975
103201 16 0.3105241330841969	102690 22 0.3245520708287695	103277 15 0.3107737402311963
103303 17 0.3126079752506687	102801 21 0.3243477307692458	103387 15 0.3157964365860693
103408 18 0.31613213249557	102899 20 0.3254623129121024	103479 14 0.3148572979286623
103502 19 0.319633607947775	103009 19 0.32346756471199	103591 14 0.3115197436231083
103608 20 0.3198006937981303	103091 20 0.3210306202984108	103697 15 0.3124588822805153
103699 21 0.3262251539363794	103189 21 0.3241486982437357	103797 15 0.3162763261197993
103793 22 0.326230143925623	103302 22 0.3255596177023519	103899 14 0.314926222155089
103880 22 0.3264909275680221	103409 21 0.3286831997570241	104000 13 0.3108394209646146
103980 23 0.3236704372610407	103519 22 0.3269759429826485	104103 14 0.3060155359880012
104104 24 0.3297488136693367	103620 21 0.3293643332887699	104198 14 0.3099447782681101
104195 23 0.3311068129788699	103705 22 0.3270732477728979	104291 13 0.3092831056944143
104313 23 0.3291133621759608	103809 21 0.3301816935268647	104407 12 0.3044227314214573
104417 22 0.3271357309521087	103908 22 0.326732681007025	104526 13 0.2998015023829979
104556 23 0.3221658959744116	104012 21 0.3315180695496758	104636 12 0.3051289696691407
104651 22 0.3303356527029509	104108 22 0.3258213163750752	104746 12 0.2995960695958831
104756 21 0.3279413645615522	104203 21 0.3286573087163437	104863 13 0.2982904162285367
104858 20 0.3277682799801085	104297 22 0.3268743704384408	104950 14 0.3030385230817332
104943 19 0.3262290747807842	104397 23 0.3283772871532927	105055 14 0.3028049915851347
105022 20 0.3255467367688764	104504 24 0.3341340171715978	105159 14 0.3045759387676735
105110 19 0.3274131992282807	104595 25 0.3337934504057249	105249 15 0.3041672586486261
105202 18 0.3246612631776069	104711 25 0.3345169655794459	105347 14 0.3079134930732276
105294 19 0.3218454910367708	104813 24 0.331325368459266	105442 15 0.3062787725970378
105402 20 0.3250018299434798	104925 24 0.3342853801786524	105539 14 0.3065512260097361
105500 19 0.3245118129997623	105031 24 0.3336139771259316	105651 15 0.30188236525577
105601 20 0.3241828479588806	105136 23 0.3329328435941859	105738 14 0.3107515494555015
105702 19 0.324951555801851	105235 23 0.3308797125199238	105836 13 0.3063922948523288
105822 20 0.3211042325118237	105326 23 0.3272794352806963	105947 13 0.3025516175430735
105920 21 0.3241190592630506	105431 23 0.3270459037840978	106049 14 0.3046315074346542
106026 22 0.3281086804130067	105530 24 0.3311327049745721	106161 13 0.3052153361761505
106140 23 0.336364873920467	105639 25 0.3297704379110807	106277 12 0.2998373752689054
106252 24 0.3372724553336459	105727 25 0.3304398948679965	106377 13 0.2999159675994915
106354 23 0.3361847831377229	105825 25 0.3335049957608522	106473 14 0.2995454608981573
106440 23 0.3388209737456532	105918 25 0.3299631013957744	106578 14 0.3044914061484219
106553 24 0.3388209737456532	106014 26 0.3297295698991759	106694 13 0.3072645926705295
106654 23 0.3408245678357884	106116 25 0.3319407085273596	106803 12 0.3032750962703045
106744 24 0.3402145416507634	106213 26 0.3330718216773627	106891 11 0.3009376678971101
106835 25 0.3419173754801277	106318 26 0.3335433756608789	106983 10 0.2961451728214153
106932 26 0.3437161654894905	106417 27 0.3368059480398291	107077 9 0.2907049504574721
107019 25 0.3448749920046772	106519 26 0.3352771816685776	107170 9 0.2855283356162046
107121 24 0.3440261685712466	106608 27 0.330818841533896	107272 10 0.2843966060557655
107239 23 0.3414812277384713	106703 27 0.3307496470163854	107360 9 0.2914463381093338
107353 24 0.3383650418307347	106805 26 0.3345960481368319	107472 10 0.2838176425537817
107457 23 0.341653132867912	106899 25 0.3327580687654546	107561 11 0.2903565244585407
107567 24 0.3401247105034946	107007 26 0.330374946483168	107652 12 0.2956198290220303
107649 25 0.3413158095950475	107106 25 0.3264162706047414	107761 12 0.3007283305101233
107768 26 0.3434394855081518	107216 26 0.3303720845775724	107901 12 0.2990275000146759
107900 27 0.3430862376609187	107313 27 0.3271002660420828	107975 13 0.2997485461221506
108014 28 0.3455615634084296	107413 27 0.3334770430489639	108077 14 0.2995769528670377
