
ASes= { 1, 2, 3, 4, 5 } ;


Objects= { 1, 2, 3, 4, 5, 6, 7, 8, 9, 10, 11, 12, 13, 14, 15, 16, 17, 18, 19, 20, 21, 22, 23, 24, 25, 26, 27, 28, 29, 30, 31, 32, 33, 34, 35, 36, 37, 38, 39, 40, 41, 42, 43, 44, 45, 46, 47, 48, 49, 50, 51, 52, 53, 54, 55, 56, 57, 58, 59, 60, 61, 62, 63, 64, 65, 66, 67, 68, 69, 70, 71, 72, 73, 74, 75, 76, 77, 78, 79, 80, 81, 82, 83, 84, 85, 86, 87, 88, 89, 90, 91, 92, 93, 94, 95, 96, 97, 98, 99, 100, 101, 102, 103, 104, 105, 106, 107, 108, 109, 110, 111, 112, 113, 114, 115, 116, 117, 118, 119, 120, 121, 122, 123, 124, 125, 126, 127, 128, 129, 130, 131, 132, 133, 134, 135, 136, 137, 138, 139, 140, 141, 142, 143, 144, 145, 146, 147, 148, 149, 150, 151, 152, 153, 154, 155, 156, 157, 158, 159, 160, 161, 162, 163, 164, 165, 166, 167, 168, 169, 170, 171, 172, 173, 174, 175, 176, 177, 178, 179, 180, 181, 182, 183, 184, 185, 186, 187, 188, 189, 190, 191, 192, 193, 194, 195, 196, 197, 198, 199, 200, 201, 202, 203, 204, 205, 206, 207, 208, 209, 210, 211, 212, 213, 214, 215, 216, 217, 218, 219, 220, 221, 222, 223, 224, 225, 226, 227, 228, 229, 230, 231, 232, 233, 234, 235, 236, 237, 238, 239, 240, 241, 242, 243, 244, 245, 246, 247, 248, 249, 250, 251, 252, 253, 254, 255, 256, 257, 258, 259, 260, 261, 262, 263, 264, 265, 266, 267, 268, 269, 270, 271, 272, 273, 274, 275, 276, 277, 278, 279, 280, 281, 282, 283, 284, 285, 286, 287, 288, 289, 290, 291, 292, 293, 294, 295, 296, 297, 298, 299, 300, 301, 302, 303, 304, 305, 306, 307, 308, 309, 310, 311, 312, 313, 314, 315, 316, 317, 318, 319, 320, 321, 322, 323, 324, 325, 326, 327, 328, 329, 330, 331, 332, 333, 334, 335, 336, 337, 338, 339, 340, 341, 342, 343, 344, 345, 346, 347, 348, 349, 350, 351, 352, 353, 354, 355, 356, 357, 358, 359, 360, 361, 362, 363, 364, 365, 366, 367, 368, 369, 370, 371, 372, 373, 374, 375, 376, 377, 378, 379, 380, 381, 382, 383, 384, 385, 386, 387, 388, 389, 390, 391, 392, 393, 394, 395, 396, 397, 398, 399, 400, 401, 402, 403, 404, 405, 406, 407, 408, 409, 410, 411, 412, 413, 414, 415, 416, 417, 418, 419, 420, 421, 422, 423, 424, 425, 426, 427, 428, 429, 430, 431, 432, 433, 434, 435, 436, 437, 438, 439, 440, 441, 442, 443, 444, 445, 446, 447, 448, 449, 450, 451, 452, 453, 454, 455, 456, 457, 458, 459, 460, 461, 462, 463, 464, 465, 466, 467, 468, 469, 470, 471, 472, 473, 474, 475, 476, 477, 478, 479, 480, 481, 482, 483, 484, 485, 486, 487, 488, 489, 490, 491, 492, 493, 494, 495, 496, 497, 498, 499, 500, 501, 502, 503, 504, 505, 506, 507, 508, 509, 510, 511, 512, 513, 514, 515, 516, 517, 518, 519, 520, 521, 522, 523, 524, 525, 526, 527, 528, 529, 530, 531, 532, 533, 534, 535, 536, 537, 538, 539, 540, 541, 542, 543, 544, 545, 546, 547, 548, 549, 550, 551, 552, 553, 554, 555, 556, 557, 558, 559, 560, 561, 562, 563, 564, 565, 566, 567, 568, 569, 570, 571, 572, 573, 574, 575, 576, 577, 578, 579, 580, 581, 582, 583, 584, 585, 586, 587, 588, 589, 590, 591, 592, 593, 594, 595, 596, 597, 598, 599, 600, 601, 602, 603, 604, 605, 606, 607, 608, 609, 610, 611, 612, 613, 614, 615, 616, 617, 618, 619, 620, 621, 622, 623, 624, 625, 626, 627, 628, 629, 630, 631, 632, 633, 634, 635, 636, 637, 638, 639, 640, 641, 642, 643, 644, 645, 646, 647, 648, 649, 650, 651, 652, 653, 654, 655, 656, 657, 658, 659, 660, 661, 662, 663, 664, 665, 666, 667, 668, 669, 670, 671, 672, 673, 674, 675, 676, 677, 678, 679, 680, 681, 682, 683, 684, 685, 686, 687, 688, 689, 690, 691, 692, 693, 694, 695, 696, 697, 698, 699, 700, 701, 702, 703, 704, 705, 706, 707, 708, 709, 710, 711, 712, 713, 714, 715, 716, 717, 718, 719, 720, 721, 722, 723, 724, 725, 726, 727, 728, 729, 730, 731, 732, 733, 734, 735, 736, 737, 738, 739, 740, 741, 742, 743, 744, 745, 746, 747, 748, 749, 750, 751, 752, 753, 754, 755, 756, 757, 758, 759, 760, 761, 762, 763, 764, 765, 766, 767, 768, 769, 770, 771, 772, 773, 774, 775, 776, 777, 778, 779, 780, 781, 782, 783, 784, 785, 786, 787, 788, 789, 790, 791, 792, 793, 794, 795, 796, 797, 798, 799, 800, 801, 802, 803, 804, 805, 806, 807, 808, 809, 810, 811, 812, 813, 814, 815, 816, 817, 818, 819, 820, 821, 822, 823, 824, 825, 826, 827, 828, 829, 830, 831, 832, 833, 834, 835, 836, 837, 838, 839, 840, 841, 842, 843, 844, 845, 846, 847, 848, 849, 850, 851, 852, 853, 854, 855, 856, 857, 858, 859, 860, 861, 862, 863, 864, 865, 866, 867, 868, 869, 870, 871, 872, 873, 874, 875, 876, 877, 878, 879, 880, 881, 882, 883, 884, 885, 886, 887, 888, 889, 890, 891, 892, 893, 894, 895, 896, 897, 898, 899, 900, 901, 902, 903, 904, 905, 906, 907, 908, 909, 910, 911, 912, 913, 914, 915, 916, 917, 918, 919, 920, 921, 922, 923, 924, 925, 926, 927, 928, 929, 930, 931, 932, 933, 934, 935, 936, 937, 938, 939, 940, 941, 942, 943, 944, 945, 946, 947, 948, 949, 950, 951, 952, 953, 954, 955, 956, 957, 958, 959, 960, 961, 962, 963, 964, 965, 966, 967, 968, 969, 970, 971, 972, 973, 974, 975, 976, 977, 978, 979, 980, 981, 982, 983, 984, 985, 986, 987, 988, 989, 990, 991, 992, 993, 994, 995, 996, 997, 998, 999, 1000 } ;


QualityLevels= { 0, 1, 2, 3, 4, 5 } ;

Arcs = { <1,2,490000>, <2,1,490000>,<1,3,490000>, <3,1,490000>,<1,4,490000>, <4,1,490000>,<2,5,490000>, <5,2,490000> }; 


RatePerQuality= [ 0  300  700  1500  2500  3500 ] ;


CacheSpacePerQuality= [ 10000  11.25  26.25  56.25  93.75  131.25 ] ;


UtilityPerQuality= [ 0  0.2  0.4  0.6  0.8  1 ] ;


ObjectsPublishedByProducers=[ [ 0  0  1  0  0 ]  [ 1  0  0  0  0 ]  [ 0  1  0  0  0 ]  [ 0  0  0  1  0 ]  [ 0  0  0  0  1 ]  [ 0  0  0  0  1 ]  [ 0  1  0  0  0 ]  [ 0  1  0  0  0 ]  [ 0  0  1  0  0 ]  [ 0  0  1  0  0 ]  [ 1  0  0  0  0 ]  [ 0  0  0  0  1 ]  [ 0  1  0  0  0 ]  [ 0  0  1  0  0 ]  [ 0  0  0  0  1 ]  [ 0  1  0  0  0 ]  [ 0  0  0  1  0 ]  [ 1  0  0  0  0 ]  [ 1  0  0  0  0 ]  [ 0  0  1  0  0 ]  [ 0  0  1  0  0 ]  [ 0  0  0  0  1 ]  [ 1  0  0  0  0 ]  [ 0  0  0  1  0 ]  [ 0  0  0  1  0 ]  [ 0  0  0  0  1 ]  [ 0  0  1  0  0 ]  [ 0  0  0  1  0 ]  [ 0  0  0  0  1 ]  [ 0  0  0  0  1 ]  [ 0  0  0  1  0 ]  [ 0  0  0  1  0 ]  [ 0  0  0  1  0 ]  [ 0  0  0  0  1 ]  [ 0  0  0  1  0 ]  [ 0  0  1  0  0 ]  [ 1  0  0  0  0 ]  [ 0  0  0  0  1 ]  [ 0  1  0  0  0 ]  [ 0  0  1  0  0 ]  [ 1  0  0  0  0 ]  [ 1  0  0  0  0 ]  [ 0  0  1  0  0 ]  [ 0  0  0  1  0 ]  [ 0  1  0  0  0 ]  [ 0  1  0  0  0 ]  [ 1  0  0  0  0 ]  [ 0  0  0  0  1 ]  [ 1  0  0  0  0 ]  [ 0  1  0  0  0 ]  [ 0  0  0  1  0 ]  [ 0  0  0  0  1 ]  [ 1  0  0  0  0 ]  [ 1  0  0  0  0 ]  [ 0  0  0  0  1 ]  [ 0  0  0  0  1 ]  [ 0  0  1  0  0 ]  [ 0  0  0  1  0 ]  [ 0  1  0  0  0 ]  [ 0  0  0  0  1 ]  [ 0  0  1  0  0 ]  [ 0  0  0  0  1 ]  [ 0  1  0  0  0 ]  [ 0  1  0  0  0 ]  [ 0  0  0  1  0 ]  [ 0  0  0  0  1 ]  [ 0  0  0  0  1 ]  [ 0  1  0  0  0 ]  [ 0  0  0  0  1 ]  [ 0  0  0  1  0 ]  [ 0  0  0  0  1 ]  [ 0  0  1  0  0 ]  [ 0  0  1  0  0 ]  [ 0  1  0  0  0 ]  [ 1  0  0  0  0 ]  [ 0  0  0  0  1 ]  [ 0  0  0  1  0 ]  [ 0  0  1  0  0 ]  [ 0  0  0  0  1 ]  [ 1  0  0  0  0 ]  [ 0  1  0  0  0 ]  [ 0  0  0  0  1 ]  [ 1  0  0  0  0 ]  [ 0  0  0  1  0 ]  [ 0  0  0  0  1 ]  [ 1  0  0  0  0 ]  [ 0  0  0  0  1 ]  [ 0  0  0  0  1 ]  [ 0  0  0  1  0 ]  [ 0  0  0  0  1 ]  [ 1  0  0  0  0 ]  [ 0  0  1  0  0 ]  [ 0  1  0  0  0 ]  [ 1  0  0  0  0 ]  [ 1  0  0  0  0 ]  [ 0  1  0  0  0 ]  [ 1  0  0  0  0 ]  [ 0  0  0  0  1 ]  [ 0  0  0  0  1 ]  [ 0  0  0  0  1 ]  [ 0  0  1  0  0 ]  [ 1  0  0  0  0 ]  [ 0  0  0  0  1 ]  [ 0  0  1  0  0 ]  [ 0  0  0  0  1 ]  [ 0  0  0  0  1 ]  [ 0  0  0  1  0 ]  [ 0  0  0  1  0 ]  [ 0  0  0  0  1 ]  [ 0  1  0  0  0 ]  [ 0  1  0  0  0 ]  [ 0  0  0  0  1 ]  [ 0  0  1  0  0 ]  [ 0  0  0  1  0 ]  [ 0  0  1  0  0 ]  [ 0  0  0  0  1 ]  [ 1  0  0  0  0 ]  [ 0  1  0  0  0 ]  [ 0  1  0  0  0 ]  [ 1  0  0  0  0 ]  [ 0  0  0  1  0 ]  [ 1  0  0  0  0 ]  [ 0  1  0  0  0 ]  [ 0  0  1  0  0 ]  [ 0  0  1  0  0 ]  [ 0  0  1  0  0 ]  [ 0  1  0  0  0 ]  [ 0  0  0  1  0 ]  [ 0  0  1  0  0 ]  [ 0  1  0  0  0 ]  [ 0  0  0  1  0 ]  [ 0  0  1  0  0 ]  [ 0  0  1  0  0 ]  [ 0  0  0  0  1 ]  [ 0  0  1  0  0 ]  [ 0  0  0  1  0 ]  [ 0  1  0  0  0 ]  [ 0  0  0  0  1 ]  [ 0  0  0  1  0 ]  [ 0  0  0  0  1 ]  [ 0  0  1  0  0 ]  [ 0  0  0  1  0 ]  [ 0  0  0  0  1 ]  [ 0  0  1  0  0 ]  [ 0  0  1  0  0 ]  [ 1  0  0  0  0 ]  [ 0  0  0  0  1 ]  [ 0  0  0  1  0 ]  [ 0  1  0  0  0 ]  [ 1  0  0  0  0 ]  [ 0  0  1  0  0 ]  [ 0  0  1  0  0 ]  [ 0  0  1  0  0 ]  [ 0  1  0  0  0 ]  [ 0  0  1  0  0 ]  [ 0  1  0  0  0 ]  [ 0  1  0  0  0 ]  [ 0  0  0  0  1 ]  [ 0  0  0  1  0 ]  [ 1  0  0  0  0 ]  [ 0  1  0  0  0 ]  [ 0  0  0  0  1 ]  [ 0  0  0  1  0 ]  [ 0  1  0  0  0 ]  [ 0  0  0  1  0 ]  [ 0  0  0  0  1 ]  [ 0  0  0  1  0 ]  [ 0  1  0  0  0 ]  [ 0  0  1  0  0 ]  [ 0  0  0  1  0 ]  [ 1  0  0  0  0 ]  [ 1  0  0  0  0 ]  [ 0  0  0  1  0 ]  [ 1  0  0  0  0 ]  [ 0  0  0  1  0 ]  [ 1  0  0  0  0 ]  [ 0  1  0  0  0 ]  [ 0  0  0  0  1 ]  [ 0  0  0  1  0 ]  [ 0  0  1  0  0 ]  [ 1  0  0  0  0 ]  [ 0  0  1  0  0 ]  [ 1  0  0  0  0 ]  [ 1  0  0  0  0 ]  [ 0  0  0  0  1 ]  [ 0  0  1  0  0 ]  [ 1  0  0  0  0 ]  [ 1  0  0  0  0 ]  [ 0  1  0  0  0 ]  [ 0  0  0  0  1 ]  [ 0  0  0  1  0 ]  [ 0  0  0  1  0 ]  [ 0  0  0  1  0 ]  [ 0  1  0  0  0 ]  [ 0  0  0  0  1 ]  [ 0  0  1  0  0 ]  [ 0  0  1  0  0 ]  [ 0  1  0  0  0 ]  [ 0  0  0  1  0 ]  [ 0  0  0  0  1 ]  [ 0  0  0  1  0 ]  [ 1  0  0  0  0 ]  [ 1  0  0  0  0 ]  [ 0  0  1  0  0 ]  [ 0  0  0  1  0 ]  [ 0  0  0  1  0 ]  [ 1  0  0  0  0 ]  [ 0  1  0  0  0 ]  [ 0  0  0  1  0 ]  [ 0  0  0  1  0 ]  [ 0  1  0  0  0 ]  [ 1  0  0  0  0 ]  [ 1  0  0  0  0 ]  [ 0  0  0  1  0 ]  [ 1  0  0  0  0 ]  [ 0  1  0  0  0 ]  [ 0  0  0  0  1 ]  [ 1  0  0  0  0 ]  [ 0  0  0  1  0 ]  [ 0  1  0  0  0 ]  [ 0  0  1  0  0 ]  [ 0  0  1  0  0 ]  [ 1  0  0  0  0 ]  [ 0  0  0  1  0 ]  [ 0  1  0  0  0 ]  [ 0  1  0  0  0 ]  [ 1  0  0  0  0 ]  [ 0  0  0  1  0 ]  [ 0  0  0  1  0 ]  [ 0  0  0  1  0 ]  [ 1  0  0  0  0 ]  [ 0  1  0  0  0 ]  [ 1  0  0  0  0 ]  [ 1  0  0  0  0 ]  [ 0  0  1  0  0 ]  [ 0  0  0  0  1 ]  [ 0  0  1  0  0 ]  [ 0  0  1  0  0 ]  [ 0  0  1  0  0 ]  [ 1  0  0  0  0 ]  [ 0  1  0  0  0 ]  [ 1  0  0  0  0 ]  [ 0  0  0  1  0 ]  [ 0  1  0  0  0 ]  [ 0  1  0  0  0 ]  [ 0  0  0  1  0 ]  [ 0  0  0  0  1 ]  [ 0  0  0  1  0 ]  [ 0  0  1  0  0 ]  [ 0  0  0  1  0 ]  [ 1  0  0  0  0 ]  [ 0  0  0  0  1 ]  [ 1  0  0  0  0 ]  [ 0  0  0  0  1 ]  [ 0  0  0  1  0 ]  [ 0  1  0  0  0 ]  [ 1  0  0  0  0 ]  [ 0  0  1  0  0 ]  [ 0  1  0  0  0 ]  [ 0  0  1  0  0 ]  [ 0  0  1  0  0 ]  [ 1  0  0  0  0 ]  [ 0  0  1  0  0 ]  [ 0  0  0  1  0 ]  [ 1  0  0  0  0 ]  [ 0  0  0  0  1 ]  [ 0  0  1  0  0 ]  [ 0  0  1  0  0 ]  [ 0  0  0  1  0 ]  [ 0  1  0  0  0 ]  [ 0  0  1  0  0 ]  [ 1  0  0  0  0 ]  [ 0  0  0  1  0 ]  [ 1  0  0  0  0 ]  [ 1  0  0  0  0 ]  [ 0  0  0  1  0 ]  [ 0  0  0  1  0 ]  [ 0  0  0  0  1 ]  [ 0  0  1  0  0 ]  [ 0  1  0  0  0 ]  [ 0  0  1  0  0 ]  [ 0  0  1  0  0 ]  [ 1  0  0  0  0 ]  [ 0  0  0  1  0 ]  [ 0  0  0  0  1 ]  [ 0  0  0  0  1 ]  [ 0  0  0  1  0 ]  [ 0  0  1  0  0 ]  [ 1  0  0  0  0 ]  [ 1  0  0  0  0 ]  [ 1  0  0  0  0 ]  [ 0  0  1  0  0 ]  [ 0  0  0  1  0 ]  [ 0  1  0  0  0 ]  [ 1  0  0  0  0 ]  [ 0  0  0  0  1 ]  [ 0  1  0  0  0 ]  [ 0  1  0  0  0 ]  [ 0  0  0  1  0 ]  [ 0  0  0  0  1 ]  [ 0  0  0  1  0 ]  [ 0  0  0  1  0 ]  [ 0  0  1  0  0 ]  [ 0  0  0  1  0 ]  [ 1  0  0  0  0 ]  [ 0  0  0  0  1 ]  [ 0  1  0  0  0 ]  [ 0  1  0  0  0 ]  [ 1  0  0  0  0 ]  [ 0  0  0  1  0 ]  [ 0  0  0  1  0 ]  [ 0  0  0  1  0 ]  [ 0  0  0  1  0 ]  [ 1  0  0  0  0 ]  [ 1  0  0  0  0 ]  [ 0  0  0  1  0 ]  [ 0  0  0  1  0 ]  [ 0  0  0  0  1 ]  [ 0  0  0  0  1 ]  [ 0  0  0  0  1 ]  [ 0  0  0  1  0 ]  [ 0  0  1  0  0 ]  [ 0  0  0  1  0 ]  [ 0  0  1  0  0 ]  [ 0  0  0  0  1 ]  [ 0  0  1  0  0 ]  [ 0  0  1  0  0 ]  [ 0  1  0  0  0 ]  [ 0  0  0  1  0 ]  [ 0  1  0  0  0 ]  [ 0  0  0  0  1 ]  [ 1  0  0  0  0 ]  [ 0  0  1  0  0 ]  [ 0  0  0  0  1 ]  [ 0  1  0  0  0 ]  [ 0  0  1  0  0 ]  [ 1  0  0  0  0 ]  [ 0  0  1  0  0 ]  [ 0  1  0  0  0 ]  [ 1  0  0  0  0 ]  [ 1  0  0  0  0 ]  [ 0  0  0  1  0 ]  [ 0  0  1  0  0 ]  [ 0  0  0  0  1 ]  [ 1  0  0  0  0 ]  [ 0  0  0  1  0 ]  [ 1  0  0  0  0 ]  [ 0  0  1  0  0 ]  [ 1  0  0  0  0 ]  [ 0  0  1  0  0 ]  [ 0  0  0  1  0 ]  [ 1  0  0  0  0 ]  [ 1  0  0  0  0 ]  [ 1  0  0  0  0 ]  [ 1  0  0  0  0 ]  [ 0  1  0  0  0 ]  [ 0  1  0  0  0 ]  [ 0  0  1  0  0 ]  [ 0  0  0  0  1 ]  [ 0  0  1  0  0 ]  [ 0  1  0  0  0 ]  [ 0  1  0  0  0 ]  [ 0  0  0  1  0 ]  [ 0  0  1  0  0 ]  [ 1  0  0  0  0 ]  [ 1  0  0  0  0 ]  [ 0  0  0  0  1 ]  [ 0  0  0  0  1 ]  [ 1  0  0  0  0 ]  [ 0  0  0  0  1 ]  [ 0  0  0  1  0 ]  [ 0  0  0  1  0 ]  [ 0  0  0  1  0 ]  [ 0  0  1  0  0 ]  [ 0  1  0  0  0 ]  [ 0  0  0  0  1 ]  [ 0  0  0  0  1 ]  [ 0  0  1  0  0 ]  [ 0  0  0  1  0 ]  [ 0  0  1  0  0 ]  [ 0  0  1  0  0 ]  [ 0  0  0  1  0 ]  [ 1  0  0  0  0 ]  [ 0  0  0  1  0 ]  [ 0  0  0  0  1 ]  [ 0  1  0  0  0 ]  [ 0  0  0  1  0 ]  [ 0  0  1  0  0 ]  [ 0  0  0  0  1 ]  [ 0  0  0  0  1 ]  [ 0  1  0  0  0 ]  [ 0  0  0  0  1 ]  [ 0  1  0  0  0 ]  [ 0  1  0  0  0 ]  [ 0  0  0  1  0 ]  [ 0  0  0  0  1 ]  [ 0  0  0  0  1 ]  [ 0  0  0  1  0 ]  [ 0  0  0  0  1 ]  [ 0  0  0  0  1 ]  [ 1  0  0  0  0 ]  [ 1  0  0  0  0 ]  [ 0  0  0  1  0 ]  [ 0  1  0  0  0 ]  [ 0  0  1  0  0 ]  [ 0  0  1  0  0 ]  [ 0  0  0  0  1 ]  [ 1  0  0  0  0 ]  [ 0  0  1  0  0 ]  [ 0  1  0  0  0 ]  [ 1  0  0  0  0 ]  [ 0  0  0  1  0 ]  [ 0  1  0  0  0 ]  [ 1  0  0  0  0 ]  [ 0  0  0  1  0 ]  [ 0  1  0  0  0 ]  [ 0  1  0  0  0 ]  [ 0  0  0  0  1 ]  [ 1  0  0  0  0 ]  [ 1  0  0  0  0 ]  [ 1  0  0  0  0 ]  [ 0  0  0  0  1 ]  [ 0  0  1  0  0 ]  [ 0  0  0  1  0 ]  [ 0  0  0  1  0 ]  [ 0  0  0  0  1 ]  [ 0  1  0  0  0 ]  [ 0  0  1  0  0 ]  [ 0  1  0  0  0 ]  [ 0  1  0  0  0 ]  [ 0  0  0  1  0 ]  [ 0  0  0  0  1 ]  [ 0  0  1  0  0 ]  [ 0  1  0  0  0 ]  [ 0  0  1  0  0 ]  [ 1  0  0  0  0 ]  [ 1  0  0  0  0 ]  [ 0  1  0  0  0 ]  [ 0  0  0  1  0 ]  [ 1  0  0  0  0 ]  [ 1  0  0  0  0 ]  [ 0  0  1  0  0 ]  [ 0  1  0  0  0 ]  [ 1  0  0  0  0 ]  [ 0  1  0  0  0 ]  [ 0  1  0  0  0 ]  [ 0  0  0  0  1 ]  [ 1  0  0  0  0 ]  [ 1  0  0  0  0 ]  [ 0  0  0  1  0 ]  [ 1  0  0  0  0 ]  [ 0  0  0  0  1 ]  [ 0  0  1  0  0 ]  [ 0  0  0  1  0 ]  [ 0  0  1  0  0 ]  [ 1  0  0  0  0 ]  [ 1  0  0  0  0 ]  [ 0  0  1  0  0 ]  [ 0  1  0  0  0 ]  [ 0  0  0  0  1 ]  [ 0  0  1  0  0 ]  [ 0  0  0  1  0 ]  [ 0  0  0  1  0 ]  [ 0  1  0  0  0 ]  [ 0  0  1  0  0 ]  [ 0  0  1  0  0 ]  [ 0  0  0  0  1 ]  [ 0  0  1  0  0 ]  [ 0  1  0  0  0 ]  [ 0  1  0  0  0 ]  [ 1  0  0  0  0 ]  [ 0  0  0  1  0 ]  [ 0  0  0  1  0 ]  [ 0  0  0  0  1 ]  [ 0  0  0  1  0 ]  [ 0  0  0  0  1 ]  [ 0  0  0  1  0 ]  [ 0  1  0  0  0 ]  [ 0  1  0  0  0 ]  [ 1  0  0  0  0 ]  [ 1  0  0  0  0 ]  [ 0  0  0  0  1 ]  [ 0  0  0  0  1 ]  [ 1  0  0  0  0 ]  [ 0  1  0  0  0 ]  [ 0  0  0  0  1 ]  [ 0  0  0  1  0 ]  [ 0  0  0  1  0 ]  [ 0  0  1  0  0 ]  [ 1  0  0  0  0 ]  [ 0  0  1  0  0 ]  [ 0  1  0  0  0 ]  [ 0  0  0  0  1 ]  [ 1  0  0  0  0 ]  [ 0  1  0  0  0 ]  [ 1  0  0  0  0 ]  [ 0  0  1  0  0 ]  [ 0  0  0  0  1 ]  [ 0  0  0  0  1 ]  [ 0  0  0  1  0 ]  [ 0  0  0  0  1 ]  [ 0  0  0  1  0 ]  [ 0  0  0  0  1 ]  [ 0  0  1  0  0 ]  [ 0  0  0  0  1 ]  [ 0  0  0  0  1 ]  [ 0  0  0  1  0 ]  [ 0  0  0  1  0 ]  [ 0  1  0  0  0 ]  [ 0  1  0  0  0 ]  [ 0  0  0  0  1 ]  [ 0  1  0  0  0 ]  [ 0  0  0  1  0 ]  [ 0  0  0  1  0 ]  [ 0  0  1  0  0 ]  [ 0  0  0  1  0 ]  [ 0  0  0  0  1 ]  [ 1  0  0  0  0 ]  [ 1  0  0  0  0 ]  [ 0  0  0  0  1 ]  [ 1  0  0  0  0 ]  [ 0  0  0  0  1 ]  [ 1  0  0  0  0 ]  [ 0  0  0  0  1 ]  [ 0  1  0  0  0 ]  [ 1  0  0  0  0 ]  [ 0  0  0  1  0 ]  [ 0  0  1  0  0 ]  [ 0  1  0  0  0 ]  [ 0  0  0  0  1 ]  [ 0  0  0  1  0 ]  [ 0  0  1  0  0 ]  [ 0  0  0  1  0 ]  [ 0  0  0  0  1 ]  [ 0  0  0  0  1 ]  [ 1  0  0  0  0 ]  [ 0  0  0  0  1 ]  [ 0  1  0  0  0 ]  [ 1  0  0  0  0 ]  [ 0  1  0  0  0 ]  [ 0  0  0  0  1 ]  [ 0  1  0  0  0 ]  [ 0  1  0  0  0 ]  [ 0  1  0  0  0 ]  [ 0  1  0  0  0 ]  [ 0  0  0  0  1 ]  [ 0  1  0  0  0 ]  [ 0  1  0  0  0 ]  [ 1  0  0  0  0 ]  [ 0  1  0  0  0 ]  [ 1  0  0  0  0 ]  [ 0  1  0  0  0 ]  [ 1  0  0  0  0 ]  [ 0  1  0  0  0 ]  [ 0  0  0  1  0 ]  [ 0  0  0  1  0 ]  [ 0  1  0  0  0 ]  [ 1  0  0  0  0 ]  [ 0  0  0  0  1 ]  [ 0  0  1  0  0 ]  [ 1  0  0  0  0 ]  [ 0  0  0  0  1 ]  [ 0  0  0  0  1 ]  [ 0  0  1  0  0 ]  [ 0  0  0  0  1 ]  [ 0  1  0  0  0 ]  [ 0  0  0  0  1 ]  [ 0  0  0  1  0 ]  [ 0  1  0  0  0 ]  [ 0  0  1  0  0 ]  [ 0  0  0  0  1 ]  [ 1  0  0  0  0 ]  [ 0  1  0  0  0 ]  [ 0  0  0  0  1 ]  [ 0  1  0  0  0 ]  [ 0  1  0  0  0 ]  [ 0  0  0  1  0 ]  [ 0  0  0  1  0 ]  [ 1  0  0  0  0 ]  [ 0  0  0  1  0 ]  [ 0  0  1  0  0 ]  [ 1  0  0  0  0 ]  [ 0  0  0  0  1 ]  [ 0  0  0  1  0 ]  [ 0  0  0  0  1 ]  [ 0  1  0  0  0 ]  [ 0  0  1  0  0 ]  [ 0  1  0  0  0 ]  [ 0  1  0  0  0 ]  [ 1  0  0  0  0 ]  [ 0  0  0  1  0 ]  [ 0  1  0  0  0 ]  [ 0  0  0  1  0 ]  [ 0  0  0  0  1 ]  [ 0  0  1  0  0 ]  [ 0  1  0  0  0 ]  [ 1  0  0  0  0 ]  [ 0  0  0  1  0 ]  [ 0  0  0  1  0 ]  [ 1  0  0  0  0 ]  [ 0  1  0  0  0 ]  [ 1  0  0  0  0 ]  [ 0  0  1  0  0 ]  [ 1  0  0  0  0 ]  [ 0  1  0  0  0 ]  [ 0  0  0  1  0 ]  [ 0  0  0  0  1 ]  [ 0  1  0  0  0 ]  [ 0  1  0  0  0 ]  [ 0  0  1  0  0 ]  [ 0  1  0  0  0 ]  [ 0  0  1  0  0 ]  [ 1  0  0  0  0 ]  [ 0  0  0  0  1 ]  [ 1  0  0  0  0 ]  [ 0  1  0  0  0 ]  [ 0  1  0  0  0 ]  [ 0  0  0  1  0 ]  [ 0  0  0  0  1 ]  [ 0  0  1  0  0 ]  [ 0  0  1  0  0 ]  [ 0  1  0  0  0 ]  [ 0  0  0  1  0 ]  [ 0  1  0  0  0 ]  [ 0  0  0  1  0 ]  [ 0  1  0  0  0 ]  [ 0  1  0  0  0 ]  [ 0  0  0  1  0 ]  [ 0  0  1  0  0 ]  [ 0  0  0  1  0 ]  [ 0  0  0  0  1 ]  [ 0  0  1  0  0 ]  [ 0  0  1  0  0 ]  [ 0  0  1  0  0 ]  [ 0  0  0  0  1 ]  [ 1  0  0  0  0 ]  [ 0  0  0  1  0 ]  [ 0  0  1  0  0 ]  [ 0  1  0  0  0 ]  [ 1  0  0  0  0 ]  [ 1  0  0  0  0 ]  [ 0  1  0  0  0 ]  [ 0  0  0  1  0 ]  [ 1  0  0  0  0 ]  [ 0  0  1  0  0 ]  [ 0  1  0  0  0 ]  [ 0  0  1  0  0 ]  [ 0  0  0  1  0 ]  [ 0  0  0  0  1 ]  [ 0  0  0  1  0 ]  [ 0  0  1  0  0 ]  [ 0  0  0  1  0 ]  [ 1  0  0  0  0 ]  [ 0  0  0  0  1 ]  [ 0  0  0  0  1 ]  [ 0  0  0  1  0 ]  [ 0  1  0  0  0 ]  [ 0  0  0  1  0 ]  [ 0  0  0  0  1 ]  [ 1  0  0  0  0 ]  [ 1  0  0  0  0 ]  [ 0  0  1  0  0 ]  [ 0  1  0  0  0 ]  [ 1  0  0  0  0 ]  [ 0  0  0  1  0 ]  [ 0  0  0  1  0 ]  [ 0  0  0  0  1 ]  [ 1  0  0  0  0 ]  [ 0  0  0  1  0 ]  [ 1  0  0  0  0 ]  [ 0  1  0  0  0 ]  [ 0  0  1  0  0 ]  [ 1  0  0  0  0 ]  [ 0  0  1  0  0 ]  [ 0  0  1  0  0 ]  [ 0  1  0  0  0 ]  [ 0  0  1  0  0 ]  [ 0  0  0  1  0 ]  [ 0  0  1  0  0 ]  [ 0  0  0  0  1 ]  [ 1  0  0  0  0 ]  [ 1  0  0  0  0 ]  [ 0  0  1  0  0 ]  [ 0  0  1  0  0 ]  [ 1  0  0  0  0 ]  [ 0  0  1  0  0 ]  [ 0  0  0  1  0 ]  [ 0  0  1  0  0 ]  [ 0  0  1  0  0 ]  [ 0  0  1  0  0 ]  [ 0  1  0  0  0 ]  [ 0  1  0  0  0 ]  [ 0  1  0  0  0 ]  [ 1  0  0  0  0 ]  [ 0  1  0  0  0 ]  [ 0  0  0  1  0 ]  [ 0  1  0  0  0 ]  [ 1  0  0  0  0 ]  [ 0  1  0  0  0 ]  [ 0  0  0  1  0 ]  [ 0  0  1  0  0 ]  [ 1  0  0  0  0 ]  [ 0  0  0  0  1 ]  [ 0  0  0  1  0 ]  [ 0  1  0  0  0 ]  [ 0  0  0  0  1 ]  [ 0  0  0  0  1 ]  [ 0  0  1  0  0 ]  [ 0  0  0  1  0 ]  [ 0  0  0  0  1 ]  [ 0  0  1  0  0 ]  [ 1  0  0  0  0 ]  [ 0  0  0  0  1 ]  [ 0  1  0  0  0 ]  [ 0  1  0  0  0 ]  [ 0  1  0  0  0 ]  [ 0  1  0  0  0 ]  [ 0  1  0  0  0 ]  [ 0  0  0  1  0 ]  [ 1  0  0  0  0 ]  [ 0  0  1  0  0 ]  [ 1  0  0  0  0 ]  [ 1  0  0  0  0 ]  [ 1  0  0  0  0 ]  [ 0  0  1  0  0 ]  [ 0  0  1  0  0 ]  [ 1  0  0  0  0 ]  [ 0  0  0  0  1 ]  [ 0  0  0  1  0 ]  [ 1  0  0  0  0 ]  [ 0  0  1  0  0 ]  [ 0  0  0  0  1 ]  [ 0  0  0  0  1 ]  [ 0  0  1  0  0 ]  [ 0  0  0  1  0 ]  [ 0  1  0  0  0 ]  [ 1  0  0  0  0 ]  [ 0  0  1  0  0 ]  [ 0  0  0  0  1 ]  [ 0  0  1  0  0 ]  [ 1  0  0  0  0 ]  [ 0  0  1  0  0 ]  [ 0  0  1  0  0 ]  [ 0  0  0  1  0 ]  [ 0  1  0  0  0 ]  [ 0  0  0  1  0 ]  [ 0  0  1  0  0 ]  [ 0  1  0  0  0 ]  [ 1  0  0  0  0 ]  [ 1  0  0  0  0 ]  [ 0  0  0  1  0 ]  [ 0  0  0  0  1 ]  [ 0  0  0  1  0 ]  [ 0  0  0  0  1 ]  [ 0  0  0  1  0 ]  [ 0  0  0  1  0 ]  [ 0  1  0  0  0 ]  [ 1  0  0  0  0 ]  [ 0  0  0  0  1 ]  [ 0  0  1  0  0 ]  [ 0  1  0  0  0 ]  [ 0  0  0  0  1 ]  [ 1  0  0  0  0 ]  [ 0  1  0  0  0 ]  [ 1  0  0  0  0 ]  [ 0  1  0  0  0 ]  [ 0  0  0  0  1 ]  [ 1  0  0  0  0 ]  [ 1  0  0  0  0 ]  [ 0  0  0  1  0 ]  [ 0  0  1  0  0 ]  [ 0  0  0  1  0 ]  [ 0  0  0  0  1 ]  [ 0  0  1  0  0 ]  [ 0  0  0  1  0 ]  [ 0  0  0  0  1 ]  [ 0  0  1  0  0 ]  [ 1  0  0  0  0 ]  [ 0  1  0  0  0 ]  [ 0  0  0  1  0 ]  [ 0  0  0  1  0 ]  [ 0  0  0  1  0 ]  [ 0  0  0  1  0 ]  [ 0  1  0  0  0 ]  [ 0  0  0  0  1 ]  [ 0  0  0  0  1 ]  [ 0  0  1  0  0 ]  [ 1  0  0  0  0 ]  [ 0  0  0  1  0 ]  [ 0  0  0  1  0 ]  [ 0  0  1  0  0 ]  [ 1  0  0  0  0 ]  [ 0  0  0  0  1 ]  [ 1  0  0  0  0 ]  [ 1  0  0  0  0 ]  [ 1  0  0  0  0 ]  [ 1  0  0  0  0 ]  [ 1  0  0  0  0 ]  [ 1  0  0  0  0 ]  [ 1  0  0  0  0 ]  [ 0  0  1  0  0 ]  [ 0  0  0  0  1 ]  [ 0  0  0  0  1 ]  [ 1  0  0  0  0 ]  [ 0  1  0  0  0 ]  [ 0  1  0  0  0 ]  [ 0  1  0  0  0 ]  [ 0  0  0  1  0 ]  [ 1  0  0  0  0 ]  [ 0  1  0  0  0 ]  [ 0  0  0  0  1 ]  [ 0  0  0  0  1 ]  [ 1  0  0  0  0 ]  [ 0  0  0  0  1 ]  [ 0  0  1  0  0 ]  [ 0  0  1  0  0 ]  [ 0  1  0  0  0 ]  [ 0  0  0  0  1 ]  [ 1  0  0  0  0 ]  [ 0  0  1  0  0 ]  [ 0  0  0  0  1 ]  [ 0  1  0  0  0 ]  [ 0  0  1  0  0 ]  [ 0  0  1  0  0 ]  [ 0  0  0  0  1 ]  [ 0  0  0  1  0 ]  [ 0  0  1  0  0 ]  [ 0  0  0  1  0 ]  [ 0  1  0  0  0 ]  [ 0  0  0  0  1 ]  [ 0  0  1  0  0 ]  [ 0  0  1  0  0 ]  [ 1  0  0  0  0 ]  [ 0  1  0  0  0 ]  [ 0  0  1  0  0 ]  [ 1  0  0  0  0 ]  [ 0  0  1  0  0 ]  [ 0  0  0  1  0 ]  [ 1  0  0  0  0 ]  [ 0  1  0  0  0 ]  [ 0  0  0  1  0 ]  [ 1  0  0  0  0 ]  [ 0  0  0  0  1 ]  [ 1  0  0  0  0 ]  [ 1  0  0  0  0 ]  [ 0  0  0  0  1 ]  [ 0  1  0  0  0 ]  [ 0  0  0  0  1 ]  [ 1  0  0  0  0 ]  [ 0  1  0  0  0 ]  [ 0  1  0  0  0 ]  [ 1  0  0  0  0 ]  [ 1  0  0  0  0 ]  [ 0  0  0  1  0 ]  [ 0  0  0  1  0 ]  [ 0  1  0  0  0 ]  [ 0  1  0  0  0 ]  [ 0  0  0  0  1 ]  [ 0  0  0  0  1 ]  [ 0  0  0  0  1 ]  [ 1  0  0  0  0 ]  [ 0  1  0  0  0 ]  [ 0  0  0  0  1 ]  [ 0  0  1  0  0 ]  [ 1  0  0  0  0 ]  [ 0  0  0  0  1 ]  [ 0  0  1  0  0 ]  [ 0  0  0  1  0 ]  [ 0  1  0  0  0 ]  [ 0  0  1  0  0 ]  [ 0  0  1  0  0 ]  [ 0  0  0  1  0 ]  [ 1  0  0  0  0 ]  [ 0  1  0  0  0 ]  [ 1  0  0  0  0 ]  [ 0  0  0  0  1 ]  [ 0  0  0  0  1 ]  [ 0  0  0  0  1 ]  [ 0  0  0  0  1 ]  [ 0  0  0  0  1 ]  [ 1  0  0  0  0 ]  [ 1  0  0  0  0 ]  [ 0  0  0  0  1 ]  [ 0  1  0  0  0 ]  [ 0  0  0  1  0 ]  [ 0  0  0  1  0 ]  [ 0  0  0  0  1 ]  [ 0  0  0  0  1 ]  [ 0  0  0  0  1 ]  [ 1  0  0  0  0 ]  [ 0  0  1  0  0 ]  [ 0  1  0  0  0 ]  [ 1  0  0  0  0 ]  [ 0  1  0  0  0 ]  [ 0  0  0  0  1 ]  [ 0  0  0  1  0 ]  [ 0  0  0  0  1 ]  [ 1  0  0  0  0 ]  [ 1  0  0  0  0 ]  [ 0  1  0  0  0 ]  [ 1  0  0  0  0 ]  [ 1  0  0  0  0 ]  [ 1  0  0  0  0 ]  [ 0  0  0  1  0 ]  [ 0  0  0  0  1 ]  [ 0  1  0  0  0 ]  [ 0  0  0  1  0 ]  [ 0  1  0  0  0 ]  [ 0  0  0  0  1 ]  [ 0  0  0  1  0 ]  [ 0  0  0  0  1 ]  [ 0  0  1  0  0 ]  [ 0  0  0  1  0 ]  [ 0  0  0  0  1 ]  [ 0  0  1  0  0 ]  [ 0  0  1  0  0 ]  [ 0  0  0  1  0 ]  [ 1  0  0  0  0 ]  [ 0  0  0  0  1 ]  [ 0  0  0  1  0 ]  [ 1  0  0  0  0 ]  [ 0  0  0  1  0 ]  [ 0  0  0  0  1 ]  [ 0  1  0  0  0 ]  [ 0  1  0  0  0 ]  [ 0  0  0  0  1 ]  [ 0  1  0  0  0 ]  [ 0  0  0  0  1 ]  [ 0  1  0  0  0 ]  [ 0  0  0  0  1 ]  [ 1  0  0  0  0 ]  [ 0  1  0  0  0 ]  [ 0  0  1  0  0 ]  [ 0  0  1  0  0 ]  [ 1  0  0  0  0 ]  [ 0  0  0  1  0 ]  [ 0  0  1  0  0 ]  [ 0  0  0  1  0 ]  [ 0  0  0  0  1 ]  [ 1  0  0  0  0 ]  [ 0  0  0  1  0 ]  [ 0  1  0  0  0 ]  [ 1  0  0  0  0 ]  [ 0  0  1  0  0 ]  [ 0  1  0  0  0 ]  [ 1  0  0  0  0 ]  [ 0  0  0  0  1 ]  [ 0  0  0  0  1 ]  [ 0  0  0  1  0 ]  [ 1  0  0  0  0 ]  [ 1  0  0  0  0 ]  [ 0  0  1  0  0 ]  [ 0  0  0  0  1 ]  [ 0  0  0  0  1 ]  [ 0  1  0  0  0 ]  [ 0  0  1  0  0 ]  [ 0  0  0  1  0 ]  [ 0  0  0  1  0 ]  [ 0  0  0  0  1 ]  [ 0  1  0  0  0 ]  [ 1  0  0  0  0 ]  [ 0  1  0  0  0 ]  [ 0  1  0  0  0 ]  [ 0  0  1  0  0 ]  [ 0  0  0  1  0 ]  [ 0  1  0  0  0 ]  [ 0  0  0  1  0 ]  [ 0  0  0  0  1 ]  [ 1  0  0  0  0 ]  [ 0  0  1  0  0 ]  [ 1  0  0  0  0 ]  [ 0  0  1  0  0 ]  [ 0  0  0  1  0 ]  [ 1  0  0  0  0 ]  [ 0  0  0  1  0 ]  [ 0  0  0  0  1 ]  [ 0  0  0  0  1 ]  [ 1  0  0  0  0 ]  [ 1  0  0  0  0 ]  [ 0  0  0  1  0 ]  [ 0  0  0  0  1 ]  [ 1  0  0  0  0 ]  [ 0  0  0  0  1 ]  [ 0  0  0  1  0 ]  [ 0  1  0  0  0 ]  [ 0  0  0  1  0 ]  [ 0  0  0  0  1 ]  [ 0  0  1  0  0 ]  [ 1  0  0  0  0 ]  [ 0  1  0  0  0 ]  [ 1  0  0  0  0 ]  [ 1  0  0  0  0 ]  [ 0  0  0  1  0 ]  [ 0  0  0  0  1 ]  [ 0  0  0  0  1 ]  [ 0  1  0  0  0 ]  [ 1  0  0  0  0 ]  [ 0  0  0  1  0 ]  [ 0  0  0  1  0 ]  [ 0  1  0  0  0 ] ];

ObjRequests = {  <1,3,480>, <2,3,500>, <3,3,37>, <4,3,85>, <5,3,70>, <6,3,22>, <7,3,3>, <8,3,12>, <9,3,132>, <10,3,5>, <11,3,49>, <12,3,7>, <13,3,24>, <14,3,9>, <15,3,6>, <16,3,10>, <17,3,21>, <18,3,25>, <19,3,9>, <20,3,14>, <21,3,17>, <22,3,28>, <23,3,37>, <24,3,23>, <25,3,1>, <27,3,23>, <29,3,6>, <30,3,8>, <31,3,24>, <32,3,10>, <33,3,4>, <34,3,3>, <35,3,6>, <36,3,14>, <37,3,8>, <38,3,1>, <39,3,5>, <40,3,2>, <41,3,9>, <42,3,24>, <43,3,3>, <44,3,1>, <45,3,19>, <46,3,8>, <47,3,3>, <48,3,3>, <49,3,17>, <50,3,4>, <51,3,8>, <52,3,11>, <53,3,6>, <54,3,10>, <55,3,1>, <56,3,11>, <57,3,4>, <58,3,3>, <59,3,1>, <60,3,1>, <61,3,2>, <62,3,9>, <63,3,2>, <64,3,9>, <65,3,4>, <66,3,7>, <67,3,5>, <68,3,4>, <69,3,1>, <70,3,8>, <72,3,2>, <73,3,1>, <74,3,7>, <75,3,1>, <76,3,7>, <77,3,1>, <78,3,2>, <79,3,2>, <80,3,8>, <81,3,10>, <82,3,2>, <83,3,4>, <84,3,8>, <85,3,4>, <86,3,4>, <87,3,1>, <88,3,2>, <89,3,5>, <90,3,3>, <91,3,13>, <92,3,1>, <94,3,1>, <95,3,6>, <96,3,6>, <97,3,1>, <98,3,3>, <99,3,8>, <100,3,2>, <101,3,1>, <102,3,3>, <103,3,3>, <104,3,1>, <105,3,2>, <106,3,2>, <107,3,1>, <108,3,1>, <109,3,8>, <110,3,2>, <111,3,1>, <112,3,6>, <114,3,1>, <117,3,5>, <118,3,6>, <119,3,3>, <120,3,1>, <121,3,7>, <122,3,2>, <123,3,3>, <124,3,4>, <125,3,1>, <127,3,7>, <128,3,3>, <129,3,1>, <130,3,2>, <131,3,2>, <133,3,1>, <134,3,3>, <136,3,4>, <137,3,3>, <138,3,1>, <139,3,1>, <140,3,4>, <142,3,3>, <143,3,4>, <144,3,3>, <145,3,3>, <146,3,2>, <147,3,2>, <148,3,4>, <150,3,7>, <152,3,1>, <153,3,1>, <154,3,3>, <155,3,7>, <157,3,4>, <158,3,1>, <159,3,3>, <160,3,1>, <162,3,1>, <163,3,4>, <164,3,2>, <165,3,1>, <166,3,2>, <167,3,3>, <169,3,1>, <171,3,4>, <172,3,4>, <173,3,1>, <174,3,1>, <175,3,1>, <177,3,1>, <178,3,1>, <180,3,1>, <181,3,1>, <182,3,3>, <183,3,2>, <184,3,1>, <186,3,3>, <187,3,2>, <188,3,1>, <189,3,1>, <193,3,1>, <194,3,3>, <195,3,1>, <198,3,4>, <200,3,2>, <203,3,3>, <207,3,1>, <208,3,1>, <209,3,1>, <212,3,1>, <213,3,1>, <217,3,1>, <218,3,1>, <219,3,3>, <220,3,1>, <221,3,3>, <223,3,1>, <226,3,1>, <227,3,1>, <229,3,4>, <230,3,1>, <231,3,3>, <234,3,1>, <235,3,1>, <236,3,1>, <237,3,1>, <240,3,2>, <242,3,1>, <243,3,2>, <244,3,3>, <247,3,1>, <248,3,1>, <249,3,1>, <250,3,2>, <251,3,1>, <253,3,3>, <254,3,2>, <257,3,1>, <258,3,1>, <259,3,4>, <260,3,2>, <261,3,1>, <262,3,1>, <263,3,5>, <264,3,2>, <265,3,2>, <266,3,2>, <272,3,2>, <275,3,1>, <277,3,3>, <278,3,2>, <280,3,2>, <282,3,1>, <283,3,1>, <285,3,3>, <286,3,1>, <288,3,1>, <289,3,1>, <291,3,1>, <292,3,1>, <293,3,1>, <294,3,1>, <295,3,1>, <299,3,1>, <301,3,1>, <302,3,2>, <303,3,1>, <306,3,1>, <307,3,2>, <308,3,1>, <311,3,1>, <312,3,2>, <313,3,5>, <314,3,1>, <316,3,1>, <320,3,1>, <321,3,2>, <323,3,1>, <325,3,1>, <326,3,1>, <328,3,2>, <329,3,1>, <330,3,2>, <331,3,3>, <332,3,3>, <333,3,2>, <334,3,1>, <335,3,4>, <336,3,1>, <337,3,1>, <338,3,2>, <339,3,2>, <340,3,2>, <341,3,1>, <343,3,2>, <344,3,1>, <345,3,1>, <346,3,3>, <347,3,5>, <350,3,3>, <351,3,1>, <352,3,2>, <353,3,2>, <354,3,2>, <355,3,1>, <357,3,1>, <359,3,1>, <360,3,1>, <361,3,1>, <363,3,1>, <366,3,1>, <367,3,1>, <368,3,1>, <371,3,1>, <372,3,1>, <373,3,1>, <374,3,1>, <376,3,1>, <377,3,1>, <379,3,1>, <380,3,1>, <381,3,1>, <382,3,1>, <383,3,2>, <384,3,1>, <386,3,1>, <387,3,1>, <388,3,1>, <389,3,2>, <391,3,1>, <392,3,1>, <394,3,2>, <395,3,1>, <397,3,1>, <399,3,1>, <400,3,2>, <401,3,1>, <403,3,1>, <408,3,2>, <410,3,1>, <411,3,1>, <413,3,1>, <414,3,1>, <415,3,3>, <417,3,2>, <421,3,2>, <422,3,1>, <424,3,1>, <427,3,3>, <428,3,1>, <429,3,2>, <430,3,1>, <432,3,2>, <433,3,1>, <435,3,1>, <438,3,2>, <440,3,1>, <441,3,1>, <443,3,1>, <444,3,1>, <445,3,2>, <447,3,1>, <448,3,2>, <449,3,1>, <450,3,1>, <451,3,1>, <457,3,1>, <459,3,1>, <464,3,2>, <465,3,1>, <467,3,1>, <469,3,2>, <472,3,2>, <474,3,1>, <477,3,2>, <480,3,1>, <482,3,1>, <484,3,1>, <486,3,1>, <493,3,1>, <494,3,1>, <495,3,2>, <497,3,1>, <498,3,1>, <499,3,2>, <505,3,1>, <506,3,1>, <509,3,2>, <513,3,2>, <515,3,2>, <517,3,1>, <521,3,1>, <524,3,1>, <525,3,1>, <527,3,1>, <533,3,1>, <535,3,3>, <540,3,1>, <542,3,1>, <543,3,1>, <544,3,2>, <548,3,2>, <550,3,1>, <552,3,2>, <553,3,1>, <555,3,1>, <556,3,2>, <559,3,1>, <560,3,2>, <561,3,1>, <562,3,1>, <564,3,1>, <565,3,1>, <568,3,4>, <571,3,1>, <573,3,1>, <574,3,3>, <584,3,1>, <585,3,2>, <586,3,1>, <588,3,1>, <589,3,1>, <592,3,1>, <604,3,1>, <605,3,1>, <607,3,1>, <609,3,1>, <613,3,1>, <615,3,1>, <616,3,3>, <620,3,1>, <621,3,1>, <623,3,4>, <624,3,1>, <625,3,1>, <626,3,1>, <627,3,1>, <629,3,1>, <630,3,1>, <631,3,1>, <632,3,1>, <637,3,1>, <639,3,1>, <643,3,1>, <645,3,1>, <646,3,1>, <647,3,1>, <649,3,1>, <652,3,1>, <653,3,1>, <655,3,1>, <659,3,1>, <664,3,1>, <665,3,1>, <671,3,2>, <672,3,1>, <673,3,1>, <675,3,1>, <678,3,1>, <681,3,1>, <683,3,2>, <687,3,1>, <692,3,1>, <696,3,1>, <699,3,1>, <702,3,1>, <703,3,1>, <713,3,1>, <714,3,2>, <716,3,1>, <718,3,1>, <724,3,1>, <727,3,1>, <738,3,1>, <742,3,1>, <744,3,2>, <746,3,3>, <750,3,1>, <751,3,3>, <752,3,1>, <757,3,4>, <760,3,1>, <764,3,1>, <770,3,1>, <775,3,1>, <779,3,1>, <780,3,1>, <781,3,1>, <782,3,1>, <783,3,1>, <784,3,1>, <785,3,1>, <791,3,2>, <792,3,1>, <796,3,1>, <799,3,1>, <805,3,1>, <806,3,2>, <807,3,1>, <808,3,3>, <816,3,1>, <819,3,1>, <822,3,1>, <835,3,1>, <838,3,1>, <842,3,1>, <844,3,1>, <846,3,1>, <847,3,1>, <848,3,1>, <849,3,1>, <855,3,1>, <857,3,1>, <858,3,2>, <867,3,1>, <876,3,1>, <882,3,1>, <883,3,1>, <885,3,1>, <886,3,1>, <887,3,1>, <893,3,1>, <895,3,1>, <900,3,3>, <909,3,1>, <911,3,1>, <912,3,1>, <919,3,1>, <929,3,1>, <933,3,1>, <939,3,1>, <951,3,1>, <952,3,1>, <954,3,2>, <956,3,1>, <959,3,1>, <960,3,1>, <962,3,1>, <966,3,2>, <968,3,2>, <969,3,1>, <972,3,1>, <981,3,1>, <984,3,1>, <986,3,1>, <991,3,1>, <996,3,1>, <1,4,81>, <2,4,111>, <3,4,125>, <4,4,8>, <5,4,48>, <6,4,31>, <7,4,41>, <8,4,38>, <9,4,8>, <10,4,30>, <11,4,23>, <12,4,7>, <13,4,22>, <14,4,3>, <15,4,66>, <16,4,8>, <17,4,8>, <18,4,41>, <19,4,4>, <20,4,1>, <21,4,15>, <22,4,6>, <23,4,5>, <24,4,27>, <25,4,8>, <26,4,21>, <27,4,10>, <28,4,6>, <29,4,4>, <30,4,3>, <31,4,6>, <32,4,11>, <33,4,1>, <34,4,7>, <35,4,6>, <36,4,15>, <37,4,5>, <38,4,13>, <39,4,10>, <40,4,10>, <41,4,2>, <42,4,12>, <43,4,20>, <44,4,4>, <45,4,4>, <46,4,15>, <47,4,1>, <48,4,1>, <50,4,2>, <51,4,5>, <52,4,15>, <53,4,3>, <54,4,10>, <55,4,11>, <56,4,9>, <57,4,15>, <58,4,8>, <59,4,3>, <60,4,1>, <61,4,8>, <62,4,9>, <63,4,6>, <64,4,5>, <65,4,1>, <66,4,8>, <67,4,7>, <68,4,13>, <69,4,9>, <70,4,4>, <71,4,1>, <72,4,2>, <73,4,4>, <74,4,1>, <75,4,2>, <76,4,1>, <77,4,2>, <78,4,1>, <79,4,2>, <80,4,3>, <82,4,5>, <83,4,1>, <84,4,1>, <85,4,6>, <86,4,3>, <87,4,9>, <89,4,7>, <91,4,6>, <92,4,13>, <93,4,4>, <95,4,3>, <96,4,1>, <97,4,5>, <98,4,2>, <99,4,1>, <102,4,3>, <103,4,1>, <104,4,4>, <106,4,6>, <107,4,2>, <108,4,6>, <109,4,6>, <111,4,7>, <114,4,2>, <115,4,5>, <116,4,6>, <118,4,8>, <119,4,1>, <120,4,3>, <121,4,3>, <123,4,2>, <125,4,4>, <126,4,3>, <127,4,1>, <128,4,12>, <130,4,1>, <131,4,4>, <132,4,5>, <134,4,5>, <138,4,1>, <139,4,1>, <140,4,4>, <141,4,2>, <142,4,3>, <144,4,1>, <145,4,1>, <146,4,2>, <147,4,1>, <148,4,1>, <150,4,1>, <151,4,2>, <152,4,3>, <154,4,1>, <155,4,1>, <158,4,1>, <159,4,1>, <160,4,2>, <161,4,1>, <162,4,2>, <164,4,3>, <166,4,3>, <169,4,4>, <170,4,7>, <171,4,3>, <172,4,1>, <173,4,1>, <174,4,1>, <175,4,1>, <176,4,7>, <178,4,1>, <180,4,2>, <181,4,2>, <182,4,3>, <183,4,2>, <185,4,2>, <188,4,2>, <190,4,1>, <191,4,3>, <193,4,1>, <194,4,2>, <195,4,1>, <196,4,1>, <197,4,3>, <198,4,4>, <199,4,1>, <200,4,3>, <201,4,1>, <202,4,5>, <203,4,1>, <204,4,2>, <205,4,1>, <206,4,1>, <207,4,2>, <208,4,1>, <209,4,2>, <210,4,1>, <211,4,4>, <212,4,2>, <213,4,1>, <215,4,4>, <216,4,1>, <217,4,1>, <218,4,1>, <219,4,1>, <220,4,2>, <221,4,2>, <222,4,1>, <223,4,1>, <225,4,3>, <226,4,2>, <229,4,1>, <230,4,1>, <231,4,2>, <232,4,1>, <234,4,1>, <237,4,1>, <239,4,2>, <240,4,3>, <242,4,1>, <243,4,1>, <244,4,1>, <245,4,2>, <247,4,1>, <248,4,1>, <249,4,3>, <250,4,1>, <253,4,2>, <254,4,3>, <256,4,1>, <257,4,2>, <258,4,2>, <259,4,3>, <261,4,4>, <263,4,2>, <264,4,3>, <266,4,2>, <267,4,1>, <268,4,2>, <269,4,1>, <271,4,2>, <272,4,1>, <273,4,1>, <274,4,2>, <275,4,1>, <278,4,1>, <279,4,4>, <280,4,3>, <281,4,2>, <283,4,1>, <284,4,3>, <285,4,1>, <286,4,1>, <287,4,3>, <289,4,3>, <290,4,3>, <291,4,1>, <293,4,2>, <295,4,2>, <296,4,1>, <297,4,3>, <298,4,1>, <300,4,1>, <301,4,1>, <304,4,1>, <305,4,1>, <306,4,5>, <308,4,1>, <309,4,2>, <310,4,1>, <311,4,2>, <312,4,2>, <314,4,1>, <315,4,2>, <316,4,2>, <317,4,1>, <318,4,1>, <321,4,2>, <323,4,1>, <324,4,2>, <326,4,1>, <329,4,2>, <330,4,1>, <331,4,2>, <332,4,3>, <337,4,1>, <338,4,1>, <339,4,1>, <341,4,2>, <342,4,1>, <345,4,2>, <347,4,1>, <349,4,1>, <351,4,2>, <352,4,1>, <353,4,1>, <354,4,1>, <355,4,2>, <356,4,2>, <358,4,1>, <362,4,1>, <364,4,1>, <366,4,2>, <367,4,1>, <371,4,1>, <374,4,1>, <377,4,2>, <378,4,4>, <382,4,2>, <384,4,1>, <385,4,1>, <386,4,2>, <388,4,1>, <389,4,1>, <390,4,1>, <391,4,3>, <392,4,1>, <395,4,2>, <399,4,1>, <402,4,1>, <403,4,1>, <404,4,1>, <405,4,1>, <408,4,1>, <409,4,1>, <413,4,1>, <414,4,1>, <415,4,1>, <416,4,1>, <417,4,2>, <418,4,1>, <419,4,1>, <420,4,1>, <421,4,1>, <423,4,1>, <425,4,2>, <428,4,1>, <430,4,2>, <432,4,1>, <433,4,1>, <435,4,2>, <440,4,1>, <443,4,1>, <444,4,1>, <448,4,3>, <450,4,1>, <452,4,5>, <453,4,1>, <455,4,2>, <458,4,1>, <461,4,1>, <462,4,3>, <466,4,2>, <467,4,3>, <472,4,1>, <477,4,1>, <478,4,2>, <480,4,1>, <481,4,2>, <484,4,1>, <490,4,1>, <491,4,1>, <493,4,1>, <494,4,1>, <498,4,1>, <499,4,2>, <502,4,1>, <504,4,1>, <506,4,1>, <508,4,1>, <512,4,1>, <516,4,1>, <517,4,1>, <518,4,1>, <520,4,3>, <523,4,2>, <524,4,2>, <525,4,1>, <527,4,3>, <528,4,1>, <529,4,1>, <531,4,1>, <534,4,1>, <537,4,1>, <538,4,1>, <539,4,1>, <540,4,1>, <544,4,1>, <555,4,1>, <558,4,1>, <561,4,1>, <562,4,1>, <563,4,3>, <564,4,1>, <565,4,1>, <568,4,1>, <573,4,2>, <574,4,1>, <578,4,1>, <580,4,1>, <583,4,1>, <584,4,1>, <586,4,1>, <589,4,1>, <594,4,1>, <596,4,1>, <599,4,1>, <600,4,2>, <601,4,1>, <606,4,1>, <607,4,1>, <608,4,1>, <611,4,1>, <615,4,1>, <617,4,1>, <618,4,1>, <619,4,1>, <620,4,1>, <621,4,1>, <622,4,1>, <623,4,2>, <625,4,1>, <632,4,1>, <634,4,1>, <637,4,1>, <641,4,1>, <642,4,1>, <650,4,3>, <651,4,1>, <652,4,1>, <654,4,1>, <655,4,1>, <656,4,1>, <657,4,1>, <658,4,2>, <662,4,1>, <663,4,1>, <671,4,1>, <672,4,1>, <673,4,1>, <677,4,1>, <678,4,1>, <687,4,1>, <689,4,1>, <699,4,2>, <700,4,1>, <701,4,1>, <702,4,1>, <704,4,1>, <705,4,1>, <706,4,2>, <709,4,1>, <712,4,1>, <715,4,1>, <717,4,1>, <718,4,1>, <724,4,1>, <727,4,1>, <735,4,1>, <739,4,3>, <740,4,1>, <742,4,1>, <744,4,2>, <746,4,1>, <749,4,1>, <750,4,1>, <751,4,1>, <752,4,1>, <758,4,1>, <770,4,1>, <773,4,2>, <775,4,1>, <777,4,1>, <779,4,2>, <782,4,1>, <783,4,1>, <784,4,1>, <789,4,1>, <795,4,1>, <798,4,1>, <799,4,1>, <802,4,1>, <803,4,1>, <804,4,1>, <805,4,1>, <807,4,1>, <808,4,1>, <813,4,1>, <816,4,1>, <817,4,1>, <818,4,1>, <821,4,1>, <823,4,1>, <831,4,1>, <835,4,1>, <837,4,1>, <838,4,1>, <840,4,1>, <844,4,1>, <845,4,1>, <847,4,1>, <848,4,1>, <861,4,1>, <877,4,1>, <878,4,1>, <879,4,1>, <881,4,1>, <883,4,1>, <885,4,1>, <886,4,1>, <895,4,1>, <897,4,1>, <902,4,1>, <905,4,2>, <907,4,2>, <908,4,2>, <909,4,1>, <912,4,1>, <915,4,1>, <916,4,1>, <918,4,1>, <919,4,1>, <926,4,1>, <929,4,1>, <938,4,3>, <946,4,1>, <950,4,1>, <952,4,2>, <955,4,1>, <956,4,2>, <957,4,1>, <968,4,1>, <972,4,1>, <975,4,1>, <978,4,1>, <979,4,1>, <984,4,1>, <986,4,1>, <987,4,1>, <994,4,1>, <996,4,1>, <1,5,84>, <2,5,112>, <3,5,251>, <4,5,49>, <5,5,26>, <6,5,78>, <7,5,71>, <8,5,95>, <9,5,12>, <10,5,16>, <11,5,11>, <12,5,40>, <13,5,11>, <14,5,3>, <15,5,17>, <16,5,63>, <17,5,28>, <19,5,10>, <20,5,43>, <21,5,9>, <22,5,19>, <23,5,8>, <24,5,10>, <25,5,15>, <26,5,13>, <27,5,3>, <28,5,43>, <29,5,12>, <31,5,9>, <32,5,9>, <33,5,21>, <34,5,4>, <35,5,9>, <36,5,2>, <37,5,9>, <38,5,2>, <40,5,14>, <41,5,11>, <42,5,3>, <43,5,2>, <44,5,13>, <45,5,5>, <46,5,9>, <47,5,7>, <48,5,14>, <49,5,8>, <50,5,17>, <51,5,5>, <52,5,8>, <53,5,5>, <54,5,2>, <55,5,3>, <56,5,5>, <57,5,6>, <58,5,5>, <59,5,8>, <60,5,5>, <63,5,6>, <64,5,8>, <65,5,11>, <66,5,7>, <67,5,1>, <68,5,4>, <69,5,16>, <70,5,1>, <71,5,13>, <73,5,8>, <74,5,2>, <75,5,3>, <76,5,5>, <77,5,1>, <78,5,2>, <79,5,14>, <80,5,4>, <81,5,3>, <82,5,1>, <83,5,5>, <84,5,8>, <85,5,10>, <86,5,6>, <87,5,9>, <88,5,3>, <89,5,1>, <90,5,4>, <94,5,10>, <95,5,2>, <96,5,1>, <97,5,6>, <98,5,7>, <99,5,2>, <100,5,5>, <101,5,2>, <103,5,1>, <105,5,6>, <106,5,10>, <108,5,4>, <110,5,7>, <111,5,2>, <113,5,6>, <114,5,5>, <115,5,4>, <116,5,2>, <119,5,2>, <120,5,4>, <121,5,3>, <122,5,6>, <123,5,3>, <124,5,1>, <125,5,4>, <126,5,1>, <127,5,3>, <129,5,6>, <130,5,1>, <131,5,4>, <132,5,4>, <133,5,4>, <135,5,1>, <136,5,3>, <137,5,1>, <139,5,1>, <140,5,1>, <143,5,4>, <144,5,3>, <145,5,1>, <147,5,7>, <149,5,1>, <150,5,5>, <151,5,4>, <152,5,3>, <153,5,1>, <154,5,1>, <156,5,1>, <157,5,3>, <159,5,1>, <162,5,2>, <163,5,1>, <164,5,3>, <165,5,7>, <167,5,1>, <168,5,1>, <169,5,4>, <170,5,2>, <176,5,1>, <177,5,1>, <178,5,6>, <179,5,2>, <180,5,1>, <181,5,1>, <182,5,2>, <183,5,2>, <184,5,2>, <185,5,3>, <186,5,1>, <187,5,6>, <188,5,3>, <189,5,3>, <190,5,3>, <192,5,3>, <193,5,4>, <195,5,3>, <196,5,2>, <197,5,1>, <201,5,1>, <203,5,4>, <204,5,1>, <205,5,3>, <206,5,1>, <208,5,3>, <209,5,1>, <210,5,1>, <211,5,1>, <212,5,2>, <213,5,2>, <214,5,2>, <216,5,1>, <218,5,2>, <219,5,3>, <220,5,4>, <221,5,1>, <222,5,2>, <223,5,1>, <225,5,4>, <226,5,2>, <227,5,2>, <228,5,3>, <230,5,1>, <231,5,1>, <232,5,1>, <234,5,1>, <235,5,2>, <236,5,2>, <237,5,1>, <238,5,3>, <239,5,1>, <241,5,1>, <242,5,2>, <243,5,2>, <244,5,1>, <245,5,2>, <248,5,1>, <249,5,3>, <250,5,1>, <251,5,1>, <252,5,1>, <254,5,1>, <255,5,2>, <258,5,1>, <260,5,3>, <261,5,1>, <263,5,2>, <264,5,1>, <267,5,1>, <268,5,3>, <269,5,2>, <270,5,1>, <271,5,1>, <273,5,1>, <274,5,2>, <276,5,3>, <277,5,2>, <278,5,1>, <279,5,2>, <280,5,1>, <281,5,1>, <283,5,1>, <284,5,1>, <287,5,3>, <288,5,1>, <289,5,1>, <291,5,2>, <293,5,2>, <294,5,1>, <296,5,1>, <298,5,1>, <299,5,2>, <300,5,1>, <302,5,1>, <303,5,1>, <304,5,1>, <305,5,3>, <306,5,1>, <307,5,1>, <308,5,4>, <309,5,1>, <311,5,1>, <312,5,1>, <313,5,1>, <314,5,1>, <317,5,1>, <318,5,2>, <319,5,2>, <320,5,2>, <321,5,1>, <322,5,1>, <324,5,1>, <325,5,1>, <327,5,1>, <328,5,1>, <329,5,2>, <330,5,1>, <331,5,1>, <332,5,1>, <333,5,1>, <334,5,1>, <335,5,1>, <337,5,1>, <338,5,1>, <340,5,1>, <341,5,1>, <343,5,2>, <344,5,1>, <345,5,1>, <346,5,1>, <349,5,2>, <350,5,2>, <351,5,2>, <353,5,2>, <355,5,1>, <356,5,1>, <358,5,2>, <364,5,1>, <365,5,2>, <367,5,4>, <370,5,1>, <371,5,1>, <372,5,1>, <376,5,1>, <378,5,1>, <379,5,2>, <381,5,1>, <383,5,1>, <384,5,1>, <387,5,1>, <388,5,1>, <389,5,1>, <390,5,1>, <394,5,2>, <397,5,1>, <398,5,1>, <399,5,1>, <400,5,2>, <402,5,1>, <405,5,1>, <408,5,1>, <410,5,1>, <411,5,1>, <413,5,1>, <414,5,1>, <416,5,1>, <417,5,2>, <419,5,1>, <420,5,1>, <421,5,2>, <424,5,1>, <425,5,3>, <427,5,1>, <440,5,1>, <441,5,1>, <442,5,1>, <444,5,2>, <445,5,1>, <448,5,1>, <453,5,1>, <457,5,2>, <462,5,1>, <464,5,1>, <467,5,1>, <468,5,1>, <469,5,1>, <471,5,1>, <473,5,1>, <474,5,2>, <475,5,1>, <476,5,1>, <478,5,1>, <479,5,1>, <483,5,1>, <487,5,1>, <490,5,2>, <492,5,1>, <493,5,1>, <494,5,1>, <495,5,1>, <498,5,1>, <502,5,1>, <504,5,1>, <505,5,3>, <506,5,3>, <507,5,1>, <508,5,1>, <510,5,1>, <512,5,1>, <513,5,1>, <517,5,1>, <521,5,2>, <522,5,1>, <524,5,1>, <525,5,1>, <528,5,1>, <529,5,1>, <532,5,1>, <535,5,1>, <537,5,1>, <538,5,1>, <539,5,2>, <543,5,1>, <548,5,1>, <551,5,1>, <552,5,5>, <556,5,1>, <557,5,2>, <558,5,1>, <559,5,1>, <560,5,1>, <563,5,2>, <565,5,2>, <569,5,1>, <571,5,1>, <574,5,1>, <577,5,1>, <580,5,1>, <582,5,4>, <585,5,1>, <588,5,1>, <589,5,1>, <592,5,1>, <594,5,1>, <598,5,1>, <600,5,1>, <601,5,2>, <606,5,1>, <608,5,1>, <611,5,1>, <613,5,2>, <616,5,1>, <618,5,1>, <619,5,1>, <620,5,1>, <621,5,1>, <622,5,1>, <623,5,1>, <625,5,2>, <626,5,1>, <629,5,1>, <630,5,1>, <631,5,1>, <637,5,1>, <646,5,1>, <647,5,1>, <649,5,1>, <655,5,1>, <656,5,1>, <657,5,1>, <659,5,1>, <660,5,1>, <665,5,1>, <669,5,1>, <671,5,1>, <676,5,2>, <677,5,1>, <678,5,1>, <681,5,1>, <687,5,1>, <691,5,1>, <693,5,1>, <696,5,3>, <698,5,1>, <702,5,1>, <709,5,1>, <710,5,1>, <711,5,1>, <715,5,1>, <716,5,3>, <739,5,1>, <743,5,1>, <749,5,1>, <754,5,2>, <755,5,2>, <765,5,2>, <768,5,1>, <770,5,1>, <773,5,1>, <776,5,2>, <777,5,1>, <778,5,1>, <785,5,1>, <787,5,1>, <788,5,1>, <791,5,1>, <792,5,1>, <798,5,2>, <806,5,1>, <807,5,3>, <812,5,1>, <814,5,1>, <816,5,1>, <818,5,1>, <823,5,1>, <826,5,1>, <828,5,1>, <829,5,1>, <831,5,1>, <833,5,1>, <835,5,1>, <838,5,1>, <840,5,1>, <841,5,1>, <844,5,1>, <849,5,1>, <850,5,1>, <855,5,1>, <858,5,1>, <863,5,1>, <867,5,1>, <868,5,1>, <869,5,1>, <875,5,1>, <876,5,1>, <877,5,1>, <885,5,1>, <886,5,1>, <887,5,1>, <890,5,1>, <894,5,1>, <895,5,1>, <898,5,1>, <899,5,1>, <900,5,1>, <902,5,1>, <903,5,1>, <907,5,1>, <908,5,1>, <911,5,1>, <922,5,2>, <929,5,1>, <931,5,1>, <933,5,2>, <938,5,1>, <939,5,1>, <941,5,1>, <950,5,1>, <951,5,2>, <952,5,1>, <956,5,1>, <957,5,1>, <963,5,1>, <968,5,1>, <969,5,1>, <973,5,1>, <981,5,1>, <982,5,1>, <984,5,2>, <986,5,1>, <988,5,1>, <992,5,1>, <1,2,501>, <2,2,35>, <3,2,125>, <4,2,194>, <5,2,87>, <6,2,117>, <7,2,48>, <8,2,76>, <9,2,23>, <10,2,114>, <11,2,19>, <12,2,42>, <13,2,9>, <14,2,12>, <15,2,16>, <16,2,12>, <17,2,15>, <18,2,20>, <19,2,4>, <20,2,2>, <21,2,3>, <22,2,16>, <23,2,8>, <24,2,6>, <25,2,13>, <26,2,15>, <27,2,10>, <28,2,11>, <29,2,29>, <30,2,19>, <31,2,2>, <32,2,10>, <33,2,22>, <35,2,6>, <36,2,11>, <37,2,8>, <38,2,17>, <39,2,2>, <40,2,7>, <41,2,4>, <42,2,3>, <44,2,12>, <45,2,2>, <46,2,2>, <47,2,2>, <48,2,15>, <49,2,4>, <50,2,5>, <52,2,1>, <53,2,11>, <54,2,1>, <55,2,15>, <56,2,1>, <57,2,5>, <58,2,7>, <59,2,9>, <60,2,10>, <61,2,13>, <62,2,7>, <63,2,8>, <64,2,1>, <65,2,1>, <66,2,4>, <67,2,4>, <68,2,2>, <69,2,5>, <70,2,5>, <71,2,5>, <72,2,2>, <73,2,1>, <74,2,5>, <75,2,9>, <76,2,3>, <77,2,8>, <78,2,3>, <79,2,3>, <80,2,6>, <81,2,2>, <82,2,2>, <83,2,3>, <84,2,10>, <86,2,2>, <87,2,5>, <88,2,2>, <89,2,1>, <90,2,6>, <91,2,4>, <92,2,2>, <93,2,7>, <94,2,1>, <95,2,2>, <96,2,3>, <97,2,3>, <99,2,3>, <100,2,2>, <101,2,7>, <103,2,5>, <104,2,2>, <106,2,3>, <107,2,8>, <108,2,4>, <110,2,1>, <111,2,5>, <112,2,4>, <113,2,2>, <115,2,1>, <116,2,1>, <117,2,5>, <119,2,3>, <120,2,8>, <121,2,4>, <123,2,1>, <124,2,4>, <125,2,2>, <126,2,9>, <128,2,4>, <130,2,2>, <131,2,1>, <134,2,1>, <135,2,3>, <136,2,2>, <138,2,1>, <139,2,5>, <140,2,1>, <141,2,1>, <143,2,2>, <144,2,3>, <145,2,1>, <146,2,2>, <147,2,1>, <148,2,3>, <149,2,11>, <150,2,4>, <151,2,2>, <154,2,4>, <155,2,2>, <156,2,1>, <157,2,5>, <158,2,5>, <159,2,1>, <160,2,7>, <161,2,3>, <162,2,3>, <163,2,2>, <166,2,1>, <167,2,2>, <168,2,6>, <169,2,1>, <170,2,1>, <172,2,5>, <174,2,10>, <175,2,3>, <176,2,3>, <177,2,2>, <178,2,8>, <179,2,1>, <180,2,3>, <181,2,3>, <182,2,1>, <183,2,2>, <184,2,3>, <185,2,2>, <186,2,4>, <187,2,1>, <188,2,1>, <189,2,2>, <190,2,1>, <191,2,1>, <192,2,2>, <193,2,1>, <194,2,1>, <195,2,2>, <196,2,1>, <197,2,3>, <198,2,1>, <199,2,7>, <201,2,3>, <202,2,1>, <203,2,2>, <204,2,1>, <205,2,3>, <207,2,5>, <209,2,1>, <211,2,1>, <213,2,2>, <214,2,3>, <215,2,2>, <216,2,5>, <217,2,2>, <218,2,2>, <220,2,2>, <222,2,2>, <223,2,5>, <225,2,1>, <227,2,1>, <228,2,2>, <230,2,5>, <231,2,1>, <232,2,1>, <233,2,1>, <234,2,1>, <235,2,3>, <236,2,1>, <238,2,3>, <242,2,3>, <243,2,5>, <244,2,2>, <245,2,5>, <246,2,4>, <247,2,2>, <249,2,2>, <250,2,7>, <251,2,1>, <252,2,3>, <253,2,1>, <254,2,2>, <255,2,2>, <256,2,1>, <257,2,1>, <259,2,2>, <262,2,1>, <263,2,2>, <264,2,1>, <265,2,2>, <266,2,3>, <267,2,1>, <268,2,1>, <269,2,2>, <271,2,1>, <275,2,2>, <277,2,1>, <281,2,1>, <282,2,3>, <284,2,1>, <285,2,2>, <286,2,1>, <289,2,2>, <290,2,1>, <291,2,1>, <292,2,2>, <293,2,1>, <295,2,1>, <296,2,1>, <297,2,2>, <299,2,2>, <302,2,1>, <303,2,2>, <304,2,1>, <305,2,1>, <308,2,1>, <309,2,1>, <310,2,1>, <311,2,2>, <312,2,2>, <315,2,2>, <317,2,1>, <318,2,1>, <319,2,1>, <320,2,4>, <321,2,1>, <323,2,4>, <325,2,2>, <330,2,1>, <331,2,2>, <332,2,1>, <333,2,1>, <334,2,1>, <335,2,1>, <338,2,1>, <340,2,1>, <341,2,3>, <342,2,3>, <344,2,2>, <345,2,1>, <347,2,1>, <348,2,3>, <350,2,2>, <352,2,1>, <353,2,1>, <354,2,1>, <355,2,1>, <361,2,2>, <362,2,1>, <363,2,2>, <364,2,1>, <365,2,1>, <367,2,2>, <368,2,6>, <369,2,2>, <370,2,2>, <371,2,1>, <372,2,2>, <373,2,1>, <375,2,1>, <376,2,1>, <379,2,1>, <381,2,1>, <383,2,1>, <384,2,3>, <386,2,1>, <389,2,3>, <392,2,1>, <394,2,2>, <395,2,2>, <397,2,2>, <400,2,1>, <405,2,1>, <408,2,2>, <411,2,2>, <415,2,1>, <417,2,1>, <418,2,1>, <419,2,2>, <420,2,5>, <421,2,1>, <430,2,1>, <435,2,2>, <438,2,1>, <440,2,1>, <443,2,1>, <444,2,1>, <447,2,1>, <448,2,1>, <449,2,1>, <450,2,1>, <451,2,2>, <452,2,1>, <453,2,1>, <466,2,1>, <467,2,1>, <468,2,1>, <469,2,1>, <471,2,1>, <472,2,1>, <473,2,2>, <476,2,1>, <478,2,1>, <480,2,1>, <481,2,1>, <484,2,1>, <485,2,1>, <486,2,1>, <488,2,1>, <491,2,3>, <492,2,1>, <493,2,2>, <494,2,3>, <495,2,2>, <497,2,2>, <499,2,2>, <500,2,1>, <501,2,1>, <504,2,1>, <506,2,1>, <509,2,2>, <510,2,1>, <511,2,1>, <512,2,1>, <513,2,2>, <515,2,2>, <517,2,1>, <520,2,1>, <522,2,2>, <523,2,1>, <525,2,1>, <528,2,1>, <530,2,1>, <531,2,1>, <532,2,1>, <533,2,1>, <534,2,2>, <536,2,1>, <539,2,1>, <544,2,1>, <545,2,2>, <548,2,3>, <550,2,1>, <551,2,1>, <555,2,1>, <557,2,1>, <558,2,1>, <559,2,1>, <560,2,2>, <563,2,1>, <564,2,1>, <565,2,2>, <567,2,1>, <568,2,1>, <571,2,1>, <573,2,2>, <577,2,1>, <580,2,1>, <583,2,2>, <584,2,1>, <585,2,1>, <589,2,2>, <592,2,2>, <596,2,4>, <600,2,1>, <602,2,1>, <604,2,4>, <609,2,1>, <612,2,1>, <613,2,1>, <615,2,1>, <620,2,1>, <621,2,1>, <622,2,1>, <625,2,1>, <626,2,1>, <627,2,1>, <628,2,1>, <629,2,1>, <635,2,2>, <642,2,1>, <643,2,1>, <646,2,1>, <647,2,1>, <650,2,4>, <651,2,1>, <655,2,1>, <656,2,1>, <659,2,1>, <662,2,1>, <663,2,1>, <664,2,1>, <668,2,1>, <671,2,1>, <673,2,1>, <676,2,1>, <685,2,1>, <686,2,1>, <692,2,1>, <693,2,1>, <701,2,2>, <702,2,2>, <705,2,1>, <709,2,1>, <713,2,3>, <714,2,1>, <716,2,1>, <717,2,1>, <718,2,1>, <738,2,2>, <739,2,1>, <748,2,1>, <750,2,1>, <755,2,1>, <758,2,1>, <765,2,1>, <775,2,1>, <776,2,1>, <779,2,2>, <781,2,2>, <790,2,1>, <791,2,1>, <795,2,1>, <796,2,1>, <797,2,1>, <798,2,2>, <799,2,1>, <801,2,1>, <802,2,1>, <803,2,2>, <804,2,3>, <808,2,1>, <813,2,1>, <815,2,1>, <818,2,1>, <821,2,1>, <826,2,1>, <834,2,1>, <837,2,1>, <839,2,1>, <840,2,1>, <841,2,1>, <846,2,1>, <857,2,1>, <859,2,1>, <878,2,2>, <879,2,1>, <882,2,1>, <883,2,1>, <885,2,1>, <895,2,1>, <896,2,1>, <897,2,1>, <899,2,1>, <907,2,1>, <908,2,1>, <912,2,1>, <916,2,1>, <920,2,1>, <921,2,1>, <928,2,1>, <933,2,1>, <943,2,1>, <947,2,1>, <950,2,1>, <955,2,1>, <960,2,1>, <965,2,1>, <966,2,1>, <969,2,1>, <979,2,1>, <980,2,1>, <991,2,1>, <992,2,1>, <994,2,1>, <996,2,2>, <1,1,492>, <2,1,111>, <3,1,12>, <4,1,38>, <5,1,84>, <6,1,21>, <7,1,52>, <8,1,1>, <9,1,8>, <10,1,10>, <11,1,42>, <12,1,36>, <13,1,56>, <14,1,105>, <15,1,20>, <16,1,4>, <17,1,29>, <18,1,10>, <19,1,47>, <20,1,19>, <21,1,17>, <22,1,6>, <23,1,1>, <24,1,9>, <25,1,23>, <26,1,14>, <27,1,9>, <28,1,3>, <29,1,1>, <30,1,15>, <31,1,7>, <32,1,22>, <33,1,25>, <34,1,34>, <35,1,17>, <36,1,8>, <37,1,11>, <38,1,6>, <39,1,21>, <40,1,13>, <41,1,22>, <42,1,1>, <43,1,3>, <44,1,6>, <45,1,7>, <46,1,5>, <47,1,17>, <48,1,7>, <49,1,4>, <50,1,7>, <51,1,11>, <52,1,2>, <54,1,6>, <55,1,2>, <56,1,1>, <57,1,13>, <58,1,2>, <60,1,10>, <61,1,6>, <62,1,6>, <63,1,3>, <64,1,2>, <65,1,7>, <66,1,6>, <67,1,3>, <68,1,7>, <69,1,4>, <70,1,4>, <71,1,1>, <72,1,16>, <73,1,1>, <74,1,1>, <75,1,6>, <76,1,1>, <77,1,4>, <78,1,19>, <80,1,8>, <81,1,7>, <82,1,5>, <83,1,9>, <85,1,3>, <86,1,2>, <87,1,2>, <88,1,5>, <89,1,3>, <90,1,3>, <91,1,2>, <92,1,2>, <93,1,3>, <94,1,8>, <96,1,6>, <97,1,4>, <98,1,5>, <99,1,4>, <100,1,2>, <101,1,2>, <102,1,8>, <103,1,1>, <104,1,2>, <105,1,1>, <107,1,2>, <108,1,2>, <109,1,1>, <110,1,5>, <111,1,3>, <112,1,6>, <113,1,1>, <114,1,3>, <116,1,3>, <118,1,2>, <119,1,2>, <121,1,1>, <122,1,7>, <126,1,1>, <127,1,2>, <128,1,1>, <129,1,6>, <130,1,2>, <131,1,2>, <132,1,3>, <133,1,7>, <134,1,4>, <135,1,6>, <137,1,3>, <138,1,3>, <141,1,2>, <142,1,1>, <143,1,2>, <144,1,2>, <145,1,7>, <146,1,1>, <147,1,3>, <148,1,2>, <149,1,1>, <150,1,3>, <152,1,2>, <153,1,2>, <154,1,6>, <155,1,2>, <156,1,9>, <157,1,3>, <158,1,5>, <159,1,2>, <160,1,4>, <161,1,2>, <162,1,3>, <163,1,3>, <164,1,3>, <165,1,3>, <166,1,1>, <167,1,1>, <169,1,3>, <170,1,1>, <171,1,5>, <172,1,1>, <173,1,1>, <174,1,1>, <176,1,3>, <177,1,1>, <178,1,1>, <179,1,5>, <181,1,2>, <183,1,2>, <184,1,1>, <185,1,1>, <188,1,3>, <189,1,1>, <190,1,2>, <191,1,1>, <192,1,2>, <194,1,1>, <195,1,1>, <197,1,1>, <199,1,3>, <200,1,1>, <202,1,3>, <203,1,3>, <204,1,1>, <205,1,1>, <206,1,1>, <208,1,1>, <209,1,1>, <211,1,1>, <212,1,1>, <213,1,1>, <214,1,2>, <215,1,1>, <216,1,3>, <217,1,2>, <218,1,2>, <219,1,3>, <220,1,1>, <222,1,3>, <223,1,2>, <225,1,2>, <226,1,1>, <229,1,5>, <230,1,2>, <231,1,1>, <233,1,3>, <234,1,1>, <235,1,1>, <236,1,2>, <239,1,3>, <240,1,4>, <241,1,2>, <242,1,1>, <243,1,1>, <245,1,3>, <246,1,2>, <247,1,3>, <250,1,1>, <251,1,3>, <252,1,1>, <253,1,1>, <254,1,1>, <255,1,1>, <257,1,1>, <258,1,2>, <260,1,1>, <262,1,1>, <263,1,2>, <265,1,1>, <266,1,1>, <267,1,2>, <268,1,2>, <270,1,2>, <272,1,1>, <274,1,2>, <275,1,3>, <278,1,1>, <279,1,1>, <280,1,1>, <281,1,1>, <282,1,1>, <283,1,2>, <284,1,2>, <285,1,1>, <287,1,1>, <288,1,1>, <290,1,3>, <292,1,2>, <293,1,1>, <296,1,1>, <297,1,3>, <298,1,2>, <299,1,1>, <300,1,3>, <301,1,1>, <303,1,1>, <305,1,6>, <306,1,1>, <307,1,5>, <308,1,1>, <310,1,1>, <311,1,1>, <312,1,1>, <313,1,2>, <317,1,2>, <318,1,1>, <319,1,1>, <325,1,1>, <326,1,1>, <327,1,1>, <328,1,2>, <329,1,2>, <330,1,1>, <331,1,2>, <333,1,4>, <334,1,2>, <336,1,2>, <337,1,4>, <338,1,1>, <340,1,3>, <342,1,1>, <343,1,1>, <345,1,4>, <347,1,3>, <349,1,2>, <350,1,1>, <351,1,2>, <352,1,2>, <354,1,2>, <355,1,1>, <357,1,2>, <358,1,1>, <360,1,1>, <364,1,3>, <365,1,1>, <366,1,2>, <367,1,1>, <368,1,1>, <369,1,2>, <370,1,1>, <372,1,2>, <378,1,1>, <379,1,1>, <380,1,1>, <382,1,1>, <383,1,1>, <385,1,1>, <386,1,1>, <389,1,1>, <390,1,2>, <394,1,1>, <399,1,1>, <400,1,1>, <401,1,1>, <402,1,1>, <406,1,1>, <407,1,1>, <411,1,2>, <413,1,2>, <416,1,2>, <421,1,1>, <423,1,1>, <426,1,1>, <427,1,1>, <428,1,1>, <429,1,2>, <430,1,1>, <432,1,2>, <440,1,1>, <445,1,2>, <447,1,2>, <448,1,1>, <450,1,1>, <451,1,2>, <452,1,1>, <453,1,2>, <456,1,1>, <457,1,1>, <458,1,2>, <461,1,1>, <464,1,2>, <466,1,3>, <469,1,2>, <473,1,1>, <474,1,1>, <475,1,1>, <476,1,1>, <477,1,1>, <478,1,2>, <481,1,2>, <487,1,1>, <488,1,1>, <490,1,1>, <493,1,1>, <495,1,7>, <496,1,1>, <497,1,1>, <501,1,1>, <506,1,1>, <507,1,2>, <508,1,1>, <509,1,2>, <510,1,2>, <511,1,2>, <512,1,1>, <517,1,2>, <520,1,1>, <521,1,1>, <524,1,1>, <525,1,3>, <527,1,2>, <529,1,1>, <533,1,1>, <536,1,1>, <540,1,1>, <541,1,1>, <544,1,2>, <548,1,1>, <555,1,1>, <557,1,1>, <559,1,1>, <560,1,3>, <563,1,1>, <564,1,1>, <565,1,1>, <569,1,1>, <571,1,1>, <574,1,1>, <578,1,2>, <580,1,1>, <583,1,1>, <584,1,2>, <586,1,1>, <590,1,1>, <592,1,1>, <599,1,1>, <600,1,1>, <605,1,4>, <607,1,1>, <612,1,1>, <616,1,1>, <618,1,1>, <619,1,1>, <620,1,1>, <622,1,1>, <625,1,2>, <628,1,2>, <635,1,1>, <641,1,1>, <643,1,1>, <644,1,1>, <646,1,1>, <647,1,1>, <651,1,2>, <653,1,1>, <654,1,1>, <655,1,1>, <657,1,1>, <659,1,1>, <660,1,1>, <662,1,1>, <663,1,1>, <666,1,1>, <672,1,1>, <678,1,1>, <680,1,1>, <681,1,2>, <682,1,1>, <685,1,1>, <687,1,1>, <688,1,1>, <692,1,2>, <693,1,1>, <698,1,1>, <699,1,1>, <704,1,1>, <706,1,2>, <708,1,2>, <709,1,1>, <710,1,1>, <716,1,1>, <726,1,1>, <727,1,1>, <735,1,1>, <742,1,3>, <743,1,1>, <744,1,1>, <752,1,1>, <754,1,2>, <755,1,1>, <756,1,1>, <760,1,1>, <763,1,1>, <766,1,1>, <769,1,1>, <773,1,1>, <775,1,1>, <776,1,1>, <778,1,1>, <779,1,1>, <780,1,1>, <781,1,1>, <784,1,1>, <785,1,1>, <786,1,1>, <792,1,1>, <798,1,1>, <799,1,1>, <805,1,1>, <808,1,2>, <810,1,1>, <812,1,1>, <815,1,1>, <818,1,3>, <820,1,1>, <822,1,1>, <826,1,1>, <828,1,1>, <833,1,1>, <838,1,1>, <840,1,1>, <841,1,1>, <848,1,1>, <855,1,1>, <857,1,1>, <863,1,1>, <869,1,1>, <875,1,1>, <876,1,2>, <877,1,1>, <882,1,1>, <885,1,2>, <887,1,1>, <893,1,1>, <894,1,1>, <899,1,1>, <900,1,1>, <902,1,1>, <903,1,1>, <905,1,1>, <907,1,1>, <908,1,1>, <909,1,1>, <912,1,1>, <914,1,1>, <915,1,1>, <921,1,1>, <922,1,1>, <926,1,2>, <928,1,3>, <938,1,1>, <941,1,1>, <946,1,1>, <947,1,1>, <948,1,1>, <951,1,2>, <952,1,2>, <955,1,1>, <962,1,2>, <978,1,1>, <988,1,1>, <994,1,1>, <995,1,1> };

MaxCacheStorageAtSingleAS= [ 1312.5  1312.5  1312.5  1312.5  1312.5 ] ;

MaxCacheStorage = 6562.5 ;
SolutionGap = 0.01 ;
