
ASes= { 1, 2, 3 } ;


Objects= { 1, 2, 3, 4, 5, 6, 7, 8, 9, 10, 11, 12, 13, 14, 15, 16, 17, 18, 19, 20, 21, 22, 23, 24, 25, 26, 27, 28, 29, 30, 31, 32, 33, 34, 35, 36, 37, 38, 39, 40, 41, 42, 43, 44, 45, 46, 47, 48, 49, 50, 51, 52, 53, 54, 55, 56, 57, 58, 59, 60, 61, 62, 63, 64, 65, 66, 67, 68, 69, 70, 71, 72, 73, 74, 75, 76, 77, 78, 79, 80, 81, 82, 83, 84, 85, 86, 87, 88, 89, 90, 91, 92, 93, 94, 95, 96, 97, 98, 99, 100, 101, 102, 103, 104, 105, 106, 107, 108, 109, 110, 111, 112, 113, 114, 115, 116, 117, 118, 119, 120, 121, 122, 123, 124, 125, 126, 127, 128, 129, 130, 131, 132, 133, 134, 135, 136, 137, 138, 139, 140, 141, 142, 143, 144, 145, 146, 147, 148, 149, 150, 151, 152, 153, 154, 155, 156, 157, 158, 159, 160, 161, 162, 163, 164, 165, 166, 167, 168, 169, 170, 171, 172, 173, 174, 175, 176, 177, 178, 179, 180, 181, 182, 183, 184, 185, 186, 187, 188, 189, 190, 191, 192, 193, 194, 195, 196, 197, 198, 199, 200, 201, 202, 203, 204, 205, 206, 207, 208, 209, 210, 211, 212, 213, 214, 215, 216, 217, 218, 219, 220, 221, 222, 223, 224, 225, 226, 227, 228, 229, 230, 231, 232, 233, 234, 235, 236, 237, 238, 239, 240, 241, 242, 243, 244, 245, 246, 247, 248, 249, 250, 251, 252, 253, 254, 255, 256, 257, 258, 259, 260, 261, 262, 263, 264, 265, 266, 267, 268, 269, 270, 271, 272, 273, 274, 275, 276, 277, 278, 279, 280, 281, 282, 283, 284, 285, 286, 287, 288, 289, 290, 291, 292, 293, 294, 295, 296, 297, 298, 299, 300, 301, 302, 303, 304, 305, 306, 307, 308, 309, 310, 311, 312, 313, 314, 315, 316, 317, 318, 319, 320, 321, 322, 323, 324, 325, 326, 327, 328, 329, 330, 331, 332, 333, 334, 335, 336, 337, 338, 339, 340, 341, 342, 343, 344, 345, 346, 347, 348, 349, 350, 351, 352, 353, 354, 355, 356, 357, 358, 359, 360, 361, 362, 363, 364, 365, 366, 367, 368, 369, 370, 371, 372, 373, 374, 375, 376, 377, 378, 379, 380, 381, 382, 383, 384, 385, 386, 387, 388, 389, 390, 391, 392, 393, 394, 395, 396, 397, 398, 399, 400, 401, 402, 403, 404, 405, 406, 407, 408, 409, 410, 411, 412, 413, 414, 415, 416, 417, 418, 419, 420, 421, 422, 423, 424, 425, 426, 427, 428, 429, 430, 431, 432, 433, 434, 435, 436, 437, 438, 439, 440, 441, 442, 443, 444, 445, 446, 447, 448, 449, 450, 451, 452, 453, 454, 455, 456, 457, 458, 459, 460, 461, 462, 463, 464, 465, 466, 467, 468, 469, 470, 471, 472, 473, 474, 475, 476, 477, 478, 479, 480, 481, 482, 483, 484, 485, 486, 487, 488, 489, 490, 491, 492, 493, 494, 495, 496, 497, 498, 499, 500, 501, 502, 503, 504, 505, 506, 507, 508, 509, 510, 511, 512, 513, 514, 515, 516, 517, 518, 519, 520, 521, 522, 523, 524, 525, 526, 527, 528, 529, 530, 531, 532, 533, 534, 535, 536, 537, 538, 539, 540, 541, 542, 543, 544, 545, 546, 547, 548, 549, 550, 551, 552, 553, 554, 555, 556, 557, 558, 559, 560, 561, 562, 563, 564, 565, 566, 567, 568, 569, 570, 571, 572, 573, 574, 575, 576, 577, 578, 579, 580, 581, 582, 583, 584, 585, 586, 587, 588, 589, 590, 591, 592, 593, 594, 595, 596, 597, 598, 599, 600, 601, 602, 603, 604, 605, 606, 607, 608, 609, 610, 611, 612, 613, 614, 615, 616, 617, 618, 619, 620, 621, 622, 623, 624, 625, 626, 627, 628, 629, 630, 631, 632, 633, 634, 635, 636, 637, 638, 639, 640, 641, 642, 643, 644, 645, 646, 647, 648, 649, 650, 651, 652, 653, 654, 655, 656, 657, 658, 659, 660, 661, 662, 663, 664, 665, 666, 667, 668, 669, 670, 671, 672, 673, 674, 675, 676, 677, 678, 679, 680, 681, 682, 683, 684, 685, 686, 687, 688, 689, 690, 691, 692, 693, 694, 695, 696, 697, 698, 699, 700, 701, 702, 703, 704, 705, 706, 707, 708, 709, 710, 711, 712, 713, 714, 715, 716, 717, 718, 719, 720, 721, 722, 723, 724, 725, 726, 727, 728, 729, 730, 731, 732, 733, 734, 735, 736, 737, 738, 739, 740, 741, 742, 743, 744, 745, 746, 747, 748, 749, 750, 751, 752, 753, 754, 755, 756, 757, 758, 759, 760, 761, 762, 763, 764, 765, 766, 767, 768, 769, 770, 771, 772, 773, 774, 775, 776, 777, 778, 779, 780, 781, 782, 783, 784, 785, 786, 787, 788, 789, 790, 791, 792, 793, 794, 795, 796, 797, 798, 799, 800, 801, 802, 803, 804, 805, 806, 807, 808, 809, 810, 811, 812, 813, 814, 815, 816, 817, 818, 819, 820, 821, 822, 823, 824, 825, 826, 827, 828, 829, 830, 831, 832, 833, 834, 835, 836, 837, 838, 839, 840, 841, 842, 843, 844, 845, 846, 847, 848, 849, 850, 851, 852, 853, 854, 855, 856, 857, 858, 859, 860, 861, 862, 863, 864, 865, 866, 867, 868, 869, 870, 871, 872, 873, 874, 875, 876, 877, 878, 879, 880, 881, 882, 883, 884, 885, 886, 887, 888, 889, 890, 891, 892, 893, 894, 895, 896, 897, 898, 899, 900, 901, 902, 903, 904, 905, 906, 907, 908, 909, 910, 911, 912, 913, 914, 915, 916, 917, 918, 919, 920, 921, 922, 923, 924, 925, 926, 927, 928, 929, 930, 931, 932, 933, 934, 935, 936, 937, 938, 939, 940, 941, 942, 943, 944, 945, 946, 947, 948, 949, 950, 951, 952, 953, 954, 955, 956, 957, 958, 959, 960, 961, 962, 963, 964, 965, 966, 967, 968, 969, 970, 971, 972, 973, 974, 975, 976, 977, 978, 979, 980, 981, 982, 983, 984, 985, 986, 987, 988, 989, 990, 991, 992, 993, 994, 995, 996, 997, 998, 999, 1000 } ;


QualityLevels= { 0, 1, 2, 3, 4, 5 } ;

Arcs = {<1, 2, 49000>, <2, 3, 2.94e+06> };


RatePerQuality= [ 0  300  700  1500  2500  3500 ] ;


CacheSpacePerQuality= [ 10000  11.25  26.25  56.25  93.75  131.25 ] ;


UtilityPerQuality= [ 0  0.66874  0.795271  0.880112  0.945742  1 ] ;


ObjectsPublishedByProducers=[ [ 1  0  0 ]  [ 1  0  0 ]  [ 1  0  0 ]  [ 1  0  0 ]  [ 1  0  0 ]  [ 1  0  0 ]  [ 1  0  0 ]  [ 1  0  0 ]  [ 1  0  0 ]  [ 1  0  0 ]  [ 1  0  0 ]  [ 1  0  0 ]  [ 1  0  0 ]  [ 1  0  0 ]  [ 1  0  0 ]  [ 1  0  0 ]  [ 1  0  0 ]  [ 1  0  0 ]  [ 1  0  0 ]  [ 1  0  0 ]  [ 1  0  0 ]  [ 1  0  0 ]  [ 1  0  0 ]  [ 1  0  0 ]  [ 1  0  0 ]  [ 1  0  0 ]  [ 1  0  0 ]  [ 1  0  0 ]  [ 1  0  0 ]  [ 1  0  0 ]  [ 1  0  0 ]  [ 1  0  0 ]  [ 1  0  0 ]  [ 1  0  0 ]  [ 1  0  0 ]  [ 1  0  0 ]  [ 1  0  0 ]  [ 1  0  0 ]  [ 1  0  0 ]  [ 1  0  0 ]  [ 1  0  0 ]  [ 1  0  0 ]  [ 1  0  0 ]  [ 1  0  0 ]  [ 1  0  0 ]  [ 1  0  0 ]  [ 1  0  0 ]  [ 1  0  0 ]  [ 1  0  0 ]  [ 1  0  0 ]  [ 1  0  0 ]  [ 1  0  0 ]  [ 1  0  0 ]  [ 1  0  0 ]  [ 1  0  0 ]  [ 1  0  0 ]  [ 1  0  0 ]  [ 1  0  0 ]  [ 1  0  0 ]  [ 1  0  0 ]  [ 1  0  0 ]  [ 1  0  0 ]  [ 1  0  0 ]  [ 1  0  0 ]  [ 1  0  0 ]  [ 1  0  0 ]  [ 1  0  0 ]  [ 1  0  0 ]  [ 1  0  0 ]  [ 1  0  0 ]  [ 1  0  0 ]  [ 1  0  0 ]  [ 1  0  0 ]  [ 1  0  0 ]  [ 1  0  0 ]  [ 1  0  0 ]  [ 1  0  0 ]  [ 1  0  0 ]  [ 1  0  0 ]  [ 1  0  0 ]  [ 1  0  0 ]  [ 1  0  0 ]  [ 1  0  0 ]  [ 1  0  0 ]  [ 1  0  0 ]  [ 1  0  0 ]  [ 1  0  0 ]  [ 1  0  0 ]  [ 1  0  0 ]  [ 1  0  0 ]  [ 1  0  0 ]  [ 1  0  0 ]  [ 1  0  0 ]  [ 1  0  0 ]  [ 1  0  0 ]  [ 1  0  0 ]  [ 1  0  0 ]  [ 1  0  0 ]  [ 1  0  0 ]  [ 1  0  0 ]  [ 1  0  0 ]  [ 1  0  0 ]  [ 1  0  0 ]  [ 1  0  0 ]  [ 1  0  0 ]  [ 1  0  0 ]  [ 1  0  0 ]  [ 1  0  0 ]  [ 1  0  0 ]  [ 1  0  0 ]  [ 1  0  0 ]  [ 1  0  0 ]  [ 1  0  0 ]  [ 1  0  0 ]  [ 1  0  0 ]  [ 1  0  0 ]  [ 1  0  0 ]  [ 1  0  0 ]  [ 1  0  0 ]  [ 1  0  0 ]  [ 1  0  0 ]  [ 1  0  0 ]  [ 1  0  0 ]  [ 1  0  0 ]  [ 1  0  0 ]  [ 1  0  0 ]  [ 1  0  0 ]  [ 1  0  0 ]  [ 1  0  0 ]  [ 1  0  0 ]  [ 1  0  0 ]  [ 1  0  0 ]  [ 1  0  0 ]  [ 1  0  0 ]  [ 1  0  0 ]  [ 1  0  0 ]  [ 1  0  0 ]  [ 1  0  0 ]  [ 1  0  0 ]  [ 1  0  0 ]  [ 1  0  0 ]  [ 1  0  0 ]  [ 1  0  0 ]  [ 1  0  0 ]  [ 1  0  0 ]  [ 1  0  0 ]  [ 1  0  0 ]  [ 1  0  0 ]  [ 1  0  0 ]  [ 1  0  0 ]  [ 1  0  0 ]  [ 1  0  0 ]  [ 1  0  0 ]  [ 1  0  0 ]  [ 1  0  0 ]  [ 1  0  0 ]  [ 1  0  0 ]  [ 1  0  0 ]  [ 1  0  0 ]  [ 1  0  0 ]  [ 1  0  0 ]  [ 1  0  0 ]  [ 1  0  0 ]  [ 1  0  0 ]  [ 1  0  0 ]  [ 1  0  0 ]  [ 1  0  0 ]  [ 1  0  0 ]  [ 1  0  0 ]  [ 1  0  0 ]  [ 1  0  0 ]  [ 1  0  0 ]  [ 1  0  0 ]  [ 1  0  0 ]  [ 1  0  0 ]  [ 1  0  0 ]  [ 1  0  0 ]  [ 1  0  0 ]  [ 1  0  0 ]  [ 1  0  0 ]  [ 1  0  0 ]  [ 1  0  0 ]  [ 1  0  0 ]  [ 1  0  0 ]  [ 1  0  0 ]  [ 1  0  0 ]  [ 1  0  0 ]  [ 1  0  0 ]  [ 1  0  0 ]  [ 1  0  0 ]  [ 1  0  0 ]  [ 1  0  0 ]  [ 1  0  0 ]  [ 1  0  0 ]  [ 1  0  0 ]  [ 1  0  0 ]  [ 1  0  0 ]  [ 1  0  0 ]  [ 1  0  0 ]  [ 1  0  0 ]  [ 1  0  0 ]  [ 1  0  0 ]  [ 1  0  0 ]  [ 1  0  0 ]  [ 1  0  0 ]  [ 1  0  0 ]  [ 1  0  0 ]  [ 1  0  0 ]  [ 1  0  0 ]  [ 1  0  0 ]  [ 1  0  0 ]  [ 1  0  0 ]  [ 1  0  0 ]  [ 1  0  0 ]  [ 1  0  0 ]  [ 1  0  0 ]  [ 1  0  0 ]  [ 1  0  0 ]  [ 1  0  0 ]  [ 1  0  0 ]  [ 1  0  0 ]  [ 1  0  0 ]  [ 1  0  0 ]  [ 1  0  0 ]  [ 1  0  0 ]  [ 1  0  0 ]  [ 1  0  0 ]  [ 1  0  0 ]  [ 1  0  0 ]  [ 1  0  0 ]  [ 1  0  0 ]  [ 1  0  0 ]  [ 1  0  0 ]  [ 1  0  0 ]  [ 1  0  0 ]  [ 1  0  0 ]  [ 1  0  0 ]  [ 1  0  0 ]  [ 1  0  0 ]  [ 1  0  0 ]  [ 1  0  0 ]  [ 1  0  0 ]  [ 1  0  0 ]  [ 1  0  0 ]  [ 1  0  0 ]  [ 1  0  0 ]  [ 1  0  0 ]  [ 1  0  0 ]  [ 1  0  0 ]  [ 1  0  0 ]  [ 1  0  0 ]  [ 1  0  0 ]  [ 1  0  0 ]  [ 1  0  0 ]  [ 1  0  0 ]  [ 1  0  0 ]  [ 1  0  0 ]  [ 1  0  0 ]  [ 1  0  0 ]  [ 1  0  0 ]  [ 1  0  0 ]  [ 1  0  0 ]  [ 1  0  0 ]  [ 1  0  0 ]  [ 1  0  0 ]  [ 1  0  0 ]  [ 1  0  0 ]  [ 1  0  0 ]  [ 1  0  0 ]  [ 1  0  0 ]  [ 1  0  0 ]  [ 1  0  0 ]  [ 1  0  0 ]  [ 1  0  0 ]  [ 1  0  0 ]  [ 1  0  0 ]  [ 1  0  0 ]  [ 1  0  0 ]  [ 1  0  0 ]  [ 1  0  0 ]  [ 1  0  0 ]  [ 1  0  0 ]  [ 1  0  0 ]  [ 1  0  0 ]  [ 1  0  0 ]  [ 1  0  0 ]  [ 1  0  0 ]  [ 1  0  0 ]  [ 1  0  0 ]  [ 1  0  0 ]  [ 1  0  0 ]  [ 1  0  0 ]  [ 1  0  0 ]  [ 1  0  0 ]  [ 1  0  0 ]  [ 1  0  0 ]  [ 1  0  0 ]  [ 1  0  0 ]  [ 1  0  0 ]  [ 1  0  0 ]  [ 1  0  0 ]  [ 1  0  0 ]  [ 1  0  0 ]  [ 1  0  0 ]  [ 1  0  0 ]  [ 1  0  0 ]  [ 1  0  0 ]  [ 1  0  0 ]  [ 1  0  0 ]  [ 1  0  0 ]  [ 1  0  0 ]  [ 1  0  0 ]  [ 1  0  0 ]  [ 1  0  0 ]  [ 1  0  0 ]  [ 1  0  0 ]  [ 1  0  0 ]  [ 1  0  0 ]  [ 1  0  0 ]  [ 1  0  0 ]  [ 1  0  0 ]  [ 1  0  0 ]  [ 1  0  0 ]  [ 1  0  0 ]  [ 1  0  0 ]  [ 1  0  0 ]  [ 1  0  0 ]  [ 1  0  0 ]  [ 1  0  0 ]  [ 1  0  0 ]  [ 1  0  0 ]  [ 1  0  0 ]  [ 1  0  0 ]  [ 1  0  0 ]  [ 1  0  0 ]  [ 1  0  0 ]  [ 1  0  0 ]  [ 1  0  0 ]  [ 1  0  0 ]  [ 1  0  0 ]  [ 1  0  0 ]  [ 1  0  0 ]  [ 1  0  0 ]  [ 1  0  0 ]  [ 1  0  0 ]  [ 1  0  0 ]  [ 1  0  0 ]  [ 1  0  0 ]  [ 1  0  0 ]  [ 1  0  0 ]  [ 1  0  0 ]  [ 1  0  0 ]  [ 1  0  0 ]  [ 1  0  0 ]  [ 1  0  0 ]  [ 1  0  0 ]  [ 1  0  0 ]  [ 1  0  0 ]  [ 1  0  0 ]  [ 1  0  0 ]  [ 1  0  0 ]  [ 1  0  0 ]  [ 1  0  0 ]  [ 1  0  0 ]  [ 1  0  0 ]  [ 1  0  0 ]  [ 1  0  0 ]  [ 1  0  0 ]  [ 1  0  0 ]  [ 1  0  0 ]  [ 1  0  0 ]  [ 1  0  0 ]  [ 1  0  0 ]  [ 1  0  0 ]  [ 1  0  0 ]  [ 1  0  0 ]  [ 1  0  0 ]  [ 1  0  0 ]  [ 1  0  0 ]  [ 1  0  0 ]  [ 1  0  0 ]  [ 1  0  0 ]  [ 1  0  0 ]  [ 1  0  0 ]  [ 1  0  0 ]  [ 1  0  0 ]  [ 1  0  0 ]  [ 1  0  0 ]  [ 1  0  0 ]  [ 1  0  0 ]  [ 1  0  0 ]  [ 1  0  0 ]  [ 1  0  0 ]  [ 1  0  0 ]  [ 1  0  0 ]  [ 1  0  0 ]  [ 1  0  0 ]  [ 1  0  0 ]  [ 1  0  0 ]  [ 1  0  0 ]  [ 1  0  0 ]  [ 1  0  0 ]  [ 1  0  0 ]  [ 1  0  0 ]  [ 1  0  0 ]  [ 1  0  0 ]  [ 1  0  0 ]  [ 1  0  0 ]  [ 1  0  0 ]  [ 1  0  0 ]  [ 1  0  0 ]  [ 1  0  0 ]  [ 1  0  0 ]  [ 1  0  0 ]  [ 1  0  0 ]  [ 1  0  0 ]  [ 1  0  0 ]  [ 1  0  0 ]  [ 1  0  0 ]  [ 1  0  0 ]  [ 1  0  0 ]  [ 1  0  0 ]  [ 1  0  0 ]  [ 1  0  0 ]  [ 1  0  0 ]  [ 1  0  0 ]  [ 1  0  0 ]  [ 1  0  0 ]  [ 1  0  0 ]  [ 1  0  0 ]  [ 1  0  0 ]  [ 1  0  0 ]  [ 1  0  0 ]  [ 1  0  0 ]  [ 1  0  0 ]  [ 1  0  0 ]  [ 1  0  0 ]  [ 1  0  0 ]  [ 1  0  0 ]  [ 1  0  0 ]  [ 1  0  0 ]  [ 1  0  0 ]  [ 1  0  0 ]  [ 1  0  0 ]  [ 1  0  0 ]  [ 1  0  0 ]  [ 1  0  0 ]  [ 1  0  0 ]  [ 1  0  0 ]  [ 1  0  0 ]  [ 1  0  0 ]  [ 1  0  0 ]  [ 1  0  0 ]  [ 1  0  0 ]  [ 1  0  0 ]  [ 1  0  0 ]  [ 1  0  0 ]  [ 1  0  0 ]  [ 1  0  0 ]  [ 1  0  0 ]  [ 1  0  0 ]  [ 1  0  0 ]  [ 1  0  0 ]  [ 1  0  0 ]  [ 1  0  0 ]  [ 1  0  0 ]  [ 1  0  0 ]  [ 1  0  0 ]  [ 1  0  0 ]  [ 1  0  0 ]  [ 1  0  0 ]  [ 1  0  0 ]  [ 1  0  0 ]  [ 1  0  0 ]  [ 1  0  0 ]  [ 1  0  0 ]  [ 1  0  0 ]  [ 1  0  0 ]  [ 1  0  0 ]  [ 1  0  0 ]  [ 1  0  0 ]  [ 1  0  0 ]  [ 1  0  0 ]  [ 1  0  0 ]  [ 1  0  0 ]  [ 1  0  0 ]  [ 1  0  0 ]  [ 1  0  0 ]  [ 1  0  0 ]  [ 1  0  0 ]  [ 1  0  0 ]  [ 1  0  0 ]  [ 1  0  0 ]  [ 1  0  0 ]  [ 1  0  0 ]  [ 1  0  0 ]  [ 1  0  0 ]  [ 1  0  0 ]  [ 1  0  0 ]  [ 1  0  0 ]  [ 1  0  0 ]  [ 1  0  0 ]  [ 1  0  0 ]  [ 1  0  0 ]  [ 1  0  0 ]  [ 1  0  0 ]  [ 1  0  0 ]  [ 1  0  0 ]  [ 1  0  0 ]  [ 1  0  0 ]  [ 1  0  0 ]  [ 1  0  0 ]  [ 1  0  0 ]  [ 1  0  0 ]  [ 1  0  0 ]  [ 1  0  0 ]  [ 1  0  0 ]  [ 1  0  0 ]  [ 1  0  0 ]  [ 1  0  0 ]  [ 1  0  0 ]  [ 1  0  0 ]  [ 1  0  0 ]  [ 1  0  0 ]  [ 1  0  0 ]  [ 1  0  0 ]  [ 1  0  0 ]  [ 1  0  0 ]  [ 1  0  0 ]  [ 1  0  0 ]  [ 1  0  0 ]  [ 1  0  0 ]  [ 1  0  0 ]  [ 1  0  0 ]  [ 1  0  0 ]  [ 1  0  0 ]  [ 1  0  0 ]  [ 1  0  0 ]  [ 1  0  0 ]  [ 1  0  0 ]  [ 1  0  0 ]  [ 1  0  0 ]  [ 1  0  0 ]  [ 1  0  0 ]  [ 1  0  0 ]  [ 1  0  0 ]  [ 1  0  0 ]  [ 1  0  0 ]  [ 1  0  0 ]  [ 1  0  0 ]  [ 1  0  0 ]  [ 1  0  0 ]  [ 1  0  0 ]  [ 1  0  0 ]  [ 1  0  0 ]  [ 1  0  0 ]  [ 1  0  0 ]  [ 1  0  0 ]  [ 1  0  0 ]  [ 1  0  0 ]  [ 1  0  0 ]  [ 1  0  0 ]  [ 1  0  0 ]  [ 1  0  0 ]  [ 1  0  0 ]  [ 1  0  0 ]  [ 1  0  0 ]  [ 1  0  0 ]  [ 1  0  0 ]  [ 1  0  0 ]  [ 1  0  0 ]  [ 1  0  0 ]  [ 1  0  0 ]  [ 1  0  0 ]  [ 1  0  0 ]  [ 1  0  0 ]  [ 1  0  0 ]  [ 1  0  0 ]  [ 1  0  0 ]  [ 1  0  0 ]  [ 1  0  0 ]  [ 1  0  0 ]  [ 1  0  0 ]  [ 1  0  0 ]  [ 1  0  0 ]  [ 1  0  0 ]  [ 1  0  0 ]  [ 1  0  0 ]  [ 1  0  0 ]  [ 1  0  0 ]  [ 1  0  0 ]  [ 1  0  0 ]  [ 1  0  0 ]  [ 1  0  0 ]  [ 1  0  0 ]  [ 1  0  0 ]  [ 1  0  0 ]  [ 1  0  0 ]  [ 1  0  0 ]  [ 1  0  0 ]  [ 1  0  0 ]  [ 1  0  0 ]  [ 1  0  0 ]  [ 1  0  0 ]  [ 1  0  0 ]  [ 1  0  0 ]  [ 1  0  0 ]  [ 1  0  0 ]  [ 1  0  0 ]  [ 1  0  0 ]  [ 1  0  0 ]  [ 1  0  0 ]  [ 1  0  0 ]  [ 1  0  0 ]  [ 1  0  0 ]  [ 1  0  0 ]  [ 1  0  0 ]  [ 1  0  0 ]  [ 1  0  0 ]  [ 1  0  0 ]  [ 1  0  0 ]  [ 1  0  0 ]  [ 1  0  0 ]  [ 1  0  0 ]  [ 1  0  0 ]  [ 1  0  0 ]  [ 1  0  0 ]  [ 1  0  0 ]  [ 1  0  0 ]  [ 1  0  0 ]  [ 1  0  0 ]  [ 1  0  0 ]  [ 1  0  0 ]  [ 1  0  0 ]  [ 1  0  0 ]  [ 1  0  0 ]  [ 1  0  0 ]  [ 1  0  0 ]  [ 1  0  0 ]  [ 1  0  0 ]  [ 1  0  0 ]  [ 1  0  0 ]  [ 1  0  0 ]  [ 1  0  0 ]  [ 1  0  0 ]  [ 1  0  0 ]  [ 1  0  0 ]  [ 1  0  0 ]  [ 1  0  0 ]  [ 1  0  0 ]  [ 1  0  0 ]  [ 1  0  0 ]  [ 1  0  0 ]  [ 1  0  0 ]  [ 1  0  0 ]  [ 1  0  0 ]  [ 1  0  0 ]  [ 1  0  0 ]  [ 1  0  0 ]  [ 1  0  0 ]  [ 1  0  0 ]  [ 1  0  0 ]  [ 1  0  0 ]  [ 1  0  0 ]  [ 1  0  0 ]  [ 1  0  0 ]  [ 1  0  0 ]  [ 1  0  0 ]  [ 1  0  0 ]  [ 1  0  0 ]  [ 1  0  0 ]  [ 1  0  0 ]  [ 1  0  0 ]  [ 1  0  0 ]  [ 1  0  0 ]  [ 1  0  0 ]  [ 1  0  0 ]  [ 1  0  0 ]  [ 1  0  0 ]  [ 1  0  0 ]  [ 1  0  0 ]  [ 1  0  0 ]  [ 1  0  0 ]  [ 1  0  0 ]  [ 1  0  0 ]  [ 1  0  0 ]  [ 1  0  0 ]  [ 1  0  0 ]  [ 1  0  0 ]  [ 1  0  0 ]  [ 1  0  0 ]  [ 1  0  0 ]  [ 1  0  0 ]  [ 1  0  0 ]  [ 1  0  0 ]  [ 1  0  0 ]  [ 1  0  0 ]  [ 1  0  0 ]  [ 1  0  0 ]  [ 1  0  0 ]  [ 1  0  0 ]  [ 1  0  0 ]  [ 1  0  0 ]  [ 1  0  0 ]  [ 1  0  0 ]  [ 1  0  0 ]  [ 1  0  0 ]  [ 1  0  0 ]  [ 1  0  0 ]  [ 1  0  0 ]  [ 1  0  0 ]  [ 1  0  0 ]  [ 1  0  0 ]  [ 1  0  0 ]  [ 1  0  0 ]  [ 1  0  0 ]  [ 1  0  0 ]  [ 1  0  0 ]  [ 1  0  0 ]  [ 1  0  0 ]  [ 1  0  0 ]  [ 1  0  0 ]  [ 1  0  0 ]  [ 1  0  0 ]  [ 1  0  0 ]  [ 1  0  0 ]  [ 1  0  0 ]  [ 1  0  0 ]  [ 1  0  0 ]  [ 1  0  0 ]  [ 1  0  0 ]  [ 1  0  0 ]  [ 1  0  0 ]  [ 1  0  0 ]  [ 1  0  0 ]  [ 1  0  0 ]  [ 1  0  0 ]  [ 1  0  0 ]  [ 1  0  0 ]  [ 1  0  0 ]  [ 1  0  0 ]  [ 1  0  0 ]  [ 1  0  0 ]  [ 1  0  0 ]  [ 1  0  0 ]  [ 1  0  0 ]  [ 1  0  0 ]  [ 1  0  0 ]  [ 1  0  0 ]  [ 1  0  0 ]  [ 1  0  0 ]  [ 1  0  0 ]  [ 1  0  0 ]  [ 1  0  0 ]  [ 1  0  0 ]  [ 1  0  0 ]  [ 1  0  0 ]  [ 1  0  0 ]  [ 1  0  0 ]  [ 1  0  0 ]  [ 1  0  0 ]  [ 1  0  0 ]  [ 1  0  0 ]  [ 1  0  0 ]  [ 1  0  0 ]  [ 1  0  0 ]  [ 1  0  0 ]  [ 1  0  0 ]  [ 1  0  0 ]  [ 1  0  0 ]  [ 1  0  0 ]  [ 1  0  0 ]  [ 1  0  0 ]  [ 1  0  0 ]  [ 1  0  0 ]  [ 1  0  0 ]  [ 1  0  0 ]  [ 1  0  0 ]  [ 1  0  0 ]  [ 1  0  0 ]  [ 1  0  0 ]  [ 1  0  0 ]  [ 1  0  0 ]  [ 1  0  0 ]  [ 1  0  0 ]  [ 1  0  0 ]  [ 1  0  0 ]  [ 1  0  0 ]  [ 1  0  0 ]  [ 1  0  0 ]  [ 1  0  0 ]  [ 1  0  0 ]  [ 1  0  0 ]  [ 1  0  0 ]  [ 1  0  0 ]  [ 1  0  0 ]  [ 1  0  0 ]  [ 1  0  0 ]  [ 1  0  0 ]  [ 1  0  0 ]  [ 1  0  0 ]  [ 1  0  0 ]  [ 1  0  0 ]  [ 1  0  0 ]  [ 1  0  0 ]  [ 1  0  0 ]  [ 1  0  0 ]  [ 1  0  0 ]  [ 1  0  0 ]  [ 1  0  0 ]  [ 1  0  0 ]  [ 1  0  0 ]  [ 1  0  0 ]  [ 1  0  0 ]  [ 1  0  0 ]  [ 1  0  0 ]  [ 1  0  0 ]  [ 1  0  0 ]  [ 1  0  0 ]  [ 1  0  0 ]  [ 1  0  0 ]  [ 1  0  0 ]  [ 1  0  0 ]  [ 1  0  0 ]  [ 1  0  0 ]  [ 1  0  0 ]  [ 1  0  0 ]  [ 1  0  0 ]  [ 1  0  0 ]  [ 1  0  0 ]  [ 1  0  0 ]  [ 1  0  0 ]  [ 1  0  0 ]  [ 1  0  0 ]  [ 1  0  0 ]  [ 1  0  0 ]  [ 1  0  0 ]  [ 1  0  0 ]  [ 1  0  0 ]  [ 1  0  0 ]  [ 1  0  0 ]  [ 1  0  0 ]  [ 1  0  0 ]  [ 1  0  0 ]  [ 1  0  0 ]  [ 1  0  0 ]  [ 1  0  0 ]  [ 1  0  0 ]  [ 1  0  0 ]  [ 1  0  0 ]  [ 1  0  0 ]  [ 1  0  0 ]  [ 1  0  0 ]  [ 1  0  0 ]  [ 1  0  0 ]  [ 1  0  0 ]  [ 1  0  0 ]  [ 1  0  0 ]  [ 1  0  0 ]  [ 1  0  0 ]  [ 1  0  0 ]  [ 1  0  0 ]  [ 1  0  0 ]  [ 1  0  0 ]  [ 1  0  0 ]  [ 1  0  0 ]  [ 1  0  0 ]  [ 1  0  0 ]  [ 1  0  0 ]  [ 1  0  0 ]  [ 1  0  0 ]  [ 1  0  0 ]  [ 1  0  0 ]  [ 1  0  0 ]  [ 1  0  0 ]  [ 1  0  0 ]  [ 1  0  0 ]  [ 1  0  0 ]  [ 1  0  0 ]  [ 1  0  0 ]  [ 1  0  0 ]  [ 1  0  0 ]  [ 1  0  0 ]  [ 1  0  0 ]  [ 1  0  0 ]  [ 1  0  0 ]  [ 1  0  0 ]  [ 1  0  0 ]  [ 1  0  0 ]  [ 1  0  0 ]  [ 1  0  0 ]  [ 1  0  0 ]  [ 1  0  0 ]  [ 1  0  0 ]  [ 1  0  0 ]  [ 1  0  0 ]  [ 1  0  0 ]  [ 1  0  0 ]  [ 1  0  0 ]  [ 1  0  0 ]  [ 1  0  0 ]  [ 1  0  0 ]  [ 1  0  0 ]  [ 1  0  0 ]  [ 1  0  0 ]  [ 1  0  0 ]  [ 1  0  0 ]  [ 1  0  0 ]  [ 1  0  0 ]  [ 1  0  0 ]  [ 1  0  0 ]  [ 1  0  0 ]  [ 1  0  0 ]  [ 1  0  0 ]  [ 1  0  0 ]  [ 1  0  0 ]  [ 1  0  0 ]  [ 1  0  0 ]  [ 1  0  0 ]  [ 1  0  0 ]  [ 1  0  0 ]  [ 1  0  0 ]  [ 1  0  0 ]  [ 1  0  0 ]  [ 1  0  0 ]  [ 1  0  0 ]  [ 1  0  0 ]  [ 1  0  0 ]  [ 1  0  0 ]  [ 1  0  0 ]  [ 1  0  0 ]  [ 1  0  0 ]  [ 1  0  0 ]  [ 1  0  0 ]  [ 1  0  0 ]  [ 1  0  0 ]  [ 1  0  0 ]  [ 1  0  0 ]  [ 1  0  0 ]  [ 1  0  0 ]  [ 1  0  0 ]  [ 1  0  0 ]  [ 1  0  0 ]  [ 1  0  0 ]  [ 1  0  0 ]  [ 1  0  0 ]  [ 1  0  0 ]  [ 1  0  0 ]  [ 1  0  0 ]  [ 1  0  0 ]  [ 1  0  0 ]  [ 1  0  0 ]  [ 1  0  0 ]  [ 1  0  0 ]  [ 1  0  0 ]  [ 1  0  0 ]  [ 1  0  0 ]  [ 1  0  0 ]  [ 1  0  0 ]  [ 1  0  0 ]  [ 1  0  0 ]  [ 1  0  0 ]  [ 1  0  0 ]  [ 1  0  0 ]  [ 1  0  0 ]  [ 1  0  0 ]  [ 1  0  0 ]  [ 1  0  0 ]  [ 1  0  0 ]  [ 1  0  0 ]  [ 1  0  0 ]  [ 1  0  0 ]  [ 1  0  0 ]  [ 1  0  0 ]  [ 1  0  0 ]  [ 1  0  0 ]  [ 1  0  0 ]  [ 1  0  0 ]  [ 1  0  0 ]  [ 1  0  0 ]  [ 1  0  0 ]  [ 1  0  0 ]  [ 1  0  0 ]  [ 1  0  0 ]  [ 1  0  0 ]  [ 1  0  0 ]  [ 1  0  0 ]  [ 1  0  0 ]  [ 1  0  0 ]  [ 1  0  0 ]  [ 1  0  0 ]  [ 1  0  0 ]  [ 1  0  0 ]  [ 1  0  0 ]  [ 1  0  0 ]  [ 1  0  0 ]  [ 1  0  0 ]  [ 1  0  0 ]  [ 1  0  0 ]  [ 1  0  0 ] ];

ObjRequests = {  <1,3,210>, <2,3,94>, <3,3,65>, <4,3,65>, <5,3,38>, <6,3,41>, <7,3,33>, <8,3,24>, <9,3,19>, <10,3,27>, <11,3,24>, <12,3,14>, <13,3,21>, <14,3,14>, <15,3,14>, <16,3,13>, <17,3,10>, <18,3,9>, <19,3,10>, <20,3,10>, <21,3,8>, <22,3,11>, <23,3,6>, <24,3,13>, <25,3,12>, <26,3,10>, <27,3,6>, <28,3,9>, <29,3,9>, <30,3,5>, <31,3,9>, <32,3,11>, <33,3,14>, <34,3,6>, <35,3,10>, <36,3,2>, <37,3,6>, <38,3,9>, <39,3,3>, <40,3,8>, <41,3,5>, <42,3,7>, <43,3,3>, <44,3,2>, <45,3,7>, <46,3,7>, <47,3,3>, <48,3,5>, <49,3,5>, <50,3,5>, <51,3,1>, <52,3,11>, <53,3,3>, <54,3,3>, <55,3,5>, <56,3,3>, <57,3,1>, <58,3,3>, <59,3,2>, <60,3,2>, <61,3,4>, <62,3,4>, <63,3,5>, <64,3,4>, <65,3,4>, <66,3,3>, <67,3,2>, <68,3,4>, <69,3,7>, <70,3,3>, <71,3,3>, <72,3,4>, <73,3,1>, <74,3,4>, <75,3,4>, <76,3,1>, <77,3,4>, <78,3,1>, <80,3,5>, <81,3,3>, <82,3,1>, <83,3,3>, <84,3,2>, <85,3,2>, <86,3,2>, <87,3,5>, <88,3,2>, <89,3,1>, <90,3,2>, <91,3,2>, <92,3,4>, <93,3,2>, <94,3,5>, <96,3,4>, <97,3,2>, <98,3,2>, <99,3,5>, <100,3,2>, <101,3,1>, <102,3,1>, <103,3,1>, <105,3,1>, <106,3,4>, <107,3,3>, <108,3,3>, <109,3,4>, <110,3,1>, <111,3,2>, <112,3,5>, <114,3,2>, <115,3,2>, <116,3,1>, <117,3,2>, <118,3,2>, <119,3,2>, <120,3,4>, <121,3,1>, <122,3,3>, <124,3,3>, <126,3,4>, <127,3,1>, <128,3,3>, <129,3,1>, <131,3,2>, <132,3,1>, <134,3,2>, <135,3,1>, <136,3,1>, <139,3,4>, <140,3,1>, <142,3,1>, <143,3,1>, <145,3,1>, <146,3,1>, <147,3,2>, <148,3,3>, <149,3,1>, <150,3,5>, <151,3,2>, <152,3,1>, <153,3,2>, <154,3,2>, <156,3,2>, <157,3,1>, <160,3,1>, <161,3,1>, <163,3,1>, <164,3,1>, <165,3,1>, <166,3,2>, <167,3,1>, <168,3,1>, <169,3,1>, <170,3,1>, <171,3,1>, <172,3,1>, <174,3,3>, <176,3,1>, <177,3,1>, <178,3,1>, <179,3,2>, <180,3,1>, <182,3,1>, <183,3,1>, <186,3,1>, <187,3,3>, <188,3,3>, <191,3,1>, <192,3,2>, <194,3,1>, <196,3,2>, <197,3,2>, <198,3,2>, <199,3,2>, <200,3,1>, <201,3,1>, <202,3,2>, <203,3,3>, <205,3,1>, <206,3,1>, <207,3,1>, <209,3,2>, <211,3,1>, <213,3,1>, <215,3,2>, <216,3,1>, <217,3,1>, <218,3,2>, <219,3,1>, <220,3,4>, <221,3,2>, <223,3,1>, <225,3,1>, <226,3,1>, <227,3,2>, <228,3,1>, <230,3,3>, <231,3,1>, <234,3,1>, <236,3,1>, <237,3,1>, <238,3,3>, <239,3,1>, <240,3,1>, <242,3,2>, <245,3,2>, <247,3,1>, <249,3,1>, <250,3,2>, <251,3,2>, <252,3,1>, <253,3,2>, <254,3,3>, <257,3,1>, <259,3,3>, <260,3,2>, <261,3,1>, <263,3,2>, <264,3,1>, <266,3,1>, <272,3,1>, <275,3,1>, <276,3,1>, <277,3,2>, <278,3,1>, <279,3,1>, <280,3,1>, <282,3,2>, <284,3,1>, <285,3,2>, <287,3,1>, <288,3,1>, <289,3,1>, <290,3,3>, <292,3,2>, <293,3,1>, <297,3,3>, <299,3,1>, <301,3,1>, <302,3,1>, <303,3,1>, <304,3,1>, <305,3,1>, <306,3,3>, <307,3,2>, <310,3,1>, <311,3,2>, <313,3,1>, <315,3,1>, <316,3,1>, <317,3,2>, <319,3,3>, <320,3,1>, <321,3,1>, <323,3,2>, <327,3,1>, <328,3,2>, <329,3,1>, <330,3,1>, <331,3,1>, <335,3,2>, <337,3,1>, <339,3,1>, <340,3,2>, <341,3,1>, <343,3,1>, <345,3,3>, <347,3,1>, <349,3,1>, <351,3,1>, <352,3,1>, <353,3,1>, <354,3,1>, <356,3,1>, <358,3,1>, <364,3,1>, <366,3,1>, <367,3,1>, <369,3,1>, <371,3,1>, <372,3,1>, <378,3,1>, <379,3,2>, <383,3,1>, <384,3,1>, <386,3,1>, <388,3,1>, <389,3,1>, <394,3,1>, <400,3,2>, <404,3,1>, <405,3,1>, <407,3,2>, <408,3,2>, <413,3,1>, <415,3,3>, <416,3,2>, <417,3,1>, <421,3,1>, <423,3,1>, <426,3,1>, <427,3,1>, <429,3,1>, <430,3,2>, <432,3,1>, <435,3,2>, <442,3,1>, <443,3,1>, <444,3,2>, <445,3,1>, <448,3,1>, <451,3,1>, <452,3,1>, <456,3,1>, <457,3,1>, <459,3,1>, <461,3,1>, <462,3,1>, <464,3,1>, <466,3,1>, <467,3,1>, <469,3,1>, <471,3,1>, <472,3,1>, <473,3,1>, <478,3,1>, <481,3,1>, <484,3,1>, <492,3,1>, <493,3,1>, <494,3,1>, <495,3,3>, <497,3,1>, <498,3,1>, <499,3,2>, <500,3,1>, <502,3,1>, <506,3,2>, <507,3,1>, <508,3,1>, <510,3,1>, <512,3,1>, <513,3,1>, <514,3,1>, <520,3,1>, <521,3,2>, <522,3,1>, <523,3,1>, <524,3,2>, <527,3,1>, <535,3,1>, <540,3,1>, <544,3,1>, <545,3,1>, <547,3,1>, <548,3,1>, <555,3,1>, <559,3,1>, <563,3,1>, <568,3,2>, <571,3,2>, <573,3,2>, <574,3,2>, <578,3,1>, <582,3,1>, <602,3,1>, <604,3,1>, <606,3,1>, <608,3,1>, <609,3,1>, <613,3,1>, <616,3,1>, <617,3,1>, <619,3,1>, <621,3,1>, <622,3,2>, <625,3,1>, <634,3,1>, <635,3,1>, <642,3,1>, <650,3,1>, <662,3,1>, <664,3,1>, <668,3,2>, <672,3,1>, <681,3,1>, <684,3,1>, <698,3,1>, <699,3,1>, <700,3,2>, <701,3,1>, <706,3,1>, <711,3,1>, <716,3,1>, <721,3,1>, <723,3,1>, <724,3,1>, <726,3,1>, <738,3,1>, <739,3,2>, <742,3,2>, <743,3,1>, <754,3,1>, <755,3,2>, <761,3,1>, <763,3,1>, <764,3,1>, <765,3,1>, <770,3,1>, <779,3,1>, <786,3,1>, <787,3,1>, <791,3,1>, <795,3,1>, <797,3,2>, <798,3,3>, <799,3,1>, <801,3,1>, <804,3,1>, <807,3,1>, <808,3,1>, <812,3,1>, <818,3,2>, <821,3,2>, <822,3,1>, <831,3,1>, <833,3,1>, <835,3,1>, <839,3,1>, <840,3,1>, <849,3,1>, <858,3,1>, <860,3,1>, <861,3,1>, <869,3,1>, <871,3,1>, <872,3,1>, <875,3,2>, <878,3,1>, <882,3,1>, <883,3,1>, <885,3,1>, <892,3,1>, <894,3,2>, <898,3,1>, <902,3,1>, <907,3,1>, <908,3,2>, <912,3,1>, <915,3,1>, <916,3,1>, <921,3,1>, <922,3,1>, <932,3,1>, <943,3,1>, <946,3,2>, <950,3,1>, <959,3,1>, <960,3,1>, <968,3,1>, <969,3,2>, <984,3,1>, <987,3,1>, <991,3,1> };

MaxCacheStorageAtSingleAS= [ 0  1312.5  0 ] ;

MaxCacheStorage = 1312.5 ;
TimeLimit = 18000 ;
SolutionGap = 0.01 ;
