
ASes= { 1, 2, 3, 4, 5, 6, 7, 8, 9, 10 } ;


Objects= { 1, 2, 3, 4, 5, 6, 7, 8, 9, 10, 11, 12, 13, 14, 15, 16, 17, 18, 19, 20, 21, 22, 23, 24, 25, 26, 27, 28, 29, 30, 31, 32, 33, 34, 35, 36, 37, 38, 39, 40, 41, 42, 43, 44, 45, 46, 47, 48, 49, 50, 51, 52, 53, 54, 55, 56, 57, 58, 59, 60, 61, 62, 63, 64, 65, 66, 67, 68, 69, 70, 71, 72, 73, 74, 75, 76, 77, 78, 79, 80, 81, 82, 83, 84, 85, 86, 87, 88, 89, 90, 91, 92, 93, 94, 95, 96, 97, 98, 99, 100, 101, 102, 103, 104, 105, 106, 107, 108, 109, 110, 111, 112, 113, 114, 115, 116, 117, 118, 119, 120, 121, 122, 123, 124, 125, 126, 127, 128, 129, 130, 131, 132, 133, 134, 135, 136, 137, 138, 139, 140, 141, 142, 143, 144, 145, 146, 147, 148, 149, 150, 151, 152, 153, 154, 155, 156, 157, 158, 159, 160, 161, 162, 163, 164, 165, 166, 167, 168, 169, 170, 171, 172, 173, 174, 175, 176, 177, 178, 179, 180, 181, 182, 183, 184, 185, 186, 187, 188, 189, 190, 191, 192, 193, 194, 195, 196, 197, 198, 199, 200, 201, 202, 203, 204, 205, 206, 207, 208, 209, 210, 211, 212, 213, 214, 215, 216, 217, 218, 219, 220, 221, 222, 223, 224, 225, 226, 227, 228, 229, 230, 231, 232, 233, 234, 235, 236, 237, 238, 239, 240, 241, 242, 243, 244, 245, 246, 247, 248, 249, 250, 251, 252, 253, 254, 255, 256, 257, 258, 259, 260, 261, 262, 263, 264, 265, 266, 267, 268, 269, 270, 271, 272, 273, 274, 275, 276, 277, 278, 279, 280, 281, 282, 283, 284, 285, 286, 287, 288, 289, 290, 291, 292, 293, 294, 295, 296, 297, 298, 299, 300, 301, 302, 303, 304, 305, 306, 307, 308, 309, 310, 311, 312, 313, 314, 315, 316, 317, 318, 319, 320, 321, 322, 323, 324, 325, 326, 327, 328, 329, 330, 331, 332, 333, 334, 335, 336, 337, 338, 339, 340, 341, 342, 343, 344, 345, 346, 347, 348, 349, 350, 351, 352, 353, 354, 355, 356, 357, 358, 359, 360, 361, 362, 363, 364, 365, 366, 367, 368, 369, 370, 371, 372, 373, 374, 375, 376, 377, 378, 379, 380, 381, 382, 383, 384, 385, 386, 387, 388, 389, 390, 391, 392, 393, 394, 395, 396, 397, 398, 399, 400, 401, 402, 403, 404, 405, 406, 407, 408, 409, 410, 411, 412, 413, 414, 415, 416, 417, 418, 419, 420, 421, 422, 423, 424, 425, 426, 427, 428, 429, 430, 431, 432, 433, 434, 435, 436, 437, 438, 439, 440, 441, 442, 443, 444, 445, 446, 447, 448, 449, 450, 451, 452, 453, 454, 455, 456, 457, 458, 459, 460, 461, 462, 463, 464, 465, 466, 467, 468, 469, 470, 471, 472, 473, 474, 475, 476, 477, 478, 479, 480, 481, 482, 483, 484, 485, 486, 487, 488, 489, 490, 491, 492, 493, 494, 495, 496, 497, 498, 499, 500, 501, 502, 503, 504, 505, 506, 507, 508, 509, 510, 511, 512, 513, 514, 515, 516, 517, 518, 519, 520, 521, 522, 523, 524, 525, 526, 527, 528, 529, 530, 531, 532, 533, 534, 535, 536, 537, 538, 539, 540, 541, 542, 543, 544, 545, 546, 547, 548, 549, 550, 551, 552, 553, 554, 555, 556, 557, 558, 559, 560, 561, 562, 563, 564, 565, 566, 567, 568, 569, 570, 571, 572, 573, 574, 575, 576, 577, 578, 579, 580, 581, 582, 583, 584, 585, 586, 587, 588, 589, 590, 591, 592, 593, 594, 595, 596, 597, 598, 599, 600, 601, 602, 603, 604, 605, 606, 607, 608, 609, 610, 611, 612, 613, 614, 615, 616, 617, 618, 619, 620, 621, 622, 623, 624, 625, 626, 627, 628, 629, 630, 631, 632, 633, 634, 635, 636, 637, 638, 639, 640, 641, 642, 643, 644, 645, 646, 647, 648, 649, 650, 651, 652, 653, 654, 655, 656, 657, 658, 659, 660, 661, 662, 663, 664, 665, 666, 667, 668, 669, 670, 671, 672, 673, 674, 675, 676, 677, 678, 679, 680, 681, 682, 683, 684, 685, 686, 687, 688, 689, 690, 691, 692, 693, 694, 695, 696, 697, 698, 699, 700, 701, 702, 703, 704, 705, 706, 707, 708, 709, 710, 711, 712, 713, 714, 715, 716, 717, 718, 719, 720, 721, 722, 723, 724, 725, 726, 727, 728, 729, 730, 731, 732, 733, 734, 735, 736, 737, 738, 739, 740, 741, 742, 743, 744, 745, 746, 747, 748, 749, 750, 751, 752, 753, 754, 755, 756, 757, 758, 759, 760, 761, 762, 763, 764, 765, 766, 767, 768, 769, 770, 771, 772, 773, 774, 775, 776, 777, 778, 779, 780, 781, 782, 783, 784, 785, 786, 787, 788, 789, 790, 791, 792, 793, 794, 795, 796, 797, 798, 799, 800, 801, 802, 803, 804, 805, 806, 807, 808, 809, 810, 811, 812, 813, 814, 815, 816, 817, 818, 819, 820, 821, 822, 823, 824, 825, 826, 827, 828, 829, 830, 831, 832, 833, 834, 835, 836, 837, 838, 839, 840, 841, 842, 843, 844, 845, 846, 847, 848, 849, 850, 851, 852, 853, 854, 855, 856, 857, 858, 859, 860, 861, 862, 863, 864, 865, 866, 867, 868, 869, 870, 871, 872, 873, 874, 875, 876, 877, 878, 879, 880, 881, 882, 883, 884, 885, 886, 887, 888, 889, 890, 891, 892, 893, 894, 895, 896, 897, 898, 899, 900, 901, 902, 903, 904, 905, 906, 907, 908, 909, 910, 911, 912, 913, 914, 915, 916, 917, 918, 919, 920, 921, 922, 923, 924, 925, 926, 927, 928, 929, 930, 931, 932, 933, 934, 935, 936, 937, 938, 939, 940, 941, 942, 943, 944, 945, 946, 947, 948, 949, 950, 951, 952, 953, 954, 955, 956, 957, 958, 959, 960, 961, 962, 963, 964, 965, 966, 967, 968, 969, 970, 971, 972, 973, 974, 975, 976, 977, 978, 979, 980, 981, 982, 983, 984, 985, 986, 987, 988, 989, 990, 991, 992, 993, 994, 995, 996, 997, 998, 999, 1000 } ;


QualityLevels= { 0, 1, 2, 3, 4, 5 } ;

Arcs = { <1,2,490000>, <2,1,490000>,<1,3,490000>, <3,1,490000>,<1,4,490000>, <4,1,490000>,<2,5,490000>, <5,2,490000>,<5,6,490000>, <6,5,490000>,<1,7,490000>, <7,1,490000>,<7,8,490000>, <8,7,490000>,<8,9,490000>, <9,8,490000>,<6,10,490000>, <10,6,490000> }; 


RatePerQuality= [ 0  300  700  1500  2500  3500 ] ;


CacheSpacePerQuality= [ 10000  11.25  26.25  56.25  93.75  131.25 ] ;


UtilityPerQuality= [ 0  0.66874  0.795271  0.880112  0.945742  1 ] ;


ObjectsPublishedByProducers=[ [ 0  0  0  0  0  0  0  0  0  1 ]  [ 0  1  0  0  0  0  0  0  0  0 ]  [ 0  0  0  0  0  0  0  0  1  0 ]  [ 0  0  0  1  0  0  0  0  0  0 ]  [ 0  0  1  0  0  0  0  0  0  0 ]  [ 0  0  0  0  0  0  0  0  0  1 ]  [ 0  0  0  0  0  0  0  0  1  0 ]  [ 0  0  0  0  0  0  0  0  0  1 ]  [ 0  0  0  1  0  0  0  0  0  0 ]  [ 0  0  0  0  0  0  0  0  0  1 ]  [ 0  0  0  1  0  0  0  0  0  0 ]  [ 0  1  0  0  0  0  0  0  0  0 ]  [ 0  0  0  0  0  0  0  0  0  1 ]  [ 0  0  0  0  0  0  0  0  1  0 ]  [ 0  0  0  0  0  0  0  0  1  0 ]  [ 0  0  0  0  0  0  0  0  0  1 ]  [ 0  0  1  0  0  0  0  0  0  0 ]  [ 0  0  0  0  0  0  0  0  1  0 ]  [ 0  1  0  0  0  0  0  0  0  0 ]  [ 0  0  0  1  0  0  0  0  0  0 ]  [ 0  1  0  0  0  0  0  0  0  0 ]  [ 0  0  0  0  0  0  0  0  0  1 ]  [ 0  1  0  0  0  0  0  0  0  0 ]  [ 0  0  0  1  0  0  0  0  0  0 ]  [ 0  0  1  0  0  0  0  0  0  0 ]  [ 0  1  0  0  0  0  0  0  0  0 ]  [ 0  1  0  0  0  0  0  0  0  0 ]  [ 0  0  0  0  0  0  0  0  1  0 ]  [ 0  0  1  0  0  0  0  0  0  0 ]  [ 0  0  1  0  0  0  0  0  0  0 ]  [ 0  0  0  0  0  0  0  0  0  1 ]  [ 0  0  0  1  0  0  0  0  0  0 ]  [ 0  1  0  0  0  0  0  0  0  0 ]  [ 0  0  0  0  0  0  0  0  1  0 ]  [ 0  0  0  1  0  0  0  0  0  0 ]  [ 0  0  0  0  0  0  0  0  0  1 ]  [ 0  0  0  1  0  0  0  0  0  0 ]  [ 0  1  0  0  0  0  0  0  0  0 ]  [ 0  1  0  0  0  0  0  0  0  0 ]  [ 0  0  0  0  0  0  0  0  1  0 ]  [ 0  0  0  0  0  0  0  0  0  1 ]  [ 0  0  0  0  0  0  0  0  0  1 ]  [ 0  1  0  0  0  0  0  0  0  0 ]  [ 0  1  0  0  0  0  0  0  0  0 ]  [ 0  0  1  0  0  0  0  0  0  0 ]  [ 0  0  0  1  0  0  0  0  0  0 ]  [ 0  0  0  0  0  0  0  0  0  1 ]  [ 0  0  0  1  0  0  0  0  0  0 ]  [ 0  0  0  0  0  0  0  0  1  0 ]  [ 0  0  1  0  0  0  0  0  0  0 ]  [ 0  1  0  0  0  0  0  0  0  0 ]  [ 0  0  0  0  0  0  0  0  1  0 ]  [ 0  0  1  0  0  0  0  0  0  0 ]  [ 0  0  0  0  0  0  0  0  0  1 ]  [ 0  0  0  1  0  0  0  0  0  0 ]  [ 0  0  1  0  0  0  0  0  0  0 ]  [ 0  0  0  0  0  0  0  0  1  0 ]  [ 0  0  1  0  0  0  0  0  0  0 ]  [ 0  0  0  1  0  0  0  0  0  0 ]  [ 0  1  0  0  0  0  0  0  0  0 ]  [ 0  0  0  0  0  0  0  0  0  1 ]  [ 0  0  1  0  0  0  0  0  0  0 ]  [ 0  0  0  0  0  0  0  0  0  1 ]  [ 0  0  1  0  0  0  0  0  0  0 ]  [ 0  0  0  1  0  0  0  0  0  0 ]  [ 0  1  0  0  0  0  0  0  0  0 ]  [ 0  0  0  0  0  0  0  0  0  1 ]  [ 0  0  0  1  0  0  0  0  0  0 ]  [ 0  0  0  1  0  0  0  0  0  0 ]  [ 0  0  0  1  0  0  0  0  0  0 ]  [ 0  0  1  0  0  0  0  0  0  0 ]  [ 0  1  0  0  0  0  0  0  0  0 ]  [ 0  0  1  0  0  0  0  0  0  0 ]  [ 0  0  0  0  0  0  0  0  1  0 ]  [ 0  0  0  0  0  0  0  0  0  1 ]  [ 0  0  0  1  0  0  0  0  0  0 ]  [ 0  1  0  0  0  0  0  0  0  0 ]  [ 0  0  0  1  0  0  0  0  0  0 ]  [ 0  1  0  0  0  0  0  0  0  0 ]  [ 0  1  0  0  0  0  0  0  0  0 ]  [ 0  0  0  0  0  0  0  0  0  1 ]  [ 0  1  0  0  0  0  0  0  0  0 ]  [ 0  0  0  0  0  0  0  0  1  0 ]  [ 0  1  0  0  0  0  0  0  0  0 ]  [ 0  0  0  0  0  0  0  0  0  1 ]  [ 0  0  0  0  0  0  0  0  1  0 ]  [ 0  0  0  0  0  0  0  0  1  0 ]  [ 0  0  0  0  0  0  0  0  0  1 ]  [ 0  0  0  0  0  0  0  0  1  0 ]  [ 0  0  1  0  0  0  0  0  0  0 ]  [ 0  0  0  0  0  0  0  0  0  1 ]  [ 0  0  0  1  0  0  0  0  0  0 ]  [ 0  0  0  0  0  0  0  0  1  0 ]  [ 0  0  0  0  0  0  0  0  0  1 ]  [ 0  0  1  0  0  0  0  0  0  0 ]  [ 0  0  1  0  0  0  0  0  0  0 ]  [ 0  0  1  0  0  0  0  0  0  0 ]  [ 0  0  0  0  0  0  0  0  1  0 ]  [ 0  0  0  1  0  0  0  0  0  0 ]  [ 0  0  0  1  0  0  0  0  0  0 ]  [ 0  0  0  0  0  0  0  0  1  0 ]  [ 0  1  0  0  0  0  0  0  0  0 ]  [ 0  0  0  1  0  0  0  0  0  0 ]  [ 0  0  0  0  0  0  0  0  1  0 ]  [ 0  1  0  0  0  0  0  0  0  0 ]  [ 0  0  0  0  0  0  0  0  0  1 ]  [ 0  0  0  1  0  0  0  0  0  0 ]  [ 0  0  0  0  0  0  0  0  1  0 ]  [ 0  0  0  0  0  0  0  0  1  0 ]  [ 0  0  1  0  0  0  0  0  0  0 ]  [ 0  0  0  1  0  0  0  0  0  0 ]  [ 0  0  0  1  0  0  0  0  0  0 ]  [ 0  1  0  0  0  0  0  0  0  0 ]  [ 0  0  0  1  0  0  0  0  0  0 ]  [ 0  0  0  0  0  0  0  0  0  1 ]  [ 0  1  0  0  0  0  0  0  0  0 ]  [ 0  1  0  0  0  0  0  0  0  0 ]  [ 0  0  0  1  0  0  0  0  0  0 ]  [ 0  0  0  0  0  0  0  0  0  1 ]  [ 0  0  0  1  0  0  0  0  0  0 ]  [ 0  0  0  1  0  0  0  0  0  0 ]  [ 0  0  0  0  0  0  0  0  1  0 ]  [ 0  0  0  0  0  0  0  0  0  1 ]  [ 0  1  0  0  0  0  0  0  0  0 ]  [ 0  0  0  1  0  0  0  0  0  0 ]  [ 0  0  1  0  0  0  0  0  0  0 ]  [ 0  0  0  0  0  0  0  0  1  0 ]  [ 0  0  1  0  0  0  0  0  0  0 ]  [ 0  0  1  0  0  0  0  0  0  0 ]  [ 0  0  0  0  0  0  0  0  0  1 ]  [ 0  0  1  0  0  0  0  0  0  0 ]  [ 0  0  0  0  0  0  0  0  0  1 ]  [ 0  0  0  1  0  0  0  0  0  0 ]  [ 0  1  0  0  0  0  0  0  0  0 ]  [ 0  1  0  0  0  0  0  0  0  0 ]  [ 0  0  1  0  0  0  0  0  0  0 ]  [ 0  0  1  0  0  0  0  0  0  0 ]  [ 0  1  0  0  0  0  0  0  0  0 ]  [ 0  0  0  0  0  0  0  0  0  1 ]  [ 0  0  0  0  0  0  0  0  1  0 ]  [ 0  0  0  0  0  0  0  0  0  1 ]  [ 0  1  0  0  0  0  0  0  0  0 ]  [ 0  0  0  0  0  0  0  0  1  0 ]  [ 0  0  0  0  0  0  0  0  1  0 ]  [ 0  0  1  0  0  0  0  0  0  0 ]  [ 0  0  0  1  0  0  0  0  0  0 ]  [ 0  0  1  0  0  0  0  0  0  0 ]  [ 0  0  0  0  0  0  0  0  0  1 ]  [ 0  0  0  0  0  0  0  0  0  1 ]  [ 0  0  1  0  0  0  0  0  0  0 ]  [ 0  0  0  0  0  0  0  0  0  1 ]  [ 0  0  1  0  0  0  0  0  0  0 ]  [ 0  0  1  0  0  0  0  0  0  0 ]  [ 0  0  0  0  0  0  0  0  0  1 ]  [ 0  0  0  0  0  0  0  0  1  0 ]  [ 0  1  0  0  0  0  0  0  0  0 ]  [ 0  0  0  0  0  0  0  0  0  1 ]  [ 0  0  0  0  0  0  0  0  0  1 ]  [ 0  0  1  0  0  0  0  0  0  0 ]  [ 0  1  0  0  0  0  0  0  0  0 ]  [ 0  0  1  0  0  0  0  0  0  0 ]  [ 0  0  0  0  0  0  0  0  0  1 ]  [ 0  1  0  0  0  0  0  0  0  0 ]  [ 0  1  0  0  0  0  0  0  0  0 ]  [ 0  1  0  0  0  0  0  0  0  0 ]  [ 0  0  0  0  0  0  0  0  1  0 ]  [ 0  0  0  0  0  0  0  0  0  1 ]  [ 0  0  0  0  0  0  0  0  0  1 ]  [ 0  0  1  0  0  0  0  0  0  0 ]  [ 0  1  0  0  0  0  0  0  0  0 ]  [ 0  1  0  0  0  0  0  0  0  0 ]  [ 0  0  0  0  0  0  0  0  1  0 ]  [ 0  0  0  0  0  0  0  0  0  1 ]  [ 0  0  0  0  0  0  0  0  1  0 ]  [ 0  0  0  1  0  0  0  0  0  0 ]  [ 0  0  0  0  0  0  0  0  0  1 ]  [ 0  0  1  0  0  0  0  0  0  0 ]  [ 0  1  0  0  0  0  0  0  0  0 ]  [ 0  1  0  0  0  0  0  0  0  0 ]  [ 0  0  0  1  0  0  0  0  0  0 ]  [ 0  1  0  0  0  0  0  0  0  0 ]  [ 0  0  1  0  0  0  0  0  0  0 ]  [ 0  1  0  0  0  0  0  0  0  0 ]  [ 0  0  0  1  0  0  0  0  0  0 ]  [ 0  1  0  0  0  0  0  0  0  0 ]  [ 0  0  0  0  0  0  0  0  1  0 ]  [ 0  1  0  0  0  0  0  0  0  0 ]  [ 0  0  1  0  0  0  0  0  0  0 ]  [ 0  0  1  0  0  0  0  0  0  0 ]  [ 0  1  0  0  0  0  0  0  0  0 ]  [ 0  0  0  0  0  0  0  0  0  1 ]  [ 0  0  0  0  0  0  0  0  1  0 ]  [ 0  0  1  0  0  0  0  0  0  0 ]  [ 0  0  1  0  0  0  0  0  0  0 ]  [ 0  0  0  1  0  0  0  0  0  0 ]  [ 0  0  1  0  0  0  0  0  0  0 ]  [ 0  1  0  0  0  0  0  0  0  0 ]  [ 0  0  0  0  0  0  0  0  0  1 ]  [ 0  1  0  0  0  0  0  0  0  0 ]  [ 0  0  0  0  0  0  0  0  0  1 ]  [ 0  0  0  1  0  0  0  0  0  0 ]  [ 0  0  1  0  0  0  0  0  0  0 ]  [ 0  0  0  0  0  0  0  0  0  1 ]  [ 0  0  1  0  0  0  0  0  0  0 ]  [ 0  0  0  0  0  0  0  0  1  0 ]  [ 0  0  0  0  0  0  0  0  1  0 ]  [ 0  0  0  0  0  0  0  0  1  0 ]  [ 0  0  1  0  0  0  0  0  0  0 ]  [ 0  0  1  0  0  0  0  0  0  0 ]  [ 0  0  0  0  0  0  0  0  1  0 ]  [ 0  0  1  0  0  0  0  0  0  0 ]  [ 0  0  0  0  0  0  0  0  1  0 ]  [ 0  0  1  0  0  0  0  0  0  0 ]  [ 0  0  0  1  0  0  0  0  0  0 ]  [ 0  0  1  0  0  0  0  0  0  0 ]  [ 0  0  0  0  0  0  0  0  1  0 ]  [ 0  0  0  1  0  0  0  0  0  0 ]  [ 0  0  0  1  0  0  0  0  0  0 ]  [ 0  0  0  1  0  0  0  0  0  0 ]  [ 0  0  0  0  0  0  0  0  1  0 ]  [ 0  1  0  0  0  0  0  0  0  0 ]  [ 0  0  0  0  0  0  0  0  1  0 ]  [ 0  0  1  0  0  0  0  0  0  0 ]  [ 0  0  0  1  0  0  0  0  0  0 ]  [ 0  0  0  1  0  0  0  0  0  0 ]  [ 0  0  0  0  0  0  0  0  1  0 ]  [ 0  0  0  0  0  0  0  0  0  1 ]  [ 0  0  0  0  0  0  0  0  1  0 ]  [ 0  0  1  0  0  0  0  0  0  0 ]  [ 0  0  0  1  0  0  0  0  0  0 ]  [ 0  0  0  1  0  0  0  0  0  0 ]  [ 0  0  0  0  0  0  0  0  1  0 ]  [ 0  0  0  1  0  0  0  0  0  0 ]  [ 0  1  0  0  0  0  0  0  0  0 ]  [ 0  0  0  0  0  0  0  0  1  0 ]  [ 0  0  0  0  0  0  0  0  0  1 ]  [ 0  0  0  0  0  0  0  0  0  1 ]  [ 0  0  0  0  0  0  0  0  0  1 ]  [ 0  1  0  0  0  0  0  0  0  0 ]  [ 0  0  0  1  0  0  0  0  0  0 ]  [ 0  0  0  0  0  0  0  0  0  1 ]  [ 0  1  0  0  0  0  0  0  0  0 ]  [ 0  0  1  0  0  0  0  0  0  0 ]  [ 0  0  0  0  0  0  0  0  0  1 ]  [ 0  0  0  1  0  0  0  0  0  0 ]  [ 0  0  1  0  0  0  0  0  0  0 ]  [ 0  0  1  0  0  0  0  0  0  0 ]  [ 0  0  0  0  0  0  0  0  0  1 ]  [ 0  0  1  0  0  0  0  0  0  0 ]  [ 0  0  0  0  0  0  0  0  0  1 ]  [ 0  0  1  0  0  0  0  0  0  0 ]  [ 0  0  0  1  0  0  0  0  0  0 ]  [ 0  0  1  0  0  0  0  0  0  0 ]  [ 0  0  0  0  0  0  0  0  1  0 ]  [ 0  0  0  0  0  0  0  0  0  1 ]  [ 0  0  0  1  0  0  0  0  0  0 ]  [ 0  0  0  0  0  0  0  0  1  0 ]  [ 0  1  0  0  0  0  0  0  0  0 ]  [ 0  0  0  1  0  0  0  0  0  0 ]  [ 0  0  0  0  0  0  0  0  1  0 ]  [ 0  0  0  0  0  0  0  0  0  1 ]  [ 0  1  0  0  0  0  0  0  0  0 ]  [ 0  0  1  0  0  0  0  0  0  0 ]  [ 0  0  0  0  0  0  0  0  0  1 ]  [ 0  0  1  0  0  0  0  0  0  0 ]  [ 0  0  1  0  0  0  0  0  0  0 ]  [ 0  1  0  0  0  0  0  0  0  0 ]  [ 0  0  1  0  0  0  0  0  0  0 ]  [ 0  1  0  0  0  0  0  0  0  0 ]  [ 0  0  0  0  0  0  0  0  0  1 ]  [ 0  0  0  0  0  0  0  0  0  1 ]  [ 0  0  0  0  0  0  0  0  0  1 ]  [ 0  0  0  0  0  0  0  0  0  1 ]  [ 0  0  0  1  0  0  0  0  0  0 ]  [ 0  0  0  0  0  0  0  0  1  0 ]  [ 0  0  0  1  0  0  0  0  0  0 ]  [ 0  1  0  0  0  0  0  0  0  0 ]  [ 0  0  0  0  0  0  0  0  0  1 ]  [ 0  0  0  0  0  0  0  0  0  1 ]  [ 0  0  0  1  0  0  0  0  0  0 ]  [ 0  0  0  0  0  0  0  0  1  0 ]  [ 0  0  0  1  0  0  0  0  0  0 ]  [ 0  0  0  0  0  0  0  0  0  1 ]  [ 0  0  0  0  0  0  0  0  0  1 ]  [ 0  1  0  0  0  0  0  0  0  0 ]  [ 0  0  0  0  0  0  0  0  0  1 ]  [ 0  0  0  0  0  0  0  0  0  1 ]  [ 0  0  0  0  0  0  0  0  0  1 ]  [ 0  0  1  0  0  0  0  0  0  0 ]  [ 0  0  0  0  0  0  0  0  1  0 ]  [ 0  0  1  0  0  0  0  0  0  0 ]  [ 0  0  0  1  0  0  0  0  0  0 ]  [ 0  0  1  0  0  0  0  0  0  0 ]  [ 0  1  0  0  0  0  0  0  0  0 ]  [ 0  0  1  0  0  0  0  0  0  0 ]  [ 0  1  0  0  0  0  0  0  0  0 ]  [ 0  1  0  0  0  0  0  0  0  0 ]  [ 0  0  0  0  0  0  0  0  1  0 ]  [ 0  1  0  0  0  0  0  0  0  0 ]  [ 0  0  1  0  0  0  0  0  0  0 ]  [ 0  0  1  0  0  0  0  0  0  0 ]  [ 0  0  1  0  0  0  0  0  0  0 ]  [ 0  0  1  0  0  0  0  0  0  0 ]  [ 0  0  1  0  0  0  0  0  0  0 ]  [ 0  1  0  0  0  0  0  0  0  0 ]  [ 0  0  1  0  0  0  0  0  0  0 ]  [ 0  0  0  0  0  0  0  0  1  0 ]  [ 0  0  0  1  0  0  0  0  0  0 ]  [ 0  0  1  0  0  0  0  0  0  0 ]  [ 0  0  0  0  0  0  0  0  1  0 ]  [ 0  0  1  0  0  0  0  0  0  0 ]  [ 0  1  0  0  0  0  0  0  0  0 ]  [ 0  0  0  1  0  0  0  0  0  0 ]  [ 0  0  0  0  0  0  0  0  1  0 ]  [ 0  0  0  0  0  0  0  0  1  0 ]  [ 0  0  0  0  0  0  0  0  0  1 ]  [ 0  0  0  0  0  0  0  0  1  0 ]  [ 0  0  0  1  0  0  0  0  0  0 ]  [ 0  0  1  0  0  0  0  0  0  0 ]  [ 0  1  0  0  0  0  0  0  0  0 ]  [ 0  0  1  0  0  0  0  0  0  0 ]  [ 0  0  0  0  0  0  0  0  1  0 ]  [ 0  1  0  0  0  0  0  0  0  0 ]  [ 0  0  0  0  0  0  0  0  1  0 ]  [ 0  1  0  0  0  0  0  0  0  0 ]  [ 0  1  0  0  0  0  0  0  0  0 ]  [ 0  0  0  0  0  0  0  0  1  0 ]  [ 0  0  1  0  0  0  0  0  0  0 ]  [ 0  0  0  0  0  0  0  0  1  0 ]  [ 0  0  0  0  0  0  0  0  1  0 ]  [ 0  1  0  0  0  0  0  0  0  0 ]  [ 0  0  0  0  0  0  0  0  1  0 ]  [ 0  0  0  0  0  0  0  0  0  1 ]  [ 0  1  0  0  0  0  0  0  0  0 ]  [ 0  0  0  0  0  0  0  0  1  0 ]  [ 0  1  0  0  0  0  0  0  0  0 ]  [ 0  1  0  0  0  0  0  0  0  0 ]  [ 0  0  1  0  0  0  0  0  0  0 ]  [ 0  1  0  0  0  0  0  0  0  0 ]  [ 0  1  0  0  0  0  0  0  0  0 ]  [ 0  1  0  0  0  0  0  0  0  0 ]  [ 0  0  0  1  0  0  0  0  0  0 ]  [ 0  0  0  1  0  0  0  0  0  0 ]  [ 0  0  1  0  0  0  0  0  0  0 ]  [ 0  0  0  1  0  0  0  0  0  0 ]  [ 0  1  0  0  0  0  0  0  0  0 ]  [ 0  0  0  1  0  0  0  0  0  0 ]  [ 0  0  1  0  0  0  0  0  0  0 ]  [ 0  0  0  1  0  0  0  0  0  0 ]  [ 0  0  1  0  0  0  0  0  0  0 ]  [ 0  0  0  0  0  0  0  0  0  1 ]  [ 0  0  0  0  0  0  0  0  0  1 ]  [ 0  1  0  0  0  0  0  0  0  0 ]  [ 0  0  1  0  0  0  0  0  0  0 ]  [ 0  0  0  1  0  0  0  0  0  0 ]  [ 0  0  1  0  0  0  0  0  0  0 ]  [ 0  1  0  0  0  0  0  0  0  0 ]  [ 0  1  0  0  0  0  0  0  0  0 ]  [ 0  0  0  0  0  0  0  0  1  0 ]  [ 0  1  0  0  0  0  0  0  0  0 ]  [ 0  0  0  0  0  0  0  0  1  0 ]  [ 0  0  0  0  0  0  0  0  0  1 ]  [ 0  0  0  0  0  0  0  0  1  0 ]  [ 0  0  0  1  0  0  0  0  0  0 ]  [ 0  1  0  0  0  0  0  0  0  0 ]  [ 0  1  0  0  0  0  0  0  0  0 ]  [ 0  0  0  0  0  0  0  0  1  0 ]  [ 0  1  0  0  0  0  0  0  0  0 ]  [ 0  0  0  0  0  0  0  0  0  1 ]  [ 0  0  0  0  0  0  0  0  0  1 ]  [ 0  0  1  0  0  0  0  0  0  0 ]  [ 0  0  1  0  0  0  0  0  0  0 ]  [ 0  0  1  0  0  0  0  0  0  0 ]  [ 0  0  0  0  0  0  0  0  0  1 ]  [ 0  0  0  0  0  0  0  0  0  1 ]  [ 0  0  1  0  0  0  0  0  0  0 ]  [ 0  0  0  0  0  0  0  0  1  0 ]  [ 0  0  1  0  0  0  0  0  0  0 ]  [ 0  0  0  0  0  0  0  0  0  1 ]  [ 0  0  0  0  0  0  0  0  0  1 ]  [ 0  0  1  0  0  0  0  0  0  0 ]  [ 0  1  0  0  0  0  0  0  0  0 ]  [ 0  0  0  0  0  0  0  0  0  1 ]  [ 0  0  1  0  0  0  0  0  0  0 ]  [ 0  0  0  1  0  0  0  0  0  0 ]  [ 0  0  1  0  0  0  0  0  0  0 ]  [ 0  0  0  0  0  0  0  0  0  1 ]  [ 0  1  0  0  0  0  0  0  0  0 ]  [ 0  0  1  0  0  0  0  0  0  0 ]  [ 0  0  1  0  0  0  0  0  0  0 ]  [ 0  0  0  0  0  0  0  0  0  1 ]  [ 0  1  0  0  0  0  0  0  0  0 ]  [ 0  0  0  0  0  0  0  0  0  1 ]  [ 0  0  0  0  0  0  0  0  1  0 ]  [ 0  0  1  0  0  0  0  0  0  0 ]  [ 0  0  0  0  0  0  0  0  0  1 ]  [ 0  0  0  0  0  0  0  0  1  0 ]  [ 0  1  0  0  0  0  0  0  0  0 ]  [ 0  0  0  0  0  0  0  0  1  0 ]  [ 0  0  0  0  0  0  0  0  0  1 ]  [ 0  1  0  0  0  0  0  0  0  0 ]  [ 0  0  0  0  0  0  0  0  0  1 ]  [ 0  1  0  0  0  0  0  0  0  0 ]  [ 0  0  0  1  0  0  0  0  0  0 ]  [ 0  0  1  0  0  0  0  0  0  0 ]  [ 0  1  0  0  0  0  0  0  0  0 ]  [ 0  0  1  0  0  0  0  0  0  0 ]  [ 0  1  0  0  0  0  0  0  0  0 ]  [ 0  0  0  0  0  0  0  0  1  0 ]  [ 0  0  1  0  0  0  0  0  0  0 ]  [ 0  0  0  1  0  0  0  0  0  0 ]  [ 0  0  0  0  0  0  0  0  0  1 ]  [ 0  0  0  1  0  0  0  0  0  0 ]  [ 0  0  0  0  0  0  0  0  0  1 ]  [ 0  0  1  0  0  0  0  0  0  0 ]  [ 0  1  0  0  0  0  0  0  0  0 ]  [ 0  0  0  1  0  0  0  0  0  0 ]  [ 0  1  0  0  0  0  0  0  0  0 ]  [ 0  0  1  0  0  0  0  0  0  0 ]  [ 0  0  0  0  0  0  0  0  0  1 ]  [ 0  0  0  0  0  0  0  0  1  0 ]  [ 0  0  0  0  0  0  0  0  1  0 ]  [ 0  0  1  0  0  0  0  0  0  0 ]  [ 0  0  0  0  0  0  0  0  1  0 ]  [ 0  1  0  0  0  0  0  0  0  0 ]  [ 0  0  1  0  0  0  0  0  0  0 ]  [ 0  0  0  0  0  0  0  0  1  0 ]  [ 0  0  1  0  0  0  0  0  0  0 ]  [ 0  1  0  0  0  0  0  0  0  0 ]  [ 0  1  0  0  0  0  0  0  0  0 ]  [ 0  0  0  0  0  0  0  0  0  1 ]  [ 0  0  0  0  0  0  0  0  1  0 ]  [ 0  0  1  0  0  0  0  0  0  0 ]  [ 0  0  1  0  0  0  0  0  0  0 ]  [ 0  0  0  0  0  0  0  0  0  1 ]  [ 0  0  0  0  0  0  0  0  0  1 ]  [ 0  1  0  0  0  0  0  0  0  0 ]  [ 0  1  0  0  0  0  0  0  0  0 ]  [ 0  0  0  0  0  0  0  0  1  0 ]  [ 0  0  0  1  0  0  0  0  0  0 ]  [ 0  0  0  0  0  0  0  0  1  0 ]  [ 0  0  0  1  0  0  0  0  0  0 ]  [ 0  0  0  0  0  0  0  0  1  0 ]  [ 0  1  0  0  0  0  0  0  0  0 ]  [ 0  0  0  0  0  0  0  0  1  0 ]  [ 0  1  0  0  0  0  0  0  0  0 ]  [ 0  0  0  0  0  0  0  0  0  1 ]  [ 0  0  1  0  0  0  0  0  0  0 ]  [ 0  0  0  0  0  0  0  0  0  1 ]  [ 0  0  0  0  0  0  0  0  0  1 ]  [ 0  0  0  0  0  0  0  0  0  1 ]  [ 0  0  1  0  0  0  0  0  0  0 ]  [ 0  1  0  0  0  0  0  0  0  0 ]  [ 0  0  0  0  0  0  0  0  1  0 ]  [ 0  0  0  0  0  0  0  0  1  0 ]  [ 0  0  1  0  0  0  0  0  0  0 ]  [ 0  0  1  0  0  0  0  0  0  0 ]  [ 0  0  1  0  0  0  0  0  0  0 ]  [ 0  0  0  1  0  0  0  0  0  0 ]  [ 0  0  0  1  0  0  0  0  0  0 ]  [ 0  0  1  0  0  0  0  0  0  0 ]  [ 0  0  1  0  0  0  0  0  0  0 ]  [ 0  0  0  0  0  0  0  0  0  1 ]  [ 0  0  0  0  0  0  0  0  0  1 ]  [ 0  1  0  0  0  0  0  0  0  0 ]  [ 0  0  0  1  0  0  0  0  0  0 ]  [ 0  0  0  0  0  0  0  0  0  1 ]  [ 0  0  0  0  0  0  0  0  1  0 ]  [ 0  0  1  0  0  0  0  0  0  0 ]  [ 0  1  0  0  0  0  0  0  0  0 ]  [ 0  0  0  1  0  0  0  0  0  0 ]  [ 0  0  1  0  0  0  0  0  0  0 ]  [ 0  0  1  0  0  0  0  0  0  0 ]  [ 0  1  0  0  0  0  0  0  0  0 ]  [ 0  0  0  1  0  0  0  0  0  0 ]  [ 0  0  0  1  0  0  0  0  0  0 ]  [ 0  0  0  0  0  0  0  0  1  0 ]  [ 0  0  0  1  0  0  0  0  0  0 ]  [ 0  0  0  0  0  0  0  0  0  1 ]  [ 0  0  1  0  0  0  0  0  0  0 ]  [ 0  0  0  0  0  0  0  0  1  0 ]  [ 0  0  0  0  0  0  0  0  1  0 ]  [ 0  0  0  0  0  0  0  0  0  1 ]  [ 0  0  0  0  0  0  0  0  0  1 ]  [ 0  0  0  1  0  0  0  0  0  0 ]  [ 0  0  0  0  0  0  0  0  0  1 ]  [ 0  1  0  0  0  0  0  0  0  0 ]  [ 0  0  0  0  0  0  0  0  1  0 ]  [ 0  0  0  0  0  0  0  0  0  1 ]  [ 0  1  0  0  0  0  0  0  0  0 ]  [ 0  0  0  1  0  0  0  0  0  0 ]  [ 0  0  0  1  0  0  0  0  0  0 ]  [ 0  1  0  0  0  0  0  0  0  0 ]  [ 0  0  0  1  0  0  0  0  0  0 ]  [ 0  0  0  0  0  0  0  0  1  0 ]  [ 0  0  0  1  0  0  0  0  0  0 ]  [ 0  1  0  0  0  0  0  0  0  0 ]  [ 0  0  0  0  0  0  0  0  1  0 ]  [ 0  1  0  0  0  0  0  0  0  0 ]  [ 0  0  1  0  0  0  0  0  0  0 ]  [ 0  0  0  1  0  0  0  0  0  0 ]  [ 0  0  0  0  0  0  0  0  0  1 ]  [ 0  0  0  1  0  0  0  0  0  0 ]  [ 0  0  0  0  0  0  0  0  0  1 ]  [ 0  0  0  0  0  0  0  0  1  0 ]  [ 0  0  1  0  0  0  0  0  0  0 ]  [ 0  0  1  0  0  0  0  0  0  0 ]  [ 0  0  0  0  0  0  0  0  1  0 ]  [ 0  0  0  0  0  0  0  0  1  0 ]  [ 0  0  1  0  0  0  0  0  0  0 ]  [ 0  0  0  1  0  0  0  0  0  0 ]  [ 0  0  1  0  0  0  0  0  0  0 ]  [ 0  0  0  1  0  0  0  0  0  0 ]  [ 0  0  0  1  0  0  0  0  0  0 ]  [ 0  0  0  1  0  0  0  0  0  0 ]  [ 0  0  0  0  0  0  0  0  1  0 ]  [ 0  1  0  0  0  0  0  0  0  0 ]  [ 0  0  0  0  0  0  0  0  0  1 ]  [ 0  0  0  0  0  0  0  0  0  1 ]  [ 0  0  0  1  0  0  0  0  0  0 ]  [ 0  0  0  0  0  0  0  0  1  0 ]  [ 0  0  0  0  0  0  0  0  0  1 ]  [ 0  1  0  0  0  0  0  0  0  0 ]  [ 0  0  0  1  0  0  0  0  0  0 ]  [ 0  0  1  0  0  0  0  0  0  0 ]  [ 0  0  1  0  0  0  0  0  0  0 ]  [ 0  0  0  0  0  0  0  0  1  0 ]  [ 0  1  0  0  0  0  0  0  0  0 ]  [ 0  0  1  0  0  0  0  0  0  0 ]  [ 0  0  0  0  0  0  0  0  0  1 ]  [ 0  0  0  0  0  0  0  0  0  1 ]  [ 0  1  0  0  0  0  0  0  0  0 ]  [ 0  1  0  0  0  0  0  0  0  0 ]  [ 0  0  1  0  0  0  0  0  0  0 ]  [ 0  0  0  0  0  0  0  0  0  1 ]  [ 0  0  1  0  0  0  0  0  0  0 ]  [ 0  0  1  0  0  0  0  0  0  0 ]  [ 0  0  0  1  0  0  0  0  0  0 ]  [ 0  0  0  0  0  0  0  0  1  0 ]  [ 0  0  1  0  0  0  0  0  0  0 ]  [ 0  0  0  1  0  0  0  0  0  0 ]  [ 0  0  1  0  0  0  0  0  0  0 ]  [ 0  0  1  0  0  0  0  0  0  0 ]  [ 0  0  1  0  0  0  0  0  0  0 ]  [ 0  0  1  0  0  0  0  0  0  0 ]  [ 0  0  0  1  0  0  0  0  0  0 ]  [ 0  0  0  1  0  0  0  0  0  0 ]  [ 0  0  0  0  0  0  0  0  1  0 ]  [ 0  0  0  0  0  0  0  0  0  1 ]  [ 0  0  0  0  0  0  0  0  0  1 ]  [ 0  0  0  0  0  0  0  0  1  0 ]  [ 0  0  0  1  0  0  0  0  0  0 ]  [ 0  0  0  0  0  0  0  0  0  1 ]  [ 0  0  1  0  0  0  0  0  0  0 ]  [ 0  0  1  0  0  0  0  0  0  0 ]  [ 0  0  1  0  0  0  0  0  0  0 ]  [ 0  0  0  0  0  0  0  0  0  1 ]  [ 0  0  1  0  0  0  0  0  0  0 ]  [ 0  0  0  1  0  0  0  0  0  0 ]  [ 0  0  0  1  0  0  0  0  0  0 ]  [ 0  0  0  0  0  0  0  0  1  0 ]  [ 0  0  0  0  0  0  0  0  0  1 ]  [ 0  0  0  0  0  0  0  0  1  0 ]  [ 0  0  0  0  0  0  0  0  1  0 ]  [ 0  0  1  0  0  0  0  0  0  0 ]  [ 0  1  0  0  0  0  0  0  0  0 ]  [ 0  0  0  0  0  0  0  0  0  1 ]  [ 0  0  0  0  0  0  0  0  1  0 ]  [ 0  0  0  1  0  0  0  0  0  0 ]  [ 0  0  0  0  0  0  0  0  1  0 ]  [ 0  0  1  0  0  0  0  0  0  0 ]  [ 0  0  0  0  0  0  0  0  0  1 ]  [ 0  1  0  0  0  0  0  0  0  0 ]  [ 0  0  0  1  0  0  0  0  0  0 ]  [ 0  0  0  0  0  0  0  0  1  0 ]  [ 0  0  0  1  0  0  0  0  0  0 ]  [ 0  1  0  0  0  0  0  0  0  0 ]  [ 0  0  0  1  0  0  0  0  0  0 ]  [ 0  0  0  1  0  0  0  0  0  0 ]  [ 0  0  0  0  0  0  0  0  0  1 ]  [ 0  0  0  1  0  0  0  0  0  0 ]  [ 0  1  0  0  0  0  0  0  0  0 ]  [ 0  0  0  0  0  0  0  0  1  0 ]  [ 0  0  0  0  0  0  0  0  1  0 ]  [ 0  0  0  1  0  0  0  0  0  0 ]  [ 0  0  0  0  0  0  0  0  1  0 ]  [ 0  0  0  0  0  0  0  0  1  0 ]  [ 0  0  1  0  0  0  0  0  0  0 ]  [ 0  1  0  0  0  0  0  0  0  0 ]  [ 0  0  1  0  0  0  0  0  0  0 ]  [ 0  0  0  0  0  0  0  0  1  0 ]  [ 0  0  0  0  0  0  0  0  0  1 ]  [ 0  0  0  0  0  0  0  0  1  0 ]  [ 0  0  0  1  0  0  0  0  0  0 ]  [ 0  0  0  0  0  0  0  0  1  0 ]  [ 0  1  0  0  0  0  0  0  0  0 ]  [ 0  0  1  0  0  0  0  0  0  0 ]  [ 0  1  0  0  0  0  0  0  0  0 ]  [ 0  0  0  0  0  0  0  0  0  1 ]  [ 0  0  0  0  0  0  0  0  1  0 ]  [ 0  0  0  0  0  0  0  0  0  1 ]  [ 0  0  0  0  0  0  0  0  0  1 ]  [ 0  1  0  0  0  0  0  0  0  0 ]  [ 0  1  0  0  0  0  0  0  0  0 ]  [ 0  0  0  0  0  0  0  0  1  0 ]  [ 0  0  0  1  0  0  0  0  0  0 ]  [ 0  0  0  1  0  0  0  0  0  0 ]  [ 0  1  0  0  0  0  0  0  0  0 ]  [ 0  0  0  0  0  0  0  0  1  0 ]  [ 0  0  1  0  0  0  0  0  0  0 ]  [ 0  0  0  0  0  0  0  0  1  0 ]  [ 0  0  1  0  0  0  0  0  0  0 ]  [ 0  0  0  1  0  0  0  0  0  0 ]  [ 0  0  0  0  0  0  0  0  0  1 ]  [ 0  0  0  0  0  0  0  0  0  1 ]  [ 0  0  0  0  0  0  0  0  1  0 ]  [ 0  1  0  0  0  0  0  0  0  0 ]  [ 0  0  0  0  0  0  0  0  0  1 ]  [ 0  1  0  0  0  0  0  0  0  0 ]  [ 0  1  0  0  0  0  0  0  0  0 ]  [ 0  0  0  1  0  0  0  0  0  0 ]  [ 0  0  0  0  0  0  0  0  0  1 ]  [ 0  0  0  1  0  0  0  0  0  0 ]  [ 0  1  0  0  0  0  0  0  0  0 ]  [ 0  0  0  0  0  0  0  0  0  1 ]  [ 0  0  0  0  0  0  0  0  1  0 ]  [ 0  0  1  0  0  0  0  0  0  0 ]  [ 0  1  0  0  0  0  0  0  0  0 ]  [ 0  0  0  1  0  0  0  0  0  0 ]  [ 0  0  1  0  0  0  0  0  0  0 ]  [ 0  1  0  0  0  0  0  0  0  0 ]  [ 0  0  1  0  0  0  0  0  0  0 ]  [ 0  0  1  0  0  0  0  0  0  0 ]  [ 0  0  1  0  0  0  0  0  0  0 ]  [ 0  0  0  0  0  0  0  0  0  1 ]  [ 0  0  0  0  0  0  0  0  1  0 ]  [ 0  0  0  0  0  0  0  0  1  0 ]  [ 0  1  0  0  0  0  0  0  0  0 ]  [ 0  0  0  0  0  0  0  0  1  0 ]  [ 0  0  0  1  0  0  0  0  0  0 ]  [ 0  1  0  0  0  0  0  0  0  0 ]  [ 0  0  1  0  0  0  0  0  0  0 ]  [ 0  0  1  0  0  0  0  0  0  0 ]  [ 0  0  0  1  0  0  0  0  0  0 ]  [ 0  1  0  0  0  0  0  0  0  0 ]  [ 0  0  0  0  0  0  0  0  1  0 ]  [ 0  0  0  1  0  0  0  0  0  0 ]  [ 0  0  0  1  0  0  0  0  0  0 ]  [ 0  0  0  1  0  0  0  0  0  0 ]  [ 0  0  0  0  0  0  0  0  0  1 ]  [ 0  0  0  0  0  0  0  0  0  1 ]  [ 0  0  0  1  0  0  0  0  0  0 ]  [ 0  0  1  0  0  0  0  0  0  0 ]  [ 0  1  0  0  0  0  0  0  0  0 ]  [ 0  0  0  0  0  0  0  0  1  0 ]  [ 0  0  0  0  0  0  0  0  1  0 ]  [ 0  0  0  1  0  0  0  0  0  0 ]  [ 0  1  0  0  0  0  0  0  0  0 ]  [ 0  0  0  0  0  0  0  0  1  0 ]  [ 0  1  0  0  0  0  0  0  0  0 ]  [ 0  0  0  0  0  0  0  0  0  1 ]  [ 0  0  0  0  0  0  0  0  0  1 ]  [ 0  0  1  0  0  0  0  0  0  0 ]  [ 0  1  0  0  0  0  0  0  0  0 ]  [ 0  1  0  0  0  0  0  0  0  0 ]  [ 0  0  1  0  0  0  0  0  0  0 ]  [ 0  0  1  0  0  0  0  0  0  0 ]  [ 0  0  0  0  0  0  0  0  0  1 ]  [ 0  0  0  0  0  0  0  0  0  1 ]  [ 0  0  1  0  0  0  0  0  0  0 ]  [ 0  1  0  0  0  0  0  0  0  0 ]  [ 0  0  1  0  0  0  0  0  0  0 ]  [ 0  0  0  0  0  0  0  0  1  0 ]  [ 0  0  0  0  0  0  0  0  1  0 ]  [ 0  0  0  1  0  0  0  0  0  0 ]  [ 0  0  0  0  0  0  0  0  0  1 ]  [ 0  0  0  0  0  0  0  0  1  0 ]  [ 0  0  0  0  0  0  0  0  0  1 ]  [ 0  0  0  0  0  0  0  0  0  1 ]  [ 0  0  1  0  0  0  0  0  0  0 ]  [ 0  0  0  1  0  0  0  0  0  0 ]  [ 0  0  0  0  0  0  0  0  1  0 ]  [ 0  0  0  1  0  0  0  0  0  0 ]  [ 0  0  0  0  0  0  0  0  0  1 ]  [ 0  0  1  0  0  0  0  0  0  0 ]  [ 0  0  1  0  0  0  0  0  0  0 ]  [ 0  0  0  0  0  0  0  0  1  0 ]  [ 0  0  0  1  0  0  0  0  0  0 ]  [ 0  0  0  1  0  0  0  0  0  0 ]  [ 0  0  0  0  0  0  0  0  1  0 ]  [ 0  0  0  0  0  0  0  0  1  0 ]  [ 0  0  0  0  0  0  0  0  0  1 ]  [ 0  0  0  0  0  0  0  0  1  0 ]  [ 0  0  0  0  0  0  0  0  1  0 ]  [ 0  0  0  0  0  0  0  0  1  0 ]  [ 0  1  0  0  0  0  0  0  0  0 ]  [ 0  1  0  0  0  0  0  0  0  0 ]  [ 0  1  0  0  0  0  0  0  0  0 ]  [ 0  1  0  0  0  0  0  0  0  0 ]  [ 0  0  0  0  0  0  0  0  0  1 ]  [ 0  0  1  0  0  0  0  0  0  0 ]  [ 0  0  0  0  0  0  0  0  0  1 ]  [ 0  0  0  1  0  0  0  0  0  0 ]  [ 0  0  0  1  0  0  0  0  0  0 ]  [ 0  0  0  0  0  0  0  0  1  0 ]  [ 0  0  1  0  0  0  0  0  0  0 ]  [ 0  0  0  0  0  0  0  0  1  0 ]  [ 0  0  1  0  0  0  0  0  0  0 ]  [ 0  0  0  1  0  0  0  0  0  0 ]  [ 0  0  0  0  0  0  0  0  1  0 ]  [ 0  0  0  0  0  0  0  0  0  1 ]  [ 0  0  0  0  0  0  0  0  0  1 ]  [ 0  0  0  1  0  0  0  0  0  0 ]  [ 0  0  0  0  0  0  0  0  0  1 ]  [ 0  0  0  0  0  0  0  0  1  0 ]  [ 0  0  0  1  0  0  0  0  0  0 ]  [ 0  0  0  0  0  0  0  0  1  0 ]  [ 0  0  0  1  0  0  0  0  0  0 ]  [ 0  0  1  0  0  0  0  0  0  0 ]  [ 0  1  0  0  0  0  0  0  0  0 ]  [ 0  0  0  0  0  0  0  0  1  0 ]  [ 0  0  0  0  0  0  0  0  0  1 ]  [ 0  0  0  0  0  0  0  0  0  1 ]  [ 0  0  0  0  0  0  0  0  1  0 ]  [ 0  0  0  0  0  0  0  0  0  1 ]  [ 0  0  1  0  0  0  0  0  0  0 ]  [ 0  0  1  0  0  0  0  0  0  0 ]  [ 0  0  0  0  0  0  0  0  1  0 ]  [ 0  0  0  0  0  0  0  0  1  0 ]  [ 0  0  1  0  0  0  0  0  0  0 ]  [ 0  0  0  1  0  0  0  0  0  0 ]  [ 0  0  0  1  0  0  0  0  0  0 ]  [ 0  1  0  0  0  0  0  0  0  0 ]  [ 0  1  0  0  0  0  0  0  0  0 ]  [ 0  0  1  0  0  0  0  0  0  0 ]  [ 0  0  0  1  0  0  0  0  0  0 ]  [ 0  0  0  1  0  0  0  0  0  0 ]  [ 0  0  1  0  0  0  0  0  0  0 ]  [ 0  0  0  1  0  0  0  0  0  0 ]  [ 0  1  0  0  0  0  0  0  0  0 ]  [ 0  1  0  0  0  0  0  0  0  0 ]  [ 0  0  0  1  0  0  0  0  0  0 ]  [ 0  0  0  0  0  0  0  0  0  1 ]  [ 0  0  1  0  0  0  0  0  0  0 ]  [ 0  0  0  0  0  0  0  0  0  1 ]  [ 0  0  1  0  0  0  0  0  0  0 ]  [ 0  0  0  0  0  0  0  0  0  1 ]  [ 0  0  0  0  0  0  0  0  1  0 ]  [ 0  1  0  0  0  0  0  0  0  0 ]  [ 0  0  0  0  0  0  0  0  1  0 ]  [ 0  1  0  0  0  0  0  0  0  0 ]  [ 0  0  0  1  0  0  0  0  0  0 ]  [ 0  0  0  0  0  0  0  0  0  1 ]  [ 0  0  0  1  0  0  0  0  0  0 ]  [ 0  0  1  0  0  0  0  0  0  0 ]  [ 0  1  0  0  0  0  0  0  0  0 ]  [ 0  0  1  0  0  0  0  0  0  0 ]  [ 0  0  0  1  0  0  0  0  0  0 ]  [ 0  0  0  1  0  0  0  0  0  0 ]  [ 0  0  0  1  0  0  0  0  0  0 ]  [ 0  1  0  0  0  0  0  0  0  0 ]  [ 0  0  0  0  0  0  0  0  0  1 ]  [ 0  0  0  1  0  0  0  0  0  0 ]  [ 0  0  0  0  0  0  0  0  1  0 ]  [ 0  1  0  0  0  0  0  0  0  0 ]  [ 0  0  1  0  0  0  0  0  0  0 ]  [ 0  0  0  0  0  0  0  0  0  1 ]  [ 0  1  0  0  0  0  0  0  0  0 ]  [ 0  0  0  0  0  0  0  0  0  1 ]  [ 0  0  0  0  0  0  0  0  1  0 ]  [ 0  0  0  1  0  0  0  0  0  0 ]  [ 0  0  1  0  0  0  0  0  0  0 ]  [ 0  0  1  0  0  0  0  0  0  0 ]  [ 0  0  0  1  0  0  0  0  0  0 ]  [ 0  0  0  1  0  0  0  0  0  0 ]  [ 0  0  0  0  0  0  0  0  0  1 ]  [ 0  0  1  0  0  0  0  0  0  0 ]  [ 0  0  1  0  0  0  0  0  0  0 ]  [ 0  0  0  0  0  0  0  0  0  1 ]  [ 0  0  0  0  0  0  0  0  1  0 ]  [ 0  0  1  0  0  0  0  0  0  0 ]  [ 0  1  0  0  0  0  0  0  0  0 ]  [ 0  0  1  0  0  0  0  0  0  0 ]  [ 0  0  0  1  0  0  0  0  0  0 ]  [ 0  0  0  0  0  0  0  0  1  0 ]  [ 0  0  0  0  0  0  0  0  1  0 ]  [ 0  0  0  1  0  0  0  0  0  0 ]  [ 0  1  0  0  0  0  0  0  0  0 ]  [ 0  0  0  0  0  0  0  0  1  0 ]  [ 0  0  0  1  0  0  0  0  0  0 ]  [ 0  0  0  0  0  0  0  0  0  1 ]  [ 0  0  0  1  0  0  0  0  0  0 ]  [ 0  0  0  0  0  0  0  0  1  0 ]  [ 0  0  0  0  0  0  0  0  1  0 ]  [ 0  0  0  1  0  0  0  0  0  0 ]  [ 0  1  0  0  0  0  0  0  0  0 ]  [ 0  0  1  0  0  0  0  0  0  0 ]  [ 0  1  0  0  0  0  0  0  0  0 ]  [ 0  0  0  0  0  0  0  0  1  0 ]  [ 0  0  0  0  0  0  0  0  1  0 ]  [ 0  0  1  0  0  0  0  0  0  0 ]  [ 0  0  0  0  0  0  0  0  1  0 ]  [ 0  0  0  1  0  0  0  0  0  0 ]  [ 0  0  0  0  0  0  0  0  0  1 ]  [ 0  0  0  0  0  0  0  0  0  1 ]  [ 0  0  1  0  0  0  0  0  0  0 ]  [ 0  0  1  0  0  0  0  0  0  0 ]  [ 0  1  0  0  0  0  0  0  0  0 ]  [ 0  0  0  1  0  0  0  0  0  0 ]  [ 0  0  0  0  0  0  0  0  0  1 ]  [ 0  0  0  0  0  0  0  0  0  1 ]  [ 0  0  0  0  0  0  0  0  0  1 ]  [ 0  0  1  0  0  0  0  0  0  0 ]  [ 0  0  0  0  0  0  0  0  0  1 ]  [ 0  1  0  0  0  0  0  0  0  0 ]  [ 0  0  1  0  0  0  0  0  0  0 ]  [ 0  0  1  0  0  0  0  0  0  0 ]  [ 0  1  0  0  0  0  0  0  0  0 ]  [ 0  0  0  0  0  0  0  0  0  1 ]  [ 0  0  0  0  0  0  0  0  0  1 ]  [ 0  0  0  0  0  0  0  0  0  1 ]  [ 0  0  0  0  0  0  0  0  0  1 ]  [ 0  0  0  1  0  0  0  0  0  0 ]  [ 0  0  1  0  0  0  0  0  0  0 ]  [ 0  0  1  0  0  0  0  0  0  0 ]  [ 0  0  0  0  0  0  0  0  0  1 ]  [ 0  0  0  0  0  0  0  0  0  1 ]  [ 0  1  0  0  0  0  0  0  0  0 ]  [ 0  0  0  1  0  0  0  0  0  0 ]  [ 0  0  1  0  0  0  0  0  0  0 ]  [ 0  0  0  1  0  0  0  0  0  0 ]  [ 0  1  0  0  0  0  0  0  0  0 ]  [ 0  0  0  1  0  0  0  0  0  0 ]  [ 0  1  0  0  0  0  0  0  0  0 ]  [ 0  0  0  0  0  0  0  0  0  1 ]  [ 0  0  0  0  0  0  0  0  0  1 ]  [ 0  0  1  0  0  0  0  0  0  0 ]  [ 0  1  0  0  0  0  0  0  0  0 ]  [ 0  0  0  0  0  0  0  0  1  0 ]  [ 0  0  0  0  0  0  0  0  0  1 ]  [ 0  0  1  0  0  0  0  0  0  0 ]  [ 0  0  0  1  0  0  0  0  0  0 ]  [ 0  0  0  0  0  0  0  0  1  0 ]  [ 0  0  0  1  0  0  0  0  0  0 ]  [ 0  0  0  0  0  0  0  0  1  0 ]  [ 0  0  1  0  0  0  0  0  0  0 ]  [ 0  0  0  1  0  0  0  0  0  0 ]  [ 0  0  0  0  0  0  0  0  0  1 ]  [ 0  0  0  1  0  0  0  0  0  0 ]  [ 0  1  0  0  0  0  0  0  0  0 ]  [ 0  0  0  1  0  0  0  0  0  0 ]  [ 0  0  0  1  0  0  0  0  0  0 ]  [ 0  0  0  0  0  0  0  0  1  0 ]  [ 0  0  0  0  0  0  0  0  0  1 ]  [ 0  0  0  1  0  0  0  0  0  0 ]  [ 0  1  0  0  0  0  0  0  0  0 ]  [ 0  0  0  1  0  0  0  0  0  0 ]  [ 0  0  0  0  0  0  0  0  1  0 ]  [ 0  1  0  0  0  0  0  0  0  0 ]  [ 0  0  0  1  0  0  0  0  0  0 ]  [ 0  0  0  1  0  0  0  0  0  0 ]  [ 0  0  0  0  0  0  0  0  1  0 ]  [ 0  1  0  0  0  0  0  0  0  0 ]  [ 0  1  0  0  0  0  0  0  0  0 ]  [ 0  1  0  0  0  0  0  0  0  0 ]  [ 0  0  0  0  0  0  0  0  0  1 ]  [ 0  0  1  0  0  0  0  0  0  0 ]  [ 0  1  0  0  0  0  0  0  0  0 ]  [ 0  0  1  0  0  0  0  0  0  0 ]  [ 0  0  1  0  0  0  0  0  0  0 ]  [ 0  0  0  0  0  0  0  0  1  0 ]  [ 0  0  1  0  0  0  0  0  0  0 ]  [ 0  0  1  0  0  0  0  0  0  0 ]  [ 0  0  1  0  0  0  0  0  0  0 ]  [ 0  1  0  0  0  0  0  0  0  0 ]  [ 0  0  0  1  0  0  0  0  0  0 ]  [ 0  1  0  0  0  0  0  0  0  0 ]  [ 0  1  0  0  0  0  0  0  0  0 ]  [ 0  0  0  1  0  0  0  0  0  0 ]  [ 0  0  1  0  0  0  0  0  0  0 ]  [ 0  0  0  1  0  0  0  0  0  0 ]  [ 0  0  0  0  0  0  0  0  0  1 ]  [ 0  0  0  0  0  0  0  0  0  1 ]  [ 0  0  0  1  0  0  0  0  0  0 ]  [ 0  0  0  0  0  0  0  0  0  1 ]  [ 0  0  1  0  0  0  0  0  0  0 ]  [ 0  0  1  0  0  0  0  0  0  0 ]  [ 0  0  0  1  0  0  0  0  0  0 ]  [ 0  0  0  0  0  0  0  0  0  1 ]  [ 0  1  0  0  0  0  0  0  0  0 ]  [ 0  1  0  0  0  0  0  0  0  0 ]  [ 0  1  0  0  0  0  0  0  0  0 ]  [ 0  1  0  0  0  0  0  0  0  0 ]  [ 0  0  0  0  0  0  0  0  0  1 ]  [ 0  0  0  0  0  0  0  0  1  0 ]  [ 0  0  1  0  0  0  0  0  0  0 ]  [ 0  0  0  0  0  0  0  0  1  0 ]  [ 0  1  0  0  0  0  0  0  0  0 ]  [ 0  0  0  0  0  0  0  0  0  1 ]  [ 0  0  0  0  0  0  0  0  1  0 ]  [ 0  0  0  0  0  0  0  0  0  1 ]  [ 0  0  0  0  0  0  0  0  0  1 ]  [ 0  1  0  0  0  0  0  0  0  0 ]  [ 0  0  0  0  0  0  0  0  0  1 ]  [ 0  0  0  0  0  0  0  0  1  0 ]  [ 0  1  0  0  0  0  0  0  0  0 ]  [ 0  1  0  0  0  0  0  0  0  0 ]  [ 0  0  1  0  0  0  0  0  0  0 ]  [ 0  1  0  0  0  0  0  0  0  0 ]  [ 0  0  0  1  0  0  0  0  0  0 ]  [ 0  0  1  0  0  0  0  0  0  0 ]  [ 0  0  0  1  0  0  0  0  0  0 ]  [ 0  0  1  0  0  0  0  0  0  0 ]  [ 0  0  1  0  0  0  0  0  0  0 ]  [ 0  1  0  0  0  0  0  0  0  0 ]  [ 0  0  0  1  0  0  0  0  0  0 ]  [ 0  0  1  0  0  0  0  0  0  0 ]  [ 0  0  0  0  0  0  0  0  0  1 ]  [ 0  0  0  1  0  0  0  0  0  0 ]  [ 0  0  0  1  0  0  0  0  0  0 ]  [ 0  0  0  0  0  0  0  0  1  0 ]  [ 0  0  0  1  0  0  0  0  0  0 ]  [ 0  0  0  0  0  0  0  0  0  1 ]  [ 0  0  1  0  0  0  0  0  0  0 ]  [ 0  1  0  0  0  0  0  0  0  0 ]  [ 0  0  0  0  0  0  0  0  1  0 ]  [ 0  0  0  0  0  0  0  0  1  0 ]  [ 0  0  0  1  0  0  0  0  0  0 ]  [ 0  1  0  0  0  0  0  0  0  0 ]  [ 0  0  0  1  0  0  0  0  0  0 ]  [ 0  0  0  0  0  0  0  0  1  0 ]  [ 0  0  0  1  0  0  0  0  0  0 ]  [ 0  0  1  0  0  0  0  0  0  0 ]  [ 0  0  1  0  0  0  0  0  0  0 ]  [ 0  0  0  0  0  0  0  0  0  1 ]  [ 0  1  0  0  0  0  0  0  0  0 ]  [ 0  0  0  1  0  0  0  0  0  0 ]  [ 0  0  0  0  0  0  0  0  1  0 ]  [ 0  1  0  0  0  0  0  0  0  0 ]  [ 0  0  1  0  0  0  0  0  0  0 ]  [ 0  0  0  1  0  0  0  0  0  0 ]  [ 0  0  0  0  0  0  0  0  0  1 ]  [ 0  0  0  1  0  0  0  0  0  0 ]  [ 0  0  0  1  0  0  0  0  0  0 ]  [ 0  0  0  0  0  0  0  0  1  0 ]  [ 0  0  0  1  0  0  0  0  0  0 ]  [ 0  0  1  0  0  0  0  0  0  0 ]  [ 0  0  1  0  0  0  0  0  0  0 ]  [ 0  1  0  0  0  0  0  0  0  0 ]  [ 0  1  0  0  0  0  0  0  0  0 ]  [ 0  0  0  1  0  0  0  0  0  0 ]  [ 0  0  1  0  0  0  0  0  0  0 ]  [ 0  0  0  0  0  0  0  0  1  0 ]  [ 0  0  0  0  0  0  0  0  1  0 ]  [ 0  1  0  0  0  0  0  0  0  0 ]  [ 0  0  0  1  0  0  0  0  0  0 ]  [ 0  0  1  0  0  0  0  0  0  0 ]  [ 0  1  0  0  0  0  0  0  0  0 ]  [ 0  0  1  0  0  0  0  0  0  0 ]  [ 0  0  0  1  0  0  0  0  0  0 ]  [ 0  0  0  1  0  0  0  0  0  0 ]  [ 0  1  0  0  0  0  0  0  0  0 ]  [ 0  1  0  0  0  0  0  0  0  0 ]  [ 0  0  0  1  0  0  0  0  0  0 ]  [ 0  0  0  0  0  0  0  0  0  1 ]  [ 0  0  0  0  0  0  0  0  0  1 ]  [ 0  0  0  0  0  0  0  0  1  0 ]  [ 0  1  0  0  0  0  0  0  0  0 ]  [ 0  0  0  1  0  0  0  0  0  0 ]  [ 0  0  0  0  0  0  0  0  0  1 ]  [ 0  0  1  0  0  0  0  0  0  0 ]  [ 0  0  1  0  0  0  0  0  0  0 ]  [ 0  0  1  0  0  0  0  0  0  0 ]  [ 0  0  1  0  0  0  0  0  0  0 ]  [ 0  1  0  0  0  0  0  0  0  0 ]  [ 0  0  0  1  0  0  0  0  0  0 ]  [ 0  0  0  0  0  0  0  0  0  1 ]  [ 0  0  1  0  0  0  0  0  0  0 ]  [ 0  1  0  0  0  0  0  0  0  0 ]  [ 0  0  0  0  0  0  0  0  0  1 ]  [ 0  0  0  0  0  0  0  0  0  1 ]  [ 0  1  0  0  0  0  0  0  0  0 ]  [ 0  0  1  0  0  0  0  0  0  0 ]  [ 0  0  0  0  0  0  0  0  0  1 ]  [ 0  0  1  0  0  0  0  0  0  0 ]  [ 0  1  0  0  0  0  0  0  0  0 ]  [ 0  0  1  0  0  0  0  0  0  0 ]  [ 0  0  0  1  0  0  0  0  0  0 ]  [ 0  0  0  0  0  0  0  0  1  0 ]  [ 0  0  0  0  0  0  0  0  1  0 ]  [ 0  0  0  0  0  0  0  0  0  1 ]  [ 0  0  1  0  0  0  0  0  0  0 ]  [ 0  1  0  0  0  0  0  0  0  0 ]  [ 0  0  1  0  0  0  0  0  0  0 ]  [ 0  1  0  0  0  0  0  0  0  0 ]  [ 0  0  0  0  0  0  0  0  0  1 ]  [ 0  0  1  0  0  0  0  0  0  0 ]  [ 0  0  1  0  0  0  0  0  0  0 ]  [ 0  0  1  0  0  0  0  0  0  0 ]  [ 0  0  1  0  0  0  0  0  0  0 ] ];

ObjRequests = {  <1,3,96>, <2,3,2>, <3,3,50>, <4,3,93>, <5,3,68>, <6,3,42>, <7,3,50>, <8,3,3>, <9,3,30>, <10,3,3>, <11,3,14>, <12,3,30>, <13,3,8>, <14,3,45>, <15,3,11>, <16,3,14>, <17,3,5>, <18,3,22>, <19,3,8>, <20,3,5>, <21,3,4>, <22,3,8>, <23,3,18>, <24,3,1>, <25,3,19>, <26,3,7>, <27,3,7>, <28,3,1>, <29,3,8>, <30,3,1>, <31,3,9>, <33,3,13>, <34,3,21>, <35,3,7>, <36,3,7>, <37,3,15>, <38,3,19>, <39,3,9>, <40,3,6>, <41,3,6>, <42,3,4>, <43,3,10>, <44,3,4>, <45,3,1>, <46,3,9>, <47,3,1>, <48,3,5>, <50,3,4>, <51,3,7>, <52,3,4>, <54,3,1>, <55,3,4>, <56,3,4>, <57,3,1>, <58,3,6>, <59,3,3>, <60,3,7>, <61,3,2>, <62,3,1>, <64,3,4>, <65,3,3>, <66,3,1>, <67,3,2>, <68,3,6>, <69,3,3>, <70,3,5>, <72,3,7>, <73,3,2>, <74,3,1>, <75,3,1>, <76,3,8>, <78,3,5>, <79,3,4>, <80,3,3>, <81,3,3>, <82,3,2>, <84,3,2>, <85,3,1>, <86,3,1>, <87,3,2>, <88,3,1>, <90,3,2>, <91,3,7>, <92,3,6>, <93,3,1>, <94,3,1>, <95,3,2>, <96,3,3>, <98,3,4>, <99,3,5>, <101,3,1>, <102,3,1>, <103,3,3>, <105,3,9>, <107,3,6>, <108,3,2>, <109,3,2>, <111,3,5>, <112,3,1>, <113,3,4>, <114,3,1>, <115,3,1>, <116,3,2>, <117,3,3>, <118,3,1>, <121,3,2>, <122,3,1>, <123,3,4>, <124,3,1>, <125,3,1>, <127,3,2>, <129,3,1>, <131,3,1>, <132,3,1>, <133,3,1>, <134,3,1>, <135,3,2>, <136,3,2>, <137,3,3>, <138,3,1>, <139,3,1>, <140,3,1>, <141,3,1>, <142,3,1>, <144,3,3>, <146,3,5>, <149,3,1>, <150,3,3>, <152,3,3>, <153,3,1>, <154,3,4>, <155,3,2>, <156,3,1>, <157,3,1>, <158,3,1>, <159,3,2>, <160,3,2>, <161,3,3>, <162,3,1>, <163,3,1>, <164,3,4>, <167,3,1>, <168,3,2>, <171,3,2>, <172,3,2>, <173,3,3>, <174,3,1>, <175,3,1>, <177,3,1>, <181,3,1>, <184,3,2>, <187,3,1>, <188,3,2>, <192,3,2>, <193,3,1>, <194,3,1>, <195,3,1>, <199,3,1>, <201,3,2>, <202,3,1>, <205,3,2>, <206,3,1>, <208,3,1>, <212,3,1>, <213,3,1>, <214,3,2>, <215,3,1>, <216,3,1>, <218,3,1>, <220,3,1>, <221,3,1>, <222,3,2>, <225,3,2>, <226,3,1>, <229,3,1>, <230,3,3>, <231,3,2>, <232,3,3>, <233,3,5>, <237,3,2>, <239,3,2>, <240,3,1>, <242,3,1>, <243,3,2>, <245,3,1>, <248,3,1>, <249,3,1>, <251,3,5>, <252,3,2>, <253,3,3>, <254,3,1>, <257,3,1>, <258,3,1>, <259,3,1>, <260,3,1>, <262,3,2>, <263,3,4>, <265,3,1>, <266,3,2>, <267,3,1>, <268,3,2>, <271,3,2>, <272,3,1>, <274,3,1>, <278,3,1>, <279,3,4>, <280,3,1>, <282,3,2>, <283,3,1>, <286,3,2>, <290,3,1>, <294,3,1>, <296,3,1>, <298,3,1>, <299,3,3>, <303,3,1>, <308,3,1>, <310,3,1>, <311,3,2>, <312,3,1>, <315,3,1>, <316,3,1>, <317,3,1>, <318,3,1>, <320,3,2>, <322,3,1>, <324,3,1>, <325,3,2>, <327,3,1>, <329,3,1>, <330,3,1>, <332,3,2>, <333,3,1>, <334,3,1>, <336,3,2>, <338,3,1>, <339,3,1>, <341,3,1>, <342,3,2>, <344,3,1>, <345,3,1>, <348,3,1>, <350,3,1>, <353,3,1>, <359,3,1>, <360,3,1>, <362,3,1>, <363,3,1>, <366,3,1>, <367,3,1>, <370,3,1>, <373,3,1>, <374,3,1>, <375,3,1>, <376,3,1>, <379,3,1>, <380,3,1>, <381,3,1>, <383,3,1>, <384,3,1>, <385,3,1>, <390,3,1>, <391,3,2>, <393,3,1>, <400,3,1>, <401,3,1>, <403,3,1>, <404,3,1>, <406,3,1>, <409,3,1>, <416,3,1>, <421,3,1>, <422,3,2>, <433,3,2>, <434,3,1>, <435,3,2>, <436,3,1>, <438,3,2>, <439,3,1>, <446,3,3>, <447,3,1>, <448,3,2>, <451,3,1>, <452,3,1>, <454,3,1>, <459,3,1>, <461,3,1>, <467,3,1>, <471,3,1>, <472,3,1>, <474,3,1>, <477,3,1>, <484,3,1>, <489,3,1>, <490,3,1>, <493,3,1>, <495,3,1>, <499,3,2>, <501,3,2>, <503,3,1>, <507,3,1>, <508,3,1>, <511,3,1>, <512,3,2>, <513,3,1>, <515,3,2>, <517,3,4>, <520,3,1>, <523,3,2>, <528,3,1>, <532,3,1>, <536,3,1>, <540,3,1>, <548,3,1>, <550,3,1>, <554,3,2>, <559,3,1>, <563,3,1>, <567,3,1>, <574,3,1>, <575,3,1>, <580,3,1>, <583,3,1>, <591,3,1>, <592,3,1>, <598,3,1>, <600,3,2>, <605,3,1>, <606,3,1>, <614,3,1>, <615,3,1>, <617,3,1>, <619,3,1>, <620,3,1>, <622,3,1>, <623,3,1>, <626,3,1>, <637,3,1>, <640,3,1>, <648,3,2>, <649,3,1>, <652,3,1>, <653,3,1>, <654,3,1>, <668,3,1>, <670,3,1>, <671,3,1>, <673,3,2>, <676,3,2>, <679,3,1>, <680,3,1>, <683,3,1>, <687,3,1>, <690,3,1>, <691,3,1>, <695,3,1>, <702,3,2>, <707,3,1>, <711,3,1>, <725,3,1>, <732,3,1>, <738,3,1>, <744,3,1>, <774,3,1>, <775,3,1>, <795,3,2>, <798,3,1>, <803,3,1>, <807,3,1>, <815,3,1>, <818,3,1>, <825,3,1>, <832,3,1>, <839,3,1>, <847,3,1>, <855,3,1>, <860,3,1>, <873,3,1>, <881,3,1>, <891,3,1>, <892,3,1>, <895,3,1>, <896,3,1>, <897,3,2>, <903,3,1>, <913,3,1>, <914,3,1>, <922,3,1>, <925,3,1>, <934,3,1>, <939,3,1>, <943,3,1>, <945,3,1>, <952,3,1>, <956,3,1>, <960,3,1>, <964,3,1>, <970,3,1>, <974,3,2>, <984,3,1>, <991,3,2>, <1,4,271>, <2,4,97>, <3,4,7>, <4,4,105>, <5,4,11>, <6,4,43>, <7,4,13>, <8,4,48>, <9,4,14>, <10,4,2>, <11,4,3>, <12,4,44>, <13,4,3>, <14,4,10>, <15,4,27>, <16,4,6>, <17,4,27>, <18,4,3>, <19,4,28>, <20,4,13>, <21,4,8>, <22,4,18>, <23,4,13>, <24,4,15>, <25,4,1>, <26,4,2>, <27,4,2>, <28,4,14>, <29,4,4>, <30,4,8>, <31,4,4>, <32,4,4>, <33,4,3>, <34,4,4>, <35,4,5>, <36,4,2>, <38,4,2>, <39,4,2>, <40,4,8>, <41,4,6>, <42,4,7>, <43,4,5>, <44,4,11>, <45,4,7>, <46,4,8>, <47,4,14>, <48,4,10>, <51,4,2>, <52,4,4>, <54,4,3>, <55,4,7>, <56,4,10>, <57,4,9>, <58,4,3>, <59,4,3>, <61,4,2>, <62,4,5>, <63,4,4>, <64,4,5>, <65,4,6>, <66,4,1>, <67,4,5>, <68,4,2>, <69,4,5>, <70,4,7>, <71,4,6>, <72,4,2>, <74,4,3>, <75,4,1>, <77,4,2>, <78,4,1>, <80,4,5>, <81,4,2>, <82,4,1>, <83,4,1>, <84,4,1>, <87,4,3>, <89,4,1>, <90,4,1>, <91,4,2>, <92,4,1>, <93,4,3>, <94,4,2>, <96,4,2>, <97,4,3>, <100,4,3>, <101,4,1>, <102,4,2>, <103,4,2>, <104,4,3>, <105,4,2>, <106,4,3>, <107,4,2>, <108,4,1>, <109,4,4>, <110,4,2>, <111,4,1>, <113,4,3>, <114,4,2>, <115,4,2>, <116,4,3>, <117,4,5>, <119,4,1>, <120,4,2>, <122,4,3>, <123,4,4>, <125,4,7>, <126,4,3>, <127,4,2>, <128,4,2>, <129,4,2>, <130,4,6>, <131,4,1>, <132,4,6>, <133,4,1>, <134,4,3>, <136,4,1>, <137,4,2>, <139,4,1>, <140,4,1>, <143,4,2>, <144,4,2>, <145,4,1>, <146,4,1>, <148,4,4>, <150,4,1>, <152,4,1>, <154,4,2>, <155,4,5>, <156,4,3>, <157,4,3>, <158,4,1>, <159,4,1>, <160,4,2>, <162,4,5>, <164,4,2>, <165,4,1>, <166,4,4>, <167,4,1>, <168,4,1>, <169,4,2>, <170,4,3>, <172,4,1>, <173,4,1>, <174,4,1>, <177,4,1>, <178,4,1>, <179,4,4>, <181,4,1>, <182,4,3>, <184,4,2>, <186,4,3>, <189,4,1>, <191,4,4>, <192,4,1>, <195,4,1>, <196,4,4>, <198,4,1>, <199,4,1>, <200,4,1>, <202,4,2>, <206,4,1>, <208,4,1>, <209,4,2>, <213,4,3>, <214,4,1>, <218,4,1>, <219,4,2>, <220,4,1>, <222,4,1>, <223,4,1>, <224,4,1>, <225,4,1>, <227,4,1>, <229,4,3>, <233,4,1>, <235,4,1>, <239,4,1>, <241,4,1>, <242,4,1>, <244,4,1>, <246,4,1>, <248,4,1>, <249,4,2>, <251,4,2>, <252,4,1>, <253,4,2>, <254,4,1>, <256,4,1>, <259,4,1>, <260,4,1>, <261,4,1>, <263,4,2>, <266,4,1>, <269,4,1>, <270,4,1>, <273,4,2>, <274,4,1>, <277,4,1>, <279,4,1>, <280,4,1>, <281,4,1>, <282,4,3>, <283,4,1>, <287,4,1>, <288,4,1>, <290,4,2>, <292,4,3>, <293,4,1>, <295,4,2>, <297,4,1>, <299,4,2>, <301,4,1>, <302,4,1>, <303,4,1>, <304,4,1>, <308,4,1>, <310,4,1>, <312,4,2>, <314,4,1>, <318,4,2>, <320,4,1>, <321,4,1>, <323,4,1>, <324,4,1>, <327,4,2>, <328,4,1>, <330,4,2>, <332,4,1>, <333,4,1>, <335,4,2>, <338,4,1>, <339,4,1>, <345,4,1>, <346,4,2>, <347,4,1>, <348,4,1>, <349,4,1>, <350,4,1>, <351,4,2>, <357,4,1>, <360,4,1>, <361,4,1>, <362,4,1>, <363,4,1>, <365,4,1>, <366,4,2>, <367,4,1>, <372,4,1>, <373,4,2>, <375,4,1>, <376,4,3>, <377,4,1>, <378,4,1>, <379,4,2>, <385,4,1>, <390,4,1>, <393,4,1>, <400,4,1>, <401,4,2>, <402,4,1>, <404,4,1>, <405,4,3>, <406,4,1>, <407,4,3>, <414,4,1>, <416,4,1>, <419,4,1>, <421,4,1>, <424,4,2>, <425,4,1>, <428,4,1>, <429,4,1>, <433,4,2>, <435,4,1>, <436,4,2>, <438,4,1>, <440,4,1>, <441,4,1>, <444,4,1>, <445,4,1>, <450,4,1>, <452,4,1>, <459,4,1>, <467,4,1>, <468,4,2>, <477,4,1>, <484,4,1>, <486,4,2>, <495,4,1>, <505,4,1>, <508,4,1>, <510,4,1>, <512,4,2>, <513,4,2>, <518,4,1>, <520,4,1>, <522,4,1>, <529,4,2>, <536,4,1>, <539,4,1>, <541,4,1>, <542,4,1>, <544,4,2>, <548,4,1>, <553,4,2>, <556,4,1>, <570,4,1>, <572,4,1>, <580,4,1>, <582,4,2>, <583,4,1>, <591,4,1>, <597,4,1>, <605,4,1>, <606,4,1>, <612,4,1>, <613,4,1>, <615,4,1>, <619,4,1>, <624,4,1>, <626,4,1>, <629,4,1>, <630,4,1>, <632,4,1>, <633,4,1>, <641,4,1>, <644,4,1>, <652,4,1>, <656,4,1>, <664,4,2>, <665,4,1>, <667,4,1>, <673,4,3>, <675,4,1>, <683,4,1>, <687,4,3>, <689,4,1>, <692,4,2>, <693,4,1>, <698,4,1>, <715,4,1>, <717,4,1>, <719,4,2>, <722,4,1>, <725,4,1>, <730,4,1>, <737,4,1>, <738,4,2>, <748,4,1>, <765,4,2>, <770,4,1>, <776,4,1>, <778,4,1>, <783,4,1>, <787,4,1>, <789,4,1>, <790,4,1>, <793,4,1>, <799,4,1>, <804,4,2>, <813,4,1>, <818,4,1>, <824,4,1>, <827,4,1>, <829,4,1>, <830,4,1>, <838,4,1>, <840,4,1>, <843,4,1>, <844,4,1>, <845,4,1>, <861,4,1>, <864,4,1>, <865,4,1>, <867,4,1>, <874,4,1>, <880,4,1>, <885,4,2>, <887,4,1>, <892,4,1>, <893,4,1>, <904,4,1>, <906,4,1>, <908,4,1>, <912,4,1>, <913,4,1>, <918,4,1>, <934,4,2>, <937,4,1>, <941,4,1>, <950,4,1>, <951,4,2>, <960,4,1>, <970,4,1>, <973,4,1>, <982,4,1>, <985,4,1>, <999,4,1>, <1,9,3>, <2,9,13>, <3,9,210>, <4,9,31>, <5,9,40>, <6,9,52>, <7,9,4>, <8,9,33>, <9,9,40>, <10,9,1>, <11,9,24>, <12,9,13>, <13,9,1>, <14,9,1>, <15,9,6>, <16,9,27>, <17,9,7>, <18,9,2>, <19,9,27>, <20,9,17>, <21,9,29>, <22,9,14>, <23,9,4>, <24,9,8>, <25,9,5>, <26,9,8>, <27,9,9>, <28,9,1>, <29,9,4>, <30,9,3>, <31,9,2>, <32,9,4>, <33,9,2>, <34,9,6>, <35,9,15>, <36,9,4>, <37,9,1>, <38,9,3>, <39,9,9>, <40,9,5>, <41,9,5>, <42,9,14>, <43,9,2>, <44,9,2>, <45,9,9>, <46,9,3>, <48,9,8>, <49,9,7>, <50,9,8>, <51,9,3>, <53,9,2>, <54,9,1>, <55,9,2>, <56,9,6>, <58,9,5>, <59,9,3>, <60,9,4>, <62,9,1>, <63,9,5>, <64,9,3>, <65,9,4>, <66,9,1>, <67,9,4>, <68,9,3>, <69,9,2>, <70,9,10>, <72,9,3>, <73,9,8>, <74,9,5>, <75,9,6>, <76,9,6>, <77,9,6>, <78,9,1>, <80,9,3>, <81,9,1>, <82,9,5>, <83,9,3>, <84,9,4>, <86,9,2>, <87,9,7>, <88,9,2>, <89,9,5>, <90,9,10>, <91,9,1>, <92,9,3>, <93,9,1>, <94,9,2>, <95,9,4>, <96,9,1>, <97,9,6>, <99,9,2>, <100,9,5>, <101,9,4>, <103,9,1>, <104,9,4>, <106,9,1>, <107,9,1>, <108,9,2>, <109,9,6>, <110,9,2>, <111,9,2>, <112,9,1>, <113,9,1>, <114,9,2>, <115,9,4>, <116,9,1>, <117,9,2>, <118,9,1>, <119,9,1>, <121,9,1>, <124,9,2>, <126,9,2>, <127,9,2>, <128,9,2>, <129,9,2>, <131,9,5>, <132,9,4>, <133,9,1>, <135,9,1>, <136,9,1>, <137,9,1>, <138,9,5>, <139,9,1>, <140,9,1>, <142,9,2>, <143,9,1>, <144,9,2>, <145,9,6>, <147,9,7>, <148,9,1>, <149,9,3>, <150,9,1>, <151,9,3>, <154,9,1>, <156,9,1>, <157,9,1>, <158,9,2>, <159,9,1>, <160,9,2>, <163,9,2>, <164,9,1>, <165,9,1>, <166,9,1>, <167,9,2>, <168,9,3>, <169,9,1>, <171,9,1>, <172,9,1>, <173,9,1>, <175,9,1>, <176,9,1>, <177,9,3>, <178,9,1>, <179,9,1>, <180,9,3>, <182,9,1>, <183,9,1>, <187,9,3>, <188,9,2>, <189,9,1>, <192,9,1>, <193,9,2>, <194,9,1>, <198,9,1>, <201,9,3>, <203,9,4>, <204,9,2>, <205,9,1>, <206,9,1>, <212,9,2>, <213,9,1>, <214,9,1>, <216,9,3>, <217,9,2>, <221,9,1>, <224,9,1>, <227,9,5>, <229,9,1>, <230,9,7>, <232,9,4>, <233,9,1>, <237,9,1>, <240,9,1>, <241,9,1>, <243,9,1>, <244,9,2>, <245,9,1>, <248,9,1>, <253,9,1>, <254,9,1>, <257,9,1>, <263,9,1>, <264,9,3>, <267,9,4>, <269,9,2>, <270,9,1>, <272,9,2>, <273,9,1>, <276,9,1>, <277,9,1>, <279,9,1>, <280,9,1>, <281,9,1>, <283,9,1>, <286,9,3>, <289,9,1>, <290,9,1>, <292,9,2>, <295,9,1>, <296,9,1>, <297,9,1>, <301,9,1>, <302,9,1>, <306,9,1>, <307,9,1>, <308,9,1>, <309,9,1>, <311,9,1>, <313,9,1>, <314,9,1>, <315,9,1>, <316,9,2>, <320,9,1>, <335,9,2>, <337,9,1>, <338,9,1>, <339,9,1>, <340,9,1>, <341,9,1>, <346,9,1>, <347,9,1>, <350,9,1>, <353,9,1>, <355,9,1>, <357,9,1>, <360,9,3>, <362,9,1>, <363,9,1>, <365,9,1>, <366,9,1>, <368,9,1>, <369,9,1>, <370,9,2>, <374,9,1>, <377,9,2>, <380,9,1>, <381,9,2>, <383,9,1>, <384,9,2>, <385,9,2>, <387,9,1>, <390,9,1>, <391,9,1>, <392,9,1>, <393,9,1>, <394,9,1>, <398,9,1>, <399,9,1>, <400,9,1>, <401,9,1>, <404,9,1>, <405,9,1>, <409,9,2>, <418,9,1>, <419,9,1>, <420,9,1>, <426,9,1>, <428,9,1>, <429,9,1>, <433,9,1>, <435,9,1>, <436,9,1>, <437,9,1>, <439,9,1>, <441,9,1>, <442,9,1>, <444,9,1>, <445,9,1>, <447,9,1>, <448,9,1>, <450,9,1>, <454,9,1>, <457,9,1>, <458,9,1>, <459,9,1>, <461,9,1>, <463,9,1>, <468,9,2>, <471,9,1>, <473,9,1>, <481,9,2>, <483,9,1>, <487,9,1>, <490,9,1>, <491,9,1>, <493,9,1>, <496,9,1>, <499,9,1>, <502,9,1>, <503,9,1>, <505,9,1>, <506,9,1>, <508,9,1>, <514,9,1>, <515,9,1>, <517,9,1>, <518,9,1>, <527,9,1>, <536,9,1>, <538,9,1>, <540,9,1>, <543,9,1>, <545,9,1>, <546,9,1>, <550,9,1>, <551,9,1>, <553,9,2>, <554,9,1>, <557,9,1>, <562,9,1>, <565,9,1>, <575,9,2>, <578,9,2>, <579,9,1>, <582,9,2>, <587,9,1>, <591,9,1>, <593,9,2>, <594,9,1>, <596,9,1>, <599,9,1>, <600,9,1>, <603,9,1>, <611,9,1>, <620,9,2>, <621,9,1>, <626,9,1>, <628,9,1>, <629,9,2>, <632,9,1>, <635,9,1>, <637,9,1>, <641,9,1>, <643,9,1>, <646,9,1>, <649,9,1>, <654,9,1>, <657,9,1>, <659,9,1>, <667,9,1>, <671,9,1>, <672,9,1>, <679,9,1>, <680,9,1>, <687,9,1>, <691,9,1>, <693,9,1>, <694,9,1>, <711,9,1>, <719,9,1>, <732,9,1>, <733,9,1>, <734,9,1>, <744,9,1>, <750,9,1>, <765,9,2>, <766,9,1>, <768,9,1>, <774,9,1>, <777,9,1>, <786,9,1>, <787,9,1>, <789,9,1>, <798,9,1>, <799,9,1>, <801,9,1>, <808,9,1>, <819,9,1>, <827,9,1>, <829,9,1>, <830,9,1>, <833,9,1>, <843,9,1>, <844,9,1>, <847,9,1>, <873,9,1>, <878,9,1>, <880,9,1>, <881,9,1>, <886,9,1>, <892,9,1>, <899,9,1>, <921,9,1>, <922,9,1>, <925,9,1>, <927,9,1>, <933,9,1>, <939,9,1>, <948,9,1>, <950,9,1>, <951,9,1>, <954,9,1>, <958,9,1>, <966,9,1>, <974,9,1>, <982,9,1>, <985,9,1>, <1,10,529>, <2,10,148>, <3,10,35>, <4,10,19>, <5,10,62>, <6,10,6>, <7,10,10>, <8,10,14>, <9,10,11>, <10,10,54>, <11,10,22>, <12,10,10>, <13,10,14>, <14,10,4>, <15,10,15>, <16,10,18>, <17,10,11>, <18,10,26>, <19,10,2>, <20,10,19>, <21,10,14>, <22,10,10>, <23,10,17>, <24,10,16>, <25,10,3>, <26,10,6>, <27,10,5>, <28,10,11>, <29,10,8>, <30,10,26>, <31,10,16>, <32,10,23>, <33,10,13>, <34,10,3>, <35,10,1>, <36,10,7>, <37,10,14>, <39,10,1>, <40,10,8>, <41,10,1>, <42,10,1>, <44,10,8>, <45,10,1>, <47,10,3>, <48,10,5>, <49,10,1>, <50,10,7>, <51,10,2>, <52,10,6>, <53,10,2>, <54,10,7>, <55,10,7>, <56,10,1>, <57,10,7>, <58,10,4>, <59,10,4>, <60,10,1>, <61,10,3>, <62,10,1>, <64,10,4>, <65,10,1>, <66,10,7>, <67,10,5>, <68,10,5>, <69,10,3>, <70,10,2>, <71,10,3>, <72,10,4>, <73,10,2>, <74,10,1>, <76,10,3>, <77,10,1>, <78,10,3>, <79,10,3>, <80,10,5>, <81,10,4>, <83,10,5>, <84,10,5>, <85,10,6>, <86,10,3>, <88,10,5>, <89,10,4>, <90,10,1>, <91,10,1>, <92,10,1>, <93,10,4>, <94,10,3>, <95,10,3>, <96,10,5>, <99,10,1>, <101,10,1>, <102,10,4>, <103,10,4>, <104,10,4>, <107,10,1>, <108,10,1>, <109,10,3>, <110,10,2>, <111,10,3>, <112,10,2>, <113,10,1>, <114,10,3>, <115,10,1>, <116,10,2>, <118,10,6>, <120,10,1>, <121,10,1>, <122,10,1>, <124,10,2>, <125,10,1>, <126,10,5>, <128,10,1>, <129,10,1>, <130,10,1>, <131,10,2>, <132,10,1>, <133,10,4>, <134,10,3>, <137,10,4>, <138,10,1>, <139,10,1>, <140,10,1>, <141,10,1>, <143,10,1>, <144,10,1>, <146,10,2>, <149,10,2>, <150,10,4>, <151,10,2>, <152,10,1>, <153,10,2>, <154,10,1>, <155,10,1>, <157,10,2>, <158,10,1>, <160,10,1>, <161,10,3>, <162,10,3>, <163,10,1>, <164,10,1>, <165,10,1>, <166,10,1>, <167,10,1>, <168,10,1>, <169,10,2>, <170,10,1>, <171,10,1>, <172,10,1>, <174,10,1>, <175,10,1>, <176,10,1>, <177,10,2>, <182,10,1>, <184,10,2>, <185,10,1>, <186,10,1>, <187,10,2>, <188,10,1>, <190,10,1>, <192,10,2>, <193,10,1>, <194,10,2>, <195,10,1>, <196,10,1>, <198,10,1>, <199,10,1>, <201,10,2>, <202,10,1>, <204,10,1>, <205,10,4>, <206,10,5>, <209,10,1>, <213,10,3>, <214,10,2>, <215,10,1>, <216,10,1>, <217,10,1>, <218,10,1>, <220,10,1>, <221,10,2>, <225,10,1>, <227,10,1>, <229,10,4>, <230,10,1>, <231,10,2>, <232,10,1>, <234,10,1>, <237,10,1>, <239,10,1>, <240,10,1>, <241,10,2>, <244,10,2>, <245,10,1>, <247,10,1>, <248,10,1>, <249,10,2>, <250,10,1>, <252,10,1>, <253,10,2>, <255,10,1>, <259,10,1>, <260,10,1>, <261,10,2>, <263,10,1>, <266,10,1>, <268,10,1>, <269,10,1>, <270,10,1>, <272,10,1>, <273,10,3>, <274,10,2>, <276,10,1>, <277,10,1>, <278,10,1>, <281,10,2>, <284,10,2>, <285,10,1>, <287,10,1>, <289,10,2>, <290,10,1>, <294,10,3>, <295,10,1>, <296,10,1>, <297,10,1>, <298,10,1>, <299,10,1>, <302,10,1>, <304,10,1>, <305,10,1>, <306,10,1>, <307,10,1>, <308,10,1>, <311,10,1>, <312,10,1>, <315,10,2>, <316,10,1>, <317,10,1>, <318,10,2>, <320,10,1>, <323,10,1>, <324,10,1>, <325,10,2>, <327,10,2>, <329,10,1>, <330,10,1>, <332,10,3>, <339,10,1>, <340,10,1>, <341,10,1>, <342,10,1>, <348,10,2>, <350,10,3>, <355,10,1>, <356,10,1>, <357,10,1>, <359,10,2>, <362,10,2>, <365,10,2>, <366,10,1>, <372,10,2>, <375,10,2>, <377,10,1>, <378,10,2>, <381,10,1>, <383,10,1>, <385,10,1>, <387,10,1>, <390,10,1>, <391,10,1>, <392,10,1>, <394,10,1>, <402,10,3>, <404,10,1>, <412,10,1>, <414,10,1>, <416,10,3>, <418,10,1>, <419,10,1>, <422,10,1>, <427,10,1>, <429,10,1>, <435,10,1>, <439,10,1>, <440,10,1>, <441,10,1>, <442,10,1>, <445,10,1>, <446,10,1>, <448,10,2>, <454,10,1>, <457,10,2>, <461,10,2>, <467,10,1>, <475,10,1>, <484,10,1>, <487,10,1>, <496,10,1>, <498,10,1>, <501,10,1>, <502,10,1>, <505,10,1>, <507,10,1>, <512,10,2>, <514,10,1>, <515,10,1>, <517,10,1>, <518,10,1>, <520,10,1>, <521,10,1>, <522,10,1>, <524,10,2>, <526,10,2>, <527,10,1>, <529,10,1>, <536,10,1>, <538,10,1>, <539,10,1>, <540,10,1>, <541,10,1>, <543,10,1>, <548,10,1>, <549,10,1>, <551,10,1>, <553,10,1>, <559,10,1>, <560,10,1>, <563,10,1>, <575,10,1>, <576,10,1>, <579,10,1>, <581,10,1>, <582,10,1>, <583,10,1>, <595,10,4>, <596,10,1>, <599,10,1>, <605,10,2>, <606,10,1>, <612,10,2>, <614,10,1>, <615,10,1>, <617,10,2>, <618,10,1>, <620,10,1>, <634,10,1>, <640,10,1>, <646,10,2>, <648,10,1>, <653,10,1>, <655,10,1>, <668,10,1>, <670,10,1>, <677,10,1>, <680,10,1>, <682,10,1>, <685,10,1>, <687,10,1>, <694,10,1>, <701,10,1>, <702,10,1>, <709,10,1>, <712,10,1>, <717,10,1>, <720,10,1>, <722,10,1>, <724,10,2>, <725,10,1>, <730,10,1>, <736,10,1>, <737,10,1>, <750,10,1>, <755,10,1>, <761,10,1>, <768,10,1>, <775,10,2>, <777,10,1>, <778,10,1>, <781,10,2>, <786,10,2>, <788,10,1>, <793,10,1>, <795,10,1>, <799,10,1>, <803,10,1>, <824,10,1>, <827,10,2>, <830,10,1>, <838,10,1>, <843,10,1>, <855,10,1>, <857,10,1>, <861,10,1>, <864,10,1>, <875,10,1>, <877,10,1>, <880,10,1>, <899,10,1>, <903,10,1>, <904,10,1>, <918,10,1>, <939,10,1>, <944,10,1>, <950,10,1>, <956,10,1>, <965,10,1>, <970,10,1>, <974,10,1>, <1,2,235>, <2,2,283>, <3,2,48>, <4,2,17>, <5,2,49>, <6,2,43>, <7,2,58>, <8,2,25>, <9,2,38>, <10,2,50>, <11,2,27>, <12,2,1>, <13,2,59>, <14,2,7>, <15,2,20>, <16,2,9>, <17,2,12>, <18,2,5>, <19,2,4>, <20,2,4>, <21,2,1>, <22,2,3>, <23,2,8>, <24,2,1>, <25,2,10>, <26,2,19>, <27,2,4>, <28,2,17>, <29,2,1>, <30,2,2>, <31,2,3>, <32,2,7>, <33,2,6>, <34,2,1>, <35,2,10>, <37,2,1>, <38,2,3>, <39,2,7>, <41,2,2>, <42,2,3>, <43,2,4>, <44,2,8>, <45,2,2>, <46,2,1>, <47,2,4>, <48,2,1>, <49,2,11>, <51,2,17>, <52,2,6>, <53,2,9>, <54,2,6>, <55,2,8>, <56,2,1>, <57,2,4>, <59,2,2>, <60,2,5>, <61,2,9>, <62,2,6>, <64,2,2>, <65,2,2>, <66,2,3>, <67,2,3>, <68,2,3>, <69,2,2>, <71,2,3>, <72,2,1>, <73,2,1>, <74,2,2>, <75,2,4>, <76,2,1>, <77,2,11>, <78,2,4>, <79,2,2>, <81,2,2>, <82,2,10>, <83,2,1>, <84,2,3>, <86,2,10>, <88,2,4>, <89,2,2>, <90,2,3>, <91,2,2>, <92,2,3>, <93,2,2>, <94,2,2>, <95,2,3>, <96,2,3>, <97,2,3>, <98,2,4>, <99,2,1>, <100,2,1>, <101,2,5>, <102,2,3>, <103,2,8>, <105,2,1>, <106,2,1>, <107,2,1>, <108,2,1>, <109,2,2>, <110,2,5>, <111,2,2>, <112,2,3>, <115,2,1>, <116,2,1>, <117,2,2>, <118,2,1>, <119,2,2>, <120,2,3>, <121,2,1>, <122,2,1>, <123,2,5>, <124,2,2>, <126,2,1>, <127,2,1>, <131,2,1>, <132,2,2>, <133,2,2>, <137,2,2>, <138,2,1>, <139,2,1>, <140,2,2>, <141,2,1>, <142,2,2>, <144,2,1>, <147,2,1>, <148,2,2>, <149,2,1>, <150,2,1>, <151,2,1>, <152,2,4>, <153,2,1>, <154,2,1>, <155,2,2>, <157,2,2>, <158,2,2>, <159,2,1>, <161,2,7>, <163,2,11>, <164,2,1>, <165,2,1>, <168,2,1>, <169,2,1>, <171,2,1>, <172,2,1>, <174,2,1>, <176,2,2>, <177,2,3>, <178,2,2>, <179,2,1>, <180,2,1>, <181,2,1>, <182,2,1>, <184,2,1>, <185,2,3>, <188,2,2>, <189,2,4>, <190,2,1>, <191,2,2>, <192,2,3>, <194,2,2>, <196,2,3>, <198,2,1>, <200,2,1>, <201,2,2>, <202,2,6>, <203,2,1>, <204,2,1>, <205,2,1>, <208,2,1>, <209,2,2>, <212,2,1>, <214,2,2>, <215,2,1>, <217,2,5>, <218,2,5>, <220,2,2>, <222,2,2>, <225,2,1>, <228,2,1>, <231,2,1>, <233,2,2>, <239,2,1>, <240,2,3>, <243,2,1>, <244,2,2>, <247,2,1>, <248,2,1>, <249,2,1>, <251,2,1>, <253,2,1>, <257,2,3>, <259,2,1>, <260,2,1>, <261,2,1>, <262,2,1>, <265,2,1>, <266,2,1>, <270,2,2>, <272,2,1>, <273,2,1>, <274,2,3>, <277,2,2>, <279,2,1>, <281,2,1>, <282,2,1>, <283,2,1>, <287,2,1>, <288,2,2>, <290,2,1>, <291,2,1>, <293,2,1>, <294,2,1>, <295,2,1>, <299,2,1>, <304,2,2>, <305,2,1>, <307,2,1>, <308,2,1>, <311,2,1>, <312,2,1>, <316,2,1>, <317,2,3>, <320,2,2>, <321,2,1>, <325,2,1>, <328,2,1>, <329,2,1>, <330,2,2>, <332,2,1>, <334,2,1>, <336,2,1>, <338,2,1>, <341,2,1>, <344,2,2>, <346,2,1>, <348,2,2>, <350,2,1>, <355,2,3>, <356,2,2>, <357,2,1>, <360,2,1>, <362,2,1>, <366,2,1>, <367,2,2>, <369,2,1>, <376,2,1>, <379,2,1>, <381,2,1>, <383,2,3>, <386,2,1>, <388,2,3>, <391,2,1>, <392,2,2>, <394,2,1>, <398,2,1>, <400,2,1>, <403,2,2>, <406,2,1>, <413,2,1>, <419,2,1>, <425,2,1>, <427,2,1>, <431,2,1>, <434,2,1>, <438,2,1>, <440,2,1>, <441,2,1>, <442,2,1>, <444,2,1>, <450,2,1>, <460,2,2>, <463,2,1>, <467,2,1>, <471,2,1>, <474,2,1>, <489,2,1>, <491,2,1>, <508,2,1>, <513,2,1>, <514,2,2>, <515,2,1>, <524,2,1>, <527,2,2>, <529,2,1>, <534,2,1>, <536,2,1>, <538,2,1>, <545,2,1>, <549,2,1>, <550,2,1>, <559,2,1>, <560,2,1>, <572,2,2>, <576,2,1>, <578,2,2>, <597,2,1>, <598,2,1>, <599,2,1>, <601,2,1>, <603,2,1>, <606,2,1>, <609,2,1>, <614,2,1>, <621,2,1>, <623,2,1>, <624,2,1>, <627,2,1>, <628,2,1>, <634,2,1>, <635,2,1>, <637,2,1>, <642,2,1>, <643,2,1>, <649,2,1>, <653,2,1>, <655,2,1>, <657,2,1>, <659,2,1>, <664,2,2>, <672,2,1>, <683,2,2>, <694,2,2>, <695,2,1>, <699,2,1>, <701,2,2>, <702,2,1>, <707,2,1>, <709,2,1>, <710,2,1>, <717,2,1>, <723,2,1>, <724,2,1>, <725,2,1>, <726,2,2>, <728,2,1>, <733,2,1>, <737,2,1>, <761,2,1>, <772,2,1>, <775,2,1>, <778,2,1>, <787,2,1>, <788,2,1>, <790,2,1>, <794,2,1>, <803,2,1>, <808,2,1>, <818,2,1>, <827,2,1>, <838,2,1>, <839,2,1>, <840,2,1>, <865,2,1>, <867,2,1>, <872,2,1>, <874,2,1>, <876,2,1>, <880,2,1>, <885,2,1>, <892,2,1>, <907,2,1>, <916,2,1>, <918,2,1>, <922,2,1>, <929,2,1>, <933,2,1>, <948,2,1>, <957,2,1>, <964,2,1>, <970,2,1>, <982,2,1>, <990,2,1> };

MaxCacheStorageAtSingleAS= [ 0  2625  2625  2625  0  0  0  0  2625  2625 ] ;

MaxCacheStorage = 13125 ;
SolutionGap = 0.01 ;
