
ASes= { 1, 2, 3, 4, 5, 6, 7, 8, 9, 10 } ;


Objects= { 1, 2, 3, 4, 5, 6, 7, 8, 9, 10, 11, 12, 13, 14, 15, 16, 17, 18, 19, 20, 21, 22, 23, 24, 25, 26, 27, 28, 29, 30, 31, 32, 33, 34, 35, 36, 37, 38, 39, 40, 41, 42, 43, 44, 45, 46, 47, 48, 49, 50, 51, 52, 53, 54, 55, 56, 57, 58, 59, 60, 61, 62, 63, 64, 65, 66, 67, 68, 69, 70, 71, 72, 73, 74, 75, 76, 77, 78, 79, 80, 81, 82, 83, 84, 85, 86, 87, 88, 89, 90, 91, 92, 93, 94, 95, 96, 97, 98, 99, 100, 101, 102, 103, 104, 105, 106, 107, 108, 109, 110, 111, 112, 113, 114, 115, 116, 117, 118, 119, 120, 121, 122, 123, 124, 125, 126, 127, 128, 129, 130, 131, 132, 133, 134, 135, 136, 137, 138, 139, 140, 141, 142, 143, 144, 145, 146, 147, 148, 149, 150, 151, 152, 153, 154, 155, 156, 157, 158, 159, 160, 161, 162, 163, 164, 165, 166, 167, 168, 169, 170, 171, 172, 173, 174, 175, 176, 177, 178, 179, 180, 181, 182, 183, 184, 185, 186, 187, 188, 189, 190, 191, 192, 193, 194, 195, 196, 197, 198, 199, 200, 201, 202, 203, 204, 205, 206, 207, 208, 209, 210, 211, 212, 213, 214, 215, 216, 217, 218, 219, 220, 221, 222, 223, 224, 225, 226, 227, 228, 229, 230, 231, 232, 233, 234, 235, 236, 237, 238, 239, 240, 241, 242, 243, 244, 245, 246, 247, 248, 249, 250, 251, 252, 253, 254, 255, 256, 257, 258, 259, 260, 261, 262, 263, 264, 265, 266, 267, 268, 269, 270, 271, 272, 273, 274, 275, 276, 277, 278, 279, 280, 281, 282, 283, 284, 285, 286, 287, 288, 289, 290, 291, 292, 293, 294, 295, 296, 297, 298, 299, 300, 301, 302, 303, 304, 305, 306, 307, 308, 309, 310, 311, 312, 313, 314, 315, 316, 317, 318, 319, 320, 321, 322, 323, 324, 325, 326, 327, 328, 329, 330, 331, 332, 333, 334, 335, 336, 337, 338, 339, 340, 341, 342, 343, 344, 345, 346, 347, 348, 349, 350, 351, 352, 353, 354, 355, 356, 357, 358, 359, 360, 361, 362, 363, 364, 365, 366, 367, 368, 369, 370, 371, 372, 373, 374, 375, 376, 377, 378, 379, 380, 381, 382, 383, 384, 385, 386, 387, 388, 389, 390, 391, 392, 393, 394, 395, 396, 397, 398, 399, 400, 401, 402, 403, 404, 405, 406, 407, 408, 409, 410, 411, 412, 413, 414, 415, 416, 417, 418, 419, 420, 421, 422, 423, 424, 425, 426, 427, 428, 429, 430, 431, 432, 433, 434, 435, 436, 437, 438, 439, 440, 441, 442, 443, 444, 445, 446, 447, 448, 449, 450, 451, 452, 453, 454, 455, 456, 457, 458, 459, 460, 461, 462, 463, 464, 465, 466, 467, 468, 469, 470, 471, 472, 473, 474, 475, 476, 477, 478, 479, 480, 481, 482, 483, 484, 485, 486, 487, 488, 489, 490, 491, 492, 493, 494, 495, 496, 497, 498, 499, 500, 501, 502, 503, 504, 505, 506, 507, 508, 509, 510, 511, 512, 513, 514, 515, 516, 517, 518, 519, 520, 521, 522, 523, 524, 525, 526, 527, 528, 529, 530, 531, 532, 533, 534, 535, 536, 537, 538, 539, 540, 541, 542, 543, 544, 545, 546, 547, 548, 549, 550, 551, 552, 553, 554, 555, 556, 557, 558, 559, 560, 561, 562, 563, 564, 565, 566, 567, 568, 569, 570, 571, 572, 573, 574, 575, 576, 577, 578, 579, 580, 581, 582, 583, 584, 585, 586, 587, 588, 589, 590, 591, 592, 593, 594, 595, 596, 597, 598, 599, 600, 601, 602, 603, 604, 605, 606, 607, 608, 609, 610, 611, 612, 613, 614, 615, 616, 617, 618, 619, 620, 621, 622, 623, 624, 625, 626, 627, 628, 629, 630, 631, 632, 633, 634, 635, 636, 637, 638, 639, 640, 641, 642, 643, 644, 645, 646, 647, 648, 649, 650, 651, 652, 653, 654, 655, 656, 657, 658, 659, 660, 661, 662, 663, 664, 665, 666, 667, 668, 669, 670, 671, 672, 673, 674, 675, 676, 677, 678, 679, 680, 681, 682, 683, 684, 685, 686, 687, 688, 689, 690, 691, 692, 693, 694, 695, 696, 697, 698, 699, 700, 701, 702, 703, 704, 705, 706, 707, 708, 709, 710, 711, 712, 713, 714, 715, 716, 717, 718, 719, 720, 721, 722, 723, 724, 725, 726, 727, 728, 729, 730, 731, 732, 733, 734, 735, 736, 737, 738, 739, 740, 741, 742, 743, 744, 745, 746, 747, 748, 749, 750, 751, 752, 753, 754, 755, 756, 757, 758, 759, 760, 761, 762, 763, 764, 765, 766, 767, 768, 769, 770, 771, 772, 773, 774, 775, 776, 777, 778, 779, 780, 781, 782, 783, 784, 785, 786, 787, 788, 789, 790, 791, 792, 793, 794, 795, 796, 797, 798, 799, 800, 801, 802, 803, 804, 805, 806, 807, 808, 809, 810, 811, 812, 813, 814, 815, 816, 817, 818, 819, 820, 821, 822, 823, 824, 825, 826, 827, 828, 829, 830, 831, 832, 833, 834, 835, 836, 837, 838, 839, 840, 841, 842, 843, 844, 845, 846, 847, 848, 849, 850, 851, 852, 853, 854, 855, 856, 857, 858, 859, 860, 861, 862, 863, 864, 865, 866, 867, 868, 869, 870, 871, 872, 873, 874, 875, 876, 877, 878, 879, 880, 881, 882, 883, 884, 885, 886, 887, 888, 889, 890, 891, 892, 893, 894, 895, 896, 897, 898, 899, 900, 901, 902, 903, 904, 905, 906, 907, 908, 909, 910, 911, 912, 913, 914, 915, 916, 917, 918, 919, 920, 921, 922, 923, 924, 925, 926, 927, 928, 929, 930, 931, 932, 933, 934, 935, 936, 937, 938, 939, 940, 941, 942, 943, 944, 945, 946, 947, 948, 949, 950, 951, 952, 953, 954, 955, 956, 957, 958, 959, 960, 961, 962, 963, 964, 965, 966, 967, 968, 969, 970, 971, 972, 973, 974, 975, 976, 977, 978, 979, 980, 981, 982, 983, 984, 985, 986, 987, 988, 989, 990, 991, 992, 993, 994, 995, 996, 997, 998, 999, 1000 } ;


QualityLevels= { 0, 1, 2, 3, 4, 5 } ;

Arcs = { <1,2,490000>, <2,1,490000>,<2,3,490000>, <3,2,490000>,<2,4,490000>, <4,2,490000>,<4,5,490000>, <5,4,490000>,<2,6,490000>, <6,2,490000>,<3,7,490000>, <7,3,490000>,<6,8,490000>, <8,6,490000>,<3,9,490000>, <9,3,490000>,<2,10,490000>, <10,2,490000> }; 


RatePerQuality= [ 0  300  700  1500  2500  3500 ] ;


CacheSpacePerQuality= [ 10000  11.25  26.25  56.25  93.75  131.25 ] ;


UtilityPerQuality= [ 0  0.66874  0.795271  0.880112  0.945742  1 ] ;


ObjectsPublishedByProducers=[ [ 0  0  0  0  0  0  0  0  0  0 ]  [ 0  0  0  0  0  0  0  0  0  0 ]  [ 0  0  0  0  0  0  0  0  0  0 ]  [ 0  0  0  0  0  0  0  0  0  0 ]  [ 0  0  0  0  0  0  0  0  0  0 ]  [ 0  0  0  0  0  0  0  0  0  0 ]  [ 0  0  0  0  0  0  0  0  0  0 ]  [ 0  0  0  0  0  0  0  0  0  0 ]  [ 0  0  0  0  0  0  0  0  0  0 ]  [ 0  0  0  0  0  0  0  0  0  0 ]  [ 0  0  0  0  0  0  0  0  0  0 ]  [ 0  0  0  0  0  0  0  0  0  0 ]  [ 0  0  0  0  0  0  0  0  0  0 ]  [ 0  0  0  0  0  0  0  0  0  0 ]  [ 0  0  0  0  0  0  0  0  0  0 ]  [ 0  0  0  0  0  0  0  0  0  0 ]  [ 0  0  0  0  0  0  0  0  0  0 ]  [ 0  0  0  0  0  0  0  0  0  0 ]  [ 0  0  0  0  0  0  0  0  0  0 ]  [ 0  0  0  0  0  0  0  0  0  0 ]  [ 0  0  0  0  0  0  0  0  0  0 ]  [ 0  0  0  0  0  0  0  0  0  0 ]  [ 0  0  0  0  0  0  0  0  0  0 ]  [ 0  0  0  0  0  0  0  0  0  0 ]  [ 0  0  0  0  0  0  0  0  0  0 ]  [ 0  0  0  0  0  0  0  0  0  0 ]  [ 0  0  0  0  0  0  0  0  0  0 ]  [ 0  0  0  0  0  0  0  0  0  0 ]  [ 0  0  0  0  0  0  0  0  0  0 ]  [ 0  0  0  0  0  0  0  0  0  0 ]  [ 0  0  0  0  0  0  0  0  0  0 ]  [ 0  0  0  0  0  0  0  0  0  0 ]  [ 0  0  0  0  0  0  0  0  0  0 ]  [ 0  0  0  0  0  0  0  0  0  0 ]  [ 0  0  0  0  0  0  0  0  0  0 ]  [ 0  0  0  0  0  0  0  0  0  0 ]  [ 0  0  0  0  0  0  0  0  0  0 ]  [ 0  0  0  0  0  0  0  0  0  0 ]  [ 0  0  0  0  0  0  0  0  0  0 ]  [ 0  0  0  0  0  0  0  0  0  0 ]  [ 0  0  0  0  0  0  0  0  0  0 ]  [ 0  0  0  0  0  0  0  0  0  0 ]  [ 0  0  0  0  0  0  0  0  0  0 ]  [ 0  0  0  0  0  0  0  0  0  0 ]  [ 0  0  0  0  0  0  0  0  0  0 ]  [ 0  0  0  0  0  0  0  0  0  0 ]  [ 0  0  0  0  0  0  0  0  0  0 ]  [ 0  0  0  0  0  0  0  0  0  0 ]  [ 0  0  0  0  0  0  0  0  0  0 ]  [ 0  0  0  0  0  0  0  0  0  0 ]  [ 0  0  0  0  0  0  0  0  0  0 ]  [ 0  0  0  0  0  0  0  0  0  0 ]  [ 0  0  0  0  0  0  0  0  0  0 ]  [ 0  0  0  0  0  0  0  0  0  0 ]  [ 0  0  0  0  0  0  0  0  0  0 ]  [ 0  0  0  0  0  0  0  0  0  0 ]  [ 0  0  0  0  0  0  0  0  0  0 ]  [ 0  0  0  0  0  0  0  0  0  0 ]  [ 0  0  0  0  0  0  0  0  0  0 ]  [ 0  0  0  0  0  0  0  0  0  0 ]  [ 0  0  0  0  0  0  0  0  0  0 ]  [ 0  0  0  0  0  0  0  0  0  0 ]  [ 0  0  0  0  0  0  0  0  0  0 ]  [ 0  0  0  0  0  0  0  0  0  0 ]  [ 0  0  0  0  0  0  0  0  0  0 ]  [ 0  0  0  0  0  0  0  0  0  0 ]  [ 0  0  0  0  0  0  0  0  0  0 ]  [ 0  0  0  0  0  0  0  0  0  0 ]  [ 0  0  0  0  0  0  0  0  0  0 ]  [ 0  0  0  0  0  0  0  0  0  0 ]  [ 0  0  0  0  0  0  0  0  0  0 ]  [ 0  0  0  0  0  0  0  0  0  0 ]  [ 0  0  0  0  0  0  0  0  0  0 ]  [ 0  0  0  0  0  0  0  0  0  0 ]  [ 0  0  0  0  0  0  0  0  0  0 ]  [ 0  0  0  0  0  0  0  0  0  0 ]  [ 0  0  0  0  0  0  0  0  0  0 ]  [ 0  0  0  0  0  0  0  0  0  0 ]  [ 0  0  0  0  0  0  0  0  0  0 ]  [ 0  0  0  0  0  0  0  0  0  0 ]  [ 0  0  0  0  0  0  0  0  0  0 ]  [ 0  0  0  0  0  0  0  0  0  0 ]  [ 0  0  0  0  0  0  0  0  0  0 ]  [ 0  0  0  0  0  0  0  0  0  0 ]  [ 0  0  0  0  0  0  0  0  0  0 ]  [ 0  0  0  0  0  0  0  0  0  0 ]  [ 0  0  0  0  0  0  0  0  0  0 ]  [ 0  0  0  0  0  0  0  0  0  0 ]  [ 0  0  0  0  0  0  0  0  0  0 ]  [ 0  0  0  0  0  0  0  0  0  0 ]  [ 0  0  0  0  0  0  0  0  0  0 ]  [ 0  0  0  0  0  0  0  0  0  0 ]  [ 0  0  0  0  0  0  0  0  0  0 ]  [ 0  0  0  0  0  0  0  0  0  0 ]  [ 0  0  0  0  0  0  0  0  0  0 ]  [ 0  0  0  0  0  0  0  0  0  0 ]  [ 0  0  0  0  0  0  0  0  0  0 ]  [ 0  0  0  0  0  0  0  0  0  0 ]  [ 0  0  0  0  0  0  0  0  0  0 ]  [ 0  0  0  0  0  0  0  0  0  0 ]  [ 0  0  0  0  0  0  0  0  0  0 ]  [ 0  0  0  0  0  0  0  0  0  0 ]  [ 0  0  0  0  0  0  0  0  0  0 ]  [ 0  0  0  0  0  0  0  0  0  0 ]  [ 0  0  0  0  0  0  0  0  0  0 ]  [ 0  0  0  0  0  0  0  0  0  0 ]  [ 0  0  0  0  0  0  0  0  0  0 ]  [ 0  0  0  0  0  0  0  0  0  0 ]  [ 0  0  0  0  0  0  0  0  0  0 ]  [ 0  0  0  0  0  0  0  0  0  0 ]  [ 0  0  0  0  0  0  0  0  0  0 ]  [ 0  0  0  0  0  0  0  0  0  0 ]  [ 0  0  0  0  0  0  0  0  0  0 ]  [ 0  0  0  0  0  0  0  0  0  0 ]  [ 0  0  0  0  0  0  0  0  0  0 ]  [ 0  0  0  0  0  0  0  0  0  0 ]  [ 0  0  0  0  0  0  0  0  0  0 ]  [ 0  0  0  0  0  0  0  0  0  0 ]  [ 0  0  0  0  0  0  0  0  0  0 ]  [ 0  0  0  0  0  0  0  0  0  0 ]  [ 0  0  0  0  0  0  0  0  0  0 ]  [ 0  0  0  0  0  0  0  0  0  0 ]  [ 0  0  0  0  0  0  0  0  0  0 ]  [ 0  0  0  0  0  0  0  0  0  0 ]  [ 0  0  0  0  0  0  0  0  0  0 ]  [ 0  0  0  0  0  0  0  0  0  0 ]  [ 0  0  0  0  0  0  0  0  0  0 ]  [ 0  0  0  0  0  0  0  0  0  0 ]  [ 0  0  0  0  0  0  0  0  0  0 ]  [ 0  0  0  0  0  0  0  0  0  0 ]  [ 0  0  0  0  0  0  0  0  0  0 ]  [ 0  0  0  0  0  0  0  0  0  0 ]  [ 0  0  0  0  0  0  0  0  0  0 ]  [ 0  0  0  0  0  0  0  0  0  0 ]  [ 0  0  0  0  0  0  0  0  0  0 ]  [ 0  0  0  0  0  0  0  0  0  0 ]  [ 0  0  0  0  0  0  0  0  0  0 ]  [ 0  0  0  0  0  0  0  0  0  0 ]  [ 0  0  0  0  0  0  0  0  0  0 ]  [ 0  0  0  0  0  0  0  0  0  0 ]  [ 0  0  0  0  0  0  0  0  0  0 ]  [ 0  0  0  0  0  0  0  0  0  0 ]  [ 0  0  0  0  0  0  0  0  0  0 ]  [ 0  0  0  0  0  0  0  0  0  0 ]  [ 0  0  0  0  0  0  0  0  0  0 ]  [ 0  0  0  0  0  0  0  0  0  0 ]  [ 0  0  0  0  0  0  0  0  0  0 ]  [ 0  0  0  0  0  0  0  0  0  0 ]  [ 0  0  0  0  0  0  0  0  0  0 ]  [ 0  0  0  0  0  0  0  0  0  0 ]  [ 0  0  0  0  0  0  0  0  0  0 ]  [ 0  0  0  0  0  0  0  0  0  0 ]  [ 0  0  0  0  0  0  0  0  0  0 ]  [ 0  0  0  0  0  0  0  0  0  0 ]  [ 0  0  0  0  0  0  0  0  0  0 ]  [ 0  0  0  0  0  0  0  0  0  0 ]  [ 0  0  0  0  0  0  0  0  0  0 ]  [ 0  0  0  0  0  0  0  0  0  0 ]  [ 0  0  0  0  0  0  0  0  0  0 ]  [ 0  0  0  0  0  0  0  0  0  0 ]  [ 0  0  0  0  0  0  0  0  0  0 ]  [ 0  0  0  0  0  0  0  0  0  0 ]  [ 0  0  0  0  0  0  0  0  0  0 ]  [ 0  0  0  0  0  0  0  0  0  0 ]  [ 0  0  0  0  0  0  0  0  0  0 ]  [ 0  0  0  0  0  0  0  0  0  0 ]  [ 0  0  0  0  0  0  0  0  0  0 ]  [ 0  0  0  0  0  0  0  0  0  0 ]  [ 0  0  0  0  0  0  0  0  0  0 ]  [ 0  0  0  0  0  0  0  0  0  0 ]  [ 0  0  0  0  0  0  0  0  0  0 ]  [ 0  0  0  0  0  0  0  0  0  0 ]  [ 0  0  0  0  0  0  0  0  0  0 ]  [ 0  0  0  0  0  0  0  0  0  0 ]  [ 0  0  0  0  0  0  0  0  0  0 ]  [ 0  0  0  0  0  0  0  0  0  0 ]  [ 0  0  0  0  0  0  0  0  0  0 ]  [ 0  0  0  0  0  0  0  0  0  0 ]  [ 0  0  0  0  0  0  0  0  0  0 ]  [ 0  0  0  0  0  0  0  0  0  0 ]  [ 0  0  0  0  0  0  0  0  0  0 ]  [ 0  0  0  0  0  0  0  0  0  0 ]  [ 0  0  0  0  0  0  0  0  0  0 ]  [ 0  0  0  0  0  0  0  0  0  0 ]  [ 0  0  0  0  0  0  0  0  0  0 ]  [ 0  0  0  0  0  0  0  0  0  0 ]  [ 0  0  0  0  0  0  0  0  0  0 ]  [ 0  0  0  0  0  0  0  0  0  0 ]  [ 0  0  0  0  0  0  0  0  0  0 ]  [ 0  0  0  0  0  0  0  0  0  0 ]  [ 0  0  0  0  0  0  0  0  0  0 ]  [ 0  0  0  0  0  0  0  0  0  0 ]  [ 0  0  0  0  0  0  0  0  0  0 ]  [ 0  0  0  0  0  0  0  0  0  0 ]  [ 0  0  0  0  0  0  0  0  0  0 ]  [ 0  0  0  0  0  0  0  0  0  0 ]  [ 0  0  0  0  0  0  0  0  0  0 ]  [ 0  0  0  0  0  0  0  0  0  0 ]  [ 0  0  0  0  0  0  0  0  0  0 ]  [ 0  0  0  0  0  0  0  0  0  0 ]  [ 0  0  0  0  0  0  0  0  0  0 ]  [ 0  0  0  0  0  0  0  0  0  0 ]  [ 0  0  0  0  0  0  0  0  0  0 ]  [ 0  0  0  0  0  0  0  0  0  0 ]  [ 0  0  0  0  0  0  0  0  0  0 ]  [ 0  0  0  0  0  0  0  0  0  0 ]  [ 0  0  0  0  0  0  0  0  0  0 ]  [ 0  0  0  0  0  0  0  0  0  0 ]  [ 0  0  0  0  0  0  0  0  0  0 ]  [ 0  0  0  0  0  0  0  0  0  0 ]  [ 0  0  0  0  0  0  0  0  0  0 ]  [ 0  0  0  0  0  0  0  0  0  0 ]  [ 0  0  0  0  0  0  0  0  0  0 ]  [ 0  0  0  0  0  0  0  0  0  0 ]  [ 0  0  0  0  0  0  0  0  0  0 ]  [ 0  0  0  0  0  0  0  0  0  0 ]  [ 0  0  0  0  0  0  0  0  0  0 ]  [ 0  0  0  0  0  0  0  0  0  0 ]  [ 0  0  0  0  0  0  0  0  0  0 ]  [ 0  0  0  0  0  0  0  0  0  0 ]  [ 0  0  0  0  0  0  0  0  0  0 ]  [ 0  0  0  0  0  0  0  0  0  0 ]  [ 0  0  0  0  0  0  0  0  0  0 ]  [ 0  0  0  0  0  0  0  0  0  0 ]  [ 0  0  0  0  0  0  0  0  0  0 ]  [ 0  0  0  0  0  0  0  0  0  0 ]  [ 0  0  0  0  0  0  0  0  0  0 ]  [ 0  0  0  0  0  0  0  0  0  0 ]  [ 0  0  0  0  0  0  0  0  0  0 ]  [ 0  0  0  0  0  0  0  0  0  0 ]  [ 0  0  0  0  0  0  0  0  0  0 ]  [ 0  0  0  0  0  0  0  0  0  0 ]  [ 0  0  0  0  0  0  0  0  0  0 ]  [ 0  0  0  0  0  0  0  0  0  0 ]  [ 0  0  0  0  0  0  0  0  0  0 ]  [ 0  0  0  0  0  0  0  0  0  0 ]  [ 0  0  0  0  0  0  0  0  0  0 ]  [ 0  0  0  0  0  0  0  0  0  0 ]  [ 0  0  0  0  0  0  0  0  0  0 ]  [ 0  0  0  0  0  0  0  0  0  0 ]  [ 0  0  0  0  0  0  0  0  0  0 ]  [ 0  0  0  0  0  0  0  0  0  0 ]  [ 0  0  0  0  0  0  0  0  0  0 ]  [ 0  0  0  0  0  0  0  0  0  0 ]  [ 0  0  0  0  0  0  0  0  0  0 ]  [ 0  0  0  0  0  0  0  0  0  0 ]  [ 0  0  0  0  0  0  0  0  0  0 ]  [ 0  0  0  0  0  0  0  0  0  0 ]  [ 0  0  0  0  0  0  0  0  0  0 ]  [ 0  0  0  0  0  0  0  0  0  0 ]  [ 0  0  0  0  0  0  0  0  0  0 ]  [ 0  0  0  0  0  0  0  0  0  0 ]  [ 0  0  0  0  0  0  0  0  0  0 ]  [ 0  0  0  0  0  0  0  0  0  0 ]  [ 0  0  0  0  0  0  0  0  0  0 ]  [ 0  0  0  0  0  0  0  0  0  0 ]  [ 0  0  0  0  0  0  0  0  0  0 ]  [ 0  0  0  0  0  0  0  0  0  0 ]  [ 0  0  0  0  0  0  0  0  0  0 ]  [ 0  0  0  0  0  0  0  0  0  0 ]  [ 0  0  0  0  0  0  0  0  0  0 ]  [ 0  0  0  0  0  0  0  0  0  0 ]  [ 0  0  0  0  0  0  0  0  0  0 ]  [ 0  0  0  0  0  0  0  0  0  0 ]  [ 0  0  0  0  0  0  0  0  0  0 ]  [ 0  0  0  0  0  0  0  0  0  0 ]  [ 0  0  0  0  0  0  0  0  0  0 ]  [ 0  0  0  0  0  0  0  0  0  0 ]  [ 0  0  0  0  0  0  0  0  0  0 ]  [ 0  0  0  0  0  0  0  0  0  0 ]  [ 0  0  0  0  0  0  0  0  0  0 ]  [ 0  0  0  0  0  0  0  0  0  0 ]  [ 0  0  0  0  0  0  0  0  0  0 ]  [ 0  0  0  0  0  0  0  0  0  0 ]  [ 0  0  0  0  0  0  0  0  0  0 ]  [ 0  0  0  0  0  0  0  0  0  0 ]  [ 0  0  0  0  0  0  0  0  0  0 ]  [ 0  0  0  0  0  0  0  0  0  0 ]  [ 0  0  0  0  0  0  0  0  0  0 ]  [ 0  0  0  0  0  0  0  0  0  0 ]  [ 0  0  0  0  0  0  0  0  0  0 ]  [ 0  0  0  0  0  0  0  0  0  0 ]  [ 0  0  0  0  0  0  0  0  0  0 ]  [ 0  0  0  0  0  0  0  0  0  0 ]  [ 0  0  0  0  0  0  0  0  0  0 ]  [ 0  0  0  0  0  0  0  0  0  0 ]  [ 0  0  0  0  0  0  0  0  0  0 ]  [ 0  0  0  0  0  0  0  0  0  0 ]  [ 0  0  0  0  0  0  0  0  0  0 ]  [ 0  0  0  0  0  0  0  0  0  0 ]  [ 0  0  0  0  0  0  0  0  0  0 ]  [ 0  0  0  0  0  0  0  0  0  0 ]  [ 0  0  0  0  0  0  0  0  0  0 ]  [ 0  0  0  0  0  0  0  0  0  0 ]  [ 0  0  0  0  0  0  0  0  0  0 ]  [ 0  0  0  0  0  0  0  0  0  0 ]  [ 0  0  0  0  0  0  0  0  0  0 ]  [ 0  0  0  0  0  0  0  0  0  0 ]  [ 0  0  0  0  0  0  0  0  0  0 ]  [ 0  0  0  0  0  0  0  0  0  0 ]  [ 0  0  0  0  0  0  0  0  0  0 ]  [ 0  0  0  0  0  0  0  0  0  0 ]  [ 0  0  0  0  0  0  0  0  0  0 ]  [ 0  0  0  0  0  0  0  0  0  0 ]  [ 0  0  0  0  0  0  0  0  0  0 ]  [ 0  0  0  0  0  0  0  0  0  0 ]  [ 0  0  0  0  0  0  0  0  0  0 ]  [ 0  0  0  0  0  0  0  0  0  0 ]  [ 0  0  0  0  0  0  0  0  0  0 ]  [ 0  0  0  0  0  0  0  0  0  0 ]  [ 0  0  0  0  0  0  0  0  0  0 ]  [ 0  0  0  0  0  0  0  0  0  0 ]  [ 0  0  0  0  0  0  0  0  0  0 ]  [ 0  0  0  0  0  0  0  0  0  0 ]  [ 0  0  0  0  0  0  0  0  0  0 ]  [ 0  0  0  0  0  0  0  0  0  0 ]  [ 0  0  0  0  0  0  0  0  0  0 ]  [ 0  0  0  0  0  0  0  0  0  0 ]  [ 0  0  0  0  0  0  0  0  0  0 ]  [ 0  0  0  0  0  0  0  0  0  0 ]  [ 0  0  0  0  0  0  0  0  0  0 ]  [ 0  0  0  0  0  0  0  0  0  0 ]  [ 0  0  0  0  0  0  0  0  0  0 ]  [ 0  0  0  0  0  0  0  0  0  0 ]  [ 0  0  0  0  0  0  0  0  0  0 ]  [ 0  0  0  0  0  0  0  0  0  0 ]  [ 0  0  0  0  0  0  0  0  0  0 ]  [ 0  0  0  0  0  0  0  0  0  0 ]  [ 0  0  0  0  0  0  0  0  0  0 ]  [ 0  0  0  0  0  0  0  0  0  0 ]  [ 0  0  0  0  0  0  0  0  0  0 ]  [ 0  0  0  0  0  0  0  0  0  0 ]  [ 0  0  0  0  0  0  0  0  0  0 ]  [ 0  0  0  0  0  0  0  0  0  0 ]  [ 0  0  0  0  0  0  0  0  0  0 ]  [ 0  0  0  0  0  0  0  0  0  0 ]  [ 0  0  0  0  0  0  0  0  0  0 ]  [ 0  0  0  0  0  0  0  0  0  0 ]  [ 0  0  0  0  0  0  0  0  0  0 ]  [ 0  0  0  0  0  0  0  0  0  0 ]  [ 0  0  0  0  0  0  0  0  0  0 ]  [ 0  0  0  0  0  0  0  0  0  0 ]  [ 0  0  0  0  0  0  0  0  0  0 ]  [ 0  0  0  0  0  0  0  0  0  0 ]  [ 0  0  0  0  0  0  0  0  0  0 ]  [ 0  0  0  0  0  0  0  0  0  0 ]  [ 0  0  0  0  0  0  0  0  0  0 ]  [ 0  0  0  0  0  0  0  0  0  0 ]  [ 0  0  0  0  0  0  0  0  0  0 ]  [ 0  0  0  0  0  0  0  0  0  0 ]  [ 0  0  0  0  0  0  0  0  0  0 ]  [ 0  0  0  0  0  0  0  0  0  0 ]  [ 0  0  0  0  0  0  0  0  0  0 ]  [ 0  0  0  0  0  0  0  0  0  0 ]  [ 0  0  0  0  0  0  0  0  0  0 ]  [ 0  0  0  0  0  0  0  0  0  0 ]  [ 0  0  0  0  0  0  0  0  0  0 ]  [ 0  0  0  0  0  0  0  0  0  0 ]  [ 0  0  0  0  0  0  0  0  0  0 ]  [ 0  0  0  0  0  0  0  0  0  0 ]  [ 0  0  0  0  0  0  0  0  0  0 ]  [ 0  0  0  0  0  0  0  0  0  0 ]  [ 0  0  0  0  0  0  0  0  0  0 ]  [ 0  0  0  0  0  0  0  0  0  0 ]  [ 0  0  0  0  0  0  0  0  0  0 ]  [ 0  0  0  0  0  0  0  0  0  0 ]  [ 0  0  0  0  0  0  0  0  0  0 ]  [ 0  0  0  0  0  0  0  0  0  0 ]  [ 0  0  0  0  0  0  0  0  0  0 ]  [ 0  0  0  0  0  0  0  0  0  0 ]  [ 0  0  0  0  0  0  0  0  0  0 ]  [ 0  0  0  0  0  0  0  0  0  0 ]  [ 0  0  0  0  0  0  0  0  0  0 ]  [ 0  0  0  0  0  0  0  0  0  0 ]  [ 0  0  0  0  0  0  0  0  0  0 ]  [ 0  0  0  0  0  0  0  0  0  0 ]  [ 0  0  0  0  0  0  0  0  0  0 ]  [ 0  0  0  0  0  0  0  0  0  0 ]  [ 0  0  0  0  0  0  0  0  0  0 ]  [ 0  0  0  0  0  0  0  0  0  0 ]  [ 0  0  0  0  0  0  0  0  0  0 ]  [ 0  0  0  0  0  0  0  0  0  0 ]  [ 0  0  0  0  0  0  0  0  0  0 ]  [ 0  0  0  0  0  0  0  0  0  0 ]  [ 0  0  0  0  0  0  0  0  0  0 ]  [ 0  0  0  0  0  0  0  0  0  0 ]  [ 0  0  0  0  0  0  0  0  0  0 ]  [ 0  0  0  0  0  0  0  0  0  0 ]  [ 0  0  0  0  0  0  0  0  0  0 ]  [ 0  0  0  0  0  0  0  0  0  0 ]  [ 0  0  0  0  0  0  0  0  0  0 ]  [ 0  0  0  0  0  0  0  0  0  0 ]  [ 0  0  0  0  0  0  0  0  0  0 ]  [ 0  0  0  0  0  0  0  0  0  0 ]  [ 0  0  0  0  0  0  0  0  0  0 ]  [ 0  0  0  0  0  0  0  0  0  0 ]  [ 0  0  0  0  0  0  0  0  0  0 ]  [ 0  0  0  0  0  0  0  0  0  0 ]  [ 0  0  0  0  0  0  0  0  0  0 ]  [ 0  0  0  0  0  0  0  0  0  0 ]  [ 0  0  0  0  0  0  0  0  0  0 ]  [ 0  0  0  0  0  0  0  0  0  0 ]  [ 0  0  0  0  0  0  0  0  0  0 ]  [ 0  0  0  0  0  0  0  0  0  0 ]  [ 0  0  0  0  0  0  0  0  0  0 ]  [ 0  0  0  0  0  0  0  0  0  0 ]  [ 0  0  0  0  0  0  0  0  0  0 ]  [ 0  0  0  0  0  0  0  0  0  0 ]  [ 0  0  0  0  0  0  0  0  0  0 ]  [ 0  0  0  0  0  0  0  0  0  0 ]  [ 0  0  0  0  0  0  0  0  0  0 ]  [ 0  0  0  0  0  0  0  0  0  0 ]  [ 0  0  0  0  0  0  0  0  0  0 ]  [ 0  0  0  0  0  0  0  0  0  0 ]  [ 0  0  0  0  0  0  0  0  0  0 ]  [ 0  0  0  0  0  0  0  0  0  0 ]  [ 0  0  0  0  0  0  0  0  0  0 ]  [ 0  0  0  0  0  0  0  0  0  0 ]  [ 0  0  0  0  0  0  0  0  0  0 ]  [ 0  0  0  0  0  0  0  0  0  0 ]  [ 0  0  0  0  0  0  0  0  0  0 ]  [ 0  0  0  0  0  0  0  0  0  0 ]  [ 0  0  0  0  0  0  0  0  0  0 ]  [ 0  0  0  0  0  0  0  0  0  0 ]  [ 0  0  0  0  0  0  0  0  0  0 ]  [ 0  0  0  0  0  0  0  0  0  0 ]  [ 0  0  0  0  0  0  0  0  0  0 ]  [ 0  0  0  0  0  0  0  0  0  0 ]  [ 0  0  0  0  0  0  0  0  0  0 ]  [ 0  0  0  0  0  0  0  0  0  0 ]  [ 0  0  0  0  0  0  0  0  0  0 ]  [ 0  0  0  0  0  0  0  0  0  0 ]  [ 0  0  0  0  0  0  0  0  0  0 ]  [ 0  0  0  0  0  0  0  0  0  0 ]  [ 0  0  0  0  0  0  0  0  0  0 ]  [ 0  0  0  0  0  0  0  0  0  0 ]  [ 0  0  0  0  0  0  0  0  0  0 ]  [ 0  0  0  0  0  0  0  0  0  0 ]  [ 0  0  0  0  0  0  0  0  0  0 ]  [ 0  0  0  0  0  0  0  0  0  0 ]  [ 0  0  0  0  0  0  0  0  0  0 ]  [ 0  0  0  0  0  0  0  0  0  0 ]  [ 0  0  0  0  0  0  0  0  0  0 ]  [ 0  0  0  0  0  0  0  0  0  0 ]  [ 0  0  0  0  0  0  0  0  0  0 ]  [ 0  0  0  0  0  0  0  0  0  0 ]  [ 0  0  0  0  0  0  0  0  0  0 ]  [ 0  0  0  0  0  0  0  0  0  0 ]  [ 0  0  0  0  0  0  0  0  0  0 ]  [ 0  0  0  0  0  0  0  0  0  0 ]  [ 0  0  0  0  0  0  0  0  0  0 ]  [ 0  0  0  0  0  0  0  0  0  0 ]  [ 0  0  0  0  0  0  0  0  0  0 ]  [ 0  0  0  0  0  0  0  0  0  0 ]  [ 0  0  0  0  0  0  0  0  0  0 ]  [ 0  0  0  0  0  0  0  0  0  0 ]  [ 0  0  0  0  0  0  0  0  0  0 ]  [ 0  0  0  0  0  0  0  0  0  0 ]  [ 0  0  0  0  0  0  0  0  0  0 ]  [ 0  0  0  0  0  0  0  0  0  0 ]  [ 0  0  0  0  0  0  0  0  0  0 ]  [ 0  0  0  0  0  0  0  0  0  0 ]  [ 0  0  0  0  0  0  0  0  0  0 ]  [ 0  0  0  0  0  0  0  0  0  0 ]  [ 0  0  0  0  0  0  0  0  0  0 ]  [ 0  0  0  0  0  0  0  0  0  0 ]  [ 0  0  0  0  0  0  0  0  0  0 ]  [ 0  0  0  0  0  0  0  0  0  0 ]  [ 0  0  0  0  0  0  0  0  0  0 ]  [ 0  0  0  0  0  0  0  0  0  0 ]  [ 0  0  0  0  0  0  0  0  0  0 ]  [ 0  0  0  0  0  0  0  0  0  0 ]  [ 0  0  0  0  0  0  0  0  0  0 ]  [ 0  0  0  0  0  0  0  0  0  0 ]  [ 0  0  0  0  0  0  0  0  0  0 ]  [ 0  0  0  0  0  0  0  0  0  0 ]  [ 0  0  0  0  0  0  0  0  0  0 ]  [ 0  0  0  0  0  0  0  0  0  0 ]  [ 0  0  0  0  0  0  0  0  0  0 ]  [ 0  0  0  0  0  0  0  0  0  0 ]  [ 0  0  0  0  0  0  0  0  0  0 ]  [ 0  0  0  0  0  0  0  0  0  0 ]  [ 0  0  0  0  0  0  0  0  0  0 ]  [ 0  0  0  0  0  0  0  0  0  0 ]  [ 0  0  0  0  0  0  0  0  0  0 ]  [ 0  0  0  0  0  0  0  0  0  0 ]  [ 0  0  0  0  0  0  0  0  0  0 ]  [ 0  0  0  0  0  0  0  0  0  0 ]  [ 0  0  0  0  0  0  0  0  0  0 ]  [ 0  0  0  0  0  0  0  0  0  0 ]  [ 0  0  0  0  0  0  0  0  0  0 ]  [ 0  0  0  0  0  0  0  0  0  0 ]  [ 0  0  0  0  0  0  0  0  0  0 ]  [ 0  0  0  0  0  0  0  0  0  0 ]  [ 0  0  0  0  0  0  0  0  0  0 ]  [ 0  0  0  0  0  0  0  0  0  0 ]  [ 0  0  0  0  0  0  0  0  0  0 ]  [ 0  0  0  0  0  0  0  0  0  0 ]  [ 0  0  0  0  0  0  0  0  0  0 ]  [ 0  0  0  0  0  0  0  0  0  0 ]  [ 0  0  0  0  0  0  0  0  0  0 ]  [ 0  0  0  0  0  0  0  0  0  0 ]  [ 0  0  0  0  0  0  0  0  0  0 ]  [ 0  0  0  0  0  0  0  0  0  0 ]  [ 0  0  0  0  0  0  0  0  0  0 ]  [ 0  0  0  0  0  0  0  0  0  0 ]  [ 0  0  0  0  0  0  0  0  0  0 ]  [ 0  0  0  0  0  0  0  0  0  0 ]  [ 0  0  0  0  0  0  0  0  0  0 ]  [ 0  0  0  0  0  0  0  0  0  0 ]  [ 0  0  0  0  0  0  0  0  0  0 ]  [ 0  0  0  0  0  0  0  0  0  0 ]  [ 0  0  0  0  0  0  0  0  0  0 ]  [ 0  0  0  0  0  0  0  0  0  0 ]  [ 0  0  0  0  0  0  0  0  0  0 ]  [ 0  0  0  0  0  0  0  0  0  0 ]  [ 0  0  0  0  0  0  0  0  0  0 ]  [ 0  0  0  0  0  0  0  0  0  0 ]  [ 0  0  0  0  0  0  0  0  0  0 ]  [ 0  0  0  0  0  0  0  0  0  0 ]  [ 0  0  0  0  0  0  0  0  0  0 ]  [ 0  0  0  0  0  0  0  0  0  0 ]  [ 0  0  0  0  0  0  0  0  0  0 ]  [ 0  0  0  0  0  0  0  0  0  0 ]  [ 0  0  0  0  0  0  0  0  0  0 ]  [ 0  0  0  0  0  0  0  0  0  0 ]  [ 0  0  0  0  0  0  0  0  0  0 ]  [ 0  0  0  0  0  0  0  0  0  0 ]  [ 0  0  0  0  0  0  0  0  0  0 ]  [ 0  0  0  0  0  0  0  0  0  0 ]  [ 0  0  0  0  0  0  0  0  0  0 ]  [ 0  0  0  0  0  0  0  0  0  0 ]  [ 0  0  0  0  0  0  0  0  0  0 ]  [ 0  0  0  0  0  0  0  0  0  0 ]  [ 0  0  0  0  0  0  0  0  0  0 ]  [ 0  0  0  0  0  0  0  0  0  0 ]  [ 0  0  0  0  0  0  0  0  0  0 ]  [ 0  0  0  0  0  0  0  0  0  0 ]  [ 0  0  0  0  0  0  0  0  0  0 ]  [ 0  0  0  0  0  0  0  0  0  0 ]  [ 0  0  0  0  0  0  0  0  0  0 ]  [ 0  0  0  0  0  0  0  0  0  0 ]  [ 0  0  0  0  0  0  0  0  0  0 ]  [ 0  0  0  0  0  0  0  0  0  0 ]  [ 0  0  0  0  0  0  0  0  0  0 ]  [ 0  0  0  0  0  0  0  0  0  0 ]  [ 0  0  0  0  0  0  0  0  0  0 ]  [ 0  0  0  0  0  0  0  0  0  0 ]  [ 0  0  0  0  0  0  0  0  0  0 ]  [ 0  0  0  0  0  0  0  0  0  0 ]  [ 0  0  0  0  0  0  0  0  0  0 ]  [ 0  0  0  0  0  0  0  0  0  0 ]  [ 0  0  0  0  0  0  0  0  0  0 ]  [ 0  0  0  0  0  0  0  0  0  0 ]  [ 0  0  0  0  0  0  0  0  0  0 ]  [ 0  0  0  0  0  0  0  0  0  0 ]  [ 0  0  0  0  0  0  0  0  0  0 ]  [ 0  0  0  0  0  0  0  0  0  0 ]  [ 0  0  0  0  0  0  0  0  0  0 ]  [ 0  0  0  0  0  0  0  0  0  0 ]  [ 0  0  0  0  0  0  0  0  0  0 ]  [ 0  0  0  0  0  0  0  0  0  0 ]  [ 0  0  0  0  0  0  0  0  0  0 ]  [ 0  0  0  0  0  0  0  0  0  0 ]  [ 0  0  0  0  0  0  0  0  0  0 ]  [ 0  0  0  0  0  0  0  0  0  0 ]  [ 0  0  0  0  0  0  0  0  0  0 ]  [ 0  0  0  0  0  0  0  0  0  0 ]  [ 0  0  0  0  0  0  0  0  0  0 ]  [ 0  0  0  0  0  0  0  0  0  0 ]  [ 0  0  0  0  0  0  0  0  0  0 ]  [ 0  0  0  0  0  0  0  0  0  0 ]  [ 0  0  0  0  0  0  0  0  0  0 ]  [ 0  0  0  0  0  0  0  0  0  0 ]  [ 0  0  0  0  0  0  0  0  0  0 ]  [ 0  0  0  0  0  0  0  0  0  0 ]  [ 0  0  0  0  0  0  0  0  0  0 ]  [ 0  0  0  0  0  0  0  0  0  0 ]  [ 0  0  0  0  0  0  0  0  0  0 ]  [ 0  0  0  0  0  0  0  0  0  0 ]  [ 0  0  0  0  0  0  0  0  0  0 ]  [ 0  0  0  0  0  0  0  0  0  0 ]  [ 0  0  0  0  0  0  0  0  0  0 ]  [ 0  0  0  0  0  0  0  0  0  0 ]  [ 0  0  0  0  0  0  0  0  0  0 ]  [ 0  0  0  0  0  0  0  0  0  0 ]  [ 0  0  0  0  0  0  0  0  0  0 ]  [ 0  0  0  0  0  0  0  0  0  0 ]  [ 0  0  0  0  0  0  0  0  0  0 ]  [ 0  0  0  0  0  0  0  0  0  0 ]  [ 0  0  0  0  0  0  0  0  0  0 ]  [ 0  0  0  0  0  0  0  0  0  0 ]  [ 0  0  0  0  0  0  0  0  0  0 ]  [ 0  0  0  0  0  0  0  0  0  0 ]  [ 0  0  0  0  0  0  0  0  0  0 ]  [ 0  0  0  0  0  0  0  0  0  0 ]  [ 0  0  0  0  0  0  0  0  0  0 ]  [ 0  0  0  0  0  0  0  0  0  0 ]  [ 0  0  0  0  0  0  0  0  0  0 ]  [ 0  0  0  0  0  0  0  0  0  0 ]  [ 0  0  0  0  0  0  0  0  0  0 ]  [ 0  0  0  0  0  0  0  0  0  0 ]  [ 0  0  0  0  0  0  0  0  0  0 ]  [ 0  0  0  0  0  0  0  0  0  0 ]  [ 0  0  0  0  0  0  0  0  0  0 ]  [ 0  0  0  0  0  0  0  0  0  0 ]  [ 0  0  0  0  0  0  0  0  0  0 ]  [ 0  0  0  0  0  0  0  0  0  0 ]  [ 0  0  0  0  0  0  0  0  0  0 ]  [ 0  0  0  0  0  0  0  0  0  0 ]  [ 0  0  0  0  0  0  0  0  0  0 ]  [ 0  0  0  0  0  0  0  0  0  0 ]  [ 0  0  0  0  0  0  0  0  0  0 ]  [ 0  0  0  0  0  0  0  0  0  0 ]  [ 0  0  0  0  0  0  0  0  0  0 ]  [ 0  0  0  0  0  0  0  0  0  0 ]  [ 0  0  0  0  0  0  0  0  0  0 ]  [ 0  0  0  0  0  0  0  0  0  0 ]  [ 0  0  0  0  0  0  0  0  0  0 ]  [ 0  0  0  0  0  0  0  0  0  0 ]  [ 0  0  0  0  0  0  0  0  0  0 ]  [ 0  0  0  0  0  0  0  0  0  0 ]  [ 0  0  0  0  0  0  0  0  0  0 ]  [ 0  0  0  0  0  0  0  0  0  0 ]  [ 0  0  0  0  0  0  0  0  0  0 ]  [ 0  0  0  0  0  0  0  0  0  0 ]  [ 0  0  0  0  0  0  0  0  0  0 ]  [ 0  0  0  0  0  0  0  0  0  0 ]  [ 0  0  0  0  0  0  0  0  0  0 ]  [ 0  0  0  0  0  0  0  0  0  0 ]  [ 0  0  0  0  0  0  0  0  0  0 ]  [ 0  0  0  0  0  0  0  0  0  0 ]  [ 0  0  0  0  0  0  0  0  0  0 ]  [ 0  0  0  0  0  0  0  0  0  0 ]  [ 0  0  0  0  0  0  0  0  0  0 ]  [ 0  0  0  0  0  0  0  0  0  0 ]  [ 0  0  0  0  0  0  0  0  0  0 ]  [ 0  0  0  0  0  0  0  0  0  0 ]  [ 0  0  0  0  0  0  0  0  0  0 ]  [ 0  0  0  0  0  0  0  0  0  0 ]  [ 0  0  0  0  0  0  0  0  0  0 ]  [ 0  0  0  0  0  0  0  0  0  0 ]  [ 0  0  0  0  0  0  0  0  0  0 ]  [ 0  0  0  0  0  0  0  0  0  0 ]  [ 0  0  0  0  0  0  0  0  0  0 ]  [ 0  0  0  0  0  0  0  0  0  0 ]  [ 0  0  0  0  0  0  0  0  0  0 ]  [ 0  0  0  0  0  0  0  0  0  0 ]  [ 0  0  0  0  0  0  0  0  0  0 ]  [ 0  0  0  0  0  0  0  0  0  0 ]  [ 0  0  0  0  0  0  0  0  0  0 ]  [ 0  0  0  0  0  0  0  0  0  0 ]  [ 0  0  0  0  0  0  0  0  0  0 ]  [ 0  0  0  0  0  0  0  0  0  0 ]  [ 0  0  0  0  0  0  0  0  0  0 ]  [ 0  0  0  0  0  0  0  0  0  0 ]  [ 0  0  0  0  0  0  0  0  0  0 ]  [ 0  0  0  0  0  0  0  0  0  0 ]  [ 0  0  0  0  0  0  0  0  0  0 ]  [ 0  0  0  0  0  0  0  0  0  0 ]  [ 0  0  0  0  0  0  0  0  0  0 ]  [ 0  0  0  0  0  0  0  0  0  0 ]  [ 0  0  0  0  0  0  0  0  0  0 ]  [ 0  0  0  0  0  0  0  0  0  0 ]  [ 0  0  0  0  0  0  0  0  0  0 ]  [ 0  0  0  0  0  0  0  0  0  0 ]  [ 0  0  0  0  0  0  0  0  0  0 ]  [ 0  0  0  0  0  0  0  0  0  0 ]  [ 0  0  0  0  0  0  0  0  0  0 ]  [ 0  0  0  0  0  0  0  0  0  0 ]  [ 0  0  0  0  0  0  0  0  0  0 ]  [ 0  0  0  0  0  0  0  0  0  0 ]  [ 0  0  0  0  0  0  0  0  0  0 ]  [ 0  0  0  0  0  0  0  0  0  0 ]  [ 0  0  0  0  0  0  0  0  0  0 ]  [ 0  0  0  0  0  0  0  0  0  0 ]  [ 0  0  0  0  0  0  0  0  0  0 ]  [ 0  0  0  0  0  0  0  0  0  0 ]  [ 0  0  0  0  0  0  0  0  0  0 ]  [ 0  0  0  0  0  0  0  0  0  0 ]  [ 0  0  0  0  0  0  0  0  0  0 ]  [ 0  0  0  0  0  0  0  0  0  0 ]  [ 0  0  0  0  0  0  0  0  0  0 ]  [ 0  0  0  0  0  0  0  0  0  0 ]  [ 0  0  0  0  0  0  0  0  0  0 ]  [ 0  0  0  0  0  0  0  0  0  0 ]  [ 0  0  0  0  0  0  0  0  0  0 ]  [ 0  0  0  0  0  0  0  0  0  0 ]  [ 0  0  0  0  0  0  0  0  0  0 ]  [ 0  0  0  0  0  0  0  0  0  0 ]  [ 0  0  0  0  0  0  0  0  0  0 ]  [ 0  0  0  0  0  0  0  0  0  0 ]  [ 0  0  0  0  0  0  0  0  0  0 ]  [ 0  0  0  0  0  0  0  0  0  0 ]  [ 0  0  0  0  0  0  0  0  0  0 ]  [ 0  0  0  0  0  0  0  0  0  0 ]  [ 0  0  0  0  0  0  0  0  0  0 ]  [ 0  0  0  0  0  0  0  0  0  0 ]  [ 0  0  0  0  0  0  0  0  0  0 ]  [ 0  0  0  0  0  0  0  0  0  0 ]  [ 0  0  0  0  0  0  0  0  0  0 ]  [ 0  0  0  0  0  0  0  0  0  0 ]  [ 0  0  0  0  0  0  0  0  0  0 ]  [ 0  0  0  0  0  0  0  0  0  0 ]  [ 0  0  0  0  0  0  0  0  0  0 ]  [ 0  0  0  0  0  0  0  0  0  0 ]  [ 0  0  0  0  0  0  0  0  0  0 ]  [ 0  0  0  0  0  0  0  0  0  0 ]  [ 0  0  0  0  0  0  0  0  0  0 ]  [ 0  0  0  0  0  0  0  0  0  0 ]  [ 0  0  0  0  0  0  0  0  0  0 ]  [ 0  0  0  0  0  0  0  0  0  0 ]  [ 0  0  0  0  0  0  0  0  0  0 ]  [ 0  0  0  0  0  0  0  0  0  0 ]  [ 0  0  0  0  0  0  0  0  0  0 ]  [ 0  0  0  0  0  0  0  0  0  0 ]  [ 0  0  0  0  0  0  0  0  0  0 ]  [ 0  0  0  0  0  0  0  0  0  0 ]  [ 0  0  0  0  0  0  0  0  0  0 ]  [ 0  0  0  0  0  0  0  0  0  0 ]  [ 0  0  0  0  0  0  0  0  0  0 ]  [ 0  0  0  0  0  0  0  0  0  0 ]  [ 0  0  0  0  0  0  0  0  0  0 ]  [ 0  0  0  0  0  0  0  0  0  0 ]  [ 0  0  0  0  0  0  0  0  0  0 ]  [ 0  0  0  0  0  0  0  0  0  0 ]  [ 0  0  0  0  0  0  0  0  0  0 ]  [ 0  0  0  0  0  0  0  0  0  0 ]  [ 0  0  0  0  0  0  0  0  0  0 ]  [ 0  0  0  0  0  0  0  0  0  0 ]  [ 0  0  0  0  0  0  0  0  0  0 ]  [ 0  0  0  0  0  0  0  0  0  0 ]  [ 0  0  0  0  0  0  0  0  0  0 ]  [ 0  0  0  0  0  0  0  0  0  0 ]  [ 0  0  0  0  0  0  0  0  0  0 ]  [ 0  0  0  0  0  0  0  0  0  0 ]  [ 0  0  0  0  0  0  0  0  0  0 ]  [ 0  0  0  0  0  0  0  0  0  0 ]  [ 0  0  0  0  0  0  0  0  0  0 ]  [ 0  0  0  0  0  0  0  0  0  0 ]  [ 0  0  0  0  0  0  0  0  0  0 ]  [ 0  0  0  0  0  0  0  0  0  0 ]  [ 0  0  0  0  0  0  0  0  0  0 ]  [ 0  0  0  0  0  0  0  0  0  0 ]  [ 0  0  0  0  0  0  0  0  0  0 ]  [ 0  0  0  0  0  0  0  0  0  0 ]  [ 0  0  0  0  0  0  0  0  0  0 ]  [ 0  0  0  0  0  0  0  0  0  0 ]  [ 0  0  0  0  0  0  0  0  0  0 ]  [ 0  0  0  0  0  0  0  0  0  0 ]  [ 0  0  0  0  0  0  0  0  0  0 ]  [ 0  0  0  0  0  0  0  0  0  0 ]  [ 0  0  0  0  0  0  0  0  0  0 ]  [ 0  0  0  0  0  0  0  0  0  0 ]  [ 0  0  0  0  0  0  0  0  0  0 ]  [ 0  0  0  0  0  0  0  0  0  0 ]  [ 0  0  0  0  0  0  0  0  0  0 ]  [ 0  0  0  0  0  0  0  0  0  0 ]  [ 0  0  0  0  0  0  0  0  0  0 ]  [ 0  0  0  0  0  0  0  0  0  0 ]  [ 0  0  0  0  0  0  0  0  0  0 ]  [ 0  0  0  0  0  0  0  0  0  0 ]  [ 0  0  0  0  0  0  0  0  0  0 ]  [ 0  0  0  0  0  0  0  0  0  0 ]  [ 0  0  0  0  0  0  0  0  0  0 ]  [ 0  0  0  0  0  0  0  0  0  0 ]  [ 0  0  0  0  0  0  0  0  0  0 ]  [ 0  0  0  0  0  0  0  0  0  0 ]  [ 0  0  0  0  0  0  0  0  0  0 ]  [ 0  0  0  0  0  0  0  0  0  0 ]  [ 0  0  0  0  0  0  0  0  0  0 ]  [ 0  0  0  0  0  0  0  0  0  0 ]  [ 0  0  0  0  0  0  0  0  0  0 ]  [ 0  0  0  0  0  0  0  0  0  0 ]  [ 0  0  0  0  0  0  0  0  0  0 ]  [ 0  0  0  0  0  0  0  0  0  0 ]  [ 0  0  0  0  0  0  0  0  0  0 ]  [ 0  0  0  0  0  0  0  0  0  0 ]  [ 0  0  0  0  0  0  0  0  0  0 ]  [ 0  0  0  0  0  0  0  0  0  0 ]  [ 0  0  0  0  0  0  0  0  0  0 ]  [ 0  0  0  0  0  0  0  0  0  0 ]  [ 0  0  0  0  0  0  0  0  0  0 ]  [ 0  0  0  0  0  0  0  0  0  0 ]  [ 0  0  0  0  0  0  0  0  0  0 ]  [ 0  0  0  0  0  0  0  0  0  0 ]  [ 0  0  0  0  0  0  0  0  0  0 ]  [ 0  0  0  0  0  0  0  0  0  0 ]  [ 0  0  0  0  0  0  0  0  0  0 ]  [ 0  0  0  0  0  0  0  0  0  0 ]  [ 0  0  0  0  0  0  0  0  0  0 ]  [ 0  0  0  0  0  0  0  0  0  0 ]  [ 0  0  0  0  0  0  0  0  0  0 ]  [ 0  0  0  0  0  0  0  0  0  0 ]  [ 0  0  0  0  0  0  0  0  0  0 ]  [ 0  0  0  0  0  0  0  0  0  0 ]  [ 0  0  0  0  0  0  0  0  0  0 ]  [ 0  0  0  0  0  0  0  0  0  0 ]  [ 0  0  0  0  0  0  0  0  0  0 ]  [ 0  0  0  0  0  0  0  0  0  0 ]  [ 0  0  0  0  0  0  0  0  0  0 ]  [ 0  0  0  0  0  0  0  0  0  0 ]  [ 0  0  0  0  0  0  0  0  0  0 ]  [ 0  0  0  0  0  0  0  0  0  0 ]  [ 0  0  0  0  0  0  0  0  0  0 ]  [ 0  0  0  0  0  0  0  0  0  0 ]  [ 0  0  0  0  0  0  0  0  0  0 ]  [ 0  0  0  0  0  0  0  0  0  0 ]  [ 0  0  0  0  0  0  0  0  0  0 ]  [ 0  0  0  0  0  0  0  0  0  0 ]  [ 0  0  0  0  0  0  0  0  0  0 ]  [ 0  0  0  0  0  0  0  0  0  0 ]  [ 0  0  0  0  0  0  0  0  0  0 ]  [ 0  0  0  0  0  0  0  0  0  0 ]  [ 0  0  0  0  0  0  0  0  0  0 ]  [ 0  0  0  0  0  0  0  0  0  0 ]  [ 0  0  0  0  0  0  0  0  0  0 ]  [ 0  0  0  0  0  0  0  0  0  0 ]  [ 0  0  0  0  0  0  0  0  0  0 ]  [ 0  0  0  0  0  0  0  0  0  0 ]  [ 0  0  0  0  0  0  0  0  0  0 ]  [ 0  0  0  0  0  0  0  0  0  0 ]  [ 0  0  0  0  0  0  0  0  0  0 ]  [ 0  0  0  0  0  0  0  0  0  0 ]  [ 0  0  0  0  0  0  0  0  0  0 ]  [ 0  0  0  0  0  0  0  0  0  0 ]  [ 0  0  0  0  0  0  0  0  0  0 ]  [ 0  0  0  0  0  0  0  0  0  0 ]  [ 0  0  0  0  0  0  0  0  0  0 ]  [ 0  0  0  0  0  0  0  0  0  0 ]  [ 0  0  0  0  0  0  0  0  0  0 ]  [ 0  0  0  0  0  0  0  0  0  0 ]  [ 0  0  0  0  0  0  0  0  0  0 ]  [ 0  0  0  0  0  0  0  0  0  0 ]  [ 0  0  0  0  0  0  0  0  0  0 ]  [ 0  0  0  0  0  0  0  0  0  0 ]  [ 0  0  0  0  0  0  0  0  0  0 ]  [ 0  0  0  0  0  0  0  0  0  0 ]  [ 0  0  0  0  0  0  0  0  0  0 ]  [ 0  0  0  0  0  0  0  0  0  0 ]  [ 0  0  0  0  0  0  0  0  0  0 ]  [ 0  0  0  0  0  0  0  0  0  0 ]  [ 0  0  0  0  0  0  0  0  0  0 ]  [ 0  0  0  0  0  0  0  0  0  0 ]  [ 0  0  0  0  0  0  0  0  0  0 ]  [ 0  0  0  0  0  0  0  0  0  0 ]  [ 0  0  0  0  0  0  0  0  0  0 ]  [ 0  0  0  0  0  0  0  0  0  0 ]  [ 0  0  0  0  0  0  0  0  0  0 ]  [ 0  0  0  0  0  0  0  0  0  0 ]  [ 0  0  0  0  0  0  0  0  0  0 ]  [ 0  0  0  0  0  0  0  0  0  0 ]  [ 0  0  0  0  0  0  0  0  0  0 ]  [ 0  0  0  0  0  0  0  0  0  0 ]  [ 0  0  0  0  0  0  0  0  0  0 ]  [ 0  0  0  0  0  0  0  0  0  0 ]  [ 0  0  0  0  0  0  0  0  0  0 ]  [ 0  0  0  0  0  0  0  0  0  0 ]  [ 0  0  0  0  0  0  0  0  0  0 ]  [ 0  0  0  0  0  0  0  0  0  0 ]  [ 0  0  0  0  0  0  0  0  0  0 ]  [ 0  0  0  0  0  0  0  0  0  0 ]  [ 0  0  0  0  0  0  0  0  0  0 ]  [ 0  0  0  0  0  0  0  0  0  0 ]  [ 0  0  0  0  0  0  0  0  0  0 ]  [ 0  0  0  0  0  0  0  0  0  0 ]  [ 0  0  0  0  0  0  0  0  0  0 ]  [ 0  0  0  0  0  0  0  0  0  0 ]  [ 0  0  0  0  0  0  0  0  0  0 ]  [ 0  0  0  0  0  0  0  0  0  0 ]  [ 0  0  0  0  0  0  0  0  0  0 ]  [ 0  0  0  0  0  0  0  0  0  0 ]  [ 0  0  0  0  0  0  0  0  0  0 ]  [ 0  0  0  0  0  0  0  0  0  0 ]  [ 0  0  0  0  0  0  0  0  0  0 ]  [ 0  0  0  0  0  0  0  0  0  0 ]  [ 0  0  0  0  0  0  0  0  0  0 ]  [ 0  0  0  0  0  0  0  0  0  0 ]  [ 0  0  0  0  0  0  0  0  0  0 ]  [ 0  0  0  0  0  0  0  0  0  0 ]  [ 0  0  0  0  0  0  0  0  0  0 ]  [ 0  0  0  0  0  0  0  0  0  0 ]  [ 0  0  0  0  0  0  0  0  0  0 ]  [ 0  0  0  0  0  0  0  0  0  0 ]  [ 0  0  0  0  0  0  0  0  0  0 ]  [ 0  0  0  0  0  0  0  0  0  0 ]  [ 0  0  0  0  0  0  0  0  0  0 ]  [ 0  0  0  0  0  0  0  0  0  0 ]  [ 0  0  0  0  0  0  0  0  0  0 ]  [ 0  0  0  0  0  0  0  0  0  0 ]  [ 0  0  0  0  0  0  0  0  0  0 ]  [ 0  0  0  0  0  0  0  0  0  0 ]  [ 0  0  0  0  0  0  0  0  0  0 ]  [ 0  0  0  0  0  0  0  0  0  0 ]  [ 0  0  0  0  0  0  0  0  0  0 ]  [ 0  0  0  0  0  0  0  0  0  0 ]  [ 0  0  0  0  0  0  0  0  0  0 ]  [ 0  0  0  0  0  0  0  0  0  0 ]  [ 0  0  0  0  0  0  0  0  0  0 ]  [ 0  0  0  0  0  0  0  0  0  0 ]  [ 0  0  0  0  0  0  0  0  0  0 ]  [ 0  0  0  0  0  0  0  0  0  0 ]  [ 0  0  0  0  0  0  0  0  0  0 ]  [ 0  0  0  0  0  0  0  0  0  0 ]  [ 0  0  0  0  0  0  0  0  0  0 ]  [ 0  0  0  0  0  0  0  0  0  0 ]  [ 0  0  0  0  0  0  0  0  0  0 ]  [ 0  0  0  0  0  0  0  0  0  0 ]  [ 0  0  0  0  0  0  0  0  0  0 ]  [ 0  0  0  0  0  0  0  0  0  0 ]  [ 0  0  0  0  0  0  0  0  0  0 ]  [ 0  0  0  0  0  0  0  0  0  0 ]  [ 0  0  0  0  0  0  0  0  0  0 ]  [ 0  0  0  0  0  0  0  0  0  0 ]  [ 0  0  0  0  0  0  0  0  0  0 ]  [ 0  0  0  0  0  0  0  0  0  0 ]  [ 0  0  0  0  0  0  0  0  0  0 ]  [ 0  0  0  0  0  0  0  0  0  0 ]  [ 0  0  0  0  0  0  0  0  0  0 ]  [ 0  0  0  0  0  0  0  0  0  0 ]  [ 0  0  0  0  0  0  0  0  0  0 ]  [ 0  0  0  0  0  0  0  0  0  0 ]  [ 0  0  0  0  0  0  0  0  0  0 ]  [ 0  0  0  0  0  0  0  0  0  0 ]  [ 0  0  0  0  0  0  0  0  0  0 ]  [ 0  0  0  0  0  0  0  0  0  0 ]  [ 0  0  0  0  0  0  0  0  0  0 ]  [ 0  0  0  0  0  0  0  0  0  0 ]  [ 0  0  0  0  0  0  0  0  0  0 ]  [ 0  0  0  0  0  0  0  0  0  0 ]  [ 0  0  0  0  0  0  0  0  0  0 ]  [ 0  0  0  0  0  0  0  0  0  0 ]  [ 0  0  0  0  0  0  0  0  0  0 ]  [ 0  0  0  0  0  0  0  0  0  0 ]  [ 0  0  0  0  0  0  0  0  0  0 ]  [ 0  0  0  0  0  0  0  0  0  0 ]  [ 0  0  0  0  0  0  0  0  0  0 ]  [ 0  0  0  0  0  0  0  0  0  0 ]  [ 0  0  0  0  0  0  0  0  0  0 ]  [ 0  0  0  0  0  0  0  0  0  0 ]  [ 0  0  0  0  0  0  0  0  0  0 ]  [ 0  0  0  0  0  0  0  0  0  0 ]  [ 0  0  0  0  0  0  0  0  0  0 ]  [ 0  0  0  0  0  0  0  0  0  0 ]  [ 0  0  0  0  0  0  0  0  0  0 ]  [ 0  0  0  0  0  0  0  0  0  0 ]  [ 0  0  0  0  0  0  0  0  0  0 ]  [ 0  0  0  0  0  0  0  0  0  0 ]  [ 0  0  0  0  0  0  0  0  0  0 ]  [ 0  0  0  0  0  0  0  0  0  0 ]  [ 0  0  0  0  0  0  0  0  0  0 ]  [ 0  0  0  0  0  0  0  0  0  0 ]  [ 0  0  0  0  0  0  0  0  0  0 ]  [ 0  0  0  0  0  0  0  0  0  0 ]  [ 0  0  0  0  0  0  0  0  0  0 ]  [ 0  0  0  0  0  0  0  0  0  0 ]  [ 0  0  0  0  0  0  0  0  0  0 ]  [ 0  0  0  0  0  0  0  0  0  0 ]  [ 0  0  0  0  0  0  0  0  0  0 ]  [ 0  0  0  0  0  0  0  0  0  0 ]  [ 0  0  0  0  0  0  0  0  0  0 ]  [ 0  0  0  0  0  0  0  0  0  0 ]  [ 0  0  0  0  0  0  0  0  0  0 ]  [ 0  0  0  0  0  0  0  0  0  0 ]  [ 0  0  0  0  0  0  0  0  0  0 ]  [ 0  0  0  0  0  0  0  0  0  0 ]  [ 0  0  0  0  0  0  0  0  0  0 ]  [ 0  0  0  0  0  0  0  0  0  0 ]  [ 0  0  0  0  0  0  0  0  0  0 ]  [ 0  0  0  0  0  0  0  0  0  0 ]  [ 0  0  0  0  0  0  0  0  0  0 ]  [ 0  0  0  0  0  0  0  0  0  0 ]  [ 0  0  0  0  0  0  0  0  0  0 ]  [ 0  0  0  0  0  0  0  0  0  0 ]  [ 0  0  0  0  0  0  0  0  0  0 ]  [ 0  0  0  0  0  0  0  0  0  0 ]  [ 0  0  0  0  0  0  0  0  0  0 ]  [ 0  0  0  0  0  0  0  0  0  0 ]  [ 0  0  0  0  0  0  0  0  0  0 ]  [ 0  0  0  0  0  0  0  0  0  0 ]  [ 0  0  0  0  0  0  0  0  0  0 ]  [ 0  0  0  0  0  0  0  0  0  0 ]  [ 0  0  0  0  0  0  0  0  0  0 ]  [ 0  0  0  0  0  0  0  0  0  0 ]  [ 0  0  0  0  0  0  0  0  0  0 ]  [ 0  0  0  0  0  0  0  0  0  0 ]  [ 0  0  0  0  0  0  0  0  0  0 ]  [ 0  0  0  0  0  0  0  0  0  0 ]  [ 0  0  0  0  0  0  0  0  0  0 ]  [ 0  0  0  0  0  0  0  0  0  0 ]  [ 0  0  0  0  0  0  0  0  0  0 ]  [ 0  0  0  0  0  0  0  0  0  0 ]  [ 0  0  0  0  0  0  0  0  0  0 ]  [ 0  0  0  0  0  0  0  0  0  0 ]  [ 0  0  0  0  0  0  0  0  0  0 ]  [ 0  0  0  0  0  0  0  0  0  0 ]  [ 0  0  0  0  0  0  0  0  0  0 ]  [ 0  0  0  0  0  0  0  0  0  0 ]  [ 0  0  0  0  0  0  0  0  0  0 ]  [ 0  0  0  0  0  0  0  0  0  0 ] ];

ObjRequests = {  <1,1,112>, <2,1,130>, <3,1,51>, <4,1,36>, <5,1,64>, <6,1,47>, <7,1,15>, <8,1,16>, <9,1,1>, <11,1,5>, <12,1,17>, <13,1,22>, <14,1,56>, <15,1,4>, <16,1,7>, <17,1,5>, <18,1,1>, <19,1,4>, <20,1,20>, <21,1,7>, <22,1,3>, <23,1,3>, <24,1,2>, <25,1,13>, <26,1,9>, <27,1,5>, <28,1,4>, <29,1,6>, <30,1,9>, <31,1,5>, <33,1,4>, <34,1,30>, <35,1,5>, <36,1,3>, <37,1,7>, <39,1,1>, <41,1,3>, <42,1,7>, <43,1,3>, <44,1,1>, <45,1,2>, <46,1,3>, <47,1,6>, <48,1,9>, <49,1,3>, <50,1,1>, <51,1,10>, <52,1,11>, <53,1,9>, <54,1,3>, <55,1,3>, <56,1,13>, <57,1,2>, <58,1,2>, <61,1,8>, <62,1,3>, <63,1,1>, <65,1,3>, <66,1,1>, <67,1,1>, <68,1,4>, <69,1,12>, <70,1,9>, <71,1,5>, <72,1,1>, <73,1,7>, <74,1,3>, <75,1,1>, <76,1,8>, <78,1,13>, <79,1,1>, <80,1,1>, <81,1,17>, <82,1,2>, <83,1,1>, <84,1,5>, <85,1,2>, <86,1,4>, <87,1,1>, <88,1,2>, <89,1,1>, <90,1,2>, <91,1,7>, <92,1,4>, <93,1,2>, <94,1,2>, <96,1,7>, <97,1,2>, <98,1,2>, <100,1,1>, <101,1,1>, <102,1,2>, <103,1,1>, <104,1,2>, <105,1,1>, <106,1,1>, <107,1,2>, <110,1,2>, <111,1,5>, <112,1,2>, <113,1,1>, <116,1,4>, <117,1,2>, <118,1,3>, <119,1,2>, <120,1,4>, <121,1,1>, <122,1,1>, <123,1,1>, <124,1,1>, <125,1,2>, <127,1,1>, <128,1,4>, <130,1,2>, <131,1,1>, <132,1,5>, <133,1,1>, <134,1,1>, <135,1,2>, <136,1,2>, <137,1,1>, <138,1,2>, <140,1,5>, <142,1,2>, <143,1,3>, <145,1,1>, <146,1,2>, <148,1,4>, <150,1,1>, <151,1,1>, <152,1,1>, <154,1,1>, <155,1,2>, <156,1,2>, <157,1,5>, <160,1,1>, <161,1,1>, <162,1,1>, <163,1,1>, <165,1,1>, <166,1,2>, <168,1,2>, <169,1,1>, <170,1,1>, <172,1,1>, <177,1,1>, <179,1,1>, <181,1,4>, <183,1,1>, <184,1,2>, <185,1,2>, <186,1,1>, <194,1,2>, <195,1,1>, <196,1,1>, <197,1,1>, <198,1,1>, <199,1,1>, <201,1,1>, <202,1,3>, <203,1,1>, <205,1,1>, <208,1,1>, <211,1,4>, <212,1,1>, <213,1,1>, <214,1,2>, <216,1,3>, <218,1,1>, <221,1,1>, <222,1,1>, <225,1,1>, <226,1,1>, <228,1,2>, <230,1,2>, <232,1,1>, <234,1,2>, <235,1,1>, <237,1,2>, <238,1,1>, <239,1,1>, <240,1,3>, <241,1,1>, <242,1,1>, <243,1,2>, <244,1,3>, <245,1,3>, <247,1,2>, <248,1,1>, <249,1,1>, <253,1,1>, <254,1,2>, <255,1,1>, <257,1,1>, <259,1,4>, <263,1,1>, <264,1,1>, <265,1,1>, <266,1,1>, <269,1,1>, <272,1,1>, <274,1,1>, <276,1,1>, <278,1,1>, <281,1,1>, <283,1,1>, <284,1,1>, <285,1,2>, <286,1,1>, <287,1,1>, <288,1,1>, <289,1,1>, <290,1,1>, <291,1,1>, <293,1,1>, <295,1,1>, <297,1,1>, <299,1,4>, <300,1,2>, <301,1,1>, <303,1,1>, <305,1,1>, <308,1,1>, <309,1,1>, <312,1,1>, <314,1,1>, <316,1,1>, <318,1,1>, <319,1,1>, <320,1,1>, <323,1,1>, <324,1,1>, <325,1,1>, <326,1,1>, <327,1,1>, <332,1,3>, <333,1,2>, <334,1,1>, <335,1,1>, <336,1,2>, <337,1,2>, <338,1,2>, <339,1,2>, <340,1,1>, <341,1,2>, <344,1,3>, <351,1,1>, <352,1,1>, <353,1,2>, <354,1,3>, <355,1,1>, <357,1,2>, <366,1,1>, <367,1,1>, <368,1,2>, <369,1,1>, <371,1,1>, <379,1,1>, <382,1,1>, <383,1,2>, <384,1,1>, <385,1,1>, <387,1,1>, <390,1,1>, <392,1,1>, <394,1,1>, <396,1,1>, <397,1,1>, <398,1,1>, <403,1,1>, <406,1,1>, <407,1,1>, <408,1,2>, <416,1,1>, <417,1,2>, <420,1,1>, <430,1,1>, <432,1,1>, <435,1,1>, <440,1,1>, <444,1,1>, <447,1,1>, <450,1,1>, <452,1,2>, <453,1,1>, <455,1,1>, <461,1,1>, <469,1,2>, <471,1,1>, <474,1,1>, <478,1,1>, <480,1,1>, <483,1,2>, <488,1,1>, <490,1,1>, <492,1,1>, <493,1,2>, <494,1,1>, <495,1,2>, <499,1,1>, <505,1,1>, <507,1,1>, <508,1,1>, <509,1,1>, <510,1,1>, <511,1,1>, <512,1,1>, <514,1,1>, <515,1,1>, <516,1,1>, <521,1,1>, <525,1,1>, <528,1,1>, <529,1,1>, <531,1,1>, <539,1,1>, <540,1,1>, <551,1,1>, <552,1,2>, <560,1,1>, <563,1,2>, <565,1,1>, <568,1,1>, <570,1,1>, <577,1,1>, <578,1,1>, <586,1,1>, <588,1,1>, <598,1,1>, <602,1,1>, <604,1,1>, <607,1,1>, <608,1,1>, <609,1,1>, <619,1,1>, <624,1,1>, <625,1,1>, <628,1,1>, <635,1,1>, <637,1,1>, <647,1,2>, <650,1,1>, <651,1,2>, <659,1,1>, <673,1,1>, <674,1,1>, <681,1,1>, <687,1,2>, <696,1,1>, <704,1,1>, <711,1,1>, <712,1,1>, <721,1,1>, <724,1,1>, <725,1,1>, <738,1,1>, <744,1,2>, <750,1,1>, <752,1,1>, <757,1,1>, <770,1,1>, <773,1,1>, <777,1,1>, <779,1,1>, <784,1,1>, <789,1,2>, <791,1,1>, <798,1,4>, <799,1,1>, <803,1,1>, <808,1,1>, <823,1,1>, <835,1,1>, <841,1,1>, <860,1,1>, <876,1,1>, <887,1,1>, <903,1,1>, <916,1,1>, <921,1,1>, <924,1,1>, <926,1,1>, <931,1,1>, <936,1,1>, <946,1,1>, <950,1,1>, <951,1,1>, <954,1,1>, <956,1,1>, <962,1,1>, <968,1,1>, <972,1,1>, <1,5,125>, <2,5,8>, <3,5,263>, <4,5,25>, <5,5,5>, <6,5,111>, <7,5,2>, <8,5,95>, <9,5,7>, <10,5,18>, <11,5,4>, <12,5,10>, <13,5,11>, <14,5,50>, <15,5,30>, <16,5,46>, <17,5,2>, <18,5,30>, <19,5,8>, <20,5,17>, <21,5,8>, <22,5,12>, <23,5,2>, <24,5,17>, <25,5,1>, <26,5,4>, <27,5,8>, <28,5,2>, <29,5,1>, <30,5,8>, <31,5,24>, <32,5,3>, <33,5,13>, <34,5,6>, <35,5,2>, <36,5,1>, <37,5,2>, <38,5,8>, <39,5,3>, <40,5,8>, <41,5,5>, <42,5,15>, <44,5,2>, <45,5,9>, <46,5,18>, <47,5,2>, <48,5,3>, <49,5,26>, <50,5,16>, <51,5,1>, <52,5,4>, <53,5,4>, <55,5,1>, <56,5,3>, <57,5,2>, <58,5,1>, <59,5,3>, <60,5,3>, <61,5,8>, <62,5,4>, <63,5,5>, <64,5,1>, <66,5,6>, <67,5,1>, <68,5,9>, <69,5,1>, <70,5,1>, <71,5,1>, <72,5,5>, <73,5,2>, <75,5,3>, <77,5,6>, <78,5,6>, <82,5,2>, <83,5,1>, <84,5,5>, <85,5,1>, <87,5,3>, <90,5,2>, <92,5,6>, <93,5,1>, <94,5,2>, <95,5,3>, <96,5,3>, <98,5,2>, <99,5,2>, <100,5,1>, <101,5,1>, <103,5,4>, <104,5,4>, <105,5,2>, <106,5,5>, <108,5,7>, <109,5,5>, <110,5,1>, <112,5,1>, <113,5,3>, <114,5,2>, <115,5,2>, <116,5,2>, <117,5,2>, <118,5,3>, <119,5,4>, <120,5,6>, <121,5,1>, <122,5,2>, <123,5,1>, <124,5,1>, <125,5,2>, <126,5,2>, <127,5,3>, <128,5,1>, <129,5,2>, <131,5,4>, <133,5,1>, <134,5,3>, <135,5,2>, <139,5,3>, <140,5,3>, <141,5,3>, <142,5,2>, <143,5,1>, <144,5,3>, <145,5,1>, <146,5,2>, <147,5,2>, <148,5,2>, <149,5,2>, <150,5,1>, <151,5,1>, <154,5,1>, <155,5,1>, <157,5,2>, <158,5,1>, <159,5,2>, <160,5,5>, <161,5,3>, <162,5,2>, <164,5,1>, <165,5,1>, <166,5,1>, <170,5,2>, <171,5,6>, <172,5,1>, <174,5,1>, <175,5,1>, <176,5,5>, <177,5,2>, <178,5,2>, <181,5,1>, <182,5,1>, <183,5,3>, <184,5,1>, <185,5,1>, <186,5,2>, <187,5,4>, <188,5,1>, <189,5,1>, <193,5,2>, <194,5,1>, <196,5,1>, <200,5,2>, <202,5,3>, <206,5,1>, <207,5,1>, <212,5,1>, <213,5,1>, <215,5,2>, <216,5,1>, <217,5,1>, <218,5,1>, <220,5,5>, <223,5,1>, <224,5,1>, <226,5,2>, <227,5,1>, <229,5,4>, <231,5,1>, <232,5,1>, <233,5,1>, <237,5,1>, <240,5,1>, <242,5,2>, <243,5,1>, <245,5,3>, <248,5,1>, <249,5,2>, <250,5,1>, <251,5,1>, <252,5,1>, <254,5,1>, <255,5,1>, <258,5,3>, <259,5,2>, <260,5,2>, <262,5,1>, <263,5,1>, <266,5,2>, <267,5,1>, <268,5,1>, <271,5,1>, <272,5,2>, <274,5,1>, <275,5,2>, <277,5,3>, <278,5,1>, <279,5,2>, <281,5,2>, <282,5,1>, <283,5,1>, <285,5,1>, <287,5,1>, <289,5,5>, <291,5,3>, <292,5,1>, <293,5,1>, <294,5,1>, <296,5,1>, <297,5,4>, <298,5,1>, <300,5,1>, <301,5,1>, <306,5,1>, <307,5,1>, <311,5,1>, <312,5,3>, <317,5,1>, <318,5,1>, <319,5,1>, <320,5,1>, <322,5,1>, <323,5,2>, <325,5,1>, <331,5,1>, <332,5,1>, <335,5,2>, <336,5,1>, <337,5,2>, <338,5,2>, <339,5,1>, <341,5,1>, <342,5,1>, <345,5,1>, <347,5,1>, <350,5,1>, <351,5,2>, <357,5,1>, <358,5,2>, <364,5,1>, <366,5,1>, <367,5,1>, <368,5,3>, <370,5,1>, <378,5,1>, <379,5,1>, <380,5,1>, <383,5,1>, <385,5,1>, <389,5,1>, <394,5,1>, <395,5,1>, <399,5,1>, <410,5,1>, <411,5,1>, <412,5,1>, <413,5,2>, <414,5,1>, <415,5,1>, <417,5,3>, <419,5,1>, <420,5,1>, <425,5,1>, <429,5,2>, <432,5,1>, <433,5,1>, <436,5,1>, <443,5,1>, <444,5,1>, <445,5,1>, <448,5,3>, <450,5,1>, <451,5,1>, <452,5,1>, <453,5,2>, <462,5,1>, <467,5,1>, <473,5,1>, <477,5,1>, <481,5,2>, <488,5,1>, <496,5,1>, <503,5,1>, <504,5,1>, <505,5,1>, <506,5,2>, <509,5,1>, <510,5,1>, <512,5,1>, <513,5,2>, <515,5,2>, <524,5,1>, <527,5,1>, <536,5,1>, <538,5,1>, <548,5,1>, <552,5,1>, <553,5,2>, <555,5,1>, <556,5,1>, <559,5,1>, <560,5,4>, <563,5,3>, <569,5,1>, <571,5,1>, <573,5,1>, <582,5,1>, <584,5,1>, <604,5,2>, <605,5,1>, <606,5,1>, <623,5,2>, <625,5,1>, <626,5,2>, <632,5,1>, <641,5,1>, <650,5,1>, <655,5,1>, <659,5,1>, <662,5,1>, <673,5,1>, <675,5,1>, <678,5,1>, <681,5,1>, <683,5,1>, <693,5,1>, <703,5,1>, <713,5,1>, <724,5,1>, <731,5,1>, <735,5,1>, <739,5,1>, <742,5,1>, <755,5,2>, <757,5,1>, <768,5,1>, <770,5,1>, <773,5,1>, <776,5,1>, <779,5,1>, <788,5,1>, <790,5,1>, <792,5,1>, <797,5,1>, <807,5,3>, <814,5,2>, <818,5,1>, <819,5,1>, <823,5,1>, <831,5,1>, <837,5,1>, <846,5,1>, <855,5,1>, <857,5,1>, <879,5,1>, <882,5,1>, <889,5,1>, <905,5,1>, <909,5,1>, <912,5,1>, <916,5,1>, <919,5,1>, <926,5,1>, <928,5,1>, <930,5,1>, <933,5,1>, <944,5,1>, <945,5,1>, <952,5,1>, <956,5,1>, <957,5,1>, <960,5,1>, <962,5,1>, <984,5,1>, <988,5,1>, <996,5,1>, <1,7,32>, <2,7,257>, <3,7,96>, <4,7,36>, <5,7,32>, <6,7,42>, <7,7,13>, <8,7,39>, <9,7,4>, <10,7,13>, <11,7,2>, <12,7,1>, <13,7,92>, <14,7,27>, <15,7,1>, <16,7,31>, <17,7,5>, <18,7,3>, <19,7,14>, <20,7,3>, <21,7,2>, <22,7,3>, <23,7,17>, <24,7,9>, <25,7,2>, <26,7,11>, <27,7,5>, <28,7,10>, <29,7,2>, <30,7,3>, <31,7,5>, <32,7,5>, <33,7,21>, <34,7,17>, <35,7,2>, <36,7,2>, <37,7,16>, <38,7,6>, <39,7,1>, <40,7,10>, <41,7,8>, <42,7,4>, <43,7,4>, <44,7,1>, <45,7,1>, <46,7,3>, <47,7,8>, <48,7,3>, <50,7,15>, <51,7,6>, <52,7,3>, <54,7,1>, <55,7,1>, <56,7,3>, <57,7,10>, <58,7,4>, <59,7,1>, <60,7,8>, <62,7,5>, <63,7,6>, <64,7,4>, <65,7,11>, <66,7,1>, <67,7,4>, <68,7,1>, <69,7,2>, <70,7,6>, <71,7,3>, <72,7,2>, <73,7,1>, <74,7,2>, <75,7,8>, <76,7,3>, <78,7,3>, <79,7,11>, <83,7,6>, <84,7,5>, <85,7,4>, <86,7,3>, <88,7,1>, <89,7,7>, <90,7,3>, <91,7,9>, <92,7,1>, <93,7,1>, <95,7,1>, <97,7,3>, <98,7,3>, <99,7,1>, <100,7,1>, <101,7,1>, <102,7,1>, <103,7,3>, <105,7,2>, <106,7,1>, <108,7,1>, <109,7,7>, <110,7,3>, <114,7,1>, <115,7,1>, <116,7,2>, <117,7,2>, <119,7,3>, <120,7,1>, <121,7,1>, <122,7,2>, <124,7,2>, <125,7,5>, <126,7,3>, <127,7,3>, <128,7,5>, <129,7,1>, <130,7,1>, <133,7,7>, <134,7,1>, <135,7,1>, <136,7,1>, <137,7,3>, <138,7,1>, <140,7,2>, <142,7,2>, <143,7,2>, <144,7,1>, <145,7,1>, <146,7,3>, <148,7,1>, <149,7,1>, <150,7,1>, <151,7,1>, <153,7,1>, <154,7,1>, <155,7,4>, <156,7,1>, <158,7,2>, <159,7,2>, <160,7,3>, <161,7,1>, <163,7,1>, <166,7,1>, <167,7,1>, <169,7,5>, <170,7,2>, <171,7,1>, <173,7,1>, <174,7,1>, <175,7,1>, <177,7,1>, <178,7,1>, <179,7,2>, <180,7,2>, <182,7,1>, <187,7,3>, <188,7,2>, <189,7,2>, <191,7,2>, <192,7,2>, <193,7,2>, <194,7,1>, <195,7,1>, <196,7,1>, <199,7,2>, <200,7,3>, <202,7,1>, <203,7,2>, <204,7,2>, <205,7,1>, <206,7,1>, <207,7,1>, <208,7,1>, <209,7,1>, <210,7,1>, <211,7,1>, <214,7,1>, <216,7,1>, <219,7,2>, <220,7,2>, <221,7,1>, <223,7,1>, <225,7,2>, <226,7,2>, <227,7,1>, <230,7,2>, <231,7,2>, <232,7,2>, <234,7,1>, <235,7,1>, <239,7,1>, <240,7,1>, <242,7,1>, <243,7,3>, <244,7,1>, <246,7,3>, <247,7,1>, <248,7,1>, <249,7,2>, <250,7,1>, <251,7,1>, <252,7,1>, <253,7,1>, <255,7,1>, <256,7,1>, <258,7,1>, <260,7,1>, <261,7,1>, <265,7,2>, <267,7,1>, <268,7,2>, <269,7,1>, <272,7,1>, <273,7,3>, <279,7,2>, <280,7,1>, <281,7,1>, <282,7,2>, <283,7,3>, <284,7,1>, <285,7,2>, <286,7,1>, <287,7,2>, <289,7,2>, <290,7,3>, <293,7,1>, <294,7,1>, <296,7,1>, <298,7,2>, <301,7,1>, <302,7,2>, <303,7,1>, <305,7,4>, <306,7,1>, <308,7,1>, <309,7,1>, <310,7,1>, <311,7,1>, <312,7,1>, <313,7,1>, <314,7,1>, <315,7,1>, <316,7,1>, <318,7,1>, <320,7,1>, <326,7,1>, <328,7,1>, <331,7,1>, <332,7,1>, <333,7,1>, <334,7,1>, <336,7,1>, <337,7,2>, <339,7,2>, <340,7,1>, <341,7,1>, <344,7,1>, <346,7,1>, <347,7,2>, <350,7,3>, <351,7,2>, <352,7,1>, <355,7,1>, <357,7,1>, <366,7,1>, <367,7,2>, <372,7,1>, <373,7,1>, <374,7,1>, <383,7,1>, <384,7,1>, <388,7,1>, <389,7,1>, <395,7,1>, <400,7,2>, <401,7,1>, <403,7,1>, <407,7,1>, <413,7,2>, <416,7,1>, <418,7,1>, <420,7,1>, <421,7,1>, <425,7,1>, <426,7,1>, <429,7,1>, <430,7,1>, <435,7,1>, <436,7,1>, <444,7,1>, <451,7,2>, <453,7,1>, <455,7,1>, <457,7,1>, <467,7,2>, <471,7,1>, <474,7,1>, <477,7,1>, <481,7,1>, <482,7,1>, <487,7,1>, <493,7,2>, <495,7,1>, <498,7,1>, <506,7,2>, <508,7,1>, <509,7,1>, <512,7,1>, <525,7,1>, <531,7,1>, <533,7,1>, <543,7,1>, <547,7,1>, <552,7,1>, <561,7,1>, <568,7,1>, <576,7,1>, <582,7,1>, <583,7,1>, <584,7,1>, <585,7,1>, <590,7,1>, <592,7,1>, <596,7,1>, <605,7,2>, <613,7,1>, <620,7,1>, <623,7,1>, <629,7,1>, <631,7,1>, <634,7,1>, <635,7,1>, <642,7,1>, <643,7,1>, <649,7,1>, <652,7,1>, <655,7,1>, <657,7,1>, <663,7,1>, <669,7,1>, <674,7,1>, <683,7,1>, <685,7,1>, <689,7,1>, <692,7,1>, <696,7,1>, <699,7,1>, <700,7,1>, <713,7,1>, <716,7,1>, <731,7,1>, <738,7,1>, <744,7,1>, <752,7,1>, <754,7,2>, <776,7,1>, <784,7,1>, <787,7,1>, <791,7,1>, <799,7,2>, <804,7,1>, <805,7,1>, <807,7,1>, <812,7,1>, <821,7,1>, <841,7,1>, <850,7,1>, <867,7,1>, <869,7,1>, <876,7,1>, <877,7,1>, <878,7,1>, <882,7,1>, <883,7,1>, <885,7,1>, <903,7,1>, <911,7,1>, <926,7,1>, <929,7,1>, <931,7,1>, <938,7,1>, <939,7,1>, <944,7,1>, <951,7,1>, <952,7,1>, <984,7,1>, <986,7,1>, <988,7,1>, <1,8,235>, <2,8,5>, <3,8,5>, <4,8,117>, <5,8,32>, <6,8,53>, <7,8,31>, <8,8,22>, <9,8,10>, <10,8,1>, <11,8,20>, <12,8,8>, <13,8,9>, <14,8,8>, <15,8,17>, <16,8,5>, <17,8,3>, <18,8,1>, <19,8,13>, <20,8,7>, <21,8,8>, <22,8,3>, <23,8,11>, <24,8,9>, <25,8,14>, <26,8,8>, <27,8,18>, <28,8,4>, <29,8,1>, <30,8,10>, <31,8,1>, <32,8,18>, <33,8,5>, <34,8,1>, <35,8,2>, <38,8,7>, <39,8,15>, <40,8,15>, <41,8,2>, <42,8,4>, <44,8,5>, <45,8,7>, <46,8,2>, <47,8,1>, <48,8,4>, <49,8,3>, <51,8,6>, <52,8,2>, <53,8,5>, <54,8,9>, <55,8,17>, <56,8,4>, <57,8,1>, <58,8,1>, <59,8,4>, <60,8,4>, <61,8,1>, <62,8,3>, <63,8,1>, <64,8,7>, <66,8,7>, <67,8,1>, <68,8,7>, <69,8,12>, <70,8,9>, <72,8,12>, <73,8,1>, <74,8,4>, <76,8,5>, <77,8,2>, <78,8,2>, <80,8,3>, <81,8,1>, <83,8,7>, <84,8,2>, <85,8,1>, <86,8,3>, <87,8,4>, <88,8,1>, <90,8,3>, <91,8,1>, <92,8,1>, <93,8,2>, <94,8,1>, <95,8,4>, <96,8,3>, <97,8,6>, <98,8,2>, <99,8,2>, <100,8,3>, <101,8,1>, <102,8,1>, <104,8,1>, <105,8,4>, <106,8,3>, <107,8,1>, <108,8,1>, <109,8,2>, <110,8,3>, <112,8,6>, <113,8,2>, <114,8,1>, <115,8,2>, <117,8,1>, <118,8,1>, <119,8,1>, <120,8,2>, <122,8,2>, <123,8,2>, <124,8,1>, <125,8,2>, <127,8,2>, <128,8,2>, <129,8,2>, <131,8,1>, <132,8,3>, <133,8,1>, <134,8,1>, <135,8,2>, <136,8,2>, <137,8,2>, <138,8,1>, <139,8,1>, <141,8,1>, <142,8,1>, <143,8,3>, <144,8,1>, <145,8,2>, <147,8,4>, <148,8,1>, <150,8,2>, <151,8,2>, <152,8,2>, <153,8,1>, <154,8,2>, <155,8,1>, <157,8,1>, <158,8,1>, <159,8,5>, <161,8,1>, <162,8,3>, <163,8,2>, <165,8,1>, <166,8,4>, <167,8,2>, <169,8,1>, <170,8,1>, <171,8,1>, <172,8,2>, <174,8,1>, <175,8,1>, <178,8,1>, <179,8,6>, <182,8,1>, <189,8,2>, <191,8,3>, <192,8,2>, <193,8,2>, <195,8,1>, <197,8,3>, <199,8,1>, <200,8,1>, <201,8,2>, <202,8,2>, <203,8,1>, <207,8,2>, <208,8,2>, <213,8,1>, <214,8,1>, <215,8,1>, <217,8,1>, <218,8,1>, <220,8,2>, <221,8,1>, <222,8,2>, <223,8,1>, <225,8,1>, <228,8,1>, <229,8,1>, <230,8,1>, <231,8,2>, <232,8,1>, <234,8,1>, <235,8,1>, <238,8,2>, <239,8,2>, <240,8,1>, <243,8,4>, <244,8,1>, <245,8,5>, <246,8,2>, <249,8,1>, <250,8,2>, <251,8,1>, <257,8,2>, <259,8,1>, <260,8,1>, <261,8,1>, <262,8,1>, <266,8,1>, <269,8,1>, <270,8,1>, <271,8,1>, <272,8,1>, <273,8,1>, <274,8,1>, <275,8,1>, <276,8,1>, <277,8,1>, <279,8,2>, <281,8,1>, <282,8,2>, <283,8,3>, <286,8,1>, <287,8,1>, <288,8,1>, <290,8,1>, <292,8,1>, <293,8,2>, <295,8,1>, <296,8,1>, <298,8,1>, <300,8,1>, <304,8,1>, <305,8,1>, <306,8,2>, <307,8,2>, <310,8,1>, <312,8,1>, <315,8,1>, <317,8,1>, <321,8,1>, <325,8,1>, <328,8,1>, <329,8,1>, <330,8,1>, <331,8,4>, <332,8,1>, <333,8,1>, <334,8,1>, <340,8,1>, <342,8,1>, <345,8,3>, <347,8,3>, <351,8,4>, <352,8,2>, <353,8,2>, <355,8,2>, <358,8,2>, <364,8,1>, <366,8,1>, <367,8,1>, <376,8,1>, <377,8,1>, <378,8,4>, <382,8,1>, <384,8,4>, <386,8,1>, <389,8,1>, <390,8,1>, <391,8,1>, <394,8,1>, <397,8,1>, <403,8,1>, <408,8,4>, <411,8,1>, <415,8,2>, <420,8,1>, <421,8,1>, <424,8,2>, <425,8,2>, <426,8,1>, <427,8,2>, <430,8,1>, <432,8,1>, <438,8,1>, <448,8,2>, <449,8,1>, <452,8,1>, <453,8,1>, <457,8,1>, <458,8,1>, <462,8,1>, <466,8,1>, <467,8,1>, <472,8,1>, <478,8,1>, <481,8,1>, <482,8,1>, <484,8,1>, <488,8,1>, <490,8,1>, <491,8,1>, <492,8,1>, <494,8,3>, <495,8,4>, <498,8,1>, <499,8,1>, <500,8,1>, <504,8,1>, <505,8,1>, <506,8,1>, <508,8,1>, <512,8,1>, <513,8,1>, <515,8,2>, <521,8,1>, <524,8,1>, <533,8,1>, <534,8,1>, <540,8,1>, <545,8,1>, <546,8,1>, <548,8,2>, <549,8,1>, <552,8,2>, <555,8,1>, <563,8,2>, <565,8,3>, <568,8,1>, <571,8,1>, <572,8,1>, <574,8,2>, <576,8,1>, <578,8,1>, <582,8,1>, <583,8,1>, <584,8,1>, <592,8,2>, <600,8,1>, <601,8,1>, <604,8,1>, <605,8,1>, <608,8,1>, <613,8,1>, <615,8,1>, <620,8,1>, <621,8,1>, <622,8,1>, <623,8,1>, <624,8,1>, <627,8,1>, <628,8,1>, <631,8,1>, <635,8,1>, <637,8,1>, <642,8,1>, <650,8,2>, <655,8,1>, <658,8,1>, <671,8,1>, <677,8,1>, <678,8,1>, <681,8,1>, <688,8,1>, <691,8,1>, <696,8,2>, <700,8,1>, <710,8,1>, <713,8,1>, <714,8,1>, <716,8,1>, <727,8,1>, <731,8,1>, <742,8,2>, <749,8,1>, <754,8,1>, <755,8,1>, <768,8,1>, <770,8,1>, <773,8,1>, <776,8,1>, <781,8,1>, <789,8,1>, <795,8,1>, <798,8,2>, <813,8,1>, <820,8,1>, <822,8,1>, <828,8,1>, <829,8,1>, <831,8,1>, <833,8,1>, <837,8,1>, <840,8,1>, <848,8,1>, <855,8,1>, <875,8,1>, <883,8,1>, <887,8,1>, <898,8,1>, <900,8,1>, <902,8,1>, <905,8,1>, <907,8,1>, <911,8,1>, <915,8,1>, <926,8,1>, <928,8,1>, <930,8,1>, <931,8,1>, <933,8,1>, <950,8,1>, <952,8,1>, <953,8,1>, <956,8,1>, <966,8,1>, <968,8,1>, <978,8,1>, <986,8,1>, <998,8,1>, <1,9,31>, <2,9,74>, <3,9,25>, <4,9,82>, <5,9,5>, <6,9,1>, <7,9,92>, <8,9,6>, <9,9,57>, <10,9,27>, <11,9,23>, <12,9,22>, <13,9,1>, <14,9,2>, <15,9,18>, <16,9,4>, <17,9,27>, <18,9,1>, <19,9,6>, <20,9,10>, <21,9,7>, <22,9,10>, <23,9,8>, <24,9,14>, <25,9,6>, <26,9,12>, <27,9,1>, <28,9,22>, <29,9,5>, <30,9,3>, <31,9,1>, <32,9,8>, <33,9,9>, <34,9,2>, <35,9,3>, <36,9,2>, <37,9,12>, <38,9,7>, <39,9,2>, <40,9,8>, <41,9,4>, <42,9,3>, <43,9,4>, <44,9,3>, <45,9,10>, <46,9,9>, <48,9,5>, <49,9,4>, <50,9,9>, <51,9,5>, <52,9,2>, <53,9,4>, <54,9,1>, <55,9,3>, <59,9,1>, <61,9,6>, <62,9,7>, <63,9,3>, <64,9,3>, <65,9,4>, <66,9,2>, <67,9,7>, <68,9,2>, <69,9,3>, <70,9,3>, <71,9,3>, <72,9,4>, <73,9,2>, <74,9,1>, <75,9,4>, <77,9,2>, <78,9,3>, <80,9,1>, <81,9,1>, <82,9,3>, <84,9,1>, <85,9,2>, <86,9,1>, <87,9,4>, <88,9,3>, <89,9,5>, <90,9,7>, <91,9,1>, <93,9,1>, <94,9,12>, <95,9,3>, <96,9,1>, <97,9,2>, <98,9,5>, <99,9,1>, <100,9,1>, <101,9,3>, <103,9,1>, <104,9,1>, <106,9,3>, <107,9,6>, <108,9,1>, <109,9,4>, <111,9,7>, <113,9,3>, <115,9,2>, <116,9,1>, <117,9,1>, <118,9,3>, <119,9,2>, <120,9,5>, <121,9,5>, <122,9,3>, <123,9,1>, <124,9,3>, <125,9,1>, <128,9,1>, <129,9,1>, <130,9,1>, <131,9,1>, <132,9,1>, <134,9,2>, <135,9,3>, <139,9,2>, <141,9,1>, <142,9,2>, <143,9,2>, <144,9,4>, <146,9,1>, <147,9,3>, <148,9,1>, <152,9,1>, <153,9,1>, <154,9,4>, <156,9,1>, <158,9,1>, <159,9,1>, <160,9,1>, <161,9,3>, <162,9,1>, <163,9,2>, <164,9,1>, <169,9,2>, <170,9,2>, <171,9,3>, <172,9,2>, <174,9,5>, <177,9,1>, <178,9,2>, <179,9,1>, <180,9,2>, <181,9,1>, <182,9,1>, <183,9,2>, <186,9,5>, <188,9,3>, <190,9,3>, <191,9,3>, <192,9,2>, <194,9,3>, <195,9,1>, <197,9,1>, <198,9,6>, <199,9,1>, <200,9,1>, <202,9,1>, <205,9,2>, <209,9,1>, <211,9,1>, <214,9,2>, <216,9,1>, <217,9,1>, <219,9,1>, <222,9,1>, <223,9,2>, <225,9,2>, <226,9,1>, <228,9,1>, <229,9,1>, <236,9,2>, <237,9,1>, <238,9,1>, <240,9,1>, <242,9,1>, <243,9,1>, <245,9,2>, <246,9,1>, <248,9,1>, <250,9,1>, <259,9,1>, <260,9,1>, <264,9,3>, <265,9,1>, <271,9,1>, <275,9,1>, <276,9,1>, <277,9,1>, <278,9,1>, <279,9,1>, <280,9,1>, <281,9,1>, <284,9,2>, <287,9,1>, <289,9,1>, <291,9,1>, <292,9,1>, <296,9,1>, <299,9,1>, <301,9,1>, <304,9,1>, <305,9,1>, <306,9,1>, <307,9,4>, <311,9,8>, <312,9,1>, <316,9,1>, <317,9,1>, <320,9,1>, <321,9,3>, <324,9,1>, <326,9,1>, <328,9,1>, <329,9,1>, <330,9,1>, <331,9,1>, <332,9,1>, <336,9,1>, <337,9,1>, <339,9,1>, <340,9,1>, <341,9,1>, <342,9,1>, <343,9,1>, <344,9,2>, <345,9,1>, <347,9,1>, <349,9,1>, <350,9,1>, <353,9,1>, <354,9,1>, <355,9,2>, <359,9,1>, <360,9,1>, <362,9,1>, <364,9,1>, <370,9,1>, <372,9,1>, <378,9,1>, <379,9,1>, <381,9,1>, <383,9,1>, <384,9,1>, <386,9,1>, <387,9,1>, <388,9,1>, <390,9,1>, <392,9,1>, <397,9,1>, <402,9,1>, <405,9,1>, <408,9,1>, <415,9,1>, <418,9,1>, <423,9,1>, <429,9,1>, <430,9,1>, <432,9,1>, <440,9,2>, <444,9,1>, <445,9,1>, <450,9,1>, <453,9,2>, <457,9,1>, <461,9,2>, <466,9,2>, <469,9,1>, <471,9,1>, <472,9,2>, <475,9,1>, <476,9,1>, <478,9,1>, <482,9,1>, <487,9,1>, <490,9,1>, <491,9,1>, <492,9,1>, <495,9,2>, <505,9,1>, <506,9,1>, <507,9,1>, <510,9,1>, <512,9,1>, <513,9,1>, <514,9,1>, <517,9,1>, <522,9,1>, <523,9,1>, <524,9,1>, <527,9,1>, <543,9,1>, <544,9,1>, <546,9,1>, <548,9,1>, <550,9,1>, <555,9,1>, <558,9,1>, <559,9,1>, <560,9,1>, <561,9,1>, <567,9,1>, <568,9,1>, <570,9,1>, <571,9,1>, <574,9,1>, <580,9,1>, <582,9,1>, <584,9,1>, <586,9,1>, <589,9,1>, <590,9,1>, <596,9,3>, <604,9,1>, <605,9,1>, <619,9,1>, <620,9,2>, <626,9,1>, <631,9,1>, <632,9,1>, <634,9,1>, <652,9,1>, <654,9,1>, <656,9,1>, <657,9,1>, <658,9,1>, <666,9,1>, <677,9,1>, <687,9,1>, <693,9,1>, <696,9,1>, <701,9,1>, <702,9,1>, <704,9,1>, <707,9,1>, <710,9,1>, <713,9,2>, <715,9,3>, <716,9,2>, <728,9,1>, <742,9,1>, <746,9,2>, <754,9,1>, <755,9,1>, <757,9,1>, <765,9,1>, <768,9,1>, <780,9,1>, <785,9,1>, <787,9,1>, <802,9,1>, <804,9,1>, <805,9,1>, <806,9,1>, <808,9,1>, <815,9,1>, <822,9,1>, <833,9,1>, <836,9,1>, <837,9,1>, <838,9,1>, <840,9,1>, <847,9,1>, <863,9,1>, <869,9,1>, <875,9,1>, <876,9,1>, <878,9,1>, <882,9,1>, <883,9,1>, <886,9,1>, <895,9,1>, <897,9,1>, <900,9,3>, <907,9,1>, <908,9,1>, <916,9,1>, <920,9,1>, <929,9,1>, <939,9,2>, <951,9,1>, <955,9,1>, <975,9,1>, <1000,9,1>, <1,10,1193>, <2,10,98>, <3,10,56>, <4,10,32>, <5,10,157>, <6,10,1>, <7,10,2>, <9,10,82>, <10,10,91>, <11,10,28>, <12,10,61>, <13,10,16>, <14,10,2>, <15,10,1>, <16,10,14>, <17,10,48>, <18,10,7>, <19,10,2>, <20,10,28>, <21,10,1>, <22,10,5>, <23,10,3>, <24,10,5>, <25,10,4>, <26,10,6>, <27,10,6>, <28,10,5>, <29,10,44>, <30,10,4>, <31,10,5>, <32,10,14>, <33,10,4>, <35,10,25>, <37,10,8>, <38,10,1>, <39,10,8>, <40,10,3>, <41,10,5>, <42,10,5>, <44,10,5>, <45,10,1>, <46,10,3>, <47,10,2>, <48,10,1>, <50,10,3>, <51,10,7>, <52,10,7>, <53,10,3>, <55,10,3>, <56,10,1>, <57,10,7>, <58,10,5>, <59,10,2>, <60,10,3>, <62,10,6>, <63,10,3>, <64,10,4>, <65,10,6>, <66,10,3>, <67,10,1>, <68,10,2>, <69,10,4>, <71,10,2>, <72,10,1>, <73,10,1>, <74,10,3>, <75,10,3>, <77,10,5>, <79,10,9>, <80,10,15>, <81,10,3>, <82,10,3>, <83,10,3>, <84,10,3>, <86,10,3>, <88,10,4>, <91,10,2>, <92,10,1>, <93,10,2>, <94,10,4>, <95,10,6>, <96,10,6>, <97,10,1>, <98,10,3>, <99,10,2>, <100,10,1>, <101,10,3>, <105,10,1>, <106,10,2>, <107,10,2>, <108,10,3>, <109,10,1>, <110,10,1>, <111,10,2>, <112,10,4>, <113,10,2>, <114,10,1>, <115,10,1>, <116,10,1>, <118,10,1>, <119,10,2>, <121,10,5>, <122,10,3>, <123,10,1>, <126,10,1>, <128,10,2>, <129,10,2>, <130,10,1>, <131,10,5>, <134,10,4>, <136,10,4>, <137,10,2>, <138,10,1>, <139,10,1>, <142,10,1>, <143,10,3>, <145,10,3>, <149,10,1>, <150,10,2>, <151,10,1>, <153,10,2>, <154,10,2>, <155,10,1>, <157,10,2>, <158,10,1>, <159,10,1>, <160,10,2>, <163,10,1>, <164,10,1>, <165,10,1>, <167,10,1>, <168,10,1>, <171,10,2>, <172,10,1>, <173,10,2>, <174,10,4>, <176,10,1>, <177,10,1>, <179,10,1>, <180,10,1>, <184,10,2>, <185,10,1>, <186,10,1>, <187,10,2>, <188,10,3>, <190,10,2>, <191,10,1>, <192,10,1>, <194,10,1>, <195,10,1>, <197,10,1>, <198,10,1>, <199,10,4>, <204,10,1>, <208,10,1>, <209,10,3>, <211,10,1>, <213,10,1>, <214,10,1>, <215,10,2>, <220,10,1>, <221,10,1>, <223,10,1>, <227,10,3>, <229,10,4>, <230,10,1>, <231,10,4>, <234,10,1>, <235,10,1>, <238,10,1>, <239,10,2>, <240,10,1>, <242,10,4>, <243,10,1>, <246,10,1>, <247,10,3>, <248,10,1>, <249,10,1>, <253,10,4>, <254,10,5>, <258,10,1>, <261,10,4>, <262,10,1>, <263,10,5>, <266,10,1>, <267,10,1>, <268,10,1>, <269,10,2>, <277,10,2>, <278,10,1>, <279,10,1>, <282,10,1>, <284,10,1>, <286,10,2>, <288,10,1>, <291,10,1>, <292,10,2>, <293,10,1>, <297,10,1>, <299,10,1>, <304,10,1>, <305,10,3>, <308,10,3>, <312,10,2>, <315,10,2>, <317,10,1>, <318,10,1>, <320,10,3>, <321,10,1>, <323,10,1>, <325,10,1>, <326,10,1>, <328,10,1>, <329,10,3>, <332,10,2>, <334,10,1>, <337,10,1>, <339,10,1>, <340,10,1>, <343,10,1>, <344,10,1>, <345,10,1>, <347,10,1>, <348,10,1>, <349,10,2>, <350,10,1>, <359,10,1>, <367,10,1>, <368,10,1>, <370,10,1>, <371,10,3>, <372,10,1>, <374,10,1>, <375,10,1>, <376,10,1>, <387,10,1>, <388,10,1>, <389,10,2>, <390,10,1>, <394,10,1>, <399,10,1>, <400,10,1>, <403,10,1>, <408,10,2>, <411,10,1>, <417,10,2>, <418,10,1>, <421,10,2>, <426,10,1>, <427,10,1>, <432,10,2>, <435,10,2>, <444,10,1>, <445,10,3>, <448,10,2>, <451,10,1>, <452,10,1>, <455,10,1>, <458,10,1>, <464,10,1>, <465,10,1>, <466,10,1>, <469,10,1>, <474,10,1>, <477,10,2>, <480,10,1>, <483,10,2>, <487,10,1>, <488,10,1>, <493,10,1>, <495,10,1>, <497,10,1>, <499,10,1>, <507,10,1>, <508,10,1>, <511,10,1>, <513,10,1>, <515,10,1>, <517,10,1>, <521,10,1>, <524,10,1>, <525,10,1>, <527,10,2>, <531,10,1>, <535,10,1>, <537,10,1>, <538,10,1>, <544,10,1>, <548,10,2>, <552,10,1>, <560,10,1>, <565,10,1>, <568,10,1>, <570,10,1>, <571,10,1>, <573,10,1>, <576,10,1>, <578,10,1>, <586,10,1>, <596,10,1>, <600,10,1>, <607,10,1>, <612,10,1>, <613,10,1>, <616,10,1>, <621,10,3>, <622,10,1>, <623,10,1>, <625,10,1>, <626,10,1>, <631,10,1>, <643,10,1>, <650,10,2>, <658,10,1>, <662,10,1>, <672,10,1>, <689,10,1>, <692,10,1>, <693,10,1>, <696,10,1>, <698,10,1>, <704,10,1>, <705,10,1>, <706,10,1>, <714,10,1>, <718,10,1>, <739,10,1>, <742,10,1>, <744,10,1>, <755,10,1>, <757,10,1>, <758,10,1>, <759,10,1>, <764,10,1>, <765,10,1>, <775,10,1>, <779,10,2>, <788,10,1>, <792,10,1>, <802,10,1>, <803,10,2>, <804,10,1>, <807,10,1>, <828,10,1>, <844,10,1>, <848,10,1>, <885,10,2>, <886,10,1>, <887,10,1>, <894,10,1>, <895,10,1>, <897,10,1>, <902,10,1>, <912,10,1>, <915,10,1>, <922,10,1>, <937,10,1>, <938,10,2>, <945,10,1>, <946,10,1>, <951,10,1>, <952,10,1>, <956,10,1>, <969,10,1>, <992,10,1>, <1000,10,1>, <1,4,86>, <2,4,43>, <3,4,108>, <4,4,62>, <5,4,20>, <6,4,34>, <7,4,55>, <8,4,10>, <9,4,2>, <10,4,27>, <11,4,10>, <12,4,12>, <13,4,3>, <15,4,23>, <16,4,9>, <17,4,18>, <18,4,16>, <19,4,5>, <20,4,6>, <21,4,19>, <22,4,7>, <23,4,17>, <24,4,12>, <25,4,11>, <26,4,1>, <27,4,21>, <28,4,5>, <29,4,7>, <30,4,5>, <31,4,12>, <33,4,19>, <35,4,10>, <36,4,35>, <37,4,4>, <38,4,5>, <39,4,18>, <40,4,4>, <41,4,14>, <42,4,2>, <43,4,7>, <44,4,12>, <45,4,10>, <46,4,7>, <47,4,3>, <48,4,7>, <49,4,5>, <50,4,1>, <52,4,10>, <53,4,8>, <54,4,8>, <55,4,4>, <56,4,3>, <57,4,3>, <58,4,14>, <59,4,2>, <60,4,4>, <61,4,3>, <62,4,1>, <63,4,2>, <64,4,1>, <65,4,6>, <66,4,2>, <67,4,4>, <68,4,3>, <69,4,3>, <71,4,4>, <72,4,4>, <73,4,3>, <76,4,6>, <77,4,4>, <78,4,5>, <79,4,1>, <80,4,3>, <81,4,2>, <82,4,2>, <83,4,2>, <84,4,7>, <85,4,4>, <86,4,2>, <88,4,2>, <89,4,7>, <90,4,1>, <91,4,2>, <93,4,4>, <94,4,2>, <95,4,2>, <96,4,2>, <97,4,3>, <98,4,2>, <99,4,1>, <100,4,2>, <101,4,1>, <102,4,3>, <103,4,2>, <104,4,3>, <105,4,1>, <106,4,1>, <107,4,1>, <108,4,5>, <109,4,1>, <110,4,6>, <112,4,4>, <114,4,5>, <115,4,5>, <116,4,4>, <118,4,3>, <119,4,1>, <121,4,2>, <122,4,4>, <123,4,1>, <124,4,1>, <126,4,5>, <128,4,2>, <129,4,2>, <130,4,1>, <132,4,4>, <133,4,2>, <134,4,2>, <136,4,1>, <137,4,1>, <138,4,1>, <141,4,2>, <143,4,2>, <144,4,1>, <145,4,5>, <147,4,1>, <148,4,1>, <150,4,6>, <151,4,1>, <152,4,1>, <153,4,1>, <154,4,4>, <155,4,1>, <156,4,3>, <157,4,1>, <158,4,6>, <159,4,1>, <160,4,2>, <162,4,1>, <163,4,1>, <164,4,7>, <165,4,2>, <166,4,2>, <167,4,1>, <168,4,2>, <169,4,2>, <170,4,1>, <174,4,1>, <176,4,3>, <177,4,1>, <178,4,1>, <179,4,1>, <180,4,2>, <181,4,1>, <182,4,1>, <183,4,2>, <185,4,2>, <186,4,2>, <188,4,1>, <190,4,1>, <194,4,1>, <195,4,4>, <196,4,1>, <198,4,2>, <199,4,2>, <200,4,2>, <201,4,1>, <202,4,2>, <203,4,3>, <204,4,2>, <205,4,1>, <207,4,2>, <208,4,1>, <209,4,1>, <212,4,1>, <213,4,1>, <215,4,1>, <216,4,3>, <218,4,2>, <219,4,2>, <225,4,2>, <226,4,1>, <229,4,2>, <230,4,1>, <235,4,5>, <236,4,2>, <238,4,1>, <240,4,1>, <242,4,1>, <243,4,1>, <244,4,1>, <245,4,1>, <246,4,1>, <247,4,1>, <249,4,2>, <250,4,1>, <252,4,1>, <253,4,1>, <255,4,3>, <259,4,1>, <261,4,1>, <262,4,1>, <264,4,1>, <265,4,2>, <267,4,1>, <268,4,1>, <274,4,3>, <275,4,1>, <277,4,1>, <279,4,1>, <285,4,1>, <286,4,1>, <290,4,1>, <291,4,1>, <292,4,1>, <294,4,1>, <296,4,1>, <298,4,1>, <299,4,1>, <302,4,1>, <303,4,1>, <306,4,1>, <307,4,2>, <308,4,1>, <309,4,1>, <313,4,4>, <314,4,1>, <321,4,1>, <324,4,1>, <325,4,1>, <329,4,2>, <331,4,2>, <333,4,1>, <334,4,1>, <335,4,1>, <338,4,2>, <342,4,1>, <345,4,1>, <346,4,1>, <348,4,1>, <350,4,1>, <351,4,1>, <352,4,1>, <353,4,1>, <355,4,1>, <363,4,1>, <366,4,1>, <368,4,1>, <372,4,1>, <374,4,1>, <376,4,2>, <377,4,1>, <379,4,1>, <386,4,1>, <387,4,1>, <388,4,1>, <389,4,1>, <390,4,1>, <391,4,2>, <392,4,1>, <394,4,1>, <399,4,1>, <408,4,1>, <409,4,1>, <410,4,1>, <411,4,1>, <412,4,1>, <414,4,1>, <415,4,1>, <416,4,1>, <417,4,1>, <420,4,2>, <421,4,3>, <423,4,1>, <424,4,1>, <428,4,1>, <430,4,1>, <442,4,1>, <444,4,2>, <445,4,1>, <449,4,1>, <464,4,1>, <466,4,2>, <473,4,1>, <475,4,1>, <476,4,1>, <480,4,1>, <482,4,1>, <483,4,1>, <484,4,1>, <487,4,1>, <488,4,1>, <491,4,1>, <493,4,1>, <494,4,1>, <495,4,1>, <496,4,1>, <497,4,1>, <498,4,1>, <499,4,2>, <508,4,1>, <509,4,1>, <512,4,1>, <515,4,1>, <516,4,1>, <517,4,1>, <520,4,1>, <521,4,1>, <524,4,1>, <525,4,2>, <534,4,1>, <544,4,1>, <546,4,1>, <555,4,1>, <558,4,1>, <559,4,1>, <560,4,2>, <568,4,1>, <571,4,1>, <574,4,1>, <584,4,1>, <585,4,1>, <589,4,1>, <592,4,1>, <612,4,1>, <615,4,2>, <616,4,3>, <621,4,1>, <630,4,1>, <635,4,1>, <639,4,1>, <643,4,1>, <646,4,1>, <651,4,1>, <664,4,1>, <666,4,1>, <670,4,1>, <676,4,1>, <677,4,1>, <698,4,1>, <699,4,1>, <701,4,1>, <704,4,1>, <705,4,1>, <706,4,1>, <709,4,1>, <711,4,1>, <718,4,1>, <724,4,1>, <725,4,1>, <741,4,1>, <751,4,2>, <752,4,1>, <768,4,1>, <778,4,1>, <779,4,1>, <784,4,1>, <785,4,1>, <789,4,1>, <797,4,1>, <799,4,1>, <802,4,1>, <807,4,1>, <808,4,2>, <816,4,1>, <822,4,1>, <831,4,1>, <834,4,2>, <840,4,1>, <844,4,1>, <855,4,1>, <861,4,1>, <875,4,1>, <882,4,1>, <894,4,1>, <897,4,1>, <900,4,1>, <908,4,1>, <912,4,1>, <914,4,1>, <916,4,1>, <920,4,1>, <926,4,1>, <939,4,1>, <945,4,1>, <951,4,1>, <954,4,1>, <956,4,1>, <957,4,1>, <962,4,1>, <968,4,1>, <975,4,1>, <984,4,1>, <988,4,1>, <996,4,2>, <1,6,117>, <2,6,2>, <3,6,54>, <4,6,49>, <5,6,15>, <6,6,36>, <7,6,44>, <8,6,27>, <9,6,9>, <10,6,2>, <11,6,5>, <12,6,11>, <13,6,1>, <14,6,11>, <15,6,6>, <16,6,4>, <17,6,2>, <18,6,19>, <19,6,32>, <20,6,1>, <21,6,9>, <22,6,28>, <23,6,6>, <24,6,19>, <26,6,15>, <27,6,1>, <28,6,12>, <29,6,6>, <30,6,7>, <31,6,6>, <32,6,16>, <33,6,3>, <34,6,2>, <35,6,7>, <36,6,16>, <38,6,4>, <39,6,3>, <40,6,5>, <41,6,16>, <42,6,6>, <43,6,8>, <44,6,3>, <45,6,6>, <46,6,2>, <47,6,7>, <48,6,8>, <49,6,2>, <50,6,1>, <51,6,3>, <52,6,1>, <53,6,5>, <54,6,6>, <55,6,1>, <56,6,3>, <57,6,17>, <58,6,2>, <59,6,1>, <60,6,2>, <61,6,1>, <62,6,3>, <63,6,6>, <64,6,1>, <65,6,7>, <66,6,10>, <67,6,2>, <69,6,1>, <70,6,2>, <71,6,2>, <72,6,2>, <74,6,5>, <75,6,2>, <76,6,1>, <78,6,1>, <79,6,2>, <80,6,3>, <81,6,1>, <82,6,4>, <84,6,1>, <85,6,6>, <86,6,2>, <87,6,5>, <88,6,1>, <89,6,3>, <90,6,1>, <92,6,9>, <93,6,5>, <94,6,1>, <95,6,1>, <96,6,1>, <97,6,1>, <98,6,1>, <99,6,2>, <100,6,5>, <101,6,3>, <102,6,1>, <103,6,3>, <104,6,2>, <106,6,2>, <107,6,4>, <109,6,1>, <110,6,2>, <112,6,2>, <113,6,4>, <115,6,1>, <116,6,3>, <118,6,4>, <120,6,5>, <121,6,2>, <122,6,1>, <123,6,1>, <124,6,1>, <126,6,2>, <127,6,4>, <128,6,2>, <129,6,6>, <130,6,2>, <131,6,2>, <132,6,2>, <134,6,1>, <135,6,1>, <136,6,1>, <138,6,1>, <139,6,1>, <140,6,2>, <141,6,1>, <144,6,2>, <147,6,4>, <148,6,1>, <149,6,1>, <150,6,3>, <152,6,6>, <153,6,1>, <154,6,1>, <155,6,1>, <156,6,4>, <158,6,1>, <160,6,1>, <162,6,3>, <163,6,1>, <164,6,2>, <165,6,7>, <167,6,2>, <168,6,3>, <169,6,7>, <172,6,5>, <173,6,1>, <176,6,2>, <177,6,1>, <178,6,4>, <179,6,2>, <180,6,1>, <181,6,3>, <182,6,1>, <183,6,2>, <185,6,2>, <187,6,1>, <188,6,1>, <190,6,1>, <191,6,2>, <192,6,1>, <193,6,1>, <195,6,1>, <197,6,1>, <198,6,2>, <199,6,3>, <202,6,1>, <203,6,2>, <205,6,3>, <207,6,1>, <211,6,1>, <212,6,2>, <214,6,1>, <215,6,1>, <216,6,2>, <218,6,2>, <219,6,3>, <220,6,3>, <222,6,1>, <223,6,2>, <226,6,1>, <228,6,1>, <229,6,1>, <230,6,1>, <232,6,1>, <233,6,2>, <235,6,1>, <237,6,1>, <239,6,1>, <240,6,1>, <242,6,1>, <243,6,2>, <244,6,1>, <245,6,1>, <246,6,1>, <247,6,1>, <249,6,3>, <250,6,1>, <251,6,1>, <252,6,1>, <254,6,1>, <261,6,2>, <263,6,1>, <264,6,4>, <265,6,2>, <266,6,1>, <267,6,1>, <268,6,1>, <269,6,3>, <270,6,3>, <271,6,1>, <272,6,1>, <274,6,1>, <275,6,2>, <279,6,4>, <280,6,5>, <282,6,1>, <283,6,1>, <285,6,2>, <286,6,1>, <288,6,1>, <289,6,1>, <290,6,1>, <293,6,1>, <294,6,1>, <295,6,1>, <297,6,2>, <300,6,1>, <302,6,1>, <303,6,1>, <304,6,1>, <308,6,1>, <312,6,1>, <314,6,1>, <316,6,1>, <317,6,1>, <319,6,1>, <321,6,1>, <322,6,1>, <325,6,1>, <327,6,1>, <328,6,1>, <333,6,1>, <338,6,1>, <339,6,1>, <340,6,1>, <341,6,2>, <342,6,1>, <344,6,1>, <345,6,1>, <347,6,1>, <350,6,1>, <351,6,1>, <352,6,1>, <353,6,1>, <354,6,1>, <358,6,1>, <363,6,1>, <366,6,1>, <367,6,3>, <368,6,1>, <376,6,1>, <378,6,1>, <379,6,1>, <382,6,1>, <383,6,1>, <384,6,1>, <390,6,1>, <391,6,1>, <392,6,1>, <397,6,1>, <399,6,1>, <400,6,1>, <402,6,1>, <403,6,1>, <405,6,1>, <413,6,1>, <417,6,1>, <420,6,1>, <422,6,1>, <425,6,2>, <429,6,1>, <432,6,1>, <435,6,1>, <437,6,1>, <442,6,1>, <443,6,1>, <444,6,1>, <447,6,1>, <448,6,1>, <451,6,1>, <452,6,1>, <453,6,1>, <458,6,1>, <461,6,1>, <462,6,1>, <464,6,1>, <466,6,1>, <469,6,1>, <472,6,1>, <475,6,1>, <477,6,1>, <478,6,1>, <482,6,1>, <484,6,1>, <485,6,1>, <492,6,1>, <496,6,1>, <497,6,1>, <499,6,1>, <505,6,2>, <507,6,2>, <509,6,2>, <511,6,1>, <512,6,1>, <513,6,3>, <516,6,1>, <517,6,1>, <520,6,2>, <521,6,1>, <523,6,1>, <524,6,1>, <525,6,1>, <526,6,1>, <539,6,1>, <547,6,1>, <548,6,1>, <549,6,1>, <558,6,1>, <559,6,1>, <560,6,1>, <561,6,2>, <565,6,1>, <570,6,1>, <571,6,1>, <573,6,1>, <580,6,1>, <584,6,1>, <592,6,1>, <594,6,1>, <598,6,1>, <600,6,2>, <601,6,1>, <605,6,1>, <611,6,1>, <612,6,1>, <613,6,1>, <615,6,1>, <616,6,3>, <618,6,1>, <622,6,1>, <625,6,4>, <629,6,1>, <643,6,2>, <651,6,1>, <654,6,1>, <655,6,1>, <664,6,1>, <671,6,1>, <676,6,1>, <682,6,1>, <697,6,1>, <699,6,1>, <701,6,1>, <705,6,1>, <709,6,1>, <714,6,1>, <716,6,1>, <727,6,1>, <731,6,1>, <735,6,1>, <739,6,1>, <744,6,2>, <750,6,1>, <751,6,1>, <754,6,1>, <755,6,1>, <757,6,1>, <758,6,1>, <768,6,1>, <770,6,1>, <773,6,1>, <779,6,1>, <781,6,1>, <788,6,1>, <792,6,1>, <796,6,1>, <797,6,1>, <798,6,1>, <801,6,1>, <805,6,1>, <806,6,1>, <808,6,1>, <812,6,1>, <818,6,1>, <826,6,1>, <833,6,1>, <840,6,1>, <845,6,1>, <849,6,1>, <852,6,1>, <853,6,1>, <867,6,1>, <883,6,1>, <885,6,2>, <890,6,1>, <903,6,2>, <905,6,1>, <908,6,1>, <927,6,1>, <938,6,1>, <940,6,1>, <942,6,1>, <947,6,1>, <951,6,1>, <955,6,1>, <968,6,1>, <975,6,1>, <978,6,1>, <1,3,262>, <2,3,28>, <3,3,11>, <4,3,32>, <5,3,4>, <6,3,7>, <7,3,13>, <8,3,47>, <9,3,29>, <10,3,57>, <11,3,71>, <12,3,3>, <13,3,11>, <14,3,11>, <15,3,31>, <17,3,27>, <18,3,31>, <19,3,18>, <20,3,13>, <21,3,9>, <22,3,23>, <23,3,21>, <24,3,5>, <25,3,28>, <26,3,6>, <27,3,1>, <28,3,6>, <29,3,1>, <30,3,9>, <31,3,2>, <32,3,13>, <33,3,2>, <34,3,2>, <35,3,1>, <36,3,8>, <37,3,1>, <38,3,19>, <39,3,1>, <40,3,7>, <42,3,2>, <43,3,2>, <44,3,2>, <46,3,1>, <47,3,1>, <48,3,2>, <49,3,1>, <50,3,1>, <51,3,1>, <52,3,4>, <53,3,2>, <54,3,3>, <56,3,2>, <57,3,8>, <58,3,7>, <59,3,4>, <60,3,4>, <61,3,6>, <62,3,2>, <63,3,4>, <64,3,12>, <65,3,2>, <66,3,1>, <67,3,3>, <68,3,8>, <69,3,1>, <70,3,1>, <72,3,1>, <73,3,1>, <75,3,1>, <76,3,1>, <77,3,1>, <78,3,1>, <79,3,3>, <80,3,1>, <81,3,2>, <82,3,3>, <83,3,4>, <84,3,1>, <85,3,5>, <86,3,3>, <87,3,6>, <89,3,1>, <93,3,3>, <97,3,5>, <98,3,4>, <99,3,9>, <101,3,2>, <102,3,3>, <104,3,2>, <105,3,1>, <106,3,2>, <107,3,1>, <108,3,3>, <109,3,2>, <111,3,5>, <112,3,2>, <113,3,1>, <115,3,1>, <117,3,3>, <118,3,1>, <120,3,1>, <121,3,1>, <122,3,1>, <123,3,5>, <124,3,5>, <126,3,6>, <128,3,1>, <129,3,1>, <130,3,2>, <133,3,5>, <134,3,1>, <135,3,1>, <136,3,1>, <137,3,2>, <138,3,1>, <140,3,1>, <141,3,1>, <142,3,1>, <143,3,1>, <144,3,5>, <145,3,2>, <147,3,2>, <148,3,1>, <149,3,3>, <150,3,4>, <151,3,1>, <153,3,1>, <154,3,2>, <155,3,3>, <156,3,1>, <157,3,5>, <158,3,2>, <160,3,2>, <161,3,2>, <162,3,1>, <163,3,2>, <165,3,1>, <166,3,2>, <169,3,1>, <170,3,2>, <173,3,1>, <174,3,1>, <175,3,1>, <176,3,2>, <178,3,2>, <179,3,2>, <180,3,1>, <182,3,2>, <183,3,1>, <184,3,2>, <185,3,2>, <187,3,1>, <189,3,1>, <191,3,1>, <193,3,1>, <194,3,1>, <195,3,1>, <197,3,2>, <200,3,1>, <201,3,1>, <203,3,1>, <205,3,3>, <206,3,1>, <207,3,1>, <209,3,1>, <211,3,1>, <212,3,2>, <213,3,1>, <214,3,2>, <215,3,1>, <217,3,2>, <218,3,2>, <219,3,1>, <220,3,2>, <221,3,1>, <222,3,4>, <223,3,1>, <225,3,1>, <227,3,1>, <228,3,2>, <230,3,1>, <231,3,1>, <233,3,1>, <234,3,1>, <235,3,1>, <236,3,1>, <239,3,1>, <241,3,2>, <248,3,1>, <249,3,2>, <250,3,1>, <253,3,1>, <254,3,2>, <257,3,1>, <258,3,1>, <259,3,1>, <260,3,3>, <263,3,2>, <268,3,1>, <271,3,1>, <272,3,1>, <274,3,1>, <275,3,1>, <276,3,1>, <278,3,1>, <280,3,1>, <282,3,1>, <284,3,3>, <285,3,2>, <287,3,2>, <288,3,1>, <290,3,2>, <293,3,1>, <295,3,1>, <297,3,1>, <298,3,1>, <301,3,2>, <302,3,1>, <303,3,1>, <308,3,2>, <313,3,1>, <314,3,1>, <315,3,1>, <316,3,2>, <323,3,1>, <325,3,2>, <328,3,2>, <329,3,1>, <331,3,1>, <332,3,1>, <333,3,1>, <334,3,1>, <337,3,1>, <339,3,1>, <340,3,1>, <341,3,1>, <342,3,1>, <343,3,1>, <344,3,1>, <345,3,1>, <351,3,1>, <353,3,1>, <354,3,1>, <356,3,1>, <358,3,2>, <361,3,1>, <363,3,1>, <364,3,1>, <366,3,1>, <368,3,1>, <374,3,1>, <378,3,1>, <379,3,1>, <382,3,1>, <384,3,2>, <389,3,2>, <391,3,1>, <394,3,2>, <395,3,1>, <397,3,1>, <400,3,1>, <403,3,1>, <405,3,1>, <408,3,1>, <410,3,1>, <412,3,1>, <415,3,1>, <417,3,2>, <418,3,1>, <420,3,1>, <421,3,1>, <424,3,2>, <426,3,1>, <432,3,2>, <435,3,1>, <440,3,1>, <443,3,2>, <447,3,1>, <450,3,2>, <452,3,1>, <453,3,1>, <459,3,1>, <463,3,1>, <464,3,2>, <466,3,1>, <467,3,1>, <469,3,1>, <471,3,1>, <472,3,1>, <474,3,1>, <477,3,1>, <478,3,1>, <483,3,1>, <484,3,1>, <490,3,1>, <492,3,1>, <495,3,2>, <496,3,1>, <498,3,1>, <499,3,1>, <505,3,1>, <506,3,1>, <507,3,1>, <509,3,1>, <513,3,1>, <516,3,1>, <520,3,1>, <522,3,1>, <526,3,1>, <527,3,2>, <528,3,1>, <532,3,1>, <534,3,1>, <537,3,1>, <538,3,1>, <539,3,1>, <548,3,1>, <550,3,1>, <553,3,1>, <556,3,1>, <560,3,1>, <561,3,1>, <573,3,1>, <576,3,1>, <585,3,1>, <588,3,1>, <592,3,1>, <604,3,1>, <607,3,1>, <609,3,2>, <618,3,1>, <619,3,1>, <621,3,1>, <623,3,1>, <629,3,1>, <645,3,1>, <652,3,1>, <656,3,1>, <657,3,1>, <665,3,1>, <678,3,1>, <682,3,1>, <685,3,1>, <686,3,1>, <688,3,1>, <692,3,1>, <702,3,1>, <706,3,1>, <716,3,1>, <727,3,1>, <738,3,1>, <746,3,1>, <753,3,1>, <754,3,1>, <759,3,1>, <760,3,1>, <766,3,1>, <775,3,1>, <776,3,1>, <778,3,1>, <789,3,1>, <799,3,1>, <803,3,1>, <804,3,1>, <807,3,1>, <818,3,2>, <821,3,2>, <826,3,1>, <828,3,1>, <837,3,1>, <851,3,1>, <876,3,1>, <895,3,1>, <900,3,2>, <907,3,1>, <908,3,1>, <911,3,1>, <928,3,2>, <933,3,1>, <938,3,1>, <947,3,1>, <951,3,1>, <952,3,5>, <966,3,1>, <969,3,1>, <973,3,1>, <984,3,1>, <987,3,1>, <1,2,7>, <2,2,491>, <3,2,67>, <4,2,50>, <5,2,80>, <6,2,10>, <7,2,19>, <8,2,28>, <9,2,41>, <10,2,5>, <11,2,23>, <12,2,33>, <13,2,4>, <14,2,9>, <15,2,26>, <16,2,7>, <18,2,23>, <19,2,3>, <20,2,9>, <21,2,15>, <22,2,11>, <25,2,3>, <26,2,17>, <27,2,11>, <28,2,16>, <29,2,1>, <30,2,3>, <31,2,7>, <32,2,3>, <33,2,4>, <34,2,1>, <36,2,1>, <37,2,6>, <38,2,1>, <39,2,1>, <41,2,2>, <42,2,12>, <43,2,13>, <44,2,17>, <45,2,4>, <46,2,5>, <47,2,6>, <48,2,4>, <49,2,2>, <51,2,3>, <52,2,3>, <53,2,1>, <54,2,7>, <55,2,4>, <56,2,2>, <57,2,4>, <58,2,2>, <59,2,8>, <60,2,12>, <61,2,4>, <62,2,8>, <64,2,1>, <66,2,7>, <67,2,2>, <68,2,1>, <69,2,4>, <71,2,4>, <73,2,2>, <74,2,1>, <75,2,7>, <77,2,1>, <78,2,2>, <79,2,4>, <80,2,6>, <81,2,2>, <83,2,2>, <84,2,4>, <85,2,3>, <86,2,1>, <87,2,6>, <88,2,1>, <90,2,1>, <91,2,4>, <92,2,3>, <93,2,1>, <94,2,3>, <95,2,1>, <97,2,1>, <99,2,2>, <100,2,3>, <101,2,1>, <102,2,6>, <104,2,2>, <105,2,2>, <106,2,6>, <107,2,3>, <108,2,2>, <110,2,5>, <111,2,4>, <113,2,1>, <114,2,5>, <115,2,2>, <117,2,2>, <118,2,1>, <121,2,3>, <123,2,1>, <124,2,2>, <125,2,2>, <126,2,1>, <127,2,1>, <128,2,5>, <130,2,1>, <131,2,1>, <132,2,4>, <134,2,1>, <135,2,3>, <137,2,2>, <139,2,1>, <141,2,1>, <143,2,1>, <146,2,1>, <147,2,1>, <149,2,6>, <150,2,1>, <151,2,2>, <154,2,1>, <155,2,2>, <156,2,2>, <157,2,3>, <158,2,1>, <160,2,1>, <162,2,2>, <164,2,1>, <167,2,1>, <168,2,1>, <170,2,2>, <172,2,2>, <174,2,2>, <175,2,3>, <176,2,4>, <178,2,6>, <180,2,1>, <181,2,2>, <183,2,1>, <184,2,3>, <185,2,1>, <187,2,1>, <188,2,2>, <189,2,1>, <190,2,2>, <192,2,1>, <195,2,1>, <197,2,1>, <199,2,1>, <201,2,2>, <203,2,4>, <204,2,1>, <206,2,1>, <210,2,1>, <213,2,3>, <214,2,1>, <215,2,1>, <217,2,1>, <218,2,1>, <219,2,2>, <220,2,1>, <223,2,1>, <225,2,2>, <226,2,2>, <229,2,1>, <230,2,2>, <231,2,2>, <233,2,1>, <235,2,1>, <240,2,1>, <241,2,1>, <242,2,1>, <245,2,1>, <247,2,1>, <248,2,2>, <250,2,3>, <251,2,1>, <253,2,1>, <254,2,1>, <256,2,1>, <257,2,2>, <258,2,3>, <259,2,1>, <262,2,1>, <263,2,1>, <274,2,1>, <276,2,1>, <277,2,1>, <281,2,1>, <282,2,1>, <283,2,3>, <285,2,3>, <286,2,1>, <287,2,1>, <291,2,1>, <292,2,1>, <293,2,1>, <295,2,1>, <299,2,1>, <303,2,2>, <305,2,1>, <306,2,1>, <307,2,1>, <309,2,1>, <310,2,1>, <313,2,1>, <314,2,1>, <319,2,1>, <320,2,1>, <322,2,1>, <323,2,1>, <329,2,2>, <330,2,3>, <335,2,2>, <336,2,1>, <337,2,1>, <339,2,1>, <340,2,2>, <343,2,2>, <344,2,2>, <347,2,2>, <348,2,1>, <349,2,2>, <352,2,1>, <357,2,1>, <360,2,1>, <364,2,1>, <365,2,2>, <366,2,1>, <367,2,1>, <369,2,2>, <372,2,2>, <373,2,1>, <374,2,1>, <377,2,1>, <381,2,1>, <383,2,1>, <386,2,2>, <387,2,1>, <394,2,1>, <395,2,2>, <396,2,1>, <400,2,1>, <403,2,1>, <412,2,1>, <414,2,2>, <415,2,1>, <417,2,1>, <418,2,1>, <427,2,1>, <430,2,1>, <438,2,2>, <440,2,1>, <444,2,1>, <447,2,1>, <450,2,1>, <453,2,1>, <458,2,2>, <461,2,1>, <462,2,1>, <463,2,1>, <466,2,2>, <467,2,3>, <469,2,1>, <474,2,1>, <478,2,2>, <481,2,2>, <486,2,1>, <487,2,2>, <488,2,1>, <490,2,1>, <493,2,1>, <497,2,1>, <499,2,1>, <506,2,1>, <509,2,1>, <514,2,1>, <515,2,1>, <517,2,1>, <521,2,2>, <525,2,2>, <526,2,1>, <529,2,2>, <530,2,1>, <532,2,1>, <535,2,2>, <541,2,1>, <544,2,1>, <545,2,1>, <550,2,1>, <553,2,1>, <556,2,2>, <557,2,1>, <559,2,1>, <563,2,1>, <564,2,2>, <568,2,1>, <574,2,3>, <580,2,1>, <582,2,1>, <584,2,1>, <589,2,4>, <600,2,1>, <601,2,1>, <606,2,1>, <615,2,1>, <619,2,1>, <623,2,1>, <631,2,1>, <645,2,1>, <647,2,1>, <650,2,1>, <651,2,1>, <655,2,1>, <656,2,1>, <657,2,1>, <659,2,1>, <668,2,1>, <678,2,1>, <687,2,1>, <691,2,1>, <696,2,1>, <699,2,1>, <702,2,1>, <705,2,1>, <706,2,1>, <713,2,1>, <718,2,1>, <727,2,1>, <739,2,1>, <746,2,1>, <750,2,1>, <757,2,1>, <765,2,1>, <786,2,1>, <791,2,1>, <792,2,1>, <798,2,1>, <799,2,1>, <803,2,1>, <807,2,1>, <808,2,1>, <818,2,2>, <837,2,1>, <840,2,1>, <846,2,1>, <847,2,1>, <851,2,1>, <858,2,1>, <861,2,1>, <885,2,1>, <887,2,1>, <897,2,1>, <908,2,1>, <930,2,1>, <933,2,2>, <938,2,1>, <968,2,1> };

MaxCacheStorageAtSingleAS= [ 1312.5  1312.5  1312.5  1312.5  1312.5  1312.5  1312.5  1312.5  1312.5  1312.5 ] ;

MaxCacheStorage = 13125 ;
SolutionGap = 0.01 ;
