
ASes= { 1, 2, 3, 4, 5, 6, 7, 8, 9, 10 } ;


Objects= { 1, 2, 3, 4, 5, 6, 7, 8, 9, 10, 11, 12, 13, 14, 15, 16, 17, 18, 19, 20, 21, 22, 23, 24, 25, 26, 27, 28, 29, 30, 31, 32, 33, 34, 35, 36, 37, 38, 39, 40, 41, 42, 43, 44, 45, 46, 47, 48, 49, 50, 51, 52, 53, 54, 55, 56, 57, 58, 59, 60, 61, 62, 63, 64, 65, 66, 67, 68, 69, 70, 71, 72, 73, 74, 75, 76, 77, 78, 79, 80, 81, 82, 83, 84, 85, 86, 87, 88, 89, 90, 91, 92, 93, 94, 95, 96, 97, 98, 99, 100, 101, 102, 103, 104, 105, 106, 107, 108, 109, 110, 111, 112, 113, 114, 115, 116, 117, 118, 119, 120, 121, 122, 123, 124, 125, 126, 127, 128, 129, 130, 131, 132, 133, 134, 135, 136, 137, 138, 139, 140, 141, 142, 143, 144, 145, 146, 147, 148, 149, 150, 151, 152, 153, 154, 155, 156, 157, 158, 159, 160, 161, 162, 163, 164, 165, 166, 167, 168, 169, 170, 171, 172, 173, 174, 175, 176, 177, 178, 179, 180, 181, 182, 183, 184, 185, 186, 187, 188, 189, 190, 191, 192, 193, 194, 195, 196, 197, 198, 199, 200, 201, 202, 203, 204, 205, 206, 207, 208, 209, 210, 211, 212, 213, 214, 215, 216, 217, 218, 219, 220, 221, 222, 223, 224, 225, 226, 227, 228, 229, 230, 231, 232, 233, 234, 235, 236, 237, 238, 239, 240, 241, 242, 243, 244, 245, 246, 247, 248, 249, 250, 251, 252, 253, 254, 255, 256, 257, 258, 259, 260, 261, 262, 263, 264, 265, 266, 267, 268, 269, 270, 271, 272, 273, 274, 275, 276, 277, 278, 279, 280, 281, 282, 283, 284, 285, 286, 287, 288, 289, 290, 291, 292, 293, 294, 295, 296, 297, 298, 299, 300, 301, 302, 303, 304, 305, 306, 307, 308, 309, 310, 311, 312, 313, 314, 315, 316, 317, 318, 319, 320, 321, 322, 323, 324, 325, 326, 327, 328, 329, 330, 331, 332, 333, 334, 335, 336, 337, 338, 339, 340, 341, 342, 343, 344, 345, 346, 347, 348, 349, 350, 351, 352, 353, 354, 355, 356, 357, 358, 359, 360, 361, 362, 363, 364, 365, 366, 367, 368, 369, 370, 371, 372, 373, 374, 375, 376, 377, 378, 379, 380, 381, 382, 383, 384, 385, 386, 387, 388, 389, 390, 391, 392, 393, 394, 395, 396, 397, 398, 399, 400, 401, 402, 403, 404, 405, 406, 407, 408, 409, 410, 411, 412, 413, 414, 415, 416, 417, 418, 419, 420, 421, 422, 423, 424, 425, 426, 427, 428, 429, 430, 431, 432, 433, 434, 435, 436, 437, 438, 439, 440, 441, 442, 443, 444, 445, 446, 447, 448, 449, 450, 451, 452, 453, 454, 455, 456, 457, 458, 459, 460, 461, 462, 463, 464, 465, 466, 467, 468, 469, 470, 471, 472, 473, 474, 475, 476, 477, 478, 479, 480, 481, 482, 483, 484, 485, 486, 487, 488, 489, 490, 491, 492, 493, 494, 495, 496, 497, 498, 499, 500, 501, 502, 503, 504, 505, 506, 507, 508, 509, 510, 511, 512, 513, 514, 515, 516, 517, 518, 519, 520, 521, 522, 523, 524, 525, 526, 527, 528, 529, 530, 531, 532, 533, 534, 535, 536, 537, 538, 539, 540, 541, 542, 543, 544, 545, 546, 547, 548, 549, 550, 551, 552, 553, 554, 555, 556, 557, 558, 559, 560, 561, 562, 563, 564, 565, 566, 567, 568, 569, 570, 571, 572, 573, 574, 575, 576, 577, 578, 579, 580, 581, 582, 583, 584, 585, 586, 587, 588, 589, 590, 591, 592, 593, 594, 595, 596, 597, 598, 599, 600, 601, 602, 603, 604, 605, 606, 607, 608, 609, 610, 611, 612, 613, 614, 615, 616, 617, 618, 619, 620, 621, 622, 623, 624, 625, 626, 627, 628, 629, 630, 631, 632, 633, 634, 635, 636, 637, 638, 639, 640, 641, 642, 643, 644, 645, 646, 647, 648, 649, 650, 651, 652, 653, 654, 655, 656, 657, 658, 659, 660, 661, 662, 663, 664, 665, 666, 667, 668, 669, 670, 671, 672, 673, 674, 675, 676, 677, 678, 679, 680, 681, 682, 683, 684, 685, 686, 687, 688, 689, 690, 691, 692, 693, 694, 695, 696, 697, 698, 699, 700, 701, 702, 703, 704, 705, 706, 707, 708, 709, 710, 711, 712, 713, 714, 715, 716, 717, 718, 719, 720, 721, 722, 723, 724, 725, 726, 727, 728, 729, 730, 731, 732, 733, 734, 735, 736, 737, 738, 739, 740, 741, 742, 743, 744, 745, 746, 747, 748, 749, 750, 751, 752, 753, 754, 755, 756, 757, 758, 759, 760, 761, 762, 763, 764, 765, 766, 767, 768, 769, 770, 771, 772, 773, 774, 775, 776, 777, 778, 779, 780, 781, 782, 783, 784, 785, 786, 787, 788, 789, 790, 791, 792, 793, 794, 795, 796, 797, 798, 799, 800, 801, 802, 803, 804, 805, 806, 807, 808, 809, 810, 811, 812, 813, 814, 815, 816, 817, 818, 819, 820, 821, 822, 823, 824, 825, 826, 827, 828, 829, 830, 831, 832, 833, 834, 835, 836, 837, 838, 839, 840, 841, 842, 843, 844, 845, 846, 847, 848, 849, 850, 851, 852, 853, 854, 855, 856, 857, 858, 859, 860, 861, 862, 863, 864, 865, 866, 867, 868, 869, 870, 871, 872, 873, 874, 875, 876, 877, 878, 879, 880, 881, 882, 883, 884, 885, 886, 887, 888, 889, 890, 891, 892, 893, 894, 895, 896, 897, 898, 899, 900, 901, 902, 903, 904, 905, 906, 907, 908, 909, 910, 911, 912, 913, 914, 915, 916, 917, 918, 919, 920, 921, 922, 923, 924, 925, 926, 927, 928, 929, 930, 931, 932, 933, 934, 935, 936, 937, 938, 939, 940, 941, 942, 943, 944, 945, 946, 947, 948, 949, 950, 951, 952, 953, 954, 955, 956, 957, 958, 959, 960, 961, 962, 963, 964, 965, 966, 967, 968, 969, 970, 971, 972, 973, 974, 975, 976, 977, 978, 979, 980, 981, 982, 983, 984, 985, 986, 987, 988, 989, 990, 991, 992, 993, 994, 995, 996, 997, 998, 999, 1000 } ;


QualityLevels= { 0, 1, 2, 3, 4, 5 } ;

Arcs = { <1,2,490000>, <2,1,490000>,<1,3,490000>, <3,1,490000>,<3,4,490000>, <4,3,490000>,<2,5,490000>, <5,2,490000>,<2,6,490000>, <6,2,490000>,<3,7,490000>, <7,3,490000>,<4,8,490000>, <8,4,490000>,<1,9,490000>, <9,1,490000>,<2,10,490000>, <10,2,490000> }; 


RatePerQuality= [ 0  300  700  1500  2500  3500 ] ;


CacheSpacePerQuality= [ 10000  11.25  26.25  56.25  93.75  131.25 ] ;


UtilityPerQuality= [ 0  0.66874  0.795271  0.880112  0.945742  1 ] ;


ObjectsPublishedByProducers=[ [ 0  0  0  0  0  1  0  0  0  0 ]  [ 0  0  0  0  1  0  0  0  0  0 ]  [ 0  0  0  0  0  1  0  0  0  0 ]  [ 0  0  0  0  1  0  0  0  0  0 ]  [ 0  0  0  0  1  0  0  0  0  0 ]  [ 0  0  0  0  0  0  1  0  0  0 ]  [ 0  0  0  0  0  0  0  0  1  0 ]  [ 0  0  0  0  0  0  0  0  1  0 ]  [ 0  0  0  0  0  0  0  1  0  0 ]  [ 0  0  0  0  0  1  0  0  0  0 ]  [ 0  0  0  0  0  0  1  0  0  0 ]  [ 0  0  0  0  0  1  0  0  0  0 ]  [ 0  0  0  0  1  0  0  0  0  0 ]  [ 0  0  0  0  1  0  0  0  0  0 ]  [ 0  0  0  0  0  1  0  0  0  0 ]  [ 0  0  0  0  0  0  0  0  1  0 ]  [ 0  0  0  0  0  0  0  0  1  0 ]  [ 0  0  0  0  0  0  0  0  1  0 ]  [ 0  0  0  0  0  0  0  0  1  0 ]  [ 0  0  0  0  1  0  0  0  0  0 ]  [ 0  0  0  0  0  1  0  0  0  0 ]  [ 0  0  0  0  0  0  0  1  0  0 ]  [ 0  0  0  0  0  0  0  1  0  0 ]  [ 0  0  0  0  0  0  0  0  1  0 ]  [ 0  0  0  0  0  0  0  0  1  0 ]  [ 0  0  0  0  1  0  0  0  0  0 ]  [ 0  0  0  0  0  0  0  1  0  0 ]  [ 0  0  0  0  0  0  0  1  0  0 ]  [ 0  0  0  0  0  0  1  0  0  0 ]  [ 0  0  0  0  1  0  0  0  0  0 ]  [ 0  0  0  0  0  0  1  0  0  0 ]  [ 0  0  0  0  1  0  0  0  0  0 ]  [ 0  0  0  0  0  0  0  0  1  0 ]  [ 0  0  0  0  0  0  0  0  1  0 ]  [ 0  0  0  0  0  0  1  0  0  0 ]  [ 0  0  0  0  0  1  0  0  0  0 ]  [ 0  0  0  0  0  0  0  0  1  0 ]  [ 0  0  0  0  0  0  1  0  0  0 ]  [ 0  0  0  0  0  0  0  0  1  0 ]  [ 0  0  0  0  0  0  0  0  1  0 ]  [ 0  0  0  0  0  0  1  0  0  0 ]  [ 0  0  0  0  0  0  1  0  0  0 ]  [ 0  0  0  0  0  0  1  0  0  0 ]  [ 0  0  0  0  0  0  1  0  0  0 ]  [ 0  0  0  0  1  0  0  0  0  0 ]  [ 0  0  0  0  0  1  0  0  0  0 ]  [ 0  0  0  0  0  0  0  0  1  0 ]  [ 0  0  0  0  1  0  0  0  0  0 ]  [ 0  0  0  0  1  0  0  0  0  0 ]  [ 0  0  0  0  0  0  0  1  0  0 ]  [ 0  0  0  0  0  1  0  0  0  0 ]  [ 0  0  0  0  0  0  1  0  0  0 ]  [ 0  0  0  0  0  0  1  0  0  0 ]  [ 0  0  0  0  0  1  0  0  0  0 ]  [ 0  0  0  0  0  0  0  0  1  0 ]  [ 0  0  0  0  1  0  0  0  0  0 ]  [ 0  0  0  0  0  0  1  0  0  0 ]  [ 0  0  0  0  0  1  0  0  0  0 ]  [ 0  0  0  0  0  0  0  1  0  0 ]  [ 0  0  0  0  0  1  0  0  0  0 ]  [ 0  0  0  0  0  1  0  0  0  0 ]  [ 0  0  0  0  0  0  0  1  0  0 ]  [ 0  0  0  0  0  1  0  0  0  0 ]  [ 0  0  0  0  0  0  1  0  0  0 ]  [ 0  0  0  0  0  0  0  0  1  0 ]  [ 0  0  0  0  1  0  0  0  0  0 ]  [ 0  0  0  0  1  0  0  0  0  0 ]  [ 0  0  0  0  0  1  0  0  0  0 ]  [ 0  0  0  0  0  0  0  1  0  0 ]  [ 0  0  0  0  0  0  0  1  0  0 ]  [ 0  0  0  0  0  1  0  0  0  0 ]  [ 0  0  0  0  0  1  0  0  0  0 ]  [ 0  0  0  0  1  0  0  0  0  0 ]  [ 0  0  0  0  0  0  1  0  0  0 ]  [ 0  0  0  0  1  0  0  0  0  0 ]  [ 0  0  0  0  0  0  0  1  0  0 ]  [ 0  0  0  0  0  0  0  0  1  0 ]  [ 0  0  0  0  0  0  0  0  1  0 ]  [ 0  0  0  0  0  0  0  1  0  0 ]  [ 0  0  0  0  0  0  0  0  1  0 ]  [ 0  0  0  0  1  0  0  0  0  0 ]  [ 0  0  0  0  0  1  0  0  0  0 ]  [ 0  0  0  0  0  0  0  0  1  0 ]  [ 0  0  0  0  0  0  0  1  0  0 ]  [ 0  0  0  0  0  0  1  0  0  0 ]  [ 0  0  0  0  0  0  0  0  1  0 ]  [ 0  0  0  0  0  0  0  1  0  0 ]  [ 0  0  0  0  0  0  0  0  1  0 ]  [ 0  0  0  0  0  1  0  0  0  0 ]  [ 0  0  0  0  1  0  0  0  0  0 ]  [ 0  0  0  0  0  0  1  0  0  0 ]  [ 0  0  0  0  1  0  0  0  0  0 ]  [ 0  0  0  0  0  1  0  0  0  0 ]  [ 0  0  0  0  0  0  0  0  1  0 ]  [ 0  0  0  0  0  1  0  0  0  0 ]  [ 0  0  0  0  1  0  0  0  0  0 ]  [ 0  0  0  0  1  0  0  0  0  0 ]  [ 0  0  0  0  1  0  0  0  0  0 ]  [ 0  0  0  0  0  0  0  1  0  0 ]  [ 0  0  0  0  0  1  0  0  0  0 ]  [ 0  0  0  0  0  1  0  0  0  0 ]  [ 0  0  0  0  1  0  0  0  0  0 ]  [ 0  0  0  0  0  0  0  0  1  0 ]  [ 0  0  0  0  0  0  1  0  0  0 ]  [ 0  0  0  0  0  1  0  0  0  0 ]  [ 0  0  0  0  1  0  0  0  0  0 ]  [ 0  0  0  0  1  0  0  0  0  0 ]  [ 0  0  0  0  1  0  0  0  0  0 ]  [ 0  0  0  0  0  0  0  1  0  0 ]  [ 0  0  0  0  1  0  0  0  0  0 ]  [ 0  0  0  0  1  0  0  0  0  0 ]  [ 0  0  0  0  0  0  1  0  0  0 ]  [ 0  0  0  0  0  1  0  0  0  0 ]  [ 0  0  0  0  0  0  0  0  1  0 ]  [ 0  0  0  0  1  0  0  0  0  0 ]  [ 0  0  0  0  0  0  1  0  0  0 ]  [ 0  0  0  0  0  0  0  1  0  0 ]  [ 0  0  0  0  0  0  1  0  0  0 ]  [ 0  0  0  0  0  0  0  0  1  0 ]  [ 0  0  0  0  0  0  1  0  0  0 ]  [ 0  0  0  0  0  1  0  0  0  0 ]  [ 0  0  0  0  0  0  1  0  0  0 ]  [ 0  0  0  0  1  0  0  0  0  0 ]  [ 0  0  0  0  0  0  1  0  0  0 ]  [ 0  0  0  0  0  1  0  0  0  0 ]  [ 0  0  0  0  0  0  0  0  1  0 ]  [ 0  0  0  0  0  0  0  0  1  0 ]  [ 0  0  0  0  0  0  1  0  0  0 ]  [ 0  0  0  0  1  0  0  0  0  0 ]  [ 0  0  0  0  0  1  0  0  0  0 ]  [ 0  0  0  0  0  1  0  0  0  0 ]  [ 0  0  0  0  0  1  0  0  0  0 ]  [ 0  0  0  0  0  1  0  0  0  0 ]  [ 0  0  0  0  0  0  0  0  1  0 ]  [ 0  0  0  0  1  0  0  0  0  0 ]  [ 0  0  0  0  1  0  0  0  0  0 ]  [ 0  0  0  0  0  0  0  0  1  0 ]  [ 0  0  0  0  0  0  1  0  0  0 ]  [ 0  0  0  0  0  0  0  0  1  0 ]  [ 0  0  0  0  0  0  1  0  0  0 ]  [ 0  0  0  0  0  0  0  0  1  0 ]  [ 0  0  0  0  0  0  0  1  0  0 ]  [ 0  0  0  0  0  0  0  1  0  0 ]  [ 0  0  0  0  0  0  0  1  0  0 ]  [ 0  0  0  0  0  0  1  0  0  0 ]  [ 0  0  0  0  1  0  0  0  0  0 ]  [ 0  0  0  0  0  1  0  0  0  0 ]  [ 0  0  0  0  0  0  0  0  1  0 ]  [ 0  0  0  0  0  0  0  0  1  0 ]  [ 0  0  0  0  0  0  0  0  1  0 ]  [ 0  0  0  0  0  1  0  0  0  0 ]  [ 0  0  0  0  0  0  0  1  0  0 ]  [ 0  0  0  0  0  0  0  1  0  0 ]  [ 0  0  0  0  0  0  0  1  0  0 ]  [ 0  0  0  0  0  0  0  0  1  0 ]  [ 0  0  0  0  0  0  1  0  0  0 ]  [ 0  0  0  0  0  0  0  1  0  0 ]  [ 0  0  0  0  0  0  0  1  0  0 ]  [ 0  0  0  0  0  1  0  0  0  0 ]  [ 0  0  0  0  0  0  0  0  1  0 ]  [ 0  0  0  0  0  0  0  0  1  0 ]  [ 0  0  0  0  1  0  0  0  0  0 ]  [ 0  0  0  0  0  0  0  0  1  0 ]  [ 0  0  0  0  0  0  0  0  1  0 ]  [ 0  0  0  0  0  0  0  1  0  0 ]  [ 0  0  0  0  1  0  0  0  0  0 ]  [ 0  0  0  0  0  0  0  0  1  0 ]  [ 0  0  0  0  1  0  0  0  0  0 ]  [ 0  0  0  0  0  0  0  0  1  0 ]  [ 0  0  0  0  0  0  0  1  0  0 ]  [ 0  0  0  0  1  0  0  0  0  0 ]  [ 0  0  0  0  1  0  0  0  0  0 ]  [ 0  0  0  0  0  0  0  1  0  0 ]  [ 0  0  0  0  0  0  1  0  0  0 ]  [ 0  0  0  0  0  0  0  1  0  0 ]  [ 0  0  0  0  0  0  0  0  1  0 ]  [ 0  0  0  0  0  1  0  0  0  0 ]  [ 0  0  0  0  1  0  0  0  0  0 ]  [ 0  0  0  0  0  0  0  0  1  0 ]  [ 0  0  0  0  1  0  0  0  0  0 ]  [ 0  0  0  0  0  0  0  0  1  0 ]  [ 0  0  0  0  1  0  0  0  0  0 ]  [ 0  0  0  0  0  0  0  0  1  0 ]  [ 0  0  0  0  0  0  0  1  0  0 ]  [ 0  0  0  0  0  0  0  0  1  0 ]  [ 0  0  0  0  0  0  1  0  0  0 ]  [ 0  0  0  0  0  0  0  0  1  0 ]  [ 0  0  0  0  0  1  0  0  0  0 ]  [ 0  0  0  0  0  0  0  1  0  0 ]  [ 0  0  0  0  0  1  0  0  0  0 ]  [ 0  0  0  0  0  0  0  0  1  0 ]  [ 0  0  0  0  0  0  0  1  0  0 ]  [ 0  0  0  0  0  0  1  0  0  0 ]  [ 0  0  0  0  0  0  1  0  0  0 ]  [ 0  0  0  0  1  0  0  0  0  0 ]  [ 0  0  0  0  1  0  0  0  0  0 ]  [ 0  0  0  0  0  0  1  0  0  0 ]  [ 0  0  0  0  0  0  1  0  0  0 ]  [ 0  0  0  0  0  0  0  0  1  0 ]  [ 0  0  0  0  0  0  0  1  0  0 ]  [ 0  0  0  0  1  0  0  0  0  0 ]  [ 0  0  0  0  0  1  0  0  0  0 ]  [ 0  0  0  0  0  0  0  1  0  0 ]  [ 0  0  0  0  0  0  1  0  0  0 ]  [ 0  0  0  0  1  0  0  0  0  0 ]  [ 0  0  0  0  0  0  0  0  1  0 ]  [ 0  0  0  0  0  0  0  0  1  0 ]  [ 0  0  0  0  1  0  0  0  0  0 ]  [ 0  0  0  0  0  0  1  0  0  0 ]  [ 0  0  0  0  0  1  0  0  0  0 ]  [ 0  0  0  0  0  0  0  1  0  0 ]  [ 0  0  0  0  0  1  0  0  0  0 ]  [ 0  0  0  0  0  1  0  0  0  0 ]  [ 0  0  0  0  0  0  1  0  0  0 ]  [ 0  0  0  0  0  0  0  0  1  0 ]  [ 0  0  0  0  1  0  0  0  0  0 ]  [ 0  0  0  0  1  0  0  0  0  0 ]  [ 0  0  0  0  0  0  0  1  0  0 ]  [ 0  0  0  0  0  0  0  0  1  0 ]  [ 0  0  0  0  0  0  1  0  0  0 ]  [ 0  0  0  0  0  0  1  0  0  0 ]  [ 0  0  0  0  0  0  0  0  1  0 ]  [ 0  0  0  0  0  0  0  1  0  0 ]  [ 0  0  0  0  1  0  0  0  0  0 ]  [ 0  0  0  0  0  0  0  0  1  0 ]  [ 0  0  0  0  1  0  0  0  0  0 ]  [ 0  0  0  0  0  1  0  0  0  0 ]  [ 0  0  0  0  0  0  0  0  1  0 ]  [ 0  0  0  0  0  0  1  0  0  0 ]  [ 0  0  0  0  0  0  0  1  0  0 ]  [ 0  0  0  0  1  0  0  0  0  0 ]  [ 0  0  0  0  0  0  0  0  1  0 ]  [ 0  0  0  0  1  0  0  0  0  0 ]  [ 0  0  0  0  1  0  0  0  0  0 ]  [ 0  0  0  0  0  0  1  0  0  0 ]  [ 0  0  0  0  0  1  0  0  0  0 ]  [ 0  0  0  0  0  0  1  0  0  0 ]  [ 0  0  0  0  0  0  0  0  1  0 ]  [ 0  0  0  0  0  0  0  1  0  0 ]  [ 0  0  0  0  1  0  0  0  0  0 ]  [ 0  0  0  0  0  1  0  0  0  0 ]  [ 0  0  0  0  0  0  1  0  0  0 ]  [ 0  0  0  0  0  0  1  0  0  0 ]  [ 0  0  0  0  0  0  0  1  0  0 ]  [ 0  0  0  0  0  0  1  0  0  0 ]  [ 0  0  0  0  1  0  0  0  0  0 ]  [ 0  0  0  0  0  1  0  0  0  0 ]  [ 0  0  0  0  0  0  0  0  1  0 ]  [ 0  0  0  0  0  1  0  0  0  0 ]  [ 0  0  0  0  0  0  0  1  0  0 ]  [ 0  0  0  0  0  0  0  0  1  0 ]  [ 0  0  0  0  0  0  0  1  0  0 ]  [ 0  0  0  0  0  0  0  1  0  0 ]  [ 0  0  0  0  0  0  0  1  0  0 ]  [ 0  0  0  0  0  1  0  0  0  0 ]  [ 0  0  0  0  0  0  0  0  1  0 ]  [ 0  0  0  0  0  0  1  0  0  0 ]  [ 0  0  0  0  0  0  0  0  1  0 ]  [ 0  0  0  0  0  1  0  0  0  0 ]  [ 0  0  0  0  0  0  0  0  1  0 ]  [ 0  0  0  0  0  0  0  1  0  0 ]  [ 0  0  0  0  0  0  0  1  0  0 ]  [ 0  0  0  0  0  0  1  0  0  0 ]  [ 0  0  0  0  1  0  0  0  0  0 ]  [ 0  0  0  0  0  0  0  1  0  0 ]  [ 0  0  0  0  0  1  0  0  0  0 ]  [ 0  0  0  0  0  0  0  1  0  0 ]  [ 0  0  0  0  1  0  0  0  0  0 ]  [ 0  0  0  0  1  0  0  0  0  0 ]  [ 0  0  0  0  1  0  0  0  0  0 ]  [ 0  0  0  0  0  0  0  0  1  0 ]  [ 0  0  0  0  1  0  0  0  0  0 ]  [ 0  0  0  0  0  0  0  0  1  0 ]  [ 0  0  0  0  0  1  0  0  0  0 ]  [ 0  0  0  0  0  0  1  0  0  0 ]  [ 0  0  0  0  0  1  0  0  0  0 ]  [ 0  0  0  0  0  0  0  1  0  0 ]  [ 0  0  0  0  1  0  0  0  0  0 ]  [ 0  0  0  0  0  0  1  0  0  0 ]  [ 0  0  0  0  0  0  0  0  1  0 ]  [ 0  0  0  0  1  0  0  0  0  0 ]  [ 0  0  0  0  0  0  0  1  0  0 ]  [ 0  0  0  0  0  1  0  0  0  0 ]  [ 0  0  0  0  0  1  0  0  0  0 ]  [ 0  0  0  0  1  0  0  0  0  0 ]  [ 0  0  0  0  1  0  0  0  0  0 ]  [ 0  0  0  0  0  0  0  0  1  0 ]  [ 0  0  0  0  0  0  0  0  1  0 ]  [ 0  0  0  0  0  0  0  0  1  0 ]  [ 0  0  0  0  0  0  0  0  1  0 ]  [ 0  0  0  0  0  0  0  0  1  0 ]  [ 0  0  0  0  1  0  0  0  0  0 ]  [ 0  0  0  0  0  0  1  0  0  0 ]  [ 0  0  0  0  0  0  1  0  0  0 ]  [ 0  0  0  0  0  0  1  0  0  0 ]  [ 0  0  0  0  0  0  0  0  1  0 ]  [ 0  0  0  0  0  0  0  1  0  0 ]  [ 0  0  0  0  0  0  0  0  1  0 ]  [ 0  0  0  0  1  0  0  0  0  0 ]  [ 0  0  0  0  0  0  0  1  0  0 ]  [ 0  0  0  0  0  0  0  1  0  0 ]  [ 0  0  0  0  0  0  0  1  0  0 ]  [ 0  0  0  0  0  0  0  1  0  0 ]  [ 0  0  0  0  0  0  0  0  1  0 ]  [ 0  0  0  0  0  1  0  0  0  0 ]  [ 0  0  0  0  0  0  0  0  1  0 ]  [ 0  0  0  0  0  0  1  0  0  0 ]  [ 0  0  0  0  0  0  1  0  0  0 ]  [ 0  0  0  0  0  0  0  0  1  0 ]  [ 0  0  0  0  0  0  0  1  0  0 ]  [ 0  0  0  0  0  1  0  0  0  0 ]  [ 0  0  0  0  0  1  0  0  0  0 ]  [ 0  0  0  0  0  1  0  0  0  0 ]  [ 0  0  0  0  0  0  0  1  0  0 ]  [ 0  0  0  0  0  0  0  0  1  0 ]  [ 0  0  0  0  0  0  0  0  1  0 ]  [ 0  0  0  0  0  0  1  0  0  0 ]  [ 0  0  0  0  0  0  1  0  0  0 ]  [ 0  0  0  0  0  0  0  0  1  0 ]  [ 0  0  0  0  0  1  0  0  0  0 ]  [ 0  0  0  0  0  0  1  0  0  0 ]  [ 0  0  0  0  1  0  0  0  0  0 ]  [ 0  0  0  0  1  0  0  0  0  0 ]  [ 0  0  0  0  0  0  1  0  0  0 ]  [ 0  0  0  0  0  0  0  1  0  0 ]  [ 0  0  0  0  0  0  0  1  0  0 ]  [ 0  0  0  0  0  1  0  0  0  0 ]  [ 0  0  0  0  0  0  0  0  1  0 ]  [ 0  0  0  0  0  0  0  1  0  0 ]  [ 0  0  0  0  1  0  0  0  0  0 ]  [ 0  0  0  0  1  0  0  0  0  0 ]  [ 0  0  0  0  0  0  0  0  1  0 ]  [ 0  0  0  0  0  0  0  0  1  0 ]  [ 0  0  0  0  0  0  0  0  1  0 ]  [ 0  0  0  0  0  0  0  1  0  0 ]  [ 0  0  0  0  0  1  0  0  0  0 ]  [ 0  0  0  0  1  0  0  0  0  0 ]  [ 0  0  0  0  0  1  0  0  0  0 ]  [ 0  0  0  0  0  1  0  0  0  0 ]  [ 0  0  0  0  0  0  0  0  1  0 ]  [ 0  0  0  0  0  0  0  0  1  0 ]  [ 0  0  0  0  0  0  0  1  0  0 ]  [ 0  0  0  0  1  0  0  0  0  0 ]  [ 0  0  0  0  0  1  0  0  0  0 ]  [ 0  0  0  0  0  1  0  0  0  0 ]  [ 0  0  0  0  0  0  0  0  1  0 ]  [ 0  0  0  0  1  0  0  0  0  0 ]  [ 0  0  0  0  0  0  0  1  0  0 ]  [ 0  0  0  0  0  0  0  1  0  0 ]  [ 0  0  0  0  0  0  1  0  0  0 ]  [ 0  0  0  0  0  0  0  0  1  0 ]  [ 0  0  0  0  0  1  0  0  0  0 ]  [ 0  0  0  0  0  0  1  0  0  0 ]  [ 0  0  0  0  1  0  0  0  0  0 ]  [ 0  0  0  0  1  0  0  0  0  0 ]  [ 0  0  0  0  1  0  0  0  0  0 ]  [ 0  0  0  0  0  1  0  0  0  0 ]  [ 0  0  0  0  1  0  0  0  0  0 ]  [ 0  0  0  0  1  0  0  0  0  0 ]  [ 0  0  0  0  0  0  0  0  1  0 ]  [ 0  0  0  0  0  1  0  0  0  0 ]  [ 0  0  0  0  0  0  0  0  1  0 ]  [ 0  0  0  0  0  0  0  1  0  0 ]  [ 0  0  0  0  0  0  0  1  0  0 ]  [ 0  0  0  0  0  0  0  1  0  0 ]  [ 0  0  0  0  0  0  0  0  1  0 ]  [ 0  0  0  0  0  0  0  0  1  0 ]  [ 0  0  0  0  0  0  0  1  0  0 ]  [ 0  0  0  0  0  0  1  0  0  0 ]  [ 0  0  0  0  0  0  0  1  0  0 ]  [ 0  0  0  0  0  0  0  1  0  0 ]  [ 0  0  0  0  0  0  1  0  0  0 ]  [ 0  0  0  0  0  0  1  0  0  0 ]  [ 0  0  0  0  1  0  0  0  0  0 ]  [ 0  0  0  0  0  0  0  0  1  0 ]  [ 0  0  0  0  0  0  1  0  0  0 ]  [ 0  0  0  0  1  0  0  0  0  0 ]  [ 0  0  0  0  1  0  0  0  0  0 ]  [ 0  0  0  0  0  0  0  0  1  0 ]  [ 0  0  0  0  0  1  0  0  0  0 ]  [ 0  0  0  0  0  1  0  0  0  0 ]  [ 0  0  0  0  0  0  0  1  0  0 ]  [ 0  0  0  0  0  0  0  0  1  0 ]  [ 0  0  0  0  0  1  0  0  0  0 ]  [ 0  0  0  0  0  1  0  0  0  0 ]  [ 0  0  0  0  0  0  1  0  0  0 ]  [ 0  0  0  0  1  0  0  0  0  0 ]  [ 0  0  0  0  0  0  0  0  1  0 ]  [ 0  0  0  0  1  0  0  0  0  0 ]  [ 0  0  0  0  0  0  0  0  1  0 ]  [ 0  0  0  0  1  0  0  0  0  0 ]  [ 0  0  0  0  1  0  0  0  0  0 ]  [ 0  0  0  0  0  0  0  0  1  0 ]  [ 0  0  0  0  0  0  0  0  1  0 ]  [ 0  0  0  0  0  1  0  0  0  0 ]  [ 0  0  0  0  0  0  1  0  0  0 ]  [ 0  0  0  0  0  0  1  0  0  0 ]  [ 0  0  0  0  0  0  0  1  0  0 ]  [ 0  0  0  0  1  0  0  0  0  0 ]  [ 0  0  0  0  0  0  0  0  1  0 ]  [ 0  0  0  0  0  0  0  0  1  0 ]  [ 0  0  0  0  0  0  0  1  0  0 ]  [ 0  0  0  0  0  0  0  0  1  0 ]  [ 0  0  0  0  0  0  0  0  1  0 ]  [ 0  0  0  0  0  1  0  0  0  0 ]  [ 0  0  0  0  0  0  0  0  1  0 ]  [ 0  0  0  0  0  0  0  0  1  0 ]  [ 0  0  0  0  0  0  1  0  0  0 ]  [ 0  0  0  0  1  0  0  0  0  0 ]  [ 0  0  0  0  0  0  0  1  0  0 ]  [ 0  0  0  0  0  0  0  0  1  0 ]  [ 0  0  0  0  0  1  0  0  0  0 ]  [ 0  0  0  0  0  0  0  1  0  0 ]  [ 0  0  0  0  0  0  0  0  1  0 ]  [ 0  0  0  0  0  0  0  1  0  0 ]  [ 0  0  0  0  1  0  0  0  0  0 ]  [ 0  0  0  0  0  0  0  1  0  0 ]  [ 0  0  0  0  0  1  0  0  0  0 ]  [ 0  0  0  0  0  0  0  0  1  0 ]  [ 0  0  0  0  0  0  0  1  0  0 ]  [ 0  0  0  0  0  1  0  0  0  0 ]  [ 0  0  0  0  0  0  0  0  1  0 ]  [ 0  0  0  0  0  0  0  1  0  0 ]  [ 0  0  0  0  0  1  0  0  0  0 ]  [ 0  0  0  0  0  0  0  0  1  0 ]  [ 0  0  0  0  0  0  0  0  1  0 ]  [ 0  0  0  0  0  0  0  0  1  0 ]  [ 0  0  0  0  0  0  0  0  1  0 ]  [ 0  0  0  0  0  0  0  1  0  0 ]  [ 0  0  0  0  0  0  0  1  0  0 ]  [ 0  0  0  0  0  0  0  1  0  0 ]  [ 0  0  0  0  0  0  1  0  0  0 ]  [ 0  0  0  0  0  0  0  0  1  0 ]  [ 0  0  0  0  0  1  0  0  0  0 ]  [ 0  0  0  0  1  0  0  0  0  0 ]  [ 0  0  0  0  0  0  0  1  0  0 ]  [ 0  0  0  0  0  0  1  0  0  0 ]  [ 0  0  0  0  0  0  1  0  0  0 ]  [ 0  0  0  0  0  0  1  0  0  0 ]  [ 0  0  0  0  0  1  0  0  0  0 ]  [ 0  0  0  0  0  1  0  0  0  0 ]  [ 0  0  0  0  1  0  0  0  0  0 ]  [ 0  0  0  0  0  0  0  1  0  0 ]  [ 0  0  0  0  0  0  0  0  1  0 ]  [ 0  0  0  0  0  0  0  1  0  0 ]  [ 0  0  0  0  1  0  0  0  0  0 ]  [ 0  0  0  0  0  0  0  0  1  0 ]  [ 0  0  0  0  0  0  0  0  1  0 ]  [ 0  0  0  0  0  0  1  0  0  0 ]  [ 0  0  0  0  1  0  0  0  0  0 ]  [ 0  0  0  0  0  0  0  0  1  0 ]  [ 0  0  0  0  0  0  0  1  0  0 ]  [ 0  0  0  0  0  0  0  1  0  0 ]  [ 0  0  0  0  1  0  0  0  0  0 ]  [ 0  0  0  0  0  0  0  1  0  0 ]  [ 0  0  0  0  1  0  0  0  0  0 ]  [ 0  0  0  0  0  0  1  0  0  0 ]  [ 0  0  0  0  1  0  0  0  0  0 ]  [ 0  0  0  0  0  1  0  0  0  0 ]  [ 0  0  0  0  0  0  0  0  1  0 ]  [ 0  0  0  0  0  0  0  1  0  0 ]  [ 0  0  0  0  0  0  0  0  1  0 ]  [ 0  0  0  0  0  1  0  0  0  0 ]  [ 0  0  0  0  0  1  0  0  0  0 ]  [ 0  0  0  0  0  0  0  1  0  0 ]  [ 0  0  0  0  1  0  0  0  0  0 ]  [ 0  0  0  0  0  0  1  0  0  0 ]  [ 0  0  0  0  0  0  0  0  1  0 ]  [ 0  0  0  0  0  0  0  1  0  0 ]  [ 0  0  0  0  0  0  0  0  1  0 ]  [ 0  0  0  0  0  1  0  0  0  0 ]  [ 0  0  0  0  0  0  0  1  0  0 ]  [ 0  0  0  0  0  0  0  1  0  0 ]  [ 0  0  0  0  0  0  0  1  0  0 ]  [ 0  0  0  0  0  0  1  0  0  0 ]  [ 0  0  0  0  1  0  0  0  0  0 ]  [ 0  0  0  0  1  0  0  0  0  0 ]  [ 0  0  0  0  0  0  0  0  1  0 ]  [ 0  0  0  0  0  0  0  0  1  0 ]  [ 0  0  0  0  0  1  0  0  0  0 ]  [ 0  0  0  0  0  0  0  1  0  0 ]  [ 0  0  0  0  0  0  1  0  0  0 ]  [ 0  0  0  0  0  0  0  1  0  0 ]  [ 0  0  0  0  0  0  0  0  1  0 ]  [ 0  0  0  0  0  1  0  0  0  0 ]  [ 0  0  0  0  0  0  0  1  0  0 ]  [ 0  0  0  0  0  1  0  0  0  0 ]  [ 0  0  0  0  0  0  1  0  0  0 ]  [ 0  0  0  0  1  0  0  0  0  0 ]  [ 0  0  0  0  0  1  0  0  0  0 ]  [ 0  0  0  0  0  1  0  0  0  0 ]  [ 0  0  0  0  0  0  0  0  1  0 ]  [ 0  0  0  0  1  0  0  0  0  0 ]  [ 0  0  0  0  0  0  0  1  0  0 ]  [ 0  0  0  0  1  0  0  0  0  0 ]  [ 0  0  0  0  0  0  0  0  1  0 ]  [ 0  0  0  0  1  0  0  0  0  0 ]  [ 0  0  0  0  1  0  0  0  0  0 ]  [ 0  0  0  0  0  1  0  0  0  0 ]  [ 0  0  0  0  0  0  0  0  1  0 ]  [ 0  0  0  0  0  0  0  1  0  0 ]  [ 0  0  0  0  0  0  0  0  1  0 ]  [ 0  0  0  0  0  0  1  0  0  0 ]  [ 0  0  0  0  1  0  0  0  0  0 ]  [ 0  0  0  0  0  1  0  0  0  0 ]  [ 0  0  0  0  0  0  1  0  0  0 ]  [ 0  0  0  0  0  0  0  0  1  0 ]  [ 0  0  0  0  1  0  0  0  0  0 ]  [ 0  0  0  0  0  1  0  0  0  0 ]  [ 0  0  0  0  0  0  0  0  1  0 ]  [ 0  0  0  0  1  0  0  0  0  0 ]  [ 0  0  0  0  0  0  0  0  1  0 ]  [ 0  0  0  0  0  1  0  0  0  0 ]  [ 0  0  0  0  0  0  1  0  0  0 ]  [ 0  0  0  0  0  0  0  1  0  0 ]  [ 0  0  0  0  0  0  0  0  1  0 ]  [ 0  0  0  0  1  0  0  0  0  0 ]  [ 0  0  0  0  0  0  0  0  1  0 ]  [ 0  0  0  0  1  0  0  0  0  0 ]  [ 0  0  0  0  0  0  0  1  0  0 ]  [ 0  0  0  0  1  0  0  0  0  0 ]  [ 0  0  0  0  0  0  0  1  0  0 ]  [ 0  0  0  0  1  0  0  0  0  0 ]  [ 0  0  0  0  0  1  0  0  0  0 ]  [ 0  0  0  0  1  0  0  0  0  0 ]  [ 0  0  0  0  0  1  0  0  0  0 ]  [ 0  0  0  0  0  1  0  0  0  0 ]  [ 0  0  0  0  0  0  0  0  1  0 ]  [ 0  0  0  0  0  0  0  1  0  0 ]  [ 0  0  0  0  0  1  0  0  0  0 ]  [ 0  0  0  0  0  0  0  0  1  0 ]  [ 0  0  0  0  1  0  0  0  0  0 ]  [ 0  0  0  0  0  1  0  0  0  0 ]  [ 0  0  0  0  0  0  0  0  1  0 ]  [ 0  0  0  0  0  0  0  0  1  0 ]  [ 0  0  0  0  0  0  0  1  0  0 ]  [ 0  0  0  0  0  0  0  0  1  0 ]  [ 0  0  0  0  1  0  0  0  0  0 ]  [ 0  0  0  0  0  0  0  0  1  0 ]  [ 0  0  0  0  0  0  0  1  0  0 ]  [ 0  0  0  0  0  0  0  1  0  0 ]  [ 0  0  0  0  0  0  0  0  1  0 ]  [ 0  0  0  0  1  0  0  0  0  0 ]  [ 0  0  0  0  1  0  0  0  0  0 ]  [ 0  0  0  0  1  0  0  0  0  0 ]  [ 0  0  0  0  0  0  1  0  0  0 ]  [ 0  0  0  0  0  0  1  0  0  0 ]  [ 0  0  0  0  0  0  1  0  0  0 ]  [ 0  0  0  0  0  1  0  0  0  0 ]  [ 0  0  0  0  0  0  0  1  0  0 ]  [ 0  0  0  0  0  0  0  0  1  0 ]  [ 0  0  0  0  0  0  0  1  0  0 ]  [ 0  0  0  0  1  0  0  0  0  0 ]  [ 0  0  0  0  1  0  0  0  0  0 ]  [ 0  0  0  0  0  1  0  0  0  0 ]  [ 0  0  0  0  0  1  0  0  0  0 ]  [ 0  0  0  0  0  0  1  0  0  0 ]  [ 0  0  0  0  1  0  0  0  0  0 ]  [ 0  0  0  0  0  0  0  1  0  0 ]  [ 0  0  0  0  0  1  0  0  0  0 ]  [ 0  0  0  0  0  1  0  0  0  0 ]  [ 0  0  0  0  0  0  0  1  0  0 ]  [ 0  0  0  0  0  0  0  0  1  0 ]  [ 0  0  0  0  1  0  0  0  0  0 ]  [ 0  0  0  0  0  1  0  0  0  0 ]  [ 0  0  0  0  0  0  0  0  1  0 ]  [ 0  0  0  0  0  1  0  0  0  0 ]  [ 0  0  0  0  1  0  0  0  0  0 ]  [ 0  0  0  0  1  0  0  0  0  0 ]  [ 0  0  0  0  0  0  0  0  1  0 ]  [ 0  0  0  0  0  0  0  1  0  0 ]  [ 0  0  0  0  0  0  0  0  1  0 ]  [ 0  0  0  0  0  0  1  0  0  0 ]  [ 0  0  0  0  1  0  0  0  0  0 ]  [ 0  0  0  0  0  1  0  0  0  0 ]  [ 0  0  0  0  0  0  0  1  0  0 ]  [ 0  0  0  0  0  1  0  0  0  0 ]  [ 0  0  0  0  1  0  0  0  0  0 ]  [ 0  0  0  0  0  1  0  0  0  0 ]  [ 0  0  0  0  0  0  1  0  0  0 ]  [ 0  0  0  0  0  1  0  0  0  0 ]  [ 0  0  0  0  0  0  1  0  0  0 ]  [ 0  0  0  0  1  0  0  0  0  0 ]  [ 0  0  0  0  1  0  0  0  0  0 ]  [ 0  0  0  0  0  0  0  1  0  0 ]  [ 0  0  0  0  0  0  0  1  0  0 ]  [ 0  0  0  0  0  0  1  0  0  0 ]  [ 0  0  0  0  1  0  0  0  0  0 ]  [ 0  0  0  0  0  1  0  0  0  0 ]  [ 0  0  0  0  0  0  1  0  0  0 ]  [ 0  0  0  0  0  0  0  0  1  0 ]  [ 0  0  0  0  0  0  1  0  0  0 ]  [ 0  0  0  0  0  0  0  0  1  0 ]  [ 0  0  0  0  0  0  1  0  0  0 ]  [ 0  0  0  0  1  0  0  0  0  0 ]  [ 0  0  0  0  0  0  0  1  0  0 ]  [ 0  0  0  0  0  0  0  1  0  0 ]  [ 0  0  0  0  0  0  1  0  0  0 ]  [ 0  0  0  0  0  0  0  1  0  0 ]  [ 0  0  0  0  1  0  0  0  0  0 ]  [ 0  0  0  0  0  0  1  0  0  0 ]  [ 0  0  0  0  0  0  0  0  1  0 ]  [ 0  0  0  0  1  0  0  0  0  0 ]  [ 0  0  0  0  1  0  0  0  0  0 ]  [ 0  0  0  0  1  0  0  0  0  0 ]  [ 0  0  0  0  0  1  0  0  0  0 ]  [ 0  0  0  0  0  0  1  0  0  0 ]  [ 0  0  0  0  0  1  0  0  0  0 ]  [ 0  0  0  0  0  0  0  1  0  0 ]  [ 0  0  0  0  1  0  0  0  0  0 ]  [ 0  0  0  0  0  1  0  0  0  0 ]  [ 0  0  0  0  0  0  0  1  0  0 ]  [ 0  0  0  0  0  0  1  0  0  0 ]  [ 0  0  0  0  0  0  0  0  1  0 ]  [ 0  0  0  0  0  0  0  0  1  0 ]  [ 0  0  0  0  0  1  0  0  0  0 ]  [ 0  0  0  0  0  1  0  0  0  0 ]  [ 0  0  0  0  0  0  1  0  0  0 ]  [ 0  0  0  0  0  0  1  0  0  0 ]  [ 0  0  0  0  0  1  0  0  0  0 ]  [ 0  0  0  0  0  0  0  0  1  0 ]  [ 0  0  0  0  1  0  0  0  0  0 ]  [ 0  0  0  0  0  0  1  0  0  0 ]  [ 0  0  0  0  1  0  0  0  0  0 ]  [ 0  0  0  0  0  0  0  0  1  0 ]  [ 0  0  0  0  0  0  1  0  0  0 ]  [ 0  0  0  0  0  0  0  0  1  0 ]  [ 0  0  0  0  1  0  0  0  0  0 ]  [ 0  0  0  0  0  0  0  1  0  0 ]  [ 0  0  0  0  0  0  1  0  0  0 ]  [ 0  0  0  0  1  0  0  0  0  0 ]  [ 0  0  0  0  0  0  0  0  1  0 ]  [ 0  0  0  0  0  0  0  0  1  0 ]  [ 0  0  0  0  1  0  0  0  0  0 ]  [ 0  0  0  0  0  0  0  0  1  0 ]  [ 0  0  0  0  0  0  0  1  0  0 ]  [ 0  0  0  0  0  0  0  1  0  0 ]  [ 0  0  0  0  0  0  1  0  0  0 ]  [ 0  0  0  0  0  1  0  0  0  0 ]  [ 0  0  0  0  1  0  0  0  0  0 ]  [ 0  0  0  0  0  0  1  0  0  0 ]  [ 0  0  0  0  0  0  0  0  1  0 ]  [ 0  0  0  0  0  1  0  0  0  0 ]  [ 0  0  0  0  0  0  1  0  0  0 ]  [ 0  0  0  0  0  1  0  0  0  0 ]  [ 0  0  0  0  0  0  0  1  0  0 ]  [ 0  0  0  0  0  0  0  0  1  0 ]  [ 0  0  0  0  0  0  0  0  1  0 ]  [ 0  0  0  0  0  1  0  0  0  0 ]  [ 0  0  0  0  0  0  1  0  0  0 ]  [ 0  0  0  0  1  0  0  0  0  0 ]  [ 0  0  0  0  0  0  1  0  0  0 ]  [ 0  0  0  0  0  0  0  0  1  0 ]  [ 0  0  0  0  0  0  0  0  1  0 ]  [ 0  0  0  0  1  0  0  0  0  0 ]  [ 0  0  0  0  0  0  1  0  0  0 ]  [ 0  0  0  0  1  0  0  0  0  0 ]  [ 0  0  0  0  0  0  1  0  0  0 ]  [ 0  0  0  0  0  0  0  0  1  0 ]  [ 0  0  0  0  0  1  0  0  0  0 ]  [ 0  0  0  0  0  0  0  0  1  0 ]  [ 0  0  0  0  0  0  0  0  1  0 ]  [ 0  0  0  0  0  0  0  0  1  0 ]  [ 0  0  0  0  0  1  0  0  0  0 ]  [ 0  0  0  0  0  0  0  0  1  0 ]  [ 0  0  0  0  0  0  0  0  1  0 ]  [ 0  0  0  0  0  0  0  0  1  0 ]  [ 0  0  0  0  1  0  0  0  0  0 ]  [ 0  0  0  0  1  0  0  0  0  0 ]  [ 0  0  0  0  0  1  0  0  0  0 ]  [ 0  0  0  0  0  0  1  0  0  0 ]  [ 0  0  0  0  0  0  1  0  0  0 ]  [ 0  0  0  0  1  0  0  0  0  0 ]  [ 0  0  0  0  0  0  0  1  0  0 ]  [ 0  0  0  0  0  0  0  1  0  0 ]  [ 0  0  0  0  0  0  0  1  0  0 ]  [ 0  0  0  0  0  0  1  0  0  0 ]  [ 0  0  0  0  0  0  1  0  0  0 ]  [ 0  0  0  0  0  0  0  1  0  0 ]  [ 0  0  0  0  1  0  0  0  0  0 ]  [ 0  0  0  0  0  0  1  0  0  0 ]  [ 0  0  0  0  1  0  0  0  0  0 ]  [ 0  0  0  0  1  0  0  0  0  0 ]  [ 0  0  0  0  0  0  0  1  0  0 ]  [ 0  0  0  0  0  1  0  0  0  0 ]  [ 0  0  0  0  0  1  0  0  0  0 ]  [ 0  0  0  0  0  1  0  0  0  0 ]  [ 0  0  0  0  0  0  1  0  0  0 ]  [ 0  0  0  0  1  0  0  0  0  0 ]  [ 0  0  0  0  0  0  0  1  0  0 ]  [ 0  0  0  0  1  0  0  0  0  0 ]  [ 0  0  0  0  0  0  0  0  1  0 ]  [ 0  0  0  0  1  0  0  0  0  0 ]  [ 0  0  0  0  0  0  0  1  0  0 ]  [ 0  0  0  0  0  0  1  0  0  0 ]  [ 0  0  0  0  0  0  1  0  0  0 ]  [ 0  0  0  0  0  1  0  0  0  0 ]  [ 0  0  0  0  0  1  0  0  0  0 ]  [ 0  0  0  0  0  0  0  1  0  0 ]  [ 0  0  0  0  0  0  1  0  0  0 ]  [ 0  0  0  0  0  0  1  0  0  0 ]  [ 0  0  0  0  0  1  0  0  0  0 ]  [ 0  0  0  0  0  0  0  1  0  0 ]  [ 0  0  0  0  1  0  0  0  0  0 ]  [ 0  0  0  0  0  0  1  0  0  0 ]  [ 0  0  0  0  0  0  0  1  0  0 ]  [ 0  0  0  0  0  0  1  0  0  0 ]  [ 0  0  0  0  0  0  1  0  0  0 ]  [ 0  0  0  0  0  0  1  0  0  0 ]  [ 0  0  0  0  1  0  0  0  0  0 ]  [ 0  0  0  0  0  0  0  0  1  0 ]  [ 0  0  0  0  0  0  0  1  0  0 ]  [ 0  0  0  0  0  0  0  1  0  0 ]  [ 0  0  0  0  0  0  0  0  1  0 ]  [ 0  0  0  0  0  0  1  0  0  0 ]  [ 0  0  0  0  0  1  0  0  0  0 ]  [ 0  0  0  0  0  1  0  0  0  0 ]  [ 0  0  0  0  0  1  0  0  0  0 ]  [ 0  0  0  0  0  1  0  0  0  0 ]  [ 0  0  0  0  0  1  0  0  0  0 ]  [ 0  0  0  0  0  1  0  0  0  0 ]  [ 0  0  0  0  0  0  1  0  0  0 ]  [ 0  0  0  0  0  1  0  0  0  0 ]  [ 0  0  0  0  0  1  0  0  0  0 ]  [ 0  0  0  0  0  0  0  1  0  0 ]  [ 0  0  0  0  0  1  0  0  0  0 ]  [ 0  0  0  0  0  0  0  0  1  0 ]  [ 0  0  0  0  0  0  0  1  0  0 ]  [ 0  0  0  0  0  1  0  0  0  0 ]  [ 0  0  0  0  0  0  0  0  1  0 ]  [ 0  0  0  0  1  0  0  0  0  0 ]  [ 0  0  0  0  1  0  0  0  0  0 ]  [ 0  0  0  0  0  0  0  0  1  0 ]  [ 0  0  0  0  1  0  0  0  0  0 ]  [ 0  0  0  0  1  0  0  0  0  0 ]  [ 0  0  0  0  0  0  0  0  1  0 ]  [ 0  0  0  0  1  0  0  0  0  0 ]  [ 0  0  0  0  0  0  0  1  0  0 ]  [ 0  0  0  0  0  0  1  0  0  0 ]  [ 0  0  0  0  0  1  0  0  0  0 ]  [ 0  0  0  0  0  1  0  0  0  0 ]  [ 0  0  0  0  0  0  0  0  1  0 ]  [ 0  0  0  0  0  1  0  0  0  0 ]  [ 0  0  0  0  0  1  0  0  0  0 ]  [ 0  0  0  0  0  0  1  0  0  0 ]  [ 0  0  0  0  0  0  0  1  0  0 ]  [ 0  0  0  0  0  1  0  0  0  0 ]  [ 0  0  0  0  1  0  0  0  0  0 ]  [ 0  0  0  0  0  0  0  1  0  0 ]  [ 0  0  0  0  1  0  0  0  0  0 ]  [ 0  0  0  0  1  0  0  0  0  0 ]  [ 0  0  0  0  1  0  0  0  0  0 ]  [ 0  0  0  0  0  0  0  0  1  0 ]  [ 0  0  0  0  0  0  1  0  0  0 ]  [ 0  0  0  0  0  0  0  1  0  0 ]  [ 0  0  0  0  0  0  1  0  0  0 ]  [ 0  0  0  0  0  0  0  0  1  0 ]  [ 0  0  0  0  0  1  0  0  0  0 ]  [ 0  0  0  0  0  1  0  0  0  0 ]  [ 0  0  0  0  0  0  0  1  0  0 ]  [ 0  0  0  0  1  0  0  0  0  0 ]  [ 0  0  0  0  0  1  0  0  0  0 ]  [ 0  0  0  0  0  0  0  1  0  0 ]  [ 0  0  0  0  0  0  1  0  0  0 ]  [ 0  0  0  0  0  0  1  0  0  0 ]  [ 0  0  0  0  0  0  0  0  1  0 ]  [ 0  0  0  0  0  0  1  0  0  0 ]  [ 0  0  0  0  0  0  0  1  0  0 ]  [ 0  0  0  0  0  1  0  0  0  0 ]  [ 0  0  0  0  1  0  0  0  0  0 ]  [ 0  0  0  0  0  1  0  0  0  0 ]  [ 0  0  0  0  0  1  0  0  0  0 ]  [ 0  0  0  0  1  0  0  0  0  0 ]  [ 0  0  0  0  0  1  0  0  0  0 ]  [ 0  0  0  0  1  0  0  0  0  0 ]  [ 0  0  0  0  0  0  1  0  0  0 ]  [ 0  0  0  0  0  0  0  1  0  0 ]  [ 0  0  0  0  0  0  0  1  0  0 ]  [ 0  0  0  0  0  0  0  0  1  0 ]  [ 0  0  0  0  0  1  0  0  0  0 ]  [ 0  0  0  0  0  0  0  1  0  0 ]  [ 0  0  0  0  0  0  0  0  1  0 ]  [ 0  0  0  0  0  1  0  0  0  0 ]  [ 0  0  0  0  0  0  0  0  1  0 ]  [ 0  0  0  0  1  0  0  0  0  0 ]  [ 0  0  0  0  0  0  0  0  1  0 ]  [ 0  0  0  0  0  0  0  0  1  0 ]  [ 0  0  0  0  0  0  0  0  1  0 ]  [ 0  0  0  0  0  0  0  0  1  0 ]  [ 0  0  0  0  0  0  0  1  0  0 ]  [ 0  0  0  0  0  0  1  0  0  0 ]  [ 0  0  0  0  0  0  0  1  0  0 ]  [ 0  0  0  0  0  0  0  0  1  0 ]  [ 0  0  0  0  0  0  1  0  0  0 ]  [ 0  0  0  0  0  0  0  1  0  0 ]  [ 0  0  0  0  0  0  0  0  1  0 ]  [ 0  0  0  0  0  1  0  0  0  0 ]  [ 0  0  0  0  0  1  0  0  0  0 ]  [ 0  0  0  0  1  0  0  0  0  0 ]  [ 0  0  0  0  0  0  0  0  1  0 ]  [ 0  0  0  0  0  0  0  1  0  0 ]  [ 0  0  0  0  0  0  0  1  0  0 ]  [ 0  0  0  0  0  1  0  0  0  0 ]  [ 0  0  0  0  1  0  0  0  0  0 ]  [ 0  0  0  0  0  0  1  0  0  0 ]  [ 0  0  0  0  0  0  0  0  1  0 ]  [ 0  0  0  0  0  1  0  0  0  0 ]  [ 0  0  0  0  0  0  1  0  0  0 ]  [ 0  0  0  0  0  0  1  0  0  0 ]  [ 0  0  0  0  0  0  0  0  1  0 ]  [ 0  0  0  0  1  0  0  0  0  0 ]  [ 0  0  0  0  0  0  0  0  1  0 ]  [ 0  0  0  0  1  0  0  0  0  0 ]  [ 0  0  0  0  0  0  0  1  0  0 ]  [ 0  0  0  0  0  0  0  1  0  0 ]  [ 0  0  0  0  0  0  1  0  0  0 ]  [ 0  0  0  0  0  0  0  1  0  0 ]  [ 0  0  0  0  0  1  0  0  0  0 ]  [ 0  0  0  0  1  0  0  0  0  0 ]  [ 0  0  0  0  0  1  0  0  0  0 ]  [ 0  0  0  0  0  1  0  0  0  0 ]  [ 0  0  0  0  0  0  0  1  0  0 ]  [ 0  0  0  0  0  0  1  0  0  0 ]  [ 0  0  0  0  0  0  0  1  0  0 ]  [ 0  0  0  0  0  0  0  0  1  0 ]  [ 0  0  0  0  0  0  0  1  0  0 ]  [ 0  0  0  0  0  0  0  1  0  0 ]  [ 0  0  0  0  0  0  0  0  1  0 ]  [ 0  0  0  0  0  0  0  0  1  0 ]  [ 0  0  0  0  0  0  0  1  0  0 ]  [ 0  0  0  0  0  1  0  0  0  0 ]  [ 0  0  0  0  0  0  1  0  0  0 ]  [ 0  0  0  0  0  0  0  1  0  0 ]  [ 0  0  0  0  0  0  0  1  0  0 ]  [ 0  0  0  0  0  0  0  0  1  0 ]  [ 0  0  0  0  0  0  0  1  0  0 ]  [ 0  0  0  0  0  0  0  1  0  0 ]  [ 0  0  0  0  0  1  0  0  0  0 ]  [ 0  0  0  0  0  0  0  1  0  0 ]  [ 0  0  0  0  1  0  0  0  0  0 ]  [ 0  0  0  0  0  0  0  1  0  0 ]  [ 0  0  0  0  1  0  0  0  0  0 ]  [ 0  0  0  0  1  0  0  0  0  0 ]  [ 0  0  0  0  0  0  0  0  1  0 ]  [ 0  0  0  0  0  0  0  0  1  0 ]  [ 0  0  0  0  0  1  0  0  0  0 ]  [ 0  0  0  0  1  0  0  0  0  0 ]  [ 0  0  0  0  0  0  0  0  1  0 ]  [ 0  0  0  0  0  0  0  1  0  0 ]  [ 0  0  0  0  1  0  0  0  0  0 ]  [ 0  0  0  0  0  0  0  0  1  0 ]  [ 0  0  0  0  0  0  0  0  1  0 ]  [ 0  0  0  0  0  0  1  0  0  0 ]  [ 0  0  0  0  0  1  0  0  0  0 ]  [ 0  0  0  0  1  0  0  0  0  0 ]  [ 0  0  0  0  1  0  0  0  0  0 ]  [ 0  0  0  0  0  0  1  0  0  0 ]  [ 0  0  0  0  0  0  0  1  0  0 ]  [ 0  0  0  0  0  0  0  1  0  0 ]  [ 0  0  0  0  0  1  0  0  0  0 ]  [ 0  0  0  0  0  0  0  1  0  0 ]  [ 0  0  0  0  1  0  0  0  0  0 ]  [ 0  0  0  0  0  0  0  1  0  0 ]  [ 0  0  0  0  1  0  0  0  0  0 ]  [ 0  0  0  0  1  0  0  0  0  0 ]  [ 0  0  0  0  1  0  0  0  0  0 ]  [ 0  0  0  0  0  0  0  1  0  0 ]  [ 0  0  0  0  0  1  0  0  0  0 ]  [ 0  0  0  0  1  0  0  0  0  0 ]  [ 0  0  0  0  0  0  1  0  0  0 ]  [ 0  0  0  0  0  1  0  0  0  0 ]  [ 0  0  0  0  0  0  1  0  0  0 ]  [ 0  0  0  0  0  0  1  0  0  0 ]  [ 0  0  0  0  0  0  0  1  0  0 ]  [ 0  0  0  0  0  0  0  0  1  0 ]  [ 0  0  0  0  0  1  0  0  0  0 ]  [ 0  0  0  0  0  0  0  1  0  0 ]  [ 0  0  0  0  1  0  0  0  0  0 ]  [ 0  0  0  0  0  1  0  0  0  0 ]  [ 0  0  0  0  1  0  0  0  0  0 ]  [ 0  0  0  0  0  0  0  0  1  0 ]  [ 0  0  0  0  0  1  0  0  0  0 ]  [ 0  0  0  0  0  0  0  1  0  0 ]  [ 0  0  0  0  0  0  0  0  1  0 ]  [ 0  0  0  0  0  1  0  0  0  0 ]  [ 0  0  0  0  0  1  0  0  0  0 ]  [ 0  0  0  0  0  1  0  0  0  0 ]  [ 0  0  0  0  0  0  1  0  0  0 ]  [ 0  0  0  0  0  1  0  0  0  0 ]  [ 0  0  0  0  1  0  0  0  0  0 ]  [ 0  0  0  0  0  0  0  0  1  0 ]  [ 0  0  0  0  0  0  0  1  0  0 ]  [ 0  0  0  0  0  0  0  0  1  0 ]  [ 0  0  0  0  0  0  0  0  1  0 ]  [ 0  0  0  0  0  0  0  1  0  0 ]  [ 0  0  0  0  0  0  0  0  1  0 ]  [ 0  0  0  0  0  0  0  1  0  0 ]  [ 0  0  0  0  0  0  1  0  0  0 ]  [ 0  0  0  0  0  0  0  0  1  0 ]  [ 0  0  0  0  0  0  0  0  1  0 ]  [ 0  0  0  0  1  0  0  0  0  0 ]  [ 0  0  0  0  1  0  0  0  0  0 ]  [ 0  0  0  0  1  0  0  0  0  0 ]  [ 0  0  0  0  0  0  1  0  0  0 ]  [ 0  0  0  0  0  0  0  0  1  0 ]  [ 0  0  0  0  0  0  1  0  0  0 ]  [ 0  0  0  0  0  0  0  0  1  0 ]  [ 0  0  0  0  0  1  0  0  0  0 ]  [ 0  0  0  0  0  0  1  0  0  0 ]  [ 0  0  0  0  0  1  0  0  0  0 ]  [ 0  0  0  0  0  0  0  1  0  0 ]  [ 0  0  0  0  0  1  0  0  0  0 ]  [ 0  0  0  0  1  0  0  0  0  0 ]  [ 0  0  0  0  0  1  0  0  0  0 ]  [ 0  0  0  0  0  0  1  0  0  0 ]  [ 0  0  0  0  0  0  0  0  1  0 ]  [ 0  0  0  0  0  1  0  0  0  0 ]  [ 0  0  0  0  0  0  0  0  1  0 ]  [ 0  0  0  0  0  0  0  0  1  0 ]  [ 0  0  0  0  1  0  0  0  0  0 ]  [ 0  0  0  0  0  0  0  1  0  0 ]  [ 0  0  0  0  0  0  0  0  1  0 ]  [ 0  0  0  0  0  0  0  0  1  0 ]  [ 0  0  0  0  0  0  0  1  0  0 ]  [ 0  0  0  0  0  1  0  0  0  0 ]  [ 0  0  0  0  0  0  1  0  0  0 ]  [ 0  0  0  0  0  0  0  1  0  0 ]  [ 0  0  0  0  0  0  0  1  0  0 ]  [ 0  0  0  0  1  0  0  0  0  0 ]  [ 0  0  0  0  0  0  0  0  1  0 ]  [ 0  0  0  0  0  0  1  0  0  0 ]  [ 0  0  0  0  1  0  0  0  0  0 ]  [ 0  0  0  0  0  1  0  0  0  0 ]  [ 0  0  0  0  1  0  0  0  0  0 ]  [ 0  0  0  0  0  0  1  0  0  0 ]  [ 0  0  0  0  1  0  0  0  0  0 ]  [ 0  0  0  0  0  0  1  0  0  0 ]  [ 0  0  0  0  0  1  0  0  0  0 ]  [ 0  0  0  0  0  0  0  0  1  0 ]  [ 0  0  0  0  0  0  0  1  0  0 ]  [ 0  0  0  0  1  0  0  0  0  0 ]  [ 0  0  0  0  0  0  0  0  1  0 ]  [ 0  0  0  0  0  0  1  0  0  0 ]  [ 0  0  0  0  0  1  0  0  0  0 ]  [ 0  0  0  0  0  0  0  0  1  0 ]  [ 0  0  0  0  1  0  0  0  0  0 ]  [ 0  0  0  0  0  1  0  0  0  0 ]  [ 0  0  0  0  0  0  1  0  0  0 ]  [ 0  0  0  0  1  0  0  0  0  0 ]  [ 0  0  0  0  0  0  1  0  0  0 ]  [ 0  0  0  0  0  0  0  0  1  0 ]  [ 0  0  0  0  0  1  0  0  0  0 ]  [ 0  0  0  0  0  0  0  1  0  0 ]  [ 0  0  0  0  1  0  0  0  0  0 ]  [ 0  0  0  0  0  0  0  0  1  0 ]  [ 0  0  0  0  0  0  0  0  1  0 ]  [ 0  0  0  0  1  0  0  0  0  0 ]  [ 0  0  0  0  0  0  0  1  0  0 ]  [ 0  0  0  0  0  1  0  0  0  0 ]  [ 0  0  0  0  1  0  0  0  0  0 ]  [ 0  0  0  0  0  1  0  0  0  0 ]  [ 0  0  0  0  0  0  0  1  0  0 ]  [ 0  0  0  0  0  0  1  0  0  0 ]  [ 0  0  0  0  0  0  1  0  0  0 ]  [ 0  0  0  0  1  0  0  0  0  0 ]  [ 0  0  0  0  1  0  0  0  0  0 ]  [ 0  0  0  0  0  1  0  0  0  0 ]  [ 0  0  0  0  0  0  1  0  0  0 ]  [ 0  0  0  0  0  0  0  0  1  0 ]  [ 0  0  0  0  0  0  1  0  0  0 ]  [ 0  0  0  0  0  1  0  0  0  0 ]  [ 0  0  0  0  0  0  0  0  1  0 ]  [ 0  0  0  0  0  0  0  1  0  0 ]  [ 0  0  0  0  0  0  0  1  0  0 ]  [ 0  0  0  0  0  0  0  0  1  0 ]  [ 0  0  0  0  0  0  1  0  0  0 ]  [ 0  0  0  0  0  1  0  0  0  0 ]  [ 0  0  0  0  1  0  0  0  0  0 ]  [ 0  0  0  0  0  0  0  1  0  0 ]  [ 0  0  0  0  0  0  0  1  0  0 ]  [ 0  0  0  0  0  0  0  0  1  0 ]  [ 0  0  0  0  0  0  0  0  1  0 ]  [ 0  0  0  0  0  0  1  0  0  0 ]  [ 0  0  0  0  0  0  1  0  0  0 ]  [ 0  0  0  0  0  0  0  0  1  0 ]  [ 0  0  0  0  1  0  0  0  0  0 ]  [ 0  0  0  0  0  1  0  0  0  0 ]  [ 0  0  0  0  0  0  1  0  0  0 ]  [ 0  0  0  0  0  0  0  1  0  0 ]  [ 0  0  0  0  0  0  0  1  0  0 ]  [ 0  0  0  0  1  0  0  0  0  0 ]  [ 0  0  0  0  0  0  1  0  0  0 ]  [ 0  0  0  0  1  0  0  0  0  0 ]  [ 0  0  0  0  0  1  0  0  0  0 ]  [ 0  0  0  0  1  0  0  0  0  0 ]  [ 0  0  0  0  0  1  0  0  0  0 ]  [ 0  0  0  0  0  0  0  1  0  0 ]  [ 0  0  0  0  0  1  0  0  0  0 ]  [ 0  0  0  0  1  0  0  0  0  0 ]  [ 0  0  0  0  0  0  1  0  0  0 ] ];

ObjRequests = {  <1,5,41>, <2,5,47>, <3,5,95>, <4,5,152>, <5,5,51>, <6,5,44>, <7,5,48>, <8,5,30>, <9,5,10>, <10,5,6>, <11,5,15>, <12,5,2>, <13,5,34>, <14,5,33>, <15,5,5>, <16,5,5>, <17,5,15>, <18,5,17>, <19,5,4>, <20,5,2>, <21,5,4>, <22,5,5>, <23,5,4>, <24,5,7>, <25,5,18>, <26,5,1>, <27,5,4>, <28,5,2>, <29,5,8>, <30,5,12>, <31,5,12>, <32,5,12>, <33,5,12>, <34,5,2>, <35,5,6>, <36,5,1>, <37,5,7>, <39,5,5>, <40,5,12>, <41,5,3>, <42,5,2>, <43,5,3>, <44,5,13>, <46,5,4>, <47,5,2>, <48,5,5>, <49,5,5>, <50,5,4>, <51,5,1>, <52,5,5>, <53,5,2>, <54,5,11>, <55,5,3>, <56,5,5>, <57,5,1>, <58,5,9>, <59,5,6>, <61,5,4>, <62,5,6>, <63,5,2>, <64,5,7>, <65,5,3>, <67,5,4>, <68,5,5>, <69,5,4>, <71,5,6>, <73,5,8>, <74,5,9>, <75,5,1>, <76,5,1>, <77,5,2>, <78,5,7>, <79,5,4>, <80,5,2>, <82,5,7>, <83,5,2>, <84,5,1>, <85,5,1>, <86,5,2>, <87,5,1>, <88,5,1>, <89,5,1>, <90,5,3>, <91,5,5>, <92,5,1>, <93,5,1>, <94,5,2>, <95,5,6>, <97,5,1>, <98,5,3>, <99,5,8>, <100,5,1>, <101,5,3>, <102,5,3>, <103,5,1>, <104,5,1>, <105,5,2>, <106,5,5>, <107,5,1>, <108,5,3>, <109,5,1>, <110,5,3>, <111,5,2>, <112,5,1>, <113,5,5>, <115,5,3>, <116,5,1>, <117,5,4>, <118,5,1>, <120,5,2>, <121,5,2>, <122,5,1>, <123,5,3>, <124,5,1>, <125,5,1>, <126,5,1>, <127,5,3>, <129,5,1>, <130,5,1>, <131,5,2>, <132,5,1>, <133,5,10>, <135,5,2>, <136,5,1>, <137,5,1>, <138,5,1>, <139,5,1>, <140,5,8>, <141,5,1>, <142,5,2>, <143,5,1>, <144,5,6>, <145,5,2>, <148,5,4>, <149,5,1>, <151,5,2>, <152,5,3>, <153,5,1>, <154,5,1>, <156,5,1>, <160,5,1>, <161,5,1>, <163,5,1>, <164,5,2>, <167,5,1>, <168,5,1>, <169,5,2>, <170,5,1>, <172,5,2>, <173,5,1>, <174,5,2>, <175,5,1>, <177,5,1>, <179,5,1>, <180,5,2>, <181,5,3>, <183,5,2>, <184,5,1>, <185,5,1>, <188,5,1>, <191,5,2>, <192,5,1>, <193,5,1>, <194,5,1>, <195,5,2>, <197,5,1>, <199,5,1>, <200,5,2>, <202,5,1>, <203,5,1>, <204,5,3>, <205,5,1>, <209,5,1>, <211,5,2>, <215,5,1>, <217,5,1>, <218,5,1>, <220,5,3>, <221,5,1>, <222,5,1>, <223,5,1>, <224,5,2>, <226,5,2>, <228,5,2>, <230,5,1>, <231,5,2>, <232,5,1>, <234,5,3>, <235,5,2>, <236,5,1>, <237,5,1>, <239,5,1>, <240,5,1>, <244,5,3>, <246,5,1>, <248,5,1>, <249,5,1>, <251,5,1>, <252,5,4>, <254,5,2>, <255,5,2>, <256,5,1>, <257,5,1>, <262,5,2>, <263,5,1>, <264,5,1>, <265,5,1>, <266,5,1>, <268,5,3>, <269,5,1>, <270,5,1>, <272,5,1>, <274,5,2>, <276,5,1>, <277,5,1>, <280,5,1>, <282,5,1>, <283,5,1>, <285,5,1>, <287,5,1>, <288,5,1>, <291,5,2>, <294,5,1>, <297,5,1>, <298,5,3>, <301,5,2>, <304,5,1>, <305,5,1>, <306,5,4>, <309,5,2>, <310,5,1>, <312,5,1>, <313,5,1>, <315,5,1>, <316,5,1>, <317,5,1>, <319,5,1>, <320,5,1>, <323,5,1>, <324,5,1>, <326,5,1>, <327,5,1>, <328,5,1>, <329,5,1>, <330,5,1>, <332,5,1>, <334,5,1>, <336,5,1>, <337,5,1>, <338,5,1>, <341,5,1>, <342,5,3>, <343,5,1>, <344,5,1>, <345,5,1>, <347,5,2>, <348,5,1>, <350,5,1>, <353,5,1>, <355,5,2>, <356,5,1>, <358,5,1>, <359,5,1>, <361,5,1>, <366,5,1>, <370,5,4>, <371,5,1>, <373,5,1>, <376,5,1>, <379,5,1>, <380,5,1>, <381,5,1>, <382,5,1>, <383,5,2>, <387,5,1>, <394,5,1>, <396,5,3>, <399,5,1>, <401,5,1>, <403,5,1>, <404,5,5>, <406,5,1>, <409,5,1>, <411,5,1>, <412,5,1>, <415,5,1>, <418,5,1>, <420,5,3>, <427,5,1>, <428,5,1>, <431,5,1>, <434,5,1>, <439,5,1>, <440,5,1>, <442,5,1>, <446,5,1>, <447,5,1>, <448,5,1>, <452,5,1>, <458,5,1>, <465,5,1>, <467,5,1>, <470,5,1>, <473,5,2>, <475,5,1>, <476,5,1>, <477,5,2>, <479,5,1>, <481,5,1>, <489,5,2>, <491,5,1>, <493,5,1>, <495,5,2>, <499,5,1>, <502,5,1>, <506,5,1>, <508,5,2>, <512,5,1>, <517,5,1>, <519,5,1>, <521,5,1>, <522,5,1>, <524,5,1>, <526,5,1>, <536,5,1>, <539,5,1>, <541,5,3>, <548,5,1>, <549,5,1>, <551,5,1>, <553,5,1>, <555,5,1>, <561,5,1>, <562,5,1>, <574,5,1>, <578,5,1>, <589,5,1>, <597,5,1>, <599,5,1>, <601,5,1>, <603,5,2>, <607,5,1>, <612,5,3>, <613,5,2>, <619,5,1>, <625,5,1>, <635,5,1>, <638,5,1>, <645,5,1>, <646,5,1>, <648,5,1>, <649,5,1>, <651,5,4>, <655,5,1>, <659,5,1>, <660,5,2>, <664,5,1>, <667,5,1>, <677,5,1>, <678,5,1>, <683,5,1>, <684,5,1>, <695,5,1>, <696,5,1>, <716,5,1>, <722,5,1>, <724,5,1>, <729,5,1>, <731,5,1>, <736,5,1>, <740,5,1>, <741,5,2>, <742,5,1>, <743,5,1>, <747,5,2>, <763,5,1>, <767,5,1>, <776,5,1>, <783,5,1>, <785,5,1>, <787,5,1>, <822,5,1>, <829,5,1>, <839,5,1>, <842,5,2>, <843,5,2>, <852,5,1>, <854,5,1>, <867,5,1>, <872,5,2>, <880,5,1>, <887,5,1>, <893,5,1>, <900,5,2>, <901,5,1>, <903,5,1>, <908,5,1>, <911,5,1>, <915,5,1>, <916,5,1>, <918,5,1>, <930,5,1>, <936,5,1>, <937,5,1>, <947,5,1>, <956,5,1>, <962,5,1>, <965,5,1>, <985,5,1>, <996,5,1>, <1,6,143>, <2,6,118>, <3,6,123>, <4,6,21>, <5,6,53>, <6,6,35>, <7,6,33>, <8,6,67>, <9,6,58>, <10,6,18>, <12,6,11>, <13,6,2>, <15,6,12>, <16,6,49>, <17,6,17>, <18,6,29>, <19,6,30>, <20,6,5>, <21,6,2>, <22,6,9>, <23,6,18>, <24,6,10>, <25,6,4>, <26,6,1>, <27,6,8>, <29,6,5>, <30,6,6>, <31,6,6>, <32,6,1>, <33,6,5>, <34,6,18>, <35,6,1>, <36,6,6>, <37,6,16>, <38,6,2>, <40,6,7>, <41,6,10>, <42,6,12>, <43,6,5>, <44,6,1>, <45,6,3>, <46,6,1>, <47,6,5>, <48,6,13>, <49,6,5>, <50,6,1>, <52,6,3>, <53,6,8>, <54,6,1>, <55,6,3>, <56,6,2>, <57,6,1>, <59,6,9>, <60,6,1>, <61,6,3>, <62,6,2>, <63,6,2>, <64,6,6>, <65,6,9>, <66,6,5>, <67,6,1>, <68,6,3>, <69,6,3>, <70,6,5>, <71,6,3>, <73,6,1>, <74,6,5>, <75,6,11>, <76,6,8>, <78,6,2>, <79,6,2>, <80,6,1>, <81,6,5>, <83,6,7>, <84,6,4>, <86,6,3>, <88,6,1>, <89,6,2>, <90,6,2>, <91,6,1>, <93,6,1>, <94,6,1>, <96,6,3>, <99,6,1>, <100,6,3>, <101,6,3>, <103,6,4>, <104,6,2>, <105,6,5>, <107,6,2>, <108,6,2>, <109,6,2>, <110,6,1>, <111,6,4>, <112,6,1>, <113,6,2>, <114,6,1>, <115,6,2>, <117,6,2>, <118,6,6>, <121,6,1>, <122,6,3>, <123,6,5>, <125,6,4>, <126,6,2>, <127,6,1>, <128,6,4>, <130,6,2>, <131,6,1>, <133,6,2>, <134,6,4>, <135,6,5>, <137,6,1>, <138,6,1>, <139,6,1>, <140,6,2>, <141,6,1>, <142,6,1>, <143,6,1>, <147,6,2>, <148,6,1>, <149,6,1>, <150,6,2>, <151,6,1>, <152,6,2>, <155,6,2>, <157,6,1>, <158,6,1>, <159,6,1>, <160,6,1>, <161,6,1>, <162,6,1>, <164,6,1>, <165,6,1>, <167,6,1>, <168,6,1>, <169,6,1>, <170,6,2>, <172,6,2>, <174,6,1>, <177,6,3>, <182,6,1>, <183,6,1>, <184,6,3>, <185,6,1>, <188,6,3>, <189,6,3>, <190,6,1>, <191,6,1>, <192,6,1>, <193,6,2>, <194,6,1>, <198,6,1>, <202,6,1>, <203,6,1>, <206,6,2>, <207,6,1>, <210,6,1>, <211,6,1>, <214,6,2>, <215,6,1>, <216,6,1>, <217,6,1>, <218,6,1>, <219,6,1>, <221,6,1>, <225,6,1>, <227,6,1>, <232,6,1>, <234,6,1>, <235,6,1>, <236,6,4>, <238,6,1>, <239,6,1>, <240,6,1>, <241,6,3>, <247,6,2>, <248,6,1>, <249,6,1>, <250,6,1>, <251,6,1>, <254,6,1>, <255,6,2>, <256,6,3>, <257,6,1>, <258,6,2>, <259,6,1>, <260,6,1>, <261,6,3>, <262,6,1>, <264,6,1>, <265,6,1>, <266,6,1>, <267,6,1>, <268,6,2>, <269,6,3>, <270,6,1>, <271,6,2>, <272,6,2>, <273,6,4>, <277,6,5>, <280,6,1>, <281,6,1>, <284,6,1>, <286,6,2>, <287,6,1>, <290,6,1>, <291,6,4>, <294,6,3>, <295,6,1>, <297,6,1>, <298,6,1>, <299,6,1>, <301,6,1>, <305,6,1>, <308,6,1>, <312,6,1>, <313,6,1>, <314,6,4>, <316,6,1>, <318,6,1>, <319,6,1>, <320,6,3>, <322,6,1>, <324,6,1>, <325,6,3>, <332,6,1>, <338,6,2>, <342,6,1>, <343,6,1>, <346,6,1>, <349,6,1>, <352,6,1>, <353,6,1>, <358,6,3>, <364,6,1>, <365,6,1>, <367,6,1>, <370,6,1>, <374,6,1>, <378,6,1>, <379,6,1>, <381,6,2>, <382,6,1>, <384,6,3>, <387,6,1>, <388,6,1>, <389,6,1>, <391,6,1>, <395,6,1>, <396,6,1>, <397,6,1>, <398,6,2>, <399,6,2>, <400,6,2>, <401,6,1>, <404,6,1>, <405,6,1>, <406,6,1>, <410,6,1>, <411,6,3>, <412,6,1>, <414,6,2>, <419,6,1>, <420,6,1>, <421,6,1>, <423,6,1>, <425,6,1>, <427,6,1>, <433,6,1>, <434,6,1>, <437,6,1>, <441,6,1>, <443,6,1>, <445,6,1>, <447,6,1>, <448,6,1>, <452,6,1>, <457,6,1>, <458,6,1>, <462,6,1>, <463,6,1>, <465,6,1>, <467,6,1>, <468,6,1>, <470,6,2>, <471,6,1>, <475,6,2>, <476,6,1>, <479,6,1>, <480,6,2>, <484,6,1>, <485,6,1>, <486,6,1>, <488,6,1>, <495,6,1>, <497,6,1>, <502,6,1>, <506,6,1>, <508,6,1>, <510,6,1>, <520,6,1>, <524,6,2>, <536,6,1>, <538,6,1>, <540,6,1>, <541,6,1>, <546,6,1>, <549,6,1>, <550,6,2>, <551,6,1>, <556,6,1>, <560,6,1>, <561,6,1>, <567,6,1>, <569,6,1>, <572,6,1>, <581,6,1>, <583,6,1>, <584,6,1>, <589,6,2>, <590,6,1>, <596,6,1>, <599,6,1>, <606,6,1>, <613,6,1>, <617,6,1>, <624,6,1>, <629,6,2>, <634,6,1>, <639,6,1>, <642,6,1>, <643,6,1>, <644,6,2>, <648,6,1>, <649,6,1>, <657,6,1>, <664,6,1>, <684,6,1>, <685,6,1>, <702,6,1>, <706,6,1>, <715,6,1>, <716,6,1>, <720,6,1>, <721,6,1>, <726,6,1>, <729,6,2>, <734,6,1>, <739,6,1>, <755,6,1>, <758,6,1>, <768,6,1>, <769,6,1>, <776,6,1>, <779,6,1>, <780,6,1>, <783,6,1>, <788,6,1>, <808,6,1>, <811,6,1>, <818,6,1>, <822,6,2>, <827,6,1>, <831,6,1>, <846,6,1>, <859,6,1>, <873,6,2>, <900,6,1>, <905,6,1>, <908,6,1>, <912,6,1>, <913,6,1>, <915,6,1>, <918,6,1>, <930,6,1>, <942,6,1>, <951,6,1>, <962,6,1>, <973,6,1>, <976,6,1>, <977,6,2>, <983,6,1>, <987,6,1>, <996,6,1>, <1000,6,1>, <1,7,53>, <2,7,52>, <3,7,15>, <4,7,68>, <5,7,109>, <6,7,5>, <7,7,26>, <8,7,32>, <9,7,22>, <10,7,3>, <11,7,8>, <12,7,15>, <13,7,21>, <14,7,14>, <15,7,9>, <16,7,6>, <17,7,7>, <18,7,6>, <19,7,12>, <20,7,37>, <21,7,21>, <22,7,1>, <23,7,11>, <24,7,3>, <25,7,3>, <26,7,3>, <27,7,15>, <28,7,12>, <29,7,9>, <30,7,13>, <31,7,10>, <32,7,4>, <33,7,3>, <34,7,1>, <35,7,24>, <36,7,2>, <37,7,2>, <38,7,9>, <40,7,1>, <41,7,4>, <42,7,3>, <43,7,6>, <44,7,2>, <45,7,11>, <47,7,2>, <49,7,1>, <50,7,15>, <51,7,5>, <52,7,3>, <53,7,1>, <54,7,1>, <55,7,2>, <56,7,6>, <57,7,8>, <58,7,6>, <59,7,6>, <60,7,3>, <62,7,4>, <63,7,1>, <64,7,3>, <66,7,2>, <67,7,4>, <68,7,4>, <69,7,3>, <72,7,5>, <74,7,1>, <75,7,3>, <76,7,2>, <77,7,3>, <79,7,5>, <80,7,7>, <84,7,2>, <85,7,6>, <86,7,5>, <87,7,2>, <88,7,1>, <89,7,1>, <90,7,5>, <91,7,1>, <92,7,2>, <94,7,1>, <95,7,3>, <96,7,1>, <98,7,5>, <99,7,7>, <100,7,1>, <101,7,4>, <103,7,1>, <104,7,1>, <105,7,1>, <106,7,4>, <107,7,3>, <108,7,1>, <109,7,2>, <110,7,3>, <111,7,1>, <112,7,2>, <115,7,1>, <116,7,2>, <118,7,1>, <119,7,3>, <120,7,1>, <124,7,1>, <125,7,1>, <126,7,4>, <127,7,3>, <128,7,6>, <129,7,1>, <130,7,1>, <131,7,1>, <132,7,1>, <133,7,1>, <134,7,7>, <135,7,3>, <136,7,2>, <138,7,2>, <140,7,1>, <141,7,2>, <142,7,1>, <144,7,3>, <145,7,7>, <146,7,2>, <147,7,1>, <148,7,1>, <149,7,1>, <150,7,1>, <151,7,1>, <152,7,1>, <153,7,1>, <154,7,1>, <157,7,1>, <159,7,1>, <160,7,1>, <161,7,1>, <162,7,1>, <163,7,3>, <164,7,1>, <165,7,1>, <166,7,1>, <167,7,4>, <169,7,1>, <170,7,1>, <171,7,1>, <172,7,4>, <175,7,1>, <177,7,1>, <179,7,3>, <180,7,1>, <181,7,1>, <182,7,2>, <183,7,1>, <185,7,3>, <186,7,4>, <187,7,1>, <189,7,2>, <190,7,2>, <192,7,4>, <194,7,5>, <196,7,6>, <197,7,1>, <198,7,2>, <200,7,1>, <203,7,2>, <204,7,1>, <206,7,2>, <207,7,1>, <208,7,1>, <209,7,2>, <213,7,1>, <215,7,1>, <216,7,1>, <217,7,1>, <218,7,1>, <220,7,1>, <223,7,3>, <225,7,2>, <226,7,1>, <228,7,1>, <230,7,1>, <231,7,1>, <232,7,1>, <233,7,1>, <234,7,2>, <235,7,1>, <236,7,1>, <237,7,1>, <238,7,2>, <240,7,1>, <241,7,1>, <243,7,1>, <245,7,1>, <248,7,1>, <249,7,2>, <251,7,2>, <252,7,1>, <254,7,2>, <255,7,1>, <256,7,1>, <258,7,1>, <261,7,1>, <262,7,1>, <264,7,1>, <267,7,3>, <269,7,1>, <270,7,3>, <272,7,1>, <279,7,2>, <280,7,1>, <281,7,1>, <283,7,1>, <285,7,1>, <286,7,2>, <288,7,1>, <290,7,1>, <292,7,3>, <295,7,1>, <297,7,1>, <301,7,1>, <302,7,4>, <303,7,2>, <304,7,1>, <305,7,1>, <309,7,1>, <310,7,2>, <311,7,3>, <313,7,2>, <319,7,1>, <321,7,1>, <322,7,1>, <324,7,2>, <325,7,1>, <327,7,1>, <328,7,1>, <330,7,4>, <332,7,2>, <334,7,1>, <336,7,1>, <345,7,1>, <346,7,1>, <347,7,1>, <352,7,1>, <363,7,2>, <365,7,2>, <366,7,1>, <369,7,1>, <376,7,1>, <377,7,1>, <378,7,1>, <382,7,1>, <383,7,1>, <384,7,3>, <388,7,1>, <389,7,3>, <390,7,1>, <392,7,1>, <396,7,1>, <397,7,2>, <398,7,1>, <400,7,1>, <401,7,1>, <404,7,1>, <405,7,1>, <406,7,1>, <409,7,2>, <412,7,2>, <415,7,2>, <418,7,1>, <419,7,1>, <420,7,1>, <426,7,1>, <434,7,1>, <435,7,1>, <436,7,1>, <440,7,4>, <444,7,1>, <445,7,1>, <447,7,1>, <450,7,1>, <453,7,1>, <454,7,1>, <457,7,1>, <458,7,1>, <459,7,1>, <462,7,1>, <464,7,1>, <465,7,2>, <467,7,1>, <474,7,1>, <484,7,2>, <486,7,1>, <488,7,1>, <493,7,1>, <502,7,1>, <506,7,5>, <507,7,1>, <508,7,1>, <514,7,3>, <517,7,1>, <528,7,1>, <536,7,1>, <540,7,3>, <541,7,1>, <544,7,2>, <545,7,1>, <546,7,1>, <550,7,1>, <553,7,1>, <560,7,1>, <561,7,1>, <562,7,1>, <567,7,1>, <572,7,1>, <574,7,1>, <583,7,1>, <588,7,1>, <592,7,1>, <597,7,1>, <598,7,1>, <604,7,1>, <606,7,1>, <621,7,1>, <624,7,1>, <628,7,1>, <633,7,1>, <635,7,1>, <638,7,1>, <645,7,2>, <646,7,1>, <647,7,1>, <649,7,2>, <654,7,1>, <655,7,1>, <673,7,1>, <676,7,1>, <685,7,1>, <703,7,1>, <713,7,1>, <716,7,1>, <720,7,1>, <724,7,1>, <743,7,1>, <759,7,1>, <769,7,1>, <770,7,1>, <772,7,1>, <777,7,1>, <782,7,2>, <790,7,2>, <795,7,1>, <816,7,1>, <822,7,1>, <825,7,1>, <829,7,1>, <839,7,2>, <841,7,1>, <842,7,1>, <843,7,2>, <859,7,1>, <867,7,1>, <872,7,1>, <873,7,1>, <880,7,1>, <899,7,1>, <901,7,1>, <908,7,2>, <916,7,1>, <918,7,1>, <923,7,1>, <931,7,1>, <934,7,1>, <937,7,1>, <946,7,1>, <947,7,1>, <961,7,1>, <973,7,1>, <977,7,1>, <979,7,1>, <983,7,1>, <1,8,733>, <2,8,242>, <3,8,69>, <5,8,18>, <6,8,2>, <7,8,12>, <8,8,1>, <9,8,10>, <10,8,58>, <11,8,64>, <12,8,45>, <13,8,10>, <14,8,11>, <15,8,15>, <16,8,4>, <17,8,7>, <18,8,13>, <19,8,1>, <20,8,16>, <21,8,13>, <22,8,13>, <23,8,2>, <24,8,18>, <25,8,8>, <26,8,7>, <27,8,3>, <28,8,13>, <29,8,15>, <30,8,2>, <31,8,1>, <32,8,6>, <33,8,12>, <34,8,4>, <35,8,1>, <36,8,9>, <37,8,2>, <38,8,15>, <39,8,5>, <40,8,6>, <41,8,1>, <42,8,9>, <43,8,7>, <45,8,2>, <46,8,12>, <47,8,2>, <48,8,6>, <49,8,4>, <50,8,1>, <51,8,2>, <52,8,9>, <54,8,1>, <55,8,7>, <56,8,6>, <57,8,1>, <58,8,2>, <60,8,7>, <61,8,6>, <62,8,7>, <63,8,3>, <64,8,2>, <65,8,3>, <66,8,1>, <67,8,4>, <68,8,2>, <69,8,1>, <70,8,4>, <71,8,6>, <72,8,5>, <73,8,1>, <74,8,5>, <75,8,2>, <76,8,1>, <77,8,2>, <79,8,8>, <80,8,4>, <81,8,5>, <82,8,4>, <83,8,1>, <84,8,3>, <86,8,3>, <87,8,6>, <88,8,2>, <89,8,6>, <90,8,1>, <91,8,3>, <92,8,1>, <93,8,5>, <94,8,3>, <96,8,4>, <97,8,1>, <98,8,1>, <100,8,5>, <102,8,2>, <103,8,9>, <104,8,2>, <105,8,6>, <107,8,2>, <108,8,1>, <111,8,1>, <112,8,2>, <114,8,1>, <115,8,3>, <117,8,1>, <118,8,1>, <120,8,1>, <121,8,4>, <122,8,4>, <123,8,2>, <125,8,1>, <127,8,1>, <128,8,1>, <129,8,1>, <131,8,5>, <132,8,1>, <134,8,1>, <135,8,2>, <136,8,1>, <137,8,1>, <138,8,5>, <139,8,3>, <140,8,3>, <141,8,2>, <143,8,3>, <145,8,1>, <146,8,1>, <147,8,5>, <149,8,2>, <151,8,3>, <153,8,1>, <157,8,1>, <158,8,3>, <159,8,2>, <160,8,4>, <161,8,4>, <162,8,1>, <163,8,1>, <164,8,1>, <165,8,1>, <166,8,4>, <167,8,3>, <170,8,2>, <171,8,2>, <172,8,1>, <173,8,2>, <175,8,1>, <176,8,2>, <177,8,2>, <178,8,2>, <180,8,2>, <181,8,1>, <184,8,2>, <185,8,1>, <186,8,1>, <189,8,1>, <190,8,1>, <191,8,4>, <192,8,1>, <193,8,1>, <194,8,1>, <195,8,2>, <196,8,1>, <198,8,4>, <199,8,1>, <201,8,1>, <202,8,1>, <203,8,2>, <204,8,4>, <207,8,2>, <208,8,1>, <209,8,1>, <210,8,6>, <211,8,1>, <213,8,2>, <215,8,2>, <216,8,1>, <217,8,3>, <219,8,2>, <220,8,1>, <221,8,1>, <223,8,2>, <225,8,2>, <227,8,1>, <231,8,2>, <233,8,1>, <234,8,1>, <237,8,1>, <238,8,1>, <239,8,2>, <240,8,1>, <241,8,2>, <244,8,1>, <246,8,2>, <248,8,3>, <249,8,1>, <252,8,1>, <253,8,1>, <254,8,1>, <256,8,1>, <258,8,2>, <260,8,1>, <262,8,2>, <265,8,1>, <266,8,1>, <267,8,1>, <268,8,1>, <269,8,1>, <274,8,2>, <275,8,1>, <276,8,2>, <280,8,2>, <282,8,2>, <283,8,1>, <284,8,1>, <287,8,1>, <290,8,1>, <294,8,1>, <295,8,1>, <298,8,2>, <299,8,2>, <300,8,2>, <301,8,1>, <303,8,1>, <305,8,1>, <306,8,1>, <311,8,4>, <315,8,2>, <316,8,1>, <317,8,1>, <318,8,1>, <322,8,3>, <323,8,1>, <325,8,2>, <327,8,1>, <328,8,1>, <334,8,1>, <335,8,1>, <341,8,1>, <343,8,1>, <344,8,1>, <345,8,1>, <346,8,1>, <348,8,2>, <349,8,2>, <353,8,1>, <356,8,2>, <358,8,1>, <359,8,1>, <360,8,1>, <361,8,1>, <362,8,1>, <363,8,1>, <364,8,2>, <366,8,1>, <367,8,1>, <370,8,1>, <376,8,3>, <377,8,1>, <378,8,1>, <379,8,1>, <381,8,1>, <383,8,1>, <388,8,2>, <389,8,1>, <394,8,1>, <395,8,1>, <398,8,1>, <399,8,1>, <400,8,1>, <401,8,1>, <403,8,1>, <405,8,1>, <411,8,2>, <413,8,1>, <418,8,1>, <423,8,1>, <425,8,1>, <427,8,2>, <429,8,1>, <431,8,1>, <433,8,1>, <440,8,1>, <444,8,1>, <449,8,1>, <450,8,1>, <454,8,1>, <455,8,1>, <456,8,1>, <459,8,1>, <463,8,3>, <466,8,1>, <467,8,1>, <471,8,1>, <472,8,1>, <474,8,1>, <475,8,1>, <477,8,1>, <478,8,1>, <481,8,1>, <482,8,3>, <486,8,1>, <489,8,1>, <491,8,1>, <493,8,1>, <495,8,1>, <498,8,1>, <499,8,1>, <500,8,1>, <501,8,1>, <502,8,3>, <508,8,1>, <512,8,1>, <513,8,1>, <514,8,1>, <515,8,1>, <518,8,1>, <528,8,2>, <540,8,1>, <546,8,1>, <550,8,1>, <553,8,1>, <555,8,1>, <561,8,3>, <563,8,1>, <568,8,1>, <571,8,1>, <574,8,1>, <581,8,2>, <583,8,2>, <589,8,1>, <600,8,1>, <608,8,1>, <612,8,1>, <617,8,1>, <621,8,1>, <628,8,1>, <629,8,1>, <631,8,1>, <639,8,1>, <644,8,1>, <649,8,1>, <657,8,1>, <663,8,1>, <668,8,1>, <673,8,1>, <678,8,2>, <685,8,1>, <696,8,2>, <701,8,1>, <705,8,1>, <713,8,1>, <715,8,1>, <716,8,4>, <722,8,1>, <727,8,1>, <730,8,1>, <732,8,1>, <734,8,1>, <735,8,1>, <740,8,1>, <741,8,2>, <742,8,1>, <747,8,1>, <752,8,1>, <765,8,1>, <768,8,1>, <769,8,1>, <776,8,2>, <780,8,1>, <782,8,1>, <784,8,1>, <816,8,1>, <821,8,1>, <825,8,1>, <828,8,2>, <836,8,1>, <841,8,1>, <852,8,1>, <853,8,1>, <860,8,1>, <867,8,1>, <872,8,1>, <879,8,1>, <880,8,1>, <882,8,1>, <903,8,1>, <905,8,1>, <913,8,1>, <932,8,1>, <935,8,1>, <947,8,1>, <963,8,1>, <980,8,1>, <982,8,1>, <990,8,1>, <991,8,1>, <992,8,1>, <995,8,1>, <1000,8,1>, <1,9,107>, <2,9,111>, <3,9,31>, <4,9,32>, <5,9,15>, <6,9,100>, <7,9,39>, <8,9,18>, <9,9,11>, <10,9,28>, <11,9,29>, <12,9,3>, <13,9,13>, <14,9,15>, <15,9,13>, <16,9,10>, <17,9,6>, <18,9,1>, <19,9,33>, <20,9,3>, <21,9,15>, <22,9,24>, <23,9,12>, <25,9,15>, <26,9,23>, <27,9,5>, <28,9,6>, <29,9,8>, <30,9,3>, <31,9,9>, <32,9,7>, <33,9,13>, <34,9,1>, <35,9,1>, <36,9,8>, <37,9,1>, <38,9,1>, <39,9,8>, <40,9,1>, <41,9,17>, <42,9,1>, <43,9,10>, <44,9,9>, <45,9,3>, <46,9,5>, <47,9,7>, <49,9,9>, <50,9,5>, <51,9,7>, <52,9,3>, <54,9,1>, <55,9,3>, <56,9,2>, <57,9,9>, <59,9,1>, <60,9,7>, <61,9,7>, <62,9,4>, <63,9,12>, <64,9,4>, <65,9,1>, <66,9,5>, <67,9,4>, <68,9,2>, <70,9,1>, <71,9,1>, <73,9,4>, <75,9,1>, <76,9,1>, <77,9,1>, <78,9,2>, <79,9,2>, <80,9,1>, <81,9,1>, <82,9,2>, <83,9,2>, <85,9,4>, <86,9,1>, <87,9,2>, <88,9,3>, <89,9,3>, <90,9,2>, <92,9,3>, <93,9,6>, <95,9,1>, <96,9,6>, <97,9,3>, <99,9,5>, <100,9,2>, <101,9,1>, <102,9,2>, <103,9,3>, <107,9,1>, <109,9,6>, <110,9,2>, <112,9,1>, <113,9,1>, <114,9,1>, <115,9,5>, <117,9,5>, <119,9,2>, <120,9,1>, <121,9,2>, <122,9,2>, <123,9,3>, <124,9,4>, <125,9,1>, <126,9,1>, <128,9,1>, <129,9,1>, <130,9,1>, <131,9,4>, <133,9,4>, <134,9,1>, <135,9,1>, <137,9,1>, <139,9,1>, <143,9,2>, <144,9,1>, <145,9,1>, <146,9,2>, <147,9,1>, <148,9,2>, <149,9,1>, <150,9,7>, <152,9,2>, <153,9,1>, <154,9,1>, <155,9,2>, <157,9,4>, <159,9,5>, <162,9,3>, <163,9,1>, <164,9,6>, <168,9,3>, <170,9,1>, <171,9,1>, <172,9,2>, <173,9,1>, <174,9,6>, <177,9,2>, <180,9,1>, <181,9,3>, <182,9,1>, <183,9,1>, <184,9,1>, <186,9,2>, <187,9,2>, <188,9,3>, <189,9,2>, <190,9,2>, <191,9,1>, <192,9,1>, <193,9,1>, <196,9,1>, <198,9,1>, <201,9,1>, <202,9,2>, <203,9,1>, <204,9,1>, <205,9,1>, <207,9,2>, <208,9,1>, <209,9,2>, <213,9,2>, <214,9,1>, <215,9,1>, <216,9,2>, <217,9,1>, <218,9,1>, <220,9,1>, <223,9,2>, <226,9,5>, <227,9,1>, <228,9,3>, <231,9,1>, <232,9,1>, <234,9,2>, <235,9,3>, <236,9,2>, <237,9,2>, <238,9,1>, <239,9,1>, <241,9,1>, <243,9,2>, <244,9,2>, <245,9,1>, <246,9,2>, <250,9,1>, <251,9,1>, <252,9,1>, <254,9,2>, <255,9,3>, <257,9,2>, <259,9,1>, <261,9,1>, <262,9,1>, <264,9,1>, <266,9,2>, <269,9,1>, <272,9,1>, <273,9,1>, <275,9,3>, <277,9,3>, <280,9,4>, <281,9,1>, <282,9,1>, <283,9,1>, <285,9,1>, <290,9,4>, <294,9,1>, <295,9,1>, <301,9,1>, <302,9,1>, <303,9,1>, <306,9,2>, <308,9,3>, <309,9,1>, <310,9,1>, <315,9,1>, <316,9,1>, <317,9,1>, <318,9,2>, <319,9,2>, <320,9,1>, <325,9,2>, <326,9,1>, <328,9,2>, <329,9,1>, <330,9,2>, <336,9,1>, <337,9,1>, <342,9,3>, <343,9,1>, <344,9,2>, <345,9,1>, <347,9,1>, <349,9,1>, <350,9,2>, <352,9,3>, <354,9,1>, <356,9,1>, <358,9,1>, <361,9,1>, <362,9,3>, <365,9,1>, <366,9,2>, <371,9,1>, <381,9,1>, <383,9,1>, <384,9,3>, <385,9,1>, <386,9,1>, <389,9,1>, <394,9,1>, <396,9,1>, <397,9,1>, <398,9,1>, <400,9,2>, <401,9,2>, <410,9,1>, <414,9,1>, <415,9,1>, <419,9,1>, <420,9,1>, <425,9,1>, <426,9,2>, <428,9,5>, <434,9,1>, <435,9,1>, <437,9,2>, <440,9,1>, <445,9,2>, <446,9,1>, <447,9,1>, <448,9,1>, <451,9,1>, <454,9,1>, <455,9,3>, <456,9,1>, <459,9,2>, <463,9,1>, <464,9,1>, <466,9,1>, <470,9,2>, <477,9,1>, <478,9,1>, <480,9,2>, <481,9,1>, <493,9,1>, <498,9,2>, <507,9,1>, <508,9,1>, <515,9,1>, <517,9,2>, <521,9,1>, <522,9,2>, <524,9,1>, <526,9,1>, <533,9,1>, <541,9,1>, <542,9,1>, <553,9,2>, <555,9,1>, <556,9,1>, <560,9,1>, <561,9,1>, <563,9,1>, <567,9,2>, <571,9,1>, <578,9,1>, <584,9,1>, <587,9,1>, <589,9,1>, <596,9,1>, <598,9,1>, <601,9,1>, <607,9,1>, <612,9,1>, <619,9,2>, <624,9,1>, <625,9,1>, <629,9,1>, <631,9,1>, <644,9,2>, <647,9,1>, <649,9,1>, <651,9,1>, <654,9,1>, <657,9,1>, <659,9,1>, <660,9,1>, <663,9,1>, <669,9,1>, <678,9,1>, <696,9,1>, <701,9,1>, <702,9,1>, <705,9,1>, <706,9,1>, <708,9,1>, <721,9,1>, <727,9,1>, <731,9,1>, <732,9,2>, <735,9,1>, <739,9,1>, <740,9,1>, <752,9,1>, <753,9,1>, <755,9,2>, <759,9,1>, <768,9,1>, <774,9,1>, <777,9,1>, <778,9,1>, <780,9,1>, <784,9,1>, <790,9,1>, <791,9,1>, <795,9,1>, <796,9,1>, <812,9,1>, <818,9,1>, <821,9,1>, <839,9,1>, <842,9,2>, <843,9,1>, <846,9,2>, <851,9,1>, <856,9,1>, <859,9,1>, <867,9,1>, <872,9,1>, <880,9,1>, <887,9,1>, <896,9,1>, <899,9,1>, <904,9,1>, <905,9,1>, <912,9,1>, <930,9,1>, <931,9,2>, <946,9,1>, <956,9,1>, <959,9,1>, <960,9,1>, <961,9,1>, <974,9,1>, <977,9,1>, <982,9,1>, <983,9,1>, <985,9,1>, <996,9,1> };

MaxCacheStorageAtSingleAS= [ 0  0  0  0  1312.5  1312.5  1312.5  1312.5  1312.5  0 ] ;

MaxCacheStorage = 6562.5 ;
SolutionGap = 0.01 ;
