
ASes= { 1, 2, 3, 4, 5, 6, 7, 8, 9, 10 } ;


Objects= { 1, 2, 3, 4, 5, 6, 7, 8, 9, 10, 11, 12, 13, 14, 15, 16, 17, 18, 19, 20, 21, 22, 23, 24, 25, 26, 27, 28, 29, 30, 31, 32, 33, 34, 35, 36, 37, 38, 39, 40, 41, 42, 43, 44, 45, 46, 47, 48, 49, 50, 51, 52, 53, 54, 55, 56, 57, 58, 59, 60, 61, 62, 63, 64, 65, 66, 67, 68, 69, 70, 71, 72, 73, 74, 75, 76, 77, 78, 79, 80, 81, 82, 83, 84, 85, 86, 87, 88, 89, 90, 91, 92, 93, 94, 95, 96, 97, 98, 99, 100, 101, 102, 103, 104, 105, 106, 107, 108, 109, 110, 111, 112, 113, 114, 115, 116, 117, 118, 119, 120, 121, 122, 123, 124, 125, 126, 127, 128, 129, 130, 131, 132, 133, 134, 135, 136, 137, 138, 139, 140, 141, 142, 143, 144, 145, 146, 147, 148, 149, 150, 151, 152, 153, 154, 155, 156, 157, 158, 159, 160, 161, 162, 163, 164, 165, 166, 167, 168, 169, 170, 171, 172, 173, 174, 175, 176, 177, 178, 179, 180, 181, 182, 183, 184, 185, 186, 187, 188, 189, 190, 191, 192, 193, 194, 195, 196, 197, 198, 199, 200, 201, 202, 203, 204, 205, 206, 207, 208, 209, 210, 211, 212, 213, 214, 215, 216, 217, 218, 219, 220, 221, 222, 223, 224, 225, 226, 227, 228, 229, 230, 231, 232, 233, 234, 235, 236, 237, 238, 239, 240, 241, 242, 243, 244, 245, 246, 247, 248, 249, 250, 251, 252, 253, 254, 255, 256, 257, 258, 259, 260, 261, 262, 263, 264, 265, 266, 267, 268, 269, 270, 271, 272, 273, 274, 275, 276, 277, 278, 279, 280, 281, 282, 283, 284, 285, 286, 287, 288, 289, 290, 291, 292, 293, 294, 295, 296, 297, 298, 299, 300, 301, 302, 303, 304, 305, 306, 307, 308, 309, 310, 311, 312, 313, 314, 315, 316, 317, 318, 319, 320, 321, 322, 323, 324, 325, 326, 327, 328, 329, 330, 331, 332, 333, 334, 335, 336, 337, 338, 339, 340, 341, 342, 343, 344, 345, 346, 347, 348, 349, 350, 351, 352, 353, 354, 355, 356, 357, 358, 359, 360, 361, 362, 363, 364, 365, 366, 367, 368, 369, 370, 371, 372, 373, 374, 375, 376, 377, 378, 379, 380, 381, 382, 383, 384, 385, 386, 387, 388, 389, 390, 391, 392, 393, 394, 395, 396, 397, 398, 399, 400, 401, 402, 403, 404, 405, 406, 407, 408, 409, 410, 411, 412, 413, 414, 415, 416, 417, 418, 419, 420, 421, 422, 423, 424, 425, 426, 427, 428, 429, 430, 431, 432, 433, 434, 435, 436, 437, 438, 439, 440, 441, 442, 443, 444, 445, 446, 447, 448, 449, 450, 451, 452, 453, 454, 455, 456, 457, 458, 459, 460, 461, 462, 463, 464, 465, 466, 467, 468, 469, 470, 471, 472, 473, 474, 475, 476, 477, 478, 479, 480, 481, 482, 483, 484, 485, 486, 487, 488, 489, 490, 491, 492, 493, 494, 495, 496, 497, 498, 499, 500, 501, 502, 503, 504, 505, 506, 507, 508, 509, 510, 511, 512, 513, 514, 515, 516, 517, 518, 519, 520, 521, 522, 523, 524, 525, 526, 527, 528, 529, 530, 531, 532, 533, 534, 535, 536, 537, 538, 539, 540, 541, 542, 543, 544, 545, 546, 547, 548, 549, 550, 551, 552, 553, 554, 555, 556, 557, 558, 559, 560, 561, 562, 563, 564, 565, 566, 567, 568, 569, 570, 571, 572, 573, 574, 575, 576, 577, 578, 579, 580, 581, 582, 583, 584, 585, 586, 587, 588, 589, 590, 591, 592, 593, 594, 595, 596, 597, 598, 599, 600, 601, 602, 603, 604, 605, 606, 607, 608, 609, 610, 611, 612, 613, 614, 615, 616, 617, 618, 619, 620, 621, 622, 623, 624, 625, 626, 627, 628, 629, 630, 631, 632, 633, 634, 635, 636, 637, 638, 639, 640, 641, 642, 643, 644, 645, 646, 647, 648, 649, 650, 651, 652, 653, 654, 655, 656, 657, 658, 659, 660, 661, 662, 663, 664, 665, 666, 667, 668, 669, 670, 671, 672, 673, 674, 675, 676, 677, 678, 679, 680, 681, 682, 683, 684, 685, 686, 687, 688, 689, 690, 691, 692, 693, 694, 695, 696, 697, 698, 699, 700, 701, 702, 703, 704, 705, 706, 707, 708, 709, 710, 711, 712, 713, 714, 715, 716, 717, 718, 719, 720, 721, 722, 723, 724, 725, 726, 727, 728, 729, 730, 731, 732, 733, 734, 735, 736, 737, 738, 739, 740, 741, 742, 743, 744, 745, 746, 747, 748, 749, 750, 751, 752, 753, 754, 755, 756, 757, 758, 759, 760, 761, 762, 763, 764, 765, 766, 767, 768, 769, 770, 771, 772, 773, 774, 775, 776, 777, 778, 779, 780, 781, 782, 783, 784, 785, 786, 787, 788, 789, 790, 791, 792, 793, 794, 795, 796, 797, 798, 799, 800, 801, 802, 803, 804, 805, 806, 807, 808, 809, 810, 811, 812, 813, 814, 815, 816, 817, 818, 819, 820, 821, 822, 823, 824, 825, 826, 827, 828, 829, 830, 831, 832, 833, 834, 835, 836, 837, 838, 839, 840, 841, 842, 843, 844, 845, 846, 847, 848, 849, 850, 851, 852, 853, 854, 855, 856, 857, 858, 859, 860, 861, 862, 863, 864, 865, 866, 867, 868, 869, 870, 871, 872, 873, 874, 875, 876, 877, 878, 879, 880, 881, 882, 883, 884, 885, 886, 887, 888, 889, 890, 891, 892, 893, 894, 895, 896, 897, 898, 899, 900, 901, 902, 903, 904, 905, 906, 907, 908, 909, 910, 911, 912, 913, 914, 915, 916, 917, 918, 919, 920, 921, 922, 923, 924, 925, 926, 927, 928, 929, 930, 931, 932, 933, 934, 935, 936, 937, 938, 939, 940, 941, 942, 943, 944, 945, 946, 947, 948, 949, 950, 951, 952, 953, 954, 955, 956, 957, 958, 959, 960, 961, 962, 963, 964, 965, 966, 967, 968, 969, 970, 971, 972, 973, 974, 975, 976, 977, 978, 979, 980, 981, 982, 983, 984, 985, 986, 987, 988, 989, 990, 991, 992, 993, 994, 995, 996, 997, 998, 999, 1000 } ;


QualityLevels= { 0, 1, 2, 3, 4, 5 } ;

Arcs = { <1,2,490000>, <2,1,490000>,<1,3,490000>, <3,1,490000>,<1,4,490000>, <4,1,490000>,<2,5,490000>, <5,2,490000>,<5,6,490000>, <6,5,490000>,<1,7,490000>, <7,1,490000>,<6,8,490000>, <8,6,490000>,<8,9,490000>, <9,8,490000>,<6,10,490000>, <10,6,490000> }; 


RatePerQuality= [ 0  300  700  1500  2500  3500 ] ;


CacheSpacePerQuality= [ 10000  11.25  26.25  56.25  93.75  131.25 ] ;


UtilityPerQuality= [ 0  0.66874  0.795271  0.880112  0.945742  1 ] ;


ObjectsPublishedByProducers=[ [ 0  0  0  0  0  0  0  0  0  1 ]  [ 0  0  0  0  0  0  0  0  0  1 ]  [ 0  0  1  0  0  0  0  0  0  0 ]  [ 0  0  1  0  0  0  0  0  0  0 ]  [ 0  0  0  0  0  0  0  0  0  1 ]  [ 0  0  0  0  0  0  0  0  1  0 ]  [ 0  0  0  0  0  0  0  0  1  0 ]  [ 0  0  0  1  0  0  0  0  0  0 ]  [ 0  0  0  0  0  0  0  0  1  0 ]  [ 0  0  0  0  0  0  0  0  1  0 ]  [ 0  0  0  0  0  0  1  0  0  0 ]  [ 0  0  1  0  0  0  0  0  0  0 ]  [ 0  0  0  0  0  0  1  0  0  0 ]  [ 0  0  0  1  0  0  0  0  0  0 ]  [ 0  0  0  0  0  0  0  0  1  0 ]  [ 0  0  0  0  0  0  0  0  0  1 ]  [ 0  0  0  0  0  0  0  0  0  1 ]  [ 0  0  0  0  0  0  1  0  0  0 ]  [ 0  0  0  0  0  0  1  0  0  0 ]  [ 0  0  0  1  0  0  0  0  0  0 ]  [ 0  0  1  0  0  0  0  0  0  0 ]  [ 0  0  1  0  0  0  0  0  0  0 ]  [ 0  0  0  0  0  0  1  0  0  0 ]  [ 0  0  0  1  0  0  0  0  0  0 ]  [ 0  0  0  1  0  0  0  0  0  0 ]  [ 0  0  0  0  0  0  0  0  0  1 ]  [ 0  0  0  0  0  0  1  0  0  0 ]  [ 0  0  0  0  0  0  1  0  0  0 ]  [ 0  0  0  1  0  0  0  0  0  0 ]  [ 0  0  1  0  0  0  0  0  0  0 ]  [ 0  0  0  1  0  0  0  0  0  0 ]  [ 0  0  1  0  0  0  0  0  0  0 ]  [ 0  0  0  0  0  0  1  0  0  0 ]  [ 0  0  0  0  0  0  0  0  0  1 ]  [ 0  0  0  0  0  0  0  0  1  0 ]  [ 0  0  1  0  0  0  0  0  0  0 ]  [ 0  0  0  0  0  0  0  0  0  1 ]  [ 0  0  0  0  0  0  0  0  1  0 ]  [ 0  0  0  0  0  0  0  0  1  0 ]  [ 0  0  0  0  0  0  0  0  0  1 ]  [ 0  0  0  0  0  0  0  0  1  0 ]  [ 0  0  0  0  0  0  0  0  1  0 ]  [ 0  0  0  1  0  0  0  0  0  0 ]  [ 0  0  0  0  0  0  0  0  0  1 ]  [ 0  0  0  0  0  0  0  0  0  1 ]  [ 0  0  1  0  0  0  0  0  0  0 ]  [ 0  0  0  0  0  0  0  0  1  0 ]  [ 0  0  0  0  0  0  0  0  1  0 ]  [ 0  0  0  0  0  0  1  0  0  0 ]  [ 0  0  0  0  0  0  1  0  0  0 ]  [ 0  0  0  0  0  0  1  0  0  0 ]  [ 0  0  0  0  0  0  0  0  0  1 ]  [ 0  0  0  0  0  0  1  0  0  0 ]  [ 0  0  0  0  0  0  0  0  0  1 ]  [ 0  0  0  1  0  0  0  0  0  0 ]  [ 0  0  0  0  0  0  0  0  0  1 ]  [ 0  0  0  0  0  0  0  0  0  1 ]  [ 0  0  0  0  0  0  1  0  0  0 ]  [ 0  0  0  0  0  0  1  0  0  0 ]  [ 0  0  0  0  0  0  0  0  0  1 ]  [ 0  0  0  0  0  0  0  0  1  0 ]  [ 0  0  0  0  0  0  1  0  0  0 ]  [ 0  0  0  1  0  0  0  0  0  0 ]  [ 0  0  0  1  0  0  0  0  0  0 ]  [ 0  0  0  0  0  0  0  0  1  0 ]  [ 0  0  1  0  0  0  0  0  0  0 ]  [ 0  0  0  0  0  0  0  0  0  1 ]  [ 0  0  0  1  0  0  0  0  0  0 ]  [ 0  0  0  0  0  0  0  0  0  1 ]  [ 0  0  0  1  0  0  0  0  0  0 ]  [ 0  0  0  0  0  0  0  0  0  1 ]  [ 0  0  0  0  0  0  0  0  1  0 ]  [ 0  0  0  0  0  0  1  0  0  0 ]  [ 0  0  0  0  0  0  1  0  0  0 ]  [ 0  0  0  0  0  0  0  0  1  0 ]  [ 0  0  0  0  0  0  1  0  0  0 ]  [ 0  0  0  1  0  0  0  0  0  0 ]  [ 0  0  0  1  0  0  0  0  0  0 ]  [ 0  0  0  0  0  0  1  0  0  0 ]  [ 0  0  0  0  0  0  0  0  0  1 ]  [ 0  0  0  0  0  0  0  0  1  0 ]  [ 0  0  1  0  0  0  0  0  0  0 ]  [ 0  0  0  0  0  0  0  0  0  1 ]  [ 0  0  0  0  0  0  0  0  1  0 ]  [ 0  0  0  0  0  0  0  0  0  1 ]  [ 0  0  1  0  0  0  0  0  0  0 ]  [ 0  0  0  0  0  0  0  0  1  0 ]  [ 0  0  1  0  0  0  0  0  0  0 ]  [ 0  0  0  0  0  0  0  0  1  0 ]  [ 0  0  0  1  0  0  0  0  0  0 ]  [ 0  0  0  1  0  0  0  0  0  0 ]  [ 0  0  0  0  0  0  0  0  0  1 ]  [ 0  0  1  0  0  0  0  0  0  0 ]  [ 0  0  0  0  0  0  1  0  0  0 ]  [ 0  0  0  0  0  0  0  0  0  1 ]  [ 0  0  0  1  0  0  0  0  0  0 ]  [ 0  0  0  1  0  0  0  0  0  0 ]  [ 0  0  0  0  0  0  0  0  0  1 ]  [ 0  0  0  0  0  0  1  0  0  0 ]  [ 0  0  0  0  0  0  0  0  1  0 ]  [ 0  0  1  0  0  0  0  0  0  0 ]  [ 0  0  0  1  0  0  0  0  0  0 ]  [ 0  0  1  0  0  0  0  0  0  0 ]  [ 0  0  0  0  0  0  0  0  1  0 ]  [ 0  0  1  0  0  0  0  0  0  0 ]  [ 0  0  0  0  0  0  0  0  0  1 ]  [ 0  0  1  0  0  0  0  0  0  0 ]  [ 0  0  0  0  0  0  0  0  1  0 ]  [ 0  0  1  0  0  0  0  0  0  0 ]  [ 0  0  0  1  0  0  0  0  0  0 ]  [ 0  0  0  0  0  0  0  0  0  1 ]  [ 0  0  1  0  0  0  0  0  0  0 ]  [ 0  0  1  0  0  0  0  0  0  0 ]  [ 0  0  0  0  0  0  0  0  1  0 ]  [ 0  0  0  1  0  0  0  0  0  0 ]  [ 0  0  1  0  0  0  0  0  0  0 ]  [ 0  0  0  0  0  0  0  0  0  1 ]  [ 0  0  1  0  0  0  0  0  0  0 ]  [ 0  0  1  0  0  0  0  0  0  0 ]  [ 0  0  0  1  0  0  0  0  0  0 ]  [ 0  0  0  0  0  0  0  0  1  0 ]  [ 0  0  0  0  0  0  0  0  1  0 ]  [ 0  0  1  0  0  0  0  0  0  0 ]  [ 0  0  0  1  0  0  0  0  0  0 ]  [ 0  0  1  0  0  0  0  0  0  0 ]  [ 0  0  0  0  0  0  1  0  0  0 ]  [ 0  0  0  0  0  0  0  0  1  0 ]  [ 0  0  0  0  0  0  0  0  1  0 ]  [ 0  0  0  0  0  0  0  0  0  1 ]  [ 0  0  0  0  0  0  0  0  1  0 ]  [ 0  0  0  0  0  0  0  0  0  1 ]  [ 0  0  0  0  0  0  0  0  1  0 ]  [ 0  0  0  0  0  0  1  0  0  0 ]  [ 0  0  0  1  0  0  0  0  0  0 ]  [ 0  0  0  0  0  0  0  0  1  0 ]  [ 0  0  0  1  0  0  0  0  0  0 ]  [ 0  0  1  0  0  0  0  0  0  0 ]  [ 0  0  0  0  0  0  1  0  0  0 ]  [ 0  0  0  0  0  0  0  0  0  1 ]  [ 0  0  1  0  0  0  0  0  0  0 ]  [ 0  0  0  0  0  0  1  0  0  0 ]  [ 0  0  0  1  0  0  0  0  0  0 ]  [ 0  0  0  0  0  0  1  0  0  0 ]  [ 0  0  1  0  0  0  0  0  0  0 ]  [ 0  0  0  0  0  0  0  0  0  1 ]  [ 0  0  0  1  0  0  0  0  0  0 ]  [ 0  0  0  0  0  0  0  0  1  0 ]  [ 0  0  0  0  0  0  1  0  0  0 ]  [ 0  0  1  0  0  0  0  0  0  0 ]  [ 0  0  0  0  0  0  1  0  0  0 ]  [ 0  0  1  0  0  0  0  0  0  0 ]  [ 0  0  1  0  0  0  0  0  0  0 ]  [ 0  0  1  0  0  0  0  0  0  0 ]  [ 0  0  1  0  0  0  0  0  0  0 ]  [ 0  0  1  0  0  0  0  0  0  0 ]  [ 0  0  0  0  0  0  0  0  1  0 ]  [ 0  0  0  0  0  0  1  0  0  0 ]  [ 0  0  0  0  0  0  0  0  0  1 ]  [ 0  0  0  0  0  0  0  0  0  1 ]  [ 0  0  0  0  0  0  0  0  0  1 ]  [ 0  0  0  1  0  0  0  0  0  0 ]  [ 0  0  0  0  0  0  1  0  0  0 ]  [ 0  0  0  1  0  0  0  0  0  0 ]  [ 0  0  0  0  0  0  1  0  0  0 ]  [ 0  0  0  0  0  0  0  0  1  0 ]  [ 0  0  0  0  0  0  0  0  0  1 ]  [ 0  0  0  0  0  0  0  0  1  0 ]  [ 0  0  0  1  0  0  0  0  0  0 ]  [ 0  0  0  0  0  0  1  0  0  0 ]  [ 0  0  0  0  0  0  1  0  0  0 ]  [ 0  0  1  0  0  0  0  0  0  0 ]  [ 0  0  1  0  0  0  0  0  0  0 ]  [ 0  0  0  0  0  0  1  0  0  0 ]  [ 0  0  1  0  0  0  0  0  0  0 ]  [ 0  0  0  0  0  0  0  0  1  0 ]  [ 0  0  0  1  0  0  0  0  0  0 ]  [ 0  0  1  0  0  0  0  0  0  0 ]  [ 0  0  1  0  0  0  0  0  0  0 ]  [ 0  0  0  1  0  0  0  0  0  0 ]  [ 0  0  0  1  0  0  0  0  0  0 ]  [ 0  0  0  0  0  0  1  0  0  0 ]  [ 0  0  0  0  0  0  1  0  0  0 ]  [ 0  0  0  1  0  0  0  0  0  0 ]  [ 0  0  0  0  0  0  0  0  1  0 ]  [ 0  0  0  1  0  0  0  0  0  0 ]  [ 0  0  0  0  0  0  0  0  0  1 ]  [ 0  0  0  0  0  0  0  0  0  1 ]  [ 0  0  0  0  0  0  0  0  1  0 ]  [ 0  0  0  0  0  0  1  0  0  0 ]  [ 0  0  0  0  0  0  1  0  0  0 ]  [ 0  0  0  0  0  0  1  0  0  0 ]  [ 0  0  1  0  0  0  0  0  0  0 ]  [ 0  0  0  0  0  0  1  0  0  0 ]  [ 0  0  0  0  0  0  1  0  0  0 ]  [ 0  0  1  0  0  0  0  0  0  0 ]  [ 0  0  1  0  0  0  0  0  0  0 ]  [ 0  0  0  0  0  0  0  0  0  1 ]  [ 0  0  0  1  0  0  0  0  0  0 ]  [ 0  0  0  0  0  0  1  0  0  0 ]  [ 0  0  0  0  0  0  0  0  0  1 ]  [ 0  0  0  0  0  0  0  0  1  0 ]  [ 0  0  0  1  0  0  0  0  0  0 ]  [ 0  0  0  0  0  0  0  0  0  1 ]  [ 0  0  0  1  0  0  0  0  0  0 ]  [ 0  0  1  0  0  0  0  0  0  0 ]  [ 0  0  0  0  0  0  0  0  1  0 ]  [ 0  0  1  0  0  0  0  0  0  0 ]  [ 0  0  0  1  0  0  0  0  0  0 ]  [ 0  0  0  0  0  0  0  0  0  1 ]  [ 0  0  0  0  0  0  0  0  1  0 ]  [ 0  0  1  0  0  0  0  0  0  0 ]  [ 0  0  0  0  0  0  1  0  0  0 ]  [ 0  0  0  0  0  0  1  0  0  0 ]  [ 0  0  0  0  0  0  1  0  0  0 ]  [ 0  0  0  1  0  0  0  0  0  0 ]  [ 0  0  0  0  0  0  1  0  0  0 ]  [ 0  0  1  0  0  0  0  0  0  0 ]  [ 0  0  0  1  0  0  0  0  0  0 ]  [ 0  0  0  1  0  0  0  0  0  0 ]  [ 0  0  0  0  0  0  0  0  0  1 ]  [ 0  0  1  0  0  0  0  0  0  0 ]  [ 0  0  0  0  0  0  0  0  1  0 ]  [ 0  0  1  0  0  0  0  0  0  0 ]  [ 0  0  0  0  0  0  1  0  0  0 ]  [ 0  0  0  1  0  0  0  0  0  0 ]  [ 0  0  0  0  0  0  1  0  0  0 ]  [ 0  0  0  0  0  0  0  0  1  0 ]  [ 0  0  0  1  0  0  0  0  0  0 ]  [ 0  0  1  0  0  0  0  0  0  0 ]  [ 0  0  1  0  0  0  0  0  0  0 ]  [ 0  0  1  0  0  0  0  0  0  0 ]  [ 0  0  0  0  0  0  0  0  0  1 ]  [ 0  0  0  0  0  0  0  0  1  0 ]  [ 0  0  0  0  0  0  0  0  0  1 ]  [ 0  0  0  0  0  0  0  0  1  0 ]  [ 0  0  1  0  0  0  0  0  0  0 ]  [ 0  0  0  0  0  0  0  0  1  0 ]  [ 0  0  0  0  0  0  0  0  1  0 ]  [ 0  0  0  0  0  0  0  0  1  0 ]  [ 0  0  0  0  0  0  1  0  0  0 ]  [ 0  0  0  1  0  0  0  0  0  0 ]  [ 0  0  0  0  0  0  1  0  0  0 ]  [ 0  0  0  0  0  0  0  0  1  0 ]  [ 0  0  0  1  0  0  0  0  0  0 ]  [ 0  0  0  0  0  0  1  0  0  0 ]  [ 0  0  0  0  0  0  1  0  0  0 ]  [ 0  0  0  0  0  0  0  0  0  1 ]  [ 0  0  0  0  0  0  0  0  0  1 ]  [ 0  0  0  0  0  0  0  0  0  1 ]  [ 0  0  0  0  0  0  0  0  0  1 ]  [ 0  0  0  1  0  0  0  0  0  0 ]  [ 0  0  0  1  0  0  0  0  0  0 ]  [ 0  0  0  0  0  0  1  0  0  0 ]  [ 0  0  0  1  0  0  0  0  0  0 ]  [ 0  0  0  0  0  0  1  0  0  0 ]  [ 0  0  0  0  0  0  0  0  1  0 ]  [ 0  0  0  0  0  0  0  0  0  1 ]  [ 0  0  0  0  0  0  1  0  0  0 ]  [ 0  0  0  0  0  0  0  0  0  1 ]  [ 0  0  1  0  0  0  0  0  0  0 ]  [ 0  0  0  1  0  0  0  0  0  0 ]  [ 0  0  0  0  0  0  0  0  0  1 ]  [ 0  0  1  0  0  0  0  0  0  0 ]  [ 0  0  0  0  0  0  1  0  0  0 ]  [ 0  0  1  0  0  0  0  0  0  0 ]  [ 0  0  1  0  0  0  0  0  0  0 ]  [ 0  0  0  0  0  0  0  0  0  1 ]  [ 0  0  0  0  0  0  0  0  0  1 ]  [ 0  0  0  0  0  0  0  0  1  0 ]  [ 0  0  1  0  0  0  0  0  0  0 ]  [ 0  0  0  1  0  0  0  0  0  0 ]  [ 0  0  0  1  0  0  0  0  0  0 ]  [ 0  0  0  0  0  0  0  0  1  0 ]  [ 0  0  0  0  0  0  0  0  1  0 ]  [ 0  0  0  0  0  0  1  0  0  0 ]  [ 0  0  0  0  0  0  1  0  0  0 ]  [ 0  0  1  0  0  0  0  0  0  0 ]  [ 0  0  0  0  0  0  1  0  0  0 ]  [ 0  0  0  0  0  0  0  0  0  1 ]  [ 0  0  0  0  0  0  0  0  1  0 ]  [ 0  0  1  0  0  0  0  0  0  0 ]  [ 0  0  0  0  0  0  1  0  0  0 ]  [ 0  0  0  0  0  0  0  0  1  0 ]  [ 0  0  0  1  0  0  0  0  0  0 ]  [ 0  0  0  0  0  0  0  0  0  1 ]  [ 0  0  0  0  0  0  1  0  0  0 ]  [ 0  0  0  0  0  0  0  0  1  0 ]  [ 0  0  0  0  0  0  1  0  0  0 ]  [ 0  0  0  0  0  0  0  0  0  1 ]  [ 0  0  0  0  0  0  0  0  1  0 ]  [ 0  0  0  0  0  0  1  0  0  0 ]  [ 0  0  1  0  0  0  0  0  0  0 ]  [ 0  0  0  0  0  0  1  0  0  0 ]  [ 0  0  1  0  0  0  0  0  0  0 ]  [ 0  0  0  0  0  0  1  0  0  0 ]  [ 0  0  0  0  0  0  0  0  0  1 ]  [ 0  0  1  0  0  0  0  0  0  0 ]  [ 0  0  0  0  0  0  1  0  0  0 ]  [ 0  0  0  0  0  0  1  0  0  0 ]  [ 0  0  0  0  0  0  1  0  0  0 ]  [ 0  0  0  0  0  0  0  0  1  0 ]  [ 0  0  0  0  0  0  0  0  0  1 ]  [ 0  0  0  0  0  0  0  0  1  0 ]  [ 0  0  0  0  0  0  1  0  0  0 ]  [ 0  0  0  0  0  0  0  0  0  1 ]  [ 0  0  0  1  0  0  0  0  0  0 ]  [ 0  0  0  0  0  0  0  0  1  0 ]  [ 0  0  0  0  0  0  0  0  1  0 ]  [ 0  0  0  0  0  0  0  0  1  0 ]  [ 0  0  0  0  0  0  0  0  0  1 ]  [ 0  0  0  1  0  0  0  0  0  0 ]  [ 0  0  0  0  0  0  0  0  1  0 ]  [ 0  0  0  0  0  0  1  0  0  0 ]  [ 0  0  0  0  0  0  0  0  1  0 ]  [ 0  0  0  0  0  0  0  0  0  1 ]  [ 0  0  0  0  0  0  0  0  1  0 ]  [ 0  0  1  0  0  0  0  0  0  0 ]  [ 0  0  0  0  0  0  1  0  0  0 ]  [ 0  0  0  0  0  0  0  0  1  0 ]  [ 0  0  0  0  0  0  0  0  0  1 ]  [ 0  0  0  0  0  0  0  0  1  0 ]  [ 0  0  0  0  0  0  0  0  0  1 ]  [ 0  0  1  0  0  0  0  0  0  0 ]  [ 0  0  0  0  0  0  0  0  0  1 ]  [ 0  0  0  0  0  0  0  0  1  0 ]  [ 0  0  0  0  0  0  0  0  1  0 ]  [ 0  0  0  0  0  0  0  0  0  1 ]  [ 0  0  0  0  0  0  0  0  0  1 ]  [ 0  0  1  0  0  0  0  0  0  0 ]  [ 0  0  0  0  0  0  0  0  0  1 ]  [ 0  0  0  0  0  0  0  0  1  0 ]  [ 0  0  1  0  0  0  0  0  0  0 ]  [ 0  0  0  0  0  0  0  0  1  0 ]  [ 0  0  0  0  0  0  1  0  0  0 ]  [ 0  0  1  0  0  0  0  0  0  0 ]  [ 0  0  0  0  0  0  0  0  0  1 ]  [ 0  0  1  0  0  0  0  0  0  0 ]  [ 0  0  0  0  0  0  0  0  1  0 ]  [ 0  0  0  0  0  0  1  0  0  0 ]  [ 0  0  0  1  0  0  0  0  0  0 ]  [ 0  0  0  0  0  0  1  0  0  0 ]  [ 0  0  0  0  0  0  1  0  0  0 ]  [ 0  0  0  1  0  0  0  0  0  0 ]  [ 0  0  0  0  0  0  0  0  0  1 ]  [ 0  0  1  0  0  0  0  0  0  0 ]  [ 0  0  1  0  0  0  0  0  0  0 ]  [ 0  0  0  0  0  0  1  0  0  0 ]  [ 0  0  0  0  0  0  0  0  0  1 ]  [ 0  0  0  0  0  0  0  0  1  0 ]  [ 0  0  0  0  0  0  0  0  1  0 ]  [ 0  0  0  0  0  0  1  0  0  0 ]  [ 0  0  0  0  0  0  0  0  1  0 ]  [ 0  0  0  1  0  0  0  0  0  0 ]  [ 0  0  0  1  0  0  0  0  0  0 ]  [ 0  0  0  0  0  0  1  0  0  0 ]  [ 0  0  1  0  0  0  0  0  0  0 ]  [ 0  0  1  0  0  0  0  0  0  0 ]  [ 0  0  0  0  0  0  0  0  1  0 ]  [ 0  0  1  0  0  0  0  0  0  0 ]  [ 0  0  0  0  0  0  0  0  1  0 ]  [ 0  0  0  0  0  0  0  0  1  0 ]  [ 0  0  0  0  0  0  1  0  0  0 ]  [ 0  0  0  0  0  0  0  0  1  0 ]  [ 0  0  0  0  0  0  0  0  1  0 ]  [ 0  0  0  0  0  0  0  0  0  1 ]  [ 0  0  1  0  0  0  0  0  0  0 ]  [ 0  0  1  0  0  0  0  0  0  0 ]  [ 0  0  0  1  0  0  0  0  0  0 ]  [ 0  0  0  0  0  0  1  0  0  0 ]  [ 0  0  0  1  0  0  0  0  0  0 ]  [ 0  0  1  0  0  0  0  0  0  0 ]  [ 0  0  0  0  0  0  1  0  0  0 ]  [ 0  0  0  0  0  0  0  0  0  1 ]  [ 0  0  0  1  0  0  0  0  0  0 ]  [ 0  0  0  0  0  0  1  0  0  0 ]  [ 0  0  0  1  0  0  0  0  0  0 ]  [ 0  0  0  0  0  0  1  0  0  0 ]  [ 0  0  0  0  0  0  0  0  0  1 ]  [ 0  0  0  1  0  0  0  0  0  0 ]  [ 0  0  0  0  0  0  0  0  1  0 ]  [ 0  0  0  0  0  0  1  0  0  0 ]  [ 0  0  0  0  0  0  1  0  0  0 ]  [ 0  0  0  0  0  0  0  0  0  1 ]  [ 0  0  1  0  0  0  0  0  0  0 ]  [ 0  0  0  0  0  0  0  0  0  1 ]  [ 0  0  0  1  0  0  0  0  0  0 ]  [ 0  0  0  0  0  0  0  0  1  0 ]  [ 0  0  0  0  0  0  0  0  1  0 ]  [ 0  0  0  0  0  0  0  0  1  0 ]  [ 0  0  0  1  0  0  0  0  0  0 ]  [ 0  0  0  0  0  0  0  0  0  1 ]  [ 0  0  1  0  0  0  0  0  0  0 ]  [ 0  0  0  0  0  0  0  0  1  0 ]  [ 0  0  0  1  0  0  0  0  0  0 ]  [ 0  0  0  0  0  0  1  0  0  0 ]  [ 0  0  0  0  0  0  0  0  0  1 ]  [ 0  0  0  0  0  0  0  0  1  0 ]  [ 0  0  0  0  0  0  0  0  1  0 ]  [ 0  0  0  1  0  0  0  0  0  0 ]  [ 0  0  0  1  0  0  0  0  0  0 ]  [ 0  0  0  0  0  0  1  0  0  0 ]  [ 0  0  0  1  0  0  0  0  0  0 ]  [ 0  0  0  1  0  0  0  0  0  0 ]  [ 0  0  0  0  0  0  0  0  0  1 ]  [ 0  0  1  0  0  0  0  0  0  0 ]  [ 0  0  0  0  0  0  0  0  0  1 ]  [ 0  0  0  1  0  0  0  0  0  0 ]  [ 0  0  0  1  0  0  0  0  0  0 ]  [ 0  0  0  1  0  0  0  0  0  0 ]  [ 0  0  1  0  0  0  0  0  0  0 ]  [ 0  0  0  0  0  0  1  0  0  0 ]  [ 0  0  1  0  0  0  0  0  0  0 ]  [ 0  0  0  0  0  0  1  0  0  0 ]  [ 0  0  0  1  0  0  0  0  0  0 ]  [ 0  0  0  0  0  0  0  0  0  1 ]  [ 0  0  0  0  0  0  0  0  0  1 ]  [ 0  0  0  0  0  0  1  0  0  0 ]  [ 0  0  0  0  0  0  0  0  1  0 ]  [ 0  0  0  0  0  0  0  0  0  1 ]  [ 0  0  0  1  0  0  0  0  0  0 ]  [ 0  0  1  0  0  0  0  0  0  0 ]  [ 0  0  0  1  0  0  0  0  0  0 ]  [ 0  0  1  0  0  0  0  0  0  0 ]  [ 0  0  0  0  0  0  0  0  1  0 ]  [ 0  0  0  1  0  0  0  0  0  0 ]  [ 0  0  0  1  0  0  0  0  0  0 ]  [ 0  0  0  0  0  0  0  0  1  0 ]  [ 0  0  0  1  0  0  0  0  0  0 ]  [ 0  0  0  0  0  0  0  0  0  1 ]  [ 0  0  0  0  0  0  0  0  1  0 ]  [ 0  0  0  0  0  0  1  0  0  0 ]  [ 0  0  0  0  0  0  0  0  0  1 ]  [ 0  0  0  1  0  0  0  0  0  0 ]  [ 0  0  0  0  0  0  0  0  0  1 ]  [ 0  0  0  0  0  0  0  0  0  1 ]  [ 0  0  0  0  0  0  1  0  0  0 ]  [ 0  0  0  0  0  0  0  0  1  0 ]  [ 0  0  0  0  0  0  0  0  0  1 ]  [ 0  0  0  0  0  0  0  0  1  0 ]  [ 0  0  0  0  0  0  0  0  1  0 ]  [ 0  0  0  0  0  0  0  0  0  1 ]  [ 0  0  0  0  0  0  0  0  0  1 ]  [ 0  0  0  0  0  0  0  0  1  0 ]  [ 0  0  0  0  0  0  0  0  0  1 ]  [ 0  0  0  1  0  0  0  0  0  0 ]  [ 0  0  0  0  0  0  0  0  1  0 ]  [ 0  0  0  0  0  0  0  0  1  0 ]  [ 0  0  0  1  0  0  0  0  0  0 ]  [ 0  0  0  1  0  0  0  0  0  0 ]  [ 0  0  1  0  0  0  0  0  0  0 ]  [ 0  0  0  0  0  0  0  0  0  1 ]  [ 0  0  0  1  0  0  0  0  0  0 ]  [ 0  0  0  0  0  0  1  0  0  0 ]  [ 0  0  0  0  0  0  0  0  0  1 ]  [ 0  0  1  0  0  0  0  0  0  0 ]  [ 0  0  0  0  0  0  0  0  0  1 ]  [ 0  0  1  0  0  0  0  0  0  0 ]  [ 0  0  1  0  0  0  0  0  0  0 ]  [ 0  0  0  1  0  0  0  0  0  0 ]  [ 0  0  0  1  0  0  0  0  0  0 ]  [ 0  0  0  0  0  0  0  0  0  1 ]  [ 0  0  0  0  0  0  0  0  0  1 ]  [ 0  0  0  0  0  0  0  0  1  0 ]  [ 0  0  0  0  0  0  1  0  0  0 ]  [ 0  0  0  0  0  0  1  0  0  0 ]  [ 0  0  0  1  0  0  0  0  0  0 ]  [ 0  0  0  0  0  0  0  0  0  1 ]  [ 0  0  0  1  0  0  0  0  0  0 ]  [ 0  0  0  1  0  0  0  0  0  0 ]  [ 0  0  0  0  0  0  0  0  1  0 ]  [ 0  0  1  0  0  0  0  0  0  0 ]  [ 0  0  0  1  0  0  0  0  0  0 ]  [ 0  0  0  0  0  0  0  0  0  1 ]  [ 0  0  1  0  0  0  0  0  0  0 ]  [ 0  0  1  0  0  0  0  0  0  0 ]  [ 0  0  0  1  0  0  0  0  0  0 ]  [ 0  0  0  1  0  0  0  0  0  0 ]  [ 0  0  0  0  0  0  1  0  0  0 ]  [ 0  0  0  1  0  0  0  0  0  0 ]  [ 0  0  0  1  0  0  0  0  0  0 ]  [ 0  0  0  1  0  0  0  0  0  0 ]  [ 0  0  0  1  0  0  0  0  0  0 ]  [ 0  0  0  0  0  0  0  0  1  0 ]  [ 0  0  0  1  0  0  0  0  0  0 ]  [ 0  0  0  1  0  0  0  0  0  0 ]  [ 0  0  0  0  0  0  0  0  1  0 ]  [ 0  0  1  0  0  0  0  0  0  0 ]  [ 0  0  1  0  0  0  0  0  0  0 ]  [ 0  0  0  0  0  0  0  0  0  1 ]  [ 0  0  0  0  0  0  1  0  0  0 ]  [ 0  0  0  0  0  0  0  0  1  0 ]  [ 0  0  1  0  0  0  0  0  0  0 ]  [ 0  0  0  0  0  0  1  0  0  0 ]  [ 0  0  0  0  0  0  0  0  0  1 ]  [ 0  0  0  1  0  0  0  0  0  0 ]  [ 0  0  0  0  0  0  0  0  1  0 ]  [ 0  0  0  0  0  0  0  0  1  0 ]  [ 0  0  0  1  0  0  0  0  0  0 ]  [ 0  0  0  0  0  0  0  0  0  1 ]  [ 0  0  0  1  0  0  0  0  0  0 ]  [ 0  0  0  0  0  0  1  0  0  0 ]  [ 0  0  0  0  0  0  0  0  1  0 ]  [ 0  0  0  1  0  0  0  0  0  0 ]  [ 0  0  0  0  0  0  0  0  0  1 ]  [ 0  0  0  0  0  0  1  0  0  0 ]  [ 0  0  0  0  0  0  1  0  0  0 ]  [ 0  0  0  0  0  0  1  0  0  0 ]  [ 0  0  0  0  0  0  0  0  0  1 ]  [ 0  0  0  0  0  0  0  0  0  1 ]  [ 0  0  0  0  0  0  0  0  0  1 ]  [ 0  0  0  0  0  0  1  0  0  0 ]  [ 0  0  0  0  0  0  1  0  0  0 ]  [ 0  0  0  0  0  0  1  0  0  0 ]  [ 0  0  1  0  0  0  0  0  0  0 ]  [ 0  0  1  0  0  0  0  0  0  0 ]  [ 0  0  0  0  0  0  0  0  0  1 ]  [ 0  0  1  0  0  0  0  0  0  0 ]  [ 0  0  0  0  0  0  0  0  0  1 ]  [ 0  0  0  0  0  0  0  0  1  0 ]  [ 0  0  0  0  0  0  0  0  0  1 ]  [ 0  0  1  0  0  0  0  0  0  0 ]  [ 0  0  0  1  0  0  0  0  0  0 ]  [ 0  0  0  0  0  0  0  0  1  0 ]  [ 0  0  1  0  0  0  0  0  0  0 ]  [ 0  0  1  0  0  0  0  0  0  0 ]  [ 0  0  0  1  0  0  0  0  0  0 ]  [ 0  0  1  0  0  0  0  0  0  0 ]  [ 0  0  1  0  0  0  0  0  0  0 ]  [ 0  0  0  0  0  0  0  0  1  0 ]  [ 0  0  1  0  0  0  0  0  0  0 ]  [ 0  0  0  0  0  0  0  0  0  1 ]  [ 0  0  0  0  0  0  0  0  1  0 ]  [ 0  0  1  0  0  0  0  0  0  0 ]  [ 0  0  0  0  0  0  0  0  0  1 ]  [ 0  0  0  1  0  0  0  0  0  0 ]  [ 0  0  0  0  0  0  1  0  0  0 ]  [ 0  0  0  0  0  0  1  0  0  0 ]  [ 0  0  1  0  0  0  0  0  0  0 ]  [ 0  0  0  0  0  0  1  0  0  0 ]  [ 0  0  1  0  0  0  0  0  0  0 ]  [ 0  0  1  0  0  0  0  0  0  0 ]  [ 0  0  0  0  0  0  0  0  0  1 ]  [ 0  0  0  0  0  0  0  0  0  1 ]  [ 0  0  0  0  0  0  1  0  0  0 ]  [ 0  0  0  0  0  0  0  0  1  0 ]  [ 0  0  0  0  0  0  0  0  0  1 ]  [ 0  0  1  0  0  0  0  0  0  0 ]  [ 0  0  0  0  0  0  1  0  0  0 ]  [ 0  0  1  0  0  0  0  0  0  0 ]  [ 0  0  1  0  0  0  0  0  0  0 ]  [ 0  0  1  0  0  0  0  0  0  0 ]  [ 0  0  0  1  0  0  0  0  0  0 ]  [ 0  0  1  0  0  0  0  0  0  0 ]  [ 0  0  0  1  0  0  0  0  0  0 ]  [ 0  0  0  1  0  0  0  0  0  0 ]  [ 0  0  0  0  0  0  0  0  1  0 ]  [ 0  0  0  0  0  0  0  0  0  1 ]  [ 0  0  0  0  0  0  0  0  0  1 ]  [ 0  0  0  0  0  0  0  0  1  0 ]  [ 0  0  0  0  0  0  1  0  0  0 ]  [ 0  0  0  0  0  0  0  0  0  1 ]  [ 0  0  1  0  0  0  0  0  0  0 ]  [ 0  0  1  0  0  0  0  0  0  0 ]  [ 0  0  0  0  0  0  0  0  0  1 ]  [ 0  0  0  0  0  0  0  0  1  0 ]  [ 0  0  0  1  0  0  0  0  0  0 ]  [ 0  0  0  1  0  0  0  0  0  0 ]  [ 0  0  0  1  0  0  0  0  0  0 ]  [ 0  0  0  0  0  0  1  0  0  0 ]  [ 0  0  0  0  0  0  1  0  0  0 ]  [ 0  0  0  1  0  0  0  0  0  0 ]  [ 0  0  0  0  0  0  0  0  1  0 ]  [ 0  0  0  0  0  0  0  0  0  1 ]  [ 0  0  0  0  0  0  1  0  0  0 ]  [ 0  0  0  0  0  0  1  0  0  0 ]  [ 0  0  0  1  0  0  0  0  0  0 ]  [ 0  0  0  0  0  0  0  0  1  0 ]  [ 0  0  0  0  0  0  0  0  0  1 ]  [ 0  0  0  1  0  0  0  0  0  0 ]  [ 0  0  0  0  0  0  0  0  1  0 ]  [ 0  0  0  0  0  0  0  0  1  0 ]  [ 0  0  0  0  0  0  0  0  1  0 ]  [ 0  0  1  0  0  0  0  0  0  0 ]  [ 0  0  0  0  0  0  1  0  0  0 ]  [ 0  0  0  1  0  0  0  0  0  0 ]  [ 0  0  1  0  0  0  0  0  0  0 ]  [ 0  0  0  0  0  0  1  0  0  0 ]  [ 0  0  0  0  0  0  0  0  1  0 ]  [ 0  0  0  0  0  0  0  0  1  0 ]  [ 0  0  0  0  0  0  0  0  1  0 ]  [ 0  0  0  0  0  0  0  0  1  0 ]  [ 0  0  0  0  0  0  1  0  0  0 ]  [ 0  0  1  0  0  0  0  0  0  0 ]  [ 0  0  0  0  0  0  0  0  1  0 ]  [ 0  0  0  0  0  0  0  0  0  1 ]  [ 0  0  0  0  0  0  0  0  0  1 ]  [ 0  0  0  0  0  0  1  0  0  0 ]  [ 0  0  1  0  0  0  0  0  0  0 ]  [ 0  0  1  0  0  0  0  0  0  0 ]  [ 0  0  1  0  0  0  0  0  0  0 ]  [ 0  0  0  0  0  0  0  0  1  0 ]  [ 0  0  0  0  0  0  1  0  0  0 ]  [ 0  0  1  0  0  0  0  0  0  0 ]  [ 0  0  0  0  0  0  0  0  0  1 ]  [ 0  0  0  0  0  0  0  0  0  1 ]  [ 0  0  0  0  0  0  0  0  0  1 ]  [ 0  0  0  0  0  0  1  0  0  0 ]  [ 0  0  0  1  0  0  0  0  0  0 ]  [ 0  0  0  1  0  0  0  0  0  0 ]  [ 0  0  0  0  0  0  0  0  0  1 ]  [ 0  0  0  0  0  0  0  0  1  0 ]  [ 0  0  0  1  0  0  0  0  0  0 ]  [ 0  0  0  0  0  0  0  0  0  1 ]  [ 0  0  0  0  0  0  1  0  0  0 ]  [ 0  0  0  0  0  0  1  0  0  0 ]  [ 0  0  0  0  0  0  1  0  0  0 ]  [ 0  0  0  0  0  0  0  0  1  0 ]  [ 0  0  0  0  0  0  1  0  0  0 ]  [ 0  0  0  0  0  0  0  0  1  0 ]  [ 0  0  1  0  0  0  0  0  0  0 ]  [ 0  0  0  0  0  0  0  0  1  0 ]  [ 0  0  0  1  0  0  0  0  0  0 ]  [ 0  0  0  0  0  0  0  0  0  1 ]  [ 0  0  0  1  0  0  0  0  0  0 ]  [ 0  0  0  1  0  0  0  0  0  0 ]  [ 0  0  0  0  0  0  1  0  0  0 ]  [ 0  0  0  1  0  0  0  0  0  0 ]  [ 0  0  0  0  0  0  1  0  0  0 ]  [ 0  0  0  0  0  0  0  0  0  1 ]  [ 0  0  0  1  0  0  0  0  0  0 ]  [ 0  0  0  0  0  0  0  0  1  0 ]  [ 0  0  0  0  0  0  0  0  1  0 ]  [ 0  0  0  0  0  0  0  0  1  0 ]  [ 0  0  0  0  0  0  1  0  0  0 ]  [ 0  0  0  0  0  0  1  0  0  0 ]  [ 0  0  0  1  0  0  0  0  0  0 ]  [ 0  0  0  0  0  0  1  0  0  0 ]  [ 0  0  0  1  0  0  0  0  0  0 ]  [ 0  0  1  0  0  0  0  0  0  0 ]  [ 0  0  0  0  0  0  1  0  0  0 ]  [ 0  0  1  0  0  0  0  0  0  0 ]  [ 0  0  0  0  0  0  1  0  0  0 ]  [ 0  0  0  0  0  0  1  0  0  0 ]  [ 0  0  0  1  0  0  0  0  0  0 ]  [ 0  0  1  0  0  0  0  0  0  0 ]  [ 0  0  0  0  0  0  0  0  1  0 ]  [ 0  0  0  0  0  0  0  0  0  1 ]  [ 0  0  0  1  0  0  0  0  0  0 ]  [ 0  0  0  0  0  0  0  0  1  0 ]  [ 0  0  0  0  0  0  0  0  1  0 ]  [ 0  0  0  0  0  0  0  0  0  1 ]  [ 0  0  0  0  0  0  0  0  1  0 ]  [ 0  0  0  1  0  0  0  0  0  0 ]  [ 0  0  0  1  0  0  0  0  0  0 ]  [ 0  0  0  0  0  0  0  0  0  1 ]  [ 0  0  0  1  0  0  0  0  0  0 ]  [ 0  0  1  0  0  0  0  0  0  0 ]  [ 0  0  0  0  0  0  0  0  0  1 ]  [ 0  0  1  0  0  0  0  0  0  0 ]  [ 0  0  0  1  0  0  0  0  0  0 ]  [ 0  0  0  1  0  0  0  0  0  0 ]  [ 0  0  0  1  0  0  0  0  0  0 ]  [ 0  0  0  0  0  0  0  0  1  0 ]  [ 0  0  0  1  0  0  0  0  0  0 ]  [ 0  0  0  0  0  0  1  0  0  0 ]  [ 0  0  0  0  0  0  1  0  0  0 ]  [ 0  0  0  0  0  0  0  0  0  1 ]  [ 0  0  1  0  0  0  0  0  0  0 ]  [ 0  0  0  0  0  0  1  0  0  0 ]  [ 0  0  1  0  0  0  0  0  0  0 ]  [ 0  0  1  0  0  0  0  0  0  0 ]  [ 0  0  0  0  0  0  0  0  1  0 ]  [ 0  0  0  1  0  0  0  0  0  0 ]  [ 0  0  1  0  0  0  0  0  0  0 ]  [ 0  0  0  0  0  0  1  0  0  0 ]  [ 0  0  0  0  0  0  0  0  0  1 ]  [ 0  0  0  0  0  0  0  0  1  0 ]  [ 0  0  0  0  0  0  1  0  0  0 ]  [ 0  0  0  0  0  0  0  0  0  1 ]  [ 0  0  0  0  0  0  0  0  0  1 ]  [ 0  0  1  0  0  0  0  0  0  0 ]  [ 0  0  0  1  0  0  0  0  0  0 ]  [ 0  0  0  0  0  0  0  0  0  1 ]  [ 0  0  0  0  0  0  0  0  0  1 ]  [ 0  0  0  1  0  0  0  0  0  0 ]  [ 0  0  0  0  0  0  0  0  1  0 ]  [ 0  0  0  0  0  0  0  0  0  1 ]  [ 0  0  0  0  0  0  1  0  0  0 ]  [ 0  0  0  0  0  0  0  0  1  0 ]  [ 0  0  0  0  0  0  1  0  0  0 ]  [ 0  0  0  1  0  0  0  0  0  0 ]  [ 0  0  0  1  0  0  0  0  0  0 ]  [ 0  0  1  0  0  0  0  0  0  0 ]  [ 0  0  0  0  0  0  0  0  1  0 ]  [ 0  0  1  0  0  0  0  0  0  0 ]  [ 0  0  0  0  0  0  0  0  1  0 ]  [ 0  0  0  1  0  0  0  0  0  0 ]  [ 0  0  0  0  0  0  1  0  0  0 ]  [ 0  0  0  0  0  0  0  0  0  1 ]  [ 0  0  0  1  0  0  0  0  0  0 ]  [ 0  0  0  0  0  0  1  0  0  0 ]  [ 0  0  0  1  0  0  0  0  0  0 ]  [ 0  0  0  1  0  0  0  0  0  0 ]  [ 0  0  0  1  0  0  0  0  0  0 ]  [ 0  0  0  0  0  0  1  0  0  0 ]  [ 0  0  0  0  0  0  0  0  0  1 ]  [ 0  0  1  0  0  0  0  0  0  0 ]  [ 0  0  0  0  0  0  0  0  0  1 ]  [ 0  0  0  0  0  0  0  0  1  0 ]  [ 0  0  1  0  0  0  0  0  0  0 ]  [ 0  0  0  0  0  0  0  0  1  0 ]  [ 0  0  0  0  0  0  1  0  0  0 ]  [ 0  0  0  0  0  0  1  0  0  0 ]  [ 0  0  1  0  0  0  0  0  0  0 ]  [ 0  0  0  0  0  0  1  0  0  0 ]  [ 0  0  0  0  0  0  1  0  0  0 ]  [ 0  0  0  0  0  0  0  0  1  0 ]  [ 0  0  0  0  0  0  1  0  0  0 ]  [ 0  0  0  0  0  0  0  0  1  0 ]  [ 0  0  0  0  0  0  0  0  1  0 ]  [ 0  0  0  1  0  0  0  0  0  0 ]  [ 0  0  1  0  0  0  0  0  0  0 ]  [ 0  0  0  0  0  0  1  0  0  0 ]  [ 0  0  1  0  0  0  0  0  0  0 ]  [ 0  0  1  0  0  0  0  0  0  0 ]  [ 0  0  0  1  0  0  0  0  0  0 ]  [ 0  0  0  0  0  0  1  0  0  0 ]  [ 0  0  0  0  0  0  0  0  1  0 ]  [ 0  0  0  0  0  0  0  0  1  0 ]  [ 0  0  0  0  0  0  0  0  0  1 ]  [ 0  0  1  0  0  0  0  0  0  0 ]  [ 0  0  0  0  0  0  1  0  0  0 ]  [ 0  0  1  0  0  0  0  0  0  0 ]  [ 0  0  0  0  0  0  0  0  1  0 ]  [ 0  0  0  0  0  0  1  0  0  0 ]  [ 0  0  1  0  0  0  0  0  0  0 ]  [ 0  0  0  1  0  0  0  0  0  0 ]  [ 0  0  0  0  0  0  0  0  1  0 ]  [ 0  0  0  0  0  0  1  0  0  0 ]  [ 0  0  0  0  0  0  0  0  0  1 ]  [ 0  0  0  1  0  0  0  0  0  0 ]  [ 0  0  0  1  0  0  0  0  0  0 ]  [ 0  0  0  0  0  0  0  0  0  1 ]  [ 0  0  0  0  0  0  0  0  1  0 ]  [ 0  0  1  0  0  0  0  0  0  0 ]  [ 0  0  0  0  0  0  0  0  1  0 ]  [ 0  0  0  1  0  0  0  0  0  0 ]  [ 0  0  0  0  0  0  0  0  0  1 ]  [ 0  0  0  0  0  0  0  0  1  0 ]  [ 0  0  0  0  0  0  0  0  0  1 ]  [ 0  0  0  0  0  0  0  0  0  1 ]  [ 0  0  0  0  0  0  1  0  0  0 ]  [ 0  0  0  0  0  0  0  0  0  1 ]  [ 0  0  1  0  0  0  0  0  0  0 ]  [ 0  0  0  1  0  0  0  0  0  0 ]  [ 0  0  0  0  0  0  0  0  0  1 ]  [ 0  0  1  0  0  0  0  0  0  0 ]  [ 0  0  0  0  0  0  0  0  1  0 ]  [ 0  0  0  0  0  0  0  0  0  1 ]  [ 0  0  0  0  0  0  0  0  1  0 ]  [ 0  0  0  0  0  0  0  0  0  1 ]  [ 0  0  1  0  0  0  0  0  0  0 ]  [ 0  0  0  0  0  0  1  0  0  0 ]  [ 0  0  0  0  0  0  0  0  1  0 ]  [ 0  0  0  0  0  0  1  0  0  0 ]  [ 0  0  0  0  0  0  1  0  0  0 ]  [ 0  0  0  0  0  0  0  0  1  0 ]  [ 0  0  1  0  0  0  0  0  0  0 ]  [ 0  0  1  0  0  0  0  0  0  0 ]  [ 0  0  0  0  0  0  1  0  0  0 ]  [ 0  0  0  0  0  0  0  0  0  1 ]  [ 0  0  0  0  0  0  0  0  0  1 ]  [ 0  0  0  0  0  0  0  0  1  0 ]  [ 0  0  0  1  0  0  0  0  0  0 ]  [ 0  0  0  0  0  0  0  0  0  1 ]  [ 0  0  1  0  0  0  0  0  0  0 ]  [ 0  0  0  1  0  0  0  0  0  0 ]  [ 0  0  0  0  0  0  0  0  1  0 ]  [ 0  0  0  0  0  0  0  0  0  1 ]  [ 0  0  0  0  0  0  1  0  0  0 ]  [ 0  0  0  0  0  0  0  0  0  1 ]  [ 0  0  1  0  0  0  0  0  0  0 ]  [ 0  0  0  0  0  0  1  0  0  0 ]  [ 0  0  1  0  0  0  0  0  0  0 ]  [ 0  0  0  1  0  0  0  0  0  0 ]  [ 0  0  1  0  0  0  0  0  0  0 ]  [ 0  0  1  0  0  0  0  0  0  0 ]  [ 0  0  0  0  0  0  1  0  0  0 ]  [ 0  0  0  0  0  0  1  0  0  0 ]  [ 0  0  0  1  0  0  0  0  0  0 ]  [ 0  0  0  0  0  0  0  0  1  0 ]  [ 0  0  1  0  0  0  0  0  0  0 ]  [ 0  0  0  0  0  0  1  0  0  0 ]  [ 0  0  0  0  0  0  1  0  0  0 ]  [ 0  0  0  0  0  0  1  0  0  0 ]  [ 0  0  0  0  0  0  0  0  0  1 ]  [ 0  0  1  0  0  0  0  0  0  0 ]  [ 0  0  0  0  0  0  1  0  0  0 ]  [ 0  0  0  0  0  0  1  0  0  0 ]  [ 0  0  0  1  0  0  0  0  0  0 ]  [ 0  0  0  0  0  0  0  0  0  1 ]  [ 0  0  0  0  0  0  1  0  0  0 ]  [ 0  0  0  0  0  0  1  0  0  0 ]  [ 0  0  0  0  0  0  1  0  0  0 ]  [ 0  0  0  0  0  0  1  0  0  0 ]  [ 0  0  0  0  0  0  0  0  0  1 ]  [ 0  0  0  0  0  0  0  0  1  0 ]  [ 0  0  0  0  0  0  0  0  1  0 ]  [ 0  0  1  0  0  0  0  0  0  0 ]  [ 0  0  0  0  0  0  1  0  0  0 ]  [ 0  0  1  0  0  0  0  0  0  0 ]  [ 0  0  0  1  0  0  0  0  0  0 ]  [ 0  0  1  0  0  0  0  0  0  0 ]  [ 0  0  0  0  0  0  0  0  1  0 ]  [ 0  0  0  0  0  0  0  0  0  1 ]  [ 0  0  0  0  0  0  0  0  1  0 ]  [ 0  0  0  0  0  0  1  0  0  0 ]  [ 0  0  0  1  0  0  0  0  0  0 ]  [ 0  0  0  0  0  0  1  0  0  0 ]  [ 0  0  0  0  0  0  1  0  0  0 ]  [ 0  0  0  0  0  0  1  0  0  0 ]  [ 0  0  0  1  0  0  0  0  0  0 ]  [ 0  0  0  1  0  0  0  0  0  0 ]  [ 0  0  0  0  0  0  0  0  1  0 ]  [ 0  0  0  0  0  0  0  0  0  1 ]  [ 0  0  0  0  0  0  0  0  0  1 ]  [ 0  0  0  0  0  0  0  0  1  0 ]  [ 0  0  1  0  0  0  0  0  0  0 ]  [ 0  0  0  1  0  0  0  0  0  0 ]  [ 0  0  0  0  0  0  0  0  0  1 ]  [ 0  0  0  0  0  0  0  0  0  1 ]  [ 0  0  0  0  0  0  1  0  0  0 ]  [ 0  0  0  0  0  0  1  0  0  0 ]  [ 0  0  0  0  0  0  0  0  1  0 ]  [ 0  0  0  1  0  0  0  0  0  0 ]  [ 0  0  0  0  0  0  0  0  1  0 ]  [ 0  0  0  1  0  0  0  0  0  0 ]  [ 0  0  0  0  0  0  0  0  0  1 ]  [ 0  0  0  0  0  0  1  0  0  0 ]  [ 0  0  0  0  0  0  0  0  1  0 ]  [ 0  0  0  0  0  0  1  0  0  0 ]  [ 0  0  0  0  0  0  1  0  0  0 ]  [ 0  0  0  0  0  0  1  0  0  0 ]  [ 0  0  0  0  0  0  0  0  0  1 ]  [ 0  0  0  0  0  0  0  0  1  0 ]  [ 0  0  0  0  0  0  1  0  0  0 ]  [ 0  0  0  0  0  0  1  0  0  0 ]  [ 0  0  0  0  0  0  0  0  0  1 ]  [ 0  0  0  0  0  0  0  0  1  0 ]  [ 0  0  0  0  0  0  0  0  1  0 ]  [ 0  0  0  0  0  0  0  0  0  1 ]  [ 0  0  1  0  0  0  0  0  0  0 ]  [ 0  0  0  0  0  0  1  0  0  0 ]  [ 0  0  0  0  0  0  0  0  1  0 ]  [ 0  0  0  0  0  0  1  0  0  0 ]  [ 0  0  0  0  0  0  0  0  0  1 ]  [ 0  0  0  0  0  0  0  0  0  1 ]  [ 0  0  0  1  0  0  0  0  0  0 ]  [ 0  0  0  0  0  0  0  0  1  0 ]  [ 0  0  0  0  0  0  0  0  1  0 ]  [ 0  0  0  0  0  0  0  0  1  0 ]  [ 0  0  0  1  0  0  0  0  0  0 ]  [ 0  0  0  0  0  0  0  0  1  0 ]  [ 0  0  0  1  0  0  0  0  0  0 ]  [ 0  0  1  0  0  0  0  0  0  0 ]  [ 0  0  0  0  0  0  0  0  1  0 ]  [ 0  0  0  0  0  0  0  0  1  0 ]  [ 0  0  0  0  0  0  1  0  0  0 ]  [ 0  0  0  0  0  0  1  0  0  0 ]  [ 0  0  0  0  0  0  0  0  0  1 ]  [ 0  0  0  0  0  0  0  0  0  1 ]  [ 0  0  0  0  0  0  1  0  0  0 ]  [ 0  0  0  0  0  0  0  0  0  1 ]  [ 0  0  0  0  0  0  1  0  0  0 ]  [ 0  0  0  0  0  0  1  0  0  0 ]  [ 0  0  0  0  0  0  0  0  1  0 ]  [ 0  0  0  0  0  0  0  0  1  0 ]  [ 0  0  0  0  0  0  0  0  0  1 ]  [ 0  0  0  0  0  0  0  0  1  0 ]  [ 0  0  0  0  0  0  0  0  1  0 ]  [ 0  0  0  0  0  0  1  0  0  0 ]  [ 0  0  1  0  0  0  0  0  0  0 ]  [ 0  0  0  0  0  0  1  0  0  0 ]  [ 0  0  1  0  0  0  0  0  0  0 ]  [ 0  0  0  0  0  0  0  0  0  1 ]  [ 0  0  0  1  0  0  0  0  0  0 ]  [ 0  0  0  0  0  0  0  0  1  0 ]  [ 0  0  0  0  0  0  0  0  1  0 ]  [ 0  0  1  0  0  0  0  0  0  0 ]  [ 0  0  0  0  0  0  0  0  0  1 ]  [ 0  0  0  1  0  0  0  0  0  0 ]  [ 0  0  1  0  0  0  0  0  0  0 ]  [ 0  0  0  0  0  0  1  0  0  0 ]  [ 0  0  0  0  0  0  1  0  0  0 ]  [ 0  0  0  0  0  0  0  0  0  1 ]  [ 0  0  0  0  0  0  1  0  0  0 ]  [ 0  0  1  0  0  0  0  0  0  0 ]  [ 0  0  1  0  0  0  0  0  0  0 ]  [ 0  0  1  0  0  0  0  0  0  0 ]  [ 0  0  0  0  0  0  1  0  0  0 ]  [ 0  0  0  0  0  0  0  0  1  0 ]  [ 0  0  1  0  0  0  0  0  0  0 ]  [ 0  0  0  1  0  0  0  0  0  0 ]  [ 0  0  0  0  0  0  1  0  0  0 ]  [ 0  0  0  0  0  0  0  0  0  1 ]  [ 0  0  0  0  0  0  0  0  0  1 ]  [ 0  0  0  0  0  0  0  0  0  1 ]  [ 0  0  0  0  0  0  0  0  1  0 ]  [ 0  0  0  0  0  0  1  0  0  0 ]  [ 0  0  0  1  0  0  0  0  0  0 ]  [ 0  0  0  0  0  0  0  0  1  0 ]  [ 0  0  1  0  0  0  0  0  0  0 ]  [ 0  0  0  1  0  0  0  0  0  0 ]  [ 0  0  0  0  0  0  0  0  0  1 ]  [ 0  0  0  0  0  0  1  0  0  0 ]  [ 0  0  0  0  0  0  0  0  1  0 ]  [ 0  0  0  0  0  0  1  0  0  0 ]  [ 0  0  0  1  0  0  0  0  0  0 ]  [ 0  0  0  0  0  0  1  0  0  0 ]  [ 0  0  0  0  0  0  1  0  0  0 ]  [ 0  0  0  1  0  0  0  0  0  0 ]  [ 0  0  0  0  0  0  0  0  0  1 ]  [ 0  0  0  0  0  0  0  0  0  1 ]  [ 0  0  1  0  0  0  0  0  0  0 ]  [ 0  0  0  1  0  0  0  0  0  0 ]  [ 0  0  0  0  0  0  0  0  0  1 ]  [ 0  0  0  0  0  0  0  0  1  0 ]  [ 0  0  0  1  0  0  0  0  0  0 ]  [ 0  0  0  0  0  0  1  0  0  0 ]  [ 0  0  0  1  0  0  0  0  0  0 ]  [ 0  0  0  0  0  0  0  0  0  1 ]  [ 0  0  0  0  0  0  1  0  0  0 ]  [ 0  0  0  0  0  0  1  0  0  0 ]  [ 0  0  1  0  0  0  0  0  0  0 ]  [ 0  0  0  0  0  0  1  0  0  0 ]  [ 0  0  0  0  0  0  1  0  0  0 ]  [ 0  0  0  1  0  0  0  0  0  0 ]  [ 0  0  1  0  0  0  0  0  0  0 ]  [ 0  0  1  0  0  0  0  0  0  0 ]  [ 0  0  0  0  0  0  0  0  1  0 ]  [ 0  0  0  0  0  0  0  0  0  1 ]  [ 0  0  0  0  0  0  0  0  0  1 ]  [ 0  0  0  0  0  0  0  0  1  0 ]  [ 0  0  0  0  0  0  0  0  1  0 ]  [ 0  0  1  0  0  0  0  0  0  0 ]  [ 0  0  0  1  0  0  0  0  0  0 ]  [ 0  0  0  0  0  0  0  0  1  0 ]  [ 0  0  1  0  0  0  0  0  0  0 ]  [ 0  0  1  0  0  0  0  0  0  0 ]  [ 0  0  0  0  0  0  0  0  1  0 ]  [ 0  0  1  0  0  0  0  0  0  0 ]  [ 0  0  1  0  0  0  0  0  0  0 ]  [ 0  0  0  1  0  0  0  0  0  0 ]  [ 0  0  0  0  0  0  0  0  0  1 ]  [ 0  0  1  0  0  0  0  0  0  0 ]  [ 0  0  0  0  0  0  0  0  0  1 ]  [ 0  0  0  1  0  0  0  0  0  0 ]  [ 0  0  0  0  0  0  1  0  0  0 ]  [ 0  0  0  0  0  0  1  0  0  0 ]  [ 0  0  1  0  0  0  0  0  0  0 ]  [ 0  0  0  0  0  0  0  0  0  1 ]  [ 0  0  1  0  0  0  0  0  0  0 ]  [ 0  0  0  0  0  0  0  0  0  1 ]  [ 0  0  0  0  0  0  0  0  0  1 ]  [ 0  0  0  0  0  0  1  0  0  0 ]  [ 0  0  0  0  0  0  0  0  0  1 ]  [ 0  0  1  0  0  0  0  0  0  0 ]  [ 0  0  1  0  0  0  0  0  0  0 ]  [ 0  0  0  0  0  0  1  0  0  0 ]  [ 0  0  1  0  0  0  0  0  0  0 ]  [ 0  0  0  0  0  0  0  0  0  1 ]  [ 0  0  0  0  0  0  1  0  0  0 ]  [ 0  0  0  0  0  0  0  0  1  0 ]  [ 0  0  0  1  0  0  0  0  0  0 ]  [ 0  0  1  0  0  0  0  0  0  0 ]  [ 0  0  0  0  0  0  0  0  0  1 ]  [ 0  0  0  1  0  0  0  0  0  0 ]  [ 0  0  0  0  0  0  1  0  0  0 ]  [ 0  0  1  0  0  0  0  0  0  0 ]  [ 0  0  0  0  0  0  1  0  0  0 ]  [ 0  0  0  0  0  0  1  0  0  0 ]  [ 0  0  1  0  0  0  0  0  0  0 ]  [ 0  0  1  0  0  0  0  0  0  0 ]  [ 0  0  0  1  0  0  0  0  0  0 ]  [ 0  0  0  0  0  0  0  0  1  0 ]  [ 0  0  1  0  0  0  0  0  0  0 ]  [ 0  0  0  1  0  0  0  0  0  0 ]  [ 0  0  0  0  0  0  0  0  1  0 ]  [ 0  0  0  0  0  0  0  0  1  0 ]  [ 0  0  0  0  0  0  0  0  0  1 ]  [ 0  0  0  0  0  0  0  0  1  0 ]  [ 0  0  0  0  0  0  0  0  0  1 ]  [ 0  0  1  0  0  0  0  0  0  0 ]  [ 0  0  0  0  0  0  0  0  0  1 ]  [ 0  0  1  0  0  0  0  0  0  0 ]  [ 0  0  1  0  0  0  0  0  0  0 ]  [ 0  0  1  0  0  0  0  0  0  0 ]  [ 0  0  0  0  0  0  0  0  1  0 ]  [ 0  0  0  0  0  0  1  0  0  0 ]  [ 0  0  0  0  0  0  0  0  0  1 ] ];

ObjRequests = {  <1,3,8>, <2,3,10>, <3,3,171>, <4,3,6>, <5,3,70>, <6,3,88>, <7,3,60>, <8,3,2>, <9,3,28>, <10,3,17>, <11,3,34>, <12,3,42>, <13,3,6>, <14,3,11>, <15,3,25>, <16,3,15>, <17,3,9>, <18,3,14>, <19,3,12>, <20,3,4>, <21,3,8>, <22,3,14>, <23,3,9>, <24,3,6>, <25,3,11>, <26,3,2>, <27,3,10>, <28,3,9>, <29,3,1>, <30,3,4>, <31,3,13>, <32,3,17>, <33,3,1>, <34,3,8>, <35,3,12>, <36,3,13>, <37,3,6>, <38,3,5>, <39,3,4>, <40,3,9>, <41,3,4>, <42,3,8>, <43,3,4>, <44,3,2>, <45,3,15>, <46,3,2>, <47,3,2>, <48,3,10>, <49,3,2>, <50,3,9>, <51,3,3>, <52,3,3>, <53,3,4>, <54,3,5>, <55,3,3>, <56,3,5>, <57,3,3>, <58,3,1>, <59,3,5>, <60,3,3>, <61,3,2>, <62,3,2>, <63,3,1>, <64,3,9>, <65,3,2>, <66,3,6>, <67,3,6>, <68,3,6>, <69,3,6>, <71,3,2>, <72,3,2>, <73,3,2>, <74,3,4>, <77,3,3>, <78,3,1>, <79,3,1>, <80,3,1>, <82,3,6>, <83,3,4>, <84,3,1>, <85,3,1>, <86,3,2>, <89,3,2>, <90,3,1>, <91,3,2>, <92,3,6>, <93,3,1>, <94,3,4>, <95,3,3>, <97,3,1>, <98,3,5>, <99,3,6>, <100,3,1>, <101,3,2>, <102,3,3>, <103,3,1>, <106,3,3>, <107,3,5>, <109,3,3>, <110,3,6>, <111,3,2>, <112,3,1>, <113,3,2>, <114,3,3>, <115,3,1>, <116,3,3>, <117,3,5>, <118,3,1>, <121,3,1>, <123,3,6>, <125,3,4>, <126,3,1>, <127,3,2>, <128,3,5>, <129,3,1>, <130,3,2>, <133,3,1>, <134,3,3>, <136,3,1>, <138,3,1>, <139,3,3>, <142,3,1>, <143,3,4>, <144,3,6>, <145,3,3>, <147,3,2>, <148,3,2>, <150,3,4>, <151,3,4>, <152,3,1>, <153,3,2>, <154,3,1>, <157,3,1>, <158,3,1>, <159,3,1>, <160,3,2>, <161,3,1>, <163,3,1>, <164,3,1>, <165,3,4>, <166,3,1>, <167,3,1>, <168,3,2>, <169,3,3>, <170,3,1>, <173,3,1>, <174,3,1>, <175,3,1>, <176,3,1>, <177,3,1>, <178,3,1>, <179,3,2>, <181,3,1>, <182,3,1>, <183,3,1>, <184,3,1>, <185,3,4>, <186,3,1>, <193,3,1>, <196,3,1>, <197,3,3>, <198,3,1>, <199,3,2>, <200,3,3>, <204,3,6>, <205,3,1>, <206,3,1>, <208,3,1>, <209,3,3>, <212,3,1>, <213,3,1>, <215,3,1>, <216,3,2>, <223,3,2>, <224,3,1>, <225,3,1>, <227,3,1>, <229,3,1>, <230,3,2>, <231,3,1>, <233,3,1>, <235,3,1>, <236,3,1>, <237,3,1>, <238,3,1>, <239,3,3>, <240,3,1>, <242,3,1>, <243,3,1>, <244,3,1>, <246,3,1>, <247,3,4>, <248,3,1>, <250,3,2>, <255,3,1>, <258,3,1>, <262,3,1>, <263,3,1>, <264,3,1>, <266,3,1>, <267,3,1>, <268,3,2>, <269,3,2>, <272,3,1>, <274,3,1>, <277,3,1>, <278,3,1>, <279,3,1>, <281,3,1>, <282,3,1>, <283,3,1>, <285,3,1>, <286,3,1>, <288,3,1>, <290,3,1>, <291,3,1>, <293,3,1>, <294,3,2>, <295,3,1>, <296,3,1>, <301,3,2>, <303,3,1>, <304,3,1>, <305,3,1>, <306,3,2>, <310,3,1>, <315,3,1>, <316,3,1>, <317,3,1>, <319,3,1>, <324,3,2>, <326,3,2>, <328,3,1>, <329,3,1>, <331,3,1>, <335,3,1>, <337,3,2>, <340,3,1>, <342,3,1>, <343,3,1>, <347,3,1>, <349,3,1>, <351,3,2>, <352,3,2>, <354,3,1>, <357,3,1>, <361,3,1>, <362,3,1>, <368,3,1>, <371,3,2>, <381,3,1>, <386,3,1>, <387,3,1>, <390,3,1>, <392,3,1>, <393,3,4>, <394,3,3>, <395,3,1>, <401,3,1>, <403,3,1>, <406,3,1>, <409,3,1>, <413,3,2>, <415,3,1>, <417,3,1>, <419,3,1>, <420,3,1>, <421,3,1>, <426,3,1>, <427,3,1>, <428,3,3>, <429,3,1>, <433,3,1>, <434,3,1>, <436,3,1>, <437,3,1>, <438,3,1>, <447,3,1>, <450,3,1>, <454,3,3>, <457,3,1>, <458,3,1>, <462,3,1>, <465,3,4>, <466,3,2>, <471,3,2>, <472,3,1>, <473,3,1>, <483,3,1>, <485,3,2>, <491,3,1>, <501,3,1>, <507,3,1>, <511,3,1>, <520,3,1>, <523,3,1>, <529,3,2>, <530,3,1>, <531,3,1>, <533,3,1>, <534,3,1>, <535,3,1>, <540,3,1>, <541,3,1>, <544,3,2>, <548,3,1>, <550,3,1>, <552,3,1>, <553,3,1>, <555,3,1>, <556,3,1>, <557,3,1>, <558,3,1>, <561,3,1>, <564,3,1>, <566,3,1>, <568,3,1>, <570,3,1>, <575,3,2>, <576,3,1>, <579,3,1>, <581,3,1>, <587,3,1>, <588,3,1>, <592,3,1>, <597,3,1>, <603,3,2>, <609,3,1>, <621,3,1>, <626,3,1>, <634,3,1>, <638,3,1>, <643,3,1>, <645,3,1>, <648,3,1>, <651,3,2>, <654,3,1>, <655,3,1>, <684,3,2>, <685,3,1>, <687,3,1>, <688,3,1>, <689,3,1>, <699,3,1>, <701,3,1>, <704,3,1>, <713,3,1>, <716,3,2>, <718,3,1>, <727,3,2>, <737,3,1>, <754,3,1>, <759,3,1>, <760,3,1>, <761,3,1>, <764,3,1>, <768,3,1>, <769,3,2>, <773,3,1>, <780,3,1>, <782,3,1>, <784,3,1>, <786,3,1>, <787,3,1>, <797,3,1>, <809,3,1>, <810,3,1>, <814,3,1>, <816,3,1>, <822,3,1>, <839,3,1>, <841,3,1>, <850,3,1>, <853,3,1>, <854,3,1>, <858,3,1>, <882,3,1>, <884,3,1>, <891,3,1>, <898,3,1>, <905,3,1>, <906,3,1>, <914,3,1>, <932,3,1>, <934,3,1>, <938,3,1>, <941,3,1>, <943,3,1>, <954,3,1>, <960,3,1>, <961,3,1>, <974,3,1>, <976,3,1>, <980,3,1>, <981,3,1>, <983,3,2>, <998,3,1>, <1,4,20>, <2,4,38>, <3,4,6>, <4,4,57>, <5,4,48>, <6,4,66>, <7,4,31>, <8,4,10>, <9,4,6>, <10,4,21>, <11,4,33>, <12,4,32>, <13,4,14>, <14,4,1>, <15,4,21>, <16,4,2>, <17,4,5>, <19,4,20>, <20,4,21>, <21,4,3>, <22,4,2>, <23,4,5>, <24,4,23>, <25,4,20>, <27,4,1>, <28,4,11>, <29,4,8>, <30,4,14>, <31,4,12>, <32,4,13>, <33,4,5>, <34,4,2>, <35,4,4>, <36,4,9>, <37,4,13>, <38,4,9>, <39,4,5>, <40,4,3>, <41,4,10>, <42,4,4>, <43,4,5>, <44,4,3>, <45,4,2>, <46,4,3>, <47,4,1>, <48,4,3>, <49,4,6>, <50,4,1>, <51,4,4>, <52,4,3>, <53,4,2>, <54,4,3>, <55,4,2>, <56,4,2>, <57,4,6>, <58,4,1>, <59,4,10>, <60,4,10>, <61,4,2>, <62,4,1>, <63,4,1>, <64,4,5>, <65,4,3>, <66,4,1>, <67,4,1>, <68,4,1>, <69,4,3>, <70,4,5>, <71,4,1>, <72,4,6>, <74,4,3>, <75,4,1>, <76,4,1>, <77,4,12>, <78,4,5>, <81,4,4>, <82,4,1>, <83,4,6>, <84,4,5>, <85,4,5>, <87,4,3>, <88,4,1>, <89,4,3>, <90,4,3>, <91,4,6>, <92,4,3>, <93,4,2>, <94,4,1>, <95,4,1>, <98,4,2>, <99,4,1>, <101,4,1>, <103,4,2>, <104,4,3>, <105,4,2>, <106,4,2>, <107,4,1>, <108,4,4>, <110,4,3>, <111,4,1>, <113,4,1>, <114,4,2>, <115,4,1>, <116,4,1>, <117,4,1>, <118,4,2>, <119,4,1>, <120,4,5>, <122,4,3>, <125,4,2>, <126,4,9>, <127,4,3>, <128,4,1>, <129,4,5>, <130,4,2>, <132,4,2>, <133,4,3>, <134,4,1>, <137,4,3>, <138,4,1>, <139,4,1>, <140,4,1>, <141,4,2>, <142,4,1>, <144,4,1>, <145,4,1>, <148,4,2>, <149,4,3>, <152,4,1>, <153,4,1>, <154,4,2>, <155,4,2>, <156,4,3>, <157,4,3>, <158,4,5>, <159,4,4>, <160,4,1>, <161,4,1>, <163,4,1>, <164,4,1>, <165,4,2>, <166,4,1>, <167,4,2>, <171,4,1>, <173,4,4>, <174,4,1>, <175,4,1>, <176,4,1>, <179,4,3>, <182,4,6>, <185,4,1>, <186,4,2>, <187,4,3>, <188,4,3>, <190,4,3>, <191,4,2>, <194,4,2>, <196,4,1>, <197,4,1>, <199,4,2>, <200,4,2>, <202,4,1>, <203,4,2>, <204,4,1>, <209,4,3>, <210,4,2>, <212,4,1>, <213,4,1>, <215,4,1>, <216,4,1>, <217,4,3>, <220,4,1>, <221,4,1>, <222,4,1>, <223,4,2>, <224,4,2>, <227,4,2>, <228,4,1>, <229,4,1>, <230,4,1>, <231,4,1>, <232,4,5>, <235,4,2>, <240,4,1>, <242,4,1>, <244,4,1>, <246,4,2>, <247,4,1>, <249,4,2>, <250,4,2>, <251,4,1>, <252,4,1>, <253,4,3>, <256,4,2>, <260,4,3>, <261,4,2>, <262,4,1>, <267,4,3>, <268,4,1>, <271,4,2>, <274,4,1>, <275,4,1>, <277,4,1>, <280,4,1>, <282,4,1>, <283,4,1>, <285,4,2>, <286,4,2>, <289,4,2>, <291,4,1>, <292,4,2>, <294,4,1>, <295,4,1>, <296,4,1>, <298,4,1>, <300,4,1>, <301,4,1>, <303,4,1>, <304,4,1>, <310,4,1>, <312,4,1>, <314,4,2>, <317,4,1>, <318,4,1>, <319,4,1>, <324,4,1>, <325,4,1>, <326,4,1>, <328,4,2>, <330,4,1>, <331,4,1>, <336,4,1>, <338,4,1>, <339,4,1>, <340,4,2>, <341,4,1>, <345,4,1>, <347,4,1>, <349,4,1>, <350,4,1>, <354,4,1>, <355,4,1>, <357,4,1>, <358,4,1>, <362,4,2>, <364,4,3>, <371,4,1>, <375,4,1>, <376,4,1>, <377,4,1>, <380,4,1>, <381,4,2>, <382,4,1>, <384,4,1>, <389,4,1>, <393,4,1>, <397,4,1>, <408,4,1>, <411,4,1>, <414,4,1>, <417,4,2>, <418,4,1>, <422,4,3>, <424,4,1>, <429,4,1>, <431,4,2>, <432,4,2>, <434,4,1>, <440,4,1>, <444,4,1>, <451,4,2>, <452,4,1>, <454,4,1>, <455,4,1>, <456,4,2>, <457,4,1>, <460,4,2>, <465,4,1>, <471,4,1>, <476,4,1>, <478,4,1>, <481,4,1>, <482,4,1>, <483,4,1>, <485,4,1>, <488,4,1>, <490,4,2>, <491,4,1>, <495,4,2>, <497,4,1>, <501,4,1>, <502,4,1>, <505,4,1>, <508,4,1>, <509,4,1>, <511,4,4>, <513,4,2>, <520,4,1>, <521,4,1>, <524,4,1>, <526,4,1>, <530,4,1>, <531,4,1>, <532,4,1>, <538,4,1>, <541,4,1>, <547,4,1>, <548,4,1>, <550,4,1>, <552,4,1>, <554,4,1>, <556,4,2>, <558,4,1>, <559,4,1>, <560,4,1>, <562,4,1>, <566,4,1>, <570,4,1>, <572,4,2>, <576,4,1>, <577,4,1>, <588,4,3>, <589,4,1>, <590,4,1>, <591,4,2>, <592,4,1>, <603,4,1>, <608,4,1>, <615,4,1>, <618,4,1>, <632,4,1>, <638,4,1>, <645,4,2>, <652,4,1>, <660,4,1>, <664,4,1>, <666,4,1>, <672,4,1>, <675,4,1>, <676,4,1>, <679,4,1>, <685,4,1>, <686,4,1>, <687,4,1>, <693,4,1>, <696,4,1>, <697,4,1>, <698,4,1>, <701,4,1>, <720,4,2>, <726,4,1>, <738,4,2>, <740,4,1>, <743,4,2>, <747,4,1>, <749,4,1>, <758,4,1>, <776,4,1>, <778,4,1>, <784,4,1>, <785,4,1>, <788,4,1>, <794,4,1>, <795,4,1>, <797,4,1>, <803,4,1>, <809,4,1>, <810,4,1>, <811,4,1>, <814,4,1>, <826,4,1>, <836,4,1>, <840,4,1>, <843,4,1>, <845,4,2>, <858,4,1>, <882,4,1>, <883,4,1>, <885,4,1>, <919,4,1>, <920,4,1>, <930,4,1>, <938,4,1>, <939,4,1>, <950,4,1>, <952,4,1>, <960,4,1>, <977,4,1>, <992,4,1>, <998,4,2>, <1,7,476>, <2,7,66>, <3,7,85>, <4,7,75>, <5,7,70>, <6,7,14>, <7,7,54>, <8,7,25>, <10,7,18>, <11,7,9>, <12,7,13>, <13,7,53>, <14,7,4>, <15,7,3>, <16,7,44>, <17,7,10>, <18,7,25>, <19,7,28>, <20,7,19>, <21,7,10>, <22,7,6>, <23,7,21>, <25,7,1>, <26,7,6>, <27,7,2>, <28,7,9>, <29,7,4>, <30,7,4>, <31,7,7>, <32,7,6>, <33,7,1>, <34,7,1>, <35,7,3>, <36,7,3>, <38,7,6>, <39,7,7>, <41,7,12>, <42,7,5>, <44,7,8>, <45,7,2>, <46,7,8>, <47,7,4>, <48,7,11>, <49,7,9>, <50,7,6>, <52,7,2>, <53,7,11>, <54,7,4>, <55,7,4>, <56,7,7>, <57,7,1>, <59,7,5>, <62,7,7>, <63,7,2>, <64,7,1>, <65,7,4>, <66,7,3>, <67,7,9>, <69,7,2>, <70,7,11>, <71,7,3>, <72,7,3>, <73,7,5>, <74,7,2>, <75,7,5>, <76,7,2>, <77,7,3>, <78,7,6>, <79,7,7>, <80,7,5>, <81,7,6>, <82,7,1>, <83,7,1>, <85,7,2>, <86,7,4>, <87,7,2>, <88,7,8>, <89,7,1>, <90,7,3>, <91,7,1>, <92,7,3>, <93,7,5>, <94,7,1>, <95,7,1>, <96,7,1>, <97,7,1>, <98,7,4>, <100,7,2>, <101,7,2>, <102,7,3>, <103,7,2>, <105,7,3>, <106,7,1>, <107,7,5>, <109,7,3>, <111,7,2>, <112,7,5>, <113,7,1>, <114,7,5>, <116,7,1>, <117,7,1>, <120,7,2>, <121,7,1>, <122,7,2>, <123,7,3>, <125,7,1>, <127,7,2>, <128,7,1>, <129,7,2>, <130,7,3>, <132,7,3>, <134,7,1>, <138,7,1>, <140,7,2>, <141,7,1>, <142,7,2>, <143,7,3>, <146,7,1>, <147,7,2>, <148,7,4>, <149,7,1>, <151,7,1>, <152,7,5>, <153,7,1>, <154,7,1>, <155,7,1>, <156,7,1>, <158,7,1>, <159,7,1>, <160,7,1>, <161,7,3>, <164,7,3>, <165,7,1>, <166,7,1>, <167,7,1>, <169,7,2>, <170,7,1>, <171,7,1>, <172,7,1>, <173,7,1>, <176,7,3>, <178,7,1>, <179,7,3>, <181,7,2>, <182,7,2>, <184,7,2>, <186,7,1>, <188,7,3>, <190,7,3>, <192,7,1>, <193,7,1>, <194,7,1>, <196,7,2>, <197,7,2>, <198,7,1>, <200,7,3>, <201,7,1>, <202,7,2>, <203,7,1>, <204,7,1>, <205,7,1>, <206,7,2>, <207,7,2>, <209,7,3>, <210,7,2>, <211,7,1>, <214,7,1>, <215,7,2>, <217,7,2>, <218,7,1>, <219,7,1>, <220,7,1>, <221,7,2>, <222,7,1>, <223,7,1>, <225,7,2>, <230,7,1>, <231,7,1>, <232,7,2>, <233,7,2>, <234,7,1>, <237,7,3>, <238,7,1>, <239,7,1>, <241,7,1>, <246,7,2>, <247,7,1>, <248,7,2>, <251,7,1>, <252,7,1>, <253,7,1>, <256,7,1>, <258,7,3>, <260,7,2>, <261,7,1>, <263,7,1>, <264,7,1>, <266,7,1>, <268,7,1>, <269,7,3>, <270,7,2>, <274,7,1>, <275,7,1>, <281,7,3>, <282,7,1>, <283,7,2>, <284,7,1>, <288,7,1>, <289,7,1>, <291,7,1>, <293,7,2>, <294,7,1>, <299,7,2>, <300,7,1>, <301,7,1>, <303,7,1>, <304,7,1>, <308,7,1>, <310,7,1>, <311,7,1>, <318,7,1>, <321,7,1>, <322,7,1>, <323,7,1>, <326,7,1>, <328,7,1>, <330,7,1>, <331,7,1>, <335,7,2>, <337,7,1>, <340,7,1>, <344,7,1>, <345,7,1>, <347,7,1>, <349,7,2>, <352,7,2>, <353,7,1>, <355,7,1>, <357,7,1>, <360,7,1>, <361,7,1>, <363,7,1>, <370,7,1>, <376,7,1>, <379,7,1>, <383,7,1>, <385,7,1>, <386,7,1>, <388,7,2>, <389,7,1>, <390,7,1>, <397,7,1>, <403,7,3>, <404,7,1>, <406,7,1>, <407,7,1>, <409,7,2>, <410,7,1>, <417,7,1>, <421,7,1>, <422,7,1>, <425,7,1>, <429,7,1>, <431,7,1>, <433,7,1>, <438,7,1>, <445,7,1>, <449,7,1>, <452,7,1>, <458,7,1>, <459,7,1>, <460,7,1>, <461,7,1>, <462,7,1>, <465,7,2>, <467,7,1>, <469,7,1>, <473,7,1>, <480,7,1>, <481,7,2>, <483,7,1>, <488,7,1>, <489,7,1>, <490,7,1>, <494,7,1>, <498,7,1>, <509,7,1>, <510,7,1>, <516,7,1>, <521,7,1>, <527,7,1>, <528,7,1>, <529,7,2>, <530,7,1>, <531,7,1>, <533,7,1>, <541,7,1>, <544,7,1>, <553,7,1>, <554,7,1>, <555,7,1>, <556,7,1>, <561,7,1>, <565,7,1>, <566,7,1>, <570,7,1>, <575,7,1>, <576,7,2>, <577,7,1>, <578,7,1>, <591,7,1>, <615,7,1>, <617,7,1>, <618,7,1>, <621,7,1>, <626,7,1>, <628,7,1>, <641,7,1>, <645,7,1>, <648,7,2>, <651,7,1>, <672,7,1>, <675,7,1>, <677,7,1>, <679,7,1>, <687,7,1>, <698,7,1>, <700,7,2>, <716,7,1>, <719,7,1>, <720,7,1>, <724,7,1>, <725,7,1>, <729,7,2>, <735,7,1>, <740,7,1>, <745,7,1>, <746,7,1>, <749,7,1>, <753,7,1>, <762,7,1>, <763,7,1>, <766,7,1>, <788,7,1>, <795,7,1>, <802,7,1>, <804,7,1>, <809,7,1>, <810,7,1>, <816,7,1>, <818,7,1>, <822,7,1>, <828,7,1>, <829,7,1>, <830,7,1>, <835,7,1>, <838,7,1>, <840,7,1>, <844,7,1>, <870,7,1>, <880,7,1>, <884,7,2>, <891,7,1>, <903,7,1>, <905,7,1>, <909,7,1>, <931,7,1>, <940,7,1>, <954,7,1>, <960,7,1>, <965,7,1>, <968,7,1>, <977,7,1>, <982,7,1>, <994,7,1>, <1,9,511>, <2,9,233>, <3,9,64>, <4,9,114>, <5,9,11>, <6,9,5>, <7,9,1>, <8,9,59>, <9,9,26>, <10,9,27>, <11,9,33>, <12,9,11>, <13,9,12>, <14,9,10>, <15,9,4>, <16,9,3>, <18,9,8>, <19,9,6>, <20,9,2>, <21,9,25>, <22,9,12>, <23,9,1>, <24,9,15>, <25,9,6>, <26,9,8>, <27,9,19>, <28,9,6>, <29,9,10>, <30,9,9>, <31,9,3>, <32,9,1>, <33,9,14>, <34,9,2>, <35,9,2>, <36,9,1>, <38,9,4>, <39,9,7>, <40,9,6>, <41,9,4>, <42,9,1>, <43,9,10>, <44,9,9>, <45,9,2>, <46,9,10>, <48,9,3>, <49,9,2>, <50,9,1>, <51,9,6>, <52,9,4>, <53,9,1>, <54,9,3>, <55,9,3>, <56,9,7>, <57,9,1>, <58,9,13>, <59,9,7>, <60,9,2>, <61,9,11>, <62,9,1>, <63,9,1>, <64,9,2>, <65,9,13>, <67,9,2>, <70,9,2>, <71,9,7>, <73,9,2>, <74,9,2>, <75,9,6>, <76,9,3>, <77,9,1>, <78,9,10>, <79,9,3>, <80,9,4>, <81,9,1>, <82,9,1>, <83,9,1>, <84,9,3>, <85,9,5>, <86,9,3>, <87,9,2>, <88,9,5>, <89,9,3>, <91,9,2>, <92,9,2>, <93,9,5>, <94,9,2>, <95,9,3>, <96,9,5>, <97,9,2>, <98,9,1>, <99,9,7>, <100,9,1>, <101,9,1>, <102,9,2>, <103,9,4>, <106,9,1>, <108,9,5>, <110,9,6>, <113,9,1>, <114,9,5>, <116,9,1>, <118,9,3>, <119,9,6>, <120,9,1>, <122,9,3>, <123,9,7>, <124,9,1>, <127,9,2>, <128,9,4>, <129,9,1>, <130,9,2>, <131,9,1>, <132,9,1>, <133,9,3>, <135,9,3>, <136,9,2>, <137,9,4>, <138,9,1>, <139,9,2>, <140,9,2>, <142,9,1>, <143,9,1>, <144,9,2>, <145,9,2>, <146,9,2>, <147,9,2>, <148,9,1>, <149,9,2>, <150,9,3>, <151,9,3>, <152,9,1>, <154,9,1>, <155,9,1>, <156,9,1>, <159,9,1>, <160,9,4>, <161,9,2>, <164,9,1>, <165,9,1>, <166,9,3>, <167,9,1>, <169,9,1>, <172,9,6>, <173,9,2>, <176,9,5>, <177,9,1>, <179,9,5>, <181,9,1>, <182,9,1>, <183,9,1>, <184,9,2>, <185,9,2>, <188,9,2>, <191,9,1>, <192,9,1>, <193,9,1>, <194,9,2>, <195,9,1>, <198,9,4>, <201,9,1>, <202,9,2>, <203,9,1>, <204,9,1>, <206,9,2>, <207,9,1>, <211,9,2>, <217,9,1>, <219,9,1>, <222,9,1>, <223,9,1>, <226,9,1>, <227,9,1>, <229,9,1>, <230,9,3>, <231,9,1>, <233,9,5>, <234,9,1>, <235,9,2>, <236,9,3>, <237,9,2>, <247,9,1>, <248,9,2>, <250,9,2>, <251,9,2>, <256,9,1>, <257,9,2>, <260,9,1>, <262,9,1>, <264,9,1>, <269,9,1>, <270,9,2>, <271,9,1>, <272,9,1>, <274,9,1>, <277,9,1>, <278,9,1>, <279,9,4>, <280,9,2>, <282,9,1>, <284,9,2>, <285,9,1>, <288,9,1>, <289,9,1>, <290,9,1>, <295,9,1>, <296,9,1>, <297,9,1>, <302,9,1>, <304,9,1>, <307,9,1>, <308,9,2>, <311,9,1>, <312,9,1>, <315,9,1>, <316,9,1>, <318,9,1>, <319,9,1>, <320,9,1>, <322,9,1>, <323,9,1>, <324,9,3>, <326,9,1>, <329,9,4>, <336,9,2>, <337,9,1>, <340,9,1>, <341,9,1>, <342,9,1>, <343,9,1>, <344,9,1>, <354,9,2>, <356,9,1>, <357,9,1>, <358,9,1>, <363,9,2>, <364,9,1>, <368,9,4>, <370,9,2>, <375,9,1>, <380,9,1>, <381,9,2>, <396,9,1>, <397,9,2>, <398,9,1>, <400,9,2>, <402,9,1>, <406,9,1>, <407,9,1>, <408,9,1>, <413,9,2>, <415,9,1>, <419,9,2>, <426,9,1>, <427,9,1>, <431,9,1>, <438,9,1>, <440,9,2>, <443,9,1>, <444,9,1>, <446,9,1>, <447,9,1>, <451,9,1>, <452,9,1>, <455,9,2>, <460,9,1>, <461,9,1>, <483,9,1>, <486,9,2>, <488,9,1>, <489,9,1>, <490,9,1>, <491,9,1>, <494,9,1>, <495,9,1>, <499,9,1>, <502,9,1>, <507,9,1>, <512,9,2>, <520,9,1>, <521,9,2>, <523,9,2>, <527,9,2>, <528,9,1>, <530,9,1>, <531,9,1>, <533,9,1>, <536,9,2>, <538,9,1>, <540,9,1>, <545,9,1>, <547,9,1>, <548,9,1>, <550,9,1>, <551,9,1>, <553,9,1>, <561,9,1>, <564,9,1>, <570,9,1>, <575,9,1>, <576,9,1>, <580,9,1>, <581,9,2>, <591,9,1>, <592,9,1>, <600,9,1>, <627,9,1>, <637,9,1>, <645,9,1>, <654,9,1>, <666,9,1>, <676,9,1>, <677,9,1>, <681,9,1>, <685,9,1>, <687,9,2>, <691,9,1>, <692,9,1>, <698,9,1>, <699,9,1>, <700,9,1>, <706,9,1>, <716,9,1>, <719,9,1>, <726,9,1>, <727,9,1>, <735,9,1>, <742,9,1>, <752,9,1>, <754,9,1>, <759,9,1>, <762,9,2>, <763,9,1>, <765,9,1>, <768,9,1>, <780,9,1>, <786,9,2>, <787,9,1>, <794,9,2>, <803,9,1>, <804,9,1>, <809,9,1>, <836,9,1>, <857,9,1>, <882,9,1>, <886,9,1>, <894,9,1>, <911,9,2>, <914,9,2>, <931,9,1>, <939,9,1>, <940,9,1>, <950,9,1>, <952,9,1>, <955,9,1>, <958,9,1>, <968,9,1>, <973,9,1>, <981,9,1>, <992,9,1>, <994,9,1>, <1,10,81>, <2,10,166>, <3,10,53>, <4,10,29>, <5,10,10>, <6,10,11>, <7,10,18>, <8,10,31>, <9,10,57>, <10,10,16>, <11,10,8>, <13,10,3>, <14,10,54>, <15,10,20>, <16,10,5>, <17,10,38>, <18,10,21>, <19,10,10>, <20,10,5>, <21,10,6>, <22,10,11>, <23,10,6>, <24,10,8>, <25,10,3>, <26,10,20>, <27,10,10>, <28,10,8>, <29,10,16>, <30,10,10>, <31,10,11>, <33,10,7>, <34,10,19>, <35,10,2>, <36,10,7>, <37,10,1>, <38,10,4>, <39,10,1>, <40,10,2>, <42,10,2>, <43,10,3>, <44,10,2>, <45,10,7>, <46,10,1>, <47,10,5>, <48,10,3>, <49,10,11>, <50,10,10>, <51,10,2>, <52,10,4>, <53,10,2>, <54,10,10>, <55,10,5>, <56,10,4>, <57,10,2>, <58,10,2>, <59,10,2>, <60,10,4>, <61,10,5>, <62,10,3>, <63,10,14>, <64,10,1>, <66,10,2>, <67,10,1>, <68,10,3>, <69,10,1>, <70,10,1>, <71,10,1>, <72,10,3>, <74,10,1>, <75,10,8>, <76,10,2>, <77,10,2>, <79,10,2>, <80,10,1>, <81,10,6>, <82,10,1>, <83,10,1>, <84,10,2>, <86,10,3>, <87,10,8>, <88,10,2>, <89,10,2>, <90,10,1>, <91,10,3>, <92,10,4>, <93,10,3>, <94,10,2>, <95,10,9>, <96,10,2>, <97,10,3>, <98,10,1>, <99,10,1>, <100,10,1>, <101,10,3>, <102,10,3>, <104,10,5>, <105,10,3>, <106,10,3>, <108,10,1>, <109,10,5>, <110,10,3>, <111,10,7>, <112,10,2>, <113,10,2>, <114,10,1>, <115,10,3>, <116,10,4>, <117,10,3>, <118,10,3>, <119,10,3>, <120,10,1>, <121,10,1>, <124,10,2>, <127,10,2>, <129,10,6>, <131,10,4>, <132,10,3>, <133,10,1>, <134,10,2>, <135,10,3>, <136,10,1>, <137,10,3>, <138,10,5>, <139,10,2>, <140,10,1>, <141,10,3>, <142,10,1>, <146,10,1>, <148,10,2>, <149,10,1>, <151,10,1>, <152,10,3>, <153,10,2>, <154,10,2>, <155,10,2>, <156,10,1>, <158,10,1>, <160,10,1>, <161,10,5>, <162,10,5>, <163,10,1>, <164,10,3>, <165,10,2>, <166,10,1>, <167,10,1>, <168,10,3>, <169,10,1>, <170,10,5>, <172,10,1>, <173,10,3>, <174,10,2>, <175,10,1>, <176,10,2>, <177,10,2>, <179,10,1>, <180,10,1>, <182,10,1>, <185,10,1>, <186,10,1>, <188,10,1>, <189,10,3>, <191,10,6>, <192,10,1>, <194,10,2>, <195,10,3>, <196,10,2>, <197,10,4>, <198,10,1>, <199,10,3>, <200,10,1>, <201,10,1>, <202,10,1>, <203,10,5>, <207,10,1>, <210,10,1>, <212,10,2>, <215,10,1>, <216,10,1>, <217,10,1>, <218,10,1>, <219,10,1>, <220,10,2>, <221,10,1>, <223,10,1>, <225,10,1>, <226,10,1>, <227,10,2>, <228,10,2>, <229,10,3>, <230,10,2>, <231,10,3>, <233,10,1>, <234,10,1>, <235,10,2>, <236,10,1>, <237,10,2>, <239,10,3>, <240,10,2>, <241,10,1>, <248,10,2>, <250,10,1>, <251,10,2>, <257,10,1>, <258,10,1>, <259,10,1>, <260,10,1>, <261,10,1>, <263,10,3>, <264,10,1>, <265,10,2>, <267,10,1>, <268,10,1>, <270,10,1>, <275,10,1>, <277,10,1>, <278,10,1>, <284,10,1>, <285,10,2>, <286,10,1>, <287,10,1>, <288,10,3>, <289,10,1>, <290,10,1>, <292,10,1>, <294,10,1>, <296,10,1>, <297,10,1>, <298,10,1>, <299,10,2>, <301,10,1>, <305,10,1>, <307,10,1>, <311,10,2>, <312,10,2>, <314,10,1>, <317,10,1>, <319,10,1>, <320,10,2>, <323,10,1>, <326,10,1>, <327,10,1>, <328,10,2>, <329,10,1>, <335,10,1>, <336,10,1>, <341,10,1>, <342,10,1>, <349,10,1>, <350,10,1>, <352,10,1>, <353,10,2>, <355,10,1>, <358,10,1>, <360,10,1>, <361,10,1>, <363,10,1>, <364,10,1>, <365,10,1>, <372,10,1>, <375,10,1>, <376,10,2>, <377,10,1>, <379,10,1>, <383,10,1>, <384,10,3>, <388,10,1>, <393,10,1>, <398,10,1>, <399,10,2>, <400,10,1>, <401,10,1>, <406,10,3>, <407,10,1>, <408,10,1>, <411,10,1>, <413,10,1>, <417,10,2>, <420,10,1>, <421,10,1>, <422,10,1>, <425,10,1>, <429,10,1>, <430,10,1>, <435,10,1>, <436,10,2>, <438,10,1>, <439,10,1>, <440,10,2>, <447,10,1>, <450,10,1>, <451,10,2>, <457,10,1>, <458,10,1>, <466,10,1>, <473,10,1>, <480,10,1>, <482,10,1>, <485,10,1>, <486,10,1>, <489,10,1>, <495,10,1>, <500,10,1>, <505,10,1>, <508,10,2>, <512,10,1>, <513,10,1>, <515,10,1>, <517,10,1>, <518,10,1>, <520,10,1>, <521,10,1>, <523,10,1>, <527,10,2>, <528,10,1>, <533,10,1>, <535,10,1>, <536,10,1>, <537,10,1>, <538,10,2>, <540,10,1>, <541,10,1>, <544,10,2>, <553,10,1>, <554,10,1>, <558,10,1>, <560,10,1>, <563,10,1>, <564,10,1>, <565,10,1>, <566,10,3>, <568,10,1>, <570,10,2>, <572,10,1>, <574,10,1>, <575,10,1>, <577,10,2>, <581,10,1>, <582,10,1>, <588,10,1>, <589,10,1>, <591,10,1>, <598,10,1>, <600,10,1>, <602,10,1>, <603,10,1>, <608,10,1>, <611,10,1>, <612,10,1>, <615,10,1>, <617,10,2>, <618,10,1>, <621,10,1>, <623,10,1>, <626,10,1>, <628,10,1>, <632,10,2>, <634,10,1>, <648,10,2>, <654,10,1>, <655,10,1>, <660,10,1>, <661,10,1>, <666,10,1>, <679,10,1>, <685,10,1>, <686,10,1>, <687,10,1>, <688,10,1>, <689,10,1>, <691,10,1>, <696,10,1>, <698,10,1>, <712,10,1>, <718,10,1>, <720,10,1>, <724,10,1>, <725,10,1>, <740,10,1>, <743,10,1>, <747,10,1>, <753,10,1>, <760,10,1>, <762,10,1>, <763,10,1>, <766,10,1>, <769,10,1>, <776,10,1>, <778,10,1>, <780,10,1>, <787,10,1>, <802,10,1>, <803,10,1>, <816,10,1>, <823,10,1>, <824,10,1>, <827,10,1>, <829,10,1>, <835,10,1>, <838,10,1>, <844,10,1>, <847,10,1>, <848,10,1>, <858,10,1>, <861,10,1>, <864,10,1>, <866,10,1>, <868,10,1>, <869,10,3>, <870,10,1>, <871,10,1>, <878,10,1>, <883,10,1>, <884,10,3>, <885,10,1>, <894,10,1>, <898,10,1>, <913,10,1>, <914,10,1>, <920,10,1>, <928,10,1>, <931,10,1>, <942,10,1>, <949,10,1>, <954,10,1>, <958,10,1>, <960,10,1>, <962,10,1>, <973,10,1>, <974,10,1>, <975,10,1>, <996,10,1> };

MaxCacheStorageAtSingleAS= [ 656.25  656.25  656.25  656.25  656.25  656.25  656.25  656.25  656.25  656.25 ] ;

MaxCacheStorage = 6562.5 ;
SolutionGap = 0.01 ;
