
ASes= { 1, 2, 3, 4, 5, 6, 7, 8, 9, 10 } ;


Objects= { 1, 2, 3, 4, 5, 6, 7, 8, 9, 10, 11, 12, 13, 14, 15, 16, 17, 18, 19, 20, 21, 22, 23, 24, 25, 26, 27, 28, 29, 30, 31, 32, 33, 34, 35, 36, 37, 38, 39, 40, 41, 42, 43, 44, 45, 46, 47, 48, 49, 50, 51, 52, 53, 54, 55, 56, 57, 58, 59, 60, 61, 62, 63, 64, 65, 66, 67, 68, 69, 70, 71, 72, 73, 74, 75, 76, 77, 78, 79, 80, 81, 82, 83, 84, 85, 86, 87, 88, 89, 90, 91, 92, 93, 94, 95, 96, 97, 98, 99, 100, 101, 102, 103, 104, 105, 106, 107, 108, 109, 110, 111, 112, 113, 114, 115, 116, 117, 118, 119, 120, 121, 122, 123, 124, 125, 126, 127, 128, 129, 130, 131, 132, 133, 134, 135, 136, 137, 138, 139, 140, 141, 142, 143, 144, 145, 146, 147, 148, 149, 150, 151, 152, 153, 154, 155, 156, 157, 158, 159, 160, 161, 162, 163, 164, 165, 166, 167, 168, 169, 170, 171, 172, 173, 174, 175, 176, 177, 178, 179, 180, 181, 182, 183, 184, 185, 186, 187, 188, 189, 190, 191, 192, 193, 194, 195, 196, 197, 198, 199, 200, 201, 202, 203, 204, 205, 206, 207, 208, 209, 210, 211, 212, 213, 214, 215, 216, 217, 218, 219, 220, 221, 222, 223, 224, 225, 226, 227, 228, 229, 230, 231, 232, 233, 234, 235, 236, 237, 238, 239, 240, 241, 242, 243, 244, 245, 246, 247, 248, 249, 250, 251, 252, 253, 254, 255, 256, 257, 258, 259, 260, 261, 262, 263, 264, 265, 266, 267, 268, 269, 270, 271, 272, 273, 274, 275, 276, 277, 278, 279, 280, 281, 282, 283, 284, 285, 286, 287, 288, 289, 290, 291, 292, 293, 294, 295, 296, 297, 298, 299, 300, 301, 302, 303, 304, 305, 306, 307, 308, 309, 310, 311, 312, 313, 314, 315, 316, 317, 318, 319, 320, 321, 322, 323, 324, 325, 326, 327, 328, 329, 330, 331, 332, 333, 334, 335, 336, 337, 338, 339, 340, 341, 342, 343, 344, 345, 346, 347, 348, 349, 350, 351, 352, 353, 354, 355, 356, 357, 358, 359, 360, 361, 362, 363, 364, 365, 366, 367, 368, 369, 370, 371, 372, 373, 374, 375, 376, 377, 378, 379, 380, 381, 382, 383, 384, 385, 386, 387, 388, 389, 390, 391, 392, 393, 394, 395, 396, 397, 398, 399, 400, 401, 402, 403, 404, 405, 406, 407, 408, 409, 410, 411, 412, 413, 414, 415, 416, 417, 418, 419, 420, 421, 422, 423, 424, 425, 426, 427, 428, 429, 430, 431, 432, 433, 434, 435, 436, 437, 438, 439, 440, 441, 442, 443, 444, 445, 446, 447, 448, 449, 450, 451, 452, 453, 454, 455, 456, 457, 458, 459, 460, 461, 462, 463, 464, 465, 466, 467, 468, 469, 470, 471, 472, 473, 474, 475, 476, 477, 478, 479, 480, 481, 482, 483, 484, 485, 486, 487, 488, 489, 490, 491, 492, 493, 494, 495, 496, 497, 498, 499, 500, 501, 502, 503, 504, 505, 506, 507, 508, 509, 510, 511, 512, 513, 514, 515, 516, 517, 518, 519, 520, 521, 522, 523, 524, 525, 526, 527, 528, 529, 530, 531, 532, 533, 534, 535, 536, 537, 538, 539, 540, 541, 542, 543, 544, 545, 546, 547, 548, 549, 550, 551, 552, 553, 554, 555, 556, 557, 558, 559, 560, 561, 562, 563, 564, 565, 566, 567, 568, 569, 570, 571, 572, 573, 574, 575, 576, 577, 578, 579, 580, 581, 582, 583, 584, 585, 586, 587, 588, 589, 590, 591, 592, 593, 594, 595, 596, 597, 598, 599, 600, 601, 602, 603, 604, 605, 606, 607, 608, 609, 610, 611, 612, 613, 614, 615, 616, 617, 618, 619, 620, 621, 622, 623, 624, 625, 626, 627, 628, 629, 630, 631, 632, 633, 634, 635, 636, 637, 638, 639, 640, 641, 642, 643, 644, 645, 646, 647, 648, 649, 650, 651, 652, 653, 654, 655, 656, 657, 658, 659, 660, 661, 662, 663, 664, 665, 666, 667, 668, 669, 670, 671, 672, 673, 674, 675, 676, 677, 678, 679, 680, 681, 682, 683, 684, 685, 686, 687, 688, 689, 690, 691, 692, 693, 694, 695, 696, 697, 698, 699, 700, 701, 702, 703, 704, 705, 706, 707, 708, 709, 710, 711, 712, 713, 714, 715, 716, 717, 718, 719, 720, 721, 722, 723, 724, 725, 726, 727, 728, 729, 730, 731, 732, 733, 734, 735, 736, 737, 738, 739, 740, 741, 742, 743, 744, 745, 746, 747, 748, 749, 750, 751, 752, 753, 754, 755, 756, 757, 758, 759, 760, 761, 762, 763, 764, 765, 766, 767, 768, 769, 770, 771, 772, 773, 774, 775, 776, 777, 778, 779, 780, 781, 782, 783, 784, 785, 786, 787, 788, 789, 790, 791, 792, 793, 794, 795, 796, 797, 798, 799, 800, 801, 802, 803, 804, 805, 806, 807, 808, 809, 810, 811, 812, 813, 814, 815, 816, 817, 818, 819, 820, 821, 822, 823, 824, 825, 826, 827, 828, 829, 830, 831, 832, 833, 834, 835, 836, 837, 838, 839, 840, 841, 842, 843, 844, 845, 846, 847, 848, 849, 850, 851, 852, 853, 854, 855, 856, 857, 858, 859, 860, 861, 862, 863, 864, 865, 866, 867, 868, 869, 870, 871, 872, 873, 874, 875, 876, 877, 878, 879, 880, 881, 882, 883, 884, 885, 886, 887, 888, 889, 890, 891, 892, 893, 894, 895, 896, 897, 898, 899, 900, 901, 902, 903, 904, 905, 906, 907, 908, 909, 910, 911, 912, 913, 914, 915, 916, 917, 918, 919, 920, 921, 922, 923, 924, 925, 926, 927, 928, 929, 930, 931, 932, 933, 934, 935, 936, 937, 938, 939, 940, 941, 942, 943, 944, 945, 946, 947, 948, 949, 950, 951, 952, 953, 954, 955, 956, 957, 958, 959, 960, 961, 962, 963, 964, 965, 966, 967, 968, 969, 970, 971, 972, 973, 974, 975, 976, 977, 978, 979, 980, 981, 982, 983, 984, 985, 986, 987, 988, 989, 990, 991, 992, 993, 994, 995, 996, 997, 998, 999, 1000 } ;


QualityLevels= { 0, 1, 2, 3, 4, 5 } ;

Arcs = { <1,2,490000>, <2,1,490000>,<2,3,490000>, <3,2,490000>,<1,4,490000>, <4,1,490000>,<3,5,490000>, <5,3,490000>,<5,6,490000>, <6,5,490000>,<3,7,490000>, <7,3,490000>,<7,8,490000>, <8,7,490000>,<5,9,490000>, <9,5,490000>,<3,10,490000>, <10,3,490000> }; 


RatePerQuality= [ 0  300  700  1500  2500  3500 ] ;


CacheSpacePerQuality= [ 10000  11.25  26.25  56.25  93.75  131.25 ] ;


UtilityPerQuality= [ 0  0.66874  0.795271  0.880112  0.945742  1 ] ;


ObjectsPublishedByProducers=[ [ 0  0  0  0  0  0  0  0  0  0 ]  [ 0  0  0  0  0  0  0  0  0  0 ]  [ 0  0  0  0  0  0  0  0  0  0 ]  [ 0  0  0  0  0  0  0  0  0  0 ]  [ 0  0  0  0  0  0  0  0  0  0 ]  [ 0  0  0  0  0  0  0  0  0  0 ]  [ 0  0  0  0  0  0  0  0  0  0 ]  [ 0  0  0  0  0  0  0  0  0  0 ]  [ 0  0  0  0  0  0  0  0  0  0 ]  [ 0  0  0  0  0  0  0  0  0  0 ]  [ 0  0  0  0  0  0  0  0  0  0 ]  [ 0  0  0  0  0  0  0  0  0  0 ]  [ 0  0  0  0  0  0  0  0  0  0 ]  [ 0  0  0  0  0  0  0  0  0  0 ]  [ 0  0  0  0  0  0  0  0  0  0 ]  [ 0  0  0  0  0  0  0  0  0  0 ]  [ 0  0  0  0  0  0  0  0  0  0 ]  [ 0  0  0  0  0  0  0  0  0  0 ]  [ 0  0  0  0  0  0  0  0  0  0 ]  [ 0  0  0  0  0  0  0  0  0  0 ]  [ 0  0  0  0  0  0  0  0  0  0 ]  [ 0  0  0  0  0  0  0  0  0  0 ]  [ 0  0  0  0  0  0  0  0  0  0 ]  [ 0  0  0  0  0  0  0  0  0  0 ]  [ 0  0  0  0  0  0  0  0  0  0 ]  [ 0  0  0  0  0  0  0  0  0  0 ]  [ 0  0  0  0  0  0  0  0  0  0 ]  [ 0  0  0  0  0  0  0  0  0  0 ]  [ 0  0  0  0  0  0  0  0  0  0 ]  [ 0  0  0  0  0  0  0  0  0  0 ]  [ 0  0  0  0  0  0  0  0  0  0 ]  [ 0  0  0  0  0  0  0  0  0  0 ]  [ 0  0  0  0  0  0  0  0  0  0 ]  [ 0  0  0  0  0  0  0  0  0  0 ]  [ 0  0  0  0  0  0  0  0  0  0 ]  [ 0  0  0  0  0  0  0  0  0  0 ]  [ 0  0  0  0  0  0  0  0  0  0 ]  [ 0  0  0  0  0  0  0  0  0  0 ]  [ 0  0  0  0  0  0  0  0  0  0 ]  [ 0  0  0  0  0  0  0  0  0  0 ]  [ 0  0  0  0  0  0  0  0  0  0 ]  [ 0  0  0  0  0  0  0  0  0  0 ]  [ 0  0  0  0  0  0  0  0  0  0 ]  [ 0  0  0  0  0  0  0  0  0  0 ]  [ 0  0  0  0  0  0  0  0  0  0 ]  [ 0  0  0  0  0  0  0  0  0  0 ]  [ 0  0  0  0  0  0  0  0  0  0 ]  [ 0  0  0  0  0  0  0  0  0  0 ]  [ 0  0  0  0  0  0  0  0  0  0 ]  [ 0  0  0  0  0  0  0  0  0  0 ]  [ 0  0  0  0  0  0  0  0  0  0 ]  [ 0  0  0  0  0  0  0  0  0  0 ]  [ 0  0  0  0  0  0  0  0  0  0 ]  [ 0  0  0  0  0  0  0  0  0  0 ]  [ 0  0  0  0  0  0  0  0  0  0 ]  [ 0  0  0  0  0  0  0  0  0  0 ]  [ 0  0  0  0  0  0  0  0  0  0 ]  [ 0  0  0  0  0  0  0  0  0  0 ]  [ 0  0  0  0  0  0  0  0  0  0 ]  [ 0  0  0  0  0  0  0  0  0  0 ]  [ 0  0  0  0  0  0  0  0  0  0 ]  [ 0  0  0  0  0  0  0  0  0  0 ]  [ 0  0  0  0  0  0  0  0  0  0 ]  [ 0  0  0  0  0  0  0  0  0  0 ]  [ 0  0  0  0  0  0  0  0  0  0 ]  [ 0  0  0  0  0  0  0  0  0  0 ]  [ 0  0  0  0  0  0  0  0  0  0 ]  [ 0  0  0  0  0  0  0  0  0  0 ]  [ 0  0  0  0  0  0  0  0  0  0 ]  [ 0  0  0  0  0  0  0  0  0  0 ]  [ 0  0  0  0  0  0  0  0  0  0 ]  [ 0  0  0  0  0  0  0  0  0  0 ]  [ 0  0  0  0  0  0  0  0  0  0 ]  [ 0  0  0  0  0  0  0  0  0  0 ]  [ 0  0  0  0  0  0  0  0  0  0 ]  [ 0  0  0  0  0  0  0  0  0  0 ]  [ 0  0  0  0  0  0  0  0  0  0 ]  [ 0  0  0  0  0  0  0  0  0  0 ]  [ 0  0  0  0  0  0  0  0  0  0 ]  [ 0  0  0  0  0  0  0  0  0  0 ]  [ 0  0  0  0  0  0  0  0  0  0 ]  [ 0  0  0  0  0  0  0  0  0  0 ]  [ 0  0  0  0  0  0  0  0  0  0 ]  [ 0  0  0  0  0  0  0  0  0  0 ]  [ 0  0  0  0  0  0  0  0  0  0 ]  [ 0  0  0  0  0  0  0  0  0  0 ]  [ 0  0  0  0  0  0  0  0  0  0 ]  [ 0  0  0  0  0  0  0  0  0  0 ]  [ 0  0  0  0  0  0  0  0  0  0 ]  [ 0  0  0  0  0  0  0  0  0  0 ]  [ 0  0  0  0  0  0  0  0  0  0 ]  [ 0  0  0  0  0  0  0  0  0  0 ]  [ 0  0  0  0  0  0  0  0  0  0 ]  [ 0  0  0  0  0  0  0  0  0  0 ]  [ 0  0  0  0  0  0  0  0  0  0 ]  [ 0  0  0  0  0  0  0  0  0  0 ]  [ 0  0  0  0  0  0  0  0  0  0 ]  [ 0  0  0  0  0  0  0  0  0  0 ]  [ 0  0  0  0  0  0  0  0  0  0 ]  [ 0  0  0  0  0  0  0  0  0  0 ]  [ 0  0  0  0  0  0  0  0  0  0 ]  [ 0  0  0  0  0  0  0  0  0  0 ]  [ 0  0  0  0  0  0  0  0  0  0 ]  [ 0  0  0  0  0  0  0  0  0  0 ]  [ 0  0  0  0  0  0  0  0  0  0 ]  [ 0  0  0  0  0  0  0  0  0  0 ]  [ 0  0  0  0  0  0  0  0  0  0 ]  [ 0  0  0  0  0  0  0  0  0  0 ]  [ 0  0  0  0  0  0  0  0  0  0 ]  [ 0  0  0  0  0  0  0  0  0  0 ]  [ 0  0  0  0  0  0  0  0  0  0 ]  [ 0  0  0  0  0  0  0  0  0  0 ]  [ 0  0  0  0  0  0  0  0  0  0 ]  [ 0  0  0  0  0  0  0  0  0  0 ]  [ 0  0  0  0  0  0  0  0  0  0 ]  [ 0  0  0  0  0  0  0  0  0  0 ]  [ 0  0  0  0  0  0  0  0  0  0 ]  [ 0  0  0  0  0  0  0  0  0  0 ]  [ 0  0  0  0  0  0  0  0  0  0 ]  [ 0  0  0  0  0  0  0  0  0  0 ]  [ 0  0  0  0  0  0  0  0  0  0 ]  [ 0  0  0  0  0  0  0  0  0  0 ]  [ 0  0  0  0  0  0  0  0  0  0 ]  [ 0  0  0  0  0  0  0  0  0  0 ]  [ 0  0  0  0  0  0  0  0  0  0 ]  [ 0  0  0  0  0  0  0  0  0  0 ]  [ 0  0  0  0  0  0  0  0  0  0 ]  [ 0  0  0  0  0  0  0  0  0  0 ]  [ 0  0  0  0  0  0  0  0  0  0 ]  [ 0  0  0  0  0  0  0  0  0  0 ]  [ 0  0  0  0  0  0  0  0  0  0 ]  [ 0  0  0  0  0  0  0  0  0  0 ]  [ 0  0  0  0  0  0  0  0  0  0 ]  [ 0  0  0  0  0  0  0  0  0  0 ]  [ 0  0  0  0  0  0  0  0  0  0 ]  [ 0  0  0  0  0  0  0  0  0  0 ]  [ 0  0  0  0  0  0  0  0  0  0 ]  [ 0  0  0  0  0  0  0  0  0  0 ]  [ 0  0  0  0  0  0  0  0  0  0 ]  [ 0  0  0  0  0  0  0  0  0  0 ]  [ 0  0  0  0  0  0  0  0  0  0 ]  [ 0  0  0  0  0  0  0  0  0  0 ]  [ 0  0  0  0  0  0  0  0  0  0 ]  [ 0  0  0  0  0  0  0  0  0  0 ]  [ 0  0  0  0  0  0  0  0  0  0 ]  [ 0  0  0  0  0  0  0  0  0  0 ]  [ 0  0  0  0  0  0  0  0  0  0 ]  [ 0  0  0  0  0  0  0  0  0  0 ]  [ 0  0  0  0  0  0  0  0  0  0 ]  [ 0  0  0  0  0  0  0  0  0  0 ]  [ 0  0  0  0  0  0  0  0  0  0 ]  [ 0  0  0  0  0  0  0  0  0  0 ]  [ 0  0  0  0  0  0  0  0  0  0 ]  [ 0  0  0  0  0  0  0  0  0  0 ]  [ 0  0  0  0  0  0  0  0  0  0 ]  [ 0  0  0  0  0  0  0  0  0  0 ]  [ 0  0  0  0  0  0  0  0  0  0 ]  [ 0  0  0  0  0  0  0  0  0  0 ]  [ 0  0  0  0  0  0  0  0  0  0 ]  [ 0  0  0  0  0  0  0  0  0  0 ]  [ 0  0  0  0  0  0  0  0  0  0 ]  [ 0  0  0  0  0  0  0  0  0  0 ]  [ 0  0  0  0  0  0  0  0  0  0 ]  [ 0  0  0  0  0  0  0  0  0  0 ]  [ 0  0  0  0  0  0  0  0  0  0 ]  [ 0  0  0  0  0  0  0  0  0  0 ]  [ 0  0  0  0  0  0  0  0  0  0 ]  [ 0  0  0  0  0  0  0  0  0  0 ]  [ 0  0  0  0  0  0  0  0  0  0 ]  [ 0  0  0  0  0  0  0  0  0  0 ]  [ 0  0  0  0  0  0  0  0  0  0 ]  [ 0  0  0  0  0  0  0  0  0  0 ]  [ 0  0  0  0  0  0  0  0  0  0 ]  [ 0  0  0  0  0  0  0  0  0  0 ]  [ 0  0  0  0  0  0  0  0  0  0 ]  [ 0  0  0  0  0  0  0  0  0  0 ]  [ 0  0  0  0  0  0  0  0  0  0 ]  [ 0  0  0  0  0  0  0  0  0  0 ]  [ 0  0  0  0  0  0  0  0  0  0 ]  [ 0  0  0  0  0  0  0  0  0  0 ]  [ 0  0  0  0  0  0  0  0  0  0 ]  [ 0  0  0  0  0  0  0  0  0  0 ]  [ 0  0  0  0  0  0  0  0  0  0 ]  [ 0  0  0  0  0  0  0  0  0  0 ]  [ 0  0  0  0  0  0  0  0  0  0 ]  [ 0  0  0  0  0  0  0  0  0  0 ]  [ 0  0  0  0  0  0  0  0  0  0 ]  [ 0  0  0  0  0  0  0  0  0  0 ]  [ 0  0  0  0  0  0  0  0  0  0 ]  [ 0  0  0  0  0  0  0  0  0  0 ]  [ 0  0  0  0  0  0  0  0  0  0 ]  [ 0  0  0  0  0  0  0  0  0  0 ]  [ 0  0  0  0  0  0  0  0  0  0 ]  [ 0  0  0  0  0  0  0  0  0  0 ]  [ 0  0  0  0  0  0  0  0  0  0 ]  [ 0  0  0  0  0  0  0  0  0  0 ]  [ 0  0  0  0  0  0  0  0  0  0 ]  [ 0  0  0  0  0  0  0  0  0  0 ]  [ 0  0  0  0  0  0  0  0  0  0 ]  [ 0  0  0  0  0  0  0  0  0  0 ]  [ 0  0  0  0  0  0  0  0  0  0 ]  [ 0  0  0  0  0  0  0  0  0  0 ]  [ 0  0  0  0  0  0  0  0  0  0 ]  [ 0  0  0  0  0  0  0  0  0  0 ]  [ 0  0  0  0  0  0  0  0  0  0 ]  [ 0  0  0  0  0  0  0  0  0  0 ]  [ 0  0  0  0  0  0  0  0  0  0 ]  [ 0  0  0  0  0  0  0  0  0  0 ]  [ 0  0  0  0  0  0  0  0  0  0 ]  [ 0  0  0  0  0  0  0  0  0  0 ]  [ 0  0  0  0  0  0  0  0  0  0 ]  [ 0  0  0  0  0  0  0  0  0  0 ]  [ 0  0  0  0  0  0  0  0  0  0 ]  [ 0  0  0  0  0  0  0  0  0  0 ]  [ 0  0  0  0  0  0  0  0  0  0 ]  [ 0  0  0  0  0  0  0  0  0  0 ]  [ 0  0  0  0  0  0  0  0  0  0 ]  [ 0  0  0  0  0  0  0  0  0  0 ]  [ 0  0  0  0  0  0  0  0  0  0 ]  [ 0  0  0  0  0  0  0  0  0  0 ]  [ 0  0  0  0  0  0  0  0  0  0 ]  [ 0  0  0  0  0  0  0  0  0  0 ]  [ 0  0  0  0  0  0  0  0  0  0 ]  [ 0  0  0  0  0  0  0  0  0  0 ]  [ 0  0  0  0  0  0  0  0  0  0 ]  [ 0  0  0  0  0  0  0  0  0  0 ]  [ 0  0  0  0  0  0  0  0  0  0 ]  [ 0  0  0  0  0  0  0  0  0  0 ]  [ 0  0  0  0  0  0  0  0  0  0 ]  [ 0  0  0  0  0  0  0  0  0  0 ]  [ 0  0  0  0  0  0  0  0  0  0 ]  [ 0  0  0  0  0  0  0  0  0  0 ]  [ 0  0  0  0  0  0  0  0  0  0 ]  [ 0  0  0  0  0  0  0  0  0  0 ]  [ 0  0  0  0  0  0  0  0  0  0 ]  [ 0  0  0  0  0  0  0  0  0  0 ]  [ 0  0  0  0  0  0  0  0  0  0 ]  [ 0  0  0  0  0  0  0  0  0  0 ]  [ 0  0  0  0  0  0  0  0  0  0 ]  [ 0  0  0  0  0  0  0  0  0  0 ]  [ 0  0  0  0  0  0  0  0  0  0 ]  [ 0  0  0  0  0  0  0  0  0  0 ]  [ 0  0  0  0  0  0  0  0  0  0 ]  [ 0  0  0  0  0  0  0  0  0  0 ]  [ 0  0  0  0  0  0  0  0  0  0 ]  [ 0  0  0  0  0  0  0  0  0  0 ]  [ 0  0  0  0  0  0  0  0  0  0 ]  [ 0  0  0  0  0  0  0  0  0  0 ]  [ 0  0  0  0  0  0  0  0  0  0 ]  [ 0  0  0  0  0  0  0  0  0  0 ]  [ 0  0  0  0  0  0  0  0  0  0 ]  [ 0  0  0  0  0  0  0  0  0  0 ]  [ 0  0  0  0  0  0  0  0  0  0 ]  [ 0  0  0  0  0  0  0  0  0  0 ]  [ 0  0  0  0  0  0  0  0  0  0 ]  [ 0  0  0  0  0  0  0  0  0  0 ]  [ 0  0  0  0  0  0  0  0  0  0 ]  [ 0  0  0  0  0  0  0  0  0  0 ]  [ 0  0  0  0  0  0  0  0  0  0 ]  [ 0  0  0  0  0  0  0  0  0  0 ]  [ 0  0  0  0  0  0  0  0  0  0 ]  [ 0  0  0  0  0  0  0  0  0  0 ]  [ 0  0  0  0  0  0  0  0  0  0 ]  [ 0  0  0  0  0  0  0  0  0  0 ]  [ 0  0  0  0  0  0  0  0  0  0 ]  [ 0  0  0  0  0  0  0  0  0  0 ]  [ 0  0  0  0  0  0  0  0  0  0 ]  [ 0  0  0  0  0  0  0  0  0  0 ]  [ 0  0  0  0  0  0  0  0  0  0 ]  [ 0  0  0  0  0  0  0  0  0  0 ]  [ 0  0  0  0  0  0  0  0  0  0 ]  [ 0  0  0  0  0  0  0  0  0  0 ]  [ 0  0  0  0  0  0  0  0  0  0 ]  [ 0  0  0  0  0  0  0  0  0  0 ]  [ 0  0  0  0  0  0  0  0  0  0 ]  [ 0  0  0  0  0  0  0  0  0  0 ]  [ 0  0  0  0  0  0  0  0  0  0 ]  [ 0  0  0  0  0  0  0  0  0  0 ]  [ 0  0  0  0  0  0  0  0  0  0 ]  [ 0  0  0  0  0  0  0  0  0  0 ]  [ 0  0  0  0  0  0  0  0  0  0 ]  [ 0  0  0  0  0  0  0  0  0  0 ]  [ 0  0  0  0  0  0  0  0  0  0 ]  [ 0  0  0  0  0  0  0  0  0  0 ]  [ 0  0  0  0  0  0  0  0  0  0 ]  [ 0  0  0  0  0  0  0  0  0  0 ]  [ 0  0  0  0  0  0  0  0  0  0 ]  [ 0  0  0  0  0  0  0  0  0  0 ]  [ 0  0  0  0  0  0  0  0  0  0 ]  [ 0  0  0  0  0  0  0  0  0  0 ]  [ 0  0  0  0  0  0  0  0  0  0 ]  [ 0  0  0  0  0  0  0  0  0  0 ]  [ 0  0  0  0  0  0  0  0  0  0 ]  [ 0  0  0  0  0  0  0  0  0  0 ]  [ 0  0  0  0  0  0  0  0  0  0 ]  [ 0  0  0  0  0  0  0  0  0  0 ]  [ 0  0  0  0  0  0  0  0  0  0 ]  [ 0  0  0  0  0  0  0  0  0  0 ]  [ 0  0  0  0  0  0  0  0  0  0 ]  [ 0  0  0  0  0  0  0  0  0  0 ]  [ 0  0  0  0  0  0  0  0  0  0 ]  [ 0  0  0  0  0  0  0  0  0  0 ]  [ 0  0  0  0  0  0  0  0  0  0 ]  [ 0  0  0  0  0  0  0  0  0  0 ]  [ 0  0  0  0  0  0  0  0  0  0 ]  [ 0  0  0  0  0  0  0  0  0  0 ]  [ 0  0  0  0  0  0  0  0  0  0 ]  [ 0  0  0  0  0  0  0  0  0  0 ]  [ 0  0  0  0  0  0  0  0  0  0 ]  [ 0  0  0  0  0  0  0  0  0  0 ]  [ 0  0  0  0  0  0  0  0  0  0 ]  [ 0  0  0  0  0  0  0  0  0  0 ]  [ 0  0  0  0  0  0  0  0  0  0 ]  [ 0  0  0  0  0  0  0  0  0  0 ]  [ 0  0  0  0  0  0  0  0  0  0 ]  [ 0  0  0  0  0  0  0  0  0  0 ]  [ 0  0  0  0  0  0  0  0  0  0 ]  [ 0  0  0  0  0  0  0  0  0  0 ]  [ 0  0  0  0  0  0  0  0  0  0 ]  [ 0  0  0  0  0  0  0  0  0  0 ]  [ 0  0  0  0  0  0  0  0  0  0 ]  [ 0  0  0  0  0  0  0  0  0  0 ]  [ 0  0  0  0  0  0  0  0  0  0 ]  [ 0  0  0  0  0  0  0  0  0  0 ]  [ 0  0  0  0  0  0  0  0  0  0 ]  [ 0  0  0  0  0  0  0  0  0  0 ]  [ 0  0  0  0  0  0  0  0  0  0 ]  [ 0  0  0  0  0  0  0  0  0  0 ]  [ 0  0  0  0  0  0  0  0  0  0 ]  [ 0  0  0  0  0  0  0  0  0  0 ]  [ 0  0  0  0  0  0  0  0  0  0 ]  [ 0  0  0  0  0  0  0  0  0  0 ]  [ 0  0  0  0  0  0  0  0  0  0 ]  [ 0  0  0  0  0  0  0  0  0  0 ]  [ 0  0  0  0  0  0  0  0  0  0 ]  [ 0  0  0  0  0  0  0  0  0  0 ]  [ 0  0  0  0  0  0  0  0  0  0 ]  [ 0  0  0  0  0  0  0  0  0  0 ]  [ 0  0  0  0  0  0  0  0  0  0 ]  [ 0  0  0  0  0  0  0  0  0  0 ]  [ 0  0  0  0  0  0  0  0  0  0 ]  [ 0  0  0  0  0  0  0  0  0  0 ]  [ 0  0  0  0  0  0  0  0  0  0 ]  [ 0  0  0  0  0  0  0  0  0  0 ]  [ 0  0  0  0  0  0  0  0  0  0 ]  [ 0  0  0  0  0  0  0  0  0  0 ]  [ 0  0  0  0  0  0  0  0  0  0 ]  [ 0  0  0  0  0  0  0  0  0  0 ]  [ 0  0  0  0  0  0  0  0  0  0 ]  [ 0  0  0  0  0  0  0  0  0  0 ]  [ 0  0  0  0  0  0  0  0  0  0 ]  [ 0  0  0  0  0  0  0  0  0  0 ]  [ 0  0  0  0  0  0  0  0  0  0 ]  [ 0  0  0  0  0  0  0  0  0  0 ]  [ 0  0  0  0  0  0  0  0  0  0 ]  [ 0  0  0  0  0  0  0  0  0  0 ]  [ 0  0  0  0  0  0  0  0  0  0 ]  [ 0  0  0  0  0  0  0  0  0  0 ]  [ 0  0  0  0  0  0  0  0  0  0 ]  [ 0  0  0  0  0  0  0  0  0  0 ]  [ 0  0  0  0  0  0  0  0  0  0 ]  [ 0  0  0  0  0  0  0  0  0  0 ]  [ 0  0  0  0  0  0  0  0  0  0 ]  [ 0  0  0  0  0  0  0  0  0  0 ]  [ 0  0  0  0  0  0  0  0  0  0 ]  [ 0  0  0  0  0  0  0  0  0  0 ]  [ 0  0  0  0  0  0  0  0  0  0 ]  [ 0  0  0  0  0  0  0  0  0  0 ]  [ 0  0  0  0  0  0  0  0  0  0 ]  [ 0  0  0  0  0  0  0  0  0  0 ]  [ 0  0  0  0  0  0  0  0  0  0 ]  [ 0  0  0  0  0  0  0  0  0  0 ]  [ 0  0  0  0  0  0  0  0  0  0 ]  [ 0  0  0  0  0  0  0  0  0  0 ]  [ 0  0  0  0  0  0  0  0  0  0 ]  [ 0  0  0  0  0  0  0  0  0  0 ]  [ 0  0  0  0  0  0  0  0  0  0 ]  [ 0  0  0  0  0  0  0  0  0  0 ]  [ 0  0  0  0  0  0  0  0  0  0 ]  [ 0  0  0  0  0  0  0  0  0  0 ]  [ 0  0  0  0  0  0  0  0  0  0 ]  [ 0  0  0  0  0  0  0  0  0  0 ]  [ 0  0  0  0  0  0  0  0  0  0 ]  [ 0  0  0  0  0  0  0  0  0  0 ]  [ 0  0  0  0  0  0  0  0  0  0 ]  [ 0  0  0  0  0  0  0  0  0  0 ]  [ 0  0  0  0  0  0  0  0  0  0 ]  [ 0  0  0  0  0  0  0  0  0  0 ]  [ 0  0  0  0  0  0  0  0  0  0 ]  [ 0  0  0  0  0  0  0  0  0  0 ]  [ 0  0  0  0  0  0  0  0  0  0 ]  [ 0  0  0  0  0  0  0  0  0  0 ]  [ 0  0  0  0  0  0  0  0  0  0 ]  [ 0  0  0  0  0  0  0  0  0  0 ]  [ 0  0  0  0  0  0  0  0  0  0 ]  [ 0  0  0  0  0  0  0  0  0  0 ]  [ 0  0  0  0  0  0  0  0  0  0 ]  [ 0  0  0  0  0  0  0  0  0  0 ]  [ 0  0  0  0  0  0  0  0  0  0 ]  [ 0  0  0  0  0  0  0  0  0  0 ]  [ 0  0  0  0  0  0  0  0  0  0 ]  [ 0  0  0  0  0  0  0  0  0  0 ]  [ 0  0  0  0  0  0  0  0  0  0 ]  [ 0  0  0  0  0  0  0  0  0  0 ]  [ 0  0  0  0  0  0  0  0  0  0 ]  [ 0  0  0  0  0  0  0  0  0  0 ]  [ 0  0  0  0  0  0  0  0  0  0 ]  [ 0  0  0  0  0  0  0  0  0  0 ]  [ 0  0  0  0  0  0  0  0  0  0 ]  [ 0  0  0  0  0  0  0  0  0  0 ]  [ 0  0  0  0  0  0  0  0  0  0 ]  [ 0  0  0  0  0  0  0  0  0  0 ]  [ 0  0  0  0  0  0  0  0  0  0 ]  [ 0  0  0  0  0  0  0  0  0  0 ]  [ 0  0  0  0  0  0  0  0  0  0 ]  [ 0  0  0  0  0  0  0  0  0  0 ]  [ 0  0  0  0  0  0  0  0  0  0 ]  [ 0  0  0  0  0  0  0  0  0  0 ]  [ 0  0  0  0  0  0  0  0  0  0 ]  [ 0  0  0  0  0  0  0  0  0  0 ]  [ 0  0  0  0  0  0  0  0  0  0 ]  [ 0  0  0  0  0  0  0  0  0  0 ]  [ 0  0  0  0  0  0  0  0  0  0 ]  [ 0  0  0  0  0  0  0  0  0  0 ]  [ 0  0  0  0  0  0  0  0  0  0 ]  [ 0  0  0  0  0  0  0  0  0  0 ]  [ 0  0  0  0  0  0  0  0  0  0 ]  [ 0  0  0  0  0  0  0  0  0  0 ]  [ 0  0  0  0  0  0  0  0  0  0 ]  [ 0  0  0  0  0  0  0  0  0  0 ]  [ 0  0  0  0  0  0  0  0  0  0 ]  [ 0  0  0  0  0  0  0  0  0  0 ]  [ 0  0  0  0  0  0  0  0  0  0 ]  [ 0  0  0  0  0  0  0  0  0  0 ]  [ 0  0  0  0  0  0  0  0  0  0 ]  [ 0  0  0  0  0  0  0  0  0  0 ]  [ 0  0  0  0  0  0  0  0  0  0 ]  [ 0  0  0  0  0  0  0  0  0  0 ]  [ 0  0  0  0  0  0  0  0  0  0 ]  [ 0  0  0  0  0  0  0  0  0  0 ]  [ 0  0  0  0  0  0  0  0  0  0 ]  [ 0  0  0  0  0  0  0  0  0  0 ]  [ 0  0  0  0  0  0  0  0  0  0 ]  [ 0  0  0  0  0  0  0  0  0  0 ]  [ 0  0  0  0  0  0  0  0  0  0 ]  [ 0  0  0  0  0  0  0  0  0  0 ]  [ 0  0  0  0  0  0  0  0  0  0 ]  [ 0  0  0  0  0  0  0  0  0  0 ]  [ 0  0  0  0  0  0  0  0  0  0 ]  [ 0  0  0  0  0  0  0  0  0  0 ]  [ 0  0  0  0  0  0  0  0  0  0 ]  [ 0  0  0  0  0  0  0  0  0  0 ]  [ 0  0  0  0  0  0  0  0  0  0 ]  [ 0  0  0  0  0  0  0  0  0  0 ]  [ 0  0  0  0  0  0  0  0  0  0 ]  [ 0  0  0  0  0  0  0  0  0  0 ]  [ 0  0  0  0  0  0  0  0  0  0 ]  [ 0  0  0  0  0  0  0  0  0  0 ]  [ 0  0  0  0  0  0  0  0  0  0 ]  [ 0  0  0  0  0  0  0  0  0  0 ]  [ 0  0  0  0  0  0  0  0  0  0 ]  [ 0  0  0  0  0  0  0  0  0  0 ]  [ 0  0  0  0  0  0  0  0  0  0 ]  [ 0  0  0  0  0  0  0  0  0  0 ]  [ 0  0  0  0  0  0  0  0  0  0 ]  [ 0  0  0  0  0  0  0  0  0  0 ]  [ 0  0  0  0  0  0  0  0  0  0 ]  [ 0  0  0  0  0  0  0  0  0  0 ]  [ 0  0  0  0  0  0  0  0  0  0 ]  [ 0  0  0  0  0  0  0  0  0  0 ]  [ 0  0  0  0  0  0  0  0  0  0 ]  [ 0  0  0  0  0  0  0  0  0  0 ]  [ 0  0  0  0  0  0  0  0  0  0 ]  [ 0  0  0  0  0  0  0  0  0  0 ]  [ 0  0  0  0  0  0  0  0  0  0 ]  [ 0  0  0  0  0  0  0  0  0  0 ]  [ 0  0  0  0  0  0  0  0  0  0 ]  [ 0  0  0  0  0  0  0  0  0  0 ]  [ 0  0  0  0  0  0  0  0  0  0 ]  [ 0  0  0  0  0  0  0  0  0  0 ]  [ 0  0  0  0  0  0  0  0  0  0 ]  [ 0  0  0  0  0  0  0  0  0  0 ]  [ 0  0  0  0  0  0  0  0  0  0 ]  [ 0  0  0  0  0  0  0  0  0  0 ]  [ 0  0  0  0  0  0  0  0  0  0 ]  [ 0  0  0  0  0  0  0  0  0  0 ]  [ 0  0  0  0  0  0  0  0  0  0 ]  [ 0  0  0  0  0  0  0  0  0  0 ]  [ 0  0  0  0  0  0  0  0  0  0 ]  [ 0  0  0  0  0  0  0  0  0  0 ]  [ 0  0  0  0  0  0  0  0  0  0 ]  [ 0  0  0  0  0  0  0  0  0  0 ]  [ 0  0  0  0  0  0  0  0  0  0 ]  [ 0  0  0  0  0  0  0  0  0  0 ]  [ 0  0  0  0  0  0  0  0  0  0 ]  [ 0  0  0  0  0  0  0  0  0  0 ]  [ 0  0  0  0  0  0  0  0  0  0 ]  [ 0  0  0  0  0  0  0  0  0  0 ]  [ 0  0  0  0  0  0  0  0  0  0 ]  [ 0  0  0  0  0  0  0  0  0  0 ]  [ 0  0  0  0  0  0  0  0  0  0 ]  [ 0  0  0  0  0  0  0  0  0  0 ]  [ 0  0  0  0  0  0  0  0  0  0 ]  [ 0  0  0  0  0  0  0  0  0  0 ]  [ 0  0  0  0  0  0  0  0  0  0 ]  [ 0  0  0  0  0  0  0  0  0  0 ]  [ 0  0  0  0  0  0  0  0  0  0 ]  [ 0  0  0  0  0  0  0  0  0  0 ]  [ 0  0  0  0  0  0  0  0  0  0 ]  [ 0  0  0  0  0  0  0  0  0  0 ]  [ 0  0  0  0  0  0  0  0  0  0 ]  [ 0  0  0  0  0  0  0  0  0  0 ]  [ 0  0  0  0  0  0  0  0  0  0 ]  [ 0  0  0  0  0  0  0  0  0  0 ]  [ 0  0  0  0  0  0  0  0  0  0 ]  [ 0  0  0  0  0  0  0  0  0  0 ]  [ 0  0  0  0  0  0  0  0  0  0 ]  [ 0  0  0  0  0  0  0  0  0  0 ]  [ 0  0  0  0  0  0  0  0  0  0 ]  [ 0  0  0  0  0  0  0  0  0  0 ]  [ 0  0  0  0  0  0  0  0  0  0 ]  [ 0  0  0  0  0  0  0  0  0  0 ]  [ 0  0  0  0  0  0  0  0  0  0 ]  [ 0  0  0  0  0  0  0  0  0  0 ]  [ 0  0  0  0  0  0  0  0  0  0 ]  [ 0  0  0  0  0  0  0  0  0  0 ]  [ 0  0  0  0  0  0  0  0  0  0 ]  [ 0  0  0  0  0  0  0  0  0  0 ]  [ 0  0  0  0  0  0  0  0  0  0 ]  [ 0  0  0  0  0  0  0  0  0  0 ]  [ 0  0  0  0  0  0  0  0  0  0 ]  [ 0  0  0  0  0  0  0  0  0  0 ]  [ 0  0  0  0  0  0  0  0  0  0 ]  [ 0  0  0  0  0  0  0  0  0  0 ]  [ 0  0  0  0  0  0  0  0  0  0 ]  [ 0  0  0  0  0  0  0  0  0  0 ]  [ 0  0  0  0  0  0  0  0  0  0 ]  [ 0  0  0  0  0  0  0  0  0  0 ]  [ 0  0  0  0  0  0  0  0  0  0 ]  [ 0  0  0  0  0  0  0  0  0  0 ]  [ 0  0  0  0  0  0  0  0  0  0 ]  [ 0  0  0  0  0  0  0  0  0  0 ]  [ 0  0  0  0  0  0  0  0  0  0 ]  [ 0  0  0  0  0  0  0  0  0  0 ]  [ 0  0  0  0  0  0  0  0  0  0 ]  [ 0  0  0  0  0  0  0  0  0  0 ]  [ 0  0  0  0  0  0  0  0  0  0 ]  [ 0  0  0  0  0  0  0  0  0  0 ]  [ 0  0  0  0  0  0  0  0  0  0 ]  [ 0  0  0  0  0  0  0  0  0  0 ]  [ 0  0  0  0  0  0  0  0  0  0 ]  [ 0  0  0  0  0  0  0  0  0  0 ]  [ 0  0  0  0  0  0  0  0  0  0 ]  [ 0  0  0  0  0  0  0  0  0  0 ]  [ 0  0  0  0  0  0  0  0  0  0 ]  [ 0  0  0  0  0  0  0  0  0  0 ]  [ 0  0  0  0  0  0  0  0  0  0 ]  [ 0  0  0  0  0  0  0  0  0  0 ]  [ 0  0  0  0  0  0  0  0  0  0 ]  [ 0  0  0  0  0  0  0  0  0  0 ]  [ 0  0  0  0  0  0  0  0  0  0 ]  [ 0  0  0  0  0  0  0  0  0  0 ]  [ 0  0  0  0  0  0  0  0  0  0 ]  [ 0  0  0  0  0  0  0  0  0  0 ]  [ 0  0  0  0  0  0  0  0  0  0 ]  [ 0  0  0  0  0  0  0  0  0  0 ]  [ 0  0  0  0  0  0  0  0  0  0 ]  [ 0  0  0  0  0  0  0  0  0  0 ]  [ 0  0  0  0  0  0  0  0  0  0 ]  [ 0  0  0  0  0  0  0  0  0  0 ]  [ 0  0  0  0  0  0  0  0  0  0 ]  [ 0  0  0  0  0  0  0  0  0  0 ]  [ 0  0  0  0  0  0  0  0  0  0 ]  [ 0  0  0  0  0  0  0  0  0  0 ]  [ 0  0  0  0  0  0  0  0  0  0 ]  [ 0  0  0  0  0  0  0  0  0  0 ]  [ 0  0  0  0  0  0  0  0  0  0 ]  [ 0  0  0  0  0  0  0  0  0  0 ]  [ 0  0  0  0  0  0  0  0  0  0 ]  [ 0  0  0  0  0  0  0  0  0  0 ]  [ 0  0  0  0  0  0  0  0  0  0 ]  [ 0  0  0  0  0  0  0  0  0  0 ]  [ 0  0  0  0  0  0  0  0  0  0 ]  [ 0  0  0  0  0  0  0  0  0  0 ]  [ 0  0  0  0  0  0  0  0  0  0 ]  [ 0  0  0  0  0  0  0  0  0  0 ]  [ 0  0  0  0  0  0  0  0  0  0 ]  [ 0  0  0  0  0  0  0  0  0  0 ]  [ 0  0  0  0  0  0  0  0  0  0 ]  [ 0  0  0  0  0  0  0  0  0  0 ]  [ 0  0  0  0  0  0  0  0  0  0 ]  [ 0  0  0  0  0  0  0  0  0  0 ]  [ 0  0  0  0  0  0  0  0  0  0 ]  [ 0  0  0  0  0  0  0  0  0  0 ]  [ 0  0  0  0  0  0  0  0  0  0 ]  [ 0  0  0  0  0  0  0  0  0  0 ]  [ 0  0  0  0  0  0  0  0  0  0 ]  [ 0  0  0  0  0  0  0  0  0  0 ]  [ 0  0  0  0  0  0  0  0  0  0 ]  [ 0  0  0  0  0  0  0  0  0  0 ]  [ 0  0  0  0  0  0  0  0  0  0 ]  [ 0  0  0  0  0  0  0  0  0  0 ]  [ 0  0  0  0  0  0  0  0  0  0 ]  [ 0  0  0  0  0  0  0  0  0  0 ]  [ 0  0  0  0  0  0  0  0  0  0 ]  [ 0  0  0  0  0  0  0  0  0  0 ]  [ 0  0  0  0  0  0  0  0  0  0 ]  [ 0  0  0  0  0  0  0  0  0  0 ]  [ 0  0  0  0  0  0  0  0  0  0 ]  [ 0  0  0  0  0  0  0  0  0  0 ]  [ 0  0  0  0  0  0  0  0  0  0 ]  [ 0  0  0  0  0  0  0  0  0  0 ]  [ 0  0  0  0  0  0  0  0  0  0 ]  [ 0  0  0  0  0  0  0  0  0  0 ]  [ 0  0  0  0  0  0  0  0  0  0 ]  [ 0  0  0  0  0  0  0  0  0  0 ]  [ 0  0  0  0  0  0  0  0  0  0 ]  [ 0  0  0  0  0  0  0  0  0  0 ]  [ 0  0  0  0  0  0  0  0  0  0 ]  [ 0  0  0  0  0  0  0  0  0  0 ]  [ 0  0  0  0  0  0  0  0  0  0 ]  [ 0  0  0  0  0  0  0  0  0  0 ]  [ 0  0  0  0  0  0  0  0  0  0 ]  [ 0  0  0  0  0  0  0  0  0  0 ]  [ 0  0  0  0  0  0  0  0  0  0 ]  [ 0  0  0  0  0  0  0  0  0  0 ]  [ 0  0  0  0  0  0  0  0  0  0 ]  [ 0  0  0  0  0  0  0  0  0  0 ]  [ 0  0  0  0  0  0  0  0  0  0 ]  [ 0  0  0  0  0  0  0  0  0  0 ]  [ 0  0  0  0  0  0  0  0  0  0 ]  [ 0  0  0  0  0  0  0  0  0  0 ]  [ 0  0  0  0  0  0  0  0  0  0 ]  [ 0  0  0  0  0  0  0  0  0  0 ]  [ 0  0  0  0  0  0  0  0  0  0 ]  [ 0  0  0  0  0  0  0  0  0  0 ]  [ 0  0  0  0  0  0  0  0  0  0 ]  [ 0  0  0  0  0  0  0  0  0  0 ]  [ 0  0  0  0  0  0  0  0  0  0 ]  [ 0  0  0  0  0  0  0  0  0  0 ]  [ 0  0  0  0  0  0  0  0  0  0 ]  [ 0  0  0  0  0  0  0  0  0  0 ]  [ 0  0  0  0  0  0  0  0  0  0 ]  [ 0  0  0  0  0  0  0  0  0  0 ]  [ 0  0  0  0  0  0  0  0  0  0 ]  [ 0  0  0  0  0  0  0  0  0  0 ]  [ 0  0  0  0  0  0  0  0  0  0 ]  [ 0  0  0  0  0  0  0  0  0  0 ]  [ 0  0  0  0  0  0  0  0  0  0 ]  [ 0  0  0  0  0  0  0  0  0  0 ]  [ 0  0  0  0  0  0  0  0  0  0 ]  [ 0  0  0  0  0  0  0  0  0  0 ]  [ 0  0  0  0  0  0  0  0  0  0 ]  [ 0  0  0  0  0  0  0  0  0  0 ]  [ 0  0  0  0  0  0  0  0  0  0 ]  [ 0  0  0  0  0  0  0  0  0  0 ]  [ 0  0  0  0  0  0  0  0  0  0 ]  [ 0  0  0  0  0  0  0  0  0  0 ]  [ 0  0  0  0  0  0  0  0  0  0 ]  [ 0  0  0  0  0  0  0  0  0  0 ]  [ 0  0  0  0  0  0  0  0  0  0 ]  [ 0  0  0  0  0  0  0  0  0  0 ]  [ 0  0  0  0  0  0  0  0  0  0 ]  [ 0  0  0  0  0  0  0  0  0  0 ]  [ 0  0  0  0  0  0  0  0  0  0 ]  [ 0  0  0  0  0  0  0  0  0  0 ]  [ 0  0  0  0  0  0  0  0  0  0 ]  [ 0  0  0  0  0  0  0  0  0  0 ]  [ 0  0  0  0  0  0  0  0  0  0 ]  [ 0  0  0  0  0  0  0  0  0  0 ]  [ 0  0  0  0  0  0  0  0  0  0 ]  [ 0  0  0  0  0  0  0  0  0  0 ]  [ 0  0  0  0  0  0  0  0  0  0 ]  [ 0  0  0  0  0  0  0  0  0  0 ]  [ 0  0  0  0  0  0  0  0  0  0 ]  [ 0  0  0  0  0  0  0  0  0  0 ]  [ 0  0  0  0  0  0  0  0  0  0 ]  [ 0  0  0  0  0  0  0  0  0  0 ]  [ 0  0  0  0  0  0  0  0  0  0 ]  [ 0  0  0  0  0  0  0  0  0  0 ]  [ 0  0  0  0  0  0  0  0  0  0 ]  [ 0  0  0  0  0  0  0  0  0  0 ]  [ 0  0  0  0  0  0  0  0  0  0 ]  [ 0  0  0  0  0  0  0  0  0  0 ]  [ 0  0  0  0  0  0  0  0  0  0 ]  [ 0  0  0  0  0  0  0  0  0  0 ]  [ 0  0  0  0  0  0  0  0  0  0 ]  [ 0  0  0  0  0  0  0  0  0  0 ]  [ 0  0  0  0  0  0  0  0  0  0 ]  [ 0  0  0  0  0  0  0  0  0  0 ]  [ 0  0  0  0  0  0  0  0  0  0 ]  [ 0  0  0  0  0  0  0  0  0  0 ]  [ 0  0  0  0  0  0  0  0  0  0 ]  [ 0  0  0  0  0  0  0  0  0  0 ]  [ 0  0  0  0  0  0  0  0  0  0 ]  [ 0  0  0  0  0  0  0  0  0  0 ]  [ 0  0  0  0  0  0  0  0  0  0 ]  [ 0  0  0  0  0  0  0  0  0  0 ]  [ 0  0  0  0  0  0  0  0  0  0 ]  [ 0  0  0  0  0  0  0  0  0  0 ]  [ 0  0  0  0  0  0  0  0  0  0 ]  [ 0  0  0  0  0  0  0  0  0  0 ]  [ 0  0  0  0  0  0  0  0  0  0 ]  [ 0  0  0  0  0  0  0  0  0  0 ]  [ 0  0  0  0  0  0  0  0  0  0 ]  [ 0  0  0  0  0  0  0  0  0  0 ]  [ 0  0  0  0  0  0  0  0  0  0 ]  [ 0  0  0  0  0  0  0  0  0  0 ]  [ 0  0  0  0  0  0  0  0  0  0 ]  [ 0  0  0  0  0  0  0  0  0  0 ]  [ 0  0  0  0  0  0  0  0  0  0 ]  [ 0  0  0  0  0  0  0  0  0  0 ]  [ 0  0  0  0  0  0  0  0  0  0 ]  [ 0  0  0  0  0  0  0  0  0  0 ]  [ 0  0  0  0  0  0  0  0  0  0 ]  [ 0  0  0  0  0  0  0  0  0  0 ]  [ 0  0  0  0  0  0  0  0  0  0 ]  [ 0  0  0  0  0  0  0  0  0  0 ]  [ 0  0  0  0  0  0  0  0  0  0 ]  [ 0  0  0  0  0  0  0  0  0  0 ]  [ 0  0  0  0  0  0  0  0  0  0 ]  [ 0  0  0  0  0  0  0  0  0  0 ]  [ 0  0  0  0  0  0  0  0  0  0 ]  [ 0  0  0  0  0  0  0  0  0  0 ]  [ 0  0  0  0  0  0  0  0  0  0 ]  [ 0  0  0  0  0  0  0  0  0  0 ]  [ 0  0  0  0  0  0  0  0  0  0 ]  [ 0  0  0  0  0  0  0  0  0  0 ]  [ 0  0  0  0  0  0  0  0  0  0 ]  [ 0  0  0  0  0  0  0  0  0  0 ]  [ 0  0  0  0  0  0  0  0  0  0 ]  [ 0  0  0  0  0  0  0  0  0  0 ]  [ 0  0  0  0  0  0  0  0  0  0 ]  [ 0  0  0  0  0  0  0  0  0  0 ]  [ 0  0  0  0  0  0  0  0  0  0 ]  [ 0  0  0  0  0  0  0  0  0  0 ]  [ 0  0  0  0  0  0  0  0  0  0 ]  [ 0  0  0  0  0  0  0  0  0  0 ]  [ 0  0  0  0  0  0  0  0  0  0 ]  [ 0  0  0  0  0  0  0  0  0  0 ]  [ 0  0  0  0  0  0  0  0  0  0 ]  [ 0  0  0  0  0  0  0  0  0  0 ]  [ 0  0  0  0  0  0  0  0  0  0 ]  [ 0  0  0  0  0  0  0  0  0  0 ]  [ 0  0  0  0  0  0  0  0  0  0 ]  [ 0  0  0  0  0  0  0  0  0  0 ]  [ 0  0  0  0  0  0  0  0  0  0 ]  [ 0  0  0  0  0  0  0  0  0  0 ]  [ 0  0  0  0  0  0  0  0  0  0 ]  [ 0  0  0  0  0  0  0  0  0  0 ]  [ 0  0  0  0  0  0  0  0  0  0 ]  [ 0  0  0  0  0  0  0  0  0  0 ]  [ 0  0  0  0  0  0  0  0  0  0 ]  [ 0  0  0  0  0  0  0  0  0  0 ]  [ 0  0  0  0  0  0  0  0  0  0 ]  [ 0  0  0  0  0  0  0  0  0  0 ]  [ 0  0  0  0  0  0  0  0  0  0 ]  [ 0  0  0  0  0  0  0  0  0  0 ]  [ 0  0  0  0  0  0  0  0  0  0 ]  [ 0  0  0  0  0  0  0  0  0  0 ]  [ 0  0  0  0  0  0  0  0  0  0 ]  [ 0  0  0  0  0  0  0  0  0  0 ]  [ 0  0  0  0  0  0  0  0  0  0 ]  [ 0  0  0  0  0  0  0  0  0  0 ]  [ 0  0  0  0  0  0  0  0  0  0 ]  [ 0  0  0  0  0  0  0  0  0  0 ]  [ 0  0  0  0  0  0  0  0  0  0 ]  [ 0  0  0  0  0  0  0  0  0  0 ]  [ 0  0  0  0  0  0  0  0  0  0 ]  [ 0  0  0  0  0  0  0  0  0  0 ]  [ 0  0  0  0  0  0  0  0  0  0 ]  [ 0  0  0  0  0  0  0  0  0  0 ]  [ 0  0  0  0  0  0  0  0  0  0 ]  [ 0  0  0  0  0  0  0  0  0  0 ]  [ 0  0  0  0  0  0  0  0  0  0 ]  [ 0  0  0  0  0  0  0  0  0  0 ]  [ 0  0  0  0  0  0  0  0  0  0 ]  [ 0  0  0  0  0  0  0  0  0  0 ]  [ 0  0  0  0  0  0  0  0  0  0 ]  [ 0  0  0  0  0  0  0  0  0  0 ]  [ 0  0  0  0  0  0  0  0  0  0 ]  [ 0  0  0  0  0  0  0  0  0  0 ]  [ 0  0  0  0  0  0  0  0  0  0 ]  [ 0  0  0  0  0  0  0  0  0  0 ]  [ 0  0  0  0  0  0  0  0  0  0 ]  [ 0  0  0  0  0  0  0  0  0  0 ]  [ 0  0  0  0  0  0  0  0  0  0 ]  [ 0  0  0  0  0  0  0  0  0  0 ]  [ 0  0  0  0  0  0  0  0  0  0 ]  [ 0  0  0  0  0  0  0  0  0  0 ]  [ 0  0  0  0  0  0  0  0  0  0 ]  [ 0  0  0  0  0  0  0  0  0  0 ]  [ 0  0  0  0  0  0  0  0  0  0 ]  [ 0  0  0  0  0  0  0  0  0  0 ]  [ 0  0  0  0  0  0  0  0  0  0 ]  [ 0  0  0  0  0  0  0  0  0  0 ]  [ 0  0  0  0  0  0  0  0  0  0 ]  [ 0  0  0  0  0  0  0  0  0  0 ]  [ 0  0  0  0  0  0  0  0  0  0 ]  [ 0  0  0  0  0  0  0  0  0  0 ]  [ 0  0  0  0  0  0  0  0  0  0 ]  [ 0  0  0  0  0  0  0  0  0  0 ]  [ 0  0  0  0  0  0  0  0  0  0 ]  [ 0  0  0  0  0  0  0  0  0  0 ]  [ 0  0  0  0  0  0  0  0  0  0 ]  [ 0  0  0  0  0  0  0  0  0  0 ]  [ 0  0  0  0  0  0  0  0  0  0 ]  [ 0  0  0  0  0  0  0  0  0  0 ]  [ 0  0  0  0  0  0  0  0  0  0 ]  [ 0  0  0  0  0  0  0  0  0  0 ]  [ 0  0  0  0  0  0  0  0  0  0 ]  [ 0  0  0  0  0  0  0  0  0  0 ]  [ 0  0  0  0  0  0  0  0  0  0 ]  [ 0  0  0  0  0  0  0  0  0  0 ]  [ 0  0  0  0  0  0  0  0  0  0 ]  [ 0  0  0  0  0  0  0  0  0  0 ]  [ 0  0  0  0  0  0  0  0  0  0 ]  [ 0  0  0  0  0  0  0  0  0  0 ]  [ 0  0  0  0  0  0  0  0  0  0 ]  [ 0  0  0  0  0  0  0  0  0  0 ]  [ 0  0  0  0  0  0  0  0  0  0 ]  [ 0  0  0  0  0  0  0  0  0  0 ]  [ 0  0  0  0  0  0  0  0  0  0 ]  [ 0  0  0  0  0  0  0  0  0  0 ]  [ 0  0  0  0  0  0  0  0  0  0 ]  [ 0  0  0  0  0  0  0  0  0  0 ]  [ 0  0  0  0  0  0  0  0  0  0 ]  [ 0  0  0  0  0  0  0  0  0  0 ]  [ 0  0  0  0  0  0  0  0  0  0 ]  [ 0  0  0  0  0  0  0  0  0  0 ]  [ 0  0  0  0  0  0  0  0  0  0 ]  [ 0  0  0  0  0  0  0  0  0  0 ]  [ 0  0  0  0  0  0  0  0  0  0 ]  [ 0  0  0  0  0  0  0  0  0  0 ]  [ 0  0  0  0  0  0  0  0  0  0 ]  [ 0  0  0  0  0  0  0  0  0  0 ]  [ 0  0  0  0  0  0  0  0  0  0 ]  [ 0  0  0  0  0  0  0  0  0  0 ]  [ 0  0  0  0  0  0  0  0  0  0 ]  [ 0  0  0  0  0  0  0  0  0  0 ]  [ 0  0  0  0  0  0  0  0  0  0 ]  [ 0  0  0  0  0  0  0  0  0  0 ]  [ 0  0  0  0  0  0  0  0  0  0 ]  [ 0  0  0  0  0  0  0  0  0  0 ]  [ 0  0  0  0  0  0  0  0  0  0 ]  [ 0  0  0  0  0  0  0  0  0  0 ]  [ 0  0  0  0  0  0  0  0  0  0 ]  [ 0  0  0  0  0  0  0  0  0  0 ]  [ 0  0  0  0  0  0  0  0  0  0 ]  [ 0  0  0  0  0  0  0  0  0  0 ]  [ 0  0  0  0  0  0  0  0  0  0 ]  [ 0  0  0  0  0  0  0  0  0  0 ]  [ 0  0  0  0  0  0  0  0  0  0 ]  [ 0  0  0  0  0  0  0  0  0  0 ]  [ 0  0  0  0  0  0  0  0  0  0 ]  [ 0  0  0  0  0  0  0  0  0  0 ]  [ 0  0  0  0  0  0  0  0  0  0 ]  [ 0  0  0  0  0  0  0  0  0  0 ]  [ 0  0  0  0  0  0  0  0  0  0 ]  [ 0  0  0  0  0  0  0  0  0  0 ]  [ 0  0  0  0  0  0  0  0  0  0 ]  [ 0  0  0  0  0  0  0  0  0  0 ]  [ 0  0  0  0  0  0  0  0  0  0 ]  [ 0  0  0  0  0  0  0  0  0  0 ]  [ 0  0  0  0  0  0  0  0  0  0 ]  [ 0  0  0  0  0  0  0  0  0  0 ]  [ 0  0  0  0  0  0  0  0  0  0 ]  [ 0  0  0  0  0  0  0  0  0  0 ]  [ 0  0  0  0  0  0  0  0  0  0 ]  [ 0  0  0  0  0  0  0  0  0  0 ]  [ 0  0  0  0  0  0  0  0  0  0 ]  [ 0  0  0  0  0  0  0  0  0  0 ]  [ 0  0  0  0  0  0  0  0  0  0 ]  [ 0  0  0  0  0  0  0  0  0  0 ]  [ 0  0  0  0  0  0  0  0  0  0 ]  [ 0  0  0  0  0  0  0  0  0  0 ]  [ 0  0  0  0  0  0  0  0  0  0 ]  [ 0  0  0  0  0  0  0  0  0  0 ]  [ 0  0  0  0  0  0  0  0  0  0 ]  [ 0  0  0  0  0  0  0  0  0  0 ]  [ 0  0  0  0  0  0  0  0  0  0 ]  [ 0  0  0  0  0  0  0  0  0  0 ]  [ 0  0  0  0  0  0  0  0  0  0 ]  [ 0  0  0  0  0  0  0  0  0  0 ]  [ 0  0  0  0  0  0  0  0  0  0 ]  [ 0  0  0  0  0  0  0  0  0  0 ]  [ 0  0  0  0  0  0  0  0  0  0 ]  [ 0  0  0  0  0  0  0  0  0  0 ]  [ 0  0  0  0  0  0  0  0  0  0 ]  [ 0  0  0  0  0  0  0  0  0  0 ]  [ 0  0  0  0  0  0  0  0  0  0 ]  [ 0  0  0  0  0  0  0  0  0  0 ]  [ 0  0  0  0  0  0  0  0  0  0 ]  [ 0  0  0  0  0  0  0  0  0  0 ]  [ 0  0  0  0  0  0  0  0  0  0 ]  [ 0  0  0  0  0  0  0  0  0  0 ]  [ 0  0  0  0  0  0  0  0  0  0 ]  [ 0  0  0  0  0  0  0  0  0  0 ]  [ 0  0  0  0  0  0  0  0  0  0 ]  [ 0  0  0  0  0  0  0  0  0  0 ]  [ 0  0  0  0  0  0  0  0  0  0 ]  [ 0  0  0  0  0  0  0  0  0  0 ]  [ 0  0  0  0  0  0  0  0  0  0 ]  [ 0  0  0  0  0  0  0  0  0  0 ]  [ 0  0  0  0  0  0  0  0  0  0 ]  [ 0  0  0  0  0  0  0  0  0  0 ]  [ 0  0  0  0  0  0  0  0  0  0 ]  [ 0  0  0  0  0  0  0  0  0  0 ]  [ 0  0  0  0  0  0  0  0  0  0 ]  [ 0  0  0  0  0  0  0  0  0  0 ]  [ 0  0  0  0  0  0  0  0  0  0 ]  [ 0  0  0  0  0  0  0  0  0  0 ]  [ 0  0  0  0  0  0  0  0  0  0 ]  [ 0  0  0  0  0  0  0  0  0  0 ]  [ 0  0  0  0  0  0  0  0  0  0 ]  [ 0  0  0  0  0  0  0  0  0  0 ]  [ 0  0  0  0  0  0  0  0  0  0 ]  [ 0  0  0  0  0  0  0  0  0  0 ]  [ 0  0  0  0  0  0  0  0  0  0 ]  [ 0  0  0  0  0  0  0  0  0  0 ]  [ 0  0  0  0  0  0  0  0  0  0 ]  [ 0  0  0  0  0  0  0  0  0  0 ]  [ 0  0  0  0  0  0  0  0  0  0 ]  [ 0  0  0  0  0  0  0  0  0  0 ]  [ 0  0  0  0  0  0  0  0  0  0 ]  [ 0  0  0  0  0  0  0  0  0  0 ]  [ 0  0  0  0  0  0  0  0  0  0 ]  [ 0  0  0  0  0  0  0  0  0  0 ]  [ 0  0  0  0  0  0  0  0  0  0 ]  [ 0  0  0  0  0  0  0  0  0  0 ]  [ 0  0  0  0  0  0  0  0  0  0 ]  [ 0  0  0  0  0  0  0  0  0  0 ]  [ 0  0  0  0  0  0  0  0  0  0 ]  [ 0  0  0  0  0  0  0  0  0  0 ]  [ 0  0  0  0  0  0  0  0  0  0 ]  [ 0  0  0  0  0  0  0  0  0  0 ]  [ 0  0  0  0  0  0  0  0  0  0 ]  [ 0  0  0  0  0  0  0  0  0  0 ]  [ 0  0  0  0  0  0  0  0  0  0 ]  [ 0  0  0  0  0  0  0  0  0  0 ]  [ 0  0  0  0  0  0  0  0  0  0 ]  [ 0  0  0  0  0  0  0  0  0  0 ]  [ 0  0  0  0  0  0  0  0  0  0 ]  [ 0  0  0  0  0  0  0  0  0  0 ]  [ 0  0  0  0  0  0  0  0  0  0 ]  [ 0  0  0  0  0  0  0  0  0  0 ]  [ 0  0  0  0  0  0  0  0  0  0 ]  [ 0  0  0  0  0  0  0  0  0  0 ]  [ 0  0  0  0  0  0  0  0  0  0 ]  [ 0  0  0  0  0  0  0  0  0  0 ]  [ 0  0  0  0  0  0  0  0  0  0 ]  [ 0  0  0  0  0  0  0  0  0  0 ]  [ 0  0  0  0  0  0  0  0  0  0 ]  [ 0  0  0  0  0  0  0  0  0  0 ]  [ 0  0  0  0  0  0  0  0  0  0 ]  [ 0  0  0  0  0  0  0  0  0  0 ]  [ 0  0  0  0  0  0  0  0  0  0 ]  [ 0  0  0  0  0  0  0  0  0  0 ]  [ 0  0  0  0  0  0  0  0  0  0 ]  [ 0  0  0  0  0  0  0  0  0  0 ]  [ 0  0  0  0  0  0  0  0  0  0 ]  [ 0  0  0  0  0  0  0  0  0  0 ]  [ 0  0  0  0  0  0  0  0  0  0 ]  [ 0  0  0  0  0  0  0  0  0  0 ]  [ 0  0  0  0  0  0  0  0  0  0 ]  [ 0  0  0  0  0  0  0  0  0  0 ]  [ 0  0  0  0  0  0  0  0  0  0 ]  [ 0  0  0  0  0  0  0  0  0  0 ]  [ 0  0  0  0  0  0  0  0  0  0 ]  [ 0  0  0  0  0  0  0  0  0  0 ]  [ 0  0  0  0  0  0  0  0  0  0 ]  [ 0  0  0  0  0  0  0  0  0  0 ]  [ 0  0  0  0  0  0  0  0  0  0 ]  [ 0  0  0  0  0  0  0  0  0  0 ]  [ 0  0  0  0  0  0  0  0  0  0 ]  [ 0  0  0  0  0  0  0  0  0  0 ]  [ 0  0  0  0  0  0  0  0  0  0 ]  [ 0  0  0  0  0  0  0  0  0  0 ]  [ 0  0  0  0  0  0  0  0  0  0 ]  [ 0  0  0  0  0  0  0  0  0  0 ]  [ 0  0  0  0  0  0  0  0  0  0 ]  [ 0  0  0  0  0  0  0  0  0  0 ]  [ 0  0  0  0  0  0  0  0  0  0 ]  [ 0  0  0  0  0  0  0  0  0  0 ]  [ 0  0  0  0  0  0  0  0  0  0 ]  [ 0  0  0  0  0  0  0  0  0  0 ]  [ 0  0  0  0  0  0  0  0  0  0 ]  [ 0  0  0  0  0  0  0  0  0  0 ]  [ 0  0  0  0  0  0  0  0  0  0 ]  [ 0  0  0  0  0  0  0  0  0  0 ]  [ 0  0  0  0  0  0  0  0  0  0 ]  [ 0  0  0  0  0  0  0  0  0  0 ]  [ 0  0  0  0  0  0  0  0  0  0 ]  [ 0  0  0  0  0  0  0  0  0  0 ]  [ 0  0  0  0  0  0  0  0  0  0 ]  [ 0  0  0  0  0  0  0  0  0  0 ]  [ 0  0  0  0  0  0  0  0  0  0 ]  [ 0  0  0  0  0  0  0  0  0  0 ]  [ 0  0  0  0  0  0  0  0  0  0 ]  [ 0  0  0  0  0  0  0  0  0  0 ] ];

ObjRequests = {  <1,4,139>, <2,4,23>, <3,4,258>, <4,4,58>, <5,4,14>, <6,4,62>, <7,4,34>, <8,4,37>, <9,4,4>, <10,4,14>, <11,4,7>, <12,4,1>, <13,4,16>, <14,4,15>, <15,4,8>, <16,4,10>, <17,4,29>, <18,4,2>, <19,4,4>, <20,4,13>, <21,4,5>, <22,4,1>, <23,4,4>, <24,4,16>, <25,4,2>, <26,4,10>, <27,4,4>, <28,4,10>, <29,4,11>, <30,4,5>, <31,4,2>, <32,4,1>, <33,4,5>, <34,4,1>, <35,4,6>, <36,4,6>, <37,4,9>, <38,4,2>, <39,4,5>, <40,4,2>, <41,4,1>, <42,4,3>, <44,4,8>, <45,4,9>, <46,4,1>, <48,4,5>, <49,4,11>, <50,4,3>, <51,4,3>, <52,4,1>, <53,4,6>, <54,4,2>, <55,4,2>, <57,4,1>, <59,4,5>, <60,4,1>, <61,4,1>, <62,4,4>, <63,4,4>, <65,4,2>, <66,4,6>, <67,4,3>, <68,4,1>, <69,4,2>, <70,4,5>, <72,4,2>, <73,4,1>, <74,4,2>, <75,4,6>, <77,4,4>, <78,4,1>, <79,4,1>, <80,4,1>, <81,4,3>, <82,4,1>, <83,4,4>, <84,4,1>, <86,4,1>, <89,4,1>, <90,4,1>, <91,4,4>, <92,4,1>, <93,4,9>, <94,4,1>, <95,4,4>, <96,4,1>, <97,4,3>, <99,4,3>, <101,4,1>, <102,4,2>, <103,4,1>, <107,4,2>, <109,4,1>, <110,4,7>, <112,4,2>, <113,4,1>, <114,4,1>, <116,4,2>, <118,4,4>, <119,4,1>, <120,4,3>, <122,4,1>, <125,4,2>, <127,4,1>, <128,4,2>, <129,4,1>, <130,4,1>, <133,4,3>, <134,4,1>, <137,4,1>, <138,4,2>, <139,4,1>, <140,4,1>, <141,4,2>, <143,4,1>, <144,4,3>, <145,4,1>, <148,4,2>, <149,4,1>, <150,4,1>, <151,4,1>, <154,4,1>, <155,4,2>, <158,4,2>, <161,4,1>, <162,4,1>, <164,4,1>, <166,4,2>, <167,4,1>, <168,4,1>, <169,4,1>, <172,4,3>, <174,4,1>, <177,4,1>, <179,4,2>, <182,4,3>, <183,4,1>, <185,4,1>, <188,4,4>, <190,4,1>, <195,4,1>, <197,4,2>, <200,4,1>, <206,4,1>, <210,4,1>, <214,4,1>, <215,4,1>, <217,4,1>, <218,4,1>, <221,4,2>, <223,4,1>, <226,4,1>, <227,4,1>, <229,4,1>, <230,4,1>, <231,4,1>, <232,4,3>, <238,4,1>, <239,4,1>, <241,4,1>, <242,4,1>, <248,4,1>, <249,4,1>, <251,4,1>, <253,4,3>, <255,4,1>, <256,4,3>, <259,4,1>, <263,4,1>, <265,4,1>, <267,4,1>, <268,4,2>, <269,4,1>, <271,4,1>, <272,4,1>, <277,4,1>, <279,4,1>, <280,4,1>, <285,4,1>, <289,4,1>, <290,4,2>, <291,4,1>, <292,4,1>, <297,4,1>, <299,4,1>, <300,4,1>, <301,4,1>, <302,4,1>, <303,4,1>, <304,4,1>, <308,4,1>, <310,4,1>, <312,4,2>, <314,4,1>, <321,4,1>, <323,4,1>, <324,4,2>, <329,4,1>, <330,4,1>, <331,4,1>, <332,4,1>, <337,4,1>, <339,4,1>, <343,4,1>, <345,4,1>, <352,4,1>, <354,4,1>, <355,4,1>, <356,4,1>, <365,4,1>, <367,4,1>, <372,4,1>, <376,4,1>, <380,4,1>, <381,4,1>, <382,4,1>, <383,4,1>, <386,4,1>, <389,4,1>, <390,4,2>, <396,4,1>, <397,4,1>, <399,4,1>, <402,4,1>, <403,4,1>, <406,4,1>, <409,4,1>, <413,4,3>, <415,4,1>, <419,4,1>, <422,4,1>, <423,4,1>, <427,4,1>, <429,4,1>, <434,4,1>, <436,4,1>, <437,4,1>, <440,4,2>, <454,4,1>, <457,4,1>, <458,4,1>, <461,4,1>, <464,4,1>, <469,4,1>, <477,4,1>, <481,4,1>, <483,4,1>, <484,4,1>, <485,4,1>, <486,4,1>, <495,4,2>, <497,4,1>, <507,4,1>, <508,4,1>, <511,4,1>, <512,4,1>, <517,4,1>, <520,4,1>, <522,4,1>, <523,4,1>, <527,4,1>, <529,4,1>, <530,4,1>, <531,4,1>, <533,4,1>, <538,4,1>, <544,4,1>, <547,4,1>, <555,4,1>, <556,4,1>, <557,4,1>, <561,4,1>, <564,4,1>, <569,4,1>, <570,4,1>, <571,4,1>, <579,4,1>, <581,4,1>, <595,4,1>, <600,4,1>, <603,4,1>, <612,4,1>, <617,4,1>, <630,4,1>, <635,4,1>, <645,4,1>, <648,4,2>, <654,4,1>, <665,4,1>, <679,4,1>, <683,4,1>, <687,4,1>, <688,4,1>, <691,4,1>, <692,4,1>, <700,4,1>, <718,4,1>, <729,4,1>, <740,4,1>, <749,4,1>, <756,4,1>, <786,4,1>, <794,4,1>, <803,4,1>, <816,4,1>, <829,4,1>, <835,4,1>, <836,4,1>, <845,4,1>, <863,4,1>, <866,4,1>, <869,4,1>, <871,4,1>, <882,4,1>, <884,4,1>, <893,4,1>, <902,4,1>, <914,4,1>, <956,4,1>, <958,4,1>, <981,4,1>, <995,4,1>, <998,4,1>, <1,6,120>, <2,6,45>, <3,6,51>, <4,6,94>, <5,6,32>, <6,6,13>, <7,6,33>, <8,6,2>, <9,6,56>, <10,6,41>, <11,6,8>, <12,6,9>, <13,6,4>, <14,6,12>, <15,6,15>, <16,6,23>, <17,6,35>, <18,6,13>, <19,6,27>, <20,6,14>, <21,6,2>, <22,6,7>, <23,6,17>, <24,6,3>, <26,6,9>, <27,6,10>, <28,6,8>, <29,6,13>, <30,6,15>, <31,6,1>, <32,6,14>, <33,6,3>, <34,6,11>, <35,6,5>, <36,6,4>, <37,6,3>, <38,6,1>, <39,6,6>, <40,6,5>, <41,6,5>, <42,6,3>, <43,6,2>, <45,6,5>, <46,6,2>, <47,6,5>, <48,6,5>, <49,6,1>, <51,6,4>, <53,6,2>, <55,6,2>, <56,6,4>, <57,6,1>, <58,6,9>, <59,6,6>, <61,6,3>, <64,6,2>, <65,6,2>, <66,6,2>, <68,6,1>, <69,6,4>, <70,6,1>, <71,6,4>, <72,6,7>, <74,6,1>, <75,6,2>, <76,6,3>, <77,6,1>, <78,6,5>, <81,6,2>, <82,6,6>, <83,6,1>, <84,6,3>, <85,6,1>, <86,6,1>, <87,6,2>, <88,6,1>, <89,6,6>, <90,6,2>, <91,6,3>, <92,6,2>, <93,6,1>, <94,6,2>, <95,6,1>, <96,6,1>, <98,6,4>, <99,6,2>, <100,6,1>, <103,6,3>, <104,6,5>, <105,6,1>, <107,6,3>, <108,6,1>, <109,6,1>, <110,6,3>, <111,6,2>, <113,6,2>, <114,6,1>, <116,6,1>, <118,6,1>, <119,6,3>, <120,6,3>, <121,6,1>, <123,6,5>, <124,6,2>, <127,6,1>, <129,6,6>, <130,6,1>, <132,6,2>, <136,6,1>, <137,6,1>, <139,6,1>, <143,6,1>, <144,6,2>, <147,6,1>, <148,6,2>, <149,6,1>, <150,6,2>, <152,6,6>, <153,6,1>, <154,6,2>, <155,6,3>, <156,6,1>, <158,6,2>, <159,6,1>, <161,6,2>, <164,6,1>, <165,6,3>, <168,6,1>, <169,6,2>, <170,6,1>, <171,6,1>, <172,6,1>, <173,6,2>, <174,6,1>, <176,6,1>, <177,6,1>, <179,6,2>, <182,6,1>, <186,6,1>, <187,6,3>, <188,6,1>, <191,6,1>, <194,6,1>, <199,6,1>, <201,6,1>, <202,6,2>, <203,6,4>, <204,6,2>, <207,6,3>, <208,6,1>, <209,6,1>, <213,6,2>, <214,6,1>, <215,6,1>, <217,6,1>, <218,6,1>, <219,6,2>, <220,6,1>, <221,6,1>, <222,6,1>, <224,6,1>, <226,6,1>, <227,6,1>, <229,6,1>, <230,6,1>, <231,6,1>, <234,6,1>, <241,6,1>, <242,6,1>, <243,6,1>, <247,6,3>, <250,6,1>, <251,6,1>, <252,6,1>, <253,6,1>, <257,6,1>, <258,6,1>, <264,6,1>, <266,6,1>, <270,6,1>, <281,6,1>, <283,6,1>, <284,6,1>, <285,6,1>, <288,6,1>, <289,6,1>, <291,6,2>, <294,6,1>, <296,6,2>, <297,6,1>, <299,6,1>, <300,6,1>, <301,6,1>, <302,6,1>, <303,6,1>, <305,6,1>, <310,6,1>, <317,6,1>, <321,6,1>, <323,6,1>, <325,6,1>, <326,6,1>, <327,6,1>, <329,6,1>, <331,6,1>, <340,6,1>, <347,6,1>, <352,6,1>, <353,6,1>, <357,6,1>, <358,6,1>, <364,6,1>, <368,6,1>, <370,6,1>, <375,6,1>, <376,6,1>, <383,6,1>, <386,6,1>, <387,6,1>, <388,6,2>, <396,6,1>, <398,6,1>, <403,6,2>, <406,6,1>, <409,6,1>, <413,6,1>, <421,6,1>, <422,6,1>, <427,6,1>, <428,6,1>, <429,6,1>, <431,6,1>, <432,6,1>, <434,6,1>, <436,6,2>, <451,6,1>, <456,6,1>, <460,6,1>, <464,6,1>, <465,6,1>, <472,6,1>, <478,6,1>, <483,6,1>, <485,6,2>, <491,6,1>, <493,6,1>, <495,6,1>, <501,6,1>, <504,6,1>, <505,6,1>, <507,6,1>, <508,6,1>, <510,6,1>, <511,6,2>, <512,6,1>, <513,6,1>, <527,6,1>, <528,6,1>, <529,6,1>, <530,6,1>, <532,6,1>, <533,6,1>, <540,6,1>, <544,6,1>, <550,6,1>, <552,6,1>, <559,6,1>, <561,6,1>, <572,6,1>, <577,6,1>, <588,6,1>, <590,6,1>, <591,6,2>, <592,6,2>, <603,6,2>, <617,6,1>, <621,6,1>, <632,6,1>, <635,6,1>, <638,6,1>, <645,6,1>, <654,6,1>, <663,6,1>, <677,6,1>, <681,6,1>, <683,6,1>, <687,6,1>, <691,6,2>, <697,6,1>, <698,6,1>, <701,6,1>, <725,6,1>, <738,6,1>, <740,6,1>, <766,6,1>, <768,6,1>, <769,6,1>, <780,6,2>, <794,6,2>, <804,6,1>, <807,6,1>, <826,6,1>, <828,6,1>, <838,6,1>, <843,6,1>, <883,6,1>, <884,6,1>, <892,6,1>, <898,6,1>, <920,6,1>, <947,6,1>, <951,6,1>, <954,6,1>, <966,6,1>, <1,8,27>, <2,8,65>, <3,8,7>, <4,8,4>, <5,8,47>, <6,8,51>, <7,8,39>, <8,8,20>, <9,8,45>, <10,8,8>, <11,8,48>, <12,8,46>, <13,8,3>, <14,8,17>, <15,8,25>, <16,8,7>, <17,8,1>, <18,8,6>, <19,8,2>, <20,8,9>, <21,8,27>, <22,8,2>, <23,8,5>, <24,8,1>, <25,8,5>, <26,8,3>, <27,8,8>, <28,8,1>, <29,8,18>, <30,8,1>, <31,8,8>, <32,8,7>, <33,8,6>, <34,8,2>, <36,8,6>, <37,8,2>, <39,8,8>, <40,8,2>, <42,8,11>, <44,8,7>, <45,8,4>, <46,8,13>, <47,8,1>, <48,8,4>, <49,8,1>, <50,8,3>, <51,8,2>, <52,8,1>, <53,8,1>, <54,8,6>, <55,8,6>, <56,8,3>, <57,8,3>, <58,8,3>, <59,8,10>, <62,8,7>, <63,8,5>, <64,8,3>, <66,8,2>, <68,8,3>, <70,8,1>, <71,8,1>, <73,8,1>, <74,8,1>, <75,8,1>, <76,8,1>, <77,8,1>, <79,8,8>, <80,8,2>, <81,8,4>, <83,8,2>, <85,8,3>, <87,8,7>, <88,8,4>, <90,8,1>, <91,8,1>, <93,8,1>, <94,8,2>, <95,8,2>, <96,8,4>, <98,8,5>, <99,8,1>, <101,8,2>, <102,8,2>, <103,8,2>, <105,8,4>, <106,8,1>, <108,8,7>, <110,8,1>, <111,8,2>, <112,8,4>, <113,8,3>, <114,8,1>, <115,8,1>, <117,8,1>, <118,8,3>, <119,8,2>, <120,8,1>, <122,8,1>, <123,8,2>, <125,8,1>, <126,8,1>, <127,8,2>, <128,8,2>, <129,8,2>, <130,8,1>, <131,8,1>, <132,8,2>, <133,8,3>, <136,8,3>, <137,8,1>, <139,8,1>, <140,8,1>, <141,8,2>, <142,8,1>, <143,8,5>, <145,8,2>, <146,8,1>, <147,8,4>, <148,8,3>, <149,8,1>, <151,8,1>, <154,8,1>, <155,8,1>, <157,8,1>, <159,8,1>, <161,8,4>, <163,8,1>, <164,8,2>, <165,8,1>, <166,8,2>, <170,8,2>, <171,8,1>, <172,8,2>, <173,8,1>, <175,8,1>, <176,8,1>, <177,8,1>, <181,8,1>, <182,8,3>, <185,8,3>, <186,8,1>, <187,8,1>, <188,8,2>, <189,8,1>, <190,8,2>, <192,8,1>, <193,8,1>, <194,8,2>, <195,8,1>, <196,8,1>, <197,8,1>, <198,8,1>, <201,8,1>, <204,8,1>, <205,8,1>, <206,8,1>, <207,8,1>, <209,8,2>, <210,8,1>, <213,8,1>, <215,8,1>, <216,8,2>, <217,8,1>, <218,8,2>, <219,8,1>, <222,8,1>, <223,8,1>, <227,8,3>, <228,8,2>, <229,8,3>, <230,8,2>, <231,8,1>, <233,8,1>, <235,8,1>, <239,8,2>, <240,8,2>, <241,8,1>, <243,8,1>, <244,8,1>, <247,8,1>, <248,8,1>, <251,8,1>, <258,8,1>, <263,8,1>, <264,8,1>, <269,8,1>, <271,8,1>, <272,8,1>, <278,8,1>, <279,8,1>, <280,8,1>, <282,8,1>, <283,8,1>, <286,8,1>, <288,8,1>, <289,8,1>, <290,8,1>, <294,8,1>, <295,8,1>, <296,8,1>, <298,8,1>, <301,8,1>, <302,8,2>, <303,8,2>, <307,8,1>, <309,8,1>, <312,8,1>, <318,8,1>, <320,8,1>, <323,8,1>, <327,8,1>, <328,8,1>, <329,8,1>, <331,8,1>, <336,8,1>, <341,8,1>, <342,8,1>, <344,8,3>, <349,8,1>, <357,8,1>, <358,8,1>, <362,8,1>, <363,8,1>, <365,8,1>, <368,8,1>, <372,8,1>, <375,8,1>, <381,8,1>, <386,8,1>, <387,8,1>, <393,8,2>, <397,8,1>, <400,8,1>, <407,8,1>, <408,8,1>, <411,8,1>, <419,8,1>, <426,8,1>, <435,8,2>, <445,8,1>, <446,8,1>, <447,8,1>, <451,8,1>, <452,8,2>, <458,8,1>, <471,8,1>, <472,8,1>, <476,8,1>, <485,8,1>, <486,8,1>, <488,8,1>, <491,8,1>, <493,8,1>, <513,8,2>, <517,8,2>, <518,8,1>, <520,8,1>, <521,8,1>, <527,8,1>, <528,8,1>, <536,8,1>, <544,8,1>, <566,8,1>, <570,8,2>, <577,8,1>, <588,8,3>, <603,8,1>, <621,8,1>, <623,8,1>, <626,8,1>, <645,8,1>, <648,8,1>, <651,8,1>, <668,8,1>, <687,8,1>, <700,8,1>, <714,8,1>, <716,8,1>, <721,8,1>, <726,8,2>, <738,8,1>, <743,8,1>, <749,8,1>, <762,8,1>, <763,8,1>, <776,8,1>, <791,8,1>, <803,8,1>, <805,8,1>, <811,8,1>, <816,8,1>, <840,8,1>, <869,8,1>, <880,8,1>, <883,8,1>, <892,8,1>, <894,8,1>, <906,8,1>, <911,8,1>, <913,8,1>, <960,8,1>, <988,8,1>, <992,8,1>, <994,8,1>, <998,8,1>, <1,9,417>, <2,9,188>, <3,9,22>, <4,9,30>, <5,9,56>, <6,9,13>, <7,9,18>, <8,9,33>, <9,9,4>, <10,9,12>, <11,9,12>, <12,9,10>, <13,9,7>, <14,9,5>, <15,9,35>, <16,9,4>, <17,9,3>, <18,9,1>, <19,9,11>, <20,9,1>, <21,9,2>, <22,9,19>, <23,9,6>, <26,9,8>, <27,9,1>, <28,9,5>, <29,9,2>, <30,9,7>, <31,9,15>, <32,9,2>, <33,9,1>, <34,9,10>, <36,9,3>, <37,9,3>, <38,9,3>, <39,9,5>, <40,9,1>, <41,9,1>, <42,9,1>, <43,9,6>, <44,9,4>, <45,9,1>, <46,9,6>, <47,9,2>, <50,9,6>, <51,9,3>, <52,9,9>, <53,9,3>, <54,9,6>, <55,9,2>, <56,9,7>, <57,9,1>, <58,9,1>, <59,9,4>, <61,9,1>, <63,9,1>, <64,9,2>, <65,9,2>, <67,9,2>, <68,9,2>, <70,9,2>, <71,9,1>, <73,9,1>, <74,9,3>, <76,9,3>, <77,9,6>, <79,9,3>, <81,9,4>, <82,9,2>, <84,9,2>, <85,9,2>, <86,9,1>, <87,9,3>, <88,9,1>, <89,9,6>, <90,9,3>, <91,9,7>, <92,9,6>, <93,9,1>, <95,9,5>, <96,9,2>, <97,9,2>, <98,9,2>, <99,9,1>, <100,9,1>, <103,9,1>, <105,9,1>, <106,9,1>, <108,9,1>, <109,9,1>, <110,9,2>, <111,9,1>, <112,9,1>, <114,9,1>, <115,9,1>, <116,9,2>, <117,9,1>, <119,9,3>, <120,9,1>, <122,9,1>, <123,9,4>, <124,9,2>, <125,9,1>, <127,9,3>, <128,9,2>, <129,9,4>, <131,9,4>, <132,9,4>, <134,9,2>, <137,9,1>, <138,9,1>, <139,9,1>, <141,9,2>, <142,9,1>, <143,9,1>, <146,9,1>, <148,9,2>, <149,9,1>, <151,9,1>, <152,9,2>, <153,9,1>, <157,9,3>, <158,9,1>, <159,9,2>, <160,9,2>, <161,9,1>, <162,9,1>, <163,9,2>, <164,9,3>, <165,9,3>, <167,9,3>, <168,9,4>, <169,9,1>, <173,9,1>, <176,9,1>, <177,9,1>, <178,9,1>, <179,9,1>, <181,9,2>, <182,9,1>, <183,9,2>, <184,9,1>, <185,9,1>, <186,9,2>, <188,9,1>, <189,9,1>, <190,9,1>, <191,9,6>, <192,9,1>, <195,9,1>, <196,9,1>, <197,9,1>, <198,9,1>, <200,9,2>, <201,9,1>, <202,9,1>, <204,9,1>, <207,9,1>, <209,9,2>, <210,9,3>, <212,9,1>, <216,9,1>, <218,9,2>, <221,9,1>, <223,9,1>, <225,9,2>, <228,9,1>, <229,9,1>, <232,9,1>, <233,9,1>, <235,9,2>, <236,9,1>, <237,9,1>, <239,9,1>, <243,9,1>, <244,9,2>, <246,9,2>, <247,9,1>, <251,9,1>, <253,9,1>, <254,9,1>, <256,9,1>, <257,9,1>, <258,9,2>, <267,9,2>, <269,9,1>, <270,9,2>, <271,9,1>, <273,9,1>, <274,9,1>, <275,9,1>, <276,9,1>, <277,9,1>, <279,9,1>, <281,9,1>, <285,9,1>, <288,9,1>, <290,9,1>, <301,9,1>, <302,9,1>, <304,9,1>, <308,9,2>, <312,9,1>, <315,9,1>, <317,9,2>, <328,9,1>, <336,9,1>, <338,9,1>, <345,9,1>, <350,9,1>, <351,9,1>, <352,9,2>, <353,9,1>, <354,9,2>, <356,9,1>, <360,9,1>, <365,9,2>, <368,9,1>, <370,9,2>, <372,9,1>, <376,9,1>, <380,9,1>, <381,9,1>, <384,9,1>, <391,9,1>, <393,9,1>, <399,9,1>, <404,9,1>, <410,9,1>, <412,9,1>, <423,9,1>, <425,9,1>, <427,9,1>, <428,9,1>, <434,9,1>, <435,9,1>, <437,9,1>, <438,9,1>, <450,9,1>, <452,9,1>, <455,9,1>, <462,9,1>, <465,9,2>, <481,9,1>, <488,9,1>, <489,9,1>, <491,9,1>, <496,9,1>, <498,9,1>, <504,9,1>, <507,9,1>, <508,9,1>, <530,9,1>, <541,9,1>, <544,9,1>, <551,9,2>, <559,9,1>, <564,9,1>, <566,9,2>, <570,9,1>, <575,9,1>, <576,9,1>, <583,9,1>, <591,9,1>, <595,9,1>, <597,9,1>, <606,9,1>, <608,9,1>, <618,9,1>, <623,9,1>, <645,9,1>, <650,9,1>, <652,9,1>, <671,9,1>, <684,9,1>, <687,9,1>, <688,9,1>, <691,9,2>, <696,9,1>, <700,9,1>, <701,9,1>, <712,9,1>, <724,9,1>, <727,9,1>, <729,9,1>, <732,9,1>, <741,9,1>, <762,9,1>, <763,9,1>, <765,9,1>, <786,9,1>, <787,9,1>, <790,9,1>, <792,9,1>, <817,9,1>, <829,9,1>, <862,9,1>, <884,9,2>, <885,9,1>, <891,9,1>, <911,9,1>, <934,9,1>, <944,9,1>, <960,9,1>, <989,9,1>, <1,10,1>, <2,10,27>, <3,10,17>, <4,10,30>, <5,10,3>, <6,10,27>, <7,10,1>, <8,10,40>, <10,10,6>, <11,10,1>, <12,10,19>, <13,10,17>, <14,10,6>, <15,10,11>, <16,10,1>, <18,10,28>, <19,10,4>, <20,10,5>, <21,10,9>, <22,10,2>, <23,10,15>, <24,10,7>, <25,10,2>, <26,10,1>, <27,10,17>, <28,10,1>, <29,10,2>, <30,10,3>, <31,10,13>, <32,10,8>, <33,10,6>, <34,10,8>, <35,10,4>, <37,10,1>, <38,10,5>, <39,10,2>, <40,10,6>, <41,10,5>, <43,10,1>, <44,10,3>, <45,10,4>, <46,10,2>, <47,10,2>, <49,10,5>, <50,10,3>, <51,10,7>, <52,10,5>, <53,10,1>, <54,10,6>, <55,10,4>, <56,10,3>, <57,10,1>, <58,10,1>, <59,10,1>, <60,10,12>, <61,10,7>, <62,10,2>, <63,10,6>, <64,10,3>, <65,10,10>, <66,10,2>, <67,10,5>, <68,10,2>, <69,10,5>, <70,10,1>, <71,10,3>, <72,10,1>, <73,10,1>, <74,10,3>, <75,10,3>, <78,10,2>, <79,10,2>, <80,10,1>, <81,10,4>, <82,10,1>, <83,10,2>, <84,10,3>, <85,10,1>, <86,10,5>, <87,10,1>, <88,10,1>, <93,10,4>, <96,10,3>, <97,10,4>, <98,10,2>, <99,10,2>, <101,10,5>, <103,10,3>, <104,10,2>, <106,10,4>, <107,10,1>, <109,10,1>, <110,10,4>, <111,10,3>, <112,10,1>, <114,10,1>, <115,10,1>, <116,10,1>, <117,10,1>, <120,10,1>, <123,10,1>, <124,10,1>, <125,10,3>, <128,10,1>, <129,10,3>, <130,10,1>, <133,10,2>, <134,10,3>, <135,10,1>, <137,10,1>, <139,10,1>, <140,10,1>, <141,10,1>, <142,10,1>, <143,10,1>, <144,10,2>, <145,10,1>, <147,10,4>, <148,10,1>, <150,10,2>, <151,10,2>, <153,10,2>, <156,10,2>, <157,10,2>, <159,10,3>, <160,10,1>, <161,10,2>, <162,10,1>, <163,10,2>, <164,10,1>, <165,10,1>, <166,10,1>, <167,10,1>, <170,10,1>, <172,10,2>, <175,10,1>, <176,10,7>, <177,10,1>, <179,10,2>, <182,10,3>, <184,10,1>, <185,10,1>, <187,10,1>, <188,10,1>, <189,10,1>, <190,10,2>, <194,10,1>, <195,10,2>, <196,10,2>, <197,10,1>, <199,10,1>, <201,10,2>, <203,10,1>, <204,10,3>, <206,10,1>, <207,10,1>, <208,10,1>, <210,10,2>, <212,10,1>, <215,10,2>, <217,10,1>, <221,10,1>, <222,10,1>, <223,10,4>, <224,10,1>, <225,10,2>, <227,10,2>, <228,10,1>, <233,10,1>, <234,10,1>, <235,10,2>, <236,10,1>, <237,10,1>, <239,10,3>, <241,10,3>, <244,10,1>, <247,10,2>, <249,10,1>, <256,10,2>, <257,10,1>, <258,10,1>, <260,10,4>, <262,10,1>, <263,10,2>, <268,10,1>, <270,10,1>, <275,10,1>, <286,10,2>, <287,10,1>, <291,10,1>, <292,10,1>, <293,10,1>, <298,10,1>, <300,10,1>, <301,10,1>, <302,10,1>, <303,10,1>, <304,10,1>, <308,10,2>, <314,10,1>, <316,10,1>, <318,10,1>, <319,10,1>, <320,10,1>, <321,10,1>, <323,10,1>, <324,10,1>, <326,10,2>, <327,10,1>, <328,10,1>, <336,10,1>, <337,10,1>, <340,10,1>, <342,10,1>, <343,10,1>, <348,10,1>, <350,10,1>, <353,10,1>, <355,10,1>, <356,10,1>, <358,10,1>, <361,10,2>, <362,10,1>, <363,10,2>, <364,10,1>, <368,10,1>, <371,10,1>, <379,10,1>, <386,10,1>, <388,10,1>, <392,10,1>, <397,10,2>, <401,10,1>, <406,10,1>, <411,10,1>, <414,10,1>, <416,10,1>, <417,10,1>, <419,10,1>, <422,10,2>, <423,10,1>, <427,10,1>, <431,10,1>, <438,10,1>, <446,10,1>, <452,10,1>, <454,10,1>, <458,10,2>, <460,10,2>, <461,10,1>, <464,10,1>, <466,10,2>, <471,10,1>, <473,10,2>, <480,10,1>, <482,10,1>, <485,10,1>, <488,10,1>, <489,10,1>, <494,10,1>, <502,10,1>, <512,10,2>, <517,10,2>, <518,10,1>, <536,10,1>, <544,10,2>, <548,10,1>, <556,10,1>, <557,10,1>, <564,10,1>, <565,10,1>, <577,10,1>, <592,10,1>, <595,10,1>, <602,10,1>, <604,10,1>, <631,10,1>, <648,10,1>, <655,10,1>, <680,10,1>, <687,10,1>, <689,10,1>, <692,10,1>, <698,10,1>, <708,10,1>, <720,10,1>, <724,10,2>, <735,10,1>, <740,10,1>, <749,10,1>, <759,10,1>, <788,10,1>, <791,10,1>, <794,10,1>, <809,10,1>, <810,10,1>, <832,10,1>, <835,10,1>, <839,10,1>, <855,10,1>, <866,10,1>, <868,10,1>, <875,10,1>, <884,10,1>, <885,10,1>, <898,10,1>, <913,10,1>, <914,10,2>, <920,10,1>, <930,10,1>, <934,10,1>, <954,10,1>, <988,10,1>, <1,1,399>, <2,1,55>, <3,1,48>, <4,1,8>, <5,1,88>, <6,1,28>, <7,1,23>, <8,1,8>, <9,1,8>, <10,1,22>, <11,1,42>, <12,1,9>, <13,1,3>, <15,1,2>, <16,1,19>, <17,1,1>, <18,1,2>, <19,1,3>, <20,1,1>, <21,1,2>, <23,1,8>, <24,1,3>, <25,1,24>, <26,1,8>, <27,1,2>, <28,1,12>, <29,1,1>, <30,1,17>, <31,1,2>, <32,1,21>, <33,1,6>, <34,1,2>, <35,1,7>, <36,1,3>, <37,1,1>, <38,1,2>, <39,1,2>, <40,1,1>, <41,1,9>, <43,1,1>, <45,1,2>, <46,1,5>, <47,1,2>, <48,1,1>, <49,1,6>, <50,1,16>, <51,1,4>, <52,1,1>, <53,1,3>, <54,1,4>, <55,1,4>, <56,1,3>, <57,1,1>, <58,1,1>, <59,1,5>, <60,1,4>, <61,1,2>, <62,1,2>, <63,1,1>, <64,1,1>, <65,1,3>, <66,1,5>, <67,1,4>, <68,1,5>, <69,1,4>, <71,1,2>, <72,1,6>, <74,1,5>, <75,1,1>, <76,1,1>, <77,1,1>, <79,1,1>, <80,1,3>, <81,1,2>, <82,1,2>, <83,1,1>, <84,1,3>, <88,1,3>, <89,1,2>, <90,1,1>, <92,1,1>, <93,1,3>, <94,1,1>, <95,1,5>, <96,1,1>, <97,1,1>, <98,1,1>, <99,1,2>, <100,1,4>, <103,1,1>, <104,1,1>, <105,1,1>, <107,1,5>, <108,1,2>, <109,1,1>, <110,1,6>, <111,1,7>, <112,1,3>, <114,1,7>, <115,1,2>, <116,1,4>, <117,1,3>, <118,1,1>, <120,1,1>, <121,1,4>, <122,1,1>, <123,1,1>, <124,1,1>, <125,1,1>, <126,1,2>, <128,1,1>, <130,1,3>, <131,1,1>, <133,1,1>, <134,1,1>, <137,1,1>, <138,1,2>, <141,1,1>, <143,1,1>, <146,1,1>, <148,1,2>, <149,1,2>, <150,1,1>, <151,1,2>, <152,1,1>, <153,1,1>, <154,1,2>, <156,1,1>, <157,1,1>, <158,1,1>, <159,1,3>, <160,1,1>, <161,1,2>, <167,1,1>, <168,1,1>, <170,1,2>, <171,1,1>, <172,1,1>, <173,1,3>, <174,1,2>, <175,1,1>, <176,1,2>, <177,1,1>, <179,1,1>, <183,1,1>, <184,1,2>, <185,1,2>, <186,1,1>, <189,1,4>, <194,1,3>, <197,1,2>, <198,1,2>, <199,1,3>, <200,1,1>, <203,1,1>, <205,1,1>, <207,1,1>, <210,1,3>, <211,1,1>, <214,1,1>, <215,1,2>, <219,1,1>, <220,1,2>, <221,1,1>, <222,1,1>, <223,1,2>, <224,1,1>, <226,1,1>, <228,1,1>, <230,1,1>, <232,1,1>, <235,1,1>, <236,1,1>, <237,1,3>, <239,1,1>, <240,1,1>, <243,1,1>, <246,1,1>, <247,1,1>, <252,1,1>, <253,1,1>, <258,1,2>, <260,1,1>, <265,1,1>, <266,1,1>, <268,1,2>, <269,1,1>, <270,1,1>, <273,1,1>, <274,1,1>, <277,1,1>, <279,1,1>, <284,1,1>, <288,1,1>, <289,1,2>, <294,1,1>, <295,1,1>, <297,1,1>, <299,1,2>, <300,1,1>, <304,1,1>, <305,1,1>, <307,1,1>, <308,1,1>, <312,1,2>, <318,1,1>, <319,1,1>, <321,1,1>, <324,1,1>, <327,1,1>, <329,1,1>, <335,1,1>, <340,1,1>, <341,1,2>, <343,1,1>, <345,1,1>, <350,1,1>, <352,1,1>, <363,1,1>, <366,1,1>, <368,1,1>, <369,1,1>, <380,1,1>, <382,1,1>, <388,1,1>, <393,1,1>, <395,1,1>, <399,1,2>, <400,1,1>, <402,1,1>, <406,1,1>, <410,1,1>, <415,1,1>, <417,1,2>, <421,1,1>, <422,1,1>, <425,1,1>, <427,1,1>, <428,1,1>, <429,1,1>, <435,1,1>, <437,1,1>, <449,1,1>, <450,1,1>, <451,1,1>, <457,1,1>, <464,1,1>, <466,1,2>, <473,1,1>, <480,1,1>, <483,1,1>, <485,1,2>, <486,1,1>, <490,1,2>, <493,1,1>, <495,1,1>, <497,1,1>, <498,1,1>, <505,1,1>, <507,1,1>, <510,1,1>, <511,1,1>, <513,1,1>, <515,1,1>, <520,1,1>, <521,1,1>, <527,1,1>, <533,1,1>, <538,1,1>, <541,1,1>, <547,1,1>, <555,1,1>, <572,1,1>, <576,1,1>, <577,1,1>, <581,1,1>, <588,1,2>, <603,1,1>, <615,1,1>, <651,1,1>, <654,1,2>, <661,1,1>, <663,1,1>, <665,1,1>, <666,1,1>, <675,1,1>, <679,1,1>, <692,1,1>, <698,1,1>, <700,1,2>, <704,1,1>, <714,1,1>, <716,1,1>, <720,1,1>, <725,1,1>, <726,1,1>, <727,1,1>, <743,1,1>, <744,1,1>, <760,1,1>, <763,1,1>, <769,1,1>, <776,1,1>, <780,1,1>, <782,1,1>, <786,1,1>, <787,1,1>, <788,1,1>, <794,1,2>, <826,1,1>, <839,1,1>, <871,1,1>, <877,1,1>, <884,1,1>, <886,1,1>, <906,1,1>, <914,1,1>, <930,1,1>, <943,1,1>, <944,1,1>, <962,1,1>, <968,1,1>, <990,1,1>, <1000,1,1>, <1,2,172>, <2,2,34>, <3,2,84>, <4,2,20>, <5,2,46>, <6,2,27>, <7,2,2>, <8,2,10>, <9,2,7>, <10,2,31>, <11,2,12>, <12,2,19>, <13,2,9>, <14,2,10>, <15,2,7>, <16,2,18>, <17,2,5>, <18,2,20>, <19,2,7>, <20,2,17>, <21,2,10>, <22,2,7>, <23,2,1>, <24,2,27>, <25,2,2>, <26,2,6>, <27,2,10>, <28,2,6>, <29,2,6>, <30,2,3>, <31,2,4>, <32,2,2>, <34,2,1>, <35,2,8>, <36,2,17>, <37,2,4>, <39,2,11>, <40,2,3>, <41,2,7>, <42,2,4>, <43,2,6>, <44,2,4>, <46,2,3>, <47,2,4>, <48,2,11>, <49,2,3>, <50,2,3>, <51,2,1>, <52,2,1>, <54,2,1>, <55,2,3>, <56,2,6>, <57,2,1>, <59,2,5>, <60,2,1>, <61,2,1>, <62,2,3>, <63,2,3>, <66,2,2>, <67,2,5>, <68,2,1>, <70,2,3>, <71,2,4>, <73,2,3>, <74,2,2>, <75,2,1>, <76,2,1>, <77,2,1>, <78,2,4>, <79,2,7>, <80,2,3>, <81,2,3>, <82,2,3>, <83,2,2>, <85,2,1>, <86,2,4>, <87,2,2>, <88,2,4>, <89,2,1>, <90,2,4>, <91,2,1>, <92,2,2>, <93,2,2>, <95,2,1>, <96,2,2>, <97,2,1>, <98,2,2>, <99,2,1>, <100,2,3>, <101,2,2>, <102,2,5>, <105,2,2>, <109,2,1>, <111,2,3>, <113,2,1>, <114,2,2>, <115,2,1>, <117,2,2>, <118,2,1>, <121,2,1>, <124,2,1>, <126,2,2>, <128,2,2>, <129,2,1>, <131,2,1>, <132,2,1>, <133,2,1>, <135,2,5>, <136,2,1>, <137,2,3>, <139,2,1>, <141,2,1>, <143,2,1>, <144,2,2>, <146,2,1>, <148,2,1>, <149,2,4>, <150,2,1>, <151,2,3>, <152,2,1>, <154,2,1>, <156,2,1>, <158,2,1>, <159,2,3>, <160,2,3>, <161,2,3>, <162,2,1>, <163,2,1>, <164,2,1>, <165,2,2>, <167,2,1>, <168,2,1>, <169,2,1>, <170,2,1>, <173,2,1>, <174,2,1>, <175,2,1>, <176,2,1>, <181,2,1>, <182,2,1>, <184,2,1>, <185,2,1>, <187,2,1>, <189,2,1>, <190,2,3>, <192,2,1>, <198,2,1>, <200,2,1>, <203,2,3>, <204,2,1>, <205,2,1>, <206,2,1>, <212,2,1>, <213,2,2>, <215,2,2>, <216,2,1>, <217,2,3>, <219,2,1>, <225,2,2>, <227,2,1>, <228,2,1>, <229,2,4>, <231,2,1>, <234,2,1>, <236,2,2>, <237,2,2>, <238,2,1>, <239,2,1>, <240,2,1>, <246,2,2>, <247,2,2>, <249,2,1>, <250,2,1>, <253,2,1>, <257,2,1>, <258,2,1>, <259,2,1>, <260,2,1>, <265,2,1>, <269,2,1>, <270,2,1>, <272,2,1>, <274,2,4>, <275,2,1>, <281,2,3>, <282,2,1>, <284,2,1>, <285,2,2>, <286,2,1>, <289,2,1>, <290,2,2>, <292,2,1>, <293,2,1>, <294,2,2>, <296,2,1>, <298,2,1>, <299,2,1>, <302,2,1>, <305,2,1>, <306,2,1>, <308,2,1>, <315,2,1>, <317,2,1>, <320,2,1>, <326,2,1>, <328,2,2>, <329,2,2>, <335,2,1>, <339,2,1>, <340,2,2>, <342,2,1>, <344,2,1>, <350,2,1>, <352,2,1>, <353,2,1>, <356,2,1>, <357,2,1>, <360,2,1>, <364,2,1>, <365,2,1>, <368,2,1>, <371,2,1>, <372,2,1>, <377,2,1>, <379,2,1>, <381,2,1>, <384,2,1>, <389,2,2>, <390,2,1>, <391,2,1>, <392,2,1>, <393,2,2>, <394,2,2>, <395,2,1>, <398,2,1>, <399,2,1>, <406,2,2>, <417,2,1>, <420,2,1>, <421,2,1>, <422,2,2>, <427,2,1>, <429,2,1>, <430,2,1>, <432,2,1>, <434,2,1>, <440,2,1>, <443,2,1>, <444,2,1>, <450,2,1>, <451,2,2>, <455,2,1>, <459,2,1>, <461,2,1>, <465,2,1>, <466,2,1>, <468,2,1>, <469,2,1>, <473,2,1>, <476,2,1>, <482,2,1>, <483,2,1>, <485,2,1>, <488,2,1>, <489,2,1>, <493,2,1>, <501,2,1>, <515,2,1>, <523,2,1>, <535,2,1>, <538,2,1>, <543,2,1>, <547,2,1>, <548,2,1>, <559,2,1>, <568,2,1>, <569,2,1>, <572,2,1>, <576,2,1>, <580,2,1>, <582,2,1>, <583,2,1>, <591,2,2>, <608,2,1>, <616,2,1>, <626,2,1>, <631,2,1>, <633,2,1>, <651,2,1>, <654,2,1>, <659,2,1>, <684,2,1>, <685,2,1>, <706,2,1>, <718,2,1>, <719,2,1>, <725,2,1>, <752,2,1>, <759,2,1>, <761,2,1>, <765,2,1>, <786,2,1>, <794,2,1>, <795,2,1>, <797,2,1>, <803,2,1>, <805,2,1>, <810,2,1>, <817,2,1>, <827,2,1>, <839,2,1>, <843,2,1>, <851,2,1>, <855,2,1>, <858,2,1>, <871,2,1>, <882,2,1>, <884,2,1>, <890,2,1>, <914,2,1>, <924,2,1>, <954,2,1>, <971,2,1>, <974,2,1>, <977,2,1>, <983,2,1>, <991,2,1>, <992,2,1>, <1,7,169>, <2,7,29>, <3,7,23>, <4,7,74>, <5,7,6>, <6,7,1>, <7,7,40>, <8,7,18>, <9,7,14>, <10,7,3>, <11,7,4>, <12,7,17>, <13,7,3>, <14,7,26>, <15,7,3>, <16,7,8>, <17,7,16>, <18,7,3>, <19,7,12>, <20,7,9>, <21,7,7>, <22,7,25>, <23,7,9>, <24,7,3>, <25,7,23>, <26,7,10>, <27,7,4>, <28,7,9>, <30,7,3>, <31,7,11>, <32,7,1>, <33,7,2>, <35,7,4>, <36,7,1>, <37,7,6>, <38,7,11>, <40,7,6>, <41,7,1>, <42,7,4>, <43,7,2>, <44,7,2>, <45,7,2>, <47,7,5>, <48,7,10>, <50,7,4>, <51,7,3>, <52,7,4>, <53,7,10>, <54,7,9>, <56,7,2>, <57,7,8>, <58,7,5>, <60,7,11>, <61,7,1>, <62,7,4>, <63,7,6>, <64,7,2>, <65,7,7>, <67,7,3>, <68,7,1>, <69,7,1>, <70,7,5>, <71,7,1>, <72,7,2>, <73,7,4>, <74,7,1>, <75,7,3>, <77,7,2>, <78,7,8>, <80,7,4>, <81,7,3>, <82,7,1>, <84,7,1>, <85,7,5>, <86,7,1>, <88,7,6>, <91,7,2>, <92,7,3>, <93,7,1>, <94,7,1>, <95,7,2>, <96,7,3>, <97,7,1>, <98,7,2>, <99,7,1>, <100,7,2>, <101,7,1>, <102,7,2>, <103,7,1>, <104,7,1>, <105,7,2>, <106,7,3>, <110,7,1>, <111,7,1>, <112,7,2>, <113,7,2>, <114,7,2>, <117,7,5>, <118,7,1>, <119,7,4>, <120,7,1>, <121,7,2>, <122,7,4>, <123,7,5>, <124,7,1>, <125,7,1>, <127,7,1>, <130,7,2>, <133,7,1>, <134,7,1>, <136,7,2>, <137,7,3>, <138,7,2>, <139,7,4>, <140,7,2>, <142,7,1>, <144,7,1>, <150,7,1>, <151,7,3>, <153,7,3>, <154,7,2>, <155,7,1>, <156,7,1>, <157,7,1>, <158,7,2>, <159,7,2>, <160,7,3>, <162,7,1>, <163,7,1>, <164,7,1>, <165,7,2>, <169,7,1>, <171,7,1>, <173,7,4>, <175,7,1>, <179,7,3>, <183,7,1>, <184,7,2>, <188,7,1>, <189,7,1>, <190,7,1>, <192,7,1>, <194,7,1>, <196,7,1>, <197,7,1>, <198,7,1>, <199,7,1>, <200,7,1>, <202,7,1>, <204,7,2>, <206,7,1>, <209,7,1>, <211,7,1>, <217,7,1>, <218,7,1>, <220,7,1>, <221,7,1>, <222,7,1>, <223,7,1>, <226,7,3>, <229,7,1>, <230,7,2>, <231,7,1>, <232,7,5>, <233,7,4>, <235,7,1>, <237,7,1>, <238,7,1>, <239,7,1>, <242,7,1>, <244,7,1>, <245,7,1>, <246,7,2>, <247,7,1>, <248,7,1>, <249,7,1>, <250,7,4>, <253,7,1>, <256,7,1>, <261,7,2>, <265,7,1>, <267,7,1>, <268,7,2>, <269,7,3>, <279,7,2>, <280,7,2>, <281,7,1>, <284,7,1>, <287,7,1>, <288,7,2>, <289,7,1>, <293,7,1>, <294,7,1>, <295,7,1>, <297,7,1>, <300,7,1>, <310,7,1>, <317,7,1>, <323,7,1>, <330,7,1>, <335,7,3>, <337,7,1>, <339,7,1>, <349,7,2>, <352,7,1>, <353,7,1>, <354,7,1>, <355,7,1>, <357,7,1>, <358,7,1>, <362,7,1>, <376,7,1>, <380,7,1>, <384,7,1>, <388,7,1>, <389,7,1>, <392,7,1>, <393,7,1>, <400,7,1>, <406,7,1>, <407,7,1>, <409,7,1>, <410,7,1>, <411,7,1>, <414,7,1>, <419,7,1>, <433,7,1>, <438,7,1>, <439,7,1>, <440,7,2>, <444,7,1>, <445,7,1>, <451,7,1>, <454,7,1>, <455,7,1>, <457,7,1>, <460,7,1>, <465,7,2>, <473,7,1>, <479,7,1>, <482,7,1>, <490,7,1>, <497,7,1>, <505,7,1>, <512,7,1>, <513,7,1>, <523,7,1>, <531,7,1>, <544,7,1>, <545,7,1>, <553,7,1>, <558,7,1>, <561,7,1>, <564,7,1>, <566,7,1>, <575,7,1>, <576,7,1>, <578,7,1>, <588,7,2>, <645,7,1>, <659,7,1>, <660,7,1>, <666,7,1>, <685,7,1>, <688,7,1>, <689,7,1>, <692,7,1>, <698,7,1>, <720,7,1>, <726,7,1>, <732,7,1>, <735,7,1>, <737,7,1>, <743,7,1>, <754,7,1>, <760,7,1>, <766,7,1>, <787,7,2>, <804,7,1>, <816,7,2>, <817,7,1>, <860,7,1>, <869,7,1>, <883,7,1>, <899,7,1>, <907,7,1>, <913,7,1>, <933,7,1>, <938,7,1>, <973,7,1>, <976,7,1>, <1,5,151>, <2,5,229>, <3,5,1>, <4,5,40>, <5,5,21>, <6,5,48>, <7,5,41>, <8,5,6>, <9,5,16>, <10,5,9>, <11,5,8>, <12,5,1>, <13,5,38>, <14,5,5>, <15,5,4>, <16,5,7>, <17,5,7>, <18,5,7>, <19,5,12>, <21,5,11>, <23,5,4>, <24,5,7>, <25,5,3>, <26,5,1>, <27,5,7>, <28,5,7>, <29,5,7>, <30,5,4>, <31,5,1>, <32,5,1>, <33,5,3>, <34,5,7>, <35,5,2>, <36,5,2>, <37,5,1>, <38,5,9>, <39,5,1>, <40,5,11>, <41,5,11>, <42,5,7>, <43,5,12>, <44,5,5>, <45,5,1>, <46,5,3>, <48,5,9>, <49,5,5>, <52,5,3>, <53,5,1>, <54,5,2>, <55,5,6>, <57,5,1>, <59,5,2>, <61,5,12>, <62,5,2>, <63,5,6>, <64,5,12>, <65,5,2>, <66,5,5>, <68,5,3>, <69,5,1>, <70,5,1>, <71,5,2>, <72,5,1>, <73,5,1>, <74,5,1>, <75,5,3>, <76,5,5>, <77,5,4>, <78,5,2>, <79,5,2>, <80,5,7>, <82,5,2>, <83,5,3>, <85,5,3>, <86,5,2>, <87,5,3>, <88,5,2>, <89,5,2>, <91,5,2>, <92,5,2>, <94,5,2>, <95,5,2>, <97,5,1>, <98,5,1>, <99,5,9>, <102,5,1>, <103,5,1>, <104,5,2>, <106,5,2>, <107,5,3>, <109,5,7>, <111,5,1>, <112,5,3>, <113,5,3>, <114,5,2>, <117,5,1>, <118,5,1>, <119,5,4>, <120,5,1>, <122,5,3>, <123,5,1>, <125,5,1>, <126,5,2>, <127,5,3>, <128,5,4>, <130,5,3>, <132,5,2>, <133,5,1>, <134,5,1>, <135,5,2>, <137,5,1>, <139,5,1>, <141,5,1>, <144,5,1>, <145,5,2>, <147,5,1>, <148,5,1>, <149,5,1>, <150,5,2>, <151,5,2>, <152,5,3>, <155,5,1>, <156,5,1>, <158,5,1>, <159,5,1>, <160,5,3>, <164,5,2>, <166,5,4>, <169,5,2>, <170,5,1>, <173,5,1>, <174,5,1>, <176,5,1>, <177,5,1>, <179,5,2>, <182,5,3>, <183,5,1>, <184,5,1>, <186,5,1>, <187,5,1>, <188,5,1>, <189,5,3>, <191,5,2>, <192,5,1>, <193,5,1>, <194,5,2>, <196,5,2>, <199,5,2>, <200,5,1>, <202,5,1>, <204,5,1>, <207,5,1>, <209,5,3>, <210,5,1>, <211,5,1>, <213,5,1>, <216,5,2>, <217,5,1>, <220,5,2>, <221,5,2>, <223,5,2>, <225,5,1>, <226,5,1>, <227,5,1>, <228,5,1>, <229,5,1>, <230,5,1>, <232,5,1>, <233,5,2>, <234,5,1>, <235,5,1>, <237,5,1>, <238,5,1>, <242,5,1>, <244,5,1>, <247,5,1>, <248,5,1>, <249,5,1>, <250,5,2>, <251,5,3>, <252,5,1>, <254,5,1>, <255,5,2>, <257,5,1>, <258,5,1>, <260,5,1>, <261,5,1>, <262,5,1>, <263,5,1>, <265,5,1>, <267,5,1>, <269,5,1>, <270,5,1>, <272,5,1>, <276,5,1>, <279,5,1>, <280,5,1>, <281,5,2>, <282,5,1>, <284,5,1>, <289,5,1>, <290,5,1>, <291,5,1>, <293,5,1>, <297,5,2>, <301,5,1>, <303,5,1>, <310,5,1>, <311,5,2>, <312,5,1>, <319,5,1>, <322,5,2>, <324,5,1>, <330,5,1>, <331,5,2>, <332,5,1>, <335,5,3>, <341,5,2>, <349,5,1>, <352,5,1>, <355,5,1>, <356,5,1>, <357,5,2>, <362,5,1>, <364,5,1>, <371,5,1>, <372,5,1>, <378,5,1>, <384,5,1>, <388,5,1>, <389,5,1>, <392,5,2>, <394,5,1>, <397,5,1>, <399,5,1>, <406,5,1>, <407,5,1>, <409,5,1>, <414,5,2>, <415,5,2>, <417,5,2>, <419,5,1>, <420,5,1>, <421,5,1>, <426,5,1>, <430,5,1>, <431,5,1>, <434,5,1>, <444,5,1>, <447,5,1>, <452,5,1>, <454,5,1>, <457,5,1>, <458,5,1>, <459,5,1>, <460,5,1>, <466,5,1>, <470,5,1>, <482,5,1>, <486,5,1>, <491,5,1>, <493,5,1>, <499,5,1>, <502,5,1>, <521,5,2>, <523,5,1>, <525,5,1>, <531,5,1>, <533,5,1>, <535,5,1>, <540,5,1>, <541,5,1>, <544,5,1>, <550,5,1>, <554,5,1>, <557,5,1>, <570,5,1>, <572,5,1>, <575,5,1>, <591,5,2>, <592,5,1>, <600,5,2>, <612,5,1>, <615,5,1>, <617,5,1>, <645,5,1>, <675,5,1>, <680,5,1>, <685,5,1>, <686,5,1>, <691,5,1>, <698,5,1>, <716,5,1>, <718,5,1>, <721,5,1>, <726,5,1>, <735,5,2>, <738,5,1>, <753,5,1>, <756,5,1>, <777,5,1>, <795,5,1>, <803,5,1>, <804,5,1>, <810,5,1>, <822,5,1>, <824,5,1>, <835,5,1>, <852,5,1>, <882,5,1>, <887,5,1>, <905,5,1>, <909,5,1>, <919,5,1>, <920,5,1>, <928,5,1>, <931,5,1>, <965,5,1>, <976,5,1>, <977,5,1>, <1,3,54>, <2,3,93>, <3,3,62>, <4,3,66>, <5,3,2>, <6,3,5>, <7,3,7>, <8,3,24>, <9,3,23>, <10,3,13>, <11,3,14>, <12,3,7>, <13,3,32>, <14,3,14>, <16,3,6>, <17,3,1>, <18,3,15>, <19,3,21>, <20,3,1>, <21,3,6>, <22,3,7>, <23,3,2>, <24,3,7>, <25,3,8>, <26,3,3>, <27,3,10>, <28,3,2>, <29,3,4>, <30,3,1>, <31,3,5>, <32,3,8>, <33,3,4>, <34,3,1>, <35,3,1>, <36,3,5>, <37,3,6>, <38,3,8>, <39,3,1>, <40,3,4>, <41,3,5>, <42,3,1>, <43,3,1>, <44,3,8>, <45,3,8>, <46,3,1>, <47,3,3>, <48,3,2>, <49,3,6>, <50,3,1>, <51,3,1>, <53,3,1>, <54,3,2>, <55,3,2>, <56,3,1>, <57,3,2>, <59,3,3>, <60,3,2>, <61,3,5>, <65,3,3>, <67,3,2>, <69,3,1>, <70,3,6>, <71,3,1>, <72,3,5>, <73,3,1>, <75,3,6>, <76,3,2>, <77,3,6>, <78,3,2>, <79,3,1>, <80,3,1>, <81,3,4>, <82,3,1>, <83,3,2>, <84,3,3>, <85,3,1>, <86,3,2>, <88,3,1>, <89,3,1>, <92,3,3>, <94,3,3>, <96,3,2>, <97,3,2>, <99,3,1>, <101,3,1>, <102,3,1>, <103,3,2>, <105,3,1>, <106,3,1>, <107,3,2>, <109,3,1>, <111,3,1>, <112,3,2>, <114,3,1>, <115,3,1>, <116,3,2>, <117,3,1>, <118,3,1>, <119,3,1>, <121,3,1>, <123,3,2>, <124,3,1>, <125,3,3>, <126,3,7>, <127,3,2>, <128,3,1>, <129,3,1>, <130,3,1>, <131,3,1>, <134,3,3>, <135,3,3>, <138,3,2>, <139,3,1>, <140,3,1>, <142,3,1>, <143,3,1>, <144,3,3>, <146,3,1>, <147,3,1>, <148,3,1>, <150,3,2>, <151,3,5>, <152,3,1>, <153,3,3>, <156,3,2>, <157,3,2>, <161,3,1>, <162,3,2>, <164,3,1>, <165,3,2>, <166,3,1>, <168,3,1>, <169,3,1>, <172,3,2>, <179,3,2>, <181,3,2>, <186,3,3>, <189,3,1>, <190,3,1>, <191,3,1>, <192,3,2>, <193,3,1>, <194,3,1>, <195,3,1>, <197,3,3>, <198,3,1>, <200,3,1>, <202,3,2>, <203,3,1>, <206,3,1>, <207,3,1>, <209,3,1>, <211,3,1>, <212,3,1>, <213,3,1>, <217,3,1>, <221,3,2>, <226,3,1>, <227,3,1>, <228,3,1>, <229,3,1>, <230,3,1>, <231,3,1>, <232,3,1>, <233,3,1>, <234,3,1>, <236,3,1>, <240,3,1>, <246,3,1>, <248,3,3>, <250,3,1>, <256,3,1>, <257,3,1>, <258,3,1>, <262,3,1>, <264,3,1>, <266,3,1>, <267,3,1>, <268,3,1>, <269,3,1>, <271,3,1>, <273,3,1>, <275,3,1>, <277,3,1>, <278,3,1>, <280,3,2>, <283,3,2>, <285,3,1>, <289,3,1>, <293,3,1>, <294,3,1>, <300,3,1>, <301,3,1>, <303,3,1>, <306,3,1>, <308,3,1>, <312,3,1>, <318,3,1>, <325,3,1>, <326,3,4>, <327,3,1>, <328,3,2>, <329,3,1>, <335,3,2>, <337,3,1>, <340,3,1>, <354,3,1>, <356,3,1>, <360,3,1>, <365,3,1>, <369,3,1>, <370,3,1>, <382,3,1>, <384,3,2>, <393,3,1>, <396,3,1>, <408,3,1>, <409,3,1>, <414,3,1>, <415,3,1>, <417,3,1>, <421,3,1>, <424,3,1>, <426,3,1>, <429,3,1>, <431,3,1>, <434,3,1>, <435,3,1>, <440,3,1>, <443,3,1>, <444,3,1>, <447,3,2>, <449,3,1>, <452,3,1>, <455,3,1>, <460,3,1>, <462,3,2>, <465,3,2>, <483,3,1>, <491,3,1>, <495,3,2>, <496,3,1>, <509,3,1>, <511,3,1>, <515,3,1>, <520,3,1>, <526,3,1>, <529,3,1>, <533,3,1>, <540,3,1>, <547,3,1>, <556,3,3>, <564,3,1>, <565,3,1>, <566,3,1>, <575,3,2>, <577,3,1>, <588,3,1>, <592,3,2>, <602,3,2>, <611,3,1>, <617,3,1>, <618,3,1>, <651,3,1>, <663,3,1>, <664,3,1>, <683,3,1>, <684,3,1>, <685,3,1>, <696,3,1>, <700,3,1>, <716,3,1>, <717,3,1>, <735,3,1>, <738,3,1>, <762,3,1>, <766,3,1>, <778,3,1>, <782,3,1>, <797,3,1>, <809,3,1>, <822,3,1>, <839,3,1>, <863,3,1>, <905,3,1>, <920,3,1>, <934,3,1>, <950,3,1>, <952,3,1>, <956,3,1>, <958,3,1>, <960,3,1>, <981,3,1>, <992,3,1> };

MaxCacheStorageAtSingleAS= [ 1312.5  1312.5  1312.5  1312.5  1312.5  1312.5  1312.5  1312.5  1312.5  1312.5 ] ;

MaxCacheStorage = 13125 ;
SolutionGap = 0.01 ;
