
ASes= { 1, 2, 3, 4, 5, 6, 7, 8, 9, 10 } ;


Objects= { 1, 2, 3, 4, 5, 6, 7, 8, 9, 10, 11, 12, 13, 14, 15, 16, 17, 18, 19, 20, 21, 22, 23, 24, 25, 26, 27, 28, 29, 30, 31, 32, 33, 34, 35, 36, 37, 38, 39, 40, 41, 42, 43, 44, 45, 46, 47, 48, 49, 50, 51, 52, 53, 54, 55, 56, 57, 58, 59, 60, 61, 62, 63, 64, 65, 66, 67, 68, 69, 70, 71, 72, 73, 74, 75, 76, 77, 78, 79, 80, 81, 82, 83, 84, 85, 86, 87, 88, 89, 90, 91, 92, 93, 94, 95, 96, 97, 98, 99, 100, 101, 102, 103, 104, 105, 106, 107, 108, 109, 110, 111, 112, 113, 114, 115, 116, 117, 118, 119, 120, 121, 122, 123, 124, 125, 126, 127, 128, 129, 130, 131, 132, 133, 134, 135, 136, 137, 138, 139, 140, 141, 142, 143, 144, 145, 146, 147, 148, 149, 150, 151, 152, 153, 154, 155, 156, 157, 158, 159, 160, 161, 162, 163, 164, 165, 166, 167, 168, 169, 170, 171, 172, 173, 174, 175, 176, 177, 178, 179, 180, 181, 182, 183, 184, 185, 186, 187, 188, 189, 190, 191, 192, 193, 194, 195, 196, 197, 198, 199, 200, 201, 202, 203, 204, 205, 206, 207, 208, 209, 210, 211, 212, 213, 214, 215, 216, 217, 218, 219, 220, 221, 222, 223, 224, 225, 226, 227, 228, 229, 230, 231, 232, 233, 234, 235, 236, 237, 238, 239, 240, 241, 242, 243, 244, 245, 246, 247, 248, 249, 250, 251, 252, 253, 254, 255, 256, 257, 258, 259, 260, 261, 262, 263, 264, 265, 266, 267, 268, 269, 270, 271, 272, 273, 274, 275, 276, 277, 278, 279, 280, 281, 282, 283, 284, 285, 286, 287, 288, 289, 290, 291, 292, 293, 294, 295, 296, 297, 298, 299, 300, 301, 302, 303, 304, 305, 306, 307, 308, 309, 310, 311, 312, 313, 314, 315, 316, 317, 318, 319, 320, 321, 322, 323, 324, 325, 326, 327, 328, 329, 330, 331, 332, 333, 334, 335, 336, 337, 338, 339, 340, 341, 342, 343, 344, 345, 346, 347, 348, 349, 350, 351, 352, 353, 354, 355, 356, 357, 358, 359, 360, 361, 362, 363, 364, 365, 366, 367, 368, 369, 370, 371, 372, 373, 374, 375, 376, 377, 378, 379, 380, 381, 382, 383, 384, 385, 386, 387, 388, 389, 390, 391, 392, 393, 394, 395, 396, 397, 398, 399, 400, 401, 402, 403, 404, 405, 406, 407, 408, 409, 410, 411, 412, 413, 414, 415, 416, 417, 418, 419, 420, 421, 422, 423, 424, 425, 426, 427, 428, 429, 430, 431, 432, 433, 434, 435, 436, 437, 438, 439, 440, 441, 442, 443, 444, 445, 446, 447, 448, 449, 450, 451, 452, 453, 454, 455, 456, 457, 458, 459, 460, 461, 462, 463, 464, 465, 466, 467, 468, 469, 470, 471, 472, 473, 474, 475, 476, 477, 478, 479, 480, 481, 482, 483, 484, 485, 486, 487, 488, 489, 490, 491, 492, 493, 494, 495, 496, 497, 498, 499, 500, 501, 502, 503, 504, 505, 506, 507, 508, 509, 510, 511, 512, 513, 514, 515, 516, 517, 518, 519, 520, 521, 522, 523, 524, 525, 526, 527, 528, 529, 530, 531, 532, 533, 534, 535, 536, 537, 538, 539, 540, 541, 542, 543, 544, 545, 546, 547, 548, 549, 550, 551, 552, 553, 554, 555, 556, 557, 558, 559, 560, 561, 562, 563, 564, 565, 566, 567, 568, 569, 570, 571, 572, 573, 574, 575, 576, 577, 578, 579, 580, 581, 582, 583, 584, 585, 586, 587, 588, 589, 590, 591, 592, 593, 594, 595, 596, 597, 598, 599, 600, 601, 602, 603, 604, 605, 606, 607, 608, 609, 610, 611, 612, 613, 614, 615, 616, 617, 618, 619, 620, 621, 622, 623, 624, 625, 626, 627, 628, 629, 630, 631, 632, 633, 634, 635, 636, 637, 638, 639, 640, 641, 642, 643, 644, 645, 646, 647, 648, 649, 650, 651, 652, 653, 654, 655, 656, 657, 658, 659, 660, 661, 662, 663, 664, 665, 666, 667, 668, 669, 670, 671, 672, 673, 674, 675, 676, 677, 678, 679, 680, 681, 682, 683, 684, 685, 686, 687, 688, 689, 690, 691, 692, 693, 694, 695, 696, 697, 698, 699, 700, 701, 702, 703, 704, 705, 706, 707, 708, 709, 710, 711, 712, 713, 714, 715, 716, 717, 718, 719, 720, 721, 722, 723, 724, 725, 726, 727, 728, 729, 730, 731, 732, 733, 734, 735, 736, 737, 738, 739, 740, 741, 742, 743, 744, 745, 746, 747, 748, 749, 750, 751, 752, 753, 754, 755, 756, 757, 758, 759, 760, 761, 762, 763, 764, 765, 766, 767, 768, 769, 770, 771, 772, 773, 774, 775, 776, 777, 778, 779, 780, 781, 782, 783, 784, 785, 786, 787, 788, 789, 790, 791, 792, 793, 794, 795, 796, 797, 798, 799, 800, 801, 802, 803, 804, 805, 806, 807, 808, 809, 810, 811, 812, 813, 814, 815, 816, 817, 818, 819, 820, 821, 822, 823, 824, 825, 826, 827, 828, 829, 830, 831, 832, 833, 834, 835, 836, 837, 838, 839, 840, 841, 842, 843, 844, 845, 846, 847, 848, 849, 850, 851, 852, 853, 854, 855, 856, 857, 858, 859, 860, 861, 862, 863, 864, 865, 866, 867, 868, 869, 870, 871, 872, 873, 874, 875, 876, 877, 878, 879, 880, 881, 882, 883, 884, 885, 886, 887, 888, 889, 890, 891, 892, 893, 894, 895, 896, 897, 898, 899, 900, 901, 902, 903, 904, 905, 906, 907, 908, 909, 910, 911, 912, 913, 914, 915, 916, 917, 918, 919, 920, 921, 922, 923, 924, 925, 926, 927, 928, 929, 930, 931, 932, 933, 934, 935, 936, 937, 938, 939, 940, 941, 942, 943, 944, 945, 946, 947, 948, 949, 950, 951, 952, 953, 954, 955, 956, 957, 958, 959, 960, 961, 962, 963, 964, 965, 966, 967, 968, 969, 970, 971, 972, 973, 974, 975, 976, 977, 978, 979, 980, 981, 982, 983, 984, 985, 986, 987, 988, 989, 990, 991, 992, 993, 994, 995, 996, 997, 998, 999, 1000 } ;


QualityLevels= { 0, 1, 2, 3, 4, 5 } ;

Arcs = { <1,2,490000>, <2,1,490000>,<1,3,490000>, <3,1,490000>,<2,4,490000>, <4,2,490000>,<2,5,490000>, <5,2,490000>,<1,6,490000>, <6,1,490000>,<6,7,490000>, <7,6,490000>,<7,8,490000>, <8,7,490000>,<1,9,490000>, <9,1,490000>,<7,10,490000>, <10,7,490000> }; 


RatePerQuality= [ 0  300  700  1500  2500  3500 ] ;


CacheSpacePerQuality= [ 10000  11.25  26.25  56.25  93.75  131.25 ] ;


UtilityPerQuality= [ 0  0.2  0.4  0.6  0.8  1 ] ;


ObjectsPublishedByProducers=[ [ 0  0  0  0  0  0  0  0  1  0 ]  [ 0  0  0  0  0  0  0  0  1  0 ]  [ 0  0  1  0  0  0  0  0  0  0 ]  [ 0  0  1  0  0  0  0  0  0  0 ]  [ 0  0  0  0  0  0  0  0  1  0 ]  [ 0  0  0  0  0  0  0  1  0  0 ]  [ 0  0  0  0  0  0  0  1  0  0 ]  [ 0  0  0  1  0  0  0  0  0  0 ]  [ 0  0  0  0  0  0  0  1  0  0 ]  [ 0  0  0  0  0  0  0  1  0  0 ]  [ 0  0  0  0  1  0  0  0  0  0 ]  [ 0  0  1  0  0  0  0  0  0  0 ]  [ 0  0  0  0  1  0  0  0  0  0 ]  [ 0  0  0  1  0  0  0  0  0  0 ]  [ 0  0  0  0  0  0  0  1  0  0 ]  [ 0  0  0  0  0  0  0  0  1  0 ]  [ 0  0  0  0  0  0  0  0  1  0 ]  [ 0  0  0  0  1  0  0  0  0  0 ]  [ 0  0  0  0  1  0  0  0  0  0 ]  [ 0  0  0  1  0  0  0  0  0  0 ]  [ 0  0  1  0  0  0  0  0  0  0 ]  [ 0  0  1  0  0  0  0  0  0  0 ]  [ 0  0  0  0  1  0  0  0  0  0 ]  [ 0  0  0  1  0  0  0  0  0  0 ]  [ 0  0  0  1  0  0  0  0  0  0 ]  [ 0  0  0  0  0  0  0  0  1  0 ]  [ 0  0  0  0  1  0  0  0  0  0 ]  [ 0  0  0  0  1  0  0  0  0  0 ]  [ 0  0  0  1  0  0  0  0  0  0 ]  [ 0  0  1  0  0  0  0  0  0  0 ]  [ 0  0  0  1  0  0  0  0  0  0 ]  [ 0  0  1  0  0  0  0  0  0  0 ]  [ 0  0  0  0  1  0  0  0  0  0 ]  [ 0  0  0  0  0  0  0  0  1  0 ]  [ 0  0  0  0  0  0  0  1  0  0 ]  [ 0  0  1  0  0  0  0  0  0  0 ]  [ 0  0  0  0  0  0  0  0  1  0 ]  [ 0  0  0  0  0  0  0  1  0  0 ]  [ 0  0  0  0  0  0  0  1  0  0 ]  [ 0  0  0  0  0  0  0  0  1  0 ]  [ 0  0  0  0  0  0  0  1  0  0 ]  [ 0  0  0  0  0  0  0  1  0  0 ]  [ 0  0  0  1  0  0  0  0  0  0 ]  [ 0  0  0  0  0  0  0  0  1  0 ]  [ 0  0  0  0  0  0  0  0  1  0 ]  [ 0  0  1  0  0  0  0  0  0  0 ]  [ 0  0  0  0  0  0  0  1  0  0 ]  [ 0  0  0  0  0  0  0  1  0  0 ]  [ 0  0  0  0  1  0  0  0  0  0 ]  [ 0  0  0  0  1  0  0  0  0  0 ]  [ 0  0  0  0  1  0  0  0  0  0 ]  [ 0  0  0  0  0  0  0  0  1  0 ]  [ 0  0  0  0  1  0  0  0  0  0 ]  [ 0  0  0  0  0  0  0  0  1  0 ]  [ 0  0  0  1  0  0  0  0  0  0 ]  [ 0  0  0  0  0  0  0  0  1  0 ]  [ 0  0  0  0  0  0  0  0  1  0 ]  [ 0  0  0  0  1  0  0  0  0  0 ]  [ 0  0  0  0  1  0  0  0  0  0 ]  [ 0  0  0  0  0  0  0  0  1  0 ]  [ 0  0  0  0  0  0  0  1  0  0 ]  [ 0  0  0  0  1  0  0  0  0  0 ]  [ 0  0  0  1  0  0  0  0  0  0 ]  [ 0  0  0  1  0  0  0  0  0  0 ]  [ 0  0  0  0  0  0  0  1  0  0 ]  [ 0  0  1  0  0  0  0  0  0  0 ]  [ 0  0  0  0  0  0  0  0  1  0 ]  [ 0  0  0  1  0  0  0  0  0  0 ]  [ 0  0  0  0  0  0  0  0  1  0 ]  [ 0  0  0  1  0  0  0  0  0  0 ]  [ 0  0  0  0  0  0  0  0  1  0 ]  [ 0  0  0  0  0  0  0  1  0  0 ]  [ 0  0  0  0  1  0  0  0  0  0 ]  [ 0  0  0  0  1  0  0  0  0  0 ]  [ 0  0  0  0  0  0  0  1  0  0 ]  [ 0  0  0  0  1  0  0  0  0  0 ]  [ 0  0  0  1  0  0  0  0  0  0 ]  [ 0  0  0  1  0  0  0  0  0  0 ]  [ 0  0  0  0  1  0  0  0  0  0 ]  [ 0  0  0  0  0  0  0  0  1  0 ]  [ 0  0  0  0  0  0  0  1  0  0 ]  [ 0  0  1  0  0  0  0  0  0  0 ]  [ 0  0  0  0  0  0  0  0  1  0 ]  [ 0  0  0  0  0  0  0  1  0  0 ]  [ 0  0  0  0  0  0  0  0  1  0 ]  [ 0  0  1  0  0  0  0  0  0  0 ]  [ 0  0  0  0  0  0  0  1  0  0 ]  [ 0  0  1  0  0  0  0  0  0  0 ]  [ 0  0  0  0  0  0  0  1  0  0 ]  [ 0  0  0  1  0  0  0  0  0  0 ]  [ 0  0  0  1  0  0  0  0  0  0 ]  [ 0  0  0  0  0  0  0  0  1  0 ]  [ 0  0  1  0  0  0  0  0  0  0 ]  [ 0  0  0  0  1  0  0  0  0  0 ]  [ 0  0  0  0  0  0  0  0  1  0 ]  [ 0  0  0  1  0  0  0  0  0  0 ]  [ 0  0  0  1  0  0  0  0  0  0 ]  [ 0  0  0  0  0  0  0  0  1  0 ]  [ 0  0  0  0  1  0  0  0  0  0 ]  [ 0  0  0  0  0  0  0  1  0  0 ]  [ 0  0  1  0  0  0  0  0  0  0 ]  [ 0  0  0  1  0  0  0  0  0  0 ]  [ 0  0  1  0  0  0  0  0  0  0 ]  [ 0  0  0  0  0  0  0  1  0  0 ]  [ 0  0  1  0  0  0  0  0  0  0 ]  [ 0  0  0  0  0  0  0  0  1  0 ]  [ 0  0  1  0  0  0  0  0  0  0 ]  [ 0  0  0  0  0  0  0  1  0  0 ]  [ 0  0  1  0  0  0  0  0  0  0 ]  [ 0  0  0  1  0  0  0  0  0  0 ]  [ 0  0  0  0  0  0  0  0  1  0 ]  [ 0  0  1  0  0  0  0  0  0  0 ]  [ 0  0  1  0  0  0  0  0  0  0 ]  [ 0  0  0  0  0  0  0  1  0  0 ]  [ 0  0  0  1  0  0  0  0  0  0 ]  [ 0  0  1  0  0  0  0  0  0  0 ]  [ 0  0  0  0  0  0  0  0  1  0 ]  [ 0  0  1  0  0  0  0  0  0  0 ]  [ 0  0  1  0  0  0  0  0  0  0 ]  [ 0  0  0  1  0  0  0  0  0  0 ]  [ 0  0  0  0  0  0  0  1  0  0 ]  [ 0  0  0  0  0  0  0  1  0  0 ]  [ 0  0  1  0  0  0  0  0  0  0 ]  [ 0  0  0  1  0  0  0  0  0  0 ]  [ 0  0  1  0  0  0  0  0  0  0 ]  [ 0  0  0  0  1  0  0  0  0  0 ]  [ 0  0  0  0  0  0  0  1  0  0 ]  [ 0  0  0  0  0  0  0  1  0  0 ]  [ 0  0  0  0  0  0  0  0  1  0 ]  [ 0  0  0  0  0  0  0  1  0  0 ]  [ 0  0  0  0  0  0  0  0  1  0 ]  [ 0  0  0  0  0  0  0  1  0  0 ]  [ 0  0  0  0  1  0  0  0  0  0 ]  [ 0  0  0  1  0  0  0  0  0  0 ]  [ 0  0  0  0  0  0  0  1  0  0 ]  [ 0  0  0  1  0  0  0  0  0  0 ]  [ 0  0  1  0  0  0  0  0  0  0 ]  [ 0  0  0  0  1  0  0  0  0  0 ]  [ 0  0  0  0  0  0  0  0  1  0 ]  [ 0  0  1  0  0  0  0  0  0  0 ]  [ 0  0  0  0  1  0  0  0  0  0 ]  [ 0  0  0  1  0  0  0  0  0  0 ]  [ 0  0  0  0  1  0  0  0  0  0 ]  [ 0  0  1  0  0  0  0  0  0  0 ]  [ 0  0  0  0  0  0  0  0  1  0 ]  [ 0  0  0  1  0  0  0  0  0  0 ]  [ 0  0  0  0  0  0  0  1  0  0 ]  [ 0  0  0  0  1  0  0  0  0  0 ]  [ 0  0  1  0  0  0  0  0  0  0 ]  [ 0  0  0  0  1  0  0  0  0  0 ]  [ 0  0  1  0  0  0  0  0  0  0 ]  [ 0  0  1  0  0  0  0  0  0  0 ]  [ 0  0  1  0  0  0  0  0  0  0 ]  [ 0  0  1  0  0  0  0  0  0  0 ]  [ 0  0  1  0  0  0  0  0  0  0 ]  [ 0  0  0  0  0  0  0  1  0  0 ]  [ 0  0  0  0  1  0  0  0  0  0 ]  [ 0  0  0  0  0  0  0  0  1  0 ]  [ 0  0  0  0  0  0  0  0  1  0 ]  [ 0  0  0  0  0  0  0  0  1  0 ]  [ 0  0  0  1  0  0  0  0  0  0 ]  [ 0  0  0  0  1  0  0  0  0  0 ]  [ 0  0  0  1  0  0  0  0  0  0 ]  [ 0  0  0  0  1  0  0  0  0  0 ]  [ 0  0  0  0  0  0  0  1  0  0 ]  [ 0  0  0  0  0  0  0  0  1  0 ]  [ 0  0  0  0  0  0  0  1  0  0 ]  [ 0  0  0  1  0  0  0  0  0  0 ]  [ 0  0  0  0  1  0  0  0  0  0 ]  [ 0  0  0  0  1  0  0  0  0  0 ]  [ 0  0  1  0  0  0  0  0  0  0 ]  [ 0  0  1  0  0  0  0  0  0  0 ]  [ 0  0  0  0  1  0  0  0  0  0 ]  [ 0  0  1  0  0  0  0  0  0  0 ]  [ 0  0  0  0  0  0  0  1  0  0 ]  [ 0  0  0  1  0  0  0  0  0  0 ]  [ 0  0  1  0  0  0  0  0  0  0 ]  [ 0  0  1  0  0  0  0  0  0  0 ]  [ 0  0  0  1  0  0  0  0  0  0 ]  [ 0  0  0  1  0  0  0  0  0  0 ]  [ 0  0  0  0  1  0  0  0  0  0 ]  [ 0  0  0  0  1  0  0  0  0  0 ]  [ 0  0  0  1  0  0  0  0  0  0 ]  [ 0  0  0  0  0  0  0  1  0  0 ]  [ 0  0  0  1  0  0  0  0  0  0 ]  [ 0  0  0  0  0  0  0  0  1  0 ]  [ 0  0  0  0  0  0  0  0  1  0 ]  [ 0  0  0  0  0  0  0  1  0  0 ]  [ 0  0  0  0  1  0  0  0  0  0 ]  [ 0  0  0  0  1  0  0  0  0  0 ]  [ 0  0  0  0  1  0  0  0  0  0 ]  [ 0  0  1  0  0  0  0  0  0  0 ]  [ 0  0  0  0  1  0  0  0  0  0 ]  [ 0  0  0  0  1  0  0  0  0  0 ]  [ 0  0  1  0  0  0  0  0  0  0 ]  [ 0  0  1  0  0  0  0  0  0  0 ]  [ 0  0  0  0  0  0  0  0  1  0 ]  [ 0  0  0  1  0  0  0  0  0  0 ]  [ 0  0  0  0  1  0  0  0  0  0 ]  [ 0  0  0  0  0  0  0  0  1  0 ]  [ 0  0  0  0  0  0  0  1  0  0 ]  [ 0  0  0  1  0  0  0  0  0  0 ]  [ 0  0  0  0  0  0  0  0  1  0 ]  [ 0  0  0  1  0  0  0  0  0  0 ]  [ 0  0  1  0  0  0  0  0  0  0 ]  [ 0  0  0  0  0  0  0  1  0  0 ]  [ 0  0  1  0  0  0  0  0  0  0 ]  [ 0  0  0  1  0  0  0  0  0  0 ]  [ 0  0  0  0  0  0  0  0  1  0 ]  [ 0  0  0  0  0  0  0  1  0  0 ]  [ 0  0  1  0  0  0  0  0  0  0 ]  [ 0  0  0  0  1  0  0  0  0  0 ]  [ 0  0  0  0  1  0  0  0  0  0 ]  [ 0  0  0  0  1  0  0  0  0  0 ]  [ 0  0  0  1  0  0  0  0  0  0 ]  [ 0  0  0  0  1  0  0  0  0  0 ]  [ 0  0  1  0  0  0  0  0  0  0 ]  [ 0  0  0  1  0  0  0  0  0  0 ]  [ 0  0  0  1  0  0  0  0  0  0 ]  [ 0  0  0  0  0  0  0  0  1  0 ]  [ 0  0  1  0  0  0  0  0  0  0 ]  [ 0  0  0  0  0  0  0  1  0  0 ]  [ 0  0  1  0  0  0  0  0  0  0 ]  [ 0  0  0  0  1  0  0  0  0  0 ]  [ 0  0  0  1  0  0  0  0  0  0 ]  [ 0  0  0  0  1  0  0  0  0  0 ]  [ 0  0  0  0  0  0  0  1  0  0 ]  [ 0  0  0  1  0  0  0  0  0  0 ]  [ 0  0  1  0  0  0  0  0  0  0 ]  [ 0  0  1  0  0  0  0  0  0  0 ]  [ 0  0  1  0  0  0  0  0  0  0 ]  [ 0  0  0  0  0  0  0  0  1  0 ]  [ 0  0  0  0  0  0  0  1  0  0 ]  [ 0  0  0  0  0  0  0  0  1  0 ]  [ 0  0  0  0  0  0  0  1  0  0 ]  [ 0  0  1  0  0  0  0  0  0  0 ]  [ 0  0  0  0  0  0  0  1  0  0 ]  [ 0  0  0  0  0  0  0  1  0  0 ]  [ 0  0  0  0  0  0  0  1  0  0 ]  [ 0  0  0  0  1  0  0  0  0  0 ]  [ 0  0  0  1  0  0  0  0  0  0 ]  [ 0  0  0  0  1  0  0  0  0  0 ]  [ 0  0  0  0  0  0  0  1  0  0 ]  [ 0  0  0  1  0  0  0  0  0  0 ]  [ 0  0  0  0  1  0  0  0  0  0 ]  [ 0  0  0  0  1  0  0  0  0  0 ]  [ 0  0  0  0  0  0  0  0  1  0 ]  [ 0  0  0  0  0  0  0  0  1  0 ]  [ 0  0  0  0  0  0  0  0  1  0 ]  [ 0  0  0  0  0  0  0  0  1  0 ]  [ 0  0  0  1  0  0  0  0  0  0 ]  [ 0  0  0  1  0  0  0  0  0  0 ]  [ 0  0  0  0  1  0  0  0  0  0 ]  [ 0  0  0  1  0  0  0  0  0  0 ]  [ 0  0  0  0  1  0  0  0  0  0 ]  [ 0  0  0  0  0  0  0  1  0  0 ]  [ 0  0  0  0  0  0  0  0  1  0 ]  [ 0  0  0  0  1  0  0  0  0  0 ]  [ 0  0  0  0  0  0  0  0  1  0 ]  [ 0  0  1  0  0  0  0  0  0  0 ]  [ 0  0  0  1  0  0  0  0  0  0 ]  [ 0  0  0  0  0  0  0  0  1  0 ]  [ 0  0  1  0  0  0  0  0  0  0 ]  [ 0  0  0  0  1  0  0  0  0  0 ]  [ 0  0  1  0  0  0  0  0  0  0 ]  [ 0  0  1  0  0  0  0  0  0  0 ]  [ 0  0  0  0  0  0  0  0  1  0 ]  [ 0  0  0  0  0  0  0  0  1  0 ]  [ 0  0  0  0  0  0  0  1  0  0 ]  [ 0  0  1  0  0  0  0  0  0  0 ]  [ 0  0  0  1  0  0  0  0  0  0 ]  [ 0  0  0  1  0  0  0  0  0  0 ]  [ 0  0  0  0  0  0  0  1  0  0 ]  [ 0  0  0  0  0  0  0  1  0  0 ]  [ 0  0  0  0  1  0  0  0  0  0 ]  [ 0  0  0  0  1  0  0  0  0  0 ]  [ 0  0  1  0  0  0  0  0  0  0 ]  [ 0  0  0  0  1  0  0  0  0  0 ]  [ 0  0  0  0  0  0  0  0  1  0 ]  [ 0  0  0  0  0  0  0  1  0  0 ]  [ 0  0  1  0  0  0  0  0  0  0 ]  [ 0  0  0  0  1  0  0  0  0  0 ]  [ 0  0  0  0  0  0  0  1  0  0 ]  [ 0  0  0  1  0  0  0  0  0  0 ]  [ 0  0  0  0  0  0  0  0  1  0 ]  [ 0  0  0  0  1  0  0  0  0  0 ]  [ 0  0  0  0  0  0  0  1  0  0 ]  [ 0  0  0  0  1  0  0  0  0  0 ]  [ 0  0  0  0  0  0  0  0  1  0 ]  [ 0  0  0  0  0  0  0  1  0  0 ]  [ 0  0  0  0  1  0  0  0  0  0 ]  [ 0  0  1  0  0  0  0  0  0  0 ]  [ 0  0  0  0  1  0  0  0  0  0 ]  [ 0  0  1  0  0  0  0  0  0  0 ]  [ 0  0  0  0  1  0  0  0  0  0 ]  [ 0  0  0  0  0  0  0  0  1  0 ]  [ 0  0  1  0  0  0  0  0  0  0 ]  [ 0  0  0  0  1  0  0  0  0  0 ]  [ 0  0  0  0  1  0  0  0  0  0 ]  [ 0  0  0  0  1  0  0  0  0  0 ]  [ 0  0  0  0  0  0  0  1  0  0 ]  [ 0  0  0  0  0  0  0  0  1  0 ]  [ 0  0  0  0  0  0  0  1  0  0 ]  [ 0  0  0  0  1  0  0  0  0  0 ]  [ 0  0  0  0  0  0  0  0  1  0 ]  [ 0  0  0  1  0  0  0  0  0  0 ]  [ 0  0  0  0  0  0  0  1  0  0 ]  [ 0  0  0  0  0  0  0  1  0  0 ]  [ 0  0  0  0  0  0  0  1  0  0 ]  [ 0  0  0  0  0  0  0  0  1  0 ]  [ 0  0  0  1  0  0  0  0  0  0 ]  [ 0  0  0  0  0  0  0  1  0  0 ]  [ 0  0  0  0  1  0  0  0  0  0 ]  [ 0  0  0  0  0  0  0  1  0  0 ]  [ 0  0  0  0  0  0  0  0  1  0 ]  [ 0  0  0  0  0  0  0  1  0  0 ]  [ 0  0  1  0  0  0  0  0  0  0 ]  [ 0  0  0  0  1  0  0  0  0  0 ]  [ 0  0  0  0  0  0  0  1  0  0 ]  [ 0  0  0  0  0  0  0  0  1  0 ]  [ 0  0  0  0  0  0  0  1  0  0 ]  [ 0  0  0  0  0  0  0  0  1  0 ]  [ 0  0  1  0  0  0  0  0  0  0 ]  [ 0  0  0  0  0  0  0  0  1  0 ]  [ 0  0  0  0  0  0  0  1  0  0 ]  [ 0  0  0  0  0  0  0  1  0  0 ]  [ 0  0  0  0  0  0  0  0  1  0 ]  [ 0  0  0  0  0  0  0  0  1  0 ]  [ 0  0  1  0  0  0  0  0  0  0 ]  [ 0  0  0  0  0  0  0  0  1  0 ]  [ 0  0  0  0  0  0  0  1  0  0 ]  [ 0  0  1  0  0  0  0  0  0  0 ]  [ 0  0  0  0  0  0  0  1  0  0 ]  [ 0  0  0  0  1  0  0  0  0  0 ]  [ 0  0  1  0  0  0  0  0  0  0 ]  [ 0  0  0  0  0  0  0  0  1  0 ]  [ 0  0  1  0  0  0  0  0  0  0 ]  [ 0  0  0  0  0  0  0  1  0  0 ]  [ 0  0  0  0  1  0  0  0  0  0 ]  [ 0  0  0  1  0  0  0  0  0  0 ]  [ 0  0  0  0  1  0  0  0  0  0 ]  [ 0  0  0  0  1  0  0  0  0  0 ]  [ 0  0  0  1  0  0  0  0  0  0 ]  [ 0  0  0  0  0  0  0  0  1  0 ]  [ 0  0  1  0  0  0  0  0  0  0 ]  [ 0  0  1  0  0  0  0  0  0  0 ]  [ 0  0  0  0  1  0  0  0  0  0 ]  [ 0  0  0  0  0  0  0  0  1  0 ]  [ 0  0  0  0  0  0  0  1  0  0 ]  [ 0  0  0  0  0  0  0  1  0  0 ]  [ 0  0  0  0  1  0  0  0  0  0 ]  [ 0  0  0  0  0  0  0  1  0  0 ]  [ 0  0  0  1  0  0  0  0  0  0 ]  [ 0  0  0  1  0  0  0  0  0  0 ]  [ 0  0  0  0  1  0  0  0  0  0 ]  [ 0  0  1  0  0  0  0  0  0  0 ]  [ 0  0  1  0  0  0  0  0  0  0 ]  [ 0  0  0  0  0  0  0  1  0  0 ]  [ 0  0  1  0  0  0  0  0  0  0 ]  [ 0  0  0  0  0  0  0  1  0  0 ]  [ 0  0  0  0  0  0  0  1  0  0 ]  [ 0  0  0  0  1  0  0  0  0  0 ]  [ 0  0  0  0  0  0  0  1  0  0 ]  [ 0  0  0  0  0  0  0  1  0  0 ]  [ 0  0  0  0  0  0  0  0  1  0 ]  [ 0  0  1  0  0  0  0  0  0  0 ]  [ 0  0  1  0  0  0  0  0  0  0 ]  [ 0  0  0  1  0  0  0  0  0  0 ]  [ 0  0  0  0  1  0  0  0  0  0 ]  [ 0  0  0  1  0  0  0  0  0  0 ]  [ 0  0  1  0  0  0  0  0  0  0 ]  [ 0  0  0  0  1  0  0  0  0  0 ]  [ 0  0  0  0  0  0  0  0  1  0 ]  [ 0  0  0  1  0  0  0  0  0  0 ]  [ 0  0  0  0  1  0  0  0  0  0 ]  [ 0  0  0  1  0  0  0  0  0  0 ]  [ 0  0  0  0  1  0  0  0  0  0 ]  [ 0  0  0  0  0  0  0  0  1  0 ]  [ 0  0  0  1  0  0  0  0  0  0 ]  [ 0  0  0  0  0  0  0  1  0  0 ]  [ 0  0  0  0  1  0  0  0  0  0 ]  [ 0  0  0  0  1  0  0  0  0  0 ]  [ 0  0  0  0  0  0  0  0  1  0 ]  [ 0  0  1  0  0  0  0  0  0  0 ]  [ 0  0  0  0  0  0  0  0  1  0 ]  [ 0  0  0  1  0  0  0  0  0  0 ]  [ 0  0  0  0  0  0  0  1  0  0 ]  [ 0  0  0  0  0  0  0  1  0  0 ]  [ 0  0  0  0  0  0  0  1  0  0 ]  [ 0  0  0  1  0  0  0  0  0  0 ]  [ 0  0  0  0  0  0  0  0  1  0 ]  [ 0  0  1  0  0  0  0  0  0  0 ]  [ 0  0  0  0  0  0  0  1  0  0 ]  [ 0  0  0  1  0  0  0  0  0  0 ]  [ 0  0  0  0  1  0  0  0  0  0 ]  [ 0  0  0  0  0  0  0  0  1  0 ]  [ 0  0  0  0  0  0  0  1  0  0 ]  [ 0  0  0  0  0  0  0  1  0  0 ]  [ 0  0  0  1  0  0  0  0  0  0 ]  [ 0  0  0  1  0  0  0  0  0  0 ]  [ 0  0  0  0  1  0  0  0  0  0 ]  [ 0  0  0  1  0  0  0  0  0  0 ]  [ 0  0  0  1  0  0  0  0  0  0 ]  [ 0  0  0  0  0  0  0  0  1  0 ]  [ 0  0  1  0  0  0  0  0  0  0 ]  [ 0  0  0  0  0  0  0  0  1  0 ]  [ 0  0  0  1  0  0  0  0  0  0 ]  [ 0  0  0  1  0  0  0  0  0  0 ]  [ 0  0  0  1  0  0  0  0  0  0 ]  [ 0  0  1  0  0  0  0  0  0  0 ]  [ 0  0  0  0  1  0  0  0  0  0 ]  [ 0  0  1  0  0  0  0  0  0  0 ]  [ 0  0  0  0  1  0  0  0  0  0 ]  [ 0  0  0  1  0  0  0  0  0  0 ]  [ 0  0  0  0  0  0  0  0  1  0 ]  [ 0  0  0  0  0  0  0  0  1  0 ]  [ 0  0  0  0  1  0  0  0  0  0 ]  [ 0  0  0  0  0  0  0  1  0  0 ]  [ 0  0  0  0  0  0  0  0  1  0 ]  [ 0  0  0  1  0  0  0  0  0  0 ]  [ 0  0  1  0  0  0  0  0  0  0 ]  [ 0  0  0  1  0  0  0  0  0  0 ]  [ 0  0  1  0  0  0  0  0  0  0 ]  [ 0  0  0  0  0  0  0  1  0  0 ]  [ 0  0  0  1  0  0  0  0  0  0 ]  [ 0  0  0  1  0  0  0  0  0  0 ]  [ 0  0  0  0  0  0  0  1  0  0 ]  [ 0  0  0  1  0  0  0  0  0  0 ]  [ 0  0  0  0  0  0  0  0  1  0 ]  [ 0  0  0  0  0  0  0  1  0  0 ]  [ 0  0  0  0  1  0  0  0  0  0 ]  [ 0  0  0  0  0  0  0  0  1  0 ]  [ 0  0  0  1  0  0  0  0  0  0 ]  [ 0  0  0  0  0  0  0  0  1  0 ]  [ 0  0  0  0  0  0  0  0  1  0 ]  [ 0  0  0  0  1  0  0  0  0  0 ]  [ 0  0  0  0  0  0  0  1  0  0 ]  [ 0  0  0  0  0  0  0  0  1  0 ]  [ 0  0  0  0  0  0  0  1  0  0 ]  [ 0  0  0  0  0  0  0  1  0  0 ]  [ 0  0  0  0  0  0  0  0  1  0 ]  [ 0  0  0  0  0  0  0  0  1  0 ]  [ 0  0  0  0  0  0  0  1  0  0 ]  [ 0  0  0  0  0  0  0  0  1  0 ]  [ 0  0  0  1  0  0  0  0  0  0 ]  [ 0  0  0  0  0  0  0  1  0  0 ]  [ 0  0  0  0  0  0  0  1  0  0 ]  [ 0  0  0  1  0  0  0  0  0  0 ]  [ 0  0  0  1  0  0  0  0  0  0 ]  [ 0  0  1  0  0  0  0  0  0  0 ]  [ 0  0  0  0  0  0  0  0  1  0 ]  [ 0  0  0  1  0  0  0  0  0  0 ]  [ 0  0  0  0  1  0  0  0  0  0 ]  [ 0  0  0  0  0  0  0  0  1  0 ]  [ 0  0  1  0  0  0  0  0  0  0 ]  [ 0  0  0  0  0  0  0  0  1  0 ]  [ 0  0  1  0  0  0  0  0  0  0 ]  [ 0  0  1  0  0  0  0  0  0  0 ]  [ 0  0  0  1  0  0  0  0  0  0 ]  [ 0  0  0  1  0  0  0  0  0  0 ]  [ 0  0  0  0  0  0  0  0  1  0 ]  [ 0  0  0  0  0  0  0  0  1  0 ]  [ 0  0  0  0  0  0  0  1  0  0 ]  [ 0  0  0  0  1  0  0  0  0  0 ]  [ 0  0  0  0  1  0  0  0  0  0 ]  [ 0  0  0  1  0  0  0  0  0  0 ]  [ 0  0  0  0  0  0  0  0  1  0 ]  [ 0  0  0  1  0  0  0  0  0  0 ]  [ 0  0  0  1  0  0  0  0  0  0 ]  [ 0  0  0  0  0  0  0  1  0  0 ]  [ 0  0  1  0  0  0  0  0  0  0 ]  [ 0  0  0  1  0  0  0  0  0  0 ]  [ 0  0  0  0  0  0  0  0  1  0 ]  [ 0  0  1  0  0  0  0  0  0  0 ]  [ 0  0  1  0  0  0  0  0  0  0 ]  [ 0  0  0  1  0  0  0  0  0  0 ]  [ 0  0  0  1  0  0  0  0  0  0 ]  [ 0  0  0  0  1  0  0  0  0  0 ]  [ 0  0  0  1  0  0  0  0  0  0 ]  [ 0  0  0  1  0  0  0  0  0  0 ]  [ 0  0  0  1  0  0  0  0  0  0 ]  [ 0  0  0  1  0  0  0  0  0  0 ]  [ 0  0  0  0  0  0  0  1  0  0 ]  [ 0  0  0  1  0  0  0  0  0  0 ]  [ 0  0  0  1  0  0  0  0  0  0 ]  [ 0  0  0  0  0  0  0  1  0  0 ]  [ 0  0  1  0  0  0  0  0  0  0 ]  [ 0  0  1  0  0  0  0  0  0  0 ]  [ 0  0  0  0  0  0  0  0  1  0 ]  [ 0  0  0  0  1  0  0  0  0  0 ]  [ 0  0  0  0  0  0  0  1  0  0 ]  [ 0  0  1  0  0  0  0  0  0  0 ]  [ 0  0  0  0  1  0  0  0  0  0 ]  [ 0  0  0  0  0  0  0  0  1  0 ]  [ 0  0  0  1  0  0  0  0  0  0 ]  [ 0  0  0  0  0  0  0  1  0  0 ]  [ 0  0  0  0  0  0  0  1  0  0 ]  [ 0  0  0  1  0  0  0  0  0  0 ]  [ 0  0  0  0  0  0  0  0  1  0 ]  [ 0  0  0  1  0  0  0  0  0  0 ]  [ 0  0  0  0  1  0  0  0  0  0 ]  [ 0  0  0  0  0  0  0  1  0  0 ]  [ 0  0  0  1  0  0  0  0  0  0 ]  [ 0  0  0  0  0  0  0  0  1  0 ]  [ 0  0  0  0  1  0  0  0  0  0 ]  [ 0  0  0  0  1  0  0  0  0  0 ]  [ 0  0  0  0  1  0  0  0  0  0 ]  [ 0  0  0  0  0  0  0  0  1  0 ]  [ 0  0  0  0  0  0  0  0  1  0 ]  [ 0  0  0  0  0  0  0  0  1  0 ]  [ 0  0  0  0  1  0  0  0  0  0 ]  [ 0  0  0  0  1  0  0  0  0  0 ]  [ 0  0  0  0  1  0  0  0  0  0 ]  [ 0  0  1  0  0  0  0  0  0  0 ]  [ 0  0  1  0  0  0  0  0  0  0 ]  [ 0  0  0  0  0  0  0  0  1  0 ]  [ 0  0  1  0  0  0  0  0  0  0 ]  [ 0  0  0  0  0  0  0  0  1  0 ]  [ 0  0  0  0  0  0  0  1  0  0 ]  [ 0  0  0  0  0  0  0  0  1  0 ]  [ 0  0  1  0  0  0  0  0  0  0 ]  [ 0  0  0  1  0  0  0  0  0  0 ]  [ 0  0  0  0  0  0  0  1  0  0 ]  [ 0  0  1  0  0  0  0  0  0  0 ]  [ 0  0  1  0  0  0  0  0  0  0 ]  [ 0  0  0  1  0  0  0  0  0  0 ]  [ 0  0  1  0  0  0  0  0  0  0 ]  [ 0  0  1  0  0  0  0  0  0  0 ]  [ 0  0  0  0  0  0  0  1  0  0 ]  [ 0  0  1  0  0  0  0  0  0  0 ]  [ 0  0  0  0  0  0  0  0  1  0 ]  [ 0  0  0  0  0  0  0  1  0  0 ]  [ 0  0  1  0  0  0  0  0  0  0 ]  [ 0  0  0  0  0  0  0  0  1  0 ]  [ 0  0  0  1  0  0  0  0  0  0 ]  [ 0  0  0  0  1  0  0  0  0  0 ]  [ 0  0  0  0  1  0  0  0  0  0 ]  [ 0  0  1  0  0  0  0  0  0  0 ]  [ 0  0  0  0  1  0  0  0  0  0 ]  [ 0  0  1  0  0  0  0  0  0  0 ]  [ 0  0  1  0  0  0  0  0  0  0 ]  [ 0  0  0  0  0  0  0  0  1  0 ]  [ 0  0  0  0  0  0  0  0  1  0 ]  [ 0  0  0  0  1  0  0  0  0  0 ]  [ 0  0  0  0  0  0  0  1  0  0 ]  [ 0  0  0  0  0  0  0  0  1  0 ]  [ 0  0  1  0  0  0  0  0  0  0 ]  [ 0  0  0  0  1  0  0  0  0  0 ]  [ 0  0  1  0  0  0  0  0  0  0 ]  [ 0  0  1  0  0  0  0  0  0  0 ]  [ 0  0  1  0  0  0  0  0  0  0 ]  [ 0  0  0  1  0  0  0  0  0  0 ]  [ 0  0  1  0  0  0  0  0  0  0 ]  [ 0  0  0  1  0  0  0  0  0  0 ]  [ 0  0  0  1  0  0  0  0  0  0 ]  [ 0  0  0  0  0  0  0  1  0  0 ]  [ 0  0  0  0  0  0  0  0  1  0 ]  [ 0  0  0  0  0  0  0  0  1  0 ]  [ 0  0  0  0  0  0  0  1  0  0 ]  [ 0  0  0  0  1  0  0  0  0  0 ]  [ 0  0  0  0  0  0  0  0  1  0 ]  [ 0  0  1  0  0  0  0  0  0  0 ]  [ 0  0  1  0  0  0  0  0  0  0 ]  [ 0  0  0  0  0  0  0  0  1  0 ]  [ 0  0  0  0  0  0  0  1  0  0 ]  [ 0  0  0  1  0  0  0  0  0  0 ]  [ 0  0  0  1  0  0  0  0  0  0 ]  [ 0  0  0  1  0  0  0  0  0  0 ]  [ 0  0  0  0  1  0  0  0  0  0 ]  [ 0  0  0  0  1  0  0  0  0  0 ]  [ 0  0  0  1  0  0  0  0  0  0 ]  [ 0  0  0  0  0  0  0  1  0  0 ]  [ 0  0  0  0  0  0  0  0  1  0 ]  [ 0  0  0  0  1  0  0  0  0  0 ]  [ 0  0  0  0  1  0  0  0  0  0 ]  [ 0  0  0  1  0  0  0  0  0  0 ]  [ 0  0  0  0  0  0  0  1  0  0 ]  [ 0  0  0  0  0  0  0  0  1  0 ]  [ 0  0  0  1  0  0  0  0  0  0 ]  [ 0  0  0  0  0  0  0  1  0  0 ]  [ 0  0  0  0  0  0  0  1  0  0 ]  [ 0  0  0  0  0  0  0  1  0  0 ]  [ 0  0  1  0  0  0  0  0  0  0 ]  [ 0  0  0  0  1  0  0  0  0  0 ]  [ 0  0  0  1  0  0  0  0  0  0 ]  [ 0  0  1  0  0  0  0  0  0  0 ]  [ 0  0  0  0  1  0  0  0  0  0 ]  [ 0  0  0  0  0  0  0  1  0  0 ]  [ 0  0  0  0  0  0  0  1  0  0 ]  [ 0  0  0  0  0  0  0  1  0  0 ]  [ 0  0  0  0  0  0  0  1  0  0 ]  [ 0  0  0  0  1  0  0  0  0  0 ]  [ 0  0  1  0  0  0  0  0  0  0 ]  [ 0  0  0  0  0  0  0  1  0  0 ]  [ 0  0  0  0  0  0  0  0  1  0 ]  [ 0  0  0  0  0  0  0  0  1  0 ]  [ 0  0  0  0  1  0  0  0  0  0 ]  [ 0  0  1  0  0  0  0  0  0  0 ]  [ 0  0  1  0  0  0  0  0  0  0 ]  [ 0  0  1  0  0  0  0  0  0  0 ]  [ 0  0  0  0  0  0  0  1  0  0 ]  [ 0  0  0  0  1  0  0  0  0  0 ]  [ 0  0  1  0  0  0  0  0  0  0 ]  [ 0  0  0  0  0  0  0  0  1  0 ]  [ 0  0  0  0  0  0  0  0  1  0 ]  [ 0  0  0  0  0  0  0  0  1  0 ]  [ 0  0  0  0  1  0  0  0  0  0 ]  [ 0  0  0  1  0  0  0  0  0  0 ]  [ 0  0  0  1  0  0  0  0  0  0 ]  [ 0  0  0  0  0  0  0  0  1  0 ]  [ 0  0  0  0  0  0  0  1  0  0 ]  [ 0  0  0  1  0  0  0  0  0  0 ]  [ 0  0  0  0  0  0  0  0  1  0 ]  [ 0  0  0  0  1  0  0  0  0  0 ]  [ 0  0  0  0  1  0  0  0  0  0 ]  [ 0  0  0  0  1  0  0  0  0  0 ]  [ 0  0  0  0  0  0  0  1  0  0 ]  [ 0  0  0  0  1  0  0  0  0  0 ]  [ 0  0  0  0  0  0  0  1  0  0 ]  [ 0  0  1  0  0  0  0  0  0  0 ]  [ 0  0  0  0  0  0  0  1  0  0 ]  [ 0  0  0  1  0  0  0  0  0  0 ]  [ 0  0  0  0  0  0  0  0  1  0 ]  [ 0  0  0  1  0  0  0  0  0  0 ]  [ 0  0  0  1  0  0  0  0  0  0 ]  [ 0  0  0  0  1  0  0  0  0  0 ]  [ 0  0  0  1  0  0  0  0  0  0 ]  [ 0  0  0  0  1  0  0  0  0  0 ]  [ 0  0  0  0  0  0  0  0  1  0 ]  [ 0  0  0  1  0  0  0  0  0  0 ]  [ 0  0  0  0  0  0  0  1  0  0 ]  [ 0  0  0  0  0  0  0  1  0  0 ]  [ 0  0  0  0  0  0  0  1  0  0 ]  [ 0  0  0  0  1  0  0  0  0  0 ]  [ 0  0  0  0  1  0  0  0  0  0 ]  [ 0  0  0  1  0  0  0  0  0  0 ]  [ 0  0  0  0  1  0  0  0  0  0 ]  [ 0  0  0  1  0  0  0  0  0  0 ]  [ 0  0  1  0  0  0  0  0  0  0 ]  [ 0  0  0  0  1  0  0  0  0  0 ]  [ 0  0  1  0  0  0  0  0  0  0 ]  [ 0  0  0  0  1  0  0  0  0  0 ]  [ 0  0  0  0  1  0  0  0  0  0 ]  [ 0  0  0  1  0  0  0  0  0  0 ]  [ 0  0  1  0  0  0  0  0  0  0 ]  [ 0  0  0  0  0  0  0  1  0  0 ]  [ 0  0  0  0  0  0  0  0  1  0 ]  [ 0  0  0  1  0  0  0  0  0  0 ]  [ 0  0  0  0  0  0  0  1  0  0 ]  [ 0  0  0  0  0  0  0  1  0  0 ]  [ 0  0  0  0  0  0  0  0  1  0 ]  [ 0  0  0  0  0  0  0  1  0  0 ]  [ 0  0  0  1  0  0  0  0  0  0 ]  [ 0  0  0  1  0  0  0  0  0  0 ]  [ 0  0  0  0  0  0  0  0  1  0 ]  [ 0  0  0  1  0  0  0  0  0  0 ]  [ 0  0  1  0  0  0  0  0  0  0 ]  [ 0  0  0  0  0  0  0  0  1  0 ]  [ 0  0  1  0  0  0  0  0  0  0 ]  [ 0  0  0  1  0  0  0  0  0  0 ]  [ 0  0  0  1  0  0  0  0  0  0 ]  [ 0  0  0  1  0  0  0  0  0  0 ]  [ 0  0  0  0  0  0  0  1  0  0 ]  [ 0  0  0  1  0  0  0  0  0  0 ]  [ 0  0  0  0  1  0  0  0  0  0 ]  [ 0  0  0  0  1  0  0  0  0  0 ]  [ 0  0  0  0  0  0  0  0  1  0 ]  [ 0  0  1  0  0  0  0  0  0  0 ]  [ 0  0  0  0  1  0  0  0  0  0 ]  [ 0  0  1  0  0  0  0  0  0  0 ]  [ 0  0  1  0  0  0  0  0  0  0 ]  [ 0  0  0  0  0  0  0  1  0  0 ]  [ 0  0  0  1  0  0  0  0  0  0 ]  [ 0  0  1  0  0  0  0  0  0  0 ]  [ 0  0  0  0  1  0  0  0  0  0 ]  [ 0  0  0  0  0  0  0  0  1  0 ]  [ 0  0  0  0  0  0  0  1  0  0 ]  [ 0  0  0  0  1  0  0  0  0  0 ]  [ 0  0  0  0  0  0  0  0  1  0 ]  [ 0  0  0  0  0  0  0  0  1  0 ]  [ 0  0  1  0  0  0  0  0  0  0 ]  [ 0  0  0  1  0  0  0  0  0  0 ]  [ 0  0  0  0  0  0  0  0  1  0 ]  [ 0  0  0  0  0  0  0  0  1  0 ]  [ 0  0  0  1  0  0  0  0  0  0 ]  [ 0  0  0  0  0  0  0  1  0  0 ]  [ 0  0  0  0  0  0  0  0  1  0 ]  [ 0  0  0  0  1  0  0  0  0  0 ]  [ 0  0  0  0  0  0  0  1  0  0 ]  [ 0  0  0  0  1  0  0  0  0  0 ]  [ 0  0  0  1  0  0  0  0  0  0 ]  [ 0  0  0  1  0  0  0  0  0  0 ]  [ 0  0  1  0  0  0  0  0  0  0 ]  [ 0  0  0  0  0  0  0  1  0  0 ]  [ 0  0  1  0  0  0  0  0  0  0 ]  [ 0  0  0  0  0  0  0  1  0  0 ]  [ 0  0  0  1  0  0  0  0  0  0 ]  [ 0  0  0  0  1  0  0  0  0  0 ]  [ 0  0  0  0  0  0  0  0  1  0 ]  [ 0  0  0  1  0  0  0  0  0  0 ]  [ 0  0  0  0  1  0  0  0  0  0 ]  [ 0  0  0  1  0  0  0  0  0  0 ]  [ 0  0  0  1  0  0  0  0  0  0 ]  [ 0  0  0  1  0  0  0  0  0  0 ]  [ 0  0  0  0  1  0  0  0  0  0 ]  [ 0  0  0  0  0  0  0  0  1  0 ]  [ 0  0  1  0  0  0  0  0  0  0 ]  [ 0  0  0  0  0  0  0  0  1  0 ]  [ 0  0  0  0  0  0  0  1  0  0 ]  [ 0  0  1  0  0  0  0  0  0  0 ]  [ 0  0  0  0  0  0  0  1  0  0 ]  [ 0  0  0  0  1  0  0  0  0  0 ]  [ 0  0  0  0  1  0  0  0  0  0 ]  [ 0  0  1  0  0  0  0  0  0  0 ]  [ 0  0  0  0  1  0  0  0  0  0 ]  [ 0  0  0  0  1  0  0  0  0  0 ]  [ 0  0  0  0  0  0  0  1  0  0 ]  [ 0  0  0  0  1  0  0  0  0  0 ]  [ 0  0  0  0  0  0  0  1  0  0 ]  [ 0  0  0  0  0  0  0  1  0  0 ]  [ 0  0  0  1  0  0  0  0  0  0 ]  [ 0  0  1  0  0  0  0  0  0  0 ]  [ 0  0  0  0  1  0  0  0  0  0 ]  [ 0  0  1  0  0  0  0  0  0  0 ]  [ 0  0  1  0  0  0  0  0  0  0 ]  [ 0  0  0  1  0  0  0  0  0  0 ]  [ 0  0  0  0  1  0  0  0  0  0 ]  [ 0  0  0  0  0  0  0  1  0  0 ]  [ 0  0  0  0  0  0  0  1  0  0 ]  [ 0  0  0  0  0  0  0  0  1  0 ]  [ 0  0  1  0  0  0  0  0  0  0 ]  [ 0  0  0  0  1  0  0  0  0  0 ]  [ 0  0  1  0  0  0  0  0  0  0 ]  [ 0  0  0  0  0  0  0  1  0  0 ]  [ 0  0  0  0  1  0  0  0  0  0 ]  [ 0  0  1  0  0  0  0  0  0  0 ]  [ 0  0  0  1  0  0  0  0  0  0 ]  [ 0  0  0  0  0  0  0  1  0  0 ]  [ 0  0  0  0  1  0  0  0  0  0 ]  [ 0  0  0  0  0  0  0  0  1  0 ]  [ 0  0  0  1  0  0  0  0  0  0 ]  [ 0  0  0  1  0  0  0  0  0  0 ]  [ 0  0  0  0  0  0  0  0  1  0 ]  [ 0  0  0  0  0  0  0  1  0  0 ]  [ 0  0  1  0  0  0  0  0  0  0 ]  [ 0  0  0  0  0  0  0  1  0  0 ]  [ 0  0  0  1  0  0  0  0  0  0 ]  [ 0  0  0  0  0  0  0  0  1  0 ]  [ 0  0  0  0  0  0  0  1  0  0 ]  [ 0  0  0  0  0  0  0  0  1  0 ]  [ 0  0  0  0  0  0  0  0  1  0 ]  [ 0  0  0  0  1  0  0  0  0  0 ]  [ 0  0  0  0  0  0  0  0  1  0 ]  [ 0  0  1  0  0  0  0  0  0  0 ]  [ 0  0  0  1  0  0  0  0  0  0 ]  [ 0  0  0  0  0  0  0  0  1  0 ]  [ 0  0  1  0  0  0  0  0  0  0 ]  [ 0  0  0  0  0  0  0  1  0  0 ]  [ 0  0  0  0  0  0  0  0  1  0 ]  [ 0  0  0  0  0  0  0  1  0  0 ]  [ 0  0  0  0  0  0  0  0  1  0 ]  [ 0  0  1  0  0  0  0  0  0  0 ]  [ 0  0  0  0  1  0  0  0  0  0 ]  [ 0  0  0  0  0  0  0  1  0  0 ]  [ 0  0  0  0  1  0  0  0  0  0 ]  [ 0  0  0  0  1  0  0  0  0  0 ]  [ 0  0  0  0  0  0  0  1  0  0 ]  [ 0  0  1  0  0  0  0  0  0  0 ]  [ 0  0  1  0  0  0  0  0  0  0 ]  [ 0  0  0  0  1  0  0  0  0  0 ]  [ 0  0  0  0  0  0  0  0  1  0 ]  [ 0  0  0  0  0  0  0  0  1  0 ]  [ 0  0  0  0  0  0  0  1  0  0 ]  [ 0  0  0  1  0  0  0  0  0  0 ]  [ 0  0  0  0  0  0  0  0  1  0 ]  [ 0  0  1  0  0  0  0  0  0  0 ]  [ 0  0  0  1  0  0  0  0  0  0 ]  [ 0  0  0  0  0  0  0  1  0  0 ]  [ 0  0  0  0  0  0  0  0  1  0 ]  [ 0  0  0  0  1  0  0  0  0  0 ]  [ 0  0  0  0  0  0  0  0  1  0 ]  [ 0  0  1  0  0  0  0  0  0  0 ]  [ 0  0  0  0  1  0  0  0  0  0 ]  [ 0  0  1  0  0  0  0  0  0  0 ]  [ 0  0  0  1  0  0  0  0  0  0 ]  [ 0  0  1  0  0  0  0  0  0  0 ]  [ 0  0  1  0  0  0  0  0  0  0 ]  [ 0  0  0  0  1  0  0  0  0  0 ]  [ 0  0  0  0  1  0  0  0  0  0 ]  [ 0  0  0  1  0  0  0  0  0  0 ]  [ 0  0  0  0  0  0  0  1  0  0 ]  [ 0  0  1  0  0  0  0  0  0  0 ]  [ 0  0  0  0  1  0  0  0  0  0 ]  [ 0  0  0  0  1  0  0  0  0  0 ]  [ 0  0  0  0  1  0  0  0  0  0 ]  [ 0  0  0  0  0  0  0  0  1  0 ]  [ 0  0  1  0  0  0  0  0  0  0 ]  [ 0  0  0  0  1  0  0  0  0  0 ]  [ 0  0  0  0  1  0  0  0  0  0 ]  [ 0  0  0  1  0  0  0  0  0  0 ]  [ 0  0  0  0  0  0  0  0  1  0 ]  [ 0  0  0  0  1  0  0  0  0  0 ]  [ 0  0  0  0  1  0  0  0  0  0 ]  [ 0  0  0  0  1  0  0  0  0  0 ]  [ 0  0  0  0  1  0  0  0  0  0 ]  [ 0  0  0  0  0  0  0  0  1  0 ]  [ 0  0  0  0  0  0  0  1  0  0 ]  [ 0  0  0  0  0  0  0  1  0  0 ]  [ 0  0  1  0  0  0  0  0  0  0 ]  [ 0  0  0  0  1  0  0  0  0  0 ]  [ 0  0  1  0  0  0  0  0  0  0 ]  [ 0  0  0  1  0  0  0  0  0  0 ]  [ 0  0  1  0  0  0  0  0  0  0 ]  [ 0  0  0  0  0  0  0  1  0  0 ]  [ 0  0  0  0  0  0  0  0  1  0 ]  [ 0  0  0  0  0  0  0  1  0  0 ]  [ 0  0  0  0  1  0  0  0  0  0 ]  [ 0  0  0  1  0  0  0  0  0  0 ]  [ 0  0  0  0  1  0  0  0  0  0 ]  [ 0  0  0  0  1  0  0  0  0  0 ]  [ 0  0  0  0  1  0  0  0  0  0 ]  [ 0  0  0  1  0  0  0  0  0  0 ]  [ 0  0  0  1  0  0  0  0  0  0 ]  [ 0  0  0  0  0  0  0  1  0  0 ]  [ 0  0  0  0  0  0  0  0  1  0 ]  [ 0  0  0  0  0  0  0  0  1  0 ]  [ 0  0  0  0  0  0  0  1  0  0 ]  [ 0  0  1  0  0  0  0  0  0  0 ]  [ 0  0  0  1  0  0  0  0  0  0 ]  [ 0  0  0  0  0  0  0  0  1  0 ]  [ 0  0  0  0  0  0  0  0  1  0 ]  [ 0  0  0  0  1  0  0  0  0  0 ]  [ 0  0  0  0  1  0  0  0  0  0 ]  [ 0  0  0  0  0  0  0  1  0  0 ]  [ 0  0  0  1  0  0  0  0  0  0 ]  [ 0  0  0  0  0  0  0  1  0  0 ]  [ 0  0  0  1  0  0  0  0  0  0 ]  [ 0  0  0  0  0  0  0  0  1  0 ]  [ 0  0  0  0  1  0  0  0  0  0 ]  [ 0  0  0  0  0  0  0  1  0  0 ]  [ 0  0  0  0  1  0  0  0  0  0 ]  [ 0  0  0  0  1  0  0  0  0  0 ]  [ 0  0  0  0  1  0  0  0  0  0 ]  [ 0  0  0  0  0  0  0  0  1  0 ]  [ 0  0  0  0  0  0  0  1  0  0 ]  [ 0  0  0  0  1  0  0  0  0  0 ]  [ 0  0  0  0  1  0  0  0  0  0 ]  [ 0  0  0  0  0  0  0  0  1  0 ]  [ 0  0  0  0  0  0  0  1  0  0 ]  [ 0  0  0  0  0  0  0  1  0  0 ]  [ 0  0  0  0  0  0  0  0  1  0 ]  [ 0  0  1  0  0  0  0  0  0  0 ]  [ 0  0  0  0  1  0  0  0  0  0 ]  [ 0  0  0  0  0  0  0  1  0  0 ]  [ 0  0  0  0  1  0  0  0  0  0 ]  [ 0  0  0  0  0  0  0  0  1  0 ]  [ 0  0  0  0  0  0  0  0  1  0 ]  [ 0  0  0  1  0  0  0  0  0  0 ]  [ 0  0  0  0  0  0  0  1  0  0 ]  [ 0  0  0  0  0  0  0  1  0  0 ]  [ 0  0  0  0  0  0  0  1  0  0 ]  [ 0  0  0  1  0  0  0  0  0  0 ]  [ 0  0  0  0  0  0  0  1  0  0 ]  [ 0  0  0  1  0  0  0  0  0  0 ]  [ 0  0  1  0  0  0  0  0  0  0 ]  [ 0  0  0  0  0  0  0  1  0  0 ]  [ 0  0  0  0  0  0  0  1  0  0 ]  [ 0  0  0  0  1  0  0  0  0  0 ]  [ 0  0  0  0  1  0  0  0  0  0 ]  [ 0  0  0  0  0  0  0  0  1  0 ]  [ 0  0  0  0  0  0  0  0  1  0 ]  [ 0  0  0  0  1  0  0  0  0  0 ]  [ 0  0  0  0  0  0  0  0  1  0 ]  [ 0  0  0  0  1  0  0  0  0  0 ]  [ 0  0  0  0  1  0  0  0  0  0 ]  [ 0  0  0  0  0  0  0  1  0  0 ]  [ 0  0  0  0  0  0  0  1  0  0 ]  [ 0  0  0  0  0  0  0  0  1  0 ]  [ 0  0  0  0  0  0  0  1  0  0 ]  [ 0  0  0  0  0  0  0  1  0  0 ]  [ 0  0  0  0  1  0  0  0  0  0 ]  [ 0  0  1  0  0  0  0  0  0  0 ]  [ 0  0  0  0  1  0  0  0  0  0 ]  [ 0  0  1  0  0  0  0  0  0  0 ]  [ 0  0  0  0  0  0  0  0  1  0 ]  [ 0  0  0  1  0  0  0  0  0  0 ]  [ 0  0  0  0  0  0  0  1  0  0 ]  [ 0  0  0  0  0  0  0  1  0  0 ]  [ 0  0  1  0  0  0  0  0  0  0 ]  [ 0  0  0  0  0  0  0  0  1  0 ]  [ 0  0  0  1  0  0  0  0  0  0 ]  [ 0  0  1  0  0  0  0  0  0  0 ]  [ 0  0  0  0  1  0  0  0  0  0 ]  [ 0  0  0  0  1  0  0  0  0  0 ]  [ 0  0  0  0  0  0  0  0  1  0 ]  [ 0  0  0  0  1  0  0  0  0  0 ]  [ 0  0  1  0  0  0  0  0  0  0 ]  [ 0  0  1  0  0  0  0  0  0  0 ]  [ 0  0  1  0  0  0  0  0  0  0 ]  [ 0  0  0  0  1  0  0  0  0  0 ]  [ 0  0  0  0  0  0  0  1  0  0 ]  [ 0  0  1  0  0  0  0  0  0  0 ]  [ 0  0  0  1  0  0  0  0  0  0 ]  [ 0  0  0  0  1  0  0  0  0  0 ]  [ 0  0  0  0  0  0  0  0  1  0 ]  [ 0  0  0  0  0  0  0  0  1  0 ]  [ 0  0  0  0  0  0  0  0  1  0 ]  [ 0  0  0  0  0  0  0  1  0  0 ]  [ 0  0  0  0  1  0  0  0  0  0 ]  [ 0  0  0  1  0  0  0  0  0  0 ]  [ 0  0  0  0  0  0  0  1  0  0 ]  [ 0  0  1  0  0  0  0  0  0  0 ]  [ 0  0  0  1  0  0  0  0  0  0 ]  [ 0  0  0  0  0  0  0  0  1  0 ]  [ 0  0  0  0  1  0  0  0  0  0 ]  [ 0  0  0  0  0  0  0  1  0  0 ]  [ 0  0  0  0  1  0  0  0  0  0 ]  [ 0  0  0  1  0  0  0  0  0  0 ]  [ 0  0  0  0  1  0  0  0  0  0 ]  [ 0  0  0  0  1  0  0  0  0  0 ]  [ 0  0  0  1  0  0  0  0  0  0 ]  [ 0  0  0  0  0  0  0  0  1  0 ]  [ 0  0  0  0  0  0  0  0  1  0 ]  [ 0  0  1  0  0  0  0  0  0  0 ]  [ 0  0  0  1  0  0  0  0  0  0 ]  [ 0  0  0  0  0  0  0  0  1  0 ]  [ 0  0  0  0  0  0  0  1  0  0 ]  [ 0  0  0  1  0  0  0  0  0  0 ]  [ 0  0  0  0  1  0  0  0  0  0 ]  [ 0  0  0  1  0  0  0  0  0  0 ]  [ 0  0  0  0  0  0  0  0  1  0 ]  [ 0  0  0  0  1  0  0  0  0  0 ]  [ 0  0  0  0  1  0  0  0  0  0 ]  [ 0  0  1  0  0  0  0  0  0  0 ]  [ 0  0  0  0  1  0  0  0  0  0 ]  [ 0  0  0  0  1  0  0  0  0  0 ]  [ 0  0  0  1  0  0  0  0  0  0 ]  [ 0  0  1  0  0  0  0  0  0  0 ]  [ 0  0  1  0  0  0  0  0  0  0 ]  [ 0  0  0  0  0  0  0  1  0  0 ]  [ 0  0  0  0  0  0  0  0  1  0 ]  [ 0  0  0  0  0  0  0  0  1  0 ]  [ 0  0  0  0  0  0  0  1  0  0 ]  [ 0  0  0  0  0  0  0  1  0  0 ]  [ 0  0  1  0  0  0  0  0  0  0 ]  [ 0  0  0  1  0  0  0  0  0  0 ]  [ 0  0  0  0  0  0  0  1  0  0 ]  [ 0  0  1  0  0  0  0  0  0  0 ]  [ 0  0  1  0  0  0  0  0  0  0 ]  [ 0  0  0  0  0  0  0  1  0  0 ]  [ 0  0  1  0  0  0  0  0  0  0 ]  [ 0  0  1  0  0  0  0  0  0  0 ]  [ 0  0  0  1  0  0  0  0  0  0 ]  [ 0  0  0  0  0  0  0  0  1  0 ]  [ 0  0  1  0  0  0  0  0  0  0 ]  [ 0  0  0  0  0  0  0  0  1  0 ]  [ 0  0  0  1  0  0  0  0  0  0 ]  [ 0  0  0  0  1  0  0  0  0  0 ]  [ 0  0  0  0  1  0  0  0  0  0 ]  [ 0  0  1  0  0  0  0  0  0  0 ]  [ 0  0  0  0  0  0  0  0  1  0 ]  [ 0  0  1  0  0  0  0  0  0  0 ]  [ 0  0  0  0  0  0  0  0  1  0 ]  [ 0  0  0  0  0  0  0  0  1  0 ]  [ 0  0  0  0  1  0  0  0  0  0 ]  [ 0  0  0  0  0  0  0  0  1  0 ]  [ 0  0  1  0  0  0  0  0  0  0 ]  [ 0  0  1  0  0  0  0  0  0  0 ]  [ 0  0  0  0  1  0  0  0  0  0 ]  [ 0  0  1  0  0  0  0  0  0  0 ]  [ 0  0  0  0  0  0  0  0  1  0 ]  [ 0  0  0  0  1  0  0  0  0  0 ]  [ 0  0  0  0  0  0  0  1  0  0 ]  [ 0  0  0  1  0  0  0  0  0  0 ]  [ 0  0  1  0  0  0  0  0  0  0 ]  [ 0  0  0  0  0  0  0  0  1  0 ]  [ 0  0  0  1  0  0  0  0  0  0 ]  [ 0  0  0  0  1  0  0  0  0  0 ]  [ 0  0  1  0  0  0  0  0  0  0 ]  [ 0  0  0  0  1  0  0  0  0  0 ]  [ 0  0  0  0  1  0  0  0  0  0 ]  [ 0  0  1  0  0  0  0  0  0  0 ]  [ 0  0  1  0  0  0  0  0  0  0 ]  [ 0  0  0  1  0  0  0  0  0  0 ]  [ 0  0  0  0  0  0  0  1  0  0 ]  [ 0  0  1  0  0  0  0  0  0  0 ]  [ 0  0  0  1  0  0  0  0  0  0 ]  [ 0  0  0  0  0  0  0  1  0  0 ]  [ 0  0  0  0  0  0  0  1  0  0 ]  [ 0  0  0  0  0  0  0  0  1  0 ]  [ 0  0  0  0  0  0  0  1  0  0 ]  [ 0  0  0  0  0  0  0  0  1  0 ]  [ 0  0  1  0  0  0  0  0  0  0 ]  [ 0  0  0  0  0  0  0  0  1  0 ]  [ 0  0  1  0  0  0  0  0  0  0 ]  [ 0  0  1  0  0  0  0  0  0  0 ]  [ 0  0  1  0  0  0  0  0  0  0 ]  [ 0  0  0  0  0  0  0  1  0  0 ]  [ 0  0  0  0  1  0  0  0  0  0 ]  [ 0  0  0  0  0  0  0  0  1  0 ] ];

ObjRequests = {  <1,3,228>, <2,3,37>, <3,3,39>, <4,3,286>, <5,3,21>, <6,3,63>, <7,3,94>, <8,3,27>, <9,3,29>, <10,3,49>, <11,3,22>, <12,3,64>, <13,3,21>, <15,3,24>, <16,3,87>, <17,3,30>, <18,3,21>, <19,3,6>, <20,3,46>, <22,3,20>, <23,3,41>, <24,3,38>, <25,3,4>, <26,3,2>, <27,3,59>, <28,3,6>, <29,3,41>, <30,3,42>, <31,3,27>, <32,3,2>, <33,3,15>, <34,3,21>, <35,3,15>, <36,3,7>, <37,3,14>, <38,3,16>, <39,3,8>, <40,3,36>, <41,3,8>, <42,3,10>, <43,3,4>, <44,3,2>, <45,3,1>, <46,3,10>, <47,3,10>, <48,3,34>, <49,3,1>, <50,3,2>, <51,3,10>, <52,3,15>, <54,3,26>, <55,3,2>, <56,3,9>, <57,3,1>, <58,3,2>, <59,3,3>, <60,3,16>, <61,3,16>, <62,3,6>, <64,3,9>, <65,3,5>, <66,3,9>, <67,3,13>, <68,3,11>, <69,3,10>, <70,3,17>, <71,3,4>, <72,3,9>, <73,3,4>, <74,3,8>, <75,3,6>, <77,3,11>, <78,3,3>, <79,3,4>, <80,3,7>, <81,3,6>, <82,3,3>, <83,3,1>, <84,3,9>, <86,3,2>, <87,3,6>, <88,3,11>, <89,3,1>, <90,3,4>, <91,3,3>, <92,3,11>, <93,3,9>, <94,3,1>, <95,3,1>, <96,3,1>, <97,3,6>, <98,3,13>, <99,3,5>, <100,3,2>, <101,3,3>, <102,3,6>, <103,3,2>, <104,3,2>, <105,3,3>, <106,3,1>, <107,3,2>, <108,3,3>, <109,3,2>, <110,3,2>, <111,3,4>, <112,3,8>, <115,3,2>, <116,3,12>, <117,3,4>, <118,3,3>, <119,3,7>, <120,3,4>, <121,3,6>, <122,3,3>, <123,3,6>, <124,3,1>, <125,3,1>, <126,3,7>, <127,3,1>, <128,3,2>, <129,3,9>, <130,3,1>, <131,3,3>, <132,3,2>, <133,3,1>, <134,3,10>, <135,3,5>, <136,3,3>, <137,3,1>, <138,3,4>, <139,3,1>, <140,3,4>, <141,3,2>, <142,3,5>, <143,3,14>, <144,3,2>, <147,3,11>, <148,3,4>, <149,3,3>, <151,3,7>, <152,3,4>, <153,3,5>, <154,3,2>, <155,3,2>, <156,3,2>, <157,3,2>, <158,3,5>, <159,3,1>, <160,3,2>, <161,3,5>, <163,3,1>, <164,3,6>, <165,3,5>, <166,3,8>, <168,3,5>, <169,3,2>, <170,3,5>, <171,3,4>, <172,3,3>, <173,3,7>, <174,3,4>, <176,3,6>, <177,3,3>, <178,3,1>, <179,3,7>, <181,3,1>, <183,3,1>, <184,3,2>, <185,3,6>, <187,3,1>, <188,3,2>, <189,3,3>, <190,3,4>, <192,3,1>, <193,3,2>, <194,3,1>, <195,3,1>, <196,3,2>, <197,3,1>, <198,3,1>, <199,3,4>, <201,3,1>, <202,3,2>, <203,3,2>, <205,3,1>, <206,3,3>, <207,3,4>, <208,3,1>, <209,3,4>, <210,3,3>, <211,3,1>, <212,3,1>, <213,3,3>, <214,3,1>, <215,3,5>, <217,3,4>, <218,3,6>, <220,3,4>, <222,3,1>, <223,3,1>, <224,3,1>, <225,3,1>, <226,3,5>, <227,3,5>, <228,3,3>, <229,3,2>, <230,3,1>, <231,3,3>, <232,3,4>, <233,3,3>, <236,3,2>, <238,3,2>, <239,3,2>, <240,3,1>, <241,3,3>, <242,3,1>, <244,3,3>, <247,3,3>, <248,3,2>, <249,3,1>, <250,3,1>, <252,3,4>, <253,3,1>, <254,3,5>, <255,3,1>, <256,3,3>, <257,3,1>, <258,3,4>, <259,3,1>, <260,3,2>, <261,3,3>, <262,3,1>, <263,3,6>, <264,3,2>, <265,3,3>, <267,3,3>, <268,3,3>, <269,3,4>, <270,3,1>, <271,3,3>, <274,3,1>, <275,3,1>, <276,3,4>, <277,3,2>, <279,3,4>, <281,3,3>, <282,3,1>, <283,3,1>, <284,3,2>, <285,3,2>, <286,3,3>, <287,3,1>, <288,3,3>, <289,3,2>, <290,3,1>, <291,3,1>, <293,3,1>, <294,3,5>, <296,3,2>, <300,3,1>, <302,3,1>, <303,3,5>, <304,3,1>, <305,3,3>, <306,3,1>, <307,3,2>, <308,3,5>, <310,3,3>, <312,3,3>, <314,3,3>, <315,3,2>, <316,3,7>, <317,3,1>, <318,3,1>, <323,3,1>, <324,3,1>, <325,3,2>, <326,3,2>, <328,3,2>, <329,3,3>, <331,3,1>, <332,3,2>, <334,3,1>, <335,3,2>, <336,3,3>, <337,3,1>, <339,3,2>, <340,3,2>, <343,3,2>, <344,3,1>, <345,3,3>, <349,3,1>, <350,3,3>, <351,3,1>, <352,3,3>, <353,3,2>, <355,3,3>, <356,3,2>, <357,3,3>, <358,3,1>, <363,3,2>, <364,3,1>, <365,3,2>, <366,3,1>, <370,3,1>, <371,3,1>, <372,3,1>, <373,3,1>, <374,3,1>, <375,3,5>, <376,3,1>, <377,3,3>, <380,3,1>, <381,3,1>, <382,3,1>, <385,3,1>, <387,3,1>, <388,3,2>, <389,3,1>, <390,3,1>, <393,3,1>, <395,3,1>, <396,3,1>, <397,3,4>, <399,3,1>, <401,3,3>, <402,3,1>, <403,3,1>, <406,3,1>, <407,3,3>, <408,3,1>, <411,3,1>, <412,3,1>, <413,3,3>, <414,3,1>, <415,3,5>, <417,3,1>, <419,3,2>, <421,3,2>, <422,3,5>, <426,3,1>, <427,3,1>, <428,3,1>, <429,3,4>, <430,3,1>, <431,3,1>, <432,3,2>, <434,3,1>, <436,3,2>, <437,3,1>, <438,3,1>, <442,3,1>, <443,3,1>, <446,3,1>, <448,3,1>, <450,3,1>, <451,3,2>, <454,3,1>, <455,3,1>, <458,3,3>, <459,3,2>, <460,3,1>, <461,3,1>, <465,3,1>, <468,3,1>, <469,3,1>, <471,3,1>, <475,3,1>, <476,3,1>, <479,3,2>, <480,3,1>, <482,3,3>, <485,3,1>, <486,3,2>, <488,3,2>, <489,3,3>, <491,3,2>, <493,3,4>, <495,3,1>, <496,3,1>, <497,3,1>, <498,3,1>, <502,3,1>, <503,3,1>, <504,3,2>, <505,3,1>, <506,3,1>, <507,3,3>, <509,3,1>, <511,3,1>, <512,3,6>, <513,3,3>, <515,3,3>, <516,3,2>, <517,3,1>, <522,3,1>, <523,3,1>, <524,3,1>, <525,3,2>, <526,3,1>, <527,3,2>, <529,3,3>, <530,3,1>, <531,3,1>, <532,3,1>, <533,3,1>, <534,3,1>, <535,3,1>, <536,3,1>, <540,3,1>, <541,3,2>, <545,3,2>, <547,3,2>, <548,3,1>, <553,3,1>, <554,3,1>, <555,3,2>, <557,3,1>, <558,3,3>, <561,3,1>, <565,3,1>, <566,3,1>, <568,3,1>, <569,3,1>, <571,3,1>, <573,3,1>, <577,3,1>, <579,3,1>, <580,3,1>, <581,3,1>, <582,3,2>, <583,3,1>, <584,3,2>, <587,3,1>, <588,3,1>, <591,3,1>, <592,3,1>, <593,3,1>, <600,3,2>, <602,3,2>, <603,3,1>, <605,3,1>, <606,3,1>, <610,3,1>, <614,3,1>, <617,3,1>, <618,3,1>, <619,3,1>, <623,3,1>, <632,3,1>, <634,3,2>, <635,3,1>, <641,3,1>, <643,3,1>, <644,3,1>, <645,3,7>, <648,3,1>, <649,3,1>, <650,3,2>, <659,3,1>, <661,3,1>, <664,3,1>, <666,3,2>, <674,3,1>, <677,3,1>, <679,3,2>, <680,3,1>, <681,3,1>, <685,3,1>, <691,3,2>, <698,3,3>, <699,3,1>, <700,3,1>, <708,3,1>, <710,3,1>, <713,3,1>, <715,3,1>, <716,3,1>, <717,3,1>, <718,3,1>, <720,3,1>, <721,3,1>, <725,3,3>, <726,3,2>, <728,3,1>, <729,3,1>, <733,3,1>, <735,3,2>, <738,3,1>, <740,3,1>, <743,3,4>, <744,3,1>, <746,3,1>, <748,3,1>, <749,3,1>, <753,3,1>, <754,3,1>, <755,3,1>, <760,3,1>, <762,3,1>, <764,3,1>, <766,3,1>, <768,3,1>, <769,3,1>, <770,3,1>, <774,3,1>, <775,3,1>, <778,3,2>, <779,3,1>, <784,3,1>, <786,3,2>, <787,3,1>, <788,3,2>, <790,3,1>, <791,3,1>, <793,3,1>, <795,3,1>, <803,3,1>, <804,3,1>, <806,3,1>, <808,3,1>, <810,3,1>, <811,3,1>, <814,3,1>, <816,3,1>, <817,3,1>, <820,3,2>, <824,3,1>, <826,3,1>, <827,3,1>, <830,3,1>, <833,3,1>, <835,3,4>, <838,3,2>, <839,3,1>, <840,3,1>, <843,3,1>, <844,3,1>, <845,3,1>, <847,3,1>, <850,3,1>, <855,3,1>, <857,3,1>, <858,3,1>, <859,3,1>, <860,3,2>, <861,3,2>, <863,3,1>, <868,3,1>, <870,3,1>, <876,3,1>, <878,3,1>, <880,3,1>, <882,3,1>, <883,3,1>, <884,3,2>, <892,3,1>, <898,3,1>, <900,3,1>, <905,3,1>, <914,3,1>, <920,3,1>, <924,3,1>, <928,3,1>, <930,3,2>, <931,3,1>, <932,3,1>, <933,3,2>, <934,3,1>, <938,3,1>, <939,3,1>, <942,3,1>, <943,3,1>, <949,3,1>, <950,3,1>, <954,3,1>, <956,3,1>, <957,3,1>, <963,3,1>, <964,3,1>, <965,3,1>, <975,3,1>, <978,3,1>, <985,3,2>, <988,3,1>, <989,3,1>, <990,3,1>, <994,3,1>, <996,3,1>, <1,4,47>, <2,4,352>, <3,4,264>, <4,4,170>, <5,4,143>, <6,4,51>, <7,4,94>, <8,4,30>, <9,4,8>, <10,4,13>, <11,4,17>, <12,4,23>, <13,4,5>, <14,4,91>, <15,4,20>, <16,4,25>, <17,4,19>, <18,4,30>, <19,4,9>, <20,4,15>, <21,4,25>, <22,4,13>, <23,4,44>, <24,4,20>, <25,4,9>, <26,4,1>, <27,4,18>, <28,4,3>, <29,4,1>, <30,4,15>, <31,4,8>, <32,4,9>, <34,4,1>, <35,4,7>, <36,4,4>, <38,4,15>, <39,4,38>, <40,4,6>, <41,4,11>, <42,4,18>, <43,4,2>, <44,4,14>, <45,4,7>, <46,4,16>, <47,4,8>, <48,4,9>, <49,4,15>, <50,4,17>, <51,4,6>, <52,4,2>, <53,4,14>, <54,4,10>, <55,4,10>, <56,4,4>, <57,4,9>, <58,4,1>, <59,4,43>, <60,4,1>, <61,4,5>, <62,4,9>, <63,4,4>, <64,4,5>, <65,4,10>, <66,4,1>, <68,4,1>, <69,4,4>, <70,4,5>, <71,4,12>, <72,4,7>, <74,4,5>, <76,4,1>, <77,4,6>, <78,4,1>, <79,4,10>, <80,4,11>, <81,4,5>, <82,4,2>, <83,4,4>, <84,4,4>, <85,4,7>, <86,4,4>, <87,4,3>, <89,4,14>, <90,4,2>, <91,4,1>, <93,4,3>, <94,4,5>, <95,4,12>, <96,4,5>, <98,4,5>, <99,4,2>, <100,4,1>, <101,4,5>, <102,4,1>, <103,4,7>, <104,4,8>, <105,4,1>, <106,4,4>, <107,4,12>, <108,4,1>, <111,4,7>, <112,4,2>, <113,4,10>, <114,4,7>, <117,4,5>, <118,4,2>, <119,4,4>, <120,4,3>, <121,4,3>, <122,4,4>, <123,4,3>, <124,4,3>, <125,4,4>, <126,4,3>, <127,4,5>, <128,4,6>, <129,4,2>, <130,4,4>, <131,4,4>, <132,4,1>, <133,4,8>, <134,4,1>, <135,4,1>, <136,4,5>, <137,4,1>, <138,4,2>, <139,4,4>, <140,4,2>, <142,4,3>, <143,4,1>, <144,4,8>, <145,4,5>, <146,4,1>, <147,4,1>, <148,4,3>, <149,4,2>, <150,4,1>, <151,4,1>, <152,4,3>, <153,4,5>, <154,4,5>, <155,4,1>, <157,4,7>, <158,4,3>, <159,4,7>, <161,4,1>, <162,4,1>, <163,4,2>, <164,4,1>, <165,4,4>, <166,4,1>, <167,4,5>, <169,4,2>, <171,4,2>, <172,4,9>, <173,4,2>, <174,4,1>, <175,4,2>, <176,4,4>, <177,4,1>, <178,4,1>, <179,4,1>, <180,4,1>, <181,4,3>, <183,4,1>, <184,4,1>, <185,4,5>, <186,4,4>, <187,4,3>, <188,4,2>, <189,4,10>, <190,4,2>, <191,4,8>, <192,4,1>, <194,4,4>, <195,4,2>, <196,4,2>, <197,4,7>, <198,4,3>, <199,4,1>, <200,4,1>, <201,4,1>, <202,4,4>, <203,4,4>, <204,4,1>, <205,4,1>, <206,4,4>, <207,4,2>, <208,4,1>, <209,4,1>, <210,4,1>, <212,4,1>, <213,4,2>, <214,4,1>, <215,4,1>, <216,4,2>, <217,4,2>, <218,4,1>, <220,4,1>, <221,4,9>, <223,4,4>, <224,4,2>, <225,4,1>, <228,4,4>, <229,4,1>, <230,4,1>, <231,4,1>, <232,4,5>, <233,4,1>, <234,4,3>, <235,4,1>, <236,4,2>, <237,4,2>, <239,4,3>, <240,4,1>, <241,4,1>, <242,4,3>, <243,4,3>, <244,4,2>, <246,4,3>, <247,4,3>, <248,4,3>, <250,4,5>, <251,4,1>, <253,4,2>, <255,4,1>, <256,4,3>, <258,4,2>, <260,4,4>, <262,4,1>, <263,4,1>, <265,4,2>, <266,4,2>, <267,4,2>, <268,4,6>, <269,4,3>, <270,4,2>, <272,4,1>, <273,4,2>, <274,4,1>, <275,4,3>, <276,4,2>, <277,4,2>, <278,4,1>, <279,4,3>, <280,4,4>, <281,4,1>, <283,4,2>, <284,4,2>, <288,4,6>, <289,4,1>, <290,4,4>, <291,4,1>, <293,4,1>, <294,4,1>, <295,4,1>, <298,4,2>, <300,4,1>, <301,4,3>, <302,4,2>, <304,4,2>, <305,4,2>, <306,4,2>, <307,4,1>, <308,4,2>, <309,4,1>, <310,4,2>, <311,4,2>, <312,4,1>, <314,4,1>, <315,4,3>, <318,4,2>, <319,4,1>, <321,4,4>, <322,4,4>, <323,4,2>, <325,4,1>, <326,4,1>, <328,4,1>, <329,4,1>, <330,4,1>, <331,4,1>, <332,4,1>, <335,4,6>, <336,4,1>, <337,4,1>, <340,4,1>, <341,4,1>, <344,4,4>, <345,4,2>, <346,4,1>, <347,4,1>, <348,4,1>, <349,4,4>, <350,4,1>, <354,4,1>, <356,4,1>, <357,4,3>, <358,4,3>, <360,4,1>, <362,4,1>, <363,4,1>, <364,4,1>, <365,4,2>, <366,4,1>, <368,4,1>, <369,4,1>, <371,4,2>, <372,4,1>, <375,4,1>, <376,4,4>, <378,4,3>, <380,4,1>, <381,4,4>, <382,4,2>, <383,4,2>, <384,4,4>, <385,4,1>, <387,4,2>, <390,4,1>, <391,4,1>, <392,4,5>, <393,4,1>, <395,4,2>, <398,4,1>, <399,4,1>, <400,4,2>, <403,4,1>, <405,4,1>, <406,4,1>, <411,4,1>, <412,4,1>, <414,4,2>, <415,4,2>, <417,4,4>, <420,4,1>, <421,4,1>, <423,4,1>, <424,4,1>, <425,4,2>, <426,4,2>, <427,4,1>, <431,4,4>, <432,4,2>, <433,4,2>, <435,4,2>, <436,4,1>, <437,4,1>, <438,4,1>, <440,4,1>, <441,4,1>, <443,4,2>, <444,4,2>, <445,4,3>, <446,4,1>, <447,4,1>, <448,4,1>, <449,4,1>, <450,4,1>, <452,4,5>, <455,4,1>, <456,4,1>, <457,4,1>, <460,4,1>, <463,4,1>, <464,4,1>, <465,4,5>, <466,4,1>, <470,4,1>, <472,4,3>, <473,4,1>, <479,4,1>, <480,4,1>, <481,4,1>, <483,4,4>, <485,4,2>, <486,4,2>, <487,4,1>, <490,4,1>, <491,4,1>, <493,4,2>, <494,4,1>, <495,4,1>, <497,4,1>, <499,4,1>, <501,4,1>, <502,4,3>, <507,4,3>, <508,4,1>, <509,4,2>, <510,4,2>, <511,4,2>, <512,4,3>, <518,4,2>, <519,4,1>, <523,4,1>, <526,4,2>, <527,4,3>, <531,4,2>, <533,4,1>, <538,4,1>, <540,4,2>, <542,4,1>, <544,4,1>, <546,4,1>, <550,4,1>, <551,4,2>, <552,4,1>, <553,4,2>, <554,4,1>, <555,4,2>, <556,4,2>, <559,4,1>, <560,4,1>, <561,4,1>, <564,4,1>, <566,4,2>, <568,4,1>, <570,4,1>, <571,4,3>, <572,4,1>, <574,4,1>, <575,4,1>, <576,4,2>, <577,4,1>, <578,4,2>, <581,4,2>, <582,4,1>, <583,4,4>, <589,4,1>, <590,4,1>, <591,4,1>, <592,4,2>, <600,4,1>, <602,4,1>, <603,4,2>, <604,4,1>, <605,4,1>, <608,4,3>, <609,4,1>, <611,4,1>, <612,4,2>, <616,4,1>, <623,4,1>, <625,4,1>, <626,4,1>, <641,4,1>, <643,4,1>, <650,4,1>, <652,4,2>, <654,4,2>, <658,4,1>, <659,4,2>, <660,4,1>, <661,4,1>, <663,4,3>, <664,4,1>, <669,4,1>, <672,4,1>, <675,4,1>, <680,4,2>, <684,4,1>, <685,4,1>, <686,4,1>, <687,4,1>, <692,4,1>, <695,4,2>, <696,4,2>, <697,4,1>, <698,4,1>, <699,4,1>, <700,4,3>, <701,4,1>, <704,4,3>, <706,4,1>, <709,4,1>, <710,4,2>, <716,4,1>, <717,4,1>, <720,4,1>, <724,4,1>, <725,4,3>, <727,4,1>, <734,4,1>, <735,4,1>, <736,4,1>, <737,4,1>, <742,4,1>, <743,4,1>, <745,4,1>, <746,4,1>, <749,4,1>, <754,4,1>, <756,4,1>, <758,4,1>, <759,4,3>, <760,4,1>, <761,4,1>, <762,4,3>, <763,4,1>, <764,4,1>, <765,4,1>, <770,4,1>, <776,4,1>, <778,4,1>, <787,4,2>, <789,4,1>, <790,4,1>, <794,4,3>, <795,4,1>, <797,4,1>, <802,4,1>, <803,4,2>, <804,4,3>, <809,4,1>, <810,4,1>, <811,4,1>, <814,4,1>, <816,4,1>, <817,4,1>, <818,4,1>, <822,4,3>, <824,4,1>, <826,4,1>, <829,4,1>, <830,4,1>, <834,4,1>, <836,4,1>, <841,4,1>, <843,4,1>, <850,4,2>, <855,4,2>, <862,4,1>, <863,4,2>, <864,4,1>, <866,4,1>, <875,4,1>, <877,4,1>, <878,4,1>, <879,4,1>, <884,4,3>, <886,4,1>, <887,4,2>, <894,4,1>, <902,4,1>, <905,4,1>, <907,4,1>, <913,4,1>, <914,4,1>, <919,4,2>, <920,4,1>, <928,4,1>, <930,4,1>, <932,4,1>, <933,4,1>, <934,4,1>, <935,4,1>, <938,4,1>, <939,4,1>, <943,4,1>, <951,4,1>, <952,4,2>, <956,4,2>, <958,4,1>, <959,4,1>, <960,4,2>, <961,4,1>, <965,4,1>, <966,4,1>, <971,4,1>, <976,4,1>, <979,4,1>, <981,4,1>, <983,4,1>, <985,4,1>, <988,4,1>, <989,4,1>, <992,4,1>, <994,4,1>, <996,4,1>, <998,4,1>, <1000,4,1>, <1,5,127>, <2,5,47>, <3,5,143>, <4,5,43>, <5,5,138>, <6,5,127>, <7,5,31>, <8,5,38>, <9,5,120>, <10,5,98>, <11,5,26>, <12,5,47>, <13,5,4>, <14,5,13>, <15,5,35>, <16,5,10>, <17,5,19>, <18,5,12>, <19,5,70>, <20,5,6>, <21,5,2>, <22,5,2>, <23,5,2>, <24,5,15>, <25,5,3>, <26,5,31>, <27,5,4>, <28,5,22>, <29,5,10>, <30,5,4>, <31,5,29>, <33,5,8>, <34,5,7>, <35,5,2>, <36,5,21>, <37,5,12>, <38,5,1>, <39,5,4>, <40,5,8>, <41,5,23>, <42,5,17>, <43,5,18>, <44,5,12>, <45,5,12>, <46,5,7>, <47,5,4>, <48,5,2>, <49,5,27>, <50,5,6>, <51,5,13>, <52,5,7>, <53,5,13>, <54,5,10>, <55,5,4>, <56,5,7>, <57,5,5>, <58,5,3>, <59,5,1>, <60,5,13>, <61,5,9>, <62,5,10>, <63,5,27>, <64,5,9>, <65,5,12>, <66,5,3>, <67,5,7>, <68,5,1>, <69,5,12>, <70,5,14>, <71,5,7>, <72,5,8>, <73,5,4>, <74,5,4>, <75,5,9>, <76,5,3>, <77,5,9>, <78,5,11>, <79,5,18>, <80,5,1>, <81,5,14>, <82,5,7>, <83,5,11>, <85,5,8>, <86,5,4>, <87,5,6>, <88,5,9>, <90,5,6>, <91,5,10>, <92,5,3>, <93,5,3>, <95,5,1>, <97,5,1>, <99,5,5>, <100,5,6>, <101,5,2>, <102,5,3>, <103,5,2>, <104,5,1>, <105,5,3>, <108,5,8>, <109,5,12>, <110,5,9>, <111,5,3>, <112,5,4>, <113,5,3>, <114,5,12>, <115,5,2>, <116,5,3>, <117,5,4>, <118,5,6>, <119,5,9>, <120,5,3>, <121,5,1>, <122,5,4>, <123,5,6>, <124,5,1>, <125,5,3>, <126,5,4>, <127,5,5>, <128,5,1>, <129,5,4>, <130,5,6>, <131,5,1>, <132,5,10>, <134,5,1>, <135,5,5>, <136,5,2>, <137,5,2>, <138,5,3>, <139,5,6>, <140,5,1>, <141,5,1>, <142,5,1>, <143,5,1>, <144,5,2>, <146,5,4>, <147,5,5>, <148,5,4>, <149,5,1>, <150,5,13>, <151,5,5>, <153,5,5>, <154,5,1>, <155,5,5>, <156,5,1>, <157,5,4>, <158,5,5>, <159,5,1>, <161,5,7>, <162,5,2>, <163,5,2>, <164,5,5>, <165,5,6>, <166,5,2>, <167,5,5>, <168,5,4>, <169,5,2>, <170,5,2>, <171,5,2>, <172,5,1>, <174,5,1>, <175,5,1>, <176,5,5>, <177,5,1>, <178,5,1>, <179,5,6>, <180,5,1>, <181,5,1>, <183,5,3>, <184,5,7>, <185,5,1>, <186,5,1>, <187,5,3>, <188,5,2>, <190,5,2>, <191,5,2>, <192,5,2>, <195,5,2>, <197,5,1>, <200,5,5>, <201,5,6>, <202,5,3>, <203,5,7>, <204,5,7>, <205,5,1>, <206,5,8>, <207,5,3>, <209,5,4>, <210,5,6>, <211,5,2>, <212,5,5>, <213,5,5>, <215,5,1>, <216,5,2>, <218,5,1>, <221,5,1>, <222,5,1>, <223,5,2>, <224,5,3>, <225,5,1>, <226,5,2>, <227,5,1>, <228,5,2>, <229,5,5>, <230,5,2>, <231,5,3>, <232,5,1>, <235,5,5>, <237,5,4>, <238,5,1>, <239,5,4>, <241,5,1>, <242,5,2>, <243,5,1>, <244,5,2>, <245,5,4>, <246,5,7>, <247,5,2>, <248,5,1>, <249,5,1>, <250,5,2>, <252,5,2>, <253,5,4>, <255,5,1>, <256,5,1>, <257,5,1>, <259,5,1>, <260,5,4>, <264,5,1>, <265,5,1>, <266,5,1>, <268,5,2>, <269,5,3>, <272,5,1>, <274,5,1>, <275,5,2>, <277,5,1>, <278,5,1>, <279,5,3>, <280,5,2>, <281,5,6>, <282,5,1>, <283,5,4>, <284,5,1>, <285,5,3>, <286,5,1>, <287,5,1>, <288,5,1>, <291,5,2>, <292,5,1>, <293,5,1>, <294,5,1>, <295,5,1>, <296,5,2>, <297,5,1>, <298,5,3>, <299,5,3>, <300,5,3>, <302,5,1>, <303,5,1>, <304,5,1>, <309,5,1>, <312,5,1>, <313,5,1>, <316,5,2>, <317,5,3>, <318,5,2>, <319,5,1>, <321,5,1>, <322,5,1>, <323,5,1>, <324,5,4>, <325,5,1>, <326,5,1>, <328,5,1>, <329,5,1>, <331,5,3>, <333,5,1>, <334,5,1>, <335,5,2>, <336,5,1>, <337,5,2>, <338,5,2>, <339,5,1>, <340,5,3>, <341,5,4>, <342,5,2>, <347,5,2>, <348,5,2>, <349,5,1>, <351,5,1>, <352,5,1>, <353,5,1>, <354,5,3>, <355,5,1>, <357,5,2>, <361,5,1>, <362,5,4>, <363,5,3>, <364,5,1>, <366,5,1>, <368,5,1>, <369,5,1>, <370,5,3>, <372,5,1>, <376,5,2>, <377,5,1>, <379,5,3>, <380,5,2>, <381,5,1>, <382,5,3>, <383,5,2>, <385,5,1>, <386,5,3>, <387,5,2>, <388,5,1>, <389,5,1>, <391,5,1>, <392,5,1>, <393,5,3>, <395,5,2>, <396,5,1>, <397,5,2>, <398,5,3>, <399,5,1>, <400,5,1>, <402,5,2>, <403,5,2>, <404,5,1>, <405,5,1>, <406,5,3>, <409,5,1>, <410,5,1>, <411,5,1>, <412,5,1>, <413,5,1>, <418,5,1>, <419,5,3>, <420,5,1>, <421,5,1>, <422,5,2>, <423,5,1>, <424,5,1>, <427,5,3>, <430,5,1>, <431,5,1>, <432,5,1>, <434,5,5>, <435,5,4>, <437,5,1>, <439,5,1>, <440,5,1>, <441,5,1>, <443,5,2>, <445,5,1>, <446,5,1>, <447,5,2>, <449,5,1>, <450,5,2>, <451,5,3>, <455,5,1>, <457,5,4>, <459,5,1>, <460,5,1>, <461,5,1>, <462,5,2>, <463,5,1>, <465,5,2>, <466,5,2>, <468,5,1>, <469,5,2>, <470,5,1>, <472,5,1>, <475,5,1>, <476,5,1>, <477,5,1>, <479,5,1>, <480,5,2>, <481,5,4>, <482,5,1>, <483,5,2>, <484,5,2>, <485,5,2>, <488,5,2>, <490,5,1>, <491,5,1>, <493,5,1>, <494,5,1>, <495,5,2>, <497,5,1>, <499,5,2>, <501,5,1>, <502,5,1>, <503,5,1>, <505,5,1>, <506,5,1>, <507,5,1>, <508,5,1>, <510,5,1>, <511,5,1>, <512,5,1>, <514,5,1>, <517,5,1>, <519,5,1>, <520,5,1>, <521,5,4>, <523,5,1>, <524,5,2>, <525,5,1>, <528,5,1>, <529,5,1>, <533,5,2>, <535,5,1>, <536,5,1>, <537,5,1>, <538,5,1>, <541,5,1>, <543,5,1>, <550,5,1>, <551,5,1>, <553,5,1>, <554,5,1>, <555,5,1>, <556,5,3>, <557,5,1>, <558,5,1>, <561,5,4>, <563,5,1>, <564,5,3>, <566,5,4>, <569,5,1>, <571,5,1>, <572,5,1>, <575,5,1>, <576,5,1>, <577,5,1>, <578,5,1>, <579,5,2>, <580,5,1>, <584,5,1>, <586,5,1>, <588,5,3>, <589,5,1>, <590,5,1>, <592,5,1>, <595,5,1>, <598,5,1>, <599,5,1>, <600,5,1>, <602,5,1>, <605,5,1>, <607,5,1>, <609,5,1>, <610,5,1>, <612,5,1>, <613,5,1>, <614,5,1>, <615,5,3>, <616,5,1>, <617,5,2>, <621,5,1>, <623,5,1>, <626,5,1>, <628,5,1>, <629,5,1>, <631,5,1>, <637,5,1>, <638,5,1>, <646,5,1>, <647,5,1>, <648,5,1>, <649,5,1>, <651,5,2>, <654,5,2>, <658,5,1>, <661,5,1>, <665,5,1>, <669,5,1>, <670,5,1>, <671,5,1>, <672,5,1>, <674,5,1>, <676,5,1>, <679,5,1>, <682,5,1>, <683,5,1>, <685,5,1>, <686,5,1>, <689,5,2>, <690,5,1>, <691,5,6>, <692,5,1>, <695,5,1>, <696,5,2>, <697,5,1>, <698,5,3>, <699,5,1>, <700,5,1>, <708,5,1>, <712,5,1>, <716,5,1>, <719,5,1>, <723,5,1>, <724,5,2>, <725,5,1>, <726,5,1>, <727,5,1>, <732,5,2>, <735,5,2>, <738,5,1>, <740,5,1>, <742,5,1>, <746,5,1>, <748,5,1>, <749,5,1>, <756,5,5>, <758,5,2>, <760,5,2>, <762,5,1>, <763,5,1>, <764,5,1>, <766,5,2>, <767,5,1>, <769,5,2>, <773,5,1>, <775,5,1>, <776,5,2>, <783,5,1>, <785,5,1>, <786,5,1>, <787,5,1>, <790,5,1>, <793,5,1>, <794,5,1>, <799,5,1>, <803,5,1>, <804,5,1>, <805,5,1>, <807,5,1>, <808,5,1>, <809,5,2>, <810,5,1>, <817,5,1>, <822,5,1>, <824,5,1>, <826,5,1>, <827,5,1>, <828,5,1>, <830,5,2>, <832,5,1>, <835,5,1>, <839,5,1>, <841,5,1>, <847,5,1>, <851,5,1>, <852,5,1>, <858,5,1>, <863,5,1>, <864,5,1>, <866,5,3>, <869,5,3>, <870,5,1>, <873,5,1>, <877,5,1>, <878,5,1>, <882,5,1>, <883,5,2>, <885,5,1>, <887,5,1>, <899,5,1>, <902,5,1>, <903,5,1>, <911,5,2>, <914,5,3>, <922,5,1>, <931,5,1>, <939,5,1>, <940,5,1>, <942,5,1>, <943,5,1>, <947,5,1>, <951,5,1>, <956,5,1>, <957,5,1>, <960,5,1>, <963,5,1>, <966,5,1>, <968,5,1>, <976,5,1>, <977,5,1>, <979,5,1>, <981,5,1>, <982,5,1>, <984,5,1>, <991,5,1>, <992,5,2>, <998,5,1>, <999,5,1>, <1,8,622>, <2,8,438>, <3,8,163>, <4,8,30>, <5,8,127>, <6,8,48>, <7,8,71>, <8,8,148>, <9,8,10>, <10,8,12>, <11,8,81>, <12,8,53>, <13,8,51>, <14,8,13>, <15,8,8>, <16,8,8>, <17,8,11>, <18,8,6>, <19,8,55>, <20,8,10>, <21,8,46>, <22,8,42>, <23,8,15>, <24,8,5>, <25,8,23>, <26,8,11>, <27,8,10>, <28,8,4>, <29,8,31>, <30,8,1>, <31,8,9>, <32,8,45>, <33,8,26>, <34,8,24>, <35,8,21>, <36,8,26>, <37,8,19>, <38,8,14>, <39,8,4>, <40,8,4>, <41,8,6>, <42,8,4>, <43,8,10>, <44,8,15>, <45,8,16>, <46,8,4>, <47,8,7>, <48,8,10>, <50,8,18>, <51,8,3>, <52,8,3>, <53,8,1>, <54,8,1>, <55,8,3>, <56,8,12>, <57,8,15>, <58,8,20>, <59,8,1>, <60,8,6>, <61,8,9>, <62,8,6>, <63,8,8>, <64,8,7>, <65,8,3>, <66,8,4>, <67,8,13>, <68,8,8>, <69,8,3>, <70,8,1>, <71,8,2>, <72,8,8>, <73,8,4>, <74,8,6>, <75,8,13>, <76,8,14>, <77,8,2>, <78,8,8>, <80,8,1>, <81,8,10>, <82,8,9>, <83,8,4>, <84,8,2>, <85,8,4>, <86,8,1>, <87,8,5>, <88,8,4>, <89,8,6>, <90,8,3>, <91,8,1>, <93,8,5>, <94,8,2>, <95,8,5>, <96,8,16>, <97,8,7>, <98,8,3>, <99,8,9>, <100,8,9>, <101,8,3>, <103,8,2>, <104,8,2>, <105,8,6>, <106,8,11>, <107,8,5>, <108,8,3>, <109,8,5>, <110,8,12>, <111,8,6>, <112,8,1>, <113,8,1>, <114,8,6>, <115,8,8>, <116,8,2>, <117,8,2>, <118,8,3>, <119,8,1>, <120,8,5>, <121,8,1>, <122,8,1>, <123,8,6>, <124,8,1>, <125,8,6>, <126,8,5>, <127,8,1>, <128,8,5>, <129,8,2>, <130,8,2>, <131,8,2>, <132,8,1>, <133,8,5>, <134,8,3>, <136,8,2>, <137,8,1>, <138,8,1>, <139,8,4>, <140,8,1>, <141,8,6>, <142,8,1>, <144,8,1>, <146,8,1>, <147,8,1>, <148,8,1>, <149,8,2>, <150,8,1>, <151,8,1>, <152,8,3>, <153,8,3>, <154,8,3>, <155,8,3>, <156,8,2>, <157,8,1>, <158,8,1>, <159,8,6>, <160,8,5>, <161,8,5>, <163,8,2>, <164,8,3>, <165,8,2>, <168,8,2>, <169,8,2>, <170,8,2>, <171,8,1>, <172,8,2>, <173,8,4>, <175,8,3>, <176,8,2>, <177,8,2>, <178,8,1>, <180,8,1>, <181,8,2>, <182,8,15>, <184,8,4>, <185,8,1>, <186,8,6>, <187,8,3>, <188,8,4>, <189,8,1>, <191,8,1>, <192,8,2>, <193,8,4>, <194,8,1>, <195,8,1>, <196,8,3>, <197,8,2>, <198,8,4>, <199,8,6>, <200,8,3>, <201,8,1>, <202,8,4>, <203,8,2>, <204,8,2>, <205,8,4>, <206,8,1>, <207,8,5>, <209,8,1>, <210,8,2>, <211,8,1>, <212,8,1>, <215,8,3>, <216,8,3>, <217,8,1>, <218,8,1>, <219,8,3>, <221,8,2>, <222,8,5>, <223,8,8>, <225,8,1>, <226,8,5>, <227,8,5>, <229,8,1>, <231,8,1>, <232,8,2>, <233,8,2>, <234,8,4>, <235,8,4>, <236,8,4>, <237,8,1>, <238,8,3>, <241,8,3>, <243,8,3>, <244,8,1>, <245,8,1>, <246,8,2>, <247,8,4>, <248,8,2>, <249,8,2>, <250,8,1>, <251,8,4>, <253,8,3>, <255,8,1>, <256,8,2>, <257,8,2>, <258,8,3>, <259,8,1>, <260,8,1>, <261,8,1>, <264,8,1>, <265,8,2>, <266,8,3>, <267,8,3>, <269,8,1>, <270,8,2>, <271,8,1>, <272,8,2>, <275,8,1>, <277,8,1>, <278,8,3>, <280,8,1>, <284,8,2>, <285,8,1>, <286,8,1>, <288,8,1>, <289,8,8>, <290,8,4>, <291,8,5>, <292,8,2>, <293,8,2>, <294,8,1>, <295,8,2>, <296,8,1>, <297,8,5>, <299,8,2>, <300,8,1>, <301,8,4>, <302,8,1>, <306,8,2>, <308,8,7>, <309,8,1>, <310,8,1>, <311,8,2>, <312,8,2>, <313,8,1>, <314,8,1>, <315,8,1>, <316,8,2>, <317,8,1>, <318,8,1>, <319,8,3>, <320,8,1>, <321,8,1>, <322,8,1>, <323,8,2>, <324,8,1>, <325,8,1>, <326,8,4>, <327,8,1>, <328,8,1>, <329,8,6>, <330,8,4>, <331,8,1>, <332,8,1>, <334,8,1>, <337,8,1>, <339,8,1>, <340,8,1>, <343,8,1>, <344,8,2>, <346,8,1>, <347,8,3>, <348,8,1>, <349,8,1>, <350,8,3>, <351,8,2>, <352,8,1>, <353,8,1>, <354,8,1>, <356,8,3>, <358,8,2>, <360,8,1>, <361,8,2>, <362,8,1>, <363,8,1>, <364,8,3>, <365,8,2>, <366,8,1>, <368,8,1>, <371,8,1>, <372,8,2>, <376,8,1>, <377,8,1>, <378,8,1>, <379,8,4>, <380,8,1>, <383,8,1>, <386,8,3>, <388,8,2>, <390,8,1>, <391,8,3>, <392,8,1>, <393,8,3>, <394,8,2>, <396,8,1>, <398,8,1>, <399,8,4>, <400,8,2>, <401,8,1>, <404,8,2>, <409,8,4>, <410,8,1>, <411,8,1>, <412,8,2>, <413,8,2>, <414,8,3>, <415,8,3>, <416,8,1>, <417,8,2>, <418,8,2>, <420,8,2>, <421,8,1>, <422,8,1>, <423,8,2>, <424,8,1>, <425,8,1>, <427,8,2>, <428,8,1>, <429,8,2>, <430,8,1>, <436,8,1>, <439,8,1>, <440,8,2>, <443,8,1>, <444,8,3>, <445,8,1>, <447,8,1>, <449,8,1>, <453,8,1>, <454,8,3>, <455,8,5>, <456,8,1>, <457,8,1>, <458,8,2>, <459,8,3>, <460,8,1>, <461,8,3>, <462,8,1>, <463,8,2>, <466,8,6>, <467,8,1>, <470,8,1>, <471,8,1>, <473,8,2>, <475,8,1>, <477,8,2>, <478,8,2>, <480,8,1>, <484,8,1>, <486,8,2>, <488,8,2>, <489,8,1>, <490,8,1>, <491,8,1>, <494,8,1>, <495,8,1>, <496,8,1>, <497,8,1>, <501,8,1>, <503,8,1>, <505,8,3>, <506,8,1>, <508,8,2>, <511,8,2>, <513,8,1>, <515,8,1>, <517,8,3>, <518,8,1>, <519,8,1>, <520,8,2>, <521,8,2>, <523,8,2>, <526,8,1>, <527,8,2>, <530,8,2>, <531,8,1>, <533,8,1>, <535,8,1>, <536,8,1>, <537,8,1>, <538,8,3>, <540,8,1>, <541,8,2>, <542,8,1>, <544,8,5>, <545,8,1>, <547,8,1>, <548,8,1>, <549,8,1>, <550,8,1>, <553,8,2>, <556,8,1>, <557,8,1>, <558,8,1>, <559,8,1>, <562,8,1>, <565,8,2>, <567,8,1>, <568,8,3>, <569,8,1>, <570,8,3>, <572,8,2>, <575,8,1>, <576,8,1>, <577,8,1>, <578,8,1>, <582,8,2>, <583,8,1>, <586,8,1>, <587,8,1>, <588,8,1>, <590,8,1>, <591,8,3>, <593,8,1>, <595,8,1>, <597,8,1>, <599,8,1>, <603,8,3>, <604,8,1>, <612,8,1>, <613,8,1>, <615,8,1>, <616,8,2>, <617,8,1>, <618,8,2>, <621,8,1>, <625,8,1>, <626,8,2>, <630,8,2>, <631,8,1>, <632,8,1>, <633,8,1>, <635,8,2>, <636,8,1>, <637,8,1>, <638,8,1>, <643,8,1>, <647,8,2>, <648,8,2>, <650,8,1>, <651,8,1>, <655,8,1>, <659,8,2>, <660,8,1>, <664,8,2>, <669,8,1>, <672,8,1>, <675,8,1>, <677,8,1>, <679,8,1>, <680,8,2>, <681,8,1>, <684,8,1>, <685,8,1>, <686,8,1>, <687,8,2>, <688,8,1>, <689,8,1>, <691,8,1>, <698,8,1>, <700,8,2>, <703,8,1>, <704,8,1>, <709,8,1>, <710,8,1>, <712,8,1>, <716,8,1>, <720,8,2>, <721,8,1>, <724,8,2>, <725,8,1>, <726,8,2>, <737,8,1>, <741,8,1>, <747,8,1>, <752,8,1>, <754,8,2>, <756,8,3>, <763,8,1>, <764,8,1>, <765,8,1>, <768,8,3>, <776,8,1>, <780,8,3>, <782,8,1>, <785,8,1>, <786,8,1>, <787,8,2>, <788,8,1>, <791,8,1>, <792,8,2>, <795,8,1>, <799,8,1>, <803,8,1>, <806,8,1>, <807,8,2>, <816,8,2>, <817,8,1>, <822,8,1>, <826,8,1>, <829,8,3>, <830,8,1>, <832,8,1>, <836,8,1>, <839,8,2>, <840,8,1>, <841,8,1>, <843,8,1>, <845,8,1>, <847,8,1>, <850,8,1>, <855,8,1>, <858,8,1>, <862,8,1>, <875,8,1>, <878,8,1>, <882,8,1>, <885,8,1>, <886,8,1>, <887,8,1>, <893,8,1>, <894,8,2>, <895,8,1>, <899,8,1>, <900,8,1>, <903,8,1>, <906,8,2>, <909,8,1>, <911,8,2>, <914,8,1>, <919,8,1>, <920,8,1>, <931,8,2>, <935,8,1>, <938,8,2>, <940,8,1>, <941,8,1>, <942,8,2>, <944,8,1>, <947,8,1>, <949,8,1>, <950,8,1>, <951,8,1>, <954,8,1>, <958,8,2>, <960,8,1>, <963,8,1>, <964,8,1>, <968,8,1>, <971,8,1>, <973,8,1>, <975,8,1>, <976,8,1>, <977,8,3>, <984,8,1>, <988,8,1>, <990,8,1>, <991,8,1>, <994,8,2>, <995,8,1>, <997,8,1>, <998,8,1>, <1000,8,1>, <1,9,1169>, <2,9,182>, <3,9,147>, <4,9,38>, <5,9,14>, <6,9,78>, <7,9,30>, <8,9,13>, <9,9,59>, <10,9,35>, <11,9,51>, <12,9,3>, <13,9,88>, <14,9,30>, <15,9,61>, <16,9,9>, <17,9,53>, <18,9,44>, <19,9,8>, <20,9,17>, <21,9,31>, <22,9,13>, <23,9,3>, <24,9,21>, <25,9,52>, <26,9,37>, <27,9,1>, <28,9,44>, <29,9,4>, <30,9,11>, <31,9,7>, <32,9,24>, <33,9,9>, <34,9,10>, <35,9,10>, <36,9,1>, <37,9,4>, <38,9,9>, <39,9,1>, <40,9,2>, <41,9,11>, <43,9,8>, <44,9,19>, <45,9,9>, <46,9,6>, <47,9,3>, <49,9,10>, <50,9,13>, <51,9,3>, <52,9,7>, <53,9,14>, <54,9,1>, <55,9,19>, <56,9,4>, <58,9,7>, <59,9,4>, <60,9,4>, <61,9,4>, <63,9,2>, <64,9,7>, <65,9,9>, <66,9,13>, <67,9,1>, <68,9,5>, <70,9,1>, <71,9,4>, <72,9,1>, <73,9,5>, <74,9,7>, <75,9,5>, <76,9,2>, <78,9,4>, <79,9,1>, <80,9,9>, <81,9,1>, <82,9,1>, <83,9,4>, <84,9,7>, <85,9,1>, <86,9,10>, <87,9,4>, <88,9,1>, <89,9,3>, <90,9,2>, <91,9,8>, <92,9,10>, <93,9,10>, <94,9,9>, <95,9,10>, <97,9,7>, <98,9,2>, <99,9,5>, <100,9,1>, <102,9,8>, <103,9,4>, <105,9,1>, <106,9,1>, <107,9,4>, <108,9,5>, <109,9,1>, <110,9,5>, <111,9,4>, <112,9,4>, <113,9,1>, <114,9,1>, <116,9,3>, <117,9,1>, <118,9,3>, <119,9,1>, <120,9,5>, <121,9,1>, <122,9,4>, <123,9,3>, <124,9,3>, <125,9,1>, <126,9,2>, <127,9,2>, <128,9,6>, <129,9,5>, <130,9,2>, <131,9,1>, <132,9,1>, <133,9,6>, <134,9,3>, <135,9,8>, <136,9,1>, <137,9,11>, <138,9,3>, <139,9,1>, <140,9,3>, <141,9,10>, <142,9,1>, <144,9,2>, <145,9,8>, <146,9,4>, <147,9,1>, <148,9,4>, <149,9,4>, <150,9,1>, <151,9,10>, <152,9,6>, <156,9,5>, <158,9,5>, <159,9,8>, <160,9,8>, <161,9,1>, <162,9,6>, <163,9,4>, <164,9,2>, <165,9,1>, <166,9,1>, <168,9,3>, <169,9,4>, <170,9,4>, <171,9,1>, <172,9,1>, <173,9,3>, <174,9,4>, <176,9,2>, <177,9,1>, <178,9,2>, <179,9,6>, <180,9,1>, <181,9,3>, <182,9,1>, <183,9,3>, <186,9,1>, <187,9,3>, <188,9,4>, <190,9,3>, <191,9,2>, <192,9,3>, <193,9,2>, <194,9,6>, <195,9,2>, <196,9,4>, <197,9,1>, <198,9,2>, <200,9,1>, <201,9,1>, <202,9,1>, <203,9,2>, <204,9,1>, <205,9,2>, <207,9,2>, <208,9,1>, <209,9,1>, <210,9,3>, <211,9,1>, <213,9,1>, <214,9,1>, <215,9,3>, <217,9,3>, <218,9,1>, <219,9,3>, <220,9,2>, <221,9,2>, <224,9,1>, <225,9,5>, <227,9,2>, <228,9,3>, <229,9,8>, <230,9,7>, <232,9,2>, <233,9,7>, <235,9,1>, <239,9,2>, <240,9,4>, <241,9,1>, <242,9,1>, <243,9,2>, <244,9,1>, <246,9,1>, <247,9,3>, <248,9,3>, <249,9,2>, <250,9,4>, <251,9,4>, <252,9,1>, <253,9,1>, <256,9,1>, <257,9,5>, <258,9,3>, <259,9,1>, <260,9,2>, <262,9,1>, <263,9,1>, <266,9,1>, <268,9,1>, <269,9,4>, <270,9,2>, <271,9,1>, <272,9,3>, <273,9,4>, <274,9,6>, <276,9,1>, <277,9,2>, <278,9,1>, <279,9,1>, <280,9,3>, <281,9,1>, <282,9,2>, <286,9,1>, <287,9,2>, <288,9,1>, <289,9,1>, <290,9,2>, <291,9,1>, <292,9,1>, <294,9,1>, <295,9,2>, <296,9,1>, <297,9,1>, <301,9,1>, <302,9,1>, <303,9,2>, <305,9,2>, <306,9,1>, <307,9,1>, <309,9,1>, <310,9,2>, <311,9,4>, <312,9,4>, <313,9,1>, <316,9,1>, <317,9,1>, <320,9,1>, <322,9,1>, <323,9,3>, <325,9,2>, <327,9,3>, <328,9,3>, <331,9,1>, <332,9,3>, <333,9,1>, <334,9,1>, <335,9,1>, <336,9,1>, <337,9,1>, <338,9,1>, <339,9,1>, <341,9,3>, <344,9,1>, <345,9,3>, <351,9,1>, <352,9,4>, <353,9,3>, <354,9,1>, <355,9,2>, <356,9,1>, <357,9,1>, <359,9,1>, <360,9,1>, <361,9,1>, <363,9,3>, <365,9,1>, <367,9,1>, <368,9,4>, <369,9,2>, <370,9,2>, <372,9,1>, <376,9,1>, <377,9,2>, <378,9,1>, <379,9,2>, <383,9,1>, <384,9,1>, <386,9,1>, <387,9,1>, <388,9,1>, <389,9,2>, <390,9,2>, <392,9,1>, <393,9,2>, <394,9,1>, <396,9,1>, <397,9,1>, <401,9,1>, <402,9,1>, <403,9,1>, <404,9,1>, <406,9,1>, <407,9,1>, <408,9,1>, <412,9,1>, <413,9,2>, <418,9,1>, <420,9,3>, <421,9,1>, <422,9,1>, <423,9,2>, <425,9,2>, <427,9,2>, <428,9,2>, <430,9,1>, <431,9,1>, <432,9,1>, <433,9,3>, <434,9,1>, <435,9,1>, <437,9,1>, <438,9,3>, <439,9,1>, <440,9,7>, <441,9,1>, <443,9,1>, <444,9,1>, <447,9,2>, <452,9,1>, <453,9,1>, <454,9,2>, <455,9,2>, <456,9,1>, <457,9,1>, <460,9,4>, <463,9,1>, <464,9,4>, <465,9,1>, <466,9,1>, <467,9,1>, <468,9,1>, <469,9,1>, <471,9,1>, <472,9,2>, <473,9,1>, <476,9,2>, <481,9,1>, <483,9,1>, <485,9,5>, <486,9,1>, <490,9,1>, <491,9,1>, <493,9,2>, <494,9,1>, <495,9,2>, <498,9,3>, <499,9,1>, <504,9,1>, <505,9,1>, <506,9,1>, <509,9,2>, <510,9,2>, <512,9,1>, <513,9,2>, <514,9,1>, <515,9,1>, <516,9,1>, <517,9,1>, <518,9,1>, <519,9,1>, <520,9,1>, <522,9,1>, <528,9,2>, <530,9,1>, <531,9,1>, <532,9,1>, <533,9,1>, <535,9,1>, <537,9,1>, <538,9,2>, <539,9,1>, <540,9,1>, <541,9,1>, <543,9,1>, <544,9,3>, <545,9,1>, <547,9,1>, <548,9,1>, <550,9,1>, <552,9,1>, <553,9,1>, <555,9,1>, <556,9,1>, <560,9,1>, <562,9,1>, <563,9,1>, <564,9,1>, <566,9,1>, <569,9,1>, <570,9,1>, <572,9,1>, <575,9,2>, <576,9,1>, <577,9,1>, <582,9,1>, <583,9,1>, <587,9,1>, <588,9,4>, <589,9,1>, <590,9,1>, <591,9,2>, <592,9,2>, <595,9,1>, <599,9,1>, <600,9,1>, <605,9,1>, <608,9,1>, <611,9,2>, <612,9,1>, <614,9,1>, <616,9,1>, <617,9,1>, <621,9,1>, <631,9,1>, <633,9,2>, <635,9,1>, <638,9,1>, <641,9,3>, <642,9,1>, <643,9,1>, <648,9,1>, <651,9,2>, <654,9,1>, <655,9,1>, <661,9,1>, <663,9,1>, <668,9,1>, <671,9,2>, <672,9,1>, <676,9,1>, <677,9,1>, <678,9,1>, <679,9,2>, <680,9,1>, <681,9,1>, <683,9,2>, <685,9,1>, <687,9,3>, <688,9,1>, <691,9,1>, <692,9,2>, <695,9,1>, <701,9,2>, <708,9,1>, <712,9,3>, <713,9,1>, <714,9,2>, <716,9,1>, <717,9,1>, <718,9,1>, <721,9,1>, <727,9,1>, <728,9,1>, <729,9,2>, <732,9,1>, <736,9,1>, <737,9,1>, <738,9,1>, <741,9,1>, <742,9,2>, <744,9,1>, <746,9,1>, <752,9,1>, <753,9,1>, <755,9,1>, <756,9,1>, <762,9,1>, <763,9,2>, <765,9,2>, <767,9,1>, <777,9,2>, <780,9,1>, <781,9,1>, <782,9,1>, <784,9,1>, <785,9,1>, <788,9,3>, <794,9,3>, <795,9,1>, <797,9,2>, <799,9,1>, <800,9,1>, <804,9,1>, <805,9,1>, <807,9,1>, <809,9,1>, <810,9,1>, <811,9,1>, <814,9,1>, <816,9,2>, <817,9,1>, <822,9,1>, <826,9,1>, <827,9,1>, <828,9,2>, <833,9,1>, <834,9,1>, <837,9,1>, <839,9,1>, <845,9,1>, <852,9,1>, <853,9,1>, <855,9,1>, <857,9,1>, <860,9,1>, <862,9,1>, <866,9,1>, <871,9,2>, <873,9,1>, <875,9,1>, <876,9,1>, <877,9,1>, <882,9,1>, <884,9,1>, <885,9,1>, <890,9,1>, <891,9,1>, <896,9,1>, <898,9,2>, <901,9,1>, <903,9,1>, <905,9,1>, <906,9,1>, <913,9,2>, <920,9,1>, <930,9,1>, <931,9,1>, <934,9,1>, <937,9,1>, <941,9,1>, <942,9,1>, <943,9,1>, <944,9,2>, <949,9,1>, <955,9,1>, <959,9,1>, <962,9,1>, <964,9,1>, <965,9,2>, <974,9,1>, <977,9,1>, <978,9,1>, <980,9,1>, <983,9,1>, <991,9,1>, <994,9,1>, <1000,9,1> };

MaxCacheStorageAtSingleAS= [ 0  0  1312.5  1312.5  1312.5  0  0  1312.5  1312.5  0 ] ;

MaxCacheStorage = 6562.5 ;
SolutionGap = 0.01 ;
