
ASes= { 1, 2, 3, 4, 5, 6, 7, 8, 9, 10 } ;


Objects= { 1, 2, 3, 4, 5, 6, 7, 8, 9, 10, 11, 12, 13, 14, 15, 16, 17, 18, 19, 20, 21, 22, 23, 24, 25, 26, 27, 28, 29, 30, 31, 32, 33, 34, 35, 36, 37, 38, 39, 40, 41, 42, 43, 44, 45, 46, 47, 48, 49, 50, 51, 52, 53, 54, 55, 56, 57, 58, 59, 60, 61, 62, 63, 64, 65, 66, 67, 68, 69, 70, 71, 72, 73, 74, 75, 76, 77, 78, 79, 80, 81, 82, 83, 84, 85, 86, 87, 88, 89, 90, 91, 92, 93, 94, 95, 96, 97, 98, 99, 100, 101, 102, 103, 104, 105, 106, 107, 108, 109, 110, 111, 112, 113, 114, 115, 116, 117, 118, 119, 120, 121, 122, 123, 124, 125, 126, 127, 128, 129, 130, 131, 132, 133, 134, 135, 136, 137, 138, 139, 140, 141, 142, 143, 144, 145, 146, 147, 148, 149, 150, 151, 152, 153, 154, 155, 156, 157, 158, 159, 160, 161, 162, 163, 164, 165, 166, 167, 168, 169, 170, 171, 172, 173, 174, 175, 176, 177, 178, 179, 180, 181, 182, 183, 184, 185, 186, 187, 188, 189, 190, 191, 192, 193, 194, 195, 196, 197, 198, 199, 200, 201, 202, 203, 204, 205, 206, 207, 208, 209, 210, 211, 212, 213, 214, 215, 216, 217, 218, 219, 220, 221, 222, 223, 224, 225, 226, 227, 228, 229, 230, 231, 232, 233, 234, 235, 236, 237, 238, 239, 240, 241, 242, 243, 244, 245, 246, 247, 248, 249, 250, 251, 252, 253, 254, 255, 256, 257, 258, 259, 260, 261, 262, 263, 264, 265, 266, 267, 268, 269, 270, 271, 272, 273, 274, 275, 276, 277, 278, 279, 280, 281, 282, 283, 284, 285, 286, 287, 288, 289, 290, 291, 292, 293, 294, 295, 296, 297, 298, 299, 300, 301, 302, 303, 304, 305, 306, 307, 308, 309, 310, 311, 312, 313, 314, 315, 316, 317, 318, 319, 320, 321, 322, 323, 324, 325, 326, 327, 328, 329, 330, 331, 332, 333, 334, 335, 336, 337, 338, 339, 340, 341, 342, 343, 344, 345, 346, 347, 348, 349, 350, 351, 352, 353, 354, 355, 356, 357, 358, 359, 360, 361, 362, 363, 364, 365, 366, 367, 368, 369, 370, 371, 372, 373, 374, 375, 376, 377, 378, 379, 380, 381, 382, 383, 384, 385, 386, 387, 388, 389, 390, 391, 392, 393, 394, 395, 396, 397, 398, 399, 400, 401, 402, 403, 404, 405, 406, 407, 408, 409, 410, 411, 412, 413, 414, 415, 416, 417, 418, 419, 420, 421, 422, 423, 424, 425, 426, 427, 428, 429, 430, 431, 432, 433, 434, 435, 436, 437, 438, 439, 440, 441, 442, 443, 444, 445, 446, 447, 448, 449, 450, 451, 452, 453, 454, 455, 456, 457, 458, 459, 460, 461, 462, 463, 464, 465, 466, 467, 468, 469, 470, 471, 472, 473, 474, 475, 476, 477, 478, 479, 480, 481, 482, 483, 484, 485, 486, 487, 488, 489, 490, 491, 492, 493, 494, 495, 496, 497, 498, 499, 500, 501, 502, 503, 504, 505, 506, 507, 508, 509, 510, 511, 512, 513, 514, 515, 516, 517, 518, 519, 520, 521, 522, 523, 524, 525, 526, 527, 528, 529, 530, 531, 532, 533, 534, 535, 536, 537, 538, 539, 540, 541, 542, 543, 544, 545, 546, 547, 548, 549, 550, 551, 552, 553, 554, 555, 556, 557, 558, 559, 560, 561, 562, 563, 564, 565, 566, 567, 568, 569, 570, 571, 572, 573, 574, 575, 576, 577, 578, 579, 580, 581, 582, 583, 584, 585, 586, 587, 588, 589, 590, 591, 592, 593, 594, 595, 596, 597, 598, 599, 600, 601, 602, 603, 604, 605, 606, 607, 608, 609, 610, 611, 612, 613, 614, 615, 616, 617, 618, 619, 620, 621, 622, 623, 624, 625, 626, 627, 628, 629, 630, 631, 632, 633, 634, 635, 636, 637, 638, 639, 640, 641, 642, 643, 644, 645, 646, 647, 648, 649, 650, 651, 652, 653, 654, 655, 656, 657, 658, 659, 660, 661, 662, 663, 664, 665, 666, 667, 668, 669, 670, 671, 672, 673, 674, 675, 676, 677, 678, 679, 680, 681, 682, 683, 684, 685, 686, 687, 688, 689, 690, 691, 692, 693, 694, 695, 696, 697, 698, 699, 700, 701, 702, 703, 704, 705, 706, 707, 708, 709, 710, 711, 712, 713, 714, 715, 716, 717, 718, 719, 720, 721, 722, 723, 724, 725, 726, 727, 728, 729, 730, 731, 732, 733, 734, 735, 736, 737, 738, 739, 740, 741, 742, 743, 744, 745, 746, 747, 748, 749, 750, 751, 752, 753, 754, 755, 756, 757, 758, 759, 760, 761, 762, 763, 764, 765, 766, 767, 768, 769, 770, 771, 772, 773, 774, 775, 776, 777, 778, 779, 780, 781, 782, 783, 784, 785, 786, 787, 788, 789, 790, 791, 792, 793, 794, 795, 796, 797, 798, 799, 800, 801, 802, 803, 804, 805, 806, 807, 808, 809, 810, 811, 812, 813, 814, 815, 816, 817, 818, 819, 820, 821, 822, 823, 824, 825, 826, 827, 828, 829, 830, 831, 832, 833, 834, 835, 836, 837, 838, 839, 840, 841, 842, 843, 844, 845, 846, 847, 848, 849, 850, 851, 852, 853, 854, 855, 856, 857, 858, 859, 860, 861, 862, 863, 864, 865, 866, 867, 868, 869, 870, 871, 872, 873, 874, 875, 876, 877, 878, 879, 880, 881, 882, 883, 884, 885, 886, 887, 888, 889, 890, 891, 892, 893, 894, 895, 896, 897, 898, 899, 900, 901, 902, 903, 904, 905, 906, 907, 908, 909, 910, 911, 912, 913, 914, 915, 916, 917, 918, 919, 920, 921, 922, 923, 924, 925, 926, 927, 928, 929, 930, 931, 932, 933, 934, 935, 936, 937, 938, 939, 940, 941, 942, 943, 944, 945, 946, 947, 948, 949, 950, 951, 952, 953, 954, 955, 956, 957, 958, 959, 960, 961, 962, 963, 964, 965, 966, 967, 968, 969, 970, 971, 972, 973, 974, 975, 976, 977, 978, 979, 980, 981, 982, 983, 984, 985, 986, 987, 988, 989, 990, 991, 992, 993, 994, 995, 996, 997, 998, 999, 1000 } ;


QualityLevels= { 0, 1, 2, 3, 4, 5 } ;

Arcs = { <1,2,490000>, <2,1,490000>,<1,3,490000>, <3,1,490000>,<2,4,490000>, <4,2,490000>,<2,5,490000>, <5,2,490000>,<1,6,490000>, <6,1,490000>,<6,7,490000>, <7,6,490000>,<7,8,490000>, <8,7,490000>,<1,9,490000>, <9,1,490000>,<7,10,490000>, <10,7,490000> }; 


RatePerQuality= [ 0  300  700  1500  2500  3500 ] ;


CacheSpacePerQuality= [ 10000  11.25  26.25  56.25  93.75  131.25 ] ;


UtilityPerQuality= [ 0  0.66874  0.795271  0.880112  0.945742  1 ] ;


ObjectsPublishedByProducers=[ [ 0  0  0  0  0  0  0  1  0  0 ]  [ 0  0  0  0  0  0  0  1  0  0 ]  [ 0  0  0  0  0  0  0  1  0  0 ]  [ 0  0  0  0  0  0  0  0  1  0 ]  [ 0  0  0  0  0  0  0  1  0  0 ]  [ 0  0  0  0  0  0  0  0  1  0 ]  [ 0  0  1  0  0  0  0  0  0  0 ]  [ 0  0  0  0  1  0  0  0  0  0 ]  [ 0  0  0  0  0  0  0  0  1  0 ]  [ 0  0  0  0  0  0  0  1  0  0 ]  [ 0  0  0  0  0  0  0  0  1  0 ]  [ 0  0  1  0  0  0  0  0  0  0 ]  [ 0  0  0  0  1  0  0  0  0  0 ]  [ 0  0  0  1  0  0  0  0  0  0 ]  [ 0  0  0  0  1  0  0  0  0  0 ]  [ 0  0  0  0  1  0  0  0  0  0 ]  [ 0  0  1  0  0  0  0  0  0  0 ]  [ 0  0  0  1  0  0  0  0  0  0 ]  [ 0  0  0  1  0  0  0  0  0  0 ]  [ 0  0  0  0  0  0  0  0  1  0 ]  [ 0  0  0  0  0  0  0  1  0  0 ]  [ 0  0  1  0  0  0  0  0  0  0 ]  [ 0  0  0  0  0  0  0  1  0  0 ]  [ 0  0  1  0  0  0  0  0  0  0 ]  [ 0  0  0  0  0  0  0  1  0  0 ]  [ 0  0  1  0  0  0  0  0  0  0 ]  [ 0  0  1  0  0  0  0  0  0  0 ]  [ 0  0  0  0  0  0  0  0  1  0 ]  [ 0  0  0  1  0  0  0  0  0  0 ]  [ 0  0  0  1  0  0  0  0  0  0 ]  [ 0  0  0  0  0  0  0  0  1  0 ]  [ 0  0  0  0  0  0  0  0  1  0 ]  [ 0  0  0  1  0  0  0  0  0  0 ]  [ 0  0  0  0  0  0  0  0  1  0 ]  [ 0  0  0  0  1  0  0  0  0  0 ]  [ 0  0  0  0  0  0  0  1  0  0 ]  [ 0  0  0  1  0  0  0  0  0  0 ]  [ 0  0  0  0  0  0  0  0  1  0 ]  [ 0  0  0  0  0  0  0  1  0  0 ]  [ 0  0  0  0  0  0  0  0  1  0 ]  [ 0  0  0  0  0  0  0  0  1  0 ]  [ 0  0  0  1  0  0  0  0  0  0 ]  [ 0  0  0  1  0  0  0  0  0  0 ]  [ 0  0  1  0  0  0  0  0  0  0 ]  [ 0  0  1  0  0  0  0  0  0  0 ]  [ 0  0  1  0  0  0  0  0  0  0 ]  [ 0  0  0  1  0  0  0  0  0  0 ]  [ 0  0  0  0  0  0  0  1  0  0 ]  [ 0  0  1  0  0  0  0  0  0  0 ]  [ 0  0  0  0  0  0  0  1  0  0 ]  [ 0  0  0  1  0  0  0  0  0  0 ]  [ 0  0  0  1  0  0  0  0  0  0 ]  [ 0  0  0  0  0  0  0  0  1  0 ]  [ 0  0  0  0  1  0  0  0  0  0 ]  [ 0  0  0  1  0  0  0  0  0  0 ]  [ 0  0  0  0  1  0  0  0  0  0 ]  [ 0  0  0  0  0  0  0  1  0  0 ]  [ 0  0  1  0  0  0  0  0  0  0 ]  [ 0  0  0  0  0  0  0  0  1  0 ]  [ 0  0  1  0  0  0  0  0  0  0 ]  [ 0  0  0  0  0  0  0  1  0  0 ]  [ 0  0  0  0  0  0  0  0  1  0 ]  [ 0  0  1  0  0  0  0  0  0  0 ]  [ 0  0  0  0  0  0  0  1  0  0 ]  [ 0  0  0  1  0  0  0  0  0  0 ]  [ 0  0  0  0  1  0  0  0  0  0 ]  [ 0  0  1  0  0  0  0  0  0  0 ]  [ 0  0  1  0  0  0  0  0  0  0 ]  [ 0  0  1  0  0  0  0  0  0  0 ]  [ 0  0  0  0  0  0  0  0  1  0 ]  [ 0  0  1  0  0  0  0  0  0  0 ]  [ 0  0  0  0  0  0  0  1  0  0 ]  [ 0  0  0  0  0  0  0  0  1  0 ]  [ 0  0  0  0  0  0  0  0  1  0 ]  [ 0  0  0  1  0  0  0  0  0  0 ]  [ 0  0  0  1  0  0  0  0  0  0 ]  [ 0  0  0  0  1  0  0  0  0  0 ]  [ 0  0  0  0  0  0  0  1  0  0 ]  [ 0  0  1  0  0  0  0  0  0  0 ]  [ 0  0  0  0  0  0  0  1  0  0 ]  [ 0  0  0  0  0  0  0  1  0  0 ]  [ 0  0  0  0  0  0  0  0  1  0 ]  [ 0  0  1  0  0  0  0  0  0  0 ]  [ 0  0  0  0  0  0  0  0  1  0 ]  [ 0  0  1  0  0  0  0  0  0  0 ]  [ 0  0  0  1  0  0  0  0  0  0 ]  [ 0  0  0  0  0  0  0  1  0  0 ]  [ 0  0  0  0  0  0  0  0  1  0 ]  [ 0  0  0  1  0  0  0  0  0  0 ]  [ 0  0  0  0  0  0  0  0  1  0 ]  [ 0  0  0  0  1  0  0  0  0  0 ]  [ 0  0  0  1  0  0  0  0  0  0 ]  [ 0  0  0  1  0  0  0  0  0  0 ]  [ 0  0  1  0  0  0  0  0  0  0 ]  [ 0  0  1  0  0  0  0  0  0  0 ]  [ 0  0  1  0  0  0  0  0  0  0 ]  [ 0  0  0  0  0  0  0  1  0  0 ]  [ 0  0  0  0  0  0  0  0  1  0 ]  [ 0  0  1  0  0  0  0  0  0  0 ]  [ 0  0  1  0  0  0  0  0  0  0 ]  [ 0  0  0  0  0  0  0  0  1  0 ]  [ 0  0  0  0  1  0  0  0  0  0 ]  [ 0  0  0  0  1  0  0  0  0  0 ]  [ 0  0  0  1  0  0  0  0  0  0 ]  [ 0  0  0  0  1  0  0  0  0  0 ]  [ 0  0  0  0  0  0  0  0  1  0 ]  [ 0  0  0  0  1  0  0  0  0  0 ]  [ 0  0  0  0  1  0  0  0  0  0 ]  [ 0  0  1  0  0  0  0  0  0  0 ]  [ 0  0  0  0  0  0  0  0  1  0 ]  [ 0  0  1  0  0  0  0  0  0  0 ]  [ 0  0  0  0  1  0  0  0  0  0 ]  [ 0  0  0  0  0  0  0  0  1  0 ]  [ 0  0  1  0  0  0  0  0  0  0 ]  [ 0  0  0  0  0  0  0  1  0  0 ]  [ 0  0  0  0  0  0  0  0  1  0 ]  [ 0  0  0  0  0  0  0  1  0  0 ]  [ 0  0  0  0  0  0  0  1  0  0 ]  [ 0  0  1  0  0  0  0  0  0  0 ]  [ 0  0  0  0  1  0  0  0  0  0 ]  [ 0  0  1  0  0  0  0  0  0  0 ]  [ 0  0  0  0  0  0  0  0  1  0 ]  [ 0  0  0  1  0  0  0  0  0  0 ]  [ 0  0  0  0  1  0  0  0  0  0 ]  [ 0  0  0  0  0  0  0  0  1  0 ]  [ 0  0  0  0  0  0  0  0  1  0 ]  [ 0  0  0  0  0  0  0  0  1  0 ]  [ 0  0  0  0  1  0  0  0  0  0 ]  [ 0  0  0  0  1  0  0  0  0  0 ]  [ 0  0  0  0  0  0  0  1  0  0 ]  [ 0  0  0  0  1  0  0  0  0  0 ]  [ 0  0  0  1  0  0  0  0  0  0 ]  [ 0  0  0  0  1  0  0  0  0  0 ]  [ 0  0  1  0  0  0  0  0  0  0 ]  [ 0  0  0  1  0  0  0  0  0  0 ]  [ 0  0  0  0  0  0  0  0  1  0 ]  [ 0  0  0  0  0  0  0  0  1  0 ]  [ 0  0  0  0  0  0  0  1  0  0 ]  [ 0  0  0  0  1  0  0  0  0  0 ]  [ 0  0  0  1  0  0  0  0  0  0 ]  [ 0  0  1  0  0  0  0  0  0  0 ]  [ 0  0  0  1  0  0  0  0  0  0 ]  [ 0  0  0  0  0  0  0  1  0  0 ]  [ 0  0  0  0  0  0  0  0  1  0 ]  [ 0  0  0  1  0  0  0  0  0  0 ]  [ 0  0  0  0  0  0  0  1  0  0 ]  [ 0  0  0  0  0  0  0  1  0  0 ]  [ 0  0  0  0  0  0  0  1  0  0 ]  [ 0  0  0  0  0  0  0  1  0  0 ]  [ 0  0  0  0  0  0  0  1  0  0 ]  [ 0  0  0  1  0  0  0  0  0  0 ]  [ 0  0  0  0  0  0  0  1  0  0 ]  [ 0  0  0  1  0  0  0  0  0  0 ]  [ 0  0  0  0  1  0  0  0  0  0 ]  [ 0  0  0  0  0  0  0  1  0  0 ]  [ 0  0  0  0  0  0  0  1  0  0 ]  [ 0  0  0  1  0  0  0  0  0  0 ]  [ 0  0  0  0  0  0  0  0  1  0 ]  [ 0  0  0  0  0  0  0  1  0  0 ]  [ 0  0  0  0  1  0  0  0  0  0 ]  [ 0  0  1  0  0  0  0  0  0  0 ]  [ 0  0  0  0  1  0  0  0  0  0 ]  [ 0  0  0  1  0  0  0  0  0  0 ]  [ 0  0  0  0  0  0  0  1  0  0 ]  [ 0  0  0  0  1  0  0  0  0  0 ]  [ 0  0  0  0  0  0  0  0  1  0 ]  [ 0  0  0  0  0  0  0  1  0  0 ]  [ 0  0  0  0  0  0  0  1  0  0 ]  [ 0  0  0  1  0  0  0  0  0  0 ]  [ 0  0  0  0  0  0  0  1  0  0 ]  [ 0  0  0  0  0  0  0  1  0  0 ]  [ 0  0  0  0  0  0  0  0  1  0 ]  [ 0  0  0  1  0  0  0  0  0  0 ]  [ 0  0  0  0  0  0  0  0  1  0 ]  [ 0  0  0  0  0  0  0  0  1  0 ]  [ 0  0  0  0  0  0  0  1  0  0 ]  [ 0  0  0  0  0  0  0  0  1  0 ]  [ 0  0  0  0  0  0  0  0  1  0 ]  [ 0  0  0  0  1  0  0  0  0  0 ]  [ 0  0  0  0  1  0  0  0  0  0 ]  [ 0  0  1  0  0  0  0  0  0  0 ]  [ 0  0  0  0  0  0  0  0  1  0 ]  [ 0  0  0  0  0  0  0  0  1  0 ]  [ 0  0  0  0  1  0  0  0  0  0 ]  [ 0  0  0  0  0  0  0  1  0  0 ]  [ 0  0  0  0  0  0  0  1  0  0 ]  [ 0  0  0  0  0  0  0  1  0  0 ]  [ 0  0  1  0  0  0  0  0  0  0 ]  [ 0  0  0  0  0  0  0  1  0  0 ]  [ 0  0  0  0  1  0  0  0  0  0 ]  [ 0  0  0  0  0  0  0  1  0  0 ]  [ 0  0  0  0  1  0  0  0  0  0 ]  [ 0  0  0  0  0  0  0  1  0  0 ]  [ 0  0  0  0  0  0  0  1  0  0 ]  [ 0  0  0  0  0  0  0  1  0  0 ]  [ 0  0  0  0  0  0  0  1  0  0 ]  [ 0  0  1  0  0  0  0  0  0  0 ]  [ 0  0  1  0  0  0  0  0  0  0 ]  [ 0  0  0  0  1  0  0  0  0  0 ]  [ 0  0  0  0  0  0  0  1  0  0 ]  [ 0  0  0  1  0  0  0  0  0  0 ]  [ 0  0  0  0  0  0  0  1  0  0 ]  [ 0  0  0  0  0  0  0  1  0  0 ]  [ 0  0  1  0  0  0  0  0  0  0 ]  [ 0  0  0  0  1  0  0  0  0  0 ]  [ 0  0  0  1  0  0  0  0  0  0 ]  [ 0  0  1  0  0  0  0  0  0  0 ]  [ 0  0  1  0  0  0  0  0  0  0 ]  [ 0  0  0  1  0  0  0  0  0  0 ]  [ 0  0  1  0  0  0  0  0  0  0 ]  [ 0  0  1  0  0  0  0  0  0  0 ]  [ 0  0  1  0  0  0  0  0  0  0 ]  [ 0  0  0  0  1  0  0  0  0  0 ]  [ 0  0  0  1  0  0  0  0  0  0 ]  [ 0  0  0  0  0  0  0  1  0  0 ]  [ 0  0  0  0  1  0  0  0  0  0 ]  [ 0  0  0  1  0  0  0  0  0  0 ]  [ 0  0  0  0  0  0  0  0  1  0 ]  [ 0  0  1  0  0  0  0  0  0  0 ]  [ 0  0  0  0  1  0  0  0  0  0 ]  [ 0  0  0  1  0  0  0  0  0  0 ]  [ 0  0  0  0  1  0  0  0  0  0 ]  [ 0  0  1  0  0  0  0  0  0  0 ]  [ 0  0  0  0  0  0  0  0  1  0 ]  [ 0  0  0  1  0  0  0  0  0  0 ]  [ 0  0  1  0  0  0  0  0  0  0 ]  [ 0  0  0  0  0  0  0  1  0  0 ]  [ 0  0  1  0  0  0  0  0  0  0 ]  [ 0  0  0  0  1  0  0  0  0  0 ]  [ 0  0  0  1  0  0  0  0  0  0 ]  [ 0  0  0  0  1  0  0  0  0  0 ]  [ 0  0  0  0  0  0  0  0  1  0 ]  [ 0  0  0  0  0  0  0  0  1  0 ]  [ 0  0  0  0  1  0  0  0  0  0 ]  [ 0  0  0  0  0  0  0  0  1  0 ]  [ 0  0  0  0  0  0  0  1  0  0 ]  [ 0  0  0  1  0  0  0  0  0  0 ]  [ 0  0  1  0  0  0  0  0  0  0 ]  [ 0  0  0  0  1  0  0  0  0  0 ]  [ 0  0  0  0  1  0  0  0  0  0 ]  [ 0  0  0  0  0  0  0  0  1  0 ]  [ 0  0  0  0  0  0  0  0  1  0 ]  [ 0  0  0  0  0  0  0  1  0  0 ]  [ 0  0  0  1  0  0  0  0  0  0 ]  [ 0  0  0  0  0  0  0  0  1  0 ]  [ 0  0  1  0  0  0  0  0  0  0 ]  [ 0  0  1  0  0  0  0  0  0  0 ]  [ 0  0  0  0  1  0  0  0  0  0 ]  [ 0  0  0  0  0  0  0  1  0  0 ]  [ 0  0  1  0  0  0  0  0  0  0 ]  [ 0  0  0  0  0  0  0  1  0  0 ]  [ 0  0  0  0  0  0  0  0  1  0 ]  [ 0  0  0  1  0  0  0  0  0  0 ]  [ 0  0  0  0  1  0  0  0  0  0 ]  [ 0  0  0  1  0  0  0  0  0  0 ]  [ 0  0  0  1  0  0  0  0  0  0 ]  [ 0  0  0  0  0  0  0  0  1  0 ]  [ 0  0  0  1  0  0  0  0  0  0 ]  [ 0  0  0  0  0  0  0  0  1  0 ]  [ 0  0  0  0  0  0  0  0  1  0 ]  [ 0  0  0  0  1  0  0  0  0  0 ]  [ 0  0  0  1  0  0  0  0  0  0 ]  [ 0  0  0  0  0  0  0  0  1  0 ]  [ 0  0  0  0  1  0  0  0  0  0 ]  [ 0  0  0  0  1  0  0  0  0  0 ]  [ 0  0  0  1  0  0  0  0  0  0 ]  [ 0  0  0  0  0  0  0  0  1  0 ]  [ 0  0  0  0  1  0  0  0  0  0 ]  [ 0  0  0  1  0  0  0  0  0  0 ]  [ 0  0  0  0  1  0  0  0  0  0 ]  [ 0  0  1  0  0  0  0  0  0  0 ]  [ 0  0  0  0  0  0  0  1  0  0 ]  [ 0  0  0  0  1  0  0  0  0  0 ]  [ 0  0  0  1  0  0  0  0  0  0 ]  [ 0  0  0  0  0  0  0  1  0  0 ]  [ 0  0  0  0  0  0  0  0  1  0 ]  [ 0  0  1  0  0  0  0  0  0  0 ]  [ 0  0  0  0  1  0  0  0  0  0 ]  [ 0  0  0  1  0  0  0  0  0  0 ]  [ 0  0  0  0  0  0  0  0  1  0 ]  [ 0  0  0  0  0  0  0  1  0  0 ]  [ 0  0  0  1  0  0  0  0  0  0 ]  [ 0  0  0  1  0  0  0  0  0  0 ]  [ 0  0  1  0  0  0  0  0  0  0 ]  [ 0  0  0  0  0  0  0  0  1  0 ]  [ 0  0  0  1  0  0  0  0  0  0 ]  [ 0  0  0  0  0  0  0  1  0  0 ]  [ 0  0  0  0  1  0  0  0  0  0 ]  [ 0  0  0  0  0  0  0  1  0  0 ]  [ 0  0  0  0  0  0  0  1  0  0 ]  [ 0  0  0  0  0  0  0  1  0  0 ]  [ 0  0  1  0  0  0  0  0  0  0 ]  [ 0  0  0  0  0  0  0  1  0  0 ]  [ 0  0  0  1  0  0  0  0  0  0 ]  [ 0  0  0  0  1  0  0  0  0  0 ]  [ 0  0  0  1  0  0  0  0  0  0 ]  [ 0  0  0  1  0  0  0  0  0  0 ]  [ 0  0  0  0  1  0  0  0  0  0 ]  [ 0  0  0  0  1  0  0  0  0  0 ]  [ 0  0  0  1  0  0  0  0  0  0 ]  [ 0  0  0  0  0  0  0  1  0  0 ]  [ 0  0  0  0  1  0  0  0  0  0 ]  [ 0  0  1  0  0  0  0  0  0  0 ]  [ 0  0  0  1  0  0  0  0  0  0 ]  [ 0  0  0  0  1  0  0  0  0  0 ]  [ 0  0  0  0  0  0  0  0  1  0 ]  [ 0  0  0  0  0  0  0  0  1  0 ]  [ 0  0  0  0  1  0  0  0  0  0 ]  [ 0  0  1  0  0  0  0  0  0  0 ]  [ 0  0  0  0  0  0  0  1  0  0 ]  [ 0  0  0  0  1  0  0  0  0  0 ]  [ 0  0  0  0  1  0  0  0  0  0 ]  [ 0  0  0  0  0  0  0  1  0  0 ]  [ 0  0  0  0  0  0  0  1  0  0 ]  [ 0  0  0  0  1  0  0  0  0  0 ]  [ 0  0  0  0  0  0  0  0  1  0 ]  [ 0  0  0  1  0  0  0  0  0  0 ]  [ 0  0  0  1  0  0  0  0  0  0 ]  [ 0  0  0  0  0  0  0  0  1  0 ]  [ 0  0  1  0  0  0  0  0  0  0 ]  [ 0  0  0  1  0  0  0  0  0  0 ]  [ 0  0  0  0  0  0  0  0  1  0 ]  [ 0  0  1  0  0  0  0  0  0  0 ]  [ 0  0  0  0  0  0  0  0  1  0 ]  [ 0  0  0  0  0  0  0  1  0  0 ]  [ 0  0  0  0  1  0  0  0  0  0 ]  [ 0  0  0  1  0  0  0  0  0  0 ]  [ 0  0  0  0  0  0  0  1  0  0 ]  [ 0  0  0  0  0  0  0  0  1  0 ]  [ 0  0  1  0  0  0  0  0  0  0 ]  [ 0  0  0  0  1  0  0  0  0  0 ]  [ 0  0  0  0  1  0  0  0  0  0 ]  [ 0  0  0  0  1  0  0  0  0  0 ]  [ 0  0  0  1  0  0  0  0  0  0 ]  [ 0  0  1  0  0  0  0  0  0  0 ]  [ 0  0  0  0  1  0  0  0  0  0 ]  [ 0  0  0  0  0  0  0  0  1  0 ]  [ 0  0  1  0  0  0  0  0  0  0 ]  [ 0  0  0  1  0  0  0  0  0  0 ]  [ 0  0  0  0  0  0  0  0  1  0 ]  [ 0  0  0  0  0  0  0  1  0  0 ]  [ 0  0  0  0  0  0  0  1  0  0 ]  [ 0  0  1  0  0  0  0  0  0  0 ]  [ 0  0  0  0  0  0  0  1  0  0 ]  [ 0  0  0  0  0  0  0  0  1  0 ]  [ 0  0  0  0  0  0  0  0  1  0 ]  [ 0  0  0  0  0  0  0  1  0  0 ]  [ 0  0  1  0  0  0  0  0  0  0 ]  [ 0  0  0  0  0  0  0  0  1  0 ]  [ 0  0  0  1  0  0  0  0  0  0 ]  [ 0  0  0  0  0  0  0  1  0  0 ]  [ 0  0  0  0  0  0  0  0  1  0 ]  [ 0  0  0  0  0  0  0  1  0  0 ]  [ 0  0  1  0  0  0  0  0  0  0 ]  [ 0  0  0  1  0  0  0  0  0  0 ]  [ 0  0  0  0  0  0  0  0  1  0 ]  [ 0  0  1  0  0  0  0  0  0  0 ]  [ 0  0  0  0  0  0  0  1  0  0 ]  [ 0  0  0  0  1  0  0  0  0  0 ]  [ 0  0  1  0  0  0  0  0  0  0 ]  [ 0  0  0  0  0  0  0  1  0  0 ]  [ 0  0  1  0  0  0  0  0  0  0 ]  [ 0  0  1  0  0  0  0  0  0  0 ]  [ 0  0  0  1  0  0  0  0  0  0 ]  [ 0  0  1  0  0  0  0  0  0  0 ]  [ 0  0  1  0  0  0  0  0  0  0 ]  [ 0  0  0  0  1  0  0  0  0  0 ]  [ 0  0  0  0  0  0  0  1  0  0 ]  [ 0  0  0  0  0  0  0  0  1  0 ]  [ 0  0  1  0  0  0  0  0  0  0 ]  [ 0  0  0  0  1  0  0  0  0  0 ]  [ 0  0  0  1  0  0  0  0  0  0 ]  [ 0  0  0  0  0  0  0  1  0  0 ]  [ 0  0  0  0  1  0  0  0  0  0 ]  [ 0  0  0  0  0  0  0  0  1  0 ]  [ 0  0  0  1  0  0  0  0  0  0 ]  [ 0  0  1  0  0  0  0  0  0  0 ]  [ 0  0  0  0  0  0  0  1  0  0 ]  [ 0  0  1  0  0  0  0  0  0  0 ]  [ 0  0  0  0  0  0  0  1  0  0 ]  [ 0  0  0  0  1  0  0  0  0  0 ]  [ 0  0  0  0  0  0  0  0  1  0 ]  [ 0  0  0  0  1  0  0  0  0  0 ]  [ 0  0  0  0  0  0  0  1  0  0 ]  [ 0  0  0  1  0  0  0  0  0  0 ]  [ 0  0  0  0  1  0  0  0  0  0 ]  [ 0  0  0  1  0  0  0  0  0  0 ]  [ 0  0  0  0  0  0  0  1  0  0 ]  [ 0  0  0  0  1  0  0  0  0  0 ]  [ 0  0  1  0  0  0  0  0  0  0 ]  [ 0  0  0  1  0  0  0  0  0  0 ]  [ 0  0  0  1  0  0  0  0  0  0 ]  [ 0  0  0  0  0  0  0  1  0  0 ]  [ 0  0  1  0  0  0  0  0  0  0 ]  [ 0  0  0  0  0  0  0  1  0  0 ]  [ 0  0  0  0  0  0  0  1  0  0 ]  [ 0  0  1  0  0  0  0  0  0  0 ]  [ 0  0  0  0  0  0  0  1  0  0 ]  [ 0  0  1  0  0  0  0  0  0  0 ]  [ 0  0  1  0  0  0  0  0  0  0 ]  [ 0  0  0  0  1  0  0  0  0  0 ]  [ 0  0  0  1  0  0  0  0  0  0 ]  [ 0  0  0  0  0  0  0  0  1  0 ]  [ 0  0  0  0  1  0  0  0  0  0 ]  [ 0  0  0  1  0  0  0  0  0  0 ]  [ 0  0  0  0  0  0  0  1  0  0 ]  [ 0  0  1  0  0  0  0  0  0  0 ]  [ 0  0  0  0  0  0  0  1  0  0 ]  [ 0  0  1  0  0  0  0  0  0  0 ]  [ 0  0  1  0  0  0  0  0  0  0 ]  [ 0  0  0  0  0  0  0  0  1  0 ]  [ 0  0  0  0  0  0  0  1  0  0 ]  [ 0  0  0  1  0  0  0  0  0  0 ]  [ 0  0  1  0  0  0  0  0  0  0 ]  [ 0  0  0  0  0  0  0  0  1  0 ]  [ 0  0  0  0  0  0  0  1  0  0 ]  [ 0  0  0  0  0  0  0  0  1  0 ]  [ 0  0  1  0  0  0  0  0  0  0 ]  [ 0  0  0  0  0  0  0  1  0  0 ]  [ 0  0  0  1  0  0  0  0  0  0 ]  [ 0  0  0  1  0  0  0  0  0  0 ]  [ 0  0  0  1  0  0  0  0  0  0 ]  [ 0  0  0  0  0  0  0  1  0  0 ]  [ 0  0  0  1  0  0  0  0  0  0 ]  [ 0  0  0  1  0  0  0  0  0  0 ]  [ 0  0  1  0  0  0  0  0  0  0 ]  [ 0  0  0  0  0  0  0  0  1  0 ]  [ 0  0  0  0  0  0  0  1  0  0 ]  [ 0  0  0  0  0  0  0  0  1  0 ]  [ 0  0  0  0  1  0  0  0  0  0 ]  [ 0  0  0  0  0  0  0  0  1  0 ]  [ 0  0  0  0  1  0  0  0  0  0 ]  [ 0  0  0  0  1  0  0  0  0  0 ]  [ 0  0  0  0  1  0  0  0  0  0 ]  [ 0  0  0  0  0  0  0  1  0  0 ]  [ 0  0  0  1  0  0  0  0  0  0 ]  [ 0  0  1  0  0  0  0  0  0  0 ]  [ 0  0  1  0  0  0  0  0  0  0 ]  [ 0  0  0  1  0  0  0  0  0  0 ]  [ 0  0  1  0  0  0  0  0  0  0 ]  [ 0  0  0  0  0  0  0  0  1  0 ]  [ 0  0  0  0  1  0  0  0  0  0 ]  [ 0  0  0  0  0  0  0  1  0  0 ]  [ 0  0  1  0  0  0  0  0  0  0 ]  [ 0  0  0  0  1  0  0  0  0  0 ]  [ 0  0  0  0  0  0  0  0  1  0 ]  [ 0  0  0  0  0  0  0  1  0  0 ]  [ 0  0  0  0  1  0  0  0  0  0 ]  [ 0  0  0  0  1  0  0  0  0  0 ]  [ 0  0  1  0  0  0  0  0  0  0 ]  [ 0  0  1  0  0  0  0  0  0  0 ]  [ 0  0  1  0  0  0  0  0  0  0 ]  [ 0  0  0  1  0  0  0  0  0  0 ]  [ 0  0  0  1  0  0  0  0  0  0 ]  [ 0  0  0  0  0  0  0  0  1  0 ]  [ 0  0  1  0  0  0  0  0  0  0 ]  [ 0  0  0  1  0  0  0  0  0  0 ]  [ 0  0  0  1  0  0  0  0  0  0 ]  [ 0  0  1  0  0  0  0  0  0  0 ]  [ 0  0  0  1  0  0  0  0  0  0 ]  [ 0  0  0  1  0  0  0  0  0  0 ]  [ 0  0  0  0  1  0  0  0  0  0 ]  [ 0  0  1  0  0  0  0  0  0  0 ]  [ 0  0  0  0  0  0  0  0  1  0 ]  [ 0  0  0  1  0  0  0  0  0  0 ]  [ 0  0  0  0  0  0  0  0  1  0 ]  [ 0  0  0  0  0  0  0  1  0  0 ]  [ 0  0  0  0  0  0  0  1  0  0 ]  [ 0  0  0  0  1  0  0  0  0  0 ]  [ 0  0  0  0  0  0  0  0  1  0 ]  [ 0  0  1  0  0  0  0  0  0  0 ]  [ 0  0  0  0  0  0  0  1  0  0 ]  [ 0  0  0  1  0  0  0  0  0  0 ]  [ 0  0  0  0  0  0  0  1  0  0 ]  [ 0  0  0  0  0  0  0  1  0  0 ]  [ 0  0  1  0  0  0  0  0  0  0 ]  [ 0  0  0  1  0  0  0  0  0  0 ]  [ 0  0  1  0  0  0  0  0  0  0 ]  [ 0  0  0  1  0  0  0  0  0  0 ]  [ 0  0  1  0  0  0  0  0  0  0 ]  [ 0  0  0  0  1  0  0  0  0  0 ]  [ 0  0  0  0  0  0  0  0  1  0 ]  [ 0  0  0  1  0  0  0  0  0  0 ]  [ 0  0  0  1  0  0  0  0  0  0 ]  [ 0  0  0  0  1  0  0  0  0  0 ]  [ 0  0  0  1  0  0  0  0  0  0 ]  [ 0  0  0  0  0  0  0  1  0  0 ]  [ 0  0  0  0  0  0  0  1  0  0 ]  [ 0  0  1  0  0  0  0  0  0  0 ]  [ 0  0  0  1  0  0  0  0  0  0 ]  [ 0  0  0  0  0  0  0  1  0  0 ]  [ 0  0  0  0  0  0  0  0  1  0 ]  [ 0  0  0  0  0  0  0  1  0  0 ]  [ 0  0  0  0  1  0  0  0  0  0 ]  [ 0  0  0  0  0  0  0  0  1  0 ]  [ 0  0  1  0  0  0  0  0  0  0 ]  [ 0  0  1  0  0  0  0  0  0  0 ]  [ 0  0  0  0  0  0  0  1  0  0 ]  [ 0  0  0  0  1  0  0  0  0  0 ]  [ 0  0  1  0  0  0  0  0  0  0 ]  [ 0  0  0  0  1  0  0  0  0  0 ]  [ 0  0  0  0  0  0  0  0  1  0 ]  [ 0  0  0  0  1  0  0  0  0  0 ]  [ 0  0  0  1  0  0  0  0  0  0 ]  [ 0  0  1  0  0  0  0  0  0  0 ]  [ 0  0  1  0  0  0  0  0  0  0 ]  [ 0  0  0  0  0  0  0  0  1  0 ]  [ 0  0  0  0  1  0  0  0  0  0 ]  [ 0  0  0  0  0  0  0  0  1  0 ]  [ 0  0  1  0  0  0  0  0  0  0 ]  [ 0  0  0  1  0  0  0  0  0  0 ]  [ 0  0  1  0  0  0  0  0  0  0 ]  [ 0  0  0  1  0  0  0  0  0  0 ]  [ 0  0  1  0  0  0  0  0  0  0 ]  [ 0  0  0  1  0  0  0  0  0  0 ]  [ 0  0  0  0  1  0  0  0  0  0 ]  [ 0  0  0  1  0  0  0  0  0  0 ]  [ 0  0  1  0  0  0  0  0  0  0 ]  [ 0  0  1  0  0  0  0  0  0  0 ]  [ 0  0  0  0  0  0  0  0  1  0 ]  [ 0  0  1  0  0  0  0  0  0  0 ]  [ 0  0  0  0  1  0  0  0  0  0 ]  [ 0  0  0  0  1  0  0  0  0  0 ]  [ 0  0  0  0  1  0  0  0  0  0 ]  [ 0  0  1  0  0  0  0  0  0  0 ]  [ 0  0  0  1  0  0  0  0  0  0 ]  [ 0  0  1  0  0  0  0  0  0  0 ]  [ 0  0  0  0  1  0  0  0  0  0 ]  [ 0  0  0  0  0  0  0  0  1  0 ]  [ 0  0  0  0  1  0  0  0  0  0 ]  [ 0  0  0  0  0  0  0  0  1  0 ]  [ 0  0  0  1  0  0  0  0  0  0 ]  [ 0  0  1  0  0  0  0  0  0  0 ]  [ 0  0  0  0  1  0  0  0  0  0 ]  [ 0  0  0  0  1  0  0  0  0  0 ]  [ 0  0  0  0  1  0  0  0  0  0 ]  [ 0  0  0  1  0  0  0  0  0  0 ]  [ 0  0  0  0  0  0  0  1  0  0 ]  [ 0  0  0  0  0  0  0  1  0  0 ]  [ 0  0  0  0  0  0  0  0  1  0 ]  [ 0  0  0  1  0  0  0  0  0  0 ]  [ 0  0  0  0  1  0  0  0  0  0 ]  [ 0  0  0  0  0  0  0  0  1  0 ]  [ 0  0  0  1  0  0  0  0  0  0 ]  [ 0  0  1  0  0  0  0  0  0  0 ]  [ 0  0  0  1  0  0  0  0  0  0 ]  [ 0  0  1  0  0  0  0  0  0  0 ]  [ 0  0  0  0  0  0  0  1  0  0 ]  [ 0  0  0  0  0  0  0  0  1  0 ]  [ 0  0  0  1  0  0  0  0  0  0 ]  [ 0  0  1  0  0  0  0  0  0  0 ]  [ 0  0  1  0  0  0  0  0  0  0 ]  [ 0  0  0  1  0  0  0  0  0  0 ]  [ 0  0  1  0  0  0  0  0  0  0 ]  [ 0  0  0  0  1  0  0  0  0  0 ]  [ 0  0  0  0  1  0  0  0  0  0 ]  [ 0  0  0  1  0  0  0  0  0  0 ]  [ 0  0  1  0  0  0  0  0  0  0 ]  [ 0  0  0  0  0  0  0  1  0  0 ]  [ 0  0  1  0  0  0  0  0  0  0 ]  [ 0  0  1  0  0  0  0  0  0  0 ]  [ 0  0  0  1  0  0  0  0  0  0 ]  [ 0  0  0  1  0  0  0  0  0  0 ]  [ 0  0  1  0  0  0  0  0  0  0 ]  [ 0  0  0  0  1  0  0  0  0  0 ]  [ 0  0  0  1  0  0  0  0  0  0 ]  [ 0  0  0  0  0  0  0  1  0  0 ]  [ 0  0  0  0  1  0  0  0  0  0 ]  [ 0  0  0  0  0  0  0  0  1  0 ]  [ 0  0  0  0  0  0  0  1  0  0 ]  [ 0  0  0  0  0  0  0  1  0  0 ]  [ 0  0  0  0  1  0  0  0  0  0 ]  [ 0  0  0  0  1  0  0  0  0  0 ]  [ 0  0  0  0  0  0  0  0  1  0 ]  [ 0  0  0  0  0  0  0  1  0  0 ]  [ 0  0  0  0  0  0  0  0  1  0 ]  [ 0  0  0  0  0  0  0  1  0  0 ]  [ 0  0  0  0  0  0  0  1  0  0 ]  [ 0  0  0  1  0  0  0  0  0  0 ]  [ 0  0  0  0  0  0  0  0  1  0 ]  [ 0  0  0  1  0  0  0  0  0  0 ]  [ 0  0  1  0  0  0  0  0  0  0 ]  [ 0  0  1  0  0  0  0  0  0  0 ]  [ 0  0  1  0  0  0  0  0  0  0 ]  [ 0  0  0  1  0  0  0  0  0  0 ]  [ 0  0  0  0  0  0  0  1  0  0 ]  [ 0  0  0  1  0  0  0  0  0  0 ]  [ 0  0  1  0  0  0  0  0  0  0 ]  [ 0  0  0  0  0  0  0  1  0  0 ]  [ 0  0  0  0  1  0  0  0  0  0 ]  [ 0  0  1  0  0  0  0  0  0  0 ]  [ 0  0  1  0  0  0  0  0  0  0 ]  [ 0  0  1  0  0  0  0  0  0  0 ]  [ 0  0  0  1  0  0  0  0  0  0 ]  [ 0  0  0  0  0  0  0  0  1  0 ]  [ 0  0  0  0  0  0  0  0  1  0 ]  [ 0  0  0  0  0  0  0  1  0  0 ]  [ 0  0  0  1  0  0  0  0  0  0 ]  [ 0  0  0  0  1  0  0  0  0  0 ]  [ 0  0  0  1  0  0  0  0  0  0 ]  [ 0  0  0  1  0  0  0  0  0  0 ]  [ 0  0  1  0  0  0  0  0  0  0 ]  [ 0  0  0  0  1  0  0  0  0  0 ]  [ 0  0  0  0  0  0  0  0  1  0 ]  [ 0  0  0  0  0  0  0  1  0  0 ]  [ 0  0  1  0  0  0  0  0  0  0 ]  [ 0  0  0  0  1  0  0  0  0  0 ]  [ 0  0  1  0  0  0  0  0  0  0 ]  [ 0  0  0  0  0  0  0  1  0  0 ]  [ 0  0  0  0  1  0  0  0  0  0 ]  [ 0  0  0  0  0  0  0  0  1  0 ]  [ 0  0  0  0  0  0  0  1  0  0 ]  [ 0  0  1  0  0  0  0  0  0  0 ]  [ 0  0  0  1  0  0  0  0  0  0 ]  [ 0  0  0  0  0  0  0  0  1  0 ]  [ 0  0  0  0  1  0  0  0  0  0 ]  [ 0  0  0  0  1  0  0  0  0  0 ]  [ 0  0  0  0  1  0  0  0  0  0 ]  [ 0  0  0  0  0  0  0  1  0  0 ]  [ 0  0  0  0  0  0  0  0  1  0 ]  [ 0  0  0  0  1  0  0  0  0  0 ]  [ 0  0  0  0  0  0  0  0  1  0 ]  [ 0  0  0  0  1  0  0  0  0  0 ]  [ 0  0  1  0  0  0  0  0  0  0 ]  [ 0  0  0  0  0  0  0  0  1  0 ]  [ 0  0  0  0  1  0  0  0  0  0 ]  [ 0  0  1  0  0  0  0  0  0  0 ]  [ 0  0  0  0  0  0  0  0  1  0 ]  [ 0  0  1  0  0  0  0  0  0  0 ]  [ 0  0  0  0  1  0  0  0  0  0 ]  [ 0  0  0  0  1  0  0  0  0  0 ]  [ 0  0  0  0  0  0  0  0  1  0 ]  [ 0  0  0  1  0  0  0  0  0  0 ]  [ 0  0  0  1  0  0  0  0  0  0 ]  [ 0  0  0  1  0  0  0  0  0  0 ]  [ 0  0  0  1  0  0  0  0  0  0 ]  [ 0  0  0  0  1  0  0  0  0  0 ]  [ 0  0  0  1  0  0  0  0  0  0 ]  [ 0  0  0  0  0  0  0  1  0  0 ]  [ 0  0  0  1  0  0  0  0  0  0 ]  [ 0  0  0  1  0  0  0  0  0  0 ]  [ 0  0  0  1  0  0  0  0  0  0 ]  [ 0  0  0  0  0  0  0  0  1  0 ]  [ 0  0  0  0  0  0  0  0  1  0 ]  [ 0  0  0  0  0  0  0  0  1  0 ]  [ 0  0  0  0  0  0  0  1  0  0 ]  [ 0  0  0  0  1  0  0  0  0  0 ]  [ 0  0  1  0  0  0  0  0  0  0 ]  [ 0  0  0  0  0  0  0  0  1  0 ]  [ 0  0  0  0  1  0  0  0  0  0 ]  [ 0  0  1  0  0  0  0  0  0  0 ]  [ 0  0  1  0  0  0  0  0  0  0 ]  [ 0  0  1  0  0  0  0  0  0  0 ]  [ 0  0  0  0  0  0  0  1  0  0 ]  [ 0  0  0  0  0  0  0  0  1  0 ]  [ 0  0  1  0  0  0  0  0  0  0 ]  [ 0  0  0  0  0  0  0  1  0  0 ]  [ 0  0  0  1  0  0  0  0  0  0 ]  [ 0  0  0  0  0  0  0  1  0  0 ]  [ 0  0  0  0  0  0  0  0  1  0 ]  [ 0  0  0  0  0  0  0  1  0  0 ]  [ 0  0  0  0  0  0  0  0  1  0 ]  [ 0  0  0  1  0  0  0  0  0  0 ]  [ 0  0  1  0  0  0  0  0  0  0 ]  [ 0  0  0  0  1  0  0  0  0  0 ]  [ 0  0  0  0  1  0  0  0  0  0 ]  [ 0  0  1  0  0  0  0  0  0  0 ]  [ 0  0  0  1  0  0  0  0  0  0 ]  [ 0  0  0  1  0  0  0  0  0  0 ]  [ 0  0  1  0  0  0  0  0  0  0 ]  [ 0  0  0  1  0  0  0  0  0  0 ]  [ 0  0  0  1  0  0  0  0  0  0 ]  [ 0  0  0  0  1  0  0  0  0  0 ]  [ 0  0  0  0  0  0  0  1  0  0 ]  [ 0  0  0  1  0  0  0  0  0  0 ]  [ 0  0  0  0  0  0  0  0  1  0 ]  [ 0  0  0  0  0  0  0  0  1  0 ]  [ 0  0  0  0  0  0  0  0  1  0 ]  [ 0  0  0  0  0  0  0  1  0  0 ]  [ 0  0  0  0  0  0  0  1  0  0 ]  [ 0  0  0  0  1  0  0  0  0  0 ]  [ 0  0  0  0  0  0  0  1  0  0 ]  [ 0  0  0  1  0  0  0  0  0  0 ]  [ 0  0  0  0  1  0  0  0  0  0 ]  [ 0  0  0  0  0  0  0  1  0  0 ]  [ 0  0  0  0  1  0  0  0  0  0 ]  [ 0  0  0  1  0  0  0  0  0  0 ]  [ 0  0  1  0  0  0  0  0  0  0 ]  [ 0  0  1  0  0  0  0  0  0  0 ]  [ 0  0  0  1  0  0  0  0  0  0 ]  [ 0  0  0  0  1  0  0  0  0  0 ]  [ 0  0  0  0  0  0  0  1  0  0 ]  [ 0  0  0  0  0  0  0  1  0  0 ]  [ 0  0  0  1  0  0  0  0  0  0 ]  [ 0  0  0  0  0  0  0  0  1  0 ]  [ 0  0  0  1  0  0  0  0  0  0 ]  [ 0  0  0  0  0  0  0  1  0  0 ]  [ 0  0  1  0  0  0  0  0  0  0 ]  [ 0  0  0  0  0  0  0  1  0  0 ]  [ 0  0  0  0  0  0  0  1  0  0 ]  [ 0  0  0  0  0  0  0  0  1  0 ]  [ 0  0  0  0  0  0  0  0  1  0 ]  [ 0  0  0  0  0  0  0  1  0  0 ]  [ 0  0  0  0  0  0  0  0  1  0 ]  [ 0  0  0  0  0  0  0  1  0  0 ]  [ 0  0  0  0  0  0  0  1  0  0 ]  [ 0  0  0  1  0  0  0  0  0  0 ]  [ 0  0  0  0  1  0  0  0  0  0 ]  [ 0  0  0  0  0  0  0  0  1  0 ]  [ 0  0  0  1  0  0  0  0  0  0 ]  [ 0  0  0  0  0  0  0  0  1  0 ]  [ 0  0  0  0  1  0  0  0  0  0 ]  [ 0  0  0  1  0  0  0  0  0  0 ]  [ 0  0  1  0  0  0  0  0  0  0 ]  [ 0  0  0  1  0  0  0  0  0  0 ]  [ 0  0  1  0  0  0  0  0  0  0 ]  [ 0  0  0  0  0  0  0  1  0  0 ]  [ 0  0  0  0  0  0  0  0  1  0 ]  [ 0  0  0  0  0  0  0  0  1  0 ]  [ 0  0  0  0  0  0  0  1  0  0 ]  [ 0  0  0  1  0  0  0  0  0  0 ]  [ 0  0  1  0  0  0  0  0  0  0 ]  [ 0  0  0  0  0  0  0  1  0  0 ]  [ 0  0  0  0  1  0  0  0  0  0 ]  [ 0  0  0  0  0  0  0  1  0  0 ]  [ 0  0  0  1  0  0  0  0  0  0 ]  [ 0  0  0  0  0  0  0  0  1  0 ]  [ 0  0  0  1  0  0  0  0  0  0 ]  [ 0  0  0  1  0  0  0  0  0  0 ]  [ 0  0  0  1  0  0  0  0  0  0 ]  [ 0  0  0  0  0  0  0  1  0  0 ]  [ 0  0  0  0  0  0  0  0  1  0 ]  [ 0  0  1  0  0  0  0  0  0  0 ]  [ 0  0  0  0  0  0  0  1  0  0 ]  [ 0  0  0  0  0  0  0  1  0  0 ]  [ 0  0  0  1  0  0  0  0  0  0 ]  [ 0  0  1  0  0  0  0  0  0  0 ]  [ 0  0  0  0  1  0  0  0  0  0 ]  [ 0  0  0  0  0  0  0  0  1  0 ]  [ 0  0  0  0  0  0  0  0  1  0 ]  [ 0  0  0  0  0  0  0  1  0  0 ]  [ 0  0  0  0  1  0  0  0  0  0 ]  [ 0  0  0  0  1  0  0  0  0  0 ]  [ 0  0  0  0  1  0  0  0  0  0 ]  [ 0  0  0  0  0  0  0  0  1  0 ]  [ 0  0  0  1  0  0  0  0  0  0 ]  [ 0  0  0  1  0  0  0  0  0  0 ]  [ 0  0  0  0  0  0  0  1  0  0 ]  [ 0  0  0  0  0  0  0  0  1  0 ]  [ 0  0  1  0  0  0  0  0  0  0 ]  [ 0  0  1  0  0  0  0  0  0  0 ]  [ 0  0  1  0  0  0  0  0  0  0 ]  [ 0  0  0  0  1  0  0  0  0  0 ]  [ 0  0  0  0  0  0  0  1  0  0 ]  [ 0  0  1  0  0  0  0  0  0  0 ]  [ 0  0  1  0  0  0  0  0  0  0 ]  [ 0  0  0  0  1  0  0  0  0  0 ]  [ 0  0  0  0  0  0  0  1  0  0 ]  [ 0  0  0  0  0  0  0  1  0  0 ]  [ 0  0  0  0  0  0  0  1  0  0 ]  [ 0  0  1  0  0  0  0  0  0  0 ]  [ 0  0  0  0  1  0  0  0  0  0 ]  [ 0  0  0  0  0  0  0  0  1  0 ]  [ 0  0  0  0  0  0  0  0  1  0 ]  [ 0  0  0  1  0  0  0  0  0  0 ]  [ 0  0  0  0  0  0  0  0  1  0 ]  [ 0  0  0  0  0  0  0  1  0  0 ]  [ 0  0  0  0  0  0  0  0  1  0 ]  [ 0  0  0  1  0  0  0  0  0  0 ]  [ 0  0  0  0  0  0  0  1  0  0 ]  [ 0  0  0  0  0  0  0  0  1  0 ]  [ 0  0  0  0  1  0  0  0  0  0 ]  [ 0  0  1  0  0  0  0  0  0  0 ]  [ 0  0  1  0  0  0  0  0  0  0 ]  [ 0  0  1  0  0  0  0  0  0  0 ]  [ 0  0  1  0  0  0  0  0  0  0 ]  [ 0  0  1  0  0  0  0  0  0  0 ]  [ 0  0  0  0  0  0  0  1  0  0 ]  [ 0  0  1  0  0  0  0  0  0  0 ]  [ 0  0  0  0  0  0  0  1  0  0 ]  [ 0  0  0  0  0  0  0  1  0  0 ]  [ 0  0  0  0  0  0  0  0  1  0 ]  [ 0  0  0  0  0  0  0  0  1  0 ]  [ 0  0  0  0  0  0  0  1  0  0 ]  [ 0  0  0  0  0  0  0  0  1  0 ]  [ 0  0  0  0  0  0  0  0  1  0 ]  [ 0  0  0  0  0  0  0  1  0  0 ]  [ 0  0  0  0  0  0  0  0  1  0 ]  [ 0  0  1  0  0  0  0  0  0  0 ]  [ 0  0  1  0  0  0  0  0  0  0 ]  [ 0  0  1  0  0  0  0  0  0  0 ]  [ 0  0  0  1  0  0  0  0  0  0 ]  [ 0  0  0  1  0  0  0  0  0  0 ]  [ 0  0  0  0  1  0  0  0  0  0 ]  [ 0  0  0  0  0  0  0  1  0  0 ]  [ 0  0  0  0  0  0  0  1  0  0 ]  [ 0  0  1  0  0  0  0  0  0  0 ]  [ 0  0  0  0  1  0  0  0  0  0 ]  [ 0  0  0  0  1  0  0  0  0  0 ]  [ 0  0  0  1  0  0  0  0  0  0 ]  [ 0  0  1  0  0  0  0  0  0  0 ]  [ 0  0  0  0  1  0  0  0  0  0 ]  [ 0  0  0  1  0  0  0  0  0  0 ]  [ 0  0  0  0  0  0  0  1  0  0 ]  [ 0  0  0  0  1  0  0  0  0  0 ]  [ 0  0  0  0  0  0  0  0  1  0 ]  [ 0  0  0  0  0  0  0  0  1  0 ]  [ 0  0  1  0  0  0  0  0  0  0 ]  [ 0  0  0  0  0  0  0  1  0  0 ]  [ 0  0  0  0  0  0  0  1  0  0 ]  [ 0  0  0  1  0  0  0  0  0  0 ]  [ 0  0  1  0  0  0  0  0  0  0 ]  [ 0  0  0  0  1  0  0  0  0  0 ]  [ 0  0  0  1  0  0  0  0  0  0 ]  [ 0  0  0  0  0  0  0  1  0  0 ]  [ 0  0  0  0  0  0  0  0  1  0 ]  [ 0  0  0  1  0  0  0  0  0  0 ]  [ 0  0  0  1  0  0  0  0  0  0 ]  [ 0  0  0  0  1  0  0  0  0  0 ]  [ 0  0  0  0  0  0  0  1  0  0 ]  [ 0  0  0  0  0  0  0  1  0  0 ]  [ 0  0  0  0  1  0  0  0  0  0 ]  [ 0  0  0  1  0  0  0  0  0  0 ]  [ 0  0  0  1  0  0  0  0  0  0 ]  [ 0  0  0  0  0  0  0  0  1  0 ]  [ 0  0  0  0  1  0  0  0  0  0 ]  [ 0  0  1  0  0  0  0  0  0  0 ]  [ 0  0  0  0  1  0  0  0  0  0 ]  [ 0  0  0  1  0  0  0  0  0  0 ]  [ 0  0  0  0  0  0  0  1  0  0 ]  [ 0  0  1  0  0  0  0  0  0  0 ]  [ 0  0  0  1  0  0  0  0  0  0 ]  [ 0  0  1  0  0  0  0  0  0  0 ]  [ 0  0  0  0  1  0  0  0  0  0 ]  [ 0  0  0  0  0  0  0  0  1  0 ]  [ 0  0  0  0  1  0  0  0  0  0 ]  [ 0  0  0  1  0  0  0  0  0  0 ]  [ 0  0  0  0  0  0  0  0  1  0 ]  [ 0  0  1  0  0  0  0  0  0  0 ]  [ 0  0  0  1  0  0  0  0  0  0 ]  [ 0  0  0  0  0  0  0  0  1  0 ]  [ 0  0  1  0  0  0  0  0  0  0 ]  [ 0  0  0  0  0  0  0  1  0  0 ]  [ 0  0  0  1  0  0  0  0  0  0 ]  [ 0  0  1  0  0  0  0  0  0  0 ]  [ 0  0  0  1  0  0  0  0  0  0 ]  [ 0  0  0  0  1  0  0  0  0  0 ]  [ 0  0  0  1  0  0  0  0  0  0 ]  [ 0  0  0  0  1  0  0  0  0  0 ]  [ 0  0  1  0  0  0  0  0  0  0 ]  [ 0  0  0  1  0  0  0  0  0  0 ]  [ 0  0  0  0  0  0  0  0  1  0 ]  [ 0  0  0  0  1  0  0  0  0  0 ]  [ 0  0  0  0  1  0  0  0  0  0 ]  [ 0  0  1  0  0  0  0  0  0  0 ]  [ 0  0  0  1  0  0  0  0  0  0 ]  [ 0  0  0  0  0  0  0  0  1  0 ]  [ 0  0  0  0  0  0  0  1  0  0 ]  [ 0  0  0  0  1  0  0  0  0  0 ]  [ 0  0  1  0  0  0  0  0  0  0 ]  [ 0  0  0  1  0  0  0  0  0  0 ]  [ 0  0  0  0  0  0  0  1  0  0 ]  [ 0  0  0  0  1  0  0  0  0  0 ]  [ 0  0  0  0  1  0  0  0  0  0 ]  [ 0  0  0  0  0  0  0  0  1  0 ]  [ 0  0  0  0  0  0  0  1  0  0 ]  [ 0  0  0  0  0  0  0  1  0  0 ]  [ 0  0  1  0  0  0  0  0  0  0 ]  [ 0  0  1  0  0  0  0  0  0  0 ]  [ 0  0  0  0  0  0  0  1  0  0 ]  [ 0  0  0  0  1  0  0  0  0  0 ]  [ 0  0  0  0  0  0  0  0  1  0 ]  [ 0  0  0  0  0  0  0  0  1  0 ]  [ 0  0  0  0  0  0  0  0  1  0 ]  [ 0  0  0  1  0  0  0  0  0  0 ]  [ 0  0  0  0  0  0  0  0  1  0 ]  [ 0  0  0  0  0  0  0  1  0  0 ]  [ 0  0  0  0  0  0  0  0  1  0 ]  [ 0  0  1  0  0  0  0  0  0  0 ]  [ 0  0  0  0  0  0  0  1  0  0 ]  [ 0  0  0  0  1  0  0  0  0  0 ]  [ 0  0  0  0  0  0  0  0  1  0 ]  [ 0  0  0  0  0  0  0  0  1  0 ]  [ 0  0  0  1  0  0  0  0  0  0 ]  [ 0  0  0  0  1  0  0  0  0  0 ]  [ 0  0  0  1  0  0  0  0  0  0 ]  [ 0  0  0  0  1  0  0  0  0  0 ]  [ 0  0  0  1  0  0  0  0  0  0 ]  [ 0  0  0  0  0  0  0  1  0  0 ]  [ 0  0  1  0  0  0  0  0  0  0 ]  [ 0  0  1  0  0  0  0  0  0  0 ]  [ 0  0  0  0  1  0  0  0  0  0 ]  [ 0  0  1  0  0  0  0  0  0  0 ]  [ 0  0  0  1  0  0  0  0  0  0 ]  [ 0  0  0  0  0  0  0  0  1  0 ]  [ 0  0  0  0  0  0  0  0  1  0 ]  [ 0  0  1  0  0  0  0  0  0  0 ]  [ 0  0  1  0  0  0  0  0  0  0 ]  [ 0  0  0  0  0  0  0  0  1  0 ]  [ 0  0  0  0  0  0  0  0  1  0 ]  [ 0  0  0  0  1  0  0  0  0  0 ]  [ 0  0  1  0  0  0  0  0  0  0 ]  [ 0  0  0  1  0  0  0  0  0  0 ]  [ 0  0  0  0  0  0  0  0  1  0 ]  [ 0  0  0  0  0  0  0  0  1  0 ]  [ 0  0  1  0  0  0  0  0  0  0 ]  [ 0  0  1  0  0  0  0  0  0  0 ]  [ 0  0  0  0  1  0  0  0  0  0 ]  [ 0  0  0  1  0  0  0  0  0  0 ]  [ 0  0  0  0  0  0  0  1  0  0 ]  [ 0  0  0  1  0  0  0  0  0  0 ]  [ 0  0  0  0  0  0  0  1  0  0 ]  [ 0  0  1  0  0  0  0  0  0  0 ]  [ 0  0  0  0  1  0  0  0  0  0 ]  [ 0  0  0  0  0  0  0  0  1  0 ]  [ 0  0  0  0  0  0  0  1  0  0 ]  [ 0  0  1  0  0  0  0  0  0  0 ]  [ 0  0  1  0  0  0  0  0  0  0 ]  [ 0  0  0  0  0  0  0  1  0  0 ]  [ 0  0  0  1  0  0  0  0  0  0 ]  [ 0  0  0  1  0  0  0  0  0  0 ]  [ 0  0  0  0  1  0  0  0  0  0 ]  [ 0  0  0  0  1  0  0  0  0  0 ]  [ 0  0  0  0  0  0  0  0  1  0 ]  [ 0  0  0  1  0  0  0  0  0  0 ]  [ 0  0  0  0  1  0  0  0  0  0 ]  [ 0  0  0  1  0  0  0  0  0  0 ]  [ 0  0  0  0  1  0  0  0  0  0 ]  [ 0  0  0  0  0  0  0  1  0  0 ]  [ 0  0  1  0  0  0  0  0  0  0 ]  [ 0  0  0  0  1  0  0  0  0  0 ]  [ 0  0  0  0  0  0  0  1  0  0 ]  [ 0  0  1  0  0  0  0  0  0  0 ]  [ 0  0  0  0  0  0  0  1  0  0 ]  [ 0  0  0  0  1  0  0  0  0  0 ]  [ 0  0  0  0  1  0  0  0  0  0 ]  [ 0  0  0  0  0  0  0  1  0  0 ]  [ 0  0  0  0  0  0  0  1  0  0 ]  [ 0  0  1  0  0  0  0  0  0  0 ]  [ 0  0  0  0  1  0  0  0  0  0 ]  [ 0  0  1  0  0  0  0  0  0  0 ]  [ 0  0  0  1  0  0  0  0  0  0 ]  [ 0  0  0  1  0  0  0  0  0  0 ]  [ 0  0  1  0  0  0  0  0  0  0 ]  [ 0  0  0  1  0  0  0  0  0  0 ]  [ 0  0  0  0  1  0  0  0  0  0 ]  [ 0  0  0  0  0  0  0  1  0  0 ]  [ 0  0  0  0  0  0  0  0  1  0 ]  [ 0  0  0  1  0  0  0  0  0  0 ]  [ 0  0  0  0  1  0  0  0  0  0 ]  [ 0  0  0  0  0  0  0  1  0  0 ]  [ 0  0  0  0  0  0  0  0  1  0 ]  [ 0  0  0  0  0  0  0  0  1  0 ]  [ 0  0  0  0  0  0  0  0  1  0 ]  [ 0  0  0  1  0  0  0  0  0  0 ]  [ 0  0  1  0  0  0  0  0  0  0 ]  [ 0  0  0  0  0  0  0  0  1  0 ]  [ 0  0  1  0  0  0  0  0  0  0 ]  [ 0  0  0  0  1  0  0  0  0  0 ]  [ 0  0  0  0  0  0  0  1  0  0 ]  [ 0  0  0  0  1  0  0  0  0  0 ]  [ 0  0  0  1  0  0  0  0  0  0 ]  [ 0  0  0  0  0  0  0  0  1  0 ]  [ 0  0  0  1  0  0  0  0  0  0 ]  [ 0  0  0  0  1  0  0  0  0  0 ]  [ 0  0  0  0  0  0  0  0  1  0 ]  [ 0  0  1  0  0  0  0  0  0  0 ]  [ 0  0  0  1  0  0  0  0  0  0 ]  [ 0  0  0  0  1  0  0  0  0  0 ]  [ 0  0  0  0  1  0  0  0  0  0 ]  [ 0  0  0  1  0  0  0  0  0  0 ]  [ 0  0  0  0  1  0  0  0  0  0 ]  [ 0  0  1  0  0  0  0  0  0  0 ]  [ 0  0  1  0  0  0  0  0  0  0 ]  [ 0  0  0  1  0  0  0  0  0  0 ]  [ 0  0  1  0  0  0  0  0  0  0 ]  [ 0  0  0  0  0  0  0  0  1  0 ]  [ 0  0  0  1  0  0  0  0  0  0 ]  [ 0  0  0  1  0  0  0  0  0  0 ]  [ 0  0  0  0  0  0  0  1  0  0 ]  [ 0  0  0  0  0  0  0  1  0  0 ]  [ 0  0  0  1  0  0  0  0  0  0 ]  [ 0  0  0  0  0  0  0  0  1  0 ]  [ 0  0  0  0  0  0  0  1  0  0 ]  [ 0  0  0  1  0  0  0  0  0  0 ]  [ 0  0  0  0  0  0  0  1  0  0 ]  [ 0  0  0  1  0  0  0  0  0  0 ]  [ 0  0  0  1  0  0  0  0  0  0 ]  [ 0  0  0  0  0  0  0  0  1  0 ]  [ 0  0  0  0  1  0  0  0  0  0 ]  [ 0  0  0  0  0  0  0  0  1  0 ]  [ 0  0  1  0  0  0  0  0  0  0 ]  [ 0  0  1  0  0  0  0  0  0  0 ]  [ 0  0  1  0  0  0  0  0  0  0 ]  [ 0  0  0  0  0  0  0  1  0  0 ]  [ 0  0  0  0  1  0  0  0  0  0 ]  [ 0  0  1  0  0  0  0  0  0  0 ]  [ 0  0  1  0  0  0  0  0  0  0 ]  [ 0  0  0  0  0  0  0  0  1  0 ]  [ 0  0  0  0  1  0  0  0  0  0 ] ];

ObjRequests = {  <1,3,128>, <2,3,178>, <3,3,170>, <4,3,71>, <5,3,57>, <6,3,31>, <7,3,43>, <8,3,7>, <9,3,48>, <10,3,3>, <11,3,36>, <12,3,15>, <13,3,1>, <14,3,7>, <15,3,5>, <16,3,3>, <17,3,17>, <18,3,29>, <19,3,19>, <20,3,23>, <21,3,7>, <22,3,13>, <23,3,14>, <24,3,9>, <25,3,3>, <26,3,1>, <27,3,1>, <29,3,5>, <30,3,7>, <31,3,5>, <32,3,1>, <33,3,8>, <34,3,1>, <35,3,4>, <36,3,2>, <37,3,2>, <38,3,6>, <39,3,8>, <40,3,4>, <41,3,2>, <42,3,6>, <43,3,3>, <44,3,1>, <45,3,17>, <46,3,6>, <47,3,11>, <48,3,4>, <49,3,11>, <50,3,3>, <51,3,1>, <53,3,3>, <54,3,1>, <55,3,5>, <56,3,4>, <57,3,6>, <58,3,9>, <59,3,11>, <60,3,4>, <61,3,8>, <62,3,4>, <63,3,2>, <64,3,5>, <65,3,2>, <66,3,5>, <67,3,5>, <68,3,1>, <69,3,5>, <70,3,2>, <71,3,3>, <72,3,1>, <73,3,3>, <74,3,2>, <75,3,1>, <76,3,6>, <77,3,3>, <78,3,1>, <80,3,1>, <82,3,2>, <83,3,9>, <84,3,1>, <85,3,9>, <86,3,2>, <87,3,3>, <88,3,2>, <91,3,1>, <92,3,2>, <93,3,1>, <94,3,2>, <95,3,1>, <96,3,2>, <98,3,6>, <99,3,2>, <100,3,2>, <101,3,1>, <102,3,2>, <103,3,2>, <105,3,7>, <106,3,2>, <107,3,1>, <108,3,3>, <109,3,4>, <110,3,1>, <111,3,3>, <112,3,2>, <113,3,3>, <114,3,7>, <115,3,2>, <116,3,3>, <117,3,2>, <118,3,3>, <119,3,1>, <120,3,1>, <121,3,6>, <122,3,4>, <123,3,4>, <124,3,3>, <125,3,3>, <128,3,2>, <129,3,1>, <130,3,2>, <131,3,2>, <132,3,1>, <133,3,4>, <134,3,1>, <135,3,5>, <137,3,1>, <138,3,1>, <139,3,1>, <140,3,3>, <141,3,5>, <143,3,1>, <144,3,2>, <145,3,1>, <146,3,1>, <147,3,3>, <149,3,5>, <150,3,2>, <152,3,1>, <154,3,3>, <155,3,3>, <156,3,2>, <157,3,4>, <159,3,1>, <160,3,1>, <161,3,2>, <163,3,1>, <164,3,1>, <165,3,1>, <169,3,1>, <172,3,2>, <175,3,2>, <176,3,3>, <178,3,1>, <180,3,1>, <181,3,1>, <182,3,2>, <183,3,2>, <184,3,1>, <185,3,2>, <186,3,2>, <188,3,1>, <190,3,1>, <192,3,3>, <193,3,1>, <194,3,1>, <195,3,1>, <196,3,3>, <197,3,1>, <199,3,1>, <200,3,1>, <204,3,1>, <207,3,2>, <208,3,2>, <210,3,1>, <212,3,1>, <216,3,1>, <217,3,2>, <219,3,1>, <220,3,2>, <221,3,1>, <226,3,1>, <227,3,1>, <229,3,1>, <230,3,1>, <231,3,2>, <233,3,1>, <235,3,1>, <236,3,1>, <237,3,1>, <241,3,2>, <244,3,1>, <247,3,1>, <248,3,1>, <250,3,1>, <251,3,1>, <253,3,1>, <257,3,3>, <259,3,1>, <260,3,3>, <262,3,1>, <267,3,1>, <268,3,1>, <269,3,3>, <273,3,1>, <274,3,1>, <276,3,1>, <280,3,1>, <284,3,1>, <287,3,1>, <288,3,2>, <290,3,2>, <293,3,1>, <296,3,1>, <297,3,1>, <299,3,1>, <303,3,2>, <306,3,1>, <307,3,1>, <308,3,1>, <309,3,1>, <312,3,2>, <313,3,1>, <316,3,4>, <320,3,1>, <321,3,1>, <325,3,1>, <326,3,1>, <327,3,1>, <328,3,1>, <333,3,1>, <334,3,3>, <335,3,2>, <338,3,2>, <339,3,1>, <341,3,1>, <342,3,1>, <344,3,1>, <346,3,1>, <348,3,1>, <350,3,2>, <352,3,1>, <355,3,1>, <357,3,1>, <358,3,1>, <359,3,1>, <361,3,1>, <362,3,1>, <364,3,1>, <365,3,1>, <366,3,2>, <367,3,2>, <368,3,1>, <371,3,1>, <373,3,1>, <374,3,2>, <375,3,1>, <380,3,1>, <381,3,2>, <382,3,4>, <384,3,1>, <385,3,2>, <392,3,1>, <396,3,1>, <397,3,1>, <402,3,1>, <403,3,1>, <406,3,1>, <407,3,1>, <408,3,2>, <409,3,1>, <410,3,1>, <413,3,1>, <416,3,1>, <421,3,1>, <423,3,1>, <424,3,1>, <426,3,1>, <429,3,1>, <431,3,1>, <432,3,2>, <434,3,1>, <436,3,1>, <437,3,1>, <442,3,1>, <444,3,1>, <446,3,1>, <448,3,2>, <449,3,2>, <451,3,1>, <453,3,1>, <454,3,1>, <455,3,1>, <456,3,1>, <457,3,1>, <460,3,1>, <464,3,2>, <465,3,1>, <474,3,1>, <476,3,3>, <480,3,1>, <482,3,1>, <483,3,1>, <484,3,1>, <488,3,1>, <491,3,1>, <495,3,1>, <496,3,3>, <498,3,1>, <499,3,1>, <501,3,1>, <502,3,1>, <506,3,1>, <507,3,2>, <509,3,1>, <514,3,1>, <515,3,1>, <517,3,1>, <519,3,1>, <521,3,1>, <523,3,1>, <527,3,3>, <530,3,1>, <532,3,1>, <533,3,1>, <536,3,1>, <537,3,1>, <538,3,2>, <542,3,1>, <543,3,1>, <545,3,1>, <547,3,2>, <554,3,1>, <555,3,1>, <557,3,2>, <559,3,1>, <567,3,1>, <569,3,1>, <570,3,1>, <573,3,3>, <574,3,1>, <576,3,1>, <577,3,1>, <586,3,2>, <587,3,1>, <588,3,1>, <589,3,1>, <591,3,1>, <594,3,1>, <601,3,1>, <603,3,1>, <604,3,1>, <607,3,1>, <612,3,1>, <613,3,1>, <616,3,2>, <620,3,2>, <621,3,1>, <623,3,2>, <626,3,1>, <629,3,1>, <630,3,1>, <632,3,1>, <636,3,2>, <651,3,1>, <654,3,1>, <661,3,1>, <663,3,1>, <665,3,1>, <683,3,1>, <684,3,1>, <686,3,1>, <687,3,1>, <704,3,1>, <706,3,1>, <713,3,1>, <722,3,1>, <723,3,1>, <724,3,1>, <730,3,1>, <735,3,1>, <738,3,1>, <740,3,1>, <741,3,1>, <742,3,1>, <747,3,1>, <751,3,1>, <757,3,1>, <762,3,1>, <774,3,1>, <776,3,1>, <779,3,1>, <795,3,1>, <802,3,1>, <814,3,1>, <815,3,1>, <817,3,1>, <825,3,1>, <830,3,1>, <836,3,2>, <837,3,1>, <849,3,1>, <850,3,1>, <857,3,1>, <860,3,1>, <866,3,1>, <868,3,2>, <869,3,1>, <886,3,1>, <889,3,1>, <893,3,1>, <903,3,1>, <904,3,1>, <906,3,1>, <908,3,1>, <914,3,1>, <915,3,1>, <916,3,1>, <917,3,1>, <922,3,1>, <923,3,1>, <925,3,1>, <933,3,1>, <941,3,1>, <955,3,1>, <964,3,1>, <966,3,1>, <975,3,1>, <976,3,1>, <978,3,1>, <986,3,2>, <995,3,1>, <1,4,316>, <2,4,35>, <3,4,133>, <4,4,38>, <5,4,13>, <6,4,3>, <7,4,28>, <8,4,24>, <9,4,47>, <10,4,37>, <11,4,5>, <12,4,18>, <13,4,8>, <14,4,2>, <15,4,28>, <16,4,3>, <17,4,2>, <18,4,3>, <19,4,2>, <20,4,12>, <21,4,13>, <22,4,3>, <23,4,15>, <24,4,4>, <25,4,16>, <26,4,31>, <27,4,2>, <28,4,10>, <29,4,6>, <30,4,1>, <31,4,3>, <32,4,2>, <33,4,7>, <34,4,4>, <35,4,3>, <36,4,4>, <37,4,2>, <38,4,3>, <39,4,4>, <40,4,2>, <41,4,12>, <42,4,4>, <43,4,8>, <44,4,5>, <45,4,1>, <46,4,6>, <47,4,8>, <48,4,8>, <50,4,2>, <51,4,2>, <52,4,3>, <53,4,7>, <54,4,1>, <55,4,6>, <57,4,5>, <59,4,3>, <60,4,6>, <61,4,2>, <62,4,4>, <63,4,3>, <64,4,5>, <65,4,4>, <66,4,5>, <67,4,1>, <68,4,8>, <69,4,3>, <70,4,5>, <72,4,1>, <73,4,2>, <74,4,3>, <75,4,2>, <77,4,1>, <78,4,2>, <79,4,7>, <81,4,1>, <82,4,1>, <83,4,5>, <84,4,2>, <85,4,1>, <86,4,3>, <87,4,4>, <88,4,4>, <89,4,1>, <90,4,4>, <91,4,1>, <92,4,4>, <93,4,3>, <94,4,1>, <95,4,1>, <96,4,1>, <97,4,5>, <98,4,1>, <100,4,2>, <101,4,5>, <102,4,3>, <103,4,2>, <104,4,1>, <105,4,1>, <106,4,1>, <107,4,5>, <108,4,4>, <110,4,3>, <111,4,1>, <114,4,4>, <115,4,2>, <116,4,2>, <117,4,4>, <118,4,3>, <119,4,2>, <120,4,2>, <121,4,1>, <123,4,1>, <124,4,2>, <125,4,1>, <126,4,1>, <128,4,2>, <129,4,2>, <130,4,3>, <134,4,3>, <135,4,2>, <138,4,2>, <139,4,2>, <140,4,1>, <142,4,1>, <144,4,2>, <147,4,2>, <148,4,2>, <149,4,1>, <150,4,2>, <151,4,4>, <152,4,1>, <153,4,1>, <154,4,1>, <155,4,1>, <156,4,1>, <157,4,1>, <159,4,2>, <160,4,2>, <161,4,2>, <162,4,4>, <163,4,2>, <165,4,3>, <166,4,3>, <167,4,1>, <169,4,1>, <170,4,2>, <172,4,1>, <173,4,2>, <174,4,3>, <175,4,1>, <176,4,4>, <177,4,2>, <178,4,2>, <179,4,5>, <180,4,1>, <181,4,1>, <182,4,1>, <185,4,1>, <186,4,3>, <187,4,2>, <189,4,1>, <190,4,1>, <192,4,1>, <193,4,1>, <195,4,1>, <197,4,1>, <198,4,1>, <199,4,1>, <201,4,1>, <202,4,1>, <203,4,1>, <204,4,1>, <205,4,1>, <207,4,1>, <209,4,1>, <210,4,2>, <211,4,2>, <212,4,1>, <213,4,1>, <215,4,1>, <216,4,3>, <217,4,1>, <218,4,3>, <219,4,1>, <220,4,3>, <221,4,1>, <222,4,7>, <223,4,2>, <228,4,1>, <233,4,1>, <235,4,4>, <237,4,1>, <239,4,1>, <243,4,2>, <245,4,3>, <247,4,1>, <248,4,1>, <249,4,2>, <251,4,1>, <254,4,3>, <257,4,1>, <258,4,1>, <259,4,3>, <260,4,1>, <261,4,1>, <262,4,1>, <263,4,2>, <264,4,2>, <267,4,1>, <268,4,2>, <269,4,1>, <271,4,1>, <273,4,1>, <277,4,2>, <278,4,1>, <280,4,3>, <282,4,1>, <283,4,1>, <284,4,1>, <286,4,1>, <288,4,3>, <290,4,1>, <291,4,3>, <293,4,3>, <294,4,1>, <297,4,2>, <298,4,1>, <300,4,1>, <302,4,1>, <307,4,1>, <311,4,1>, <312,4,1>, <313,4,1>, <317,4,2>, <318,4,1>, <321,4,1>, <324,4,3>, <326,4,3>, <328,4,1>, <331,4,2>, <338,4,1>, <339,4,1>, <342,4,2>, <344,4,1>, <346,4,1>, <347,4,3>, <355,4,1>, <364,4,1>, <365,4,1>, <368,4,1>, <370,4,1>, <375,4,1>, <377,4,1>, <378,4,2>, <380,4,1>, <381,4,1>, <382,4,2>, <383,4,1>, <384,4,1>, <387,4,1>, <389,4,1>, <392,4,2>, <397,4,1>, <399,4,1>, <400,4,1>, <401,4,1>, <409,4,2>, <410,4,1>, <417,4,1>, <419,4,1>, <420,4,1>, <421,4,1>, <424,4,1>, <430,4,1>, <433,4,1>, <436,4,1>, <438,4,1>, <442,4,1>, <444,4,1>, <448,4,1>, <453,4,1>, <456,4,1>, <457,4,1>, <460,4,1>, <462,4,1>, <463,4,1>, <466,4,2>, <469,4,1>, <474,4,1>, <476,4,1>, <480,4,1>, <483,4,1>, <485,4,1>, <490,4,1>, <491,4,1>, <497,4,1>, <506,4,2>, <509,4,1>, <511,4,1>, <512,4,1>, <513,4,1>, <517,4,1>, <530,4,1>, <532,4,1>, <533,4,1>, <534,4,1>, <538,4,1>, <539,4,1>, <540,4,1>, <543,4,2>, <545,4,1>, <554,4,1>, <555,4,1>, <556,4,1>, <561,4,1>, <564,4,1>, <565,4,1>, <570,4,2>, <571,4,1>, <585,4,1>, <589,4,1>, <595,4,1>, <596,4,1>, <601,4,2>, <603,4,1>, <607,4,1>, <611,4,2>, <616,4,1>, <619,4,1>, <620,4,1>, <628,4,2>, <629,4,1>, <630,4,2>, <636,4,1>, <648,4,1>, <650,4,1>, <652,4,1>, <653,4,1>, <666,4,1>, <669,4,1>, <672,4,1>, <674,4,1>, <680,4,1>, <681,4,1>, <684,4,1>, <686,4,2>, <692,4,1>, <698,4,1>, <704,4,1>, <710,4,1>, <711,4,1>, <721,4,1>, <722,4,1>, <723,4,1>, <726,4,1>, <732,4,1>, <733,4,1>, <736,4,1>, <738,4,1>, <741,4,1>, <742,4,1>, <752,4,1>, <755,4,1>, <770,4,3>, <775,4,2>, <779,4,1>, <783,4,1>, <784,4,1>, <788,4,1>, <804,4,2>, <816,4,1>, <817,4,1>, <826,4,1>, <828,4,2>, <835,4,1>, <845,4,1>, <858,4,1>, <859,4,1>, <864,4,1>, <865,4,1>, <866,4,1>, <870,4,1>, <877,4,2>, <881,4,1>, <882,4,1>, <886,4,1>, <890,4,1>, <893,4,1>, <899,4,1>, <903,4,1>, <904,4,1>, <906,4,1>, <925,4,3>, <930,4,1>, <932,4,1>, <938,4,1>, <940,4,1>, <943,4,1>, <944,4,1>, <962,4,1>, <976,4,1>, <978,4,1>, <984,4,1>, <985,4,1>, <1000,4,1>, <1,5,402>, <2,5,99>, <3,5,15>, <4,5,119>, <5,5,25>, <6,5,79>, <7,5,29>, <8,5,59>, <9,5,2>, <10,5,23>, <11,5,17>, <12,5,11>, <13,5,38>, <14,5,28>, <15,5,10>, <16,5,45>, <17,5,3>, <19,5,37>, <20,5,1>, <21,5,22>, <22,5,2>, <24,5,19>, <25,5,29>, <26,5,1>, <27,5,7>, <28,5,1>, <29,5,4>, <30,5,4>, <31,5,2>, <32,5,1>, <33,5,6>, <35,5,1>, <36,5,2>, <37,5,7>, <38,5,4>, <39,5,15>, <40,5,1>, <41,5,5>, <42,5,3>, <43,5,7>, <44,5,6>, <45,5,1>, <46,5,10>, <47,5,1>, <49,5,2>, <50,5,6>, <51,5,1>, <52,5,11>, <53,5,8>, <54,5,6>, <55,5,1>, <56,5,3>, <57,5,2>, <58,5,5>, <59,5,7>, <60,5,10>, <61,5,5>, <62,5,2>, <63,5,2>, <64,5,4>, <65,5,6>, <66,5,2>, <67,5,7>, <68,5,7>, <69,5,1>, <71,5,3>, <72,5,2>, <73,5,1>, <74,5,5>, <76,5,3>, <77,5,1>, <78,5,2>, <80,5,9>, <82,5,1>, <83,5,2>, <84,5,2>, <85,5,1>, <86,5,2>, <87,5,1>, <88,5,8>, <89,5,1>, <91,5,4>, <92,5,5>, <93,5,3>, <94,5,4>, <95,5,3>, <97,5,2>, <98,5,5>, <99,5,4>, <102,5,4>, <103,5,1>, <104,5,2>, <105,5,3>, <106,5,5>, <107,5,5>, <108,5,4>, <109,5,1>, <110,5,6>, <112,5,2>, <114,5,3>, <117,5,1>, <118,5,4>, <119,5,1>, <120,5,1>, <121,5,4>, <122,5,1>, <124,5,2>, <126,5,4>, <128,5,2>, <129,5,5>, <130,5,2>, <131,5,2>, <132,5,1>, <133,5,3>, <135,5,1>, <136,5,1>, <137,5,1>, <139,5,1>, <140,5,2>, <141,5,3>, <142,5,1>, <143,5,1>, <145,5,3>, <146,5,3>, <147,5,5>, <148,5,1>, <149,5,1>, <151,5,2>, <152,5,1>, <153,5,2>, <155,5,2>, <156,5,3>, <157,5,1>, <158,5,1>, <159,5,1>, <160,5,1>, <161,5,1>, <162,5,1>, <163,5,1>, <165,5,1>, <166,5,2>, <167,5,3>, <168,5,1>, <169,5,1>, <170,5,1>, <171,5,3>, <173,5,2>, <177,5,4>, <179,5,2>, <181,5,2>, <182,5,1>, <183,5,1>, <184,5,3>, <185,5,1>, <186,5,1>, <187,5,3>, <188,5,1>, <189,5,1>, <193,5,1>, <195,5,5>, <196,5,1>, <197,5,1>, <198,5,1>, <199,5,1>, <201,5,3>, <204,5,1>, <206,5,2>, <208,5,3>, <210,5,1>, <213,5,1>, <215,5,1>, <216,5,1>, <217,5,1>, <218,5,1>, <219,5,2>, <221,5,1>, <222,5,1>, <223,5,1>, <224,5,1>, <226,5,1>, <230,5,1>, <232,5,1>, <234,5,1>, <237,5,2>, <238,5,1>, <240,5,1>, <244,5,1>, <246,5,2>, <250,5,1>, <251,5,3>, <253,5,2>, <254,5,1>, <257,5,1>, <259,5,1>, <261,5,1>, <263,5,1>, <264,5,1>, <266,5,1>, <268,5,1>, <269,5,1>, <270,5,1>, <272,5,1>, <273,5,2>, <276,5,2>, <277,5,1>, <278,5,1>, <280,5,1>, <281,5,1>, <282,5,1>, <283,5,1>, <284,5,1>, <285,5,2>, <287,5,1>, <288,5,2>, <289,5,2>, <291,5,2>, <292,5,3>, <293,5,1>, <295,5,6>, <296,5,1>, <297,5,2>, <298,5,1>, <299,5,2>, <301,5,1>, <302,5,1>, <303,5,1>, <306,5,2>, <311,5,1>, <312,5,1>, <313,5,1>, <315,5,1>, <322,5,1>, <325,5,1>, <329,5,1>, <332,5,1>, <333,5,1>, <335,5,1>, <339,5,1>, <341,5,1>, <348,5,1>, <352,5,1>, <353,5,1>, <358,5,1>, <359,5,1>, <360,5,3>, <361,5,1>, <362,5,1>, <366,5,2>, <367,5,1>, <370,5,1>, <371,5,1>, <373,5,3>, <376,5,2>, <379,5,1>, <380,5,1>, <383,5,1>, <384,5,2>, <394,5,1>, <395,5,1>, <402,5,1>, <420,5,1>, <421,5,1>, <423,5,1>, <424,5,1>, <432,5,1>, <436,5,1>, <438,5,1>, <440,5,1>, <442,5,1>, <443,5,2>, <448,5,1>, <452,5,1>, <453,5,1>, <454,5,1>, <461,5,1>, <463,5,1>, <467,5,1>, <469,5,2>, <473,5,1>, <482,5,1>, <483,5,1>, <484,5,1>, <485,5,1>, <486,5,1>, <492,5,1>, <493,5,1>, <498,5,1>, <501,5,1>, <513,5,1>, <516,5,1>, <517,5,1>, <518,5,2>, <519,5,1>, <521,5,1>, <525,5,1>, <529,5,1>, <532,5,2>, <533,5,1>, <534,5,1>, <536,5,1>, <540,5,2>, <542,5,1>, <556,5,1>, <563,5,1>, <564,5,1>, <566,5,1>, <569,5,3>, <570,5,1>, <587,5,2>, <588,5,1>, <589,5,1>, <594,5,1>, <602,5,1>, <604,5,1>, <607,5,1>, <609,5,1>, <611,5,1>, <613,5,1>, <614,5,1>, <618,5,1>, <620,5,2>, <623,5,1>, <625,5,1>, <627,5,1>, <628,5,1>, <634,5,1>, <638,5,1>, <643,5,2>, <650,5,1>, <653,5,1>, <659,5,1>, <661,5,1>, <662,5,1>, <663,5,1>, <669,5,1>, <672,5,1>, <677,5,1>, <681,5,1>, <684,5,1>, <687,5,1>, <688,5,2>, <698,5,2>, <704,5,1>, <710,5,1>, <711,5,1>, <713,5,1>, <725,5,1>, <726,5,1>, <727,5,2>, <729,5,1>, <734,5,1>, <746,5,1>, <750,5,1>, <751,5,2>, <759,5,1>, <766,5,1>, <780,5,1>, <783,5,1>, <787,5,1>, <799,5,1>, <802,5,1>, <804,5,1>, <812,5,1>, <814,5,1>, <823,5,1>, <825,5,1>, <826,5,1>, <830,5,1>, <832,5,1>, <835,5,1>, <837,5,1>, <848,5,1>, <849,5,1>, <851,5,1>, <853,5,1>, <866,5,1>, <879,5,1>, <881,5,1>, <889,5,2>, <890,5,1>, <899,5,2>, <903,5,1>, <906,5,1>, <909,5,1>, <911,5,1>, <914,5,1>, <917,5,1>, <919,5,1>, <920,5,1>, <922,5,2>, <943,5,1>, <955,5,1>, <975,5,1>, <976,5,1>, <983,5,1>, <985,5,1>, <995,5,1>, <998,5,1>, <999,5,1>, <1,8,213>, <2,8,193>, <3,8,8>, <4,8,36>, <5,8,25>, <6,8,32>, <7,8,41>, <8,8,2>, <9,8,16>, <10,8,18>, <11,8,21>, <12,8,15>, <13,8,4>, <14,8,3>, <15,8,10>, <16,8,9>, <17,8,24>, <18,8,13>, <19,8,4>, <20,8,11>, <21,8,5>, <22,8,3>, <23,8,4>, <24,8,3>, <25,8,5>, <26,8,4>, <27,8,6>, <28,8,5>, <29,8,9>, <30,8,11>, <31,8,10>, <32,8,15>, <33,8,4>, <34,8,26>, <35,8,9>, <36,8,6>, <37,8,6>, <38,8,5>, <39,8,8>, <40,8,10>, <41,8,2>, <42,8,2>, <43,8,4>, <44,8,4>, <45,8,2>, <47,8,2>, <48,8,12>, <49,8,14>, <50,8,2>, <51,8,7>, <52,8,3>, <53,8,6>, <54,8,8>, <55,8,4>, <56,8,12>, <57,8,5>, <58,8,6>, <60,8,1>, <61,8,1>, <62,8,3>, <63,8,16>, <64,8,1>, <65,8,2>, <66,8,2>, <68,8,3>, <69,8,5>, <70,8,3>, <71,8,1>, <72,8,6>, <73,8,3>, <74,8,1>, <75,8,4>, <76,8,7>, <77,8,4>, <79,8,1>, <80,8,3>, <81,8,2>, <82,8,1>, <83,8,1>, <85,8,3>, <86,8,4>, <87,8,3>, <88,8,3>, <89,8,1>, <91,8,1>, <92,8,1>, <93,8,1>, <95,8,1>, <96,8,3>, <97,8,8>, <98,8,1>, <99,8,2>, <100,8,1>, <102,8,2>, <105,8,1>, <106,8,2>, <107,8,1>, <108,8,1>, <111,8,5>, <112,8,1>, <113,8,1>, <114,8,3>, <115,8,5>, <116,8,4>, <117,8,1>, <120,8,1>, <124,8,1>, <125,8,6>, <126,8,1>, <128,8,5>, <129,8,2>, <130,8,1>, <131,8,2>, <132,8,3>, <133,8,2>, <134,8,2>, <135,8,2>, <136,8,1>, <137,8,3>, <138,8,1>, <140,8,2>, <142,8,2>, <143,8,5>, <145,8,2>, <147,8,2>, <148,8,1>, <149,8,1>, <150,8,3>, <151,8,2>, <152,8,1>, <155,8,1>, <158,8,1>, <159,8,1>, <160,8,1>, <161,8,2>, <162,8,1>, <163,8,2>, <165,8,5>, <166,8,4>, <172,8,4>, <173,8,2>, <175,8,1>, <176,8,3>, <177,8,1>, <178,8,2>, <180,8,1>, <184,8,1>, <185,8,1>, <186,8,1>, <187,8,1>, <188,8,1>, <189,8,1>, <191,8,2>, <193,8,1>, <194,8,2>, <195,8,3>, <196,8,2>, <197,8,1>, <199,8,2>, <200,8,2>, <201,8,1>, <203,8,1>, <205,8,3>, <207,8,4>, <210,8,1>, <212,8,2>, <213,8,1>, <216,8,2>, <217,8,3>, <218,8,1>, <219,8,6>, <227,8,1>, <228,8,1>, <229,8,1>, <230,8,1>, <231,8,2>, <232,8,1>, <233,8,1>, <234,8,1>, <237,8,1>, <238,8,1>, <239,8,1>, <241,8,1>, <242,8,1>, <243,8,1>, <244,8,2>, <245,8,2>, <246,8,1>, <248,8,1>, <250,8,1>, <251,8,2>, <252,8,1>, <255,8,1>, <257,8,1>, <258,8,1>, <259,8,1>, <261,8,1>, <262,8,1>, <263,8,1>, <264,8,2>, <265,8,2>, <266,8,1>, <268,8,1>, <269,8,1>, <274,8,2>, <275,8,1>, <276,8,1>, <277,8,2>, <280,8,2>, <283,8,1>, <285,8,1>, <291,8,2>, <295,8,3>, <296,8,1>, <298,8,3>, <303,8,2>, <308,8,1>, <309,8,1>, <310,8,2>, <313,8,1>, <314,8,1>, <316,8,1>, <320,8,1>, <322,8,1>, <325,8,1>, <327,8,3>, <328,8,2>, <329,8,1>, <330,8,2>, <331,8,1>, <334,8,1>, <337,8,1>, <338,8,1>, <342,8,1>, <343,8,1>, <346,8,1>, <347,8,1>, <350,8,2>, <353,8,1>, <354,8,1>, <355,8,1>, <359,8,2>, <366,8,1>, <367,8,1>, <368,8,1>, <370,8,1>, <371,8,1>, <372,8,1>, <373,8,1>, <374,8,1>, <376,8,4>, <380,8,1>, <381,8,1>, <383,8,1>, <384,8,1>, <385,8,1>, <386,8,1>, <390,8,1>, <392,8,2>, <394,8,1>, <395,8,1>, <396,8,1>, <397,8,1>, <398,8,1>, <404,8,2>, <408,8,1>, <412,8,1>, <416,8,2>, <422,8,1>, <428,8,1>, <433,8,2>, <434,8,1>, <435,8,1>, <436,8,1>, <438,8,1>, <440,8,1>, <442,8,1>, <446,8,2>, <447,8,2>, <451,8,2>, <453,8,1>, <454,8,1>, <457,8,1>, <461,8,1>, <464,8,1>, <469,8,1>, <473,8,2>, <476,8,2>, <480,8,1>, <485,8,2>, <488,8,1>, <491,8,1>, <495,8,1>, <497,8,1>, <506,8,1>, <507,8,1>, <508,8,1>, <511,8,1>, <512,8,1>, <514,8,1>, <518,8,1>, <519,8,2>, <527,8,1>, <529,8,1>, <531,8,1>, <532,8,1>, <533,8,1>, <540,8,2>, <547,8,1>, <551,8,1>, <552,8,1>, <555,8,1>, <559,8,1>, <560,8,1>, <564,8,1>, <565,8,1>, <568,8,1>, <569,8,1>, <570,8,1>, <572,8,1>, <574,8,1>, <577,8,1>, <578,8,1>, <586,8,1>, <588,8,1>, <592,8,1>, <599,8,1>, <601,8,1>, <607,8,1>, <611,8,1>, <612,8,1>, <617,8,1>, <618,8,1>, <619,8,1>, <621,8,1>, <622,8,1>, <626,8,1>, <628,8,1>, <630,8,1>, <634,8,1>, <635,8,1>, <640,8,1>, <643,8,1>, <645,8,1>, <646,8,1>, <648,8,1>, <652,8,1>, <656,8,3>, <661,8,1>, <672,8,1>, <677,8,1>, <680,8,1>, <688,8,1>, <698,8,1>, <699,8,1>, <700,8,2>, <704,8,2>, <706,8,1>, <711,8,1>, <713,8,1>, <714,8,1>, <715,8,1>, <717,8,1>, <719,8,1>, <720,8,1>, <725,8,1>, <727,8,1>, <728,8,1>, <729,8,1>, <732,8,1>, <736,8,1>, <749,8,1>, <750,8,1>, <751,8,1>, <762,8,1>, <779,8,1>, <784,8,1>, <805,8,1>, <809,8,1>, <815,8,1>, <817,8,1>, <825,8,1>, <828,8,1>, <830,8,1>, <832,8,1>, <833,8,1>, <836,8,2>, <837,8,1>, <851,8,2>, <853,8,2>, <859,8,1>, <865,8,1>, <866,8,1>, <877,8,1>, <878,8,1>, <882,8,1>, <890,8,1>, <906,8,1>, <911,8,2>, <916,8,1>, <919,8,1>, <930,8,1>, <934,8,1>, <941,8,1>, <949,8,1>, <966,8,1>, <969,8,1>, <975,8,1>, <976,8,1>, <978,8,1>, <1000,8,1>, <1,9,20>, <2,9,56>, <3,9,32>, <4,9,20>, <5,9,106>, <6,9,30>, <7,9,26>, <8,9,45>, <9,9,4>, <10,9,18>, <12,9,23>, <13,9,34>, <14,9,39>, <15,9,30>, <16,9,10>, <17,9,17>, <18,9,9>, <19,9,5>, <20,9,14>, <21,9,4>, <22,9,35>, <23,9,9>, <24,9,1>, <25,9,4>, <26,9,9>, <27,9,21>, <28,9,13>, <29,9,3>, <30,9,14>, <31,9,9>, <32,9,12>, <33,9,14>, <34,9,6>, <35,9,5>, <36,9,11>, <38,9,8>, <39,9,2>, <40,9,10>, <41,9,3>, <42,9,3>, <43,9,7>, <44,9,13>, <45,9,2>, <46,9,5>, <49,9,2>, <50,9,2>, <51,9,15>, <52,9,6>, <54,9,11>, <56,9,8>, <57,9,2>, <58,9,1>, <59,9,3>, <62,9,1>, <63,9,1>, <64,9,2>, <65,9,5>, <66,9,5>, <67,9,8>, <68,9,1>, <69,9,1>, <70,9,5>, <71,9,1>, <72,9,3>, <73,9,7>, <74,9,5>, <76,9,3>, <77,9,7>, <79,9,2>, <80,9,1>, <81,9,7>, <82,9,6>, <83,9,2>, <84,9,3>, <85,9,2>, <86,9,1>, <89,9,2>, <90,9,1>, <91,9,3>, <92,9,7>, <93,9,4>, <94,9,8>, <95,9,2>, <96,9,5>, <97,9,5>, <98,9,1>, <99,9,2>, <100,9,1>, <101,9,1>, <102,9,2>, <103,9,2>, <104,9,1>, <105,9,4>, <106,9,1>, <107,9,1>, <108,9,1>, <109,9,1>, <110,9,1>, <111,9,1>, <112,9,3>, <113,9,1>, <116,9,5>, <117,9,1>, <119,9,2>, <120,9,2>, <122,9,2>, <123,9,3>, <125,9,5>, <127,9,1>, <129,9,4>, <130,9,2>, <131,9,1>, <132,9,2>, <133,9,2>, <134,9,1>, <135,9,1>, <136,9,2>, <137,9,2>, <138,9,2>, <139,9,1>, <140,9,1>, <141,9,1>, <142,9,3>, <143,9,5>, <145,9,2>, <146,9,2>, <147,9,1>, <148,9,4>, <149,9,1>, <150,9,3>, <151,9,4>, <153,9,1>, <154,9,2>, <155,9,3>, <156,9,1>, <157,9,1>, <160,9,1>, <161,9,1>, <164,9,1>, <165,9,1>, <166,9,4>, <167,9,1>, <170,9,1>, <171,9,2>, <173,9,1>, <174,9,3>, <175,9,1>, <176,9,1>, <177,9,1>, <180,9,1>, <181,9,1>, <182,9,4>, <183,9,2>, <186,9,1>, <187,9,1>, <189,9,4>, <190,9,1>, <191,9,1>, <192,9,1>, <193,9,1>, <196,9,1>, <197,9,2>, <198,9,1>, <199,9,2>, <201,9,2>, <202,9,4>, <203,9,1>, <204,9,1>, <206,9,4>, <209,9,1>, <210,9,1>, <215,9,1>, <216,9,1>, <217,9,1>, <220,9,1>, <221,9,1>, <223,9,1>, <227,9,2>, <228,9,1>, <230,9,1>, <233,9,1>, <234,9,2>, <235,9,1>, <236,9,1>, <237,9,1>, <239,9,1>, <241,9,2>, <242,9,1>, <243,9,2>, <245,9,2>, <247,9,1>, <249,9,2>, <251,9,1>, <254,9,2>, <257,9,1>, <259,9,2>, <261,9,5>, <263,9,1>, <264,9,1>, <267,9,1>, <268,9,4>, <269,9,1>, <271,9,1>, <272,9,1>, <273,9,3>, <274,9,1>, <277,9,1>, <282,9,1>, <285,9,1>, <286,9,1>, <287,9,2>, <289,9,4>, <293,9,2>, <294,9,3>, <295,9,1>, <296,9,2>, <300,9,2>, <302,9,1>, <303,9,1>, <306,9,1>, <307,9,1>, <308,9,1>, <309,9,2>, <311,9,1>, <312,9,1>, <313,9,1>, <315,9,1>, <324,9,1>, <325,9,1>, <326,9,1>, <329,9,2>, <330,9,2>, <331,9,1>, <341,9,1>, <342,9,1>, <346,9,2>, <350,9,1>, <351,9,1>, <354,9,1>, <355,9,1>, <357,9,1>, <361,9,1>, <362,9,1>, <367,9,1>, <368,9,2>, <371,9,1>, <373,9,1>, <375,9,1>, <377,9,4>, <378,9,1>, <380,9,1>, <383,9,1>, <384,9,1>, <386,9,1>, <387,9,1>, <388,9,1>, <390,9,1>, <391,9,1>, <392,9,1>, <396,9,1>, <397,9,1>, <401,9,1>, <403,9,1>, <413,9,1>, <416,9,1>, <420,9,1>, <421,9,3>, <423,9,1>, <431,9,1>, <432,9,2>, <436,9,1>, <437,9,1>, <449,9,1>, <450,9,1>, <451,9,1>, <452,9,1>, <453,9,1>, <454,9,1>, <455,9,1>, <456,9,2>, <460,9,3>, <461,9,1>, <466,9,1>, <469,9,1>, <473,9,1>, <477,9,1>, <480,9,1>, <484,9,1>, <485,9,1>, <495,9,1>, <496,9,1>, <499,9,1>, <502,9,1>, <507,9,1>, <513,9,1>, <517,9,2>, <523,9,1>, <532,9,3>, <534,9,1>, <536,9,1>, <539,9,1>, <542,9,2>, <547,9,1>, <553,9,1>, <555,9,1>, <557,9,1>, <561,9,1>, <567,9,1>, <569,9,1>, <571,9,1>, <575,9,1>, <577,9,1>, <586,9,1>, <595,9,1>, <596,9,1>, <601,9,1>, <602,9,2>, <611,9,1>, <613,9,1>, <616,9,1>, <622,9,1>, <625,9,1>, <626,9,1>, <631,9,1>, <641,9,1>, <646,9,1>, <655,9,3>, <666,9,1>, <668,9,1>, <669,9,1>, <672,9,1>, <674,9,1>, <688,9,1>, <689,9,1>, <698,9,1>, <699,9,1>, <720,9,1>, <722,9,1>, <724,9,1>, <725,9,1>, <726,9,2>, <727,9,1>, <730,9,2>, <741,9,1>, <748,9,2>, <750,9,1>, <751,9,1>, <757,9,2>, <759,9,2>, <767,9,1>, <770,9,1>, <772,9,3>, <779,9,1>, <799,9,1>, <801,9,1>, <802,9,1>, <808,9,1>, <809,9,1>, <817,9,1>, <820,9,2>, <821,9,2>, <823,9,1>, <825,9,1>, <832,9,1>, <835,9,1>, <837,9,1>, <838,9,1>, <864,9,1>, <865,9,1>, <868,9,1>, <879,9,1>, <888,9,1>, <889,9,2>, <890,9,1>, <893,9,1>, <904,9,1>, <910,9,1>, <920,9,1>, <926,9,1>, <932,9,2>, <933,9,1>, <935,9,1>, <954,9,1>, <958,9,1>, <964,9,1>, <971,9,1>, <974,9,1>, <977,9,1>, <978,9,1>, <984,9,1>, <993,9,1> };

MaxCacheStorageAtSingleAS= [ 0  0  1312.5  1312.5  1312.5  0  0  1312.5  1312.5  0 ] ;

MaxCacheStorage = 6562.5 ;
SolutionGap = 0.01 ;
