
ASes= { 1, 2, 3, 4, 5, 6, 7, 8, 9, 10 } ;


Objects= { 1, 2, 3, 4, 5, 6, 7, 8, 9, 10, 11, 12, 13, 14, 15, 16, 17, 18, 19, 20, 21, 22, 23, 24, 25, 26, 27, 28, 29, 30, 31, 32, 33, 34, 35, 36, 37, 38, 39, 40, 41, 42, 43, 44, 45, 46, 47, 48, 49, 50, 51, 52, 53, 54, 55, 56, 57, 58, 59, 60, 61, 62, 63, 64, 65, 66, 67, 68, 69, 70, 71, 72, 73, 74, 75, 76, 77, 78, 79, 80, 81, 82, 83, 84, 85, 86, 87, 88, 89, 90, 91, 92, 93, 94, 95, 96, 97, 98, 99, 100, 101, 102, 103, 104, 105, 106, 107, 108, 109, 110, 111, 112, 113, 114, 115, 116, 117, 118, 119, 120, 121, 122, 123, 124, 125, 126, 127, 128, 129, 130, 131, 132, 133, 134, 135, 136, 137, 138, 139, 140, 141, 142, 143, 144, 145, 146, 147, 148, 149, 150, 151, 152, 153, 154, 155, 156, 157, 158, 159, 160, 161, 162, 163, 164, 165, 166, 167, 168, 169, 170, 171, 172, 173, 174, 175, 176, 177, 178, 179, 180, 181, 182, 183, 184, 185, 186, 187, 188, 189, 190, 191, 192, 193, 194, 195, 196, 197, 198, 199, 200, 201, 202, 203, 204, 205, 206, 207, 208, 209, 210, 211, 212, 213, 214, 215, 216, 217, 218, 219, 220, 221, 222, 223, 224, 225, 226, 227, 228, 229, 230, 231, 232, 233, 234, 235, 236, 237, 238, 239, 240, 241, 242, 243, 244, 245, 246, 247, 248, 249, 250, 251, 252, 253, 254, 255, 256, 257, 258, 259, 260, 261, 262, 263, 264, 265, 266, 267, 268, 269, 270, 271, 272, 273, 274, 275, 276, 277, 278, 279, 280, 281, 282, 283, 284, 285, 286, 287, 288, 289, 290, 291, 292, 293, 294, 295, 296, 297, 298, 299, 300, 301, 302, 303, 304, 305, 306, 307, 308, 309, 310, 311, 312, 313, 314, 315, 316, 317, 318, 319, 320, 321, 322, 323, 324, 325, 326, 327, 328, 329, 330, 331, 332, 333, 334, 335, 336, 337, 338, 339, 340, 341, 342, 343, 344, 345, 346, 347, 348, 349, 350, 351, 352, 353, 354, 355, 356, 357, 358, 359, 360, 361, 362, 363, 364, 365, 366, 367, 368, 369, 370, 371, 372, 373, 374, 375, 376, 377, 378, 379, 380, 381, 382, 383, 384, 385, 386, 387, 388, 389, 390, 391, 392, 393, 394, 395, 396, 397, 398, 399, 400, 401, 402, 403, 404, 405, 406, 407, 408, 409, 410, 411, 412, 413, 414, 415, 416, 417, 418, 419, 420, 421, 422, 423, 424, 425, 426, 427, 428, 429, 430, 431, 432, 433, 434, 435, 436, 437, 438, 439, 440, 441, 442, 443, 444, 445, 446, 447, 448, 449, 450, 451, 452, 453, 454, 455, 456, 457, 458, 459, 460, 461, 462, 463, 464, 465, 466, 467, 468, 469, 470, 471, 472, 473, 474, 475, 476, 477, 478, 479, 480, 481, 482, 483, 484, 485, 486, 487, 488, 489, 490, 491, 492, 493, 494, 495, 496, 497, 498, 499, 500, 501, 502, 503, 504, 505, 506, 507, 508, 509, 510, 511, 512, 513, 514, 515, 516, 517, 518, 519, 520, 521, 522, 523, 524, 525, 526, 527, 528, 529, 530, 531, 532, 533, 534, 535, 536, 537, 538, 539, 540, 541, 542, 543, 544, 545, 546, 547, 548, 549, 550, 551, 552, 553, 554, 555, 556, 557, 558, 559, 560, 561, 562, 563, 564, 565, 566, 567, 568, 569, 570, 571, 572, 573, 574, 575, 576, 577, 578, 579, 580, 581, 582, 583, 584, 585, 586, 587, 588, 589, 590, 591, 592, 593, 594, 595, 596, 597, 598, 599, 600, 601, 602, 603, 604, 605, 606, 607, 608, 609, 610, 611, 612, 613, 614, 615, 616, 617, 618, 619, 620, 621, 622, 623, 624, 625, 626, 627, 628, 629, 630, 631, 632, 633, 634, 635, 636, 637, 638, 639, 640, 641, 642, 643, 644, 645, 646, 647, 648, 649, 650, 651, 652, 653, 654, 655, 656, 657, 658, 659, 660, 661, 662, 663, 664, 665, 666, 667, 668, 669, 670, 671, 672, 673, 674, 675, 676, 677, 678, 679, 680, 681, 682, 683, 684, 685, 686, 687, 688, 689, 690, 691, 692, 693, 694, 695, 696, 697, 698, 699, 700, 701, 702, 703, 704, 705, 706, 707, 708, 709, 710, 711, 712, 713, 714, 715, 716, 717, 718, 719, 720, 721, 722, 723, 724, 725, 726, 727, 728, 729, 730, 731, 732, 733, 734, 735, 736, 737, 738, 739, 740, 741, 742, 743, 744, 745, 746, 747, 748, 749, 750, 751, 752, 753, 754, 755, 756, 757, 758, 759, 760, 761, 762, 763, 764, 765, 766, 767, 768, 769, 770, 771, 772, 773, 774, 775, 776, 777, 778, 779, 780, 781, 782, 783, 784, 785, 786, 787, 788, 789, 790, 791, 792, 793, 794, 795, 796, 797, 798, 799, 800, 801, 802, 803, 804, 805, 806, 807, 808, 809, 810, 811, 812, 813, 814, 815, 816, 817, 818, 819, 820, 821, 822, 823, 824, 825, 826, 827, 828, 829, 830, 831, 832, 833, 834, 835, 836, 837, 838, 839, 840, 841, 842, 843, 844, 845, 846, 847, 848, 849, 850, 851, 852, 853, 854, 855, 856, 857, 858, 859, 860, 861, 862, 863, 864, 865, 866, 867, 868, 869, 870, 871, 872, 873, 874, 875, 876, 877, 878, 879, 880, 881, 882, 883, 884, 885, 886, 887, 888, 889, 890, 891, 892, 893, 894, 895, 896, 897, 898, 899, 900, 901, 902, 903, 904, 905, 906, 907, 908, 909, 910, 911, 912, 913, 914, 915, 916, 917, 918, 919, 920, 921, 922, 923, 924, 925, 926, 927, 928, 929, 930, 931, 932, 933, 934, 935, 936, 937, 938, 939, 940, 941, 942, 943, 944, 945, 946, 947, 948, 949, 950, 951, 952, 953, 954, 955, 956, 957, 958, 959, 960, 961, 962, 963, 964, 965, 966, 967, 968, 969, 970, 971, 972, 973, 974, 975, 976, 977, 978, 979, 980, 981, 982, 983, 984, 985, 986, 987, 988, 989, 990, 991, 992, 993, 994, 995, 996, 997, 998, 999, 1000 } ;


QualityLevels= { 0, 1, 2, 3, 4, 5 } ;

Arcs = { <1,2,490000>, <2,1,490000>,<1,3,490000>, <3,1,490000>,<2,4,490000>, <4,2,490000>,<2,5,490000>, <5,2,490000>,<1,6,490000>, <6,1,490000>,<6,7,490000>, <7,6,490000>,<7,8,490000>, <8,7,490000>,<1,9,490000>, <9,1,490000>,<7,10,490000>, <10,7,490000> }; 


RatePerQuality= [ 0  300  700  1500  2500  3500 ] ;


CacheSpacePerQuality= [ 10000  11.25  26.25  56.25  93.75  131.25 ] ;


UtilityPerQuality= [ 0  0.2  0.4  0.6  0.8  1 ] ;


ObjectsPublishedByProducers=[ [ 0  0  0  1  0  0  0  0  0  0 ]  [ 0  0  0  0  1  0  0  0  0  0 ]  [ 0  0  0  1  0  0  0  0  0  0 ]  [ 0  0  0  0  0  0  0  1  0  0 ]  [ 0  0  0  0  0  0  0  1  0  0 ]  [ 0  0  1  0  0  0  0  0  0  0 ]  [ 0  0  1  0  0  0  0  0  0  0 ]  [ 0  0  0  0  0  0  0  0  1  0 ]  [ 0  0  0  1  0  0  0  0  0  0 ]  [ 0  0  0  1  0  0  0  0  0  0 ]  [ 0  0  0  0  0  0  0  0  1  0 ]  [ 0  0  0  0  1  0  0  0  0  0 ]  [ 0  0  0  0  0  0  0  0  1  0 ]  [ 0  0  0  0  1  0  0  0  0  0 ]  [ 0  0  0  0  0  0  0  1  0  0 ]  [ 0  0  1  0  0  0  0  0  0  0 ]  [ 0  0  0  0  0  0  0  1  0  0 ]  [ 0  0  0  0  0  0  0  0  1  0 ]  [ 0  0  0  0  1  0  0  0  0  0 ]  [ 0  0  0  0  0  0  0  1  0  0 ]  [ 0  0  0  0  0  0  0  1  0  0 ]  [ 0  0  1  0  0  0  0  0  0  0 ]  [ 0  0  0  0  0  0  0  1  0  0 ]  [ 0  0  0  0  1  0  0  0  0  0 ]  [ 0  0  0  1  0  0  0  0  0  0 ]  [ 0  0  1  0  0  0  0  0  0  0 ]  [ 0  0  0  0  0  0  0  0  1  0 ]  [ 0  0  0  0  1  0  0  0  0  0 ]  [ 0  0  0  0  0  0  0  1  0  0 ]  [ 0  0  0  0  0  0  0  0  1  0 ]  [ 0  0  0  0  0  0  0  1  0  0 ]  [ 0  0  0  0  0  0  0  0  1  0 ]  [ 0  0  0  1  0  0  0  0  0  0 ]  [ 0  0  0  0  0  0  0  0  1  0 ]  [ 0  0  0  0  1  0  0  0  0  0 ]  [ 0  0  0  0  0  0  0  0  1  0 ]  [ 0  0  0  0  0  0  0  0  1  0 ]  [ 0  0  1  0  0  0  0  0  0  0 ]  [ 0  0  1  0  0  0  0  0  0  0 ]  [ 0  0  0  1  0  0  0  0  0  0 ]  [ 0  0  0  0  0  0  0  0  1  0 ]  [ 0  0  0  0  1  0  0  0  0  0 ]  [ 0  0  0  0  0  0  0  1  0  0 ]  [ 0  0  0  1  0  0  0  0  0  0 ]  [ 0  0  0  0  1  0  0  0  0  0 ]  [ 0  0  0  1  0  0  0  0  0  0 ]  [ 0  0  0  1  0  0  0  0  0  0 ]  [ 0  0  0  0  1  0  0  0  0  0 ]  [ 0  0  0  0  1  0  0  0  0  0 ]  [ 0  0  0  0  0  0  0  0  1  0 ]  [ 0  0  0  0  0  0  0  1  0  0 ]  [ 0  0  0  0  0  0  0  0  1  0 ]  [ 0  0  0  0  0  0  0  0  1  0 ]  [ 0  0  0  0  0  0  0  0  1  0 ]  [ 0  0  0  0  0  0  0  1  0  0 ]  [ 0  0  1  0  0  0  0  0  0  0 ]  [ 0  0  0  0  0  0  0  0  1  0 ]  [ 0  0  0  0  0  0  0  0  1  0 ]  [ 0  0  0  0  0  0  0  0  1  0 ]  [ 0  0  0  0  1  0  0  0  0  0 ]  [ 0  0  0  0  0  0  0  1  0  0 ]  [ 0  0  0  1  0  0  0  0  0  0 ]  [ 0  0  0  0  0  0  0  0  1  0 ]  [ 0  0  0  0  1  0  0  0  0  0 ]  [ 0  0  0  1  0  0  0  0  0  0 ]  [ 0  0  1  0  0  0  0  0  0  0 ]  [ 0  0  0  0  0  0  0  0  1  0 ]  [ 0  0  0  0  0  0  0  0  1  0 ]  [ 0  0  1  0  0  0  0  0  0  0 ]  [ 0  0  0  0  0  0  0  0  1  0 ]  [ 0  0  0  0  1  0  0  0  0  0 ]  [ 0  0  1  0  0  0  0  0  0  0 ]  [ 0  0  0  1  0  0  0  0  0  0 ]  [ 0  0  0  0  0  0  0  1  0  0 ]  [ 0  0  0  0  0  0  0  0  1  0 ]  [ 0  0  1  0  0  0  0  0  0  0 ]  [ 0  0  0  0  0  0  0  1  0  0 ]  [ 0  0  1  0  0  0  0  0  0  0 ]  [ 0  0  0  0  0  0  0  1  0  0 ]  [ 0  0  0  1  0  0  0  0  0  0 ]  [ 0  0  0  0  0  0  0  0  1  0 ]  [ 0  0  0  0  0  0  0  0  1  0 ]  [ 0  0  0  0  1  0  0  0  0  0 ]  [ 0  0  0  0  0  0  0  0  1  0 ]  [ 0  0  0  1  0  0  0  0  0  0 ]  [ 0  0  1  0  0  0  0  0  0  0 ]  [ 0  0  0  0  1  0  0  0  0  0 ]  [ 0  0  1  0  0  0  0  0  0  0 ]  [ 0  0  1  0  0  0  0  0  0  0 ]  [ 0  0  0  0  1  0  0  0  0  0 ]  [ 0  0  0  0  0  0  0  1  0  0 ]  [ 0  0  1  0  0  0  0  0  0  0 ]  [ 0  0  1  0  0  0  0  0  0  0 ]  [ 0  0  0  0  0  0  0  0  1  0 ]  [ 0  0  0  1  0  0  0  0  0  0 ]  [ 0  0  0  0  0  0  0  0  1  0 ]  [ 0  0  0  0  0  0  0  0  1  0 ]  [ 0  0  0  1  0  0  0  0  0  0 ]  [ 0  0  0  0  1  0  0  0  0  0 ]  [ 0  0  0  0  1  0  0  0  0  0 ]  [ 0  0  0  0  0  0  0  1  0  0 ]  [ 0  0  0  0  1  0  0  0  0  0 ]  [ 0  0  0  0  1  0  0  0  0  0 ]  [ 0  0  0  0  0  0  0  1  0  0 ]  [ 0  0  0  0  0  0  0  0  1  0 ]  [ 0  0  0  0  1  0  0  0  0  0 ]  [ 0  0  0  0  1  0  0  0  0  0 ]  [ 0  0  0  0  0  0  0  1  0  0 ]  [ 0  0  0  1  0  0  0  0  0  0 ]  [ 0  0  0  1  0  0  0  0  0  0 ]  [ 0  0  0  0  0  0  0  0  1  0 ]  [ 0  0  0  0  1  0  0  0  0  0 ]  [ 0  0  0  0  1  0  0  0  0  0 ]  [ 0  0  1  0  0  0  0  0  0  0 ]  [ 0  0  0  0  1  0  0  0  0  0 ]  [ 0  0  0  0  1  0  0  0  0  0 ]  [ 0  0  1  0  0  0  0  0  0  0 ]  [ 0  0  0  0  0  0  0  1  0  0 ]  [ 0  0  0  0  0  0  0  1  0  0 ]  [ 0  0  1  0  0  0  0  0  0  0 ]  [ 0  0  0  0  0  0  0  1  0  0 ]  [ 0  0  0  0  1  0  0  0  0  0 ]  [ 0  0  0  0  0  0  0  1  0  0 ]  [ 0  0  0  1  0  0  0  0  0  0 ]  [ 0  0  0  0  0  0  0  1  0  0 ]  [ 0  0  0  0  0  0  0  1  0  0 ]  [ 0  0  1  0  0  0  0  0  0  0 ]  [ 0  0  1  0  0  0  0  0  0  0 ]  [ 0  0  0  0  0  0  0  1  0  0 ]  [ 0  0  0  0  0  0  0  0  1  0 ]  [ 0  0  0  1  0  0  0  0  0  0 ]  [ 0  0  0  0  1  0  0  0  0  0 ]  [ 0  0  0  0  1  0  0  0  0  0 ]  [ 0  0  0  1  0  0  0  0  0  0 ]  [ 0  0  0  1  0  0  0  0  0  0 ]  [ 0  0  0  1  0  0  0  0  0  0 ]  [ 0  0  0  1  0  0  0  0  0  0 ]  [ 0  0  0  0  1  0  0  0  0  0 ]  [ 0  0  0  1  0  0  0  0  0  0 ]  [ 0  0  0  1  0  0  0  0  0  0 ]  [ 0  0  0  0  0  0  0  1  0  0 ]  [ 0  0  1  0  0  0  0  0  0  0 ]  [ 0  0  0  0  1  0  0  0  0  0 ]  [ 0  0  0  0  0  0  0  1  0  0 ]  [ 0  0  0  1  0  0  0  0  0  0 ]  [ 0  0  0  1  0  0  0  0  0  0 ]  [ 0  0  0  0  0  0  0  0  1  0 ]  [ 0  0  0  1  0  0  0  0  0  0 ]  [ 0  0  1  0  0  0  0  0  0  0 ]  [ 0  0  0  0  1  0  0  0  0  0 ]  [ 0  0  0  0  0  0  0  1  0  0 ]  [ 0  0  1  0  0  0  0  0  0  0 ]  [ 0  0  0  1  0  0  0  0  0  0 ]  [ 0  0  0  1  0  0  0  0  0  0 ]  [ 0  0  0  0  0  0  0  0  1  0 ]  [ 0  0  0  0  1  0  0  0  0  0 ]  [ 0  0  0  0  0  0  0  0  1  0 ]  [ 0  0  1  0  0  0  0  0  0  0 ]  [ 0  0  0  1  0  0  0  0  0  0 ]  [ 0  0  0  0  0  0  0  1  0  0 ]  [ 0  0  0  0  0  0  0  0  1  0 ]  [ 0  0  0  0  1  0  0  0  0  0 ]  [ 0  0  0  1  0  0  0  0  0  0 ]  [ 0  0  1  0  0  0  0  0  0  0 ]  [ 0  0  0  0  1  0  0  0  0  0 ]  [ 0  0  1  0  0  0  0  0  0  0 ]  [ 0  0  0  0  0  0  0  0  1  0 ]  [ 0  0  0  0  0  0  0  0  1  0 ]  [ 0  0  1  0  0  0  0  0  0  0 ]  [ 0  0  0  1  0  0  0  0  0  0 ]  [ 0  0  0  0  0  0  0  0  1  0 ]  [ 0  0  0  0  0  0  0  1  0  0 ]  [ 0  0  0  0  0  0  0  0  1  0 ]  [ 0  0  0  1  0  0  0  0  0  0 ]  [ 0  0  1  0  0  0  0  0  0  0 ]  [ 0  0  0  1  0  0  0  0  0  0 ]  [ 0  0  0  0  0  0  0  1  0  0 ]  [ 0  0  0  1  0  0  0  0  0  0 ]  [ 0  0  0  1  0  0  0  0  0  0 ]  [ 0  0  0  0  1  0  0  0  0  0 ]  [ 0  0  0  0  1  0  0  0  0  0 ]  [ 0  0  0  0  1  0  0  0  0  0 ]  [ 0  0  0  0  0  0  0  0  1  0 ]  [ 0  0  1  0  0  0  0  0  0  0 ]  [ 0  0  1  0  0  0  0  0  0  0 ]  [ 0  0  0  0  0  0  0  0  1  0 ]  [ 0  0  0  0  0  0  0  0  1  0 ]  [ 0  0  0  0  0  0  0  0  1  0 ]  [ 0  0  0  0  1  0  0  0  0  0 ]  [ 0  0  0  0  0  0  0  0  1  0 ]  [ 0  0  0  0  0  0  0  0  1  0 ]  [ 0  0  0  1  0  0  0  0  0  0 ]  [ 0  0  0  0  0  0  0  1  0  0 ]  [ 0  0  0  0  0  0  0  0  1  0 ]  [ 0  0  0  0  0  0  0  1  0  0 ]  [ 0  0  0  0  1  0  0  0  0  0 ]  [ 0  0  0  1  0  0  0  0  0  0 ]  [ 0  0  0  1  0  0  0  0  0  0 ]  [ 0  0  0  1  0  0  0  0  0  0 ]  [ 0  0  1  0  0  0  0  0  0  0 ]  [ 0  0  0  0  1  0  0  0  0  0 ]  [ 0  0  0  1  0  0  0  0  0  0 ]  [ 0  0  0  0  0  0  0  0  1  0 ]  [ 0  0  1  0  0  0  0  0  0  0 ]  [ 0  0  0  0  0  0  0  0  1  0 ]  [ 0  0  0  0  0  0  0  1  0  0 ]  [ 0  0  0  0  0  0  0  0  1  0 ]  [ 0  0  0  0  0  0  0  0  1  0 ]  [ 0  0  0  0  0  0  0  0  1  0 ]  [ 0  0  0  0  1  0  0  0  0  0 ]  [ 0  0  1  0  0  0  0  0  0  0 ]  [ 0  0  0  0  0  0  0  1  0  0 ]  [ 0  0  1  0  0  0  0  0  0  0 ]  [ 0  0  0  1  0  0  0  0  0  0 ]  [ 0  0  0  0  0  0  0  1  0  0 ]  [ 0  0  0  0  1  0  0  0  0  0 ]  [ 0  0  0  0  1  0  0  0  0  0 ]  [ 0  0  0  0  0  0  0  0  1  0 ]  [ 0  0  0  0  0  0  0  1  0  0 ]  [ 0  0  0  1  0  0  0  0  0  0 ]  [ 0  0  0  1  0  0  0  0  0  0 ]  [ 0  0  0  0  0  0  0  0  1  0 ]  [ 0  0  0  0  1  0  0  0  0  0 ]  [ 0  0  0  0  0  0  0  1  0  0 ]  [ 0  0  0  1  0  0  0  0  0  0 ]  [ 0  0  1  0  0  0  0  0  0  0 ]  [ 0  0  0  0  1  0  0  0  0  0 ]  [ 0  0  0  0  0  0  0  0  1  0 ]  [ 0  0  1  0  0  0  0  0  0  0 ]  [ 0  0  0  0  0  0  0  1  0  0 ]  [ 0  0  0  0  0  0  0  0  1  0 ]  [ 0  0  0  0  0  0  0  0  1  0 ]  [ 0  0  0  0  0  0  0  0  1  0 ]  [ 0  0  1  0  0  0  0  0  0  0 ]  [ 0  0  0  0  0  0  0  1  0  0 ]  [ 0  0  0  0  0  0  0  0  1  0 ]  [ 0  0  1  0  0  0  0  0  0  0 ]  [ 0  0  0  1  0  0  0  0  0  0 ]  [ 0  0  0  1  0  0  0  0  0  0 ]  [ 0  0  0  0  1  0  0  0  0  0 ]  [ 0  0  0  0  1  0  0  0  0  0 ]  [ 0  0  0  0  1  0  0  0  0  0 ]  [ 0  0  0  0  0  0  0  1  0  0 ]  [ 0  0  1  0  0  0  0  0  0  0 ]  [ 0  0  1  0  0  0  0  0  0  0 ]  [ 0  0  1  0  0  0  0  0  0  0 ]  [ 0  0  1  0  0  0  0  0  0  0 ]  [ 0  0  1  0  0  0  0  0  0  0 ]  [ 0  0  0  0  0  0  0  0  1  0 ]  [ 0  0  0  0  0  0  0  0  1  0 ]  [ 0  0  1  0  0  0  0  0  0  0 ]  [ 0  0  0  0  1  0  0  0  0  0 ]  [ 0  0  0  1  0  0  0  0  0  0 ]  [ 0  0  0  1  0  0  0  0  0  0 ]  [ 0  0  0  1  0  0  0  0  0  0 ]  [ 0  0  0  0  0  0  0  1  0  0 ]  [ 0  0  0  0  1  0  0  0  0  0 ]  [ 0  0  0  1  0  0  0  0  0  0 ]  [ 0  0  1  0  0  0  0  0  0  0 ]  [ 0  0  0  1  0  0  0  0  0  0 ]  [ 0  0  1  0  0  0  0  0  0  0 ]  [ 0  0  0  0  1  0  0  0  0  0 ]  [ 0  0  0  0  0  0  0  1  0  0 ]  [ 0  0  0  1  0  0  0  0  0  0 ]  [ 0  0  1  0  0  0  0  0  0  0 ]  [ 0  0  1  0  0  0  0  0  0  0 ]  [ 0  0  0  1  0  0  0  0  0  0 ]  [ 0  0  0  0  0  0  0  1  0  0 ]  [ 0  0  0  0  0  0  0  1  0  0 ]  [ 0  0  0  1  0  0  0  0  0  0 ]  [ 0  0  0  0  0  0  0  0  1  0 ]  [ 0  0  0  0  0  0  0  1  0  0 ]  [ 0  0  0  0  1  0  0  0  0  0 ]  [ 0  0  0  1  0  0  0  0  0  0 ]  [ 0  0  0  0  1  0  0  0  0  0 ]  [ 0  0  0  0  0  0  0  1  0  0 ]  [ 0  0  0  0  1  0  0  0  0  0 ]  [ 0  0  0  0  0  0  0  1  0  0 ]  [ 0  0  0  0  1  0  0  0  0  0 ]  [ 0  0  0  1  0  0  0  0  0  0 ]  [ 0  0  0  0  1  0  0  0  0  0 ]  [ 0  0  0  0  0  0  0  1  0  0 ]  [ 0  0  1  0  0  0  0  0  0  0 ]  [ 0  0  0  0  1  0  0  0  0  0 ]  [ 0  0  0  0  1  0  0  0  0  0 ]  [ 0  0  0  0  0  0  0  0  1  0 ]  [ 0  0  0  0  0  0  0  0  1  0 ]  [ 0  0  0  1  0  0  0  0  0  0 ]  [ 0  0  0  0  0  0  0  0  1  0 ]  [ 0  0  0  0  0  0  0  1  0  0 ]  [ 0  0  0  1  0  0  0  0  0  0 ]  [ 0  0  0  0  1  0  0  0  0  0 ]  [ 0  0  1  0  0  0  0  0  0  0 ]  [ 0  0  0  0  0  0  0  0  1  0 ]  [ 0  0  0  0  0  0  0  1  0  0 ]  [ 0  0  0  0  0  0  0  0  1  0 ]  [ 0  0  0  0  0  0  0  1  0  0 ]  [ 0  0  0  0  0  0  0  1  0  0 ]  [ 0  0  0  0  0  0  0  1  0  0 ]  [ 0  0  0  0  1  0  0  0  0  0 ]  [ 0  0  1  0  0  0  0  0  0  0 ]  [ 0  0  0  0  1  0  0  0  0  0 ]  [ 0  0  1  0  0  0  0  0  0  0 ]  [ 0  0  1  0  0  0  0  0  0  0 ]  [ 0  0  0  0  0  0  0  1  0  0 ]  [ 0  0  1  0  0  0  0  0  0  0 ]  [ 0  0  1  0  0  0  0  0  0  0 ]  [ 0  0  1  0  0  0  0  0  0  0 ]  [ 0  0  0  0  0  0  0  0  1  0 ]  [ 0  0  1  0  0  0  0  0  0  0 ]  [ 0  0  1  0  0  0  0  0  0  0 ]  [ 0  0  0  0  0  0  0  0  1  0 ]  [ 0  0  1  0  0  0  0  0  0  0 ]  [ 0  0  0  0  0  0  0  0  1  0 ]  [ 0  0  0  0  0  0  0  1  0  0 ]  [ 0  0  0  0  0  0  0  0  1  0 ]  [ 0  0  0  0  0  0  0  0  1  0 ]  [ 0  0  0  0  1  0  0  0  0  0 ]  [ 0  0  0  0  0  0  0  1  0  0 ]  [ 0  0  1  0  0  0  0  0  0  0 ]  [ 0  0  0  0  0  0  0  1  0  0 ]  [ 0  0  0  0  1  0  0  0  0  0 ]  [ 0  0  0  0  0  0  0  1  0  0 ]  [ 0  0  1  0  0  0  0  0  0  0 ]  [ 0  0  0  0  0  0  0  1  0  0 ]  [ 0  0  0  0  0  0  0  0  1  0 ]  [ 0  0  1  0  0  0  0  0  0  0 ]  [ 0  0  0  1  0  0  0  0  0  0 ]  [ 0  0  0  0  1  0  0  0  0  0 ]  [ 0  0  0  0  0  0  0  0  1  0 ]  [ 0  0  0  1  0  0  0  0  0  0 ]  [ 0  0  1  0  0  0  0  0  0  0 ]  [ 0  0  0  1  0  0  0  0  0  0 ]  [ 0  0  0  0  0  0  0  1  0  0 ]  [ 0  0  0  0  0  0  0  1  0  0 ]  [ 0  0  0  1  0  0  0  0  0  0 ]  [ 0  0  0  1  0  0  0  0  0  0 ]  [ 0  0  0  1  0  0  0  0  0  0 ]  [ 0  0  0  1  0  0  0  0  0  0 ]  [ 0  0  0  0  1  0  0  0  0  0 ]  [ 0  0  1  0  0  0  0  0  0  0 ]  [ 0  0  0  0  1  0  0  0  0  0 ]  [ 0  0  0  0  0  0  0  0  1  0 ]  [ 0  0  0  0  1  0  0  0  0  0 ]  [ 0  0  0  0  0  0  0  1  0  0 ]  [ 0  0  1  0  0  0  0  0  0  0 ]  [ 0  0  0  0  0  0  0  1  0  0 ]  [ 0  0  0  0  0  0  0  1  0  0 ]  [ 0  0  0  0  0  0  0  1  0  0 ]  [ 0  0  0  0  1  0  0  0  0  0 ]  [ 0  0  0  0  1  0  0  0  0  0 ]  [ 0  0  0  0  0  0  0  1  0  0 ]  [ 0  0  0  0  0  0  0  0  1  0 ]  [ 0  0  1  0  0  0  0  0  0  0 ]  [ 0  0  1  0  0  0  0  0  0  0 ]  [ 0  0  0  0  0  0  0  1  0  0 ]  [ 0  0  0  0  0  0  0  0  1  0 ]  [ 0  0  0  0  1  0  0  0  0  0 ]  [ 0  0  0  0  1  0  0  0  0  0 ]  [ 0  0  0  0  0  0  0  1  0  0 ]  [ 0  0  1  0  0  0  0  0  0  0 ]  [ 0  0  0  1  0  0  0  0  0  0 ]  [ 0  0  1  0  0  0  0  0  0  0 ]  [ 0  0  0  0  1  0  0  0  0  0 ]  [ 0  0  0  1  0  0  0  0  0  0 ]  [ 0  0  0  1  0  0  0  0  0  0 ]  [ 0  0  0  0  0  0  0  1  0  0 ]  [ 0  0  0  0  0  0  0  0  1  0 ]  [ 0  0  0  1  0  0  0  0  0  0 ]  [ 0  0  0  0  0  0  0  1  0  0 ]  [ 0  0  0  0  1  0  0  0  0  0 ]  [ 0  0  0  0  0  0  0  0  1  0 ]  [ 0  0  0  0  1  0  0  0  0  0 ]  [ 0  0  0  1  0  0  0  0  0  0 ]  [ 0  0  0  1  0  0  0  0  0  0 ]  [ 0  0  1  0  0  0  0  0  0  0 ]  [ 0  0  0  0  1  0  0  0  0  0 ]  [ 0  0  0  1  0  0  0  0  0  0 ]  [ 0  0  1  0  0  0  0  0  0  0 ]  [ 0  0  0  1  0  0  0  0  0  0 ]  [ 0  0  0  1  0  0  0  0  0  0 ]  [ 0  0  0  0  0  0  0  1  0  0 ]  [ 0  0  1  0  0  0  0  0  0  0 ]  [ 0  0  0  0  0  0  0  0  1  0 ]  [ 0  0  0  0  1  0  0  0  0  0 ]  [ 0  0  0  0  1  0  0  0  0  0 ]  [ 0  0  0  0  1  0  0  0  0  0 ]  [ 0  0  0  0  0  0  0  0  1  0 ]  [ 0  0  0  0  0  0  0  0  1  0 ]  [ 0  0  0  0  1  0  0  0  0  0 ]  [ 0  0  0  0  1  0  0  0  0  0 ]  [ 0  0  0  0  0  0  0  1  0  0 ]  [ 0  0  0  0  0  0  0  0  1  0 ]  [ 0  0  0  0  1  0  0  0  0  0 ]  [ 0  0  0  0  0  0  0  1  0  0 ]  [ 0  0  0  0  0  0  0  0  1  0 ]  [ 0  0  0  0  1  0  0  0  0  0 ]  [ 0  0  0  1  0  0  0  0  0  0 ]  [ 0  0  0  1  0  0  0  0  0  0 ]  [ 0  0  0  0  0  0  0  1  0  0 ]  [ 0  0  0  0  0  0  0  1  0  0 ]  [ 0  0  0  0  0  0  0  0  1  0 ]  [ 0  0  0  0  0  0  0  0  1  0 ]  [ 0  0  0  1  0  0  0  0  0  0 ]  [ 0  0  1  0  0  0  0  0  0  0 ]  [ 0  0  0  1  0  0  0  0  0  0 ]  [ 0  0  1  0  0  0  0  0  0  0 ]  [ 0  0  0  0  0  0  0  1  0  0 ]  [ 0  0  0  0  0  0  0  0  1  0 ]  [ 0  0  0  0  0  0  0  0  1  0 ]  [ 0  0  0  1  0  0  0  0  0  0 ]  [ 0  0  0  0  0  0  0  0  1  0 ]  [ 0  0  0  1  0  0  0  0  0  0 ]  [ 0  0  0  0  1  0  0  0  0  0 ]  [ 0  0  0  0  0  0  0  1  0  0 ]  [ 0  0  1  0  0  0  0  0  0  0 ]  [ 0  0  1  0  0  0  0  0  0  0 ]  [ 0  0  0  0  0  0  0  0  1  0 ]  [ 0  0  0  1  0  0  0  0  0  0 ]  [ 0  0  0  1  0  0  0  0  0  0 ]  [ 0  0  0  0  1  0  0  0  0  0 ]  [ 0  0  0  0  0  0  0  1  0  0 ]  [ 0  0  1  0  0  0  0  0  0  0 ]  [ 0  0  0  1  0  0  0  0  0  0 ]  [ 0  0  0  0  1  0  0  0  0  0 ]  [ 0  0  0  0  1  0  0  0  0  0 ]  [ 0  0  0  1  0  0  0  0  0  0 ]  [ 0  0  0  0  1  0  0  0  0  0 ]  [ 0  0  0  0  0  0  0  0  1  0 ]  [ 0  0  0  1  0  0  0  0  0  0 ]  [ 0  0  0  0  1  0  0  0  0  0 ]  [ 0  0  1  0  0  0  0  0  0  0 ]  [ 0  0  0  1  0  0  0  0  0  0 ]  [ 0  0  0  0  0  0  0  1  0  0 ]  [ 0  0  1  0  0  0  0  0  0  0 ]  [ 0  0  0  0  0  0  0  0  1  0 ]  [ 0  0  0  0  0  0  0  0  1  0 ]  [ 0  0  1  0  0  0  0  0  0  0 ]  [ 0  0  0  0  0  0  0  0  1  0 ]  [ 0  0  0  1  0  0  0  0  0  0 ]  [ 0  0  0  0  0  0  0  1  0  0 ]  [ 0  0  0  0  0  0  0  1  0  0 ]  [ 0  0  0  1  0  0  0  0  0  0 ]  [ 0  0  0  0  0  0  0  1  0  0 ]  [ 0  0  0  0  0  0  0  1  0  0 ]  [ 0  0  0  0  0  0  0  0  1  0 ]  [ 0  0  0  1  0  0  0  0  0  0 ]  [ 0  0  0  0  0  0  0  1  0  0 ]  [ 0  0  0  0  0  0  0  0  1  0 ]  [ 0  0  0  0  0  0  0  1  0  0 ]  [ 0  0  0  0  1  0  0  0  0  0 ]  [ 0  0  1  0  0  0  0  0  0  0 ]  [ 0  0  0  0  1  0  0  0  0  0 ]  [ 0  0  0  1  0  0  0  0  0  0 ]  [ 0  0  0  0  0  0  0  1  0  0 ]  [ 0  0  0  0  0  0  0  1  0  0 ]  [ 0  0  0  0  1  0  0  0  0  0 ]  [ 0  0  1  0  0  0  0  0  0  0 ]  [ 0  0  0  0  0  0  0  1  0  0 ]  [ 0  0  0  0  0  0  0  1  0  0 ]  [ 0  0  1  0  0  0  0  0  0  0 ]  [ 0  0  0  0  0  0  0  0  1  0 ]  [ 0  0  0  0  0  0  0  1  0  0 ]  [ 0  0  1  0  0  0  0  0  0  0 ]  [ 0  0  0  0  0  0  0  0  1  0 ]  [ 0  0  1  0  0  0  0  0  0  0 ]  [ 0  0  0  1  0  0  0  0  0  0 ]  [ 0  0  0  0  0  0  0  1  0  0 ]  [ 0  0  0  0  1  0  0  0  0  0 ]  [ 0  0  0  0  1  0  0  0  0  0 ]  [ 0  0  0  0  0  0  0  1  0  0 ]  [ 0  0  0  0  1  0  0  0  0  0 ]  [ 0  0  0  1  0  0  0  0  0  0 ]  [ 0  0  1  0  0  0  0  0  0  0 ]  [ 0  0  1  0  0  0  0  0  0  0 ]  [ 0  0  0  0  0  0  0  1  0  0 ]  [ 0  0  0  0  0  0  0  1  0  0 ]  [ 0  0  0  0  1  0  0  0  0  0 ]  [ 0  0  0  0  0  0  0  1  0  0 ]  [ 0  0  0  1  0  0  0  0  0  0 ]  [ 0  0  0  1  0  0  0  0  0  0 ]  [ 0  0  0  1  0  0  0  0  0  0 ]  [ 0  0  0  0  0  0  0  0  1  0 ]  [ 0  0  1  0  0  0  0  0  0  0 ]  [ 0  0  0  0  1  0  0  0  0  0 ]  [ 0  0  0  1  0  0  0  0  0  0 ]  [ 0  0  0  0  0  0  0  1  0  0 ]  [ 0  0  0  1  0  0  0  0  0  0 ]  [ 0  0  0  1  0  0  0  0  0  0 ]  [ 0  0  0  0  1  0  0  0  0  0 ]  [ 0  0  0  0  1  0  0  0  0  0 ]  [ 0  0  0  0  0  0  0  1  0  0 ]  [ 0  0  0  1  0  0  0  0  0  0 ]  [ 0  0  0  0  0  0  0  0  1  0 ]  [ 0  0  1  0  0  0  0  0  0  0 ]  [ 0  0  0  1  0  0  0  0  0  0 ]  [ 0  0  1  0  0  0  0  0  0  0 ]  [ 0  0  1  0  0  0  0  0  0  0 ]  [ 0  0  0  0  0  0  0  1  0  0 ]  [ 0  0  0  0  0  0  0  1  0  0 ]  [ 0  0  1  0  0  0  0  0  0  0 ]  [ 0  0  1  0  0  0  0  0  0  0 ]  [ 0  0  0  0  1  0  0  0  0  0 ]  [ 0  0  0  0  0  0  0  1  0  0 ]  [ 0  0  0  0  0  0  0  0  1  0 ]  [ 0  0  0  0  0  0  0  1  0  0 ]  [ 0  0  0  0  1  0  0  0  0  0 ]  [ 0  0  1  0  0  0  0  0  0  0 ]  [ 0  0  0  1  0  0  0  0  0  0 ]  [ 0  0  1  0  0  0  0  0  0  0 ]  [ 0  0  0  0  1  0  0  0  0  0 ]  [ 0  0  0  0  1  0  0  0  0  0 ]  [ 0  0  0  1  0  0  0  0  0  0 ]  [ 0  0  0  1  0  0  0  0  0  0 ]  [ 0  0  0  0  0  0  0  1  0  0 ]  [ 0  0  1  0  0  0  0  0  0  0 ]  [ 0  0  0  0  0  0  0  0  1  0 ]  [ 0  0  0  0  0  0  0  0  1  0 ]  [ 0  0  0  0  0  0  0  0  1  0 ]  [ 0  0  0  1  0  0  0  0  0  0 ]  [ 0  0  0  0  1  0  0  0  0  0 ]  [ 0  0  0  0  1  0  0  0  0  0 ]  [ 0  0  0  0  0  0  0  1  0  0 ]  [ 0  0  0  0  0  0  0  0  1  0 ]  [ 0  0  0  0  0  0  0  1  0  0 ]  [ 0  0  0  1  0  0  0  0  0  0 ]  [ 0  0  0  0  0  0  0  0  1  0 ]  [ 0  0  0  0  1  0  0  0  0  0 ]  [ 0  0  0  0  0  0  0  1  0  0 ]  [ 0  0  0  0  0  0  0  1  0  0 ]  [ 0  0  1  0  0  0  0  0  0  0 ]  [ 0  0  0  0  0  0  0  1  0  0 ]  [ 0  0  0  0  0  0  0  1  0  0 ]  [ 0  0  0  0  1  0  0  0  0  0 ]  [ 0  0  0  0  1  0  0  0  0  0 ]  [ 0  0  0  0  1  0  0  0  0  0 ]  [ 0  0  1  0  0  0  0  0  0  0 ]  [ 0  0  0  0  1  0  0  0  0  0 ]  [ 0  0  1  0  0  0  0  0  0  0 ]  [ 0  0  0  0  1  0  0  0  0  0 ]  [ 0  0  0  0  0  0  0  1  0  0 ]  [ 0  0  0  0  1  0  0  0  0  0 ]  [ 0  0  0  0  1  0  0  0  0  0 ]  [ 0  0  0  0  0  0  0  0  1  0 ]  [ 0  0  0  0  0  0  0  0  1  0 ]  [ 0  0  1  0  0  0  0  0  0  0 ]  [ 0  0  0  0  0  0  0  1  0  0 ]  [ 0  0  0  0  0  0  0  1  0  0 ]  [ 0  0  1  0  0  0  0  0  0  0 ]  [ 0  0  0  1  0  0  0  0  0  0 ]  [ 0  0  0  1  0  0  0  0  0  0 ]  [ 0  0  1  0  0  0  0  0  0  0 ]  [ 0  0  0  0  1  0  0  0  0  0 ]  [ 0  0  0  0  0  0  0  0  1  0 ]  [ 0  0  0  1  0  0  0  0  0  0 ]  [ 0  0  0  0  0  0  0  0  1  0 ]  [ 0  0  0  0  0  0  0  1  0  0 ]  [ 0  0  1  0  0  0  0  0  0  0 ]  [ 0  0  0  0  0  0  0  0  1  0 ]  [ 0  0  0  0  0  0  0  1  0  0 ]  [ 0  0  0  0  0  0  0  0  1  0 ]  [ 0  0  0  0  0  0  0  1  0  0 ]  [ 0  0  0  0  0  0  0  1  0  0 ]  [ 0  0  0  1  0  0  0  0  0  0 ]  [ 0  0  0  0  0  0  0  0  1  0 ]  [ 0  0  0  0  0  0  0  0  1  0 ]  [ 0  0  0  0  0  0  0  0  1  0 ]  [ 0  0  0  0  1  0  0  0  0  0 ]  [ 0  0  0  0  0  0  0  1  0  0 ]  [ 0  0  0  0  1  0  0  0  0  0 ]  [ 0  0  1  0  0  0  0  0  0  0 ]  [ 0  0  1  0  0  0  0  0  0  0 ]  [ 0  0  1  0  0  0  0  0  0  0 ]  [ 0  0  0  1  0  0  0  0  0  0 ]  [ 0  0  1  0  0  0  0  0  0  0 ]  [ 0  0  0  0  1  0  0  0  0  0 ]  [ 0  0  0  0  0  0  0  1  0  0 ]  [ 0  0  0  0  1  0  0  0  0  0 ]  [ 0  0  0  0  1  0  0  0  0  0 ]  [ 0  0  0  0  0  0  0  1  0  0 ]  [ 0  0  0  1  0  0  0  0  0  0 ]  [ 0  0  0  0  1  0  0  0  0  0 ]  [ 0  0  0  0  0  0  0  1  0  0 ]  [ 0  0  0  0  1  0  0  0  0  0 ]  [ 0  0  1  0  0  0  0  0  0  0 ]  [ 0  0  0  0  0  0  0  0  1  0 ]  [ 0  0  0  0  0  0  0  1  0  0 ]  [ 0  0  0  1  0  0  0  0  0  0 ]  [ 0  0  0  1  0  0  0  0  0  0 ]  [ 0  0  0  0  1  0  0  0  0  0 ]  [ 0  0  0  0  1  0  0  0  0  0 ]  [ 0  0  0  1  0  0  0  0  0  0 ]  [ 0  0  1  0  0  0  0  0  0  0 ]  [ 0  0  0  1  0  0  0  0  0  0 ]  [ 0  0  0  0  0  0  0  1  0  0 ]  [ 0  0  1  0  0  0  0  0  0  0 ]  [ 0  0  0  0  1  0  0  0  0  0 ]  [ 0  0  1  0  0  0  0  0  0  0 ]  [ 0  0  0  1  0  0  0  0  0  0 ]  [ 0  0  1  0  0  0  0  0  0  0 ]  [ 0  0  0  0  1  0  0  0  0  0 ]  [ 0  0  1  0  0  0  0  0  0  0 ]  [ 0  0  1  0  0  0  0  0  0  0 ]  [ 0  0  1  0  0  0  0  0  0  0 ]  [ 0  0  1  0  0  0  0  0  0  0 ]  [ 0  0  0  0  1  0  0  0  0  0 ]  [ 0  0  1  0  0  0  0  0  0  0 ]  [ 0  0  1  0  0  0  0  0  0  0 ]  [ 0  0  0  0  1  0  0  0  0  0 ]  [ 0  0  0  0  1  0  0  0  0  0 ]  [ 0  0  0  0  0  0  0  1  0  0 ]  [ 0  0  1  0  0  0  0  0  0  0 ]  [ 0  0  0  0  1  0  0  0  0  0 ]  [ 0  0  0  1  0  0  0  0  0  0 ]  [ 0  0  1  0  0  0  0  0  0  0 ]  [ 0  0  0  0  0  0  0  0  1  0 ]  [ 0  0  0  1  0  0  0  0  0  0 ]  [ 0  0  1  0  0  0  0  0  0  0 ]  [ 0  0  0  0  1  0  0  0  0  0 ]  [ 0  0  1  0  0  0  0  0  0  0 ]  [ 0  0  0  0  0  0  0  1  0  0 ]  [ 0  0  0  1  0  0  0  0  0  0 ]  [ 0  0  1  0  0  0  0  0  0  0 ]  [ 0  0  1  0  0  0  0  0  0  0 ]  [ 0  0  0  0  0  0  0  1  0  0 ]  [ 0  0  0  1  0  0  0  0  0  0 ]  [ 0  0  0  0  0  0  0  1  0  0 ]  [ 0  0  0  0  1  0  0  0  0  0 ]  [ 0  0  0  0  0  0  0  0  1  0 ]  [ 0  0  0  1  0  0  0  0  0  0 ]  [ 0  0  0  1  0  0  0  0  0  0 ]  [ 0  0  0  1  0  0  0  0  0  0 ]  [ 0  0  0  0  0  0  0  0  1  0 ]  [ 0  0  0  0  0  0  0  1  0  0 ]  [ 0  0  0  1  0  0  0  0  0  0 ]  [ 0  0  1  0  0  0  0  0  0  0 ]  [ 0  0  0  0  0  0  0  1  0  0 ]  [ 0  0  0  0  0  0  0  0  1  0 ]  [ 0  0  0  0  1  0  0  0  0  0 ]  [ 0  0  1  0  0  0  0  0  0  0 ]  [ 0  0  1  0  0  0  0  0  0  0 ]  [ 0  0  1  0  0  0  0  0  0  0 ]  [ 0  0  1  0  0  0  0  0  0  0 ]  [ 0  0  1  0  0  0  0  0  0  0 ]  [ 0  0  1  0  0  0  0  0  0  0 ]  [ 0  0  0  0  0  0  0  1  0  0 ]  [ 0  0  0  0  0  0  0  0  1  0 ]  [ 0  0  0  1  0  0  0  0  0  0 ]  [ 0  0  0  0  0  0  0  0  1  0 ]  [ 0  0  0  0  1  0  0  0  0  0 ]  [ 0  0  0  0  0  0  0  0  1  0 ]  [ 0  0  0  0  0  0  0  0  1  0 ]  [ 0  0  0  0  0  0  0  0  1  0 ]  [ 0  0  1  0  0  0  0  0  0  0 ]  [ 0  0  0  1  0  0  0  0  0  0 ]  [ 0  0  0  0  0  0  0  1  0  0 ]  [ 0  0  0  0  0  0  0  0  1  0 ]  [ 0  0  1  0  0  0  0  0  0  0 ]  [ 0  0  0  1  0  0  0  0  0  0 ]  [ 0  0  0  0  0  0  0  0  1  0 ]  [ 0  0  1  0  0  0  0  0  0  0 ]  [ 0  0  0  1  0  0  0  0  0  0 ]  [ 0  0  0  1  0  0  0  0  0  0 ]  [ 0  0  0  0  0  0  0  1  0  0 ]  [ 0  0  0  0  0  0  0  0  1  0 ]  [ 0  0  1  0  0  0  0  0  0  0 ]  [ 0  0  0  0  0  0  0  1  0  0 ]  [ 0  0  0  0  0  0  0  1  0  0 ]  [ 0  0  0  0  0  0  0  0  1  0 ]  [ 0  0  0  0  1  0  0  0  0  0 ]  [ 0  0  0  0  0  0  0  0  1  0 ]  [ 0  0  0  1  0  0  0  0  0  0 ]  [ 0  0  0  0  1  0  0  0  0  0 ]  [ 0  0  0  1  0  0  0  0  0  0 ]  [ 0  0  0  0  0  0  0  1  0  0 ]  [ 0  0  0  0  1  0  0  0  0  0 ]  [ 0  0  0  1  0  0  0  0  0  0 ]  [ 0  0  1  0  0  0  0  0  0  0 ]  [ 0  0  0  0  0  0  0  1  0  0 ]  [ 0  0  0  0  0  0  0  1  0  0 ]  [ 0  0  0  0  0  0  0  1  0  0 ]  [ 0  0  0  1  0  0  0  0  0  0 ]  [ 0  0  0  0  1  0  0  0  0  0 ]  [ 0  0  1  0  0  0  0  0  0  0 ]  [ 0  0  0  0  0  0  0  1  0  0 ]  [ 0  0  1  0  0  0  0  0  0  0 ]  [ 0  0  0  0  1  0  0  0  0  0 ]  [ 0  0  0  0  0  0  0  1  0  0 ]  [ 0  0  0  0  0  0  0  1  0  0 ]  [ 0  0  1  0  0  0  0  0  0  0 ]  [ 0  0  0  1  0  0  0  0  0  0 ]  [ 0  0  0  0  0  0  0  0  1  0 ]  [ 0  0  0  0  0  0  0  1  0  0 ]  [ 0  0  0  0  0  0  0  0  1  0 ]  [ 0  0  0  0  0  0  0  0  1  0 ]  [ 0  0  0  0  1  0  0  0  0  0 ]  [ 0  0  0  0  0  0  0  0  1  0 ]  [ 0  0  0  0  0  0  0  1  0  0 ]  [ 0  0  0  1  0  0  0  0  0  0 ]  [ 0  0  0  1  0  0  0  0  0  0 ]  [ 0  0  1  0  0  0  0  0  0  0 ]  [ 0  0  0  1  0  0  0  0  0  0 ]  [ 0  0  0  0  0  0  0  0  1  0 ]  [ 0  0  1  0  0  0  0  0  0  0 ]  [ 0  0  0  0  1  0  0  0  0  0 ]  [ 0  0  1  0  0  0  0  0  0  0 ]  [ 0  0  1  0  0  0  0  0  0  0 ]  [ 0  0  0  0  0  0  0  1  0  0 ]  [ 0  0  0  1  0  0  0  0  0  0 ]  [ 0  0  1  0  0  0  0  0  0  0 ]  [ 0  0  1  0  0  0  0  0  0  0 ]  [ 0  0  0  0  0  0  0  1  0  0 ]  [ 0  0  0  0  1  0  0  0  0  0 ]  [ 0  0  1  0  0  0  0  0  0  0 ]  [ 0  0  0  1  0  0  0  0  0  0 ]  [ 0  0  0  0  0  0  0  0  1  0 ]  [ 0  0  0  1  0  0  0  0  0  0 ]  [ 0  0  0  0  1  0  0  0  0  0 ]  [ 0  0  0  0  1  0  0  0  0  0 ]  [ 0  0  0  0  0  0  0  1  0  0 ]  [ 0  0  0  0  0  0  0  1  0  0 ]  [ 0  0  0  0  0  0  0  1  0  0 ]  [ 0  0  0  0  1  0  0  0  0  0 ]  [ 0  0  1  0  0  0  0  0  0  0 ]  [ 0  0  1  0  0  0  0  0  0  0 ]  [ 0  0  1  0  0  0  0  0  0  0 ]  [ 0  0  0  0  0  0  0  0  1  0 ]  [ 0  0  1  0  0  0  0  0  0  0 ]  [ 0  0  1  0  0  0  0  0  0  0 ]  [ 0  0  0  0  0  0  0  0  1  0 ]  [ 0  0  1  0  0  0  0  0  0  0 ]  [ 0  0  0  0  0  0  0  0  1  0 ]  [ 0  0  1  0  0  0  0  0  0  0 ]  [ 0  0  0  0  1  0  0  0  0  0 ]  [ 0  0  0  1  0  0  0  0  0  0 ]  [ 0  0  0  0  0  0  0  0  1  0 ]  [ 0  0  0  0  0  0  0  1  0  0 ]  [ 0  0  0  0  0  0  0  1  0  0 ]  [ 0  0  0  0  0  0  0  1  0  0 ]  [ 0  0  0  0  0  0  0  0  1  0 ]  [ 0  0  0  1  0  0  0  0  0  0 ]  [ 0  0  0  0  0  0  0  1  0  0 ]  [ 0  0  0  0  1  0  0  0  0  0 ]  [ 0  0  1  0  0  0  0  0  0  0 ]  [ 0  0  0  0  0  0  0  0  1  0 ]  [ 0  0  0  0  1  0  0  0  0  0 ]  [ 0  0  0  0  0  0  0  0  1  0 ]  [ 0  0  0  1  0  0  0  0  0  0 ]  [ 0  0  0  0  1  0  0  0  0  0 ]  [ 0  0  0  0  1  0  0  0  0  0 ]  [ 0  0  0  0  0  0  0  1  0  0 ]  [ 0  0  1  0  0  0  0  0  0  0 ]  [ 0  0  0  1  0  0  0  0  0  0 ]  [ 0  0  0  0  1  0  0  0  0  0 ]  [ 0  0  1  0  0  0  0  0  0  0 ]  [ 0  0  0  0  1  0  0  0  0  0 ]  [ 0  0  0  0  0  0  0  1  0  0 ]  [ 0  0  0  0  1  0  0  0  0  0 ]  [ 0  0  0  0  0  0  0  1  0  0 ]  [ 0  0  0  0  0  0  0  1  0  0 ]  [ 0  0  0  1  0  0  0  0  0  0 ]  [ 0  0  0  1  0  0  0  0  0  0 ]  [ 0  0  0  0  0  0  0  0  1  0 ]  [ 0  0  0  1  0  0  0  0  0  0 ]  [ 0  0  0  0  1  0  0  0  0  0 ]  [ 0  0  1  0  0  0  0  0  0  0 ]  [ 0  0  0  1  0  0  0  0  0  0 ]  [ 0  0  1  0  0  0  0  0  0  0 ]  [ 0  0  0  0  0  0  0  0  1  0 ]  [ 0  0  0  0  0  0  0  1  0  0 ]  [ 0  0  0  0  0  0  0  0  1  0 ]  [ 0  0  0  0  0  0  0  0  1  0 ]  [ 0  0  0  0  0  0  0  1  0  0 ]  [ 0  0  0  0  0  0  0  0  1  0 ]  [ 0  0  0  0  1  0  0  0  0  0 ]  [ 0  0  0  0  1  0  0  0  0  0 ]  [ 0  0  0  0  0  0  0  0  1  0 ]  [ 0  0  0  0  0  0  0  0  1  0 ]  [ 0  0  0  0  0  0  0  0  1  0 ]  [ 0  0  0  0  1  0  0  0  0  0 ]  [ 0  0  0  0  0  0  0  1  0  0 ]  [ 0  0  0  0  1  0  0  0  0  0 ]  [ 0  0  0  0  0  0  0  0  1  0 ]  [ 0  0  0  0  0  0  0  0  1  0 ]  [ 0  0  0  1  0  0  0  0  0  0 ]  [ 0  0  0  0  0  0  0  0  1  0 ]  [ 0  0  1  0  0  0  0  0  0  0 ]  [ 0  0  1  0  0  0  0  0  0  0 ]  [ 0  0  0  0  0  0  0  1  0  0 ]  [ 0  0  0  1  0  0  0  0  0  0 ]  [ 0  0  0  0  1  0  0  0  0  0 ]  [ 0  0  0  0  0  0  0  1  0  0 ]  [ 0  0  1  0  0  0  0  0  0  0 ]  [ 0  0  0  0  0  0  0  1  0  0 ]  [ 0  0  0  1  0  0  0  0  0  0 ]  [ 0  0  0  0  1  0  0  0  0  0 ]  [ 0  0  0  1  0  0  0  0  0  0 ]  [ 0  0  0  0  0  0  0  1  0  0 ]  [ 0  0  0  0  0  0  0  1  0  0 ]  [ 0  0  0  1  0  0  0  0  0  0 ]  [ 0  0  1  0  0  0  0  0  0  0 ]  [ 0  0  0  1  0  0  0  0  0  0 ]  [ 0  0  0  0  1  0  0  0  0  0 ]  [ 0  0  1  0  0  0  0  0  0  0 ]  [ 0  0  1  0  0  0  0  0  0  0 ]  [ 0  0  0  0  0  0  0  1  0  0 ]  [ 0  0  0  0  0  0  0  1  0  0 ]  [ 0  0  0  0  0  0  0  0  1  0 ]  [ 0  0  0  0  0  0  0  0  1  0 ]  [ 0  0  0  0  0  0  0  0  1  0 ]  [ 0  0  0  1  0  0  0  0  0  0 ]  [ 0  0  1  0  0  0  0  0  0  0 ]  [ 0  0  0  1  0  0  0  0  0  0 ]  [ 0  0  0  0  1  0  0  0  0  0 ]  [ 0  0  0  0  1  0  0  0  0  0 ]  [ 0  0  0  0  1  0  0  0  0  0 ]  [ 0  0  0  1  0  0  0  0  0  0 ]  [ 0  0  0  0  0  0  0  0  1  0 ]  [ 0  0  0  1  0  0  0  0  0  0 ]  [ 0  0  0  0  1  0  0  0  0  0 ]  [ 0  0  0  0  0  0  0  0  1  0 ]  [ 0  0  0  0  0  0  0  0  1  0 ]  [ 0  0  0  1  0  0  0  0  0  0 ]  [ 0  0  0  1  0  0  0  0  0  0 ]  [ 0  0  0  0  0  0  0  0  1  0 ]  [ 0  0  1  0  0  0  0  0  0  0 ]  [ 0  0  1  0  0  0  0  0  0  0 ]  [ 0  0  0  0  1  0  0  0  0  0 ]  [ 0  0  0  0  1  0  0  0  0  0 ]  [ 0  0  1  0  0  0  0  0  0  0 ]  [ 0  0  1  0  0  0  0  0  0  0 ]  [ 0  0  0  1  0  0  0  0  0  0 ]  [ 0  0  0  0  0  0  0  1  0  0 ]  [ 0  0  0  0  1  0  0  0  0  0 ]  [ 0  0  0  0  0  0  0  0  1  0 ]  [ 0  0  0  0  0  0  0  1  0  0 ]  [ 0  0  0  0  0  0  0  0  1  0 ]  [ 0  0  1  0  0  0  0  0  0  0 ]  [ 0  0  1  0  0  0  0  0  0  0 ]  [ 0  0  1  0  0  0  0  0  0  0 ]  [ 0  0  0  0  1  0  0  0  0  0 ]  [ 0  0  0  1  0  0  0  0  0  0 ]  [ 0  0  1  0  0  0  0  0  0  0 ]  [ 0  0  0  0  1  0  0  0  0  0 ]  [ 0  0  1  0  0  0  0  0  0  0 ]  [ 0  0  0  1  0  0  0  0  0  0 ]  [ 0  0  0  1  0  0  0  0  0  0 ]  [ 0  0  0  0  0  0  0  0  1  0 ]  [ 0  0  0  0  1  0  0  0  0  0 ]  [ 0  0  0  1  0  0  0  0  0  0 ]  [ 0  0  1  0  0  0  0  0  0  0 ]  [ 0  0  0  0  1  0  0  0  0  0 ]  [ 0  0  0  0  0  0  0  1  0  0 ]  [ 0  0  0  0  0  0  0  1  0  0 ]  [ 0  0  0  0  0  0  0  0  1  0 ]  [ 0  0  0  0  0  0  0  0  1  0 ]  [ 0  0  0  1  0  0  0  0  0  0 ]  [ 0  0  1  0  0  0  0  0  0  0 ]  [ 0  0  0  0  0  0  0  1  0  0 ]  [ 0  0  0  0  0  0  0  1  0  0 ]  [ 0  0  0  0  1  0  0  0  0  0 ]  [ 0  0  0  0  0  0  0  0  1  0 ]  [ 0  0  0  0  1  0  0  0  0  0 ]  [ 0  0  0  1  0  0  0  0  0  0 ]  [ 0  0  1  0  0  0  0  0  0  0 ]  [ 0  0  1  0  0  0  0  0  0  0 ]  [ 0  0  0  0  0  0  0  1  0  0 ]  [ 0  0  0  0  0  0  0  0  1  0 ]  [ 0  0  0  0  0  0  0  0  1  0 ]  [ 0  0  0  0  1  0  0  0  0  0 ]  [ 0  0  0  0  0  0  0  1  0  0 ]  [ 0  0  0  0  0  0  0  0  1  0 ]  [ 0  0  0  0  0  0  0  0  1  0 ]  [ 0  0  0  0  0  0  0  1  0  0 ]  [ 0  0  0  0  1  0  0  0  0  0 ]  [ 0  0  0  0  1  0  0  0  0  0 ]  [ 0  0  1  0  0  0  0  0  0  0 ]  [ 0  0  1  0  0  0  0  0  0  0 ]  [ 0  0  0  0  0  0  0  1  0  0 ]  [ 0  0  0  0  0  0  0  0  1  0 ]  [ 0  0  0  0  1  0  0  0  0  0 ]  [ 0  0  0  0  1  0  0  0  0  0 ]  [ 0  0  0  1  0  0  0  0  0  0 ]  [ 0  0  0  0  1  0  0  0  0  0 ]  [ 0  0  0  0  0  0  0  0  1  0 ]  [ 0  0  0  0  1  0  0  0  0  0 ]  [ 0  0  0  0  0  0  0  0  1  0 ]  [ 0  0  1  0  0  0  0  0  0  0 ]  [ 0  0  0  1  0  0  0  0  0  0 ]  [ 0  0  0  0  1  0  0  0  0  0 ]  [ 0  0  0  0  1  0  0  0  0  0 ]  [ 0  0  0  0  0  0  0  0  1  0 ]  [ 0  0  0  0  0  0  0  0  1  0 ]  [ 0  0  0  0  0  0  0  0  1  0 ]  [ 0  0  0  0  0  0  0  1  0  0 ]  [ 0  0  1  0  0  0  0  0  0  0 ]  [ 0  0  0  0  1  0  0  0  0  0 ]  [ 0  0  0  0  1  0  0  0  0  0 ]  [ 0  0  0  0  1  0  0  0  0  0 ]  [ 0  0  0  1  0  0  0  0  0  0 ]  [ 0  0  0  0  0  0  0  1  0  0 ]  [ 0  0  0  0  0  0  0  0  1  0 ]  [ 0  0  1  0  0  0  0  0  0  0 ]  [ 0  0  0  0  0  0  0  1  0  0 ]  [ 0  0  0  1  0  0  0  0  0  0 ]  [ 0  0  0  0  1  0  0  0  0  0 ]  [ 0  0  0  0  0  0  0  0  1  0 ]  [ 0  0  0  0  0  0  0  0  1  0 ]  [ 0  0  0  0  0  0  0  1  0  0 ]  [ 0  0  1  0  0  0  0  0  0  0 ]  [ 0  0  0  0  0  0  0  0  1  0 ]  [ 0  0  1  0  0  0  0  0  0  0 ]  [ 0  0  0  1  0  0  0  0  0  0 ]  [ 0  0  0  0  0  0  0  0  1  0 ]  [ 0  0  0  1  0  0  0  0  0  0 ]  [ 0  0  0  1  0  0  0  0  0  0 ]  [ 0  0  0  0  0  0  0  0  1  0 ]  [ 0  0  0  0  0  0  0  0  1  0 ]  [ 0  0  0  1  0  0  0  0  0  0 ]  [ 0  0  0  1  0  0  0  0  0  0 ]  [ 0  0  0  1  0  0  0  0  0  0 ]  [ 0  0  1  0  0  0  0  0  0  0 ]  [ 0  0  0  1  0  0  0  0  0  0 ]  [ 0  0  0  0  0  0  0  0  1  0 ]  [ 0  0  1  0  0  0  0  0  0  0 ]  [ 0  0  0  1  0  0  0  0  0  0 ]  [ 0  0  1  0  0  0  0  0  0  0 ]  [ 0  0  1  0  0  0  0  0  0  0 ]  [ 0  0  0  0  1  0  0  0  0  0 ]  [ 0  0  0  0  0  0  0  1  0  0 ]  [ 0  0  0  0  0  0  0  0  1  0 ]  [ 0  0  0  0  0  0  0  1  0  0 ]  [ 0  0  0  0  0  0  0  0  1  0 ]  [ 0  0  1  0  0  0  0  0  0  0 ]  [ 0  0  0  1  0  0  0  0  0  0 ]  [ 0  0  0  0  0  0  0  0  1  0 ]  [ 0  0  1  0  0  0  0  0  0  0 ]  [ 0  0  0  1  0  0  0  0  0  0 ]  [ 0  0  0  0  1  0  0  0  0  0 ]  [ 0  0  0  1  0  0  0  0  0  0 ]  [ 0  0  0  0  1  0  0  0  0  0 ]  [ 0  0  1  0  0  0  0  0  0  0 ]  [ 0  0  0  1  0  0  0  0  0  0 ]  [ 0  0  0  0  0  0  0  0  1  0 ]  [ 0  0  1  0  0  0  0  0  0  0 ]  [ 0  0  0  0  0  0  0  0  1  0 ]  [ 0  0  1  0  0  0  0  0  0  0 ]  [ 0  0  0  0  0  0  0  0  1  0 ]  [ 0  0  0  0  0  0  0  1  0  0 ]  [ 0  0  0  0  0  0  0  1  0  0 ]  [ 0  0  1  0  0  0  0  0  0  0 ]  [ 0  0  1  0  0  0  0  0  0  0 ]  [ 0  0  0  0  0  0  0  1  0  0 ]  [ 0  0  1  0  0  0  0  0  0  0 ]  [ 0  0  1  0  0  0  0  0  0  0 ]  [ 0  0  0  0  0  0  0  0  1  0 ]  [ 0  0  0  0  0  0  0  0  1  0 ]  [ 0  0  1  0  0  0  0  0  0  0 ]  [ 0  0  0  0  0  0  0  0  1  0 ]  [ 0  0  0  0  1  0  0  0  0  0 ]  [ 0  0  0  1  0  0  0  0  0  0 ]  [ 0  0  1  0  0  0  0  0  0  0 ]  [ 0  0  0  1  0  0  0  0  0  0 ]  [ 0  0  0  0  0  0  0  0  1  0 ]  [ 0  0  0  1  0  0  0  0  0  0 ]  [ 0  0  1  0  0  0  0  0  0  0 ]  [ 0  0  1  0  0  0  0  0  0  0 ]  [ 0  0  1  0  0  0  0  0  0  0 ]  [ 0  0  0  1  0  0  0  0  0  0 ]  [ 0  0  0  0  0  0  0  0  1  0 ]  [ 0  0  1  0  0  0  0  0  0  0 ]  [ 0  0  1  0  0  0  0  0  0  0 ]  [ 0  0  0  0  0  0  0  0  1  0 ]  [ 0  0  0  0  0  0  0  0  1  0 ]  [ 0  0  0  0  0  0  0  0  1  0 ]  [ 0  0  0  1  0  0  0  0  0  0 ]  [ 0  0  0  1  0  0  0  0  0  0 ]  [ 0  0  0  0  0  0  0  0  1  0 ]  [ 0  0  0  0  1  0  0  0  0  0 ]  [ 0  0  0  0  0  0  0  1  0  0 ]  [ 0  0  0  1  0  0  0  0  0  0 ]  [ 0  0  1  0  0  0  0  0  0  0 ]  [ 0  0  0  1  0  0  0  0  0  0 ]  [ 0  0  0  0  0  0  0  1  0  0 ]  [ 0  0  0  0  0  0  0  1  0  0 ]  [ 0  0  0  0  1  0  0  0  0  0 ]  [ 0  0  0  0  1  0  0  0  0  0 ]  [ 0  0  0  0  1  0  0  0  0  0 ]  [ 0  0  0  0  1  0  0  0  0  0 ]  [ 0  0  0  0  1  0  0  0  0  0 ]  [ 0  0  0  0  0  0  0  0  1  0 ]  [ 0  0  0  1  0  0  0  0  0  0 ]  [ 0  0  0  0  1  0  0  0  0  0 ]  [ 0  0  0  0  0  0  0  0  1  0 ]  [ 0  0  0  0  0  0  0  0  1  0 ]  [ 0  0  1  0  0  0  0  0  0  0 ]  [ 0  0  0  0  0  0  0  0  1  0 ]  [ 0  0  0  0  0  0  0  0  1  0 ]  [ 0  0  1  0  0  0  0  0  0  0 ]  [ 0  0  0  1  0  0  0  0  0  0 ] ];

ObjRequests = {  <1,3,184>, <2,3,15>, <3,3,68>, <4,3,39>, <5,3,123>, <6,3,177>, <7,3,76>, <8,3,22>, <9,3,19>, <10,3,65>, <11,3,64>, <12,3,19>, <13,3,16>, <14,3,41>, <15,3,56>, <16,3,5>, <17,3,38>, <18,3,2>, <19,3,12>, <20,3,19>, <21,3,1>, <22,3,28>, <23,3,20>, <24,3,5>, <25,3,55>, <26,3,7>, <27,3,11>, <28,3,3>, <29,3,14>, <30,3,1>, <31,3,1>, <32,3,18>, <33,3,5>, <34,3,4>, <35,3,2>, <36,3,18>, <37,3,12>, <38,3,22>, <39,3,18>, <40,3,5>, <41,3,6>, <42,3,6>, <43,3,35>, <44,3,29>, <45,3,10>, <46,3,1>, <47,3,1>, <48,3,2>, <49,3,6>, <50,3,3>, <51,3,20>, <52,3,19>, <53,3,3>, <54,3,2>, <55,3,14>, <56,3,9>, <57,3,1>, <58,3,1>, <59,3,2>, <61,3,25>, <62,3,5>, <63,3,12>, <64,3,3>, <65,3,6>, <66,3,2>, <67,3,2>, <68,3,7>, <69,3,9>, <70,3,3>, <71,3,10>, <72,3,4>, <73,3,8>, <74,3,1>, <75,3,6>, <76,3,14>, <77,3,16>, <78,3,7>, <79,3,4>, <80,3,4>, <81,3,11>, <82,3,5>, <83,3,3>, <85,3,3>, <87,3,2>, <88,3,13>, <89,3,2>, <90,3,6>, <91,3,3>, <92,3,2>, <93,3,17>, <94,3,3>, <95,3,1>, <96,3,2>, <98,3,1>, <99,3,14>, <100,3,4>, <101,3,3>, <102,3,13>, <104,3,2>, <105,3,3>, <106,3,5>, <107,3,2>, <108,3,7>, <109,3,2>, <110,3,10>, <111,3,1>, <113,3,3>, <115,3,4>, <116,3,4>, <118,3,7>, <119,3,3>, <120,3,8>, <122,3,1>, <124,3,6>, <126,3,4>, <127,3,2>, <128,3,1>, <129,3,7>, <130,3,3>, <131,3,4>, <132,3,2>, <133,3,3>, <134,3,2>, <135,3,1>, <136,3,4>, <137,3,11>, <138,3,1>, <140,3,1>, <141,3,2>, <142,3,5>, <143,3,4>, <144,3,1>, <145,3,2>, <146,3,9>, <147,3,4>, <148,3,2>, <149,3,1>, <150,3,3>, <151,3,4>, <152,3,1>, <153,3,3>, <154,3,1>, <155,3,4>, <156,3,1>, <157,3,3>, <159,3,1>, <161,3,4>, <162,3,4>, <163,3,6>, <164,3,8>, <166,3,3>, <167,3,3>, <168,3,2>, <169,3,5>, <171,3,3>, <172,3,2>, <173,3,4>, <176,3,1>, <177,3,2>, <178,3,2>, <179,3,6>, <180,3,2>, <181,3,9>, <183,3,2>, <184,3,1>, <185,3,3>, <186,3,6>, <188,3,1>, <189,3,5>, <190,3,2>, <191,3,2>, <192,3,1>, <193,3,1>, <194,3,1>, <195,3,1>, <196,3,2>, <197,3,1>, <199,3,1>, <200,3,2>, <201,3,2>, <202,3,3>, <203,3,1>, <205,3,3>, <206,3,2>, <207,3,3>, <209,3,1>, <210,3,1>, <214,3,1>, <216,3,6>, <218,3,1>, <221,3,1>, <222,3,8>, <223,3,1>, <224,3,2>, <225,3,2>, <226,3,1>, <227,3,2>, <228,3,1>, <229,3,2>, <230,3,2>, <232,3,4>, <233,3,2>, <234,3,1>, <235,3,1>, <237,3,2>, <238,3,2>, <239,3,4>, <240,3,1>, <241,3,1>, <242,3,1>, <244,3,4>, <245,3,1>, <246,3,2>, <247,3,1>, <248,3,2>, <249,3,3>, <252,3,1>, <253,3,1>, <254,3,2>, <255,3,2>, <256,3,3>, <258,3,2>, <262,3,2>, <263,3,1>, <264,3,3>, <266,3,1>, <267,3,2>, <268,3,1>, <269,3,3>, <270,3,4>, <271,3,5>, <272,3,1>, <273,3,2>, <274,3,3>, <275,3,5>, <276,3,2>, <277,3,1>, <278,3,1>, <279,3,1>, <280,3,8>, <281,3,1>, <282,3,1>, <283,3,2>, <285,3,5>, <286,3,1>, <288,3,1>, <290,3,1>, <291,3,5>, <294,3,2>, <295,3,4>, <296,3,1>, <298,3,2>, <300,3,2>, <301,3,1>, <302,3,1>, <303,3,1>, <304,3,1>, <305,3,1>, <306,3,1>, <307,3,2>, <308,3,1>, <309,3,1>, <310,3,2>, <311,3,2>, <312,3,2>, <313,3,2>, <314,3,2>, <315,3,1>, <316,3,1>, <317,3,4>, <318,3,2>, <319,3,3>, <320,3,2>, <321,3,3>, <322,3,3>, <323,3,1>, <324,3,1>, <327,3,3>, <329,3,4>, <330,3,3>, <333,3,2>, <335,3,4>, <336,3,2>, <337,3,5>, <339,3,1>, <340,3,3>, <341,3,1>, <342,3,2>, <343,3,1>, <344,3,1>, <345,3,2>, <346,3,1>, <347,3,5>, <348,3,1>, <349,3,1>, <350,3,1>, <351,3,5>, <352,3,1>, <354,3,4>, <355,3,1>, <356,3,1>, <357,3,2>, <359,3,2>, <360,3,3>, <362,3,2>, <363,3,3>, <364,3,1>, <366,3,5>, <367,3,2>, <369,3,1>, <371,3,1>, <372,3,1>, <373,3,5>, <374,3,1>, <375,3,3>, <376,3,1>, <379,3,1>, <380,3,1>, <381,3,2>, <386,3,1>, <387,3,1>, <390,3,2>, <391,3,2>, <393,3,1>, <394,3,1>, <395,3,1>, <397,3,1>, <398,3,1>, <400,3,1>, <401,3,1>, <402,3,1>, <404,3,1>, <406,3,1>, <408,3,1>, <409,3,1>, <410,3,2>, <411,3,1>, <413,3,2>, <415,3,1>, <416,3,2>, <417,3,1>, <418,3,1>, <421,3,1>, <422,3,3>, <423,3,2>, <427,3,3>, <428,3,1>, <429,3,4>, <430,3,1>, <431,3,1>, <432,3,1>, <433,3,1>, <435,3,1>, <438,3,2>, <439,3,1>, <440,3,1>, <441,3,3>, <443,3,2>, <445,3,1>, <446,3,3>, <449,3,1>, <451,3,1>, <453,3,1>, <454,3,1>, <456,3,1>, <457,3,1>, <458,3,2>, <462,3,1>, <464,3,1>, <466,3,2>, <467,3,2>, <468,3,1>, <469,3,2>, <471,3,2>, <472,3,7>, <476,3,1>, <480,3,1>, <481,3,1>, <482,3,1>, <483,3,1>, <487,3,1>, <489,3,2>, <494,3,1>, <495,3,1>, <496,3,3>, <497,3,4>, <498,3,1>, <500,3,3>, <502,3,2>, <504,3,1>, <506,3,1>, <509,3,1>, <510,3,3>, <511,3,1>, <513,3,1>, <519,3,2>, <522,3,2>, <523,3,1>, <524,3,1>, <525,3,1>, <529,3,1>, <534,3,1>, <536,3,1>, <538,3,1>, <545,3,1>, <546,3,2>, <551,3,1>, <552,3,1>, <554,3,1>, <559,3,1>, <560,3,1>, <562,3,1>, <563,3,3>, <564,3,1>, <565,3,1>, <570,3,1>, <574,3,2>, <576,3,1>, <578,3,1>, <580,3,1>, <582,3,2>, <584,3,1>, <585,3,1>, <586,3,1>, <587,3,1>, <590,3,1>, <593,3,1>, <598,3,3>, <599,3,1>, <600,3,2>, <601,3,1>, <602,3,1>, <608,3,2>, <609,3,2>, <611,3,1>, <614,3,1>, <617,3,3>, <619,3,1>, <622,3,1>, <623,3,1>, <626,3,1>, <627,3,1>, <629,3,2>, <630,3,2>, <632,3,3>, <636,3,1>, <639,3,1>, <640,3,1>, <641,3,4>, <642,3,4>, <644,3,1>, <645,3,2>, <647,3,1>, <648,3,1>, <651,3,2>, <653,3,1>, <654,3,3>, <656,3,1>, <658,3,2>, <659,3,1>, <660,3,1>, <665,3,2>, <669,3,1>, <673,3,1>, <674,3,1>, <675,3,1>, <678,3,1>, <680,3,1>, <684,3,1>, <685,3,2>, <689,3,1>, <692,3,1>, <695,3,1>, <697,3,1>, <698,3,1>, <699,3,1>, <702,3,1>, <703,3,1>, <707,3,1>, <711,3,1>, <715,3,1>, <716,3,2>, <718,3,1>, <720,3,1>, <721,3,1>, <722,3,1>, <724,3,2>, <726,3,1>, <728,3,1>, <731,3,1>, <732,3,1>, <734,3,1>, <735,3,1>, <738,3,1>, <740,3,1>, <743,3,1>, <746,3,1>, <748,3,1>, <750,3,1>, <751,3,1>, <753,3,3>, <754,3,1>, <755,3,1>, <756,3,1>, <760,3,1>, <761,3,1>, <762,3,1>, <765,3,2>, <767,3,1>, <769,3,1>, <771,3,2>, <776,3,1>, <779,3,1>, <781,3,1>, <783,3,1>, <785,3,1>, <789,3,1>, <791,3,2>, <795,3,1>, <802,3,3>, <815,3,1>, <816,3,1>, <819,3,1>, <820,3,1>, <823,3,2>, <834,3,1>, <835,3,1>, <837,3,1>, <845,3,1>, <848,3,1>, <849,3,2>, <852,3,1>, <853,3,1>, <854,3,1>, <858,3,2>, <859,3,1>, <861,3,1>, <862,3,1>, <865,3,1>, <868,3,1>, <870,3,1>, <874,3,1>, <875,3,1>, <876,3,1>, <878,3,1>, <879,3,1>, <884,3,2>, <885,3,1>, <889,3,2>, <890,3,1>, <892,3,1>, <894,3,1>, <895,3,1>, <896,3,1>, <897,3,1>, <911,3,1>, <912,3,1>, <913,3,1>, <920,3,1>, <923,3,1>, <925,3,2>, <930,3,2>, <941,3,1>, <943,3,1>, <944,3,1>, <945,3,1>, <946,3,1>, <947,3,1>, <949,3,1>, <950,3,1>, <953,3,1>, <954,3,1>, <958,3,1>, <959,3,1>, <961,3,2>, <965,3,1>, <967,3,1>, <968,3,1>, <969,3,2>, <976,3,1>, <985,3,1>, <987,3,1>, <989,3,1>, <991,3,1>, <995,3,1>, <1000,3,1>, <1,4,151>, <2,4,37>, <3,4,120>, <4,4,115>, <5,4,4>, <6,4,108>, <7,4,78>, <8,4,127>, <9,4,24>, <10,4,23>, <11,4,13>, <12,4,17>, <13,4,14>, <14,4,26>, <15,4,43>, <16,4,62>, <17,4,8>, <18,4,26>, <19,4,4>, <20,4,29>, <21,4,53>, <22,4,21>, <23,4,16>, <24,4,4>, <25,4,7>, <26,4,3>, <27,4,15>, <28,4,19>, <29,4,31>, <30,4,19>, <31,4,1>, <32,4,26>, <33,4,20>, <34,4,15>, <35,4,4>, <36,4,15>, <37,4,9>, <38,4,5>, <39,4,14>, <40,4,6>, <41,4,25>, <42,4,5>, <43,4,2>, <44,4,3>, <45,4,14>, <46,4,15>, <47,4,13>, <48,4,7>, <49,4,10>, <50,4,1>, <51,4,10>, <52,4,8>, <53,4,17>, <54,4,1>, <55,4,2>, <56,4,11>, <57,4,1>, <58,4,7>, <59,4,4>, <60,4,10>, <61,4,3>, <62,4,6>, <63,4,14>, <64,4,8>, <65,4,1>, <67,4,13>, <68,4,6>, <69,4,6>, <70,4,12>, <71,4,13>, <72,4,6>, <73,4,4>, <74,4,8>, <75,4,8>, <76,4,2>, <77,4,1>, <78,4,3>, <79,4,13>, <80,4,4>, <81,4,4>, <82,4,8>, <83,4,6>, <84,4,5>, <85,4,10>, <86,4,3>, <87,4,1>, <88,4,2>, <89,4,4>, <90,4,7>, <91,4,6>, <92,4,1>, <93,4,3>, <94,4,2>, <95,4,5>, <96,4,3>, <97,4,6>, <98,4,7>, <99,4,2>, <100,4,6>, <102,4,3>, <103,4,4>, <104,4,6>, <105,4,2>, <106,4,10>, <107,4,11>, <108,4,3>, <109,4,1>, <110,4,6>, <111,4,4>, <112,4,5>, <113,4,9>, <114,4,3>, <115,4,4>, <117,4,1>, <118,4,4>, <119,4,5>, <120,4,3>, <121,4,6>, <122,4,2>, <123,4,7>, <124,4,1>, <125,4,10>, <126,4,1>, <127,4,1>, <128,4,5>, <130,4,4>, <131,4,1>, <132,4,2>, <133,4,2>, <134,4,2>, <136,4,2>, <137,4,2>, <138,4,6>, <139,4,4>, <140,4,4>, <141,4,1>, <143,4,1>, <144,4,7>, <145,4,5>, <146,4,2>, <147,4,8>, <148,4,1>, <149,4,1>, <150,4,5>, <151,4,4>, <152,4,1>, <153,4,1>, <154,4,1>, <155,4,1>, <156,4,4>, <157,4,5>, <158,4,1>, <159,4,2>, <160,4,3>, <161,4,2>, <162,4,2>, <164,4,1>, <167,4,1>, <168,4,1>, <169,4,4>, <170,4,1>, <171,4,4>, <172,4,2>, <173,4,2>, <174,4,2>, <175,4,1>, <176,4,7>, <177,4,1>, <178,4,5>, <180,4,5>, <181,4,1>, <182,4,7>, <183,4,6>, <184,4,2>, <186,4,1>, <187,4,3>, <188,4,1>, <189,4,2>, <190,4,2>, <191,4,2>, <192,4,1>, <193,4,4>, <194,4,2>, <195,4,7>, <196,4,3>, <198,4,2>, <199,4,4>, <200,4,8>, <201,4,1>, <202,4,3>, <203,4,1>, <204,4,2>, <206,4,4>, <207,4,3>, <208,4,1>, <209,4,2>, <210,4,2>, <211,4,3>, <212,4,4>, <213,4,4>, <214,4,1>, <215,4,1>, <216,4,2>, <217,4,8>, <219,4,2>, <220,4,1>, <221,4,2>, <222,4,2>, <224,4,5>, <225,4,2>, <226,4,5>, <227,4,3>, <228,4,3>, <229,4,3>, <230,4,1>, <231,4,1>, <232,4,1>, <233,4,1>, <234,4,3>, <235,4,1>, <236,4,2>, <237,4,3>, <238,4,3>, <239,4,2>, <240,4,3>, <241,4,2>, <242,4,1>, <243,4,7>, <244,4,1>, <245,4,2>, <246,4,1>, <247,4,3>, <249,4,2>, <250,4,2>, <251,4,2>, <252,4,1>, <253,4,2>, <254,4,1>, <255,4,1>, <258,4,1>, <259,4,1>, <261,4,1>, <264,4,2>, <265,4,1>, <266,4,1>, <267,4,1>, <268,4,1>, <270,4,1>, <271,4,1>, <272,4,1>, <273,4,2>, <274,4,2>, <276,4,2>, <277,4,2>, <278,4,1>, <279,4,1>, <280,4,1>, <281,4,4>, <282,4,1>, <285,4,3>, <286,4,3>, <287,4,1>, <289,4,2>, <290,4,1>, <291,4,3>, <293,4,1>, <294,4,1>, <295,4,3>, <296,4,2>, <297,4,6>, <299,4,2>, <300,4,1>, <301,4,1>, <303,4,1>, <305,4,1>, <308,4,1>, <309,4,1>, <310,4,1>, <311,4,1>, <312,4,2>, <313,4,2>, <314,4,1>, <315,4,1>, <316,4,1>, <317,4,1>, <318,4,1>, <319,4,2>, <320,4,2>, <322,4,3>, <324,4,2>, <325,4,1>, <327,4,1>, <328,4,2>, <329,4,2>, <332,4,1>, <333,4,1>, <334,4,1>, <335,4,4>, <336,4,3>, <337,4,1>, <338,4,1>, <339,4,2>, <340,4,1>, <342,4,2>, <343,4,1>, <344,4,1>, <345,4,2>, <346,4,2>, <347,4,1>, <348,4,7>, <349,4,1>, <350,4,1>, <351,4,1>, <352,4,1>, <353,4,1>, <354,4,1>, <355,4,1>, <356,4,1>, <357,4,2>, <359,4,2>, <360,4,1>, <361,4,1>, <362,4,2>, <365,4,2>, <366,4,4>, <368,4,1>, <369,4,1>, <373,4,1>, <374,4,1>, <375,4,2>, <376,4,2>, <377,4,2>, <379,4,1>, <381,4,1>, <382,4,2>, <383,4,2>, <384,4,1>, <385,4,1>, <387,4,3>, <388,4,2>, <389,4,2>, <391,4,2>, <392,4,5>, <393,4,2>, <394,4,1>, <395,4,3>, <399,4,1>, <400,4,1>, <401,4,1>, <403,4,1>, <404,4,1>, <405,4,1>, <407,4,2>, <408,4,5>, <409,4,1>, <412,4,3>, <413,4,2>, <414,4,1>, <422,4,1>, <423,4,1>, <424,4,3>, <425,4,1>, <426,4,2>, <427,4,2>, <428,4,1>, <429,4,1>, <430,4,1>, <431,4,1>, <432,4,1>, <433,4,1>, <434,4,1>, <435,4,1>, <438,4,2>, <440,4,2>, <443,4,1>, <444,4,1>, <445,4,1>, <447,4,1>, <448,4,3>, <449,4,2>, <450,4,1>, <452,4,2>, <454,4,2>, <455,4,2>, <456,4,1>, <457,4,3>, <460,4,1>, <461,4,1>, <462,4,3>, <463,4,1>, <464,4,1>, <466,4,1>, <467,4,1>, <469,4,2>, <470,4,1>, <471,4,4>, <473,4,1>, <476,4,3>, <478,4,1>, <480,4,4>, <482,4,1>, <484,4,5>, <485,4,1>, <488,4,1>, <490,4,3>, <491,4,5>, <492,4,2>, <493,4,1>, <494,4,2>, <495,4,1>, <496,4,1>, <499,4,1>, <503,4,1>, <504,4,1>, <507,4,1>, <513,4,2>, <514,4,2>, <517,4,1>, <518,4,3>, <519,4,2>, <520,4,1>, <521,4,2>, <526,4,1>, <529,4,1>, <533,4,1>, <534,4,1>, <535,4,1>, <538,4,1>, <542,4,1>, <545,4,1>, <546,4,1>, <549,4,1>, <552,4,1>, <553,4,4>, <554,4,1>, <556,4,1>, <557,4,1>, <558,4,1>, <559,4,1>, <560,4,2>, <563,4,2>, <564,4,2>, <566,4,4>, <567,4,2>, <568,4,2>, <569,4,1>, <573,4,2>, <576,4,1>, <578,4,2>, <583,4,1>, <584,4,2>, <585,4,1>, <586,4,1>, <589,4,3>, <590,4,1>, <592,4,2>, <593,4,3>, <594,4,1>, <595,4,1>, <596,4,1>, <597,4,1>, <598,4,1>, <600,4,1>, <601,4,1>, <603,4,1>, <604,4,1>, <605,4,2>, <609,4,1>, <610,4,1>, <612,4,2>, <614,4,2>, <615,4,1>, <617,4,3>, <618,4,2>, <623,4,2>, <626,4,2>, <627,4,1>, <630,4,1>, <632,4,1>, <636,4,1>, <639,4,2>, <640,4,1>, <642,4,2>, <643,4,1>, <644,4,2>, <645,4,1>, <646,4,1>, <647,4,1>, <649,4,1>, <651,4,2>, <653,4,2>, <660,4,1>, <663,4,1>, <669,4,1>, <671,4,1>, <677,4,1>, <678,4,1>, <679,4,1>, <687,4,2>, <689,4,2>, <694,4,1>, <695,4,2>, <696,4,1>, <697,4,1>, <698,4,1>, <701,4,1>, <704,4,1>, <705,4,1>, <707,4,1>, <711,4,1>, <712,4,1>, <714,4,1>, <721,4,1>, <722,4,3>, <723,4,1>, <725,4,1>, <728,4,1>, <732,4,1>, <739,4,1>, <740,4,1>, <743,4,2>, <746,4,1>, <751,4,1>, <754,4,1>, <755,4,1>, <756,4,1>, <761,4,2>, <762,4,1>, <764,4,1>, <765,4,1>, <769,4,2>, <772,4,1>, <775,4,1>, <777,4,1>, <780,4,1>, <781,4,1>, <783,4,1>, <786,4,1>, <788,4,1>, <790,4,1>, <792,4,1>, <795,4,1>, <798,4,1>, <799,4,2>, <801,4,1>, <808,4,1>, <810,4,3>, <815,4,1>, <816,4,1>, <818,4,2>, <820,4,1>, <824,4,1>, <826,4,2>, <828,4,2>, <832,4,1>, <838,4,1>, <841,4,1>, <844,4,1>, <845,4,1>, <847,4,1>, <849,4,1>, <851,4,2>, <852,4,2>, <853,4,1>, <855,4,1>, <856,4,2>, <859,4,1>, <861,4,1>, <862,4,1>, <863,4,1>, <865,4,1>, <866,4,2>, <868,4,2>, <875,4,1>, <877,4,1>, <879,4,1>, <880,4,1>, <881,4,1>, <882,4,1>, <885,4,1>, <886,4,1>, <889,4,1>, <894,4,1>, <896,4,1>, <897,4,1>, <898,4,1>, <899,4,2>, <900,4,1>, <901,4,1>, <905,4,1>, <906,4,4>, <909,4,1>, <910,4,1>, <912,4,1>, <913,4,1>, <914,4,1>, <915,4,1>, <918,4,1>, <920,4,1>, <922,4,1>, <926,4,3>, <930,4,1>, <932,4,1>, <934,4,1>, <935,4,1>, <936,4,1>, <937,4,2>, <941,4,1>, <943,4,1>, <944,4,1>, <945,4,1>, <949,4,1>, <950,4,1>, <953,4,1>, <954,4,1>, <955,4,2>, <959,4,1>, <961,4,1>, <962,4,1>, <971,4,1>, <972,4,1>, <976,4,1>, <980,4,2>, <984,4,1>, <985,4,1>, <988,4,1>, <991,4,1>, <996,4,1>, <1,5,923>, <2,5,615>, <3,5,119>, <4,5,65>, <5,5,7>, <6,5,86>, <7,5,74>, <8,5,42>, <9,5,145>, <10,5,73>, <11,5,11>, <12,5,11>, <13,5,27>, <14,5,75>, <15,5,15>, <16,5,24>, <17,5,9>, <18,5,41>, <19,5,4>, <20,5,30>, <21,5,10>, <22,5,5>, <23,5,22>, <24,5,12>, <25,5,21>, <26,5,41>, <27,5,16>, <28,5,6>, <29,5,18>, <30,5,42>, <31,5,50>, <32,5,12>, <33,5,17>, <34,5,22>, <35,5,20>, <36,5,7>, <37,5,15>, <38,5,1>, <40,5,4>, <41,5,1>, <42,5,1>, <43,5,2>, <44,5,2>, <45,5,1>, <46,5,7>, <47,5,5>, <48,5,9>, <49,5,5>, <50,5,19>, <51,5,1>, <52,5,8>, <53,5,2>, <54,5,17>, <55,5,1>, <56,5,1>, <57,5,2>, <58,5,7>, <59,5,6>, <60,5,11>, <61,5,1>, <62,5,3>, <63,5,8>, <64,5,1>, <65,5,2>, <66,5,2>, <67,5,11>, <68,5,10>, <69,5,12>, <70,5,6>, <71,5,2>, <72,5,13>, <73,5,2>, <74,5,7>, <75,5,5>, <76,5,8>, <77,5,2>, <79,5,4>, <80,5,3>, <81,5,5>, <82,5,1>, <83,5,3>, <84,5,8>, <85,5,10>, <86,5,3>, <87,5,3>, <88,5,2>, <89,5,5>, <91,5,2>, <92,5,2>, <93,5,4>, <94,5,2>, <95,5,1>, <96,5,6>, <97,5,7>, <99,5,4>, <100,5,1>, <101,5,1>, <102,5,4>, <103,5,10>, <104,5,9>, <105,5,2>, <106,5,3>, <107,5,5>, <108,5,2>, <109,5,3>, <110,5,8>, <111,5,2>, <112,5,4>, <113,5,1>, <114,5,3>, <115,5,1>, <116,5,2>, <117,5,12>, <118,5,4>, <119,5,10>, <120,5,6>, <121,5,7>, <122,5,7>, <123,5,2>, <124,5,2>, <125,5,4>, <126,5,1>, <127,5,5>, <128,5,4>, <129,5,1>, <130,5,8>, <131,5,2>, <132,5,5>, <133,5,4>, <134,5,9>, <135,5,2>, <136,5,4>, <137,5,1>, <138,5,5>, <139,5,5>, <141,5,1>, <142,5,2>, <143,5,2>, <145,5,3>, <146,5,1>, <147,5,2>, <148,5,6>, <149,5,5>, <150,5,2>, <151,5,10>, <153,5,5>, <154,5,4>, <155,5,3>, <156,5,8>, <158,5,11>, <159,5,4>, <160,5,1>, <161,5,8>, <163,5,2>, <164,5,4>, <165,5,3>, <166,5,1>, <167,5,6>, <168,5,5>, <169,5,1>, <170,5,2>, <171,5,2>, <172,5,1>, <176,5,1>, <177,5,9>, <178,5,2>, <180,5,1>, <181,5,1>, <182,5,4>, <183,5,2>, <184,5,1>, <185,5,2>, <186,5,1>, <187,5,2>, <188,5,1>, <189,5,1>, <191,5,4>, <192,5,1>, <193,5,5>, <194,5,4>, <195,5,1>, <196,5,1>, <197,5,2>, <198,5,1>, <199,5,1>, <200,5,2>, <201,5,2>, <203,5,1>, <204,5,1>, <206,5,3>, <208,5,2>, <209,5,2>, <210,5,2>, <212,5,6>, <213,5,2>, <214,5,3>, <215,5,1>, <216,5,4>, <217,5,1>, <219,5,2>, <220,5,1>, <221,5,6>, <223,5,1>, <224,5,2>, <225,5,2>, <226,5,1>, <227,5,2>, <228,5,3>, <229,5,1>, <230,5,3>, <232,5,2>, <233,5,6>, <234,5,2>, <235,5,2>, <236,5,1>, <237,5,3>, <238,5,1>, <240,5,1>, <242,5,3>, <243,5,2>, <245,5,7>, <246,5,1>, <247,5,1>, <248,5,2>, <249,5,3>, <250,5,1>, <251,5,1>, <252,5,2>, <254,5,2>, <255,5,1>, <256,5,2>, <257,5,3>, <258,5,4>, <259,5,4>, <261,5,1>, <262,5,7>, <263,5,1>, <264,5,1>, <265,5,1>, <266,5,1>, <267,5,1>, <268,5,9>, <269,5,1>, <270,5,3>, <271,5,1>, <272,5,2>, <273,5,1>, <274,5,2>, <275,5,5>, <277,5,1>, <279,5,8>, <280,5,1>, <282,5,3>, <283,5,1>, <285,5,1>, <286,5,4>, <287,5,3>, <288,5,4>, <289,5,1>, <291,5,2>, <292,5,4>, <293,5,1>, <294,5,5>, <296,5,3>, <297,5,2>, <298,5,1>, <299,5,1>, <302,5,2>, <303,5,1>, <304,5,2>, <306,5,4>, <307,5,1>, <308,5,2>, <309,5,4>, <310,5,1>, <311,5,3>, <312,5,1>, <313,5,2>, <314,5,1>, <315,5,1>, <316,5,1>, <317,5,1>, <318,5,2>, <321,5,1>, <325,5,2>, <326,5,2>, <327,5,3>, <328,5,4>, <330,5,4>, <331,5,1>, <333,5,2>, <334,5,2>, <336,5,2>, <337,5,1>, <339,5,2>, <340,5,1>, <341,5,1>, <342,5,3>, <344,5,3>, <345,5,1>, <347,5,4>, <351,5,3>, <354,5,2>, <357,5,1>, <359,5,1>, <361,5,3>, <362,5,1>, <363,5,1>, <364,5,4>, <365,5,3>, <368,5,1>, <370,5,1>, <371,5,2>, <375,5,6>, <376,5,2>, <377,5,4>, <378,5,1>, <379,5,1>, <380,5,1>, <381,5,1>, <382,5,1>, <383,5,1>, <384,5,2>, <385,5,1>, <386,5,2>, <387,5,1>, <389,5,1>, <390,5,1>, <391,5,1>, <393,5,2>, <394,5,1>, <395,5,2>, <396,5,1>, <397,5,1>, <400,5,1>, <401,5,1>, <402,5,1>, <403,5,2>, <404,5,1>, <406,5,5>, <409,5,1>, <410,5,2>, <411,5,1>, <412,5,1>, <413,5,1>, <414,5,1>, <415,5,3>, <416,5,1>, <417,5,1>, <418,5,1>, <419,5,2>, <420,5,1>, <422,5,2>, <423,5,1>, <424,5,1>, <426,5,1>, <428,5,2>, <429,5,3>, <430,5,3>, <431,5,1>, <432,5,1>, <434,5,1>, <435,5,1>, <438,5,1>, <439,5,1>, <440,5,1>, <441,5,1>, <442,5,1>, <444,5,1>, <445,5,2>, <446,5,1>, <447,5,2>, <450,5,1>, <451,5,1>, <452,5,2>, <456,5,1>, <457,5,1>, <459,5,3>, <460,5,1>, <461,5,1>, <462,5,1>, <463,5,3>, <467,5,1>, <468,5,6>, <469,5,3>, <473,5,1>, <475,5,1>, <479,5,2>, <482,5,1>, <485,5,3>, <487,5,1>, <488,5,1>, <491,5,2>, <493,5,1>, <494,5,2>, <496,5,5>, <499,5,1>, <500,5,1>, <502,5,1>, <503,5,1>, <508,5,1>, <509,5,1>, <512,5,1>, <516,5,1>, <517,5,1>, <518,5,1>, <519,5,1>, <523,5,1>, <524,5,1>, <525,5,2>, <526,5,3>, <527,5,1>, <530,5,1>, <532,5,1>, <533,5,1>, <534,5,1>, <536,5,1>, <537,5,2>, <539,5,2>, <540,5,2>, <541,5,2>, <545,5,1>, <546,5,1>, <547,5,1>, <549,5,1>, <552,5,1>, <554,5,2>, <556,5,2>, <557,5,2>, <558,5,2>, <559,5,1>, <562,5,2>, <564,5,2>, <565,5,2>, <566,5,1>, <567,5,1>, <568,5,1>, <569,5,1>, <573,5,4>, <574,5,2>, <581,5,1>, <582,5,1>, <584,5,1>, <586,5,1>, <590,5,1>, <592,5,1>, <594,5,1>, <598,5,3>, <599,5,1>, <600,5,1>, <603,5,1>, <604,5,2>, <608,5,3>, <610,5,1>, <611,5,1>, <612,5,1>, <613,5,1>, <614,5,3>, <617,5,1>, <618,5,1>, <619,5,1>, <620,5,1>, <621,5,1>, <623,5,2>, <624,5,1>, <625,5,1>, <627,5,3>, <629,5,1>, <630,5,1>, <631,5,1>, <637,5,1>, <638,5,1>, <639,5,1>, <641,5,1>, <642,5,1>, <644,5,2>, <645,5,1>, <646,5,3>, <648,5,1>, <660,5,1>, <662,5,1>, <663,5,1>, <665,5,2>, <666,5,1>, <667,5,1>, <668,5,1>, <673,5,2>, <678,5,3>, <684,5,2>, <686,5,3>, <688,5,1>, <691,5,2>, <692,5,2>, <696,5,1>, <697,5,1>, <699,5,1>, <701,5,1>, <703,5,1>, <704,5,1>, <706,5,1>, <707,5,1>, <710,5,2>, <711,5,1>, <714,5,1>, <716,5,1>, <717,5,2>, <718,5,1>, <719,5,2>, <720,5,1>, <727,5,2>, <731,5,1>, <732,5,1>, <735,5,1>, <738,5,1>, <742,5,1>, <743,5,1>, <753,5,1>, <756,5,1>, <757,5,1>, <758,5,2>, <759,5,1>, <760,5,1>, <765,5,3>, <766,5,1>, <767,5,1>, <768,5,2>, <769,5,1>, <770,5,1>, <773,5,1>, <777,5,1>, <778,5,1>, <779,5,2>, <781,5,1>, <782,5,2>, <785,5,1>, <790,5,2>, <795,5,1>, <796,5,1>, <798,5,1>, <802,5,1>, <807,5,1>, <810,5,1>, <819,5,1>, <820,5,1>, <821,5,2>, <828,5,1>, <829,5,2>, <834,5,2>, <839,5,4>, <840,5,1>, <841,5,2>, <845,5,1>, <851,5,1>, <852,5,2>, <854,5,1>, <857,5,1>, <862,5,1>, <864,5,1>, <868,5,2>, <876,5,1>, <878,5,1>, <879,5,3>, <882,5,2>, <885,5,1>, <886,5,1>, <890,5,1>, <893,5,1>, <894,5,1>, <896,5,1>, <897,5,1>, <901,5,1>, <910,5,1>, <911,5,1>, <913,5,1>, <914,5,1>, <920,5,1>, <922,5,1>, <925,5,1>, <927,5,1>, <936,5,2>, <945,5,1>, <949,5,2>, <954,5,1>, <957,5,2>, <959,5,1>, <965,5,1>, <966,5,1>, <967,5,1>, <969,5,1>, <970,5,1>, <975,5,1>, <976,5,1>, <978,5,1>, <980,5,1>, <985,5,1>, <990,5,1>, <991,5,1>, <994,5,1>, <997,5,1>, <999,5,1>, <1000,5,1>, <1,8,715>, <2,8,233>, <3,8,66>, <4,8,126>, <5,8,148>, <6,8,11>, <7,8,52>, <8,8,45>, <9,8,2>, <10,8,38>, <11,8,97>, <12,8,26>, <13,8,95>, <14,8,18>, <15,8,18>, <16,8,39>, <17,8,35>, <18,8,40>, <19,8,30>, <20,8,9>, <21,8,19>, <22,8,39>, <23,8,10>, <24,8,6>, <25,8,6>, <26,8,36>, <27,8,3>, <28,8,7>, <29,8,9>, <30,8,1>, <31,8,15>, <32,8,2>, <33,8,22>, <34,8,6>, <35,8,17>, <36,8,7>, <37,8,4>, <38,8,30>, <39,8,24>, <40,8,13>, <41,8,6>, <42,8,5>, <43,8,7>, <44,8,3>, <45,8,24>, <46,8,14>, <47,8,5>, <48,8,6>, <49,8,2>, <50,8,13>, <51,8,16>, <52,8,4>, <53,8,10>, <54,8,1>, <55,8,7>, <56,8,19>, <57,8,18>, <58,8,16>, <59,8,8>, <60,8,1>, <61,8,2>, <62,8,19>, <63,8,2>, <64,8,7>, <65,8,6>, <66,8,3>, <67,8,6>, <68,8,4>, <70,8,10>, <71,8,5>, <72,8,8>, <73,8,2>, <74,8,4>, <75,8,2>, <76,8,5>, <78,8,6>, <79,8,2>, <80,8,4>, <81,8,1>, <82,8,4>, <83,8,7>, <84,8,6>, <85,8,3>, <86,8,6>, <87,8,11>, <88,8,7>, <89,8,1>, <90,8,1>, <92,8,12>, <93,8,1>, <94,8,2>, <95,8,2>, <96,8,11>, <97,8,3>, <98,8,4>, <100,8,7>, <101,8,7>, <102,8,3>, <103,8,3>, <104,8,7>, <105,8,6>, <106,8,4>, <107,8,4>, <109,8,4>, <110,8,4>, <111,8,6>, <113,8,8>, <114,8,5>, <115,8,7>, <116,8,9>, <117,8,1>, <119,8,6>, <121,8,1>, <122,8,1>, <123,8,8>, <124,8,1>, <125,8,5>, <127,8,8>, <128,8,2>, <130,8,1>, <131,8,1>, <132,8,3>, <134,8,7>, <135,8,3>, <136,8,3>, <137,8,1>, <138,8,2>, <139,8,2>, <140,8,1>, <141,8,2>, <142,8,1>, <143,8,2>, <144,8,1>, <147,8,10>, <148,8,2>, <149,8,7>, <150,8,3>, <152,8,17>, <153,8,4>, <154,8,2>, <155,8,2>, <157,8,5>, <158,8,1>, <159,8,2>, <161,8,1>, <163,8,2>, <164,8,5>, <166,8,2>, <168,8,1>, <169,8,2>, <170,8,2>, <171,8,1>, <172,8,3>, <173,8,2>, <174,8,2>, <175,8,2>, <176,8,4>, <177,8,7>, <178,8,1>, <181,8,2>, <182,8,1>, <184,8,1>, <185,8,4>, <186,8,1>, <187,8,5>, <188,8,6>, <189,8,5>, <190,8,1>, <191,8,1>, <192,8,5>, <193,8,2>, <194,8,2>, <195,8,1>, <196,8,7>, <197,8,2>, <198,8,2>, <199,8,4>, <200,8,1>, <201,8,2>, <204,8,1>, <205,8,5>, <206,8,1>, <207,8,2>, <208,8,5>, <209,8,5>, <210,8,1>, <211,8,3>, <212,8,1>, <214,8,3>, <215,8,7>, <217,8,1>, <218,8,1>, <219,8,2>, <220,8,2>, <221,8,1>, <222,8,2>, <226,8,7>, <227,8,5>, <228,8,4>, <230,8,1>, <231,8,1>, <232,8,1>, <233,8,1>, <234,8,1>, <235,8,8>, <236,8,4>, <237,8,2>, <238,8,2>, <239,8,4>, <240,8,2>, <242,8,2>, <243,8,1>, <244,8,1>, <247,8,3>, <250,8,3>, <253,8,3>, <254,8,2>, <255,8,1>, <257,8,1>, <258,8,1>, <260,8,2>, <261,8,2>, <263,8,6>, <264,8,4>, <265,8,1>, <266,8,1>, <267,8,2>, <268,8,1>, <269,8,2>, <272,8,2>, <273,8,1>, <276,8,5>, <277,8,1>, <279,8,1>, <280,8,1>, <281,8,2>, <282,8,1>, <285,8,1>, <286,8,1>, <287,8,4>, <289,8,2>, <290,8,2>, <292,8,1>, <293,8,3>, <294,8,3>, <296,8,1>, <297,8,2>, <298,8,1>, <300,8,1>, <301,8,1>, <302,8,2>, <304,8,1>, <305,8,1>, <307,8,2>, <310,8,1>, <312,8,1>, <313,8,2>, <314,8,1>, <316,8,1>, <318,8,2>, <319,8,1>, <320,8,1>, <321,8,6>, <323,8,1>, <326,8,4>, <327,8,1>, <328,8,2>, <329,8,2>, <332,8,2>, <334,8,1>, <335,8,2>, <336,8,2>, <337,8,2>, <339,8,2>, <340,8,2>, <341,8,1>, <344,8,2>, <345,8,2>, <346,8,1>, <347,8,1>, <349,8,2>, <350,8,1>, <351,8,2>, <352,8,2>, <355,8,3>, <356,8,1>, <357,8,2>, <358,8,6>, <360,8,5>, <363,8,1>, <364,8,1>, <365,8,6>, <366,8,2>, <368,8,1>, <369,8,1>, <370,8,2>, <371,8,1>, <372,8,1>, <373,8,1>, <374,8,1>, <377,8,1>, <378,8,1>, <379,8,1>, <380,8,1>, <381,8,2>, <382,8,3>, <384,8,2>, <385,8,4>, <386,8,1>, <387,8,3>, <389,8,4>, <390,8,1>, <391,8,1>, <393,8,1>, <394,8,1>, <396,8,1>, <397,8,5>, <398,8,1>, <399,8,1>, <400,8,1>, <401,8,1>, <402,8,2>, <404,8,2>, <405,8,1>, <406,8,3>, <407,8,1>, <408,8,1>, <409,8,3>, <410,8,1>, <412,8,2>, <413,8,1>, <414,8,1>, <416,8,1>, <417,8,2>, <418,8,1>, <419,8,2>, <420,8,1>, <422,8,1>, <423,8,1>, <424,8,1>, <425,8,2>, <426,8,1>, <429,8,1>, <433,8,1>, <434,8,1>, <436,8,1>, <438,8,3>, <439,8,1>, <440,8,2>, <441,8,3>, <442,8,1>, <443,8,1>, <445,8,1>, <447,8,1>, <450,8,1>, <451,8,1>, <452,8,1>, <453,8,1>, <454,8,1>, <456,8,1>, <457,8,1>, <458,8,1>, <460,8,1>, <461,8,1>, <462,8,2>, <463,8,1>, <464,8,3>, <465,8,1>, <467,8,3>, <468,8,1>, <471,8,2>, <477,8,1>, <478,8,1>, <479,8,1>, <483,8,2>, <484,8,2>, <486,8,2>, <488,8,1>, <491,8,1>, <492,8,1>, <493,8,1>, <500,8,2>, <503,8,1>, <504,8,1>, <505,8,2>, <509,8,1>, <510,8,1>, <511,8,1>, <512,8,1>, <516,8,1>, <518,8,2>, <519,8,2>, <520,8,1>, <521,8,1>, <522,8,1>, <525,8,1>, <526,8,1>, <529,8,1>, <530,8,1>, <533,8,1>, <534,8,1>, <536,8,1>, <537,8,2>, <538,8,1>, <540,8,2>, <541,8,2>, <544,8,1>, <550,8,1>, <551,8,2>, <553,8,1>, <554,8,3>, <555,8,1>, <556,8,1>, <557,8,1>, <560,8,1>, <563,8,1>, <564,8,1>, <568,8,3>, <569,8,1>, <573,8,1>, <575,8,1>, <576,8,2>, <579,8,1>, <580,8,2>, <581,8,2>, <582,8,1>, <584,8,2>, <585,8,1>, <586,8,1>, <587,8,1>, <589,8,1>, <590,8,1>, <595,8,1>, <596,8,1>, <599,8,2>, <602,8,2>, <604,8,2>, <605,8,2>, <608,8,1>, <610,8,1>, <614,8,2>, <615,8,1>, <617,8,2>, <618,8,1>, <619,8,1>, <620,8,1>, <621,8,1>, <622,8,1>, <625,8,1>, <628,8,3>, <631,8,1>, <632,8,2>, <635,8,1>, <636,8,1>, <637,8,1>, <644,8,1>, <645,8,1>, <646,8,1>, <648,8,1>, <657,8,1>, <658,8,1>, <662,8,1>, <664,8,2>, <665,8,1>, <666,8,1>, <668,8,1>, <669,8,2>, <678,8,1>, <679,8,1>, <684,8,2>, <686,8,1>, <688,8,1>, <689,8,1>, <691,8,1>, <692,8,2>, <693,8,1>, <694,8,1>, <696,8,1>, <697,8,1>, <699,8,2>, <701,8,1>, <702,8,1>, <706,8,1>, <707,8,1>, <710,8,1>, <714,8,1>, <718,8,1>, <719,8,1>, <721,8,1>, <722,8,1>, <725,8,1>, <726,8,2>, <727,8,1>, <728,8,2>, <732,8,1>, <734,8,2>, <736,8,1>, <738,8,1>, <743,8,1>, <744,8,1>, <745,8,1>, <746,8,2>, <750,8,1>, <753,8,1>, <757,8,2>, <761,8,1>, <762,8,1>, <763,8,1>, <769,8,1>, <771,8,1>, <773,8,1>, <774,8,1>, <779,8,1>, <781,8,1>, <784,8,1>, <785,8,1>, <789,8,1>, <792,8,3>, <794,8,1>, <795,8,1>, <796,8,1>, <798,8,1>, <799,8,2>, <800,8,1>, <802,8,1>, <803,8,2>, <812,8,2>, <815,8,1>, <817,8,2>, <819,8,2>, <821,8,2>, <823,8,1>, <826,8,1>, <829,8,1>, <830,8,1>, <834,8,1>, <837,8,2>, <840,8,1>, <843,8,1>, <845,8,3>, <846,8,1>, <849,8,1>, <851,8,1>, <855,8,2>, <856,8,1>, <858,8,1>, <859,8,2>, <860,8,3>, <861,8,1>, <863,8,1>, <864,8,1>, <865,8,1>, <866,8,1>, <876,8,3>, <878,8,1>, <880,8,2>, <887,8,1>, <890,8,2>, <892,8,1>, <894,8,1>, <895,8,1>, <896,8,1>, <897,8,1>, <900,8,1>, <903,8,1>, <904,8,1>, <911,8,1>, <919,8,1>, <921,8,2>, <923,8,1>, <927,8,1>, <933,8,1>, <934,8,1>, <940,8,1>, <941,8,1>, <945,8,1>, <947,8,1>, <948,8,3>, <949,8,2>, <954,8,1>, <957,8,2>, <958,8,1>, <959,8,1>, <961,8,1>, <963,8,1>, <968,8,1>, <971,8,1>, <978,8,3>, <982,8,1>, <987,8,1>, <990,8,1>, <996,8,1>, <997,8,1>, <1,9,137>, <2,9,178>, <3,9,351>, <4,9,226>, <5,9,149>, <6,9,9>, <7,9,25>, <8,9,62>, <9,9,64>, <10,9,15>, <12,9,108>, <13,9,21>, <14,9,15>, <15,9,19>, <16,9,7>, <17,9,31>, <18,9,8>, <19,9,70>, <20,9,6>, <21,9,21>, <22,9,7>, <23,9,36>, <24,9,52>, <25,9,11>, <26,9,1>, <27,9,41>, <28,9,36>, <29,9,10>, <30,9,10>, <31,9,8>, <32,9,20>, <33,9,5>, <34,9,3>, <35,9,10>, <36,9,20>, <37,9,7>, <38,9,2>, <39,9,5>, <40,9,25>, <41,9,9>, <42,9,33>, <43,9,14>, <44,9,4>, <45,9,9>, <46,9,6>, <47,9,21>, <48,9,22>, <49,9,18>, <51,9,7>, <52,9,6>, <53,9,5>, <54,9,12>, <55,9,23>, <56,9,1>, <57,9,12>, <58,9,4>, <59,9,7>, <60,9,19>, <61,9,7>, <62,9,5>, <63,9,2>, <64,9,7>, <65,9,10>, <66,9,26>, <67,9,2>, <68,9,10>, <69,9,11>, <70,9,3>, <71,9,4>, <72,9,2>, <73,9,12>, <74,9,2>, <75,9,1>, <76,9,2>, <77,9,8>, <78,9,4>, <79,9,3>, <80,9,9>, <81,9,1>, <82,9,11>, <83,9,2>, <84,9,19>, <85,9,3>, <86,9,10>, <87,9,4>, <88,9,7>, <89,9,12>, <90,9,9>, <91,9,3>, <92,9,6>, <93,9,1>, <94,9,15>, <95,9,10>, <96,9,2>, <97,9,10>, <98,9,13>, <99,9,1>, <100,9,1>, <101,9,8>, <102,9,1>, <103,9,4>, <104,9,5>, <105,9,5>, <106,9,2>, <107,9,4>, <109,9,9>, <110,9,3>, <112,9,6>, <113,9,2>, <114,9,5>, <115,9,11>, <116,9,2>, <117,9,2>, <118,9,1>, <119,9,1>, <120,9,1>, <121,9,4>, <122,9,3>, <123,9,4>, <124,9,1>, <125,9,3>, <126,9,2>, <127,9,1>, <128,9,2>, <129,9,3>, <130,9,1>, <131,9,6>, <132,9,4>, <133,9,4>, <134,9,2>, <135,9,11>, <136,9,3>, <137,9,3>, <138,9,1>, <139,9,6>, <140,9,3>, <141,9,11>, <143,9,7>, <145,9,1>, <146,9,3>, <147,9,1>, <148,9,5>, <149,9,10>, <150,9,1>, <153,9,1>, <154,9,8>, <155,9,4>, <156,9,5>, <157,9,2>, <159,9,8>, <160,9,2>, <161,9,1>, <162,9,6>, <163,9,4>, <164,9,2>, <165,9,5>, <166,9,6>, <168,9,4>, <169,9,1>, <170,9,2>, <171,9,2>, <173,9,1>, <174,9,2>, <175,9,7>, <177,9,2>, <178,9,2>, <179,9,2>, <180,9,3>, <181,9,1>, <182,9,3>, <183,9,1>, <185,9,2>, <186,9,1>, <187,9,1>, <188,9,4>, <189,9,2>, <191,9,1>, <192,9,3>, <194,9,3>, <195,9,1>, <196,9,1>, <197,9,3>, <198,9,4>, <199,9,1>, <200,9,1>, <201,9,4>, <202,9,1>, <203,9,1>, <206,9,6>, <208,9,4>, <210,9,3>, <211,9,3>, <212,9,3>, <213,9,2>, <214,9,1>, <215,9,5>, <218,9,3>, <220,9,6>, <221,9,2>, <223,9,1>, <224,9,2>, <225,9,2>, <226,9,1>, <227,9,1>, <228,9,1>, <230,9,1>, <231,9,2>, <232,9,2>, <233,9,1>, <235,9,6>, <236,9,4>, <237,9,2>, <238,9,4>, <241,9,4>, <242,9,2>, <243,9,2>, <246,9,2>, <248,9,1>, <249,9,2>, <250,9,2>, <251,9,2>, <252,9,1>, <253,9,2>, <255,9,8>, <256,9,3>, <257,9,1>, <259,9,1>, <260,9,5>, <262,9,2>, <263,9,2>, <264,9,2>, <265,9,5>, <267,9,4>, <268,9,1>, <269,9,5>, <271,9,2>, <272,9,2>, <273,9,2>, <274,9,2>, <276,9,3>, <278,9,2>, <279,9,2>, <280,9,2>, <281,9,3>, <282,9,1>, <283,9,1>, <284,9,3>, <286,9,1>, <287,9,1>, <288,9,4>, <289,9,2>, <290,9,3>, <291,9,1>, <293,9,1>, <295,9,1>, <296,9,1>, <297,9,4>, <298,9,1>, <299,9,2>, <300,9,2>, <301,9,1>, <303,9,1>, <306,9,1>, <307,9,1>, <308,9,2>, <310,9,3>, <311,9,1>, <312,9,3>, <314,9,2>, <315,9,1>, <316,9,2>, <318,9,1>, <319,9,1>, <320,9,3>, <321,9,1>, <322,9,1>, <323,9,2>, <324,9,2>, <325,9,1>, <329,9,3>, <331,9,1>, <332,9,2>, <333,9,2>, <334,9,1>, <335,9,1>, <337,9,3>, <338,9,2>, <340,9,1>, <341,9,1>, <342,9,2>, <344,9,1>, <345,9,1>, <347,9,1>, <348,9,1>, <349,9,2>, <351,9,1>, <352,9,1>, <353,9,4>, <354,9,1>, <355,9,4>, <357,9,2>, <358,9,4>, <359,9,5>, <361,9,1>, <362,9,1>, <364,9,2>, <367,9,1>, <368,9,3>, <369,9,1>, <370,9,2>, <371,9,3>, <372,9,2>, <373,9,1>, <375,9,1>, <376,9,2>, <380,9,3>, <381,9,2>, <382,9,2>, <383,9,1>, <384,9,1>, <385,9,3>, <386,9,1>, <388,9,3>, <389,9,2>, <390,9,2>, <391,9,1>, <392,9,1>, <394,9,1>, <395,9,1>, <396,9,2>, <397,9,1>, <400,9,1>, <401,9,1>, <402,9,1>, <403,9,1>, <404,9,1>, <407,9,2>, <408,9,1>, <410,9,1>, <411,9,2>, <412,9,1>, <413,9,4>, <414,9,2>, <416,9,1>, <417,9,1>, <418,9,2>, <419,9,5>, <422,9,1>, <424,9,3>, <425,9,1>, <427,9,2>, <428,9,1>, <429,9,1>, <430,9,2>, <431,9,1>, <432,9,4>, <433,9,1>, <434,9,3>, <435,9,1>, <438,9,1>, <439,9,1>, <442,9,1>, <443,9,3>, <446,9,2>, <447,9,1>, <449,9,1>, <450,9,1>, <456,9,1>, <458,9,1>, <459,9,1>, <461,9,2>, <462,9,1>, <463,9,3>, <464,9,1>, <465,9,1>, <467,9,1>, <468,9,1>, <471,9,1>, <472,9,1>, <473,9,2>, <477,9,1>, <478,9,2>, <479,9,1>, <480,9,1>, <482,9,1>, <483,9,1>, <485,9,1>, <486,9,1>, <487,9,1>, <488,9,1>, <489,9,1>, <491,9,1>, <494,9,1>, <495,9,1>, <497,9,1>, <499,9,1>, <502,9,2>, <503,9,1>, <506,9,3>, <509,9,1>, <510,9,4>, <516,9,1>, <517,9,1>, <518,9,2>, <522,9,1>, <524,9,1>, <526,9,1>, <529,9,1>, <530,9,1>, <535,9,4>, <538,9,1>, <539,9,1>, <541,9,3>, <542,9,1>, <543,9,1>, <544,9,1>, <545,9,1>, <546,9,1>, <547,9,4>, <549,9,2>, <552,9,1>, <554,9,1>, <555,9,1>, <556,9,2>, <557,9,1>, <558,9,1>, <559,9,2>, <560,9,2>, <562,9,1>, <563,9,1>, <566,9,2>, <567,9,1>, <568,9,1>, <570,9,1>, <571,9,1>, <573,9,3>, <574,9,1>, <578,9,1>, <579,9,1>, <580,9,1>, <581,9,1>, <584,9,1>, <586,9,1>, <587,9,1>, <589,9,2>, <590,9,1>, <592,9,3>, <593,9,1>, <595,9,1>, <597,9,1>, <598,9,1>, <599,9,1>, <600,9,3>, <601,9,1>, <602,9,1>, <604,9,1>, <605,9,1>, <608,9,1>, <609,9,3>, <611,9,2>, <613,9,1>, <616,9,1>, <620,9,1>, <622,9,1>, <623,9,1>, <626,9,1>, <627,9,2>, <629,9,1>, <630,9,1>, <631,9,1>, <632,9,3>, <634,9,1>, <635,9,1>, <637,9,1>, <639,9,1>, <640,9,1>, <643,9,2>, <645,9,1>, <648,9,1>, <649,9,1>, <650,9,1>, <653,9,1>, <654,9,1>, <659,9,1>, <660,9,1>, <663,9,1>, <670,9,2>, <671,9,1>, <673,9,3>, <675,9,1>, <676,9,1>, <677,9,1>, <678,9,1>, <679,9,1>, <683,9,1>, <686,9,1>, <687,9,1>, <688,9,1>, <689,9,1>, <693,9,1>, <695,9,1>, <696,9,1>, <697,9,1>, <700,9,1>, <701,9,2>, <702,9,3>, <703,9,1>, <704,9,2>, <706,9,2>, <707,9,1>, <716,9,1>, <718,9,1>, <720,9,1>, <721,9,1>, <722,9,1>, <724,9,1>, <728,9,1>, <729,9,1>, <738,9,1>, <740,9,1>, <741,9,2>, <746,9,2>, <748,9,1>, <749,9,1>, <750,9,1>, <758,9,1>, <761,9,1>, <762,9,1>, <763,9,1>, <765,9,1>, <766,9,1>, <768,9,1>, <771,9,1>, <773,9,3>, <774,9,1>, <778,9,1>, <779,9,1>, <780,9,1>, <782,9,2>, <783,9,1>, <784,9,2>, <787,9,1>, <792,9,1>, <793,9,1>, <794,9,1>, <795,9,2>, <796,9,3>, <797,9,1>, <799,9,1>, <802,9,1>, <806,9,2>, <807,9,1>, <808,9,1>, <810,9,1>, <812,9,1>, <816,9,1>, <817,9,1>, <819,9,1>, <820,9,1>, <821,9,2>, <824,9,1>, <826,9,1>, <828,9,1>, <829,9,1>, <830,9,1>, <834,9,1>, <835,9,1>, <841,9,1>, <845,9,2>, <846,9,1>, <847,9,1>, <849,9,1>, <852,9,3>, <853,9,2>, <854,9,1>, <857,9,1>, <858,9,1>, <865,9,2>, <866,9,1>, <870,9,1>, <872,9,1>, <874,9,2>, <884,9,1>, <888,9,1>, <890,9,1>, <896,9,2>, <897,9,2>, <899,9,1>, <904,9,1>, <910,9,1>, <911,9,1>, <914,9,1>, <915,9,1>, <918,9,1>, <919,9,1>, <920,9,1>, <922,9,1>, <925,9,1>, <933,9,1>, <935,9,1>, <941,9,1>, <943,9,1>, <949,9,1>, <953,9,1>, <961,9,1>, <964,9,1>, <965,9,2>, <967,9,1>, <976,9,1>, <982,9,1>, <984,9,1>, <985,9,1>, <988,9,1>, <989,9,2>, <999,9,1> };

MaxCacheStorageAtSingleAS= [ 0  0  1312.5  1312.5  1312.5  0  0  1312.5  1312.5  0 ] ;

MaxCacheStorage = 6562.5 ;
SolutionGap = 0.01 ;
