
ASes= { 1, 2, 3, 4, 5, 6, 7 } ;


Objects= { 1, 2, 3, 4, 5, 6, 7, 8, 9, 10, 11, 12, 13, 14, 15, 16, 17, 18, 19, 20, 21, 22, 23, 24, 25, 26, 27, 28, 29, 30, 31, 32, 33, 34, 35, 36, 37, 38, 39, 40, 41, 42, 43, 44, 45, 46, 47, 48, 49, 50, 51, 52, 53, 54, 55, 56, 57, 58, 59, 60, 61, 62, 63, 64, 65, 66, 67, 68, 69, 70, 71, 72, 73, 74, 75, 76, 77, 78, 79, 80, 81, 82, 83, 84, 85, 86, 87, 88, 89, 90, 91, 92, 93, 94, 95, 96, 97, 98, 99, 100, 101, 102, 103, 104, 105, 106, 107, 108, 109, 110, 111, 112, 113, 114, 115, 116, 117, 118, 119, 120, 121, 122, 123, 124, 125, 126, 127, 128, 129, 130, 131, 132, 133, 134, 135, 136, 137, 138, 139, 140, 141, 142, 143, 144, 145, 146, 147, 148, 149, 150, 151, 152, 153, 154, 155, 156, 157, 158, 159, 160, 161, 162, 163, 164, 165, 166, 167, 168, 169, 170, 171, 172, 173, 174, 175, 176, 177, 178, 179, 180, 181, 182, 183, 184, 185, 186, 187, 188, 189, 190, 191, 192, 193, 194, 195, 196, 197, 198, 199, 200, 201, 202, 203, 204, 205, 206, 207, 208, 209, 210, 211, 212, 213, 214, 215, 216, 217, 218, 219, 220, 221, 222, 223, 224, 225, 226, 227, 228, 229, 230, 231, 232, 233, 234, 235, 236, 237, 238, 239, 240, 241, 242, 243, 244, 245, 246, 247, 248, 249, 250, 251, 252, 253, 254, 255, 256, 257, 258, 259, 260, 261, 262, 263, 264, 265, 266, 267, 268, 269, 270, 271, 272, 273, 274, 275, 276, 277, 278, 279, 280, 281, 282, 283, 284, 285, 286, 287, 288, 289, 290, 291, 292, 293, 294, 295, 296, 297, 298, 299, 300, 301, 302, 303, 304, 305, 306, 307, 308, 309, 310, 311, 312, 313, 314, 315, 316, 317, 318, 319, 320, 321, 322, 323, 324, 325, 326, 327, 328, 329, 330, 331, 332, 333, 334, 335, 336, 337, 338, 339, 340, 341, 342, 343, 344, 345, 346, 347, 348, 349, 350, 351, 352, 353, 354, 355, 356, 357, 358, 359, 360, 361, 362, 363, 364, 365, 366, 367, 368, 369, 370, 371, 372, 373, 374, 375, 376, 377, 378, 379, 380, 381, 382, 383, 384, 385, 386, 387, 388, 389, 390, 391, 392, 393, 394, 395, 396, 397, 398, 399, 400, 401, 402, 403, 404, 405, 406, 407, 408, 409, 410, 411, 412, 413, 414, 415, 416, 417, 418, 419, 420, 421, 422, 423, 424, 425, 426, 427, 428, 429, 430, 431, 432, 433, 434, 435, 436, 437, 438, 439, 440, 441, 442, 443, 444, 445, 446, 447, 448, 449, 450, 451, 452, 453, 454, 455, 456, 457, 458, 459, 460, 461, 462, 463, 464, 465, 466, 467, 468, 469, 470, 471, 472, 473, 474, 475, 476, 477, 478, 479, 480, 481, 482, 483, 484, 485, 486, 487, 488, 489, 490, 491, 492, 493, 494, 495, 496, 497, 498, 499, 500, 501, 502, 503, 504, 505, 506, 507, 508, 509, 510, 511, 512, 513, 514, 515, 516, 517, 518, 519, 520, 521, 522, 523, 524, 525, 526, 527, 528, 529, 530, 531, 532, 533, 534, 535, 536, 537, 538, 539, 540, 541, 542, 543, 544, 545, 546, 547, 548, 549, 550, 551, 552, 553, 554, 555, 556, 557, 558, 559, 560, 561, 562, 563, 564, 565, 566, 567, 568, 569, 570, 571, 572, 573, 574, 575, 576, 577, 578, 579, 580, 581, 582, 583, 584, 585, 586, 587, 588, 589, 590, 591, 592, 593, 594, 595, 596, 597, 598, 599, 600, 601, 602, 603, 604, 605, 606, 607, 608, 609, 610, 611, 612, 613, 614, 615, 616, 617, 618, 619, 620, 621, 622, 623, 624, 625, 626, 627, 628, 629, 630, 631, 632, 633, 634, 635, 636, 637, 638, 639, 640, 641, 642, 643, 644, 645, 646, 647, 648, 649, 650, 651, 652, 653, 654, 655, 656, 657, 658, 659, 660, 661, 662, 663, 664, 665, 666, 667, 668, 669, 670, 671, 672, 673, 674, 675, 676, 677, 678, 679, 680, 681, 682, 683, 684, 685, 686, 687, 688, 689, 690, 691, 692, 693, 694, 695, 696, 697, 698, 699, 700, 701, 702, 703, 704, 705, 706, 707, 708, 709, 710, 711, 712, 713, 714, 715, 716, 717, 718, 719, 720, 721, 722, 723, 724, 725, 726, 727, 728, 729, 730, 731, 732, 733, 734, 735, 736, 737, 738, 739, 740, 741, 742, 743, 744, 745, 746, 747, 748, 749, 750, 751, 752, 753, 754, 755, 756, 757, 758, 759, 760, 761, 762, 763, 764, 765, 766, 767, 768, 769, 770, 771, 772, 773, 774, 775, 776, 777, 778, 779, 780, 781, 782, 783, 784, 785, 786, 787, 788, 789, 790, 791, 792, 793, 794, 795, 796, 797, 798, 799, 800, 801, 802, 803, 804, 805, 806, 807, 808, 809, 810, 811, 812, 813, 814, 815, 816, 817, 818, 819, 820, 821, 822, 823, 824, 825, 826, 827, 828, 829, 830, 831, 832, 833, 834, 835, 836, 837, 838, 839, 840, 841, 842, 843, 844, 845, 846, 847, 848, 849, 850, 851, 852, 853, 854, 855, 856, 857, 858, 859, 860, 861, 862, 863, 864, 865, 866, 867, 868, 869, 870, 871, 872, 873, 874, 875, 876, 877, 878, 879, 880, 881, 882, 883, 884, 885, 886, 887, 888, 889, 890, 891, 892, 893, 894, 895, 896, 897, 898, 899, 900, 901, 902, 903, 904, 905, 906, 907, 908, 909, 910, 911, 912, 913, 914, 915, 916, 917, 918, 919, 920, 921, 922, 923, 924, 925, 926, 927, 928, 929, 930, 931, 932, 933, 934, 935, 936, 937, 938, 939, 940, 941, 942, 943, 944, 945, 946, 947, 948, 949, 950, 951, 952, 953, 954, 955, 956, 957, 958, 959, 960, 961, 962, 963, 964, 965, 966, 967, 968, 969, 970, 971, 972, 973, 974, 975, 976, 977, 978, 979, 980, 981, 982, 983, 984, 985, 986, 987, 988, 989, 990, 991, 992, 993, 994, 995, 996, 997, 998, 999, 1000 } ;


QualityLevels= { 0, 1, 2, 3, 4, 5 } ;

Arcs = { <1,2,490000>, <2,1,490000>,<1,3,490000>, <3,1,490000>,<1,4,490000>, <4,1,490000>,<2,5,490000>, <5,2,490000>,<5,6,490000>, <6,5,490000>,<1,7,490000>, <7,1,490000> }; 


RatePerQuality= [ 0  300  700  1500  2500  3500 ] ;


CacheSpacePerQuality= [ 10000  11.25  26.25  56.25  93.75  131.25 ] ;


UtilityPerQuality= [ 0  0.66874  0.795271  0.880112  0.945742  1 ] ;


ObjectsPublishedByProducers=[ [ 0  0  0  1  0  0  0 ]  [ 0  0  1  0  0  0  0 ]  [ 0  0  0  0  0  1  0 ]  [ 0  0  0  1  0  0  0 ]  [ 0  0  1  0  0  0  0 ]  [ 0  0  0  0  0  1  0 ]  [ 1  0  0  0  0  0  0 ]  [ 0  0  0  0  1  0  0 ]  [ 0  0  0  0  1  0  0 ]  [ 0  0  0  1  0  0  0 ]  [ 0  0  0  0  0  0  1 ]  [ 0  0  0  1  0  0  0 ]  [ 0  0  0  1  0  0  0 ]  [ 0  0  1  0  0  0  0 ]  [ 0  0  0  1  0  0  0 ]  [ 1  0  0  0  0  0  0 ]  [ 0  0  0  0  1  0  0 ]  [ 0  0  0  0  1  0  0 ]  [ 0  0  0  0  1  0  0 ]  [ 0  0  0  1  0  0  0 ]  [ 0  0  0  0  0  1  0 ]  [ 0  1  0  0  0  0  0 ]  [ 0  0  0  0  1  0  0 ]  [ 0  0  0  0  1  0  0 ]  [ 1  0  0  0  0  0  0 ]  [ 0  0  1  0  0  0  0 ]  [ 0  1  0  0  0  0  0 ]  [ 0  1  0  0  0  0  0 ]  [ 0  0  0  0  0  0  1 ]  [ 0  0  0  1  0  0  0 ]  [ 0  0  0  0  0  0  1 ]  [ 0  0  1  0  0  0  0 ]  [ 1  0  0  0  0  0  0 ]  [ 1  0  0  0  0  0  0 ]  [ 0  0  0  0  0  0  1 ]  [ 0  0  0  0  0  1  0 ]  [ 1  0  0  0  0  0  0 ]  [ 0  1  0  0  0  0  0 ]  [ 1  0  0  0  0  0  0 ]  [ 0  0  0  0  1  0  0 ]  [ 0  0  0  0  0  0  1 ]  [ 0  0  0  0  0  1  0 ]  [ 0  1  0  0  0  0  0 ]  [ 0  0  0  0  0  0  1 ]  [ 0  0  0  1  0  0  0 ]  [ 0  0  0  0  0  1  0 ]  [ 0  0  0  0  1  0  0 ]  [ 0  0  1  0  0  0  0 ]  [ 0  0  1  0  0  0  0 ]  [ 0  1  0  0  0  0  0 ]  [ 0  0  0  1  0  0  0 ]  [ 0  0  0  0  0  0  1 ]  [ 0  0  0  0  0  0  1 ]  [ 0  0  0  0  0  1  0 ]  [ 1  0  0  0  0  0  0 ]  [ 0  0  0  1  0  0  0 ]  [ 0  0  0  0  0  1  0 ]  [ 0  0  0  1  0  0  0 ]  [ 0  1  0  0  0  0  0 ]  [ 0  0  0  1  0  0  0 ]  [ 0  0  0  0  0  1  0 ]  [ 0  0  0  0  1  0  0 ]  [ 0  0  0  0  0  1  0 ]  [ 0  0  0  0  0  0  1 ]  [ 1  0  0  0  0  0  0 ]  [ 0  0  1  0  0  0  0 ]  [ 0  0  1  0  0  0  0 ]  [ 0  0  0  1  0  0  0 ]  [ 0  0  0  0  1  0  0 ]  [ 0  1  0  0  0  0  0 ]  [ 0  0  0  1  0  0  0 ]  [ 0  0  0  0  0  1  0 ]  [ 0  0  0  1  0  0  0 ]  [ 0  0  0  0  0  0  1 ]  [ 0  0  1  0  0  0  0 ]  [ 0  1  0  0  0  0  0 ]  [ 1  0  0  0  0  0  0 ]  [ 1  0  0  0  0  0  0 ]  [ 0  0  0  0  1  0  0 ]  [ 1  0  0  0  0  0  0 ]  [ 0  0  1  0  0  0  0 ]  [ 0  0  0  0  0  1  0 ]  [ 1  0  0  0  0  0  0 ]  [ 0  0  0  0  1  0  0 ]  [ 0  0  0  0  0  1  0 ]  [ 1  0  0  0  0  0  0 ]  [ 0  1  0  0  0  0  0 ]  [ 0  0  0  0  1  0  0 ]  [ 0  0  0  0  0  1  0 ]  [ 0  0  0  1  0  0  0 ]  [ 0  0  0  0  0  0  1 ]  [ 0  0  1  0  0  0  0 ]  [ 0  0  0  0  0  1  0 ]  [ 1  0  0  0  0  0  0 ]  [ 0  0  0  0  0  1  0 ]  [ 0  0  1  0  0  0  0 ]  [ 0  0  1  0  0  0  0 ]  [ 0  0  0  1  0  0  0 ]  [ 0  0  0  0  1  0  0 ]  [ 0  0  0  0  0  1  0 ]  [ 0  0  0  0  0  1  0 ]  [ 0  0  1  0  0  0  0 ]  [ 1  0  0  0  0  0  0 ]  [ 0  0  0  0  0  1  0 ]  [ 0  0  0  1  0  0  0 ]  [ 0  0  1  0  0  0  0 ]  [ 0  0  1  0  0  0  0 ]  [ 0  0  0  1  0  0  0 ]  [ 0  1  0  0  0  0  0 ]  [ 0  0  0  1  0  0  0 ]  [ 0  0  1  0  0  0  0 ]  [ 0  0  0  0  0  0  1 ]  [ 0  0  0  1  0  0  0 ]  [ 1  0  0  0  0  0  0 ]  [ 0  0  1  0  0  0  0 ]  [ 0  0  0  0  0  0  1 ]  [ 0  0  0  0  1  0  0 ]  [ 0  0  0  0  0  1  0 ]  [ 1  0  0  0  0  0  0 ]  [ 0  0  0  0  0  0  1 ]  [ 0  0  0  1  0  0  0 ]  [ 0  0  0  0  0  1  0 ]  [ 0  0  1  0  0  0  0 ]  [ 0  0  0  0  0  1  0 ]  [ 0  0  0  1  0  0  0 ]  [ 1  0  0  0  0  0  0 ]  [ 0  0  0  0  1  0  0 ]  [ 0  0  0  0  0  0  1 ]  [ 0  0  1  0  0  0  0 ]  [ 0  0  0  1  0  0  0 ]  [ 0  0  0  1  0  0  0 ]  [ 0  0  0  1  0  0  0 ]  [ 0  0  0  1  0  0  0 ]  [ 1  0  0  0  0  0  0 ]  [ 0  0  1  0  0  0  0 ]  [ 0  0  1  0  0  0  0 ]  [ 1  0  0  0  0  0  0 ]  [ 0  0  0  0  0  0  1 ]  [ 1  0  0  0  0  0  0 ]  [ 0  0  0  0  0  1  0 ]  [ 1  0  0  0  0  0  0 ]  [ 0  1  0  0  0  0  0 ]  [ 0  0  0  0  1  0  0 ]  [ 0  0  0  0  1  0  0 ]  [ 0  0  0  0  0  0  1 ]  [ 0  0  1  0  0  0  0 ]  [ 0  0  0  1  0  0  0 ]  [ 1  0  0  0  0  0  0 ]  [ 1  0  0  0  0  0  0 ]  [ 1  0  0  0  0  0  0 ]  [ 0  0  0  0  0  1  0 ]  [ 0  1  0  0  0  0  0 ]  [ 0  0  0  0  1  0  0 ]  [ 0  1  0  0  0  0  0 ]  [ 0  0  0  0  1  0  0 ]  [ 0  0  0  0  0  0  1 ]  [ 0  1  0  0  0  0  0 ]  [ 0  1  0  0  0  0  0 ]  [ 0  0  0  1  0  0  0 ]  [ 1  0  0  0  0  0  0 ]  [ 1  0  0  0  0  0  0 ]  [ 0  0  1  0  0  0  0 ]  [ 1  0  0  0  0  0  0 ]  [ 1  0  0  0  0  0  0 ]  [ 0  1  0  0  0  0  0 ]  [ 0  0  1  0  0  0  0 ]  [ 1  0  0  0  0  0  0 ]  [ 0  0  1  0  0  0  0 ]  [ 1  0  0  0  0  0  0 ]  [ 0  1  0  0  0  0  0 ]  [ 0  0  1  0  0  0  0 ]  [ 0  0  0  1  0  0  0 ]  [ 0  1  0  0  0  0  0 ]  [ 0  0  0  0  0  0  1 ]  [ 0  0  0  0  1  0  0 ]  [ 1  0  0  0  0  0  0 ]  [ 0  0  0  1  0  0  0 ]  [ 0  0  1  0  0  0  0 ]  [ 1  0  0  0  0  0  0 ]  [ 0  0  1  0  0  0  0 ]  [ 1  0  0  0  0  0  0 ]  [ 0  0  1  0  0  0  0 ]  [ 0  0  0  0  1  0  0 ]  [ 0  0  0  0  1  0  0 ]  [ 1  0  0  0  0  0  0 ]  [ 0  0  0  0  0  0  1 ]  [ 1  0  0  0  0  0  0 ]  [ 0  0  0  1  0  0  0 ]  [ 0  1  0  0  0  0  0 ]  [ 0  0  0  0  0  1  0 ]  [ 1  0  0  0  0  0  0 ]  [ 0  0  0  0  1  0  0 ]  [ 0  0  0  0  0  0  1 ]  [ 0  0  0  0  0  0  1 ]  [ 0  0  1  0  0  0  0 ]  [ 0  0  1  0  0  0  0 ]  [ 0  1  0  0  0  0  0 ]  [ 0  0  0  0  0  0  1 ]  [ 1  0  0  0  0  0  0 ]  [ 0  1  0  0  0  0  0 ]  [ 0  0  1  0  0  0  0 ]  [ 0  0  0  0  0  1  0 ]  [ 0  0  0  0  1  0  0 ]  [ 0  0  0  0  0  0  1 ]  [ 0  0  1  0  0  0  0 ]  [ 0  0  0  0  1  0  0 ]  [ 0  0  0  0  1  0  0 ]  [ 0  0  1  0  0  0  0 ]  [ 0  0  0  0  0  0  1 ]  [ 0  0  0  0  0  1  0 ]  [ 0  0  0  0  1  0  0 ]  [ 0  0  0  0  0  1  0 ]  [ 0  0  0  1  0  0  0 ]  [ 0  0  0  0  0  0  1 ]  [ 1  0  0  0  0  0  0 ]  [ 0  0  1  0  0  0  0 ]  [ 0  0  1  0  0  0  0 ]  [ 0  1  0  0  0  0  0 ]  [ 1  0  0  0  0  0  0 ]  [ 0  0  0  0  0  0  1 ]  [ 0  0  0  0  0  0  1 ]  [ 1  0  0  0  0  0  0 ]  [ 0  0  0  0  1  0  0 ]  [ 0  0  1  0  0  0  0 ]  [ 1  0  0  0  0  0  0 ]  [ 0  0  0  1  0  0  0 ]  [ 0  0  0  0  0  1  0 ]  [ 0  0  0  0  1  0  0 ]  [ 0  0  0  0  0  1  0 ]  [ 0  0  0  0  1  0  0 ]  [ 0  0  0  1  0  0  0 ]  [ 1  0  0  0  0  0  0 ]  [ 0  0  0  1  0  0  0 ]  [ 0  0  0  1  0  0  0 ]  [ 0  0  0  0  0  0  1 ]  [ 0  0  0  0  0  1  0 ]  [ 0  0  0  0  0  0  1 ]  [ 1  0  0  0  0  0  0 ]  [ 0  1  0  0  0  0  0 ]  [ 0  0  1  0  0  0  0 ]  [ 0  0  0  0  0  1  0 ]  [ 0  0  0  0  0  0  1 ]  [ 0  0  0  0  0  0  1 ]  [ 0  0  0  0  1  0  0 ]  [ 0  0  0  0  0  0  1 ]  [ 0  0  1  0  0  0  0 ]  [ 0  0  0  1  0  0  0 ]  [ 0  0  0  0  1  0  0 ]  [ 0  0  0  0  0  1  0 ]  [ 0  0  0  0  1  0  0 ]  [ 1  0  0  0  0  0  0 ]  [ 0  1  0  0  0  0  0 ]  [ 0  1  0  0  0  0  0 ]  [ 0  1  0  0  0  0  0 ]  [ 0  0  0  0  0  1  0 ]  [ 1  0  0  0  0  0  0 ]  [ 0  0  0  0  0  0  1 ]  [ 1  0  0  0  0  0  0 ]  [ 0  0  0  0  0  1  0 ]  [ 1  0  0  0  0  0  0 ]  [ 0  0  0  0  1  0  0 ]  [ 0  1  0  0  0  0  0 ]  [ 0  0  0  0  0  0  1 ]  [ 0  0  1  0  0  0  0 ]  [ 0  0  0  0  1  0  0 ]  [ 0  0  0  0  0  1  0 ]  [ 0  1  0  0  0  0  0 ]  [ 0  0  1  0  0  0  0 ]  [ 0  0  1  0  0  0  0 ]  [ 0  0  0  1  0  0  0 ]  [ 0  0  0  0  1  0  0 ]  [ 0  0  0  1  0  0  0 ]  [ 1  0  0  0  0  0  0 ]  [ 0  0  0  0  0  1  0 ]  [ 0  1  0  0  0  0  0 ]  [ 0  0  0  0  0  1  0 ]  [ 0  1  0  0  0  0  0 ]  [ 0  0  1  0  0  0  0 ]  [ 0  0  0  0  0  1  0 ]  [ 1  0  0  0  0  0  0 ]  [ 0  0  0  1  0  0  0 ]  [ 0  1  0  0  0  0  0 ]  [ 0  0  0  0  0  1  0 ]  [ 0  0  0  0  0  1  0 ]  [ 0  0  1  0  0  0  0 ]  [ 0  0  1  0  0  0  0 ]  [ 1  0  0  0  0  0  0 ]  [ 0  0  0  0  1  0  0 ]  [ 0  0  0  0  1  0  0 ]  [ 0  0  0  0  1  0  0 ]  [ 1  0  0  0  0  0  0 ]  [ 0  0  0  1  0  0  0 ]  [ 0  1  0  0  0  0  0 ]  [ 0  0  0  0  0  0  1 ]  [ 0  1  0  0  0  0  0 ]  [ 1  0  0  0  0  0  0 ]  [ 0  0  0  0  1  0  0 ]  [ 1  0  0  0  0  0  0 ]  [ 0  0  1  0  0  0  0 ]  [ 0  1  0  0  0  0  0 ]  [ 0  1  0  0  0  0  0 ]  [ 0  0  0  0  1  0  0 ]  [ 0  1  0  0  0  0  0 ]  [ 0  0  0  0  1  0  0 ]  [ 0  0  0  0  0  1  0 ]  [ 1  0  0  0  0  0  0 ]  [ 0  0  0  0  0  1  0 ]  [ 0  1  0  0  0  0  0 ]  [ 1  0  0  0  0  0  0 ]  [ 0  1  0  0  0  0  0 ]  [ 0  0  0  0  0  1  0 ]  [ 0  0  0  1  0  0  0 ]  [ 0  0  0  0  0  1  0 ]  [ 0  1  0  0  0  0  0 ]  [ 1  0  0  0  0  0  0 ]  [ 1  0  0  0  0  0  0 ]  [ 0  0  0  0  0  1  0 ]  [ 0  0  0  0  0  1  0 ]  [ 0  0  0  0  1  0  0 ]  [ 0  0  0  1  0  0  0 ]  [ 0  0  0  0  0  1  0 ]  [ 0  0  1  0  0  0  0 ]  [ 0  0  0  1  0  0  0 ]  [ 0  0  0  0  0  0  1 ]  [ 0  1  0  0  0  0  0 ]  [ 0  1  0  0  0  0  0 ]  [ 0  0  0  0  0  1  0 ]  [ 1  0  0  0  0  0  0 ]  [ 0  1  0  0  0  0  0 ]  [ 0  0  0  1  0  0  0 ]  [ 0  0  1  0  0  0  0 ]  [ 1  0  0  0  0  0  0 ]  [ 1  0  0  0  0  0  0 ]  [ 1  0  0  0  0  0  0 ]  [ 0  1  0  0  0  0  0 ]  [ 0  0  0  0  0  1  0 ]  [ 0  0  1  0  0  0  0 ]  [ 0  0  0  1  0  0  0 ]  [ 0  0  0  1  0  0  0 ]  [ 1  0  0  0  0  0  0 ]  [ 1  0  0  0  0  0  0 ]  [ 0  0  0  0  1  0  0 ]  [ 0  0  0  1  0  0  0 ]  [ 0  0  0  1  0  0  0 ]  [ 0  0  0  0  0  1  0 ]  [ 1  0  0  0  0  0  0 ]  [ 0  0  0  1  0  0  0 ]  [ 0  0  0  0  1  0  0 ]  [ 0  1  0  0  0  0  0 ]  [ 0  0  0  0  0  0  1 ]  [ 1  0  0  0  0  0  0 ]  [ 0  0  0  1  0  0  0 ]  [ 0  0  0  0  0  0  1 ]  [ 0  0  0  1  0  0  0 ]  [ 0  0  1  0  0  0  0 ]  [ 0  0  1  0  0  0  0 ]  [ 0  0  0  0  0  1  0 ]  [ 0  0  1  0  0  0  0 ]  [ 0  0  1  0  0  0  0 ]  [ 1  0  0  0  0  0  0 ]  [ 0  0  0  0  0  1  0 ]  [ 1  0  0  0  0  0  0 ]  [ 0  1  0  0  0  0  0 ]  [ 0  0  0  0  1  0  0 ]  [ 0  1  0  0  0  0  0 ]  [ 1  0  0  0  0  0  0 ]  [ 1  0  0  0  0  0  0 ]  [ 0  0  0  0  1  0  0 ]  [ 0  0  0  0  0  0  1 ]  [ 0  1  0  0  0  0  0 ]  [ 0  0  0  0  1  0  0 ]  [ 0  0  0  0  0  0  1 ]  [ 0  0  0  0  0  0  1 ]  [ 0  0  0  1  0  0  0 ]  [ 0  0  0  0  1  0  0 ]  [ 0  0  0  0  0  0  1 ]  [ 0  0  1  0  0  0  0 ]  [ 0  0  0  1  0  0  0 ]  [ 1  0  0  0  0  0  0 ]  [ 0  0  0  1  0  0  0 ]  [ 0  0  0  0  0  1  0 ]  [ 0  1  0  0  0  0  0 ]  [ 1  0  0  0  0  0  0 ]  [ 0  0  0  0  0  1  0 ]  [ 0  0  0  0  0  1  0 ]  [ 0  0  0  0  0  1  0 ]  [ 0  0  1  0  0  0  0 ]  [ 1  0  0  0  0  0  0 ]  [ 0  0  1  0  0  0  0 ]  [ 1  0  0  0  0  0  0 ]  [ 0  0  0  1  0  0  0 ]  [ 0  0  0  1  0  0  0 ]  [ 0  0  0  0  1  0  0 ]  [ 0  0  0  0  1  0  0 ]  [ 0  0  0  1  0  0  0 ]  [ 0  0  0  0  0  0  1 ]  [ 0  0  0  0  0  0  1 ]  [ 0  0  0  0  1  0  0 ]  [ 0  0  0  1  0  0  0 ]  [ 0  0  0  0  1  0  0 ]  [ 1  0  0  0  0  0  0 ]  [ 0  1  0  0  0  0  0 ]  [ 1  0  0  0  0  0  0 ]  [ 1  0  0  0  0  0  0 ]  [ 0  0  0  0  0  1  0 ]  [ 0  0  0  0  1  0  0 ]  [ 0  0  0  0  1  0  0 ]  [ 0  1  0  0  0  0  0 ]  [ 0  0  1  0  0  0  0 ]  [ 0  1  0  0  0  0  0 ]  [ 1  0  0  0  0  0  0 ]  [ 0  0  0  0  0  1  0 ]  [ 0  1  0  0  0  0  0 ]  [ 1  0  0  0  0  0  0 ]  [ 0  1  0  0  0  0  0 ]  [ 0  0  1  0  0  0  0 ]  [ 0  1  0  0  0  0  0 ]  [ 0  0  0  1  0  0  0 ]  [ 1  0  0  0  0  0  0 ]  [ 0  1  0  0  0  0  0 ]  [ 0  0  0  0  0  1  0 ]  [ 1  0  0  0  0  0  0 ]  [ 0  1  0  0  0  0  0 ]  [ 0  0  0  0  0  1  0 ]  [ 0  0  0  0  1  0  0 ]  [ 1  0  0  0  0  0  0 ]  [ 1  0  0  0  0  0  0 ]  [ 1  0  0  0  0  0  0 ]  [ 0  1  0  0  0  0  0 ]  [ 0  1  0  0  0  0  0 ]  [ 0  1  0  0  0  0  0 ]  [ 0  0  0  0  0  0  1 ]  [ 1  0  0  0  0  0  0 ]  [ 0  0  0  0  0  1  0 ]  [ 0  0  1  0  0  0  0 ]  [ 0  1  0  0  0  0  0 ]  [ 0  0  0  0  0  0  1 ]  [ 0  0  0  0  0  0  1 ]  [ 0  1  0  0  0  0  0 ]  [ 0  0  0  1  0  0  0 ]  [ 0  0  0  1  0  0  0 ]  [ 0  0  1  0  0  0  0 ]  [ 0  0  0  0  1  0  0 ]  [ 1  0  0  0  0  0  0 ]  [ 0  1  0  0  0  0  0 ]  [ 0  0  1  0  0  0  0 ]  [ 1  0  0  0  0  0  0 ]  [ 0  0  0  0  1  0  0 ]  [ 0  0  0  0  0  0  1 ]  [ 0  0  1  0  0  0  0 ]  [ 0  0  0  0  1  0  0 ]  [ 0  1  0  0  0  0  0 ]  [ 0  1  0  0  0  0  0 ]  [ 0  0  1  0  0  0  0 ]  [ 0  0  0  0  1  0  0 ]  [ 0  0  1  0  0  0  0 ]  [ 0  0  0  0  0  0  1 ]  [ 0  0  0  1  0  0  0 ]  [ 0  0  0  0  0  1  0 ]  [ 1  0  0  0  0  0  0 ]  [ 0  0  0  0  1  0  0 ]  [ 0  0  0  0  1  0  0 ]  [ 0  0  0  0  0  1  0 ]  [ 0  0  0  0  0  1  0 ]  [ 0  1  0  0  0  0  0 ]  [ 0  0  1  0  0  0  0 ]  [ 0  0  0  0  0  1  0 ]  [ 1  0  0  0  0  0  0 ]  [ 0  0  0  0  1  0  0 ]  [ 1  0  0  0  0  0  0 ]  [ 0  0  0  0  0  1  0 ]  [ 0  1  0  0  0  0  0 ]  [ 0  0  0  0  1  0  0 ]  [ 0  1  0  0  0  0  0 ]  [ 0  0  0  0  0  0  1 ]  [ 0  0  0  1  0  0  0 ]  [ 0  0  1  0  0  0  0 ]  [ 1  0  0  0  0  0  0 ]  [ 1  0  0  0  0  0  0 ]  [ 0  0  0  1  0  0  0 ]  [ 0  0  0  0  1  0  0 ]  [ 0  0  0  0  0  1  0 ]  [ 0  1  0  0  0  0  0 ]  [ 0  0  0  0  1  0  0 ]  [ 0  0  0  0  0  1  0 ]  [ 0  1  0  0  0  0  0 ]  [ 0  0  0  1  0  0  0 ]  [ 0  0  0  0  0  0  1 ]  [ 0  0  1  0  0  0  0 ]  [ 0  0  0  1  0  0  0 ]  [ 0  0  0  0  0  1  0 ]  [ 1  0  0  0  0  0  0 ]  [ 0  0  1  0  0  0  0 ]  [ 0  0  0  0  1  0  0 ]  [ 0  0  1  0  0  0  0 ]  [ 1  0  0  0  0  0  0 ]  [ 0  0  0  1  0  0  0 ]  [ 0  0  1  0  0  0  0 ]  [ 0  0  0  1  0  0  0 ]  [ 1  0  0  0  0  0  0 ]  [ 0  1  0  0  0  0  0 ]  [ 1  0  0  0  0  0  0 ]  [ 0  0  0  0  0  0  1 ]  [ 0  0  1  0  0  0  0 ]  [ 0  0  0  0  0  1  0 ]  [ 0  0  0  0  0  0  1 ]  [ 1  0  0  0  0  0  0 ]  [ 0  0  0  1  0  0  0 ]  [ 0  0  0  1  0  0  0 ]  [ 0  0  0  0  1  0  0 ]  [ 0  0  1  0  0  0  0 ]  [ 1  0  0  0  0  0  0 ]  [ 0  0  0  0  0  1  0 ]  [ 0  0  0  0  0  0  1 ]  [ 0  1  0  0  0  0  0 ]  [ 1  0  0  0  0  0  0 ]  [ 0  0  1  0  0  0  0 ]  [ 0  0  0  0  1  0  0 ]  [ 0  0  0  1  0  0  0 ]  [ 0  0  0  0  1  0  0 ]  [ 0  0  1  0  0  0  0 ]  [ 0  0  0  0  1  0  0 ]  [ 0  0  0  1  0  0  0 ]  [ 0  0  0  1  0  0  0 ]  [ 0  0  1  0  0  0  0 ]  [ 0  0  0  0  0  1  0 ]  [ 0  0  0  0  0  1  0 ]  [ 1  0  0  0  0  0  0 ]  [ 0  1  0  0  0  0  0 ]  [ 0  0  0  0  0  1  0 ]  [ 1  0  0  0  0  0  0 ]  [ 0  0  0  1  0  0  0 ]  [ 0  0  0  1  0  0  0 ]  [ 1  0  0  0  0  0  0 ]  [ 1  0  0  0  0  0  0 ]  [ 0  1  0  0  0  0  0 ]  [ 1  0  0  0  0  0  0 ]  [ 0  0  1  0  0  0  0 ]  [ 1  0  0  0  0  0  0 ]  [ 0  1  0  0  0  0  0 ]  [ 0  1  0  0  0  0  0 ]  [ 0  0  0  0  1  0  0 ]  [ 0  0  1  0  0  0  0 ]  [ 0  0  0  1  0  0  0 ]  [ 0  0  1  0  0  0  0 ]  [ 0  0  0  0  0  0  1 ]  [ 0  0  0  0  0  0  1 ]  [ 0  0  0  0  0  0  1 ]  [ 0  0  0  0  0  1  0 ]  [ 0  0  0  0  1  0  0 ]  [ 0  0  0  0  1  0  0 ]  [ 0  0  0  0  1  0  0 ]  [ 0  0  1  0  0  0  0 ]  [ 0  0  0  1  0  0  0 ]  [ 0  0  0  1  0  0  0 ]  [ 0  0  0  1  0  0  0 ]  [ 0  1  0  0  0  0  0 ]  [ 0  0  0  1  0  0  0 ]  [ 0  1  0  0  0  0  0 ]  [ 0  0  0  0  0  1  0 ]  [ 0  0  0  0  0  1  0 ]  [ 0  1  0  0  0  0  0 ]  [ 1  0  0  0  0  0  0 ]  [ 0  0  0  1  0  0  0 ]  [ 0  0  0  0  0  1  0 ]  [ 1  0  0  0  0  0  0 ]  [ 0  0  0  1  0  0  0 ]  [ 0  0  1  0  0  0  0 ]  [ 0  0  0  1  0  0  0 ]  [ 0  0  0  0  1  0  0 ]  [ 0  0  0  0  1  0  0 ]  [ 1  0  0  0  0  0  0 ]  [ 0  0  0  0  0  0  1 ]  [ 0  0  1  0  0  0  0 ]  [ 0  0  0  0  0  1  0 ]  [ 0  0  0  0  1  0  0 ]  [ 0  0  0  0  0  1  0 ]  [ 0  0  1  0  0  0  0 ]  [ 0  0  0  0  0  1  0 ]  [ 0  0  0  0  0  0  1 ]  [ 0  0  0  0  0  1  0 ]  [ 0  0  0  0  0  0  1 ]  [ 0  0  1  0  0  0  0 ]  [ 0  0  1  0  0  0  0 ]  [ 0  0  0  0  1  0  0 ]  [ 0  0  0  0  1  0  0 ]  [ 0  0  0  0  0  1  0 ]  [ 0  0  1  0  0  0  0 ]  [ 0  0  0  0  0  1  0 ]  [ 0  0  0  0  0  0  1 ]  [ 1  0  0  0  0  0  0 ]  [ 0  0  0  0  0  0  1 ]  [ 1  0  0  0  0  0  0 ]  [ 0  0  0  0  0  0  1 ]  [ 0  0  0  1  0  0  0 ]  [ 0  1  0  0  0  0  0 ]  [ 0  1  0  0  0  0  0 ]  [ 0  1  0  0  0  0  0 ]  [ 0  0  0  0  1  0  0 ]  [ 0  0  1  0  0  0  0 ]  [ 0  0  0  0  0  0  1 ]  [ 0  0  0  0  1  0  0 ]  [ 0  0  1  0  0  0  0 ]  [ 0  0  1  0  0  0  0 ]  [ 0  0  0  1  0  0  0 ]  [ 0  0  0  1  0  0  0 ]  [ 0  0  0  0  0  0  1 ]  [ 0  0  0  0  0  1  0 ]  [ 0  1  0  0  0  0  0 ]  [ 0  0  0  1  0  0  0 ]  [ 0  0  0  0  0  1  0 ]  [ 0  1  0  0  0  0  0 ]  [ 0  0  0  0  0  0  1 ]  [ 1  0  0  0  0  0  0 ]  [ 1  0  0  0  0  0  0 ]  [ 0  0  0  1  0  0  0 ]  [ 0  0  0  0  0  1  0 ]  [ 0  0  0  0  0  0  1 ]  [ 0  0  0  0  0  0  1 ]  [ 0  0  0  0  0  1  0 ]  [ 1  0  0  0  0  0  0 ]  [ 0  0  0  1  0  0  0 ]  [ 0  0  0  0  0  0  1 ]  [ 0  0  1  0  0  0  0 ]  [ 1  0  0  0  0  0  0 ]  [ 0  1  0  0  0  0  0 ]  [ 1  0  0  0  0  0  0 ]  [ 0  0  0  1  0  0  0 ]  [ 0  1  0  0  0  0  0 ]  [ 0  1  0  0  0  0  0 ]  [ 0  0  1  0  0  0  0 ]  [ 0  0  0  0  1  0  0 ]  [ 1  0  0  0  0  0  0 ]  [ 0  0  1  0  0  0  0 ]  [ 1  0  0  0  0  0  0 ]  [ 0  0  0  0  1  0  0 ]  [ 0  1  0  0  0  0  0 ]  [ 0  0  0  0  0  0  1 ]  [ 0  0  0  1  0  0  0 ]  [ 0  0  1  0  0  0  0 ]  [ 0  0  0  0  0  0  1 ]  [ 1  0  0  0  0  0  0 ]  [ 0  0  0  1  0  0  0 ]  [ 0  0  0  0  0  0  1 ]  [ 0  0  0  1  0  0  0 ]  [ 0  1  0  0  0  0  0 ]  [ 1  0  0  0  0  0  0 ]  [ 1  0  0  0  0  0  0 ]  [ 0  0  0  0  0  1  0 ]  [ 0  0  0  0  0  1  0 ]  [ 0  0  1  0  0  0  0 ]  [ 0  0  0  0  0  0  1 ]  [ 0  0  0  0  1  0  0 ]  [ 0  0  0  0  1  0  0 ]  [ 0  0  1  0  0  0  0 ]  [ 0  0  0  0  0  0  1 ]  [ 0  0  1  0  0  0  0 ]  [ 0  0  0  0  0  1  0 ]  [ 1  0  0  0  0  0  0 ]  [ 0  0  0  1  0  0  0 ]  [ 0  0  0  0  1  0  0 ]  [ 1  0  0  0  0  0  0 ]  [ 0  0  0  0  1  0  0 ]  [ 0  0  0  1  0  0  0 ]  [ 1  0  0  0  0  0  0 ]  [ 1  0  0  0  0  0  0 ]  [ 1  0  0  0  0  0  0 ]  [ 0  0  1  0  0  0  0 ]  [ 0  0  1  0  0  0  0 ]  [ 0  0  0  0  0  1  0 ]  [ 0  0  0  0  0  0  1 ]  [ 0  0  0  0  0  1  0 ]  [ 0  0  1  0  0  0  0 ]  [ 0  1  0  0  0  0  0 ]  [ 0  1  0  0  0  0  0 ]  [ 0  1  0  0  0  0  0 ]  [ 0  0  0  0  0  0  1 ]  [ 0  0  0  0  0  0  1 ]  [ 0  1  0  0  0  0  0 ]  [ 0  0  1  0  0  0  0 ]  [ 0  0  0  0  0  0  1 ]  [ 0  0  1  0  0  0  0 ]  [ 0  0  1  0  0  0  0 ]  [ 0  0  0  0  1  0  0 ]  [ 0  0  0  0  0  1  0 ]  [ 0  0  0  0  0  1  0 ]  [ 0  0  0  1  0  0  0 ]  [ 0  1  0  0  0  0  0 ]  [ 0  0  1  0  0  0  0 ]  [ 0  1  0  0  0  0  0 ]  [ 0  0  1  0  0  0  0 ]  [ 1  0  0  0  0  0  0 ]  [ 0  0  0  1  0  0  0 ]  [ 0  0  0  0  1  0  0 ]  [ 0  0  0  0  0  0  1 ]  [ 0  0  0  0  0  1  0 ]  [ 0  0  0  0  0  1  0 ]  [ 0  0  0  0  0  1  0 ]  [ 0  0  0  0  1  0  0 ]  [ 0  0  0  0  0  0  1 ]  [ 0  0  0  0  0  0  1 ]  [ 0  0  0  1  0  0  0 ]  [ 0  1  0  0  0  0  0 ]  [ 0  0  0  1  0  0  0 ]  [ 0  0  0  0  0  0  1 ]  [ 0  1  0  0  0  0  0 ]  [ 0  0  0  0  0  0  1 ]  [ 0  1  0  0  0  0  0 ]  [ 0  0  0  0  0  0  1 ]  [ 0  0  0  1  0  0  0 ]  [ 1  0  0  0  0  0  0 ]  [ 0  1  0  0  0  0  0 ]  [ 0  0  0  0  1  0  0 ]  [ 1  0  0  0  0  0  0 ]  [ 0  0  0  0  0  0  1 ]  [ 0  0  0  0  0  1  0 ]  [ 0  0  0  0  0  1  0 ]  [ 0  0  0  0  0  1  0 ]  [ 0  0  0  0  0  1  0 ]  [ 0  0  0  0  0  1  0 ]  [ 0  0  0  1  0  0  0 ]  [ 0  0  0  0  0  0  1 ]  [ 0  0  0  0  0  1  0 ]  [ 0  0  0  0  0  1  0 ]  [ 0  1  0  0  0  0  0 ]  [ 0  0  0  0  0  1  0 ]  [ 1  0  0  0  0  0  0 ]  [ 0  0  0  0  1  0  0 ]  [ 0  0  0  0  0  1  0 ]  [ 0  0  0  0  1  0  0 ]  [ 0  0  0  1  0  0  0 ]  [ 0  0  1  0  0  0  0 ]  [ 1  0  0  0  0  0  0 ]  [ 0  0  1  0  0  0  0 ]  [ 0  0  1  0  0  0  0 ]  [ 1  0  0  0  0  0  0 ]  [ 0  0  1  0  0  0  0 ]  [ 0  1  0  0  0  0  0 ]  [ 0  0  0  0  0  0  1 ]  [ 0  0  0  1  0  0  0 ]  [ 0  0  0  1  0  0  0 ]  [ 1  0  0  0  0  0  0 ]  [ 0  0  0  0  0  1  0 ]  [ 0  0  0  1  0  0  0 ]  [ 0  0  0  0  0  0  1 ]  [ 0  0  0  0  1  0  0 ]  [ 0  0  0  0  0  1  0 ]  [ 0  0  1  0  0  0  0 ]  [ 0  0  0  0  1  0  0 ]  [ 0  0  1  0  0  0  0 ]  [ 0  0  1  0  0  0  0 ]  [ 0  0  1  0  0  0  0 ]  [ 1  0  0  0  0  0  0 ]  [ 0  0  0  0  0  0  1 ]  [ 0  0  0  0  1  0  0 ]  [ 0  0  0  0  0  0  1 ]  [ 1  0  0  0  0  0  0 ]  [ 0  0  0  0  0  1  0 ]  [ 0  0  0  0  0  1  0 ]  [ 0  1  0  0  0  0  0 ]  [ 0  0  1  0  0  0  0 ]  [ 0  0  0  0  0  1  0 ]  [ 0  0  0  0  1  0  0 ]  [ 0  1  0  0  0  0  0 ]  [ 0  0  0  0  0  0  1 ]  [ 1  0  0  0  0  0  0 ]  [ 0  0  0  0  0  0  1 ]  [ 0  0  0  0  1  0  0 ]  [ 0  0  0  0  0  1  0 ]  [ 0  0  1  0  0  0  0 ]  [ 0  0  0  0  0  1  0 ]  [ 0  0  0  1  0  0  0 ]  [ 0  0  1  0  0  0  0 ]  [ 0  0  0  0  0  1  0 ]  [ 0  0  1  0  0  0  0 ]  [ 0  0  0  0  0  0  1 ]  [ 0  0  0  0  1  0  0 ]  [ 0  0  0  0  1  0  0 ]  [ 1  0  0  0  0  0  0 ]  [ 0  0  0  0  0  1  0 ]  [ 0  1  0  0  0  0  0 ]  [ 1  0  0  0  0  0  0 ]  [ 0  0  0  0  0  1  0 ]  [ 1  0  0  0  0  0  0 ]  [ 0  0  1  0  0  0  0 ]  [ 1  0  0  0  0  0  0 ]  [ 1  0  0  0  0  0  0 ]  [ 1  0  0  0  0  0  0 ]  [ 0  0  0  0  1  0  0 ]  [ 0  1  0  0  0  0  0 ]  [ 0  0  0  0  0  0  1 ]  [ 0  0  0  0  1  0  0 ]  [ 1  0  0  0  0  0  0 ]  [ 0  1  0  0  0  0  0 ]  [ 0  1  0  0  0  0  0 ]  [ 1  0  0  0  0  0  0 ]  [ 0  0  0  1  0  0  0 ]  [ 0  0  0  0  0  1  0 ]  [ 0  0  1  0  0  0  0 ]  [ 1  0  0  0  0  0  0 ]  [ 0  1  0  0  0  0  0 ]  [ 0  1  0  0  0  0  0 ]  [ 0  0  0  1  0  0  0 ]  [ 0  0  0  1  0  0  0 ]  [ 0  0  0  0  0  0  1 ]  [ 1  0  0  0  0  0  0 ]  [ 0  0  0  0  0  1  0 ]  [ 0  0  0  0  0  1  0 ]  [ 0  0  0  0  0  1  0 ]  [ 0  0  0  0  1  0  0 ]  [ 0  0  1  0  0  0  0 ]  [ 1  0  0  0  0  0  0 ]  [ 0  0  1  0  0  0  0 ]  [ 0  1  0  0  0  0  0 ]  [ 0  0  0  0  1  0  0 ]  [ 0  0  0  0  0  0  1 ]  [ 0  0  0  0  1  0  0 ]  [ 0  0  0  1  0  0  0 ]  [ 0  0  1  0  0  0  0 ]  [ 0  0  0  0  0  1  0 ]  [ 0  0  0  1  0  0  0 ]  [ 0  0  0  0  1  0  0 ]  [ 0  0  0  0  0  0  1 ]  [ 0  1  0  0  0  0  0 ]  [ 1  0  0  0  0  0  0 ]  [ 0  0  0  0  1  0  0 ]  [ 0  0  0  0  1  0  0 ]  [ 1  0  0  0  0  0  0 ]  [ 1  0  0  0  0  0  0 ]  [ 0  0  0  0  1  0  0 ]  [ 0  0  0  0  0  1  0 ]  [ 0  0  0  0  0  0  1 ]  [ 0  0  0  0  1  0  0 ]  [ 0  0  0  0  1  0  0 ]  [ 1  0  0  0  0  0  0 ]  [ 0  0  0  0  1  0  0 ]  [ 0  1  0  0  0  0  0 ]  [ 0  0  0  1  0  0  0 ]  [ 0  1  0  0  0  0  0 ]  [ 0  0  0  1  0  0  0 ]  [ 0  1  0  0  0  0  0 ]  [ 0  0  0  1  0  0  0 ]  [ 0  0  1  0  0  0  0 ]  [ 1  0  0  0  0  0  0 ]  [ 1  0  0  0  0  0  0 ]  [ 0  0  0  0  0  1  0 ]  [ 0  0  1  0  0  0  0 ]  [ 0  0  0  0  1  0  0 ]  [ 0  0  0  0  1  0  0 ]  [ 0  0  0  1  0  0  0 ]  [ 0  0  0  0  1  0  0 ]  [ 0  0  0  0  1  0  0 ]  [ 0  1  0  0  0  0  0 ]  [ 0  0  0  1  0  0  0 ]  [ 0  0  1  0  0  0  0 ]  [ 0  0  1  0  0  0  0 ]  [ 0  0  0  0  0  0  1 ]  [ 0  0  0  0  1  0  0 ]  [ 0  1  0  0  0  0  0 ]  [ 0  0  0  1  0  0  0 ]  [ 0  0  0  0  1  0  0 ]  [ 0  0  1  0  0  0  0 ]  [ 0  1  0  0  0  0  0 ]  [ 0  0  0  1  0  0  0 ]  [ 0  0  1  0  0  0  0 ]  [ 0  0  0  1  0  0  0 ]  [ 0  0  0  0  1  0  0 ]  [ 0  0  0  1  0  0  0 ]  [ 0  0  1  0  0  0  0 ]  [ 0  0  0  0  0  0  1 ]  [ 0  0  0  0  0  1  0 ]  [ 0  1  0  0  0  0  0 ]  [ 0  1  0  0  0  0  0 ]  [ 0  1  0  0  0  0  0 ]  [ 1  0  0  0  0  0  0 ]  [ 0  0  0  0  0  1  0 ]  [ 0  1  0  0  0  0  0 ]  [ 0  0  1  0  0  0  0 ]  [ 0  0  0  1  0  0  0 ]  [ 0  0  1  0  0  0  0 ]  [ 1  0  0  0  0  0  0 ]  [ 0  0  0  0  0  1  0 ]  [ 0  1  0  0  0  0  0 ]  [ 1  0  0  0  0  0  0 ]  [ 0  0  0  0  0  1  0 ]  [ 0  0  0  1  0  0  0 ]  [ 0  0  0  1  0  0  0 ]  [ 0  0  0  0  0  0  1 ]  [ 0  0  0  0  0  1  0 ]  [ 0  0  1  0  0  0  0 ]  [ 0  0  0  0  1  0  0 ]  [ 0  1  0  0  0  0  0 ]  [ 1  0  0  0  0  0  0 ]  [ 0  0  0  0  1  0  0 ]  [ 0  0  0  0  1  0  0 ]  [ 0  0  0  0  1  0  0 ]  [ 0  1  0  0  0  0  0 ]  [ 0  0  0  0  0  1  0 ]  [ 0  0  0  0  1  0  0 ]  [ 1  0  0  0  0  0  0 ]  [ 0  0  1  0  0  0  0 ]  [ 0  0  0  1  0  0  0 ]  [ 0  0  0  1  0  0  0 ]  [ 0  0  0  0  0  0  1 ]  [ 1  0  0  0  0  0  0 ]  [ 0  0  0  0  0  0  1 ]  [ 0  0  0  0  1  0  0 ]  [ 0  0  0  0  0  1  0 ]  [ 0  0  0  0  0  0  1 ]  [ 0  0  0  1  0  0  0 ]  [ 0  1  0  0  0  0  0 ]  [ 0  0  0  1  0  0  0 ]  [ 0  0  1  0  0  0  0 ]  [ 0  0  0  0  0  1  0 ]  [ 0  0  0  0  0  0  1 ]  [ 1  0  0  0  0  0  0 ]  [ 0  0  0  0  0  1  0 ]  [ 1  0  0  0  0  0  0 ]  [ 0  0  0  0  1  0  0 ]  [ 0  0  0  1  0  0  0 ]  [ 0  0  0  0  1  0  0 ]  [ 1  0  0  0  0  0  0 ]  [ 1  0  0  0  0  0  0 ]  [ 0  1  0  0  0  0  0 ]  [ 0  0  0  0  0  1  0 ]  [ 0  0  0  0  0  0  1 ]  [ 0  1  0  0  0  0  0 ]  [ 0  1  0  0  0  0  0 ]  [ 0  0  0  1  0  0  0 ]  [ 1  0  0  0  0  0  0 ]  [ 0  0  0  0  0  0  1 ]  [ 0  0  1  0  0  0  0 ]  [ 0  0  0  0  0  1  0 ]  [ 0  0  1  0  0  0  0 ]  [ 0  0  0  0  0  0  1 ]  [ 0  0  1  0  0  0  0 ]  [ 0  0  0  0  0  0  1 ]  [ 0  0  0  1  0  0  0 ]  [ 0  0  0  0  1  0  0 ]  [ 0  0  0  0  1  0  0 ]  [ 0  0  0  1  0  0  0 ]  [ 0  0  0  0  1  0  0 ]  [ 0  1  0  0  0  0  0 ]  [ 0  0  0  1  0  0  0 ]  [ 1  0  0  0  0  0  0 ]  [ 0  0  1  0  0  0  0 ]  [ 0  0  0  0  0  1  0 ]  [ 0  1  0  0  0  0  0 ]  [ 0  0  0  1  0  0  0 ]  [ 0  0  0  0  0  0  1 ]  [ 1  0  0  0  0  0  0 ]  [ 0  0  0  0  0  1  0 ]  [ 0  1  0  0  0  0  0 ]  [ 0  0  0  1  0  0  0 ]  [ 1  0  0  0  0  0  0 ]  [ 1  0  0  0  0  0  0 ]  [ 0  0  0  1  0  0  0 ]  [ 0  0  0  0  1  0  0 ]  [ 0  0  0  0  0  1  0 ]  [ 0  0  1  0  0  0  0 ]  [ 0  0  0  1  0  0  0 ]  [ 0  0  0  0  1  0  0 ]  [ 0  0  0  0  0  0  1 ]  [ 0  0  0  0  0  0  1 ]  [ 0  0  1  0  0  0  0 ]  [ 0  0  0  1  0  0  0 ]  [ 0  0  0  0  0  1  0 ]  [ 0  0  0  0  0  0  1 ]  [ 0  0  0  0  1  0  0 ]  [ 0  0  0  0  0  0  1 ]  [ 0  0  0  0  0  1  0 ]  [ 1  0  0  0  0  0  0 ]  [ 0  1  0  0  0  0  0 ]  [ 0  0  0  0  1  0  0 ]  [ 0  0  0  0  1  0  0 ]  [ 0  0  0  0  0  0  1 ]  [ 0  0  0  1  0  0  0 ]  [ 0  0  1  0  0  0  0 ]  [ 0  1  0  0  0  0  0 ]  [ 0  0  0  0  1  0  0 ]  [ 1  0  0  0  0  0  0 ]  [ 1  0  0  0  0  0  0 ]  [ 0  0  0  0  0  0  1 ]  [ 0  0  0  0  0  0  1 ]  [ 1  0  0  0  0  0  0 ]  [ 0  0  1  0  0  0  0 ]  [ 0  0  0  0  0  1  0 ]  [ 0  0  0  0  0  0  1 ]  [ 0  1  0  0  0  0  0 ]  [ 0  1  0  0  0  0  0 ]  [ 0  0  0  1  0  0  0 ]  [ 0  0  0  0  0  0  1 ]  [ 0  0  0  1  0  0  0 ]  [ 0  0  0  0  0  1  0 ]  [ 0  0  0  1  0  0  0 ]  [ 0  0  0  0  0  1  0 ]  [ 0  1  0  0  0  0  0 ]  [ 0  0  0  0  0  1  0 ]  [ 0  0  0  1  0  0  0 ]  [ 0  0  0  0  0  0  1 ] ];

ObjRequests = {  <1,3,5>, <2,3,88>, <3,3,37>, <4,3,53>, <5,3,31>, <6,3,47>, <7,3,5>, <8,3,12>, <9,3,3>, <10,3,74>, <11,3,52>, <12,3,31>, <13,3,26>, <14,3,5>, <15,3,15>, <16,3,8>, <17,3,22>, <18,3,27>, <19,3,8>, <20,3,11>, <21,3,20>, <22,3,18>, <23,3,1>, <24,3,11>, <25,3,3>, <26,3,6>, <27,3,9>, <28,3,2>, <29,3,11>, <30,3,10>, <31,3,21>, <32,3,8>, <33,3,3>, <34,3,6>, <35,3,13>, <36,3,2>, <37,3,13>, <39,3,1>, <40,3,7>, <42,3,4>, <43,3,2>, <45,3,3>, <46,3,1>, <47,3,7>, <49,3,2>, <50,3,11>, <51,3,11>, <52,3,7>, <53,3,2>, <54,3,2>, <55,3,1>, <56,3,14>, <57,3,8>, <58,3,3>, <60,3,2>, <61,3,4>, <62,3,6>, <63,3,17>, <64,3,3>, <65,3,7>, <66,3,7>, <67,3,6>, <68,3,11>, <70,3,7>, <71,3,3>, <72,3,3>, <73,3,1>, <74,3,7>, <78,3,5>, <79,3,1>, <80,3,7>, <82,3,3>, <83,3,1>, <84,3,1>, <85,3,3>, <86,3,1>, <87,3,3>, <88,3,4>, <89,3,4>, <90,3,2>, <91,3,3>, <92,3,2>, <93,3,5>, <94,3,1>, <95,3,4>, <96,3,4>, <97,3,3>, <98,3,2>, <99,3,4>, <100,3,1>, <101,3,2>, <103,3,5>, <104,3,1>, <106,3,1>, <107,3,2>, <108,3,1>, <109,3,3>, <110,3,1>, <112,3,2>, <113,3,4>, <115,3,1>, <116,3,1>, <117,3,2>, <118,3,1>, <119,3,1>, <120,3,2>, <122,3,1>, <123,3,1>, <126,3,3>, <127,3,3>, <128,3,2>, <130,3,1>, <131,3,3>, <132,3,2>, <133,3,4>, <135,3,3>, <136,3,3>, <137,3,1>, <138,3,2>, <140,3,2>, <141,3,3>, <143,3,1>, <144,3,1>, <145,3,1>, <146,3,3>, <147,3,5>, <148,3,5>, <149,3,1>, <152,3,2>, <153,3,3>, <154,3,1>, <155,3,2>, <157,3,1>, <158,3,1>, <159,3,3>, <160,3,1>, <161,3,1>, <162,3,3>, <163,3,2>, <164,3,1>, <167,3,1>, <171,3,1>, <172,3,2>, <173,3,2>, <174,3,3>, <175,3,1>, <176,3,1>, <178,3,1>, <180,3,1>, <181,3,4>, <184,3,4>, <185,3,1>, <187,3,1>, <188,3,4>, <189,3,2>, <190,3,1>, <191,3,2>, <192,3,1>, <193,3,1>, <195,3,1>, <200,3,3>, <201,3,1>, <202,3,1>, <204,3,2>, <207,3,1>, <209,3,1>, <210,3,3>, <212,3,1>, <213,3,3>, <214,3,1>, <217,3,1>, <218,3,2>, <220,3,2>, <222,3,1>, <223,3,2>, <225,3,1>, <226,3,2>, <227,3,1>, <233,3,2>, <234,3,1>, <235,3,1>, <236,3,1>, <237,3,1>, <239,3,1>, <240,3,1>, <241,3,4>, <243,3,1>, <244,3,1>, <253,3,1>, <254,3,1>, <255,3,1>, <258,3,1>, <262,3,1>, <266,3,1>, <267,3,2>, <269,3,1>, <273,3,1>, <274,3,3>, <275,3,1>, <277,3,2>, <278,3,1>, <280,3,5>, <282,3,1>, <283,3,1>, <284,3,1>, <285,3,1>, <287,3,1>, <290,3,3>, <292,3,1>, <294,3,2>, <295,3,1>, <299,3,2>, <300,3,3>, <301,3,1>, <302,3,2>, <303,3,2>, <304,3,1>, <305,3,1>, <309,3,2>, <311,3,2>, <312,3,1>, <314,3,3>, <315,3,1>, <318,3,2>, <319,3,2>, <321,3,1>, <323,3,1>, <325,3,1>, <328,3,1>, <331,3,2>, <332,3,1>, <336,3,1>, <337,3,1>, <342,3,1>, <346,3,1>, <347,3,1>, <348,3,1>, <349,3,1>, <350,3,1>, <351,3,1>, <352,3,2>, <358,3,2>, <361,3,1>, <366,3,1>, <370,3,2>, <377,3,1>, <383,3,1>, <389,3,1>, <391,3,1>, <392,3,1>, <394,3,1>, <397,3,1>, <399,3,1>, <400,3,1>, <401,3,2>, <404,3,2>, <412,3,2>, <415,3,1>, <416,3,1>, <417,3,1>, <421,3,1>, <428,3,1>, <429,3,1>, <431,3,1>, <433,3,1>, <439,3,1>, <440,3,1>, <441,3,1>, <443,3,1>, <445,3,1>, <449,3,1>, <450,3,1>, <454,3,2>, <462,3,2>, <463,3,1>, <464,3,1>, <466,3,1>, <467,3,1>, <474,3,1>, <476,3,1>, <477,3,1>, <479,3,1>, <480,3,1>, <481,3,1>, <482,3,1>, <484,3,1>, <485,3,1>, <489,3,1>, <491,3,1>, <492,3,1>, <493,3,2>, <495,3,1>, <496,3,1>, <500,3,1>, <502,3,1>, <505,3,1>, <506,3,2>, <508,3,1>, <517,3,1>, <519,3,1>, <533,3,1>, <536,3,1>, <539,3,1>, <541,3,2>, <557,3,1>, <567,3,1>, <568,3,1>, <570,3,1>, <571,3,1>, <574,3,1>, <581,3,2>, <582,3,1>, <583,3,1>, <586,3,1>, <587,3,1>, <589,3,1>, <591,3,1>, <599,3,1>, <601,3,1>, <603,3,1>, <612,3,1>, <616,3,1>, <619,3,1>, <620,3,1>, <624,3,1>, <629,3,1>, <634,3,1>, <638,3,1>, <644,3,1>, <645,3,1>, <646,3,1>, <647,3,1>, <662,3,1>, <663,3,1>, <666,3,1>, <667,3,1>, <668,3,1>, <669,3,1>, <673,3,1>, <678,3,1>, <683,3,1>, <685,3,1>, <699,3,1>, <701,3,2>, <715,3,1>, <716,3,1>, <729,3,1>, <734,3,1>, <737,3,1>, <740,3,1>, <741,3,2>, <742,3,1>, <755,3,1>, <763,3,1>, <769,3,2>, <773,3,1>, <777,3,1>, <782,3,1>, <784,3,1>, <786,3,1>, <788,3,1>, <790,3,1>, <792,3,1>, <793,3,1>, <794,3,1>, <808,3,1>, <812,3,1>, <822,3,1>, <832,3,1>, <841,3,1>, <852,3,1>, <861,3,1>, <867,3,1>, <872,3,2>, <873,3,1>, <875,3,1>, <880,3,2>, <887,3,1>, <905,3,1>, <911,3,1>, <913,3,1>, <920,3,1>, <925,3,1>, <930,3,1>, <960,3,1>, <962,3,1>, <968,3,1>, <974,3,1>, <977,3,1>, <986,3,1>, <996,3,2>, <1,4,239>, <2,4,235>, <3,4,68>, <4,4,6>, <5,4,48>, <6,4,11>, <7,4,114>, <8,4,12>, <9,4,4>, <10,4,7>, <11,4,6>, <12,4,18>, <13,4,5>, <14,4,28>, <15,4,8>, <16,4,12>, <17,4,2>, <18,4,1>, <19,4,14>, <20,4,17>, <21,4,13>, <22,4,5>, <23,4,12>, <24,4,4>, <25,4,1>, <26,4,4>, <27,4,2>, <28,4,2>, <29,4,4>, <30,4,8>, <31,4,5>, <32,4,7>, <33,4,1>, <34,4,2>, <35,4,1>, <36,4,13>, <37,4,3>, <38,4,4>, <39,4,2>, <40,4,1>, <42,4,2>, <43,4,15>, <44,4,10>, <45,4,1>, <46,4,12>, <47,4,4>, <48,4,9>, <49,4,2>, <50,4,6>, <52,4,8>, <53,4,1>, <54,4,11>, <55,4,2>, <57,4,7>, <58,4,3>, <59,4,9>, <60,4,1>, <61,4,7>, <62,4,2>, <63,4,3>, <64,4,2>, <65,4,6>, <66,4,5>, <67,4,1>, <68,4,1>, <69,4,1>, <70,4,3>, <71,4,1>, <72,4,1>, <73,4,10>, <74,4,3>, <75,4,5>, <76,4,3>, <77,4,1>, <78,4,3>, <79,4,3>, <80,4,2>, <81,4,6>, <83,4,1>, <84,4,2>, <85,4,1>, <86,4,1>, <89,4,3>, <90,4,6>, <93,4,1>, <94,4,1>, <95,4,1>, <97,4,1>, <98,4,1>, <99,4,9>, <100,4,10>, <101,4,1>, <102,4,3>, <103,4,2>, <104,4,2>, <105,4,3>, <106,4,3>, <107,4,8>, <108,4,2>, <109,4,2>, <110,4,4>, <111,4,1>, <112,4,3>, <113,4,2>, <114,4,1>, <115,4,4>, <117,4,1>, <119,4,1>, <120,4,2>, <121,4,2>, <123,4,2>, <125,4,3>, <126,4,3>, <127,4,2>, <128,4,1>, <131,4,1>, <132,4,1>, <133,4,2>, <134,4,4>, <135,4,5>, <136,4,2>, <137,4,1>, <138,4,2>, <140,4,1>, <144,4,1>, <147,4,1>, <148,4,2>, <150,4,5>, <151,4,1>, <152,4,4>, <153,4,1>, <154,4,5>, <157,4,3>, <158,4,1>, <160,4,1>, <161,4,3>, <162,4,1>, <164,4,7>, <165,4,2>, <166,4,3>, <167,4,2>, <168,4,1>, <170,4,2>, <171,4,1>, <172,4,4>, <174,4,1>, <175,4,1>, <176,4,2>, <177,4,5>, <179,4,1>, <181,4,2>, <182,4,3>, <184,4,3>, <185,4,1>, <186,4,1>, <188,4,3>, <189,4,1>, <191,4,1>, <192,4,2>, <193,4,1>, <194,4,3>, <195,4,3>, <196,4,4>, <198,4,3>, <199,4,1>, <200,4,1>, <201,4,1>, <203,4,1>, <209,4,1>, <211,4,2>, <212,4,1>, <213,4,2>, <214,4,1>, <215,4,1>, <216,4,2>, <219,4,1>, <220,4,2>, <221,4,1>, <223,4,2>, <225,4,2>, <226,4,2>, <227,4,2>, <228,4,1>, <231,4,1>, <232,4,1>, <234,4,1>, <235,4,2>, <238,4,1>, <239,4,2>, <240,4,1>, <241,4,2>, <243,4,2>, <244,4,1>, <245,4,1>, <246,4,2>, <247,4,3>, <248,4,1>, <249,4,1>, <252,4,1>, <254,4,1>, <256,4,1>, <258,4,1>, <260,4,1>, <262,4,2>, <264,4,2>, <265,4,1>, <266,4,1>, <269,4,1>, <270,4,2>, <272,4,1>, <273,4,1>, <275,4,2>, <276,4,2>, <278,4,1>, <279,4,1>, <285,4,1>, <286,4,1>, <287,4,1>, <291,4,1>, <292,4,1>, <294,4,1>, <295,4,1>, <297,4,1>, <298,4,4>, <300,4,1>, <302,4,2>, <303,4,1>, <308,4,1>, <310,4,1>, <311,4,1>, <312,4,1>, <315,4,1>, <317,4,1>, <318,4,1>, <322,4,1>, <325,4,2>, <327,4,1>, <329,4,1>, <331,4,1>, <334,4,1>, <336,4,1>, <337,4,1>, <338,4,1>, <345,4,1>, <346,4,1>, <347,4,1>, <349,4,1>, <356,4,1>, <358,4,2>, <361,4,1>, <362,4,1>, <363,4,1>, <365,4,2>, <366,4,2>, <367,4,1>, <368,4,1>, <374,4,1>, <376,4,1>, <377,4,2>, <379,4,2>, <381,4,1>, <383,4,2>, <384,4,2>, <388,4,1>, <390,4,2>, <398,4,1>, <400,4,1>, <401,4,3>, <404,4,1>, <409,4,1>, <410,4,1>, <411,4,2>, <420,4,1>, <421,4,1>, <427,4,2>, <428,4,1>, <431,4,1>, <436,4,1>, <437,4,1>, <438,4,1>, <439,4,1>, <442,4,1>, <445,4,2>, <454,4,1>, <461,4,1>, <467,4,1>, <471,4,1>, <472,4,1>, <475,4,1>, <479,4,1>, <480,4,1>, <481,4,1>, <482,4,1>, <486,4,2>, <487,4,1>, <493,4,1>, <495,4,1>, <497,4,1>, <498,4,1>, <500,4,1>, <510,4,1>, <514,4,1>, <517,4,1>, <524,4,1>, <533,4,1>, <536,4,1>, <540,4,1>, <541,4,1>, <545,4,2>, <546,4,1>, <548,4,1>, <553,4,1>, <555,4,1>, <561,4,1>, <571,4,1>, <576,4,1>, <581,4,1>, <582,4,1>, <585,4,1>, <592,4,1>, <604,4,1>, <606,4,1>, <612,4,1>, <613,4,1>, <620,4,1>, <625,4,1>, <628,4,1>, <631,4,1>, <634,4,1>, <635,4,2>, <638,4,1>, <639,4,1>, <646,4,1>, <647,4,1>, <649,4,1>, <651,4,1>, <656,4,1>, <659,4,1>, <669,4,1>, <673,4,1>, <676,4,1>, <677,4,1>, <683,4,1>, <694,4,1>, <696,4,1>, <699,4,1>, <703,4,1>, <705,4,1>, <706,4,1>, <711,4,1>, <716,4,1>, <722,4,1>, <724,4,1>, <732,4,1>, <741,4,1>, <752,4,1>, <754,4,1>, <755,4,1>, <758,4,1>, <768,4,1>, <772,4,2>, <774,4,1>, <780,4,1>, <781,4,1>, <783,4,1>, <787,4,1>, <799,4,1>, <805,4,1>, <816,4,1>, <820,4,1>, <822,4,1>, <827,4,1>, <831,4,1>, <839,4,1>, <841,4,1>, <843,4,2>, <846,4,1>, <852,4,1>, <859,4,1>, <863,4,1>, <884,4,1>, <896,4,1>, <903,4,1>, <904,4,1>, <906,4,1>, <911,4,1>, <912,4,1>, <913,4,1>, <918,4,1>, <942,4,1>, <946,4,1>, <951,4,1>, <956,4,2>, <961,4,1>, <970,4,1>, <980,4,1>, <989,4,1>, <1,6,472>, <2,6,13>, <3,6,22>, <4,6,54>, <5,6,19>, <6,6,65>, <7,6,18>, <8,6,1>, <9,6,15>, <10,6,25>, <11,6,8>, <12,6,9>, <13,6,3>, <14,6,1>, <15,6,1>, <16,6,7>, <17,6,4>, <18,6,34>, <19,6,25>, <21,6,5>, <23,6,5>, <24,6,4>, <25,6,34>, <26,6,9>, <27,6,16>, <28,6,11>, <29,6,2>, <30,6,14>, <31,6,1>, <32,6,3>, <33,6,2>, <34,6,3>, <35,6,13>, <36,6,7>, <37,6,3>, <38,6,13>, <39,6,4>, <40,6,4>, <41,6,13>, <42,6,5>, <44,6,2>, <45,6,1>, <46,6,2>, <47,6,1>, <48,6,5>, <49,6,7>, <50,6,2>, <51,6,3>, <52,6,5>, <53,6,1>, <54,6,2>, <55,6,12>, <56,6,9>, <57,6,1>, <58,6,5>, <59,6,1>, <61,6,10>, <62,6,4>, <63,6,3>, <64,6,8>, <65,6,3>, <66,6,3>, <67,6,9>, <68,6,1>, <69,6,2>, <70,6,3>, <71,6,4>, <72,6,2>, <73,6,5>, <74,6,2>, <75,6,10>, <76,6,2>, <77,6,1>, <78,6,3>, <79,6,3>, <80,6,6>, <81,6,2>, <82,6,1>, <83,6,6>, <84,6,2>, <85,6,6>, <86,6,1>, <87,6,1>, <88,6,1>, <89,6,4>, <90,6,2>, <91,6,1>, <92,6,2>, <93,6,1>, <94,6,1>, <95,6,1>, <96,6,2>, <97,6,4>, <98,6,2>, <99,6,4>, <100,6,2>, <101,6,1>, <102,6,2>, <104,6,6>, <105,6,2>, <106,6,4>, <107,6,1>, <111,6,1>, <112,6,1>, <113,6,2>, <114,6,3>, <115,6,3>, <117,6,3>, <118,6,4>, <119,6,1>, <120,6,2>, <122,6,1>, <123,6,1>, <127,6,1>, <128,6,4>, <129,6,1>, <130,6,1>, <131,6,2>, <132,6,1>, <133,6,2>, <134,6,2>, <135,6,1>, <136,6,1>, <137,6,2>, <139,6,3>, <140,6,1>, <141,6,1>, <142,6,3>, <143,6,5>, <144,6,5>, <145,6,4>, <146,6,2>, <147,6,4>, <148,6,1>, <149,6,2>, <151,6,1>, <153,6,1>, <156,6,1>, <157,6,3>, <160,6,1>, <161,6,1>, <162,6,3>, <163,6,1>, <167,6,2>, <168,6,1>, <169,6,1>, <170,6,2>, <171,6,1>, <172,6,1>, <173,6,1>, <174,6,3>, <175,6,1>, <177,6,1>, <178,6,1>, <179,6,1>, <180,6,1>, <182,6,1>, <183,6,1>, <184,6,1>, <185,6,2>, <186,6,2>, <189,6,1>, <190,6,1>, <191,6,2>, <192,6,1>, <194,6,1>, <195,6,1>, <196,6,1>, <197,6,1>, <198,6,2>, <201,6,1>, <202,6,1>, <203,6,4>, <206,6,1>, <207,6,1>, <209,6,1>, <210,6,3>, <211,6,2>, <215,6,1>, <218,6,1>, <220,6,1>, <223,6,4>, <225,6,1>, <228,6,1>, <230,6,3>, <231,6,2>, <233,6,1>, <234,6,1>, <238,6,2>, <239,6,1>, <240,6,1>, <244,6,1>, <246,6,1>, <250,6,2>, <251,6,1>, <254,6,7>, <255,6,2>, <257,6,1>, <258,6,1>, <262,6,1>, <273,6,4>, <275,6,1>, <276,6,1>, <277,6,1>, <278,6,1>, <279,6,1>, <280,6,1>, <281,6,1>, <282,6,2>, <286,6,1>, <289,6,1>, <291,6,2>, <297,6,1>, <298,6,1>, <300,6,2>, <301,6,1>, <303,6,1>, <304,6,1>, <310,6,2>, <312,6,1>, <318,6,1>, <320,6,1>, <322,6,1>, <325,6,3>, <328,6,2>, <330,6,1>, <333,6,1>, <335,6,1>, <336,6,1>, <338,6,2>, <343,6,1>, <344,6,4>, <345,6,1>, <347,6,1>, <348,6,1>, <352,6,2>, <353,6,1>, <357,6,1>, <358,6,1>, <359,6,1>, <360,6,1>, <362,6,1>, <363,6,1>, <364,6,1>, <366,6,1>, <368,6,1>, <373,6,1>, <376,6,1>, <377,6,2>, <378,6,1>, <387,6,1>, <391,6,1>, <396,6,1>, <398,6,1>, <399,6,1>, <400,6,3>, <404,6,1>, <405,6,2>, <406,6,1>, <409,6,1>, <410,6,1>, <411,6,3>, <414,6,2>, <415,6,1>, <417,6,1>, <420,6,3>, <421,6,1>, <423,6,1>, <425,6,1>, <427,6,1>, <428,6,1>, <434,6,1>, <436,6,1>, <437,6,1>, <439,6,1>, <444,6,1>, <447,6,4>, <448,6,1>, <452,6,1>, <453,6,1>, <454,6,1>, <455,6,1>, <458,6,1>, <463,6,1>, <464,6,1>, <471,6,1>, <475,6,2>, <481,6,1>, <482,6,1>, <488,6,1>, <493,6,1>, <497,6,1>, <499,6,1>, <500,6,1>, <502,6,2>, <507,6,1>, <508,6,2>, <511,6,1>, <515,6,1>, <518,6,1>, <520,6,1>, <525,6,1>, <526,6,1>, <528,6,1>, <530,6,1>, <531,6,1>, <532,6,1>, <537,6,1>, <539,6,1>, <540,6,1>, <541,6,1>, <546,6,1>, <549,6,1>, <553,6,2>, <561,6,1>, <562,6,2>, <567,6,1>, <576,6,1>, <578,6,1>, <581,6,1>, <589,6,2>, <593,6,1>, <597,6,1>, <598,6,2>, <599,6,1>, <602,6,1>, <603,6,1>, <607,6,1>, <620,6,1>, <621,6,1>, <624,6,1>, <625,6,1>, <626,6,1>, <638,6,1>, <644,6,2>, <646,6,1>, <648,6,1>, <651,6,1>, <654,6,1>, <664,6,1>, <666,6,1>, <667,6,1>, <669,6,1>, <678,6,1>, <683,6,1>, <685,6,1>, <688,6,1>, <696,6,1>, <701,6,1>, <702,6,1>, <705,6,1>, <706,6,1>, <708,6,1>, <711,6,1>, <716,6,1>, <720,6,1>, <724,6,1>, <734,6,1>, <735,6,1>, <736,6,1>, <737,6,1>, <741,6,1>, <752,6,1>, <755,6,1>, <759,6,1>, <762,6,1>, <763,6,1>, <768,6,1>, <774,6,1>, <777,6,1>, <780,6,1>, <782,6,2>, <783,6,3>, <784,6,1>, <788,6,1>, <790,6,1>, <794,6,1>, <797,6,1>, <805,6,1>, <807,6,1>, <808,6,1>, <818,6,1>, <822,6,1>, <829,6,1>, <834,6,1>, <840,6,1>, <842,6,3>, <846,6,1>, <854,6,3>, <856,6,1>, <859,6,1>, <863,6,1>, <872,6,2>, <873,6,1>, <880,6,1>, <882,6,1>, <903,6,1>, <905,6,1>, <906,6,1>, <913,6,2>, <918,6,1>, <930,6,1>, <937,6,1>, <947,6,1>, <962,6,1>, <980,6,1>, <982,6,1>, <985,6,1>, <990,6,1>, <1,7,258>, <2,7,26>, <3,7,68>, <4,7,101>, <5,7,25>, <6,7,32>, <7,7,32>, <8,7,31>, <9,7,61>, <10,7,20>, <11,7,38>, <12,7,10>, <13,7,8>, <14,7,23>, <15,7,6>, <16,7,36>, <17,7,8>, <18,7,2>, <19,7,17>, <20,7,3>, <21,7,1>, <22,7,3>, <23,7,10>, <24,7,11>, <25,7,2>, <27,7,12>, <28,7,2>, <29,7,22>, <30,7,2>, <31,7,11>, <32,7,6>, <33,7,14>, <34,7,10>, <35,7,2>, <36,7,6>, <37,7,2>, <38,7,5>, <39,7,6>, <40,7,8>, <41,7,3>, <42,7,2>, <43,7,6>, <44,7,1>, <45,7,13>, <46,7,5>, <47,7,2>, <48,7,9>, <49,7,3>, <50,7,1>, <51,7,1>, <52,7,1>, <53,7,1>, <54,7,3>, <55,7,3>, <57,7,7>, <59,7,7>, <60,7,12>, <61,7,3>, <62,7,3>, <63,7,4>, <64,7,1>, <65,7,1>, <66,7,3>, <67,7,3>, <68,7,7>, <70,7,3>, <71,7,12>, <72,7,4>, <73,7,2>, <74,7,4>, <75,7,1>, <76,7,2>, <77,7,2>, <79,7,12>, <80,7,2>, <81,7,7>, <83,7,5>, <84,7,1>, <85,7,1>, <86,7,4>, <87,7,5>, <88,7,1>, <89,7,1>, <90,7,2>, <91,7,5>, <93,7,1>, <96,7,1>, <97,7,2>, <98,7,2>, <99,7,9>, <100,7,2>, <101,7,4>, <102,7,3>, <103,7,7>, <105,7,1>, <106,7,2>, <107,7,2>, <108,7,4>, <109,7,1>, <110,7,1>, <111,7,3>, <112,7,2>, <113,7,1>, <114,7,2>, <115,7,2>, <116,7,1>, <117,7,5>, <118,7,1>, <119,7,1>, <120,7,1>, <121,7,2>, <122,7,6>, <123,7,3>, <124,7,1>, <126,7,1>, <127,7,1>, <128,7,3>, <130,7,2>, <131,7,2>, <132,7,1>, <133,7,1>, <134,7,3>, <135,7,5>, <139,7,1>, <142,7,1>, <146,7,1>, <147,7,1>, <149,7,2>, <150,7,1>, <151,7,1>, <152,7,1>, <153,7,2>, <159,7,6>, <160,7,2>, <162,7,1>, <163,7,1>, <164,7,3>, <165,7,2>, <166,7,1>, <167,7,2>, <170,7,1>, <171,7,1>, <172,7,1>, <173,7,1>, <174,7,1>, <175,7,1>, <177,7,1>, <179,7,2>, <180,7,1>, <182,7,1>, <183,7,1>, <184,7,1>, <185,7,1>, <186,7,1>, <187,7,3>, <188,7,1>, <189,7,1>, <190,7,2>, <191,7,1>, <193,7,3>, <196,7,3>, <198,7,1>, <200,7,1>, <202,7,2>, <204,7,1>, <205,7,1>, <207,7,2>, <209,7,1>, <210,7,3>, <211,7,2>, <213,7,2>, <214,7,1>, <215,7,1>, <216,7,1>, <217,7,1>, <218,7,3>, <221,7,2>, <222,7,1>, <225,7,1>, <226,7,5>, <227,7,1>, <228,7,1>, <231,7,2>, <232,7,3>, <233,7,1>, <235,7,2>, <237,7,1>, <239,7,1>, <240,7,1>, <241,7,1>, <243,7,1>, <247,7,1>, <248,7,1>, <249,7,2>, <250,7,1>, <251,7,2>, <252,7,1>, <253,7,1>, <255,7,5>, <256,7,1>, <257,7,2>, <259,7,2>, <260,7,1>, <261,7,1>, <263,7,1>, <267,7,1>, <268,7,1>, <270,7,2>, <271,7,1>, <272,7,2>, <277,7,1>, <279,7,1>, <280,7,1>, <283,7,2>, <284,7,1>, <287,7,1>, <288,7,1>, <290,7,2>, <291,7,3>, <294,7,1>, <298,7,1>, <299,7,1>, <300,7,1>, <301,7,2>, <302,7,2>, <303,7,1>, <305,7,1>, <306,7,1>, <308,7,2>, <310,7,1>, <311,7,2>, <315,7,1>, <321,7,2>, <323,7,1>, <324,7,4>, <328,7,1>, <330,7,2>, <331,7,1>, <337,7,1>, <339,7,1>, <345,7,1>, <350,7,1>, <352,7,1>, <353,7,1>, <355,7,1>, <357,7,2>, <358,7,2>, <360,7,1>, <361,7,1>, <364,7,1>, <365,7,3>, <366,7,2>, <367,7,1>, <369,7,1>, <370,7,1>, <376,7,1>, <377,7,1>, <379,7,1>, <383,7,3>, <384,7,2>, <387,7,1>, <388,7,1>, <389,7,2>, <398,7,1>, <400,7,2>, <403,7,3>, <404,7,2>, <406,7,1>, <409,7,1>, <412,7,1>, <413,7,1>, <414,7,1>, <419,7,1>, <421,7,1>, <425,7,1>, <426,7,1>, <428,7,1>, <429,7,1>, <434,7,1>, <440,7,4>, <443,7,1>, <444,7,1>, <446,7,1>, <450,7,2>, <451,7,1>, <452,7,1>, <454,7,2>, <455,7,1>, <456,7,2>, <457,7,2>, <459,7,1>, <463,7,1>, <465,7,1>, <467,7,1>, <468,7,1>, <470,7,2>, <473,7,1>, <482,7,1>, <486,7,1>, <487,7,1>, <488,7,1>, <496,7,1>, <498,7,1>, <502,7,1>, <503,7,1>, <504,7,1>, <506,7,1>, <510,7,1>, <515,7,1>, <517,7,2>, <519,7,1>, <521,7,1>, <524,7,3>, <530,7,1>, <541,7,1>, <548,7,1>, <551,7,1>, <555,7,1>, <561,7,2>, <562,7,1>, <567,7,2>, <577,7,1>, <578,7,2>, <581,7,1>, <589,7,1>, <590,7,1>, <597,7,1>, <598,7,1>, <599,7,1>, <601,7,1>, <603,7,1>, <607,7,1>, <611,7,1>, <613,7,1>, <617,7,1>, <619,7,1>, <629,7,1>, <631,7,2>, <644,7,1>, <645,7,1>, <656,7,1>, <657,7,1>, <660,7,1>, <665,7,1>, <673,7,1>, <678,7,1>, <679,7,1>, <693,7,1>, <696,7,1>, <699,7,1>, <703,7,1>, <705,7,1>, <713,7,1>, <715,7,1>, <722,7,1>, <728,7,1>, <732,7,1>, <740,7,1>, <743,7,1>, <749,7,1>, <752,7,1>, <763,7,1>, <768,7,1>, <776,7,1>, <784,7,1>, <788,7,1>, <794,7,1>, <803,7,1>, <807,7,1>, <812,7,1>, <817,7,1>, <818,7,1>, <820,7,1>, <822,7,2>, <841,7,1>, <842,7,1>, <852,7,1>, <853,7,1>, <856,7,1>, <879,7,1>, <887,7,1>, <908,7,1>, <912,7,1>, <915,7,1>, <926,7,1>, <931,7,2>, <937,7,1>, <948,7,1>, <956,7,1>, <977,7,1>, <982,7,1>, <983,7,1>, <985,7,1>, <986,7,1>, <990,7,1>, <1,2,18>, <2,2,35>, <3,2,93>, <4,2,62>, <5,2,27>, <6,2,13>, <7,2,26>, <8,2,111>, <9,2,39>, <10,2,5>, <11,2,34>, <12,2,12>, <13,2,7>, <14,2,12>, <15,2,45>, <16,2,24>, <18,2,1>, <19,2,11>, <20,2,7>, <21,2,25>, <22,2,1>, <23,2,4>, <24,2,14>, <25,2,10>, <26,2,18>, <27,2,4>, <28,2,15>, <29,2,3>, <30,2,16>, <31,2,2>, <32,2,5>, <33,2,7>, <34,2,1>, <35,2,8>, <36,2,6>, <37,2,5>, <38,2,13>, <39,2,5>, <40,2,5>, <41,2,2>, <42,2,6>, <43,2,5>, <44,2,8>, <46,2,3>, <47,2,2>, <48,2,3>, <49,2,13>, <50,2,1>, <51,2,2>, <52,2,2>, <53,2,1>, <54,2,3>, <56,2,1>, <57,2,2>, <58,2,2>, <59,2,1>, <60,2,3>, <61,2,2>, <62,2,7>, <63,2,2>, <64,2,2>, <66,2,1>, <67,2,2>, <68,2,1>, <69,2,4>, <70,2,2>, <71,2,1>, <72,2,5>, <73,2,3>, <74,2,4>, <75,2,6>, <76,2,4>, <77,2,2>, <78,2,6>, <79,2,3>, <80,2,1>, <81,2,2>, <82,2,3>, <83,2,2>, <84,2,1>, <87,2,1>, <88,2,2>, <89,2,2>, <90,2,5>, <92,2,1>, <93,2,1>, <94,2,5>, <95,2,1>, <97,2,1>, <98,2,6>, <102,2,1>, <103,2,1>, <104,2,2>, <106,2,2>, <108,2,4>, <109,2,5>, <110,2,5>, <111,2,3>, <113,2,3>, <114,2,1>, <115,2,5>, <118,2,2>, <119,2,1>, <121,2,4>, <122,2,6>, <123,2,3>, <124,2,1>, <125,2,1>, <126,2,1>, <127,2,2>, <128,2,4>, <130,2,1>, <132,2,1>, <133,2,7>, <134,2,2>, <136,2,1>, <137,2,1>, <138,2,3>, <139,2,1>, <143,2,6>, <145,2,2>, <146,2,3>, <147,2,1>, <150,2,7>, <151,2,1>, <152,2,1>, <154,2,1>, <156,2,1>, <157,2,2>, <161,2,4>, <162,2,1>, <163,2,2>, <164,2,1>, <165,2,1>, <167,2,1>, <168,2,3>, <169,2,1>, <170,2,1>, <172,2,4>, <174,2,1>, <178,2,1>, <179,2,2>, <180,2,1>, <181,2,4>, <182,2,2>, <184,2,1>, <185,2,1>, <186,2,1>, <187,2,1>, <190,2,1>, <191,2,1>, <193,2,1>, <195,2,2>, <196,2,1>, <197,2,1>, <198,2,3>, <199,2,1>, <200,2,1>, <202,2,3>, <204,2,1>, <206,2,2>, <208,2,2>, <209,2,1>, <210,2,1>, <214,2,1>, <215,2,2>, <219,2,1>, <223,2,1>, <227,2,1>, <228,2,2>, <230,2,1>, <231,2,2>, <232,2,2>, <234,2,1>, <236,2,2>, <237,2,1>, <238,2,1>, <242,2,1>, <243,2,1>, <244,2,3>, <245,2,2>, <248,2,1>, <250,2,1>, <254,2,1>, <255,2,1>, <256,2,1>, <257,2,3>, <258,2,2>, <259,2,1>, <261,2,3>, <263,2,2>, <268,2,5>, <269,2,2>, <270,2,2>, <271,2,1>, <273,2,1>, <274,2,1>, <275,2,1>, <277,2,2>, <279,2,1>, <281,2,1>, <282,2,2>, <283,2,1>, <285,2,1>, <287,2,3>, <288,2,1>, <290,2,2>, <292,2,1>, <298,2,2>, <300,2,1>, <303,2,1>, <305,2,1>, <306,2,3>, <307,2,1>, <309,2,1>, <310,2,1>, <311,2,5>, <313,2,1>, <314,2,1>, <315,2,1>, <316,2,2>, <317,2,1>, <318,2,1>, <322,2,2>, <327,2,2>, <339,2,2>, <345,2,1>, <346,2,1>, <355,2,1>, <356,2,2>, <357,2,1>, <358,2,1>, <359,2,1>, <360,2,1>, <361,2,1>, <362,2,1>, <365,2,1>, <367,2,1>, <370,2,3>, <371,2,1>, <373,2,2>, <376,2,1>, <377,2,1>, <378,2,1>, <380,2,1>, <381,2,4>, <382,2,2>, <383,2,2>, <384,2,2>, <386,2,1>, <389,2,1>, <390,2,1>, <392,2,1>, <397,2,1>, <400,2,2>, <401,2,1>, <403,2,1>, <404,2,1>, <411,2,1>, <412,2,1>, <415,2,1>, <416,2,1>, <417,2,1>, <418,2,2>, <420,2,1>, <423,2,1>, <425,2,1>, <426,2,3>, <428,2,2>, <429,2,1>, <431,2,1>, <435,2,2>, <436,2,1>, <437,2,1>, <438,2,1>, <439,2,1>, <444,2,1>, <449,2,1>, <451,2,1>, <452,2,1>, <462,2,1>, <464,2,1>, <467,2,1>, <468,2,1>, <470,2,2>, <473,2,1>, <474,2,1>, <475,2,1>, <476,2,1>, <477,2,1>, <480,2,1>, <486,2,1>, <487,2,2>, <488,2,1>, <489,2,1>, <491,2,1>, <492,2,1>, <493,2,1>, <495,2,1>, <499,2,1>, <502,2,1>, <504,2,1>, <506,2,1>, <508,2,1>, <512,2,1>, <514,2,1>, <518,2,1>, <519,2,1>, <522,2,1>, <523,2,1>, <526,2,1>, <528,2,1>, <533,2,1>, <538,2,1>, <540,2,1>, <541,2,1>, <544,2,1>, <547,2,1>, <548,2,1>, <550,2,1>, <553,2,1>, <555,2,1>, <561,2,3>, <568,2,1>, <574,2,1>, <577,2,1>, <584,2,1>, <596,2,1>, <597,2,1>, <603,2,1>, <612,2,1>, <613,2,2>, <616,2,1>, <621,2,1>, <624,2,1>, <625,2,1>, <629,2,1>, <638,2,1>, <644,2,1>, <649,2,2>, <653,2,1>, <654,2,1>, <657,2,1>, <667,2,1>, <679,2,1>, <683,2,1>, <696,2,1>, <701,2,1>, <711,2,1>, <715,2,1>, <716,2,3>, <721,2,1>, <728,2,1>, <729,2,1>, <731,2,1>, <735,2,1>, <736,2,2>, <754,2,1>, <758,2,1>, <759,2,2>, <769,2,1>, <774,2,1>, <775,2,1>, <780,2,1>, <781,2,1>, <782,2,1>, <785,2,1>, <788,2,1>, <793,2,1>, <795,2,1>, <821,2,1>, <825,2,1>, <834,2,1>, <839,2,1>, <843,2,1>, <851,2,1>, <852,2,1>, <860,2,1>, <863,2,1>, <874,2,1>, <880,2,1>, <903,2,1>, <905,2,1>, <908,2,1>, <912,2,1>, <913,2,1>, <915,2,1>, <916,2,1>, <920,2,1>, <930,2,2>, <946,2,1>, <947,2,1>, <954,2,1>, <973,2,1>, <991,2,1>, <1000,2,1>, <1,5,41>, <2,5,198>, <3,5,180>, <4,5,80>, <5,5,145>, <6,5,44>, <7,5,27>, <8,5,19>, <9,5,13>, <10,5,24>, <11,5,6>, <12,5,26>, <13,5,55>, <14,5,28>, <15,5,3>, <16,5,12>, <17,5,5>, <18,5,1>, <19,5,11>, <20,5,36>, <21,5,5>, <22,5,14>, <23,5,9>, <24,5,1>, <25,5,2>, <26,5,8>, <28,5,4>, <29,5,6>, <31,5,1>, <32,5,10>, <33,5,10>, <34,5,8>, <35,5,7>, <37,5,5>, <38,5,3>, <39,5,5>, <40,5,6>, <41,5,12>, <42,5,12>, <43,5,8>, <44,5,10>, <45,5,7>, <46,5,8>, <47,5,2>, <48,5,4>, <49,5,3>, <50,5,2>, <51,5,6>, <52,5,7>, <53,5,11>, <54,5,7>, <55,5,2>, <56,5,1>, <57,5,2>, <58,5,8>, <59,5,3>, <60,5,3>, <61,5,1>, <62,5,1>, <63,5,1>, <64,5,4>, <66,5,3>, <68,5,2>, <72,5,1>, <75,5,1>, <76,5,2>, <77,5,9>, <78,5,2>, <79,5,1>, <80,5,3>, <81,5,1>, <82,5,1>, <83,5,1>, <84,5,3>, <85,5,1>, <86,5,7>, <87,5,4>, <88,5,3>, <90,5,2>, <91,5,1>, <93,5,2>, <94,5,1>, <95,5,3>, <96,5,8>, <98,5,2>, <100,5,2>, <101,5,8>, <103,5,4>, <105,5,1>, <106,5,1>, <107,5,1>, <108,5,1>, <109,5,3>, <110,5,2>, <112,5,5>, <113,5,1>, <115,5,1>, <117,5,1>, <118,5,1>, <119,5,2>, <120,5,1>, <121,5,3>, <122,5,3>, <123,5,2>, <124,5,2>, <125,5,2>, <126,5,2>, <127,5,2>, <128,5,1>, <129,5,1>, <130,5,2>, <131,5,2>, <132,5,1>, <133,5,3>, <134,5,3>, <135,5,1>, <138,5,3>, <140,5,4>, <141,5,2>, <142,5,2>, <143,5,1>, <144,5,3>, <145,5,4>, <146,5,1>, <147,5,2>, <148,5,1>, <149,5,1>, <150,5,1>, <151,5,1>, <152,5,1>, <153,5,2>, <154,5,2>, <155,5,7>, <157,5,1>, <158,5,1>, <160,5,5>, <161,5,2>, <163,5,3>, <164,5,3>, <166,5,1>, <167,5,1>, <169,5,2>, <171,5,1>, <172,5,3>, <173,5,2>, <177,5,1>, <179,5,1>, <180,5,2>, <181,5,1>, <182,5,1>, <183,5,2>, <184,5,1>, <185,5,1>, <186,5,1>, <187,5,1>, <192,5,3>, <193,5,1>, <194,5,4>, <196,5,1>, <197,5,1>, <198,5,1>, <199,5,4>, <201,5,1>, <203,5,1>, <204,5,3>, <206,5,1>, <207,5,1>, <208,5,1>, <209,5,1>, <210,5,1>, <214,5,1>, <216,5,1>, <217,5,4>, <218,5,1>, <220,5,2>, <224,5,2>, <225,5,1>, <226,5,1>, <227,5,1>, <228,5,1>, <229,5,1>, <232,5,1>, <234,5,4>, <235,5,1>, <236,5,5>, <237,5,1>, <238,5,1>, <243,5,1>, <244,5,2>, <245,5,1>, <246,5,1>, <247,5,1>, <248,5,2>, <249,5,1>, <250,5,2>, <251,5,2>, <252,5,4>, <253,5,1>, <254,5,1>, <256,5,1>, <258,5,1>, <259,5,2>, <262,5,2>, <266,5,1>, <267,5,2>, <268,5,2>, <269,5,3>, <272,5,1>, <273,5,1>, <276,5,1>, <277,5,4>, <279,5,1>, <280,5,4>, <284,5,1>, <285,5,1>, <286,5,3>, <290,5,1>, <294,5,1>, <299,5,1>, <301,5,1>, <303,5,1>, <304,5,1>, <306,5,3>, <310,5,1>, <312,5,1>, <315,5,1>, <316,5,2>, <317,5,1>, <319,5,1>, <320,5,3>, <322,5,1>, <323,5,1>, <325,5,2>, <326,5,1>, <327,5,1>, <330,5,6>, <331,5,1>, <332,5,2>, <334,5,2>, <335,5,1>, <337,5,1>, <338,5,1>, <339,5,1>, <343,5,1>, <344,5,1>, <345,5,1>, <346,5,1>, <347,5,1>, <348,5,2>, <349,5,1>, <351,5,1>, <352,5,1>, <353,5,2>, <363,5,3>, <368,5,1>, <376,5,2>, <377,5,1>, <378,5,1>, <382,5,1>, <384,5,3>, <388,5,1>, <389,5,1>, <390,5,1>, <396,5,1>, <398,5,1>, <399,5,1>, <400,5,1>, <404,5,1>, <405,5,2>, <406,5,1>, <409,5,2>, <411,5,1>, <412,5,1>, <414,5,1>, <415,5,1>, <417,5,1>, <418,5,1>, <419,5,1>, <420,5,1>, <423,5,1>, <425,5,1>, <426,5,1>, <428,5,2>, <429,5,1>, <432,5,1>, <435,5,1>, <437,5,1>, <440,5,1>, <442,5,1>, <448,5,1>, <450,5,1>, <453,5,1>, <458,5,1>, <462,5,1>, <463,5,1>, <466,5,1>, <469,5,1>, <470,5,1>, <471,5,1>, <475,5,1>, <476,5,3>, <477,5,1>, <478,5,1>, <480,5,1>, <485,5,1>, <489,5,2>, <497,5,1>, <500,5,1>, <501,5,1>, <504,5,1>, <517,5,1>, <521,5,2>, <522,5,1>, <524,5,1>, <528,5,1>, <531,5,1>, <536,5,1>, <540,5,2>, <550,5,2>, <555,5,1>, <560,5,2>, <561,5,1>, <563,5,2>, <570,5,1>, <572,5,1>, <578,5,1>, <582,5,1>, <583,5,1>, <597,5,1>, <601,5,1>, <614,5,1>, <631,5,1>, <635,5,1>, <642,5,1>, <643,5,1>, <651,5,1>, <664,5,1>, <673,5,1>, <679,5,1>, <683,5,1>, <690,5,1>, <693,5,1>, <720,5,1>, <725,5,1>, <727,5,1>, <731,5,1>, <732,5,1>, <739,5,1>, <740,5,1>, <742,5,1>, <743,5,1>, <755,5,1>, <759,5,1>, <782,5,2>, <787,5,1>, <790,5,1>, <791,5,1>, <803,5,1>, <807,5,1>, <809,5,1>, <812,5,1>, <830,5,1>, <836,5,1>, <839,5,2>, <846,5,1>, <852,5,1>, <861,5,1>, <864,5,1>, <867,5,1>, <873,5,1>, <874,5,1>, <880,5,1>, <887,5,1>, <893,5,1>, <897,5,1>, <908,5,2>, <910,5,1>, <915,5,1>, <916,5,1>, <918,5,2>, <930,5,1>, <931,5,1>, <961,5,1>, <962,5,1>, <964,5,1>, <970,5,1>, <977,5,2>, <983,5,1>, <1000,5,1>, <1,1,471>, <2,1,177>, <3,1,14>, <4,1,29>, <5,1,51>, <6,1,40>, <7,1,3>, <8,1,19>, <9,1,40>, <10,1,8>, <11,1,4>, <12,1,7>, <13,1,7>, <14,1,16>, <15,1,20>, <16,1,1>, <17,1,29>, <18,1,22>, <19,1,23>, <20,1,14>, <21,1,12>, <22,1,31>, <23,1,28>, <24,1,1>, <25,1,8>, <26,1,3>, <27,1,8>, <28,1,9>, <29,1,10>, <30,1,1>, <31,1,5>, <32,1,7>, <33,1,20>, <34,1,7>, <36,1,3>, <37,1,7>, <38,1,3>, <39,1,7>, <40,1,5>, <41,1,22>, <42,1,4>, <43,1,1>, <44,1,1>, <45,1,4>, <46,1,1>, <47,1,12>, <49,1,3>, <50,1,13>, <51,1,6>, <52,1,2>, <53,1,3>, <55,1,7>, <58,1,4>, <59,1,9>, <60,1,9>, <62,1,2>, <63,1,3>, <64,1,11>, <65,1,1>, <67,1,3>, <68,1,2>, <69,1,3>, <70,1,1>, <72,1,1>, <73,1,2>, <74,1,6>, <75,1,1>, <76,1,5>, <77,1,1>, <78,1,1>, <80,1,4>, <82,1,8>, <83,1,1>, <84,1,2>, <85,1,1>, <86,1,2>, <87,1,2>, <90,1,1>, <91,1,1>, <92,1,2>, <93,1,7>, <94,1,1>, <95,1,5>, <96,1,5>, <101,1,2>, <103,1,2>, <104,1,1>, <105,1,7>, <107,1,4>, <108,1,2>, <109,1,1>, <110,1,3>, <111,1,3>, <112,1,1>, <114,1,1>, <115,1,1>, <116,1,2>, <118,1,2>, <120,1,5>, <121,1,3>, <123,1,5>, <124,1,4>, <125,1,2>, <127,1,1>, <128,1,1>, <129,1,1>, <130,1,1>, <131,1,7>, <133,1,4>, <135,1,1>, <136,1,1>, <137,1,2>, <138,1,2>, <139,1,4>, <140,1,6>, <141,1,4>, <144,1,3>, <145,1,3>, <146,1,2>, <147,1,2>, <148,1,1>, <149,1,1>, <150,1,2>, <151,1,5>, <152,1,2>, <154,1,1>, <155,1,1>, <156,1,1>, <157,1,1>, <158,1,1>, <159,1,3>, <161,1,1>, <162,1,2>, <167,1,3>, <168,1,2>, <171,1,2>, <172,1,2>, <173,1,2>, <174,1,1>, <176,1,1>, <178,1,1>, <179,1,1>, <180,1,1>, <181,1,1>, <183,1,2>, <184,1,1>, <185,1,1>, <186,1,1>, <187,1,2>, <188,1,1>, <189,1,4>, <190,1,5>, <191,1,3>, <193,1,2>, <194,1,2>, <195,1,1>, <197,1,1>, <198,1,2>, <200,1,1>, <201,1,1>, <203,1,2>, <204,1,1>, <205,1,2>, <206,1,1>, <207,1,1>, <208,1,1>, <209,1,1>, <212,1,1>, <214,1,1>, <215,1,2>, <216,1,3>, <218,1,1>, <219,1,2>, <221,1,1>, <225,1,1>, <226,1,1>, <228,1,1>, <230,1,2>, <231,1,4>, <233,1,1>, <234,1,3>, <236,1,1>, <237,1,1>, <240,1,1>, <241,1,1>, <243,1,1>, <247,1,1>, <248,1,2>, <249,1,1>, <250,1,1>, <251,1,1>, <252,1,2>, <253,1,1>, <254,1,1>, <255,1,1>, <256,1,2>, <257,1,1>, <260,1,1>, <265,1,1>, <266,1,1>, <267,1,2>, <270,1,1>, <274,1,1>, <276,1,1>, <277,1,2>, <281,1,2>, <284,1,2>, <285,1,2>, <286,1,1>, <287,1,1>, <290,1,1>, <291,1,2>, <292,1,1>, <294,1,1>, <295,1,1>, <299,1,1>, <300,1,3>, <302,1,1>, <303,1,1>, <305,1,1>, <308,1,1>, <309,1,1>, <313,1,2>, <315,1,1>, <316,1,1>, <317,1,1>, <319,1,1>, <320,1,2>, <323,1,1>, <326,1,1>, <328,1,1>, <329,1,2>, <330,1,1>, <334,1,2>, <338,1,1>, <341,1,1>, <342,1,4>, <343,1,1>, <346,1,1>, <348,1,2>, <349,1,1>, <356,1,1>, <359,1,1>, <361,1,1>, <362,1,1>, <368,1,1>, <370,1,1>, <371,1,1>, <374,1,1>, <377,1,1>, <379,1,1>, <380,1,1>, <382,1,1>, <383,1,1>, <384,1,1>, <393,1,1>, <394,1,1>, <395,1,1>, <396,1,2>, <398,1,1>, <399,1,1>, <401,1,3>, <410,1,1>, <411,1,1>, <412,1,1>, <415,1,1>, <419,1,1>, <420,1,1>, <427,1,1>, <434,1,2>, <435,1,4>, <437,1,1>, <440,1,2>, <443,1,1>, <445,1,1>, <448,1,1>, <449,1,1>, <453,1,1>, <454,1,1>, <455,1,1>, <456,1,2>, <458,1,1>, <459,1,2>, <463,1,1>, <464,1,1>, <465,1,3>, <467,1,2>, <469,1,1>, <471,1,1>, <472,1,1>, <474,1,1>, <482,1,1>, <484,1,2>, <485,1,1>, <486,1,1>, <487,1,1>, <488,1,1>, <489,1,1>, <490,1,1>, <495,1,1>, <498,1,1>, <502,1,1>, <506,1,2>, <508,1,1>, <510,1,1>, <514,1,3>, <518,1,1>, <519,1,1>, <528,1,1>, <536,1,1>, <540,1,1>, <541,1,2>, <542,1,1>, <544,1,1>, <548,1,1>, <549,1,1>, <550,1,1>, <553,1,1>, <555,1,1>, <556,1,1>, <567,1,1>, <577,1,1>, <581,1,1>, <585,1,1>, <590,1,1>, <593,1,1>, <599,1,1>, <603,1,1>, <612,1,3>, <619,1,2>, <633,1,1>, <637,1,1>, <639,1,1>, <642,1,1>, <643,1,1>, <649,1,2>, <651,1,1>, <657,1,1>, <658,1,1>, <660,1,1>, <666,1,1>, <673,1,1>, <677,1,1>, <678,1,1>, <684,1,1>, <688,1,1>, <701,1,1>, <711,1,1>, <713,1,1>, <716,1,1>, <722,1,1>, <729,1,1>, <731,1,1>, <738,1,1>, <747,1,1>, <753,1,1>, <763,1,1>, <772,1,1>, <773,1,1>, <776,1,2>, <777,1,1>, <784,1,1>, <788,1,1>, <805,1,1>, <812,1,1>, <818,1,1>, <841,1,1>, <842,1,1>, <843,1,1>, <861,1,1>, <873,1,1>, <880,1,1>, <899,1,1>, <900,1,2>, <901,1,2>, <904,1,1>, <905,1,1>, <910,1,1>, <911,1,1>, <921,1,1>, <925,1,2>, <930,1,1>, <934,1,1>, <938,1,1>, <970,1,1>, <977,1,1>, <980,1,1>, <988,1,1>, <990,1,1>, <992,1,1>, <996,1,1> };

MaxCacheStorageAtSingleAS= [ 1312.5  1312.5  1312.5  1312.5  1312.5  1312.5  1312.5 ] ;

MaxCacheStorage = 9187.5 ;
SolutionGap = 0.01 ;
