
ASes= { 1, 2, 3, 4, 5, 6, 7, 8, 9, 10 } ;


Objects= { 1, 2, 3, 4, 5, 6, 7, 8, 9, 10, 11, 12, 13, 14, 15, 16, 17, 18, 19, 20, 21, 22, 23, 24, 25, 26, 27, 28, 29, 30, 31, 32, 33, 34, 35, 36, 37, 38, 39, 40, 41, 42, 43, 44, 45, 46, 47, 48, 49, 50, 51, 52, 53, 54, 55, 56, 57, 58, 59, 60, 61, 62, 63, 64, 65, 66, 67, 68, 69, 70, 71, 72, 73, 74, 75, 76, 77, 78, 79, 80, 81, 82, 83, 84, 85, 86, 87, 88, 89, 90, 91, 92, 93, 94, 95, 96, 97, 98, 99, 100, 101, 102, 103, 104, 105, 106, 107, 108, 109, 110, 111, 112, 113, 114, 115, 116, 117, 118, 119, 120, 121, 122, 123, 124, 125, 126, 127, 128, 129, 130, 131, 132, 133, 134, 135, 136, 137, 138, 139, 140, 141, 142, 143, 144, 145, 146, 147, 148, 149, 150, 151, 152, 153, 154, 155, 156, 157, 158, 159, 160, 161, 162, 163, 164, 165, 166, 167, 168, 169, 170, 171, 172, 173, 174, 175, 176, 177, 178, 179, 180, 181, 182, 183, 184, 185, 186, 187, 188, 189, 190, 191, 192, 193, 194, 195, 196, 197, 198, 199, 200, 201, 202, 203, 204, 205, 206, 207, 208, 209, 210, 211, 212, 213, 214, 215, 216, 217, 218, 219, 220, 221, 222, 223, 224, 225, 226, 227, 228, 229, 230, 231, 232, 233, 234, 235, 236, 237, 238, 239, 240, 241, 242, 243, 244, 245, 246, 247, 248, 249, 250, 251, 252, 253, 254, 255, 256, 257, 258, 259, 260, 261, 262, 263, 264, 265, 266, 267, 268, 269, 270, 271, 272, 273, 274, 275, 276, 277, 278, 279, 280, 281, 282, 283, 284, 285, 286, 287, 288, 289, 290, 291, 292, 293, 294, 295, 296, 297, 298, 299, 300, 301, 302, 303, 304, 305, 306, 307, 308, 309, 310, 311, 312, 313, 314, 315, 316, 317, 318, 319, 320, 321, 322, 323, 324, 325, 326, 327, 328, 329, 330, 331, 332, 333, 334, 335, 336, 337, 338, 339, 340, 341, 342, 343, 344, 345, 346, 347, 348, 349, 350, 351, 352, 353, 354, 355, 356, 357, 358, 359, 360, 361, 362, 363, 364, 365, 366, 367, 368, 369, 370, 371, 372, 373, 374, 375, 376, 377, 378, 379, 380, 381, 382, 383, 384, 385, 386, 387, 388, 389, 390, 391, 392, 393, 394, 395, 396, 397, 398, 399, 400, 401, 402, 403, 404, 405, 406, 407, 408, 409, 410, 411, 412, 413, 414, 415, 416, 417, 418, 419, 420, 421, 422, 423, 424, 425, 426, 427, 428, 429, 430, 431, 432, 433, 434, 435, 436, 437, 438, 439, 440, 441, 442, 443, 444, 445, 446, 447, 448, 449, 450, 451, 452, 453, 454, 455, 456, 457, 458, 459, 460, 461, 462, 463, 464, 465, 466, 467, 468, 469, 470, 471, 472, 473, 474, 475, 476, 477, 478, 479, 480, 481, 482, 483, 484, 485, 486, 487, 488, 489, 490, 491, 492, 493, 494, 495, 496, 497, 498, 499, 500, 501, 502, 503, 504, 505, 506, 507, 508, 509, 510, 511, 512, 513, 514, 515, 516, 517, 518, 519, 520, 521, 522, 523, 524, 525, 526, 527, 528, 529, 530, 531, 532, 533, 534, 535, 536, 537, 538, 539, 540, 541, 542, 543, 544, 545, 546, 547, 548, 549, 550, 551, 552, 553, 554, 555, 556, 557, 558, 559, 560, 561, 562, 563, 564, 565, 566, 567, 568, 569, 570, 571, 572, 573, 574, 575, 576, 577, 578, 579, 580, 581, 582, 583, 584, 585, 586, 587, 588, 589, 590, 591, 592, 593, 594, 595, 596, 597, 598, 599, 600, 601, 602, 603, 604, 605, 606, 607, 608, 609, 610, 611, 612, 613, 614, 615, 616, 617, 618, 619, 620, 621, 622, 623, 624, 625, 626, 627, 628, 629, 630, 631, 632, 633, 634, 635, 636, 637, 638, 639, 640, 641, 642, 643, 644, 645, 646, 647, 648, 649, 650, 651, 652, 653, 654, 655, 656, 657, 658, 659, 660, 661, 662, 663, 664, 665, 666, 667, 668, 669, 670, 671, 672, 673, 674, 675, 676, 677, 678, 679, 680, 681, 682, 683, 684, 685, 686, 687, 688, 689, 690, 691, 692, 693, 694, 695, 696, 697, 698, 699, 700, 701, 702, 703, 704, 705, 706, 707, 708, 709, 710, 711, 712, 713, 714, 715, 716, 717, 718, 719, 720, 721, 722, 723, 724, 725, 726, 727, 728, 729, 730, 731, 732, 733, 734, 735, 736, 737, 738, 739, 740, 741, 742, 743, 744, 745, 746, 747, 748, 749, 750, 751, 752, 753, 754, 755, 756, 757, 758, 759, 760, 761, 762, 763, 764, 765, 766, 767, 768, 769, 770, 771, 772, 773, 774, 775, 776, 777, 778, 779, 780, 781, 782, 783, 784, 785, 786, 787, 788, 789, 790, 791, 792, 793, 794, 795, 796, 797, 798, 799, 800, 801, 802, 803, 804, 805, 806, 807, 808, 809, 810, 811, 812, 813, 814, 815, 816, 817, 818, 819, 820, 821, 822, 823, 824, 825, 826, 827, 828, 829, 830, 831, 832, 833, 834, 835, 836, 837, 838, 839, 840, 841, 842, 843, 844, 845, 846, 847, 848, 849, 850, 851, 852, 853, 854, 855, 856, 857, 858, 859, 860, 861, 862, 863, 864, 865, 866, 867, 868, 869, 870, 871, 872, 873, 874, 875, 876, 877, 878, 879, 880, 881, 882, 883, 884, 885, 886, 887, 888, 889, 890, 891, 892, 893, 894, 895, 896, 897, 898, 899, 900, 901, 902, 903, 904, 905, 906, 907, 908, 909, 910, 911, 912, 913, 914, 915, 916, 917, 918, 919, 920, 921, 922, 923, 924, 925, 926, 927, 928, 929, 930, 931, 932, 933, 934, 935, 936, 937, 938, 939, 940, 941, 942, 943, 944, 945, 946, 947, 948, 949, 950, 951, 952, 953, 954, 955, 956, 957, 958, 959, 960, 961, 962, 963, 964, 965, 966, 967, 968, 969, 970, 971, 972, 973, 974, 975, 976, 977, 978, 979, 980, 981, 982, 983, 984, 985, 986, 987, 988, 989, 990, 991, 992, 993, 994, 995, 996, 997, 998, 999, 1000 } ;


QualityLevels= { 0, 1, 2, 3, 4, 5 } ;

Arcs = { <1,2,490000>, <2,1,490000>,<1,3,490000>, <3,1,490000>,<1,4,490000>, <4,1,490000>,<2,5,490000>, <5,2,490000>,<5,6,490000>, <6,5,490000>,<1,7,490000>, <7,1,490000>,<7,8,490000>, <8,7,490000>,<8,9,490000>, <9,8,490000>,<6,10,490000>, <10,6,490000> }; 


RatePerQuality= [ 0  300  700  1500  2500  3500 ] ;


CacheSpacePerQuality= [ 10000  11.25  26.25  56.25  93.75  131.25 ] ;


UtilityPerQuality= [ 0  0.2  0.4  0.6  0.8  1 ] ;


ObjectsPublishedByProducers=[ [ 0  0  0  1  0  0  0  0  0  0 ]  [ 0  0  0  0  0  0  0  0  1  0 ]  [ 0  0  0  1  0  0  0  0  0  0 ]  [ 0  0  0  0  0  0  0  0  0  1 ]  [ 0  0  0  0  0  0  0  0  0  1 ]  [ 0  0  1  0  0  0  0  0  0  0 ]  [ 0  0  1  0  0  0  0  0  0  0 ]  [ 0  1  0  0  0  0  0  0  0  0 ]  [ 0  0  0  1  0  0  0  0  0  0 ]  [ 0  0  0  1  0  0  0  0  0  0 ]  [ 0  1  0  0  0  0  0  0  0  0 ]  [ 0  0  0  0  0  0  0  0  1  0 ]  [ 0  1  0  0  0  0  0  0  0  0 ]  [ 0  0  0  0  0  0  0  0  1  0 ]  [ 0  0  0  0  0  0  0  0  0  1 ]  [ 0  0  1  0  0  0  0  0  0  0 ]  [ 0  0  0  0  0  0  0  0  0  1 ]  [ 0  1  0  0  0  0  0  0  0  0 ]  [ 0  0  0  0  0  0  0  0  1  0 ]  [ 0  0  0  0  0  0  0  0  0  1 ]  [ 0  0  0  0  0  0  0  0  0  1 ]  [ 0  0  1  0  0  0  0  0  0  0 ]  [ 0  0  0  0  0  0  0  0  0  1 ]  [ 0  0  0  0  0  0  0  0  1  0 ]  [ 0  0  0  1  0  0  0  0  0  0 ]  [ 0  0  1  0  0  0  0  0  0  0 ]  [ 0  1  0  0  0  0  0  0  0  0 ]  [ 0  0  0  0  0  0  0  0  1  0 ]  [ 0  0  0  0  0  0  0  0  0  1 ]  [ 0  1  0  0  0  0  0  0  0  0 ]  [ 0  0  0  0  0  0  0  0  0  1 ]  [ 0  1  0  0  0  0  0  0  0  0 ]  [ 0  0  0  1  0  0  0  0  0  0 ]  [ 0  1  0  0  0  0  0  0  0  0 ]  [ 0  0  0  0  0  0  0  0  1  0 ]  [ 0  1  0  0  0  0  0  0  0  0 ]  [ 0  1  0  0  0  0  0  0  0  0 ]  [ 0  0  1  0  0  0  0  0  0  0 ]  [ 0  0  1  0  0  0  0  0  0  0 ]  [ 0  0  0  1  0  0  0  0  0  0 ]  [ 0  1  0  0  0  0  0  0  0  0 ]  [ 0  0  0  0  0  0  0  0  1  0 ]  [ 0  0  0  0  0  0  0  0  0  1 ]  [ 0  0  0  1  0  0  0  0  0  0 ]  [ 0  0  0  0  0  0  0  0  1  0 ]  [ 0  0  0  1  0  0  0  0  0  0 ]  [ 0  0  0  1  0  0  0  0  0  0 ]  [ 0  0  0  0  0  0  0  0  1  0 ]  [ 0  0  0  0  0  0  0  0  1  0 ]  [ 0  1  0  0  0  0  0  0  0  0 ]  [ 0  0  0  0  0  0  0  0  0  1 ]  [ 0  1  0  0  0  0  0  0  0  0 ]  [ 0  1  0  0  0  0  0  0  0  0 ]  [ 0  1  0  0  0  0  0  0  0  0 ]  [ 0  0  0  0  0  0  0  0  0  1 ]  [ 0  0  1  0  0  0  0  0  0  0 ]  [ 0  1  0  0  0  0  0  0  0  0 ]  [ 0  1  0  0  0  0  0  0  0  0 ]  [ 0  1  0  0  0  0  0  0  0  0 ]  [ 0  0  0  0  0  0  0  0  1  0 ]  [ 0  0  0  0  0  0  0  0  0  1 ]  [ 0  0  0  1  0  0  0  0  0  0 ]  [ 0  1  0  0  0  0  0  0  0  0 ]  [ 0  0  0  0  0  0  0  0  1  0 ]  [ 0  0  0  1  0  0  0  0  0  0 ]  [ 0  0  1  0  0  0  0  0  0  0 ]  [ 0  1  0  0  0  0  0  0  0  0 ]  [ 0  1  0  0  0  0  0  0  0  0 ]  [ 0  0  1  0  0  0  0  0  0  0 ]  [ 0  1  0  0  0  0  0  0  0  0 ]  [ 0  0  0  0  0  0  0  0  1  0 ]  [ 0  0  1  0  0  0  0  0  0  0 ]  [ 0  0  0  1  0  0  0  0  0  0 ]  [ 0  0  0  0  0  0  0  0  0  1 ]  [ 0  1  0  0  0  0  0  0  0  0 ]  [ 0  0  1  0  0  0  0  0  0  0 ]  [ 0  0  0  0  0  0  0  0  0  1 ]  [ 0  0  1  0  0  0  0  0  0  0 ]  [ 0  0  0  0  0  0  0  0  0  1 ]  [ 0  0  0  1  0  0  0  0  0  0 ]  [ 0  1  0  0  0  0  0  0  0  0 ]  [ 0  1  0  0  0  0  0  0  0  0 ]  [ 0  0  0  0  0  0  0  0  1  0 ]  [ 0  1  0  0  0  0  0  0  0  0 ]  [ 0  0  0  1  0  0  0  0  0  0 ]  [ 0  0  1  0  0  0  0  0  0  0 ]  [ 0  0  0  0  0  0  0  0  1  0 ]  [ 0  0  1  0  0  0  0  0  0  0 ]  [ 0  0  1  0  0  0  0  0  0  0 ]  [ 0  0  0  0  0  0  0  0  1  0 ]  [ 0  0  0  0  0  0  0  0  0  1 ]  [ 0  0  1  0  0  0  0  0  0  0 ]  [ 0  0  1  0  0  0  0  0  0  0 ]  [ 0  1  0  0  0  0  0  0  0  0 ]  [ 0  0  0  1  0  0  0  0  0  0 ]  [ 0  1  0  0  0  0  0  0  0  0 ]  [ 0  1  0  0  0  0  0  0  0  0 ]  [ 0  0  0  1  0  0  0  0  0  0 ]  [ 0  0  0  0  0  0  0  0  1  0 ]  [ 0  0  0  0  0  0  0  0  1  0 ]  [ 0  0  0  0  0  0  0  0  0  1 ]  [ 0  0  0  0  0  0  0  0  1  0 ]  [ 0  0  0  0  0  0  0  0  1  0 ]  [ 0  0  0  0  0  0  0  0  0  1 ]  [ 0  1  0  0  0  0  0  0  0  0 ]  [ 0  0  0  0  0  0  0  0  1  0 ]  [ 0  0  0  0  0  0  0  0  1  0 ]  [ 0  0  0  0  0  0  0  0  0  1 ]  [ 0  0  0  1  0  0  0  0  0  0 ]  [ 0  0  0  1  0  0  0  0  0  0 ]  [ 0  1  0  0  0  0  0  0  0  0 ]  [ 0  0  0  0  0  0  0  0  1  0 ]  [ 0  0  0  0  0  0  0  0  1  0 ]  [ 0  0  1  0  0  0  0  0  0  0 ]  [ 0  0  0  0  0  0  0  0  1  0 ]  [ 0  0  0  0  0  0  0  0  1  0 ]  [ 0  0  1  0  0  0  0  0  0  0 ]  [ 0  0  0  0  0  0  0  0  0  1 ]  [ 0  0  0  0  0  0  0  0  0  1 ]  [ 0  0  1  0  0  0  0  0  0  0 ]  [ 0  0  0  0  0  0  0  0  0  1 ]  [ 0  0  0  0  0  0  0  0  1  0 ]  [ 0  0  0  0  0  0  0  0  0  1 ]  [ 0  0  0  1  0  0  0  0  0  0 ]  [ 0  0  0  0  0  0  0  0  0  1 ]  [ 0  0  0  0  0  0  0  0  0  1 ]  [ 0  0  1  0  0  0  0  0  0  0 ]  [ 0  0  1  0  0  0  0  0  0  0 ]  [ 0  0  0  0  0  0  0  0  0  1 ]  [ 0  1  0  0  0  0  0  0  0  0 ]  [ 0  0  0  1  0  0  0  0  0  0 ]  [ 0  0  0  0  0  0  0  0  1  0 ]  [ 0  0  0  0  0  0  0  0  1  0 ]  [ 0  0  0  1  0  0  0  0  0  0 ]  [ 0  0  0  1  0  0  0  0  0  0 ]  [ 0  0  0  1  0  0  0  0  0  0 ]  [ 0  0  0  1  0  0  0  0  0  0 ]  [ 0  0  0  0  0  0  0  0  1  0 ]  [ 0  0  0  1  0  0  0  0  0  0 ]  [ 0  0  0  1  0  0  0  0  0  0 ]  [ 0  0  0  0  0  0  0  0  0  1 ]  [ 0  0  1  0  0  0  0  0  0  0 ]  [ 0  0  0  0  0  0  0  0  1  0 ]  [ 0  0  0  0  0  0  0  0  0  1 ]  [ 0  0  0  1  0  0  0  0  0  0 ]  [ 0  0  0  1  0  0  0  0  0  0 ]  [ 0  1  0  0  0  0  0  0  0  0 ]  [ 0  0  0  1  0  0  0  0  0  0 ]  [ 0  0  1  0  0  0  0  0  0  0 ]  [ 0  0  0  0  0  0  0  0  1  0 ]  [ 0  0  0  0  0  0  0  0  0  1 ]  [ 0  0  1  0  0  0  0  0  0  0 ]  [ 0  0  0  1  0  0  0  0  0  0 ]  [ 0  0  0  1  0  0  0  0  0  0 ]  [ 0  1  0  0  0  0  0  0  0  0 ]  [ 0  0  0  0  0  0  0  0  1  0 ]  [ 0  1  0  0  0  0  0  0  0  0 ]  [ 0  0  1  0  0  0  0  0  0  0 ]  [ 0  0  0  1  0  0  0  0  0  0 ]  [ 0  0  0  0  0  0  0  0  0  1 ]  [ 0  1  0  0  0  0  0  0  0  0 ]  [ 0  0  0  0  0  0  0  0  1  0 ]  [ 0  0  0  1  0  0  0  0  0  0 ]  [ 0  0  1  0  0  0  0  0  0  0 ]  [ 0  0  0  0  0  0  0  0  1  0 ]  [ 0  0  1  0  0  0  0  0  0  0 ]  [ 0  1  0  0  0  0  0  0  0  0 ]  [ 0  1  0  0  0  0  0  0  0  0 ]  [ 0  0  1  0  0  0  0  0  0  0 ]  [ 0  0  0  1  0  0  0  0  0  0 ]  [ 0  1  0  0  0  0  0  0  0  0 ]  [ 0  0  0  0  0  0  0  0  0  1 ]  [ 0  1  0  0  0  0  0  0  0  0 ]  [ 0  0  0  1  0  0  0  0  0  0 ]  [ 0  0  1  0  0  0  0  0  0  0 ]  [ 0  0  0  1  0  0  0  0  0  0 ]  [ 0  0  0  0  0  0  0  0  0  1 ]  [ 0  0  0  1  0  0  0  0  0  0 ]  [ 0  0  0  1  0  0  0  0  0  0 ]  [ 0  0  0  0  0  0  0  0  1  0 ]  [ 0  0  0  0  0  0  0  0  1  0 ]  [ 0  0  0  0  0  0  0  0  1  0 ]  [ 0  1  0  0  0  0  0  0  0  0 ]  [ 0  0  1  0  0  0  0  0  0  0 ]  [ 0  0  1  0  0  0  0  0  0  0 ]  [ 0  1  0  0  0  0  0  0  0  0 ]  [ 0  1  0  0  0  0  0  0  0  0 ]  [ 0  1  0  0  0  0  0  0  0  0 ]  [ 0  0  0  0  0  0  0  0  1  0 ]  [ 0  1  0  0  0  0  0  0  0  0 ]  [ 0  1  0  0  0  0  0  0  0  0 ]  [ 0  0  0  1  0  0  0  0  0  0 ]  [ 0  0  0  0  0  0  0  0  0  1 ]  [ 0  1  0  0  0  0  0  0  0  0 ]  [ 0  0  0  0  0  0  0  0  0  1 ]  [ 0  0  0  0  0  0  0  0  1  0 ]  [ 0  0  0  1  0  0  0  0  0  0 ]  [ 0  0  0  1  0  0  0  0  0  0 ]  [ 0  0  0  1  0  0  0  0  0  0 ]  [ 0  0  1  0  0  0  0  0  0  0 ]  [ 0  0  0  0  0  0  0  0  1  0 ]  [ 0  0  0  1  0  0  0  0  0  0 ]  [ 0  1  0  0  0  0  0  0  0  0 ]  [ 0  0  1  0  0  0  0  0  0  0 ]  [ 0  1  0  0  0  0  0  0  0  0 ]  [ 0  0  0  0  0  0  0  0  0  1 ]  [ 0  1  0  0  0  0  0  0  0  0 ]  [ 0  1  0  0  0  0  0  0  0  0 ]  [ 0  1  0  0  0  0  0  0  0  0 ]  [ 0  0  0  0  0  0  0  0  1  0 ]  [ 0  0  1  0  0  0  0  0  0  0 ]  [ 0  0  0  0  0  0  0  0  0  1 ]  [ 0  0  1  0  0  0  0  0  0  0 ]  [ 0  0  0  1  0  0  0  0  0  0 ]  [ 0  0  0  0  0  0  0  0  0  1 ]  [ 0  0  0  0  0  0  0  0  1  0 ]  [ 0  0  0  0  0  0  0  0  1  0 ]  [ 0  1  0  0  0  0  0  0  0  0 ]  [ 0  0  0  0  0  0  0  0  0  1 ]  [ 0  0  0  1  0  0  0  0  0  0 ]  [ 0  0  0  1  0  0  0  0  0  0 ]  [ 0  1  0  0  0  0  0  0  0  0 ]  [ 0  0  0  0  0  0  0  0  1  0 ]  [ 0  0  0  0  0  0  0  0  0  1 ]  [ 0  0  0  1  0  0  0  0  0  0 ]  [ 0  0  1  0  0  0  0  0  0  0 ]  [ 0  0  0  0  0  0  0  0  1  0 ]  [ 0  1  0  0  0  0  0  0  0  0 ]  [ 0  0  1  0  0  0  0  0  0  0 ]  [ 0  0  0  0  0  0  0  0  0  1 ]  [ 0  1  0  0  0  0  0  0  0  0 ]  [ 0  1  0  0  0  0  0  0  0  0 ]  [ 0  1  0  0  0  0  0  0  0  0 ]  [ 0  0  1  0  0  0  0  0  0  0 ]  [ 0  0  0  0  0  0  0  0  0  1 ]  [ 0  1  0  0  0  0  0  0  0  0 ]  [ 0  0  1  0  0  0  0  0  0  0 ]  [ 0  0  0  1  0  0  0  0  0  0 ]  [ 0  0  0  1  0  0  0  0  0  0 ]  [ 0  0  0  0  0  0  0  0  1  0 ]  [ 0  0  0  0  0  0  0  0  1  0 ]  [ 0  0  0  0  0  0  0  0  1  0 ]  [ 0  0  0  0  0  0  0  0  0  1 ]  [ 0  0  1  0  0  0  0  0  0  0 ]  [ 0  0  1  0  0  0  0  0  0  0 ]  [ 0  0  1  0  0  0  0  0  0  0 ]  [ 0  0  1  0  0  0  0  0  0  0 ]  [ 0  0  1  0  0  0  0  0  0  0 ]  [ 0  1  0  0  0  0  0  0  0  0 ]  [ 0  1  0  0  0  0  0  0  0  0 ]  [ 0  0  1  0  0  0  0  0  0  0 ]  [ 0  0  0  0  0  0  0  0  1  0 ]  [ 0  0  0  1  0  0  0  0  0  0 ]  [ 0  0  0  1  0  0  0  0  0  0 ]  [ 0  0  0  1  0  0  0  0  0  0 ]  [ 0  0  0  0  0  0  0  0  0  1 ]  [ 0  0  0  0  0  0  0  0  1  0 ]  [ 0  0  0  1  0  0  0  0  0  0 ]  [ 0  0  1  0  0  0  0  0  0  0 ]  [ 0  0  0  1  0  0  0  0  0  0 ]  [ 0  0  1  0  0  0  0  0  0  0 ]  [ 0  0  0  0  0  0  0  0  1  0 ]  [ 0  0  0  0  0  0  0  0  0  1 ]  [ 0  0  0  1  0  0  0  0  0  0 ]  [ 0  0  1  0  0  0  0  0  0  0 ]  [ 0  0  1  0  0  0  0  0  0  0 ]  [ 0  0  0  1  0  0  0  0  0  0 ]  [ 0  0  0  0  0  0  0  0  0  1 ]  [ 0  0  0  0  0  0  0  0  0  1 ]  [ 0  0  0  1  0  0  0  0  0  0 ]  [ 0  1  0  0  0  0  0  0  0  0 ]  [ 0  0  0  0  0  0  0  0  0  1 ]  [ 0  0  0  0  0  0  0  0  1  0 ]  [ 0  0  0  1  0  0  0  0  0  0 ]  [ 0  0  0  0  0  0  0  0  1  0 ]  [ 0  0  0  0  0  0  0  0  0  1 ]  [ 0  0  0  0  0  0  0  0  1  0 ]  [ 0  0  0  0  0  0  0  0  0  1 ]  [ 0  0  0  0  0  0  0  0  1  0 ]  [ 0  0  0  1  0  0  0  0  0  0 ]  [ 0  0  0  0  0  0  0  0  1  0 ]  [ 0  0  0  0  0  0  0  0  0  1 ]  [ 0  0  1  0  0  0  0  0  0  0 ]  [ 0  0  0  0  0  0  0  0  1  0 ]  [ 0  0  0  0  0  0  0  0  1  0 ]  [ 0  1  0  0  0  0  0  0  0  0 ]  [ 0  1  0  0  0  0  0  0  0  0 ]  [ 0  0  0  1  0  0  0  0  0  0 ]  [ 0  1  0  0  0  0  0  0  0  0 ]  [ 0  0  0  0  0  0  0  0  0  1 ]  [ 0  0  0  1  0  0  0  0  0  0 ]  [ 0  0  0  0  0  0  0  0  1  0 ]  [ 0  0  1  0  0  0  0  0  0  0 ]  [ 0  1  0  0  0  0  0  0  0  0 ]  [ 0  0  0  0  0  0  0  0  0  1 ]  [ 0  1  0  0  0  0  0  0  0  0 ]  [ 0  0  0  0  0  0  0  0  0  1 ]  [ 0  0  0  0  0  0  0  0  0  1 ]  [ 0  0  0  0  0  0  0  0  0  1 ]  [ 0  0  0  0  0  0  0  0  1  0 ]  [ 0  0  1  0  0  0  0  0  0  0 ]  [ 0  0  0  0  0  0  0  0  1  0 ]  [ 0  0  1  0  0  0  0  0  0  0 ]  [ 0  0  1  0  0  0  0  0  0  0 ]  [ 0  0  0  0  0  0  0  0  0  1 ]  [ 0  0  1  0  0  0  0  0  0  0 ]  [ 0  0  1  0  0  0  0  0  0  0 ]  [ 0  0  1  0  0  0  0  0  0  0 ]  [ 0  1  0  0  0  0  0  0  0  0 ]  [ 0  0  1  0  0  0  0  0  0  0 ]  [ 0  0  1  0  0  0  0  0  0  0 ]  [ 0  1  0  0  0  0  0  0  0  0 ]  [ 0  0  1  0  0  0  0  0  0  0 ]  [ 0  1  0  0  0  0  0  0  0  0 ]  [ 0  0  0  0  0  0  0  0  0  1 ]  [ 0  1  0  0  0  0  0  0  0  0 ]  [ 0  1  0  0  0  0  0  0  0  0 ]  [ 0  0  0  0  0  0  0  0  1  0 ]  [ 0  0  0  0  0  0  0  0  0  1 ]  [ 0  0  1  0  0  0  0  0  0  0 ]  [ 0  0  0  0  0  0  0  0  0  1 ]  [ 0  0  0  0  0  0  0  0  1  0 ]  [ 0  0  0  0  0  0  0  0  0  1 ]  [ 0  0  1  0  0  0  0  0  0  0 ]  [ 0  0  0  0  0  0  0  0  0  1 ]  [ 0  1  0  0  0  0  0  0  0  0 ]  [ 0  0  1  0  0  0  0  0  0  0 ]  [ 0  0  0  1  0  0  0  0  0  0 ]  [ 0  0  0  0  0  0  0  0  1  0 ]  [ 0  1  0  0  0  0  0  0  0  0 ]  [ 0  0  0  1  0  0  0  0  0  0 ]  [ 0  0  1  0  0  0  0  0  0  0 ]  [ 0  0  0  1  0  0  0  0  0  0 ]  [ 0  0  0  0  0  0  0  0  0  1 ]  [ 0  0  0  0  0  0  0  0  0  1 ]  [ 0  0  0  1  0  0  0  0  0  0 ]  [ 0  0  0  1  0  0  0  0  0  0 ]  [ 0  0  0  1  0  0  0  0  0  0 ]  [ 0  0  0  1  0  0  0  0  0  0 ]  [ 0  0  0  0  0  0  0  0  1  0 ]  [ 0  0  1  0  0  0  0  0  0  0 ]  [ 0  0  0  0  0  0  0  0  1  0 ]  [ 0  1  0  0  0  0  0  0  0  0 ]  [ 0  0  0  0  0  0  0  0  1  0 ]  [ 0  0  0  0  0  0  0  0  0  1 ]  [ 0  0  1  0  0  0  0  0  0  0 ]  [ 0  0  0  0  0  0  0  0  0  1 ]  [ 0  0  0  0  0  0  0  0  0  1 ]  [ 0  0  0  0  0  0  0  0  0  1 ]  [ 0  0  0  0  0  0  0  0  1  0 ]  [ 0  0  0  0  0  0  0  0  1  0 ]  [ 0  0  0  0  0  0  0  0  0  1 ]  [ 0  1  0  0  0  0  0  0  0  0 ]  [ 0  0  1  0  0  0  0  0  0  0 ]  [ 0  0  1  0  0  0  0  0  0  0 ]  [ 0  0  0  0  0  0  0  0  0  1 ]  [ 0  1  0  0  0  0  0  0  0  0 ]  [ 0  0  0  0  0  0  0  0  1  0 ]  [ 0  0  0  0  0  0  0  0  1  0 ]  [ 0  0  0  0  0  0  0  0  0  1 ]  [ 0  0  1  0  0  0  0  0  0  0 ]  [ 0  0  0  1  0  0  0  0  0  0 ]  [ 0  0  1  0  0  0  0  0  0  0 ]  [ 0  0  0  0  0  0  0  0  1  0 ]  [ 0  0  0  1  0  0  0  0  0  0 ]  [ 0  0  0  1  0  0  0  0  0  0 ]  [ 0  0  0  0  0  0  0  0  0  1 ]  [ 0  1  0  0  0  0  0  0  0  0 ]  [ 0  0  0  1  0  0  0  0  0  0 ]  [ 0  0  0  0  0  0  0  0  0  1 ]  [ 0  0  0  0  0  0  0  0  1  0 ]  [ 0  1  0  0  0  0  0  0  0  0 ]  [ 0  0  0  0  0  0  0  0  1  0 ]  [ 0  0  0  1  0  0  0  0  0  0 ]  [ 0  0  0  1  0  0  0  0  0  0 ]  [ 0  0  1  0  0  0  0  0  0  0 ]  [ 0  0  0  0  0  0  0  0  1  0 ]  [ 0  0  0  1  0  0  0  0  0  0 ]  [ 0  0  1  0  0  0  0  0  0  0 ]  [ 0  0  0  1  0  0  0  0  0  0 ]  [ 0  0  0  1  0  0  0  0  0  0 ]  [ 0  0  0  0  0  0  0  0  0  1 ]  [ 0  0  1  0  0  0  0  0  0  0 ]  [ 0  1  0  0  0  0  0  0  0  0 ]  [ 0  0  0  0  0  0  0  0  1  0 ]  [ 0  0  0  0  0  0  0  0  1  0 ]  [ 0  0  0  0  0  0  0  0  1  0 ]  [ 0  1  0  0  0  0  0  0  0  0 ]  [ 0  1  0  0  0  0  0  0  0  0 ]  [ 0  0  0  0  0  0  0  0  1  0 ]  [ 0  0  0  0  0  0  0  0  1  0 ]  [ 0  0  0  0  0  0  0  0  0  1 ]  [ 0  1  0  0  0  0  0  0  0  0 ]  [ 0  0  0  0  0  0  0  0  1  0 ]  [ 0  0  0  0  0  0  0  0  0  1 ]  [ 0  1  0  0  0  0  0  0  0  0 ]  [ 0  0  0  0  0  0  0  0  1  0 ]  [ 0  0  0  1  0  0  0  0  0  0 ]  [ 0  0  0  1  0  0  0  0  0  0 ]  [ 0  0  0  0  0  0  0  0  0  1 ]  [ 0  0  0  0  0  0  0  0  0  1 ]  [ 0  1  0  0  0  0  0  0  0  0 ]  [ 0  1  0  0  0  0  0  0  0  0 ]  [ 0  0  0  1  0  0  0  0  0  0 ]  [ 0  0  1  0  0  0  0  0  0  0 ]  [ 0  0  0  1  0  0  0  0  0  0 ]  [ 0  0  1  0  0  0  0  0  0  0 ]  [ 0  0  0  0  0  0  0  0  0  1 ]  [ 0  1  0  0  0  0  0  0  0  0 ]  [ 0  1  0  0  0  0  0  0  0  0 ]  [ 0  0  0  1  0  0  0  0  0  0 ]  [ 0  1  0  0  0  0  0  0  0  0 ]  [ 0  0  0  1  0  0  0  0  0  0 ]  [ 0  0  0  0  0  0  0  0  1  0 ]  [ 0  0  0  0  0  0  0  0  0  1 ]  [ 0  0  1  0  0  0  0  0  0  0 ]  [ 0  0  1  0  0  0  0  0  0  0 ]  [ 0  1  0  0  0  0  0  0  0  0 ]  [ 0  0  0  1  0  0  0  0  0  0 ]  [ 0  0  0  1  0  0  0  0  0  0 ]  [ 0  0  0  0  0  0  0  0  1  0 ]  [ 0  0  0  0  0  0  0  0  0  1 ]  [ 0  0  1  0  0  0  0  0  0  0 ]  [ 0  0  0  1  0  0  0  0  0  0 ]  [ 0  0  0  0  0  0  0  0  1  0 ]  [ 0  0  0  0  0  0  0  0  1  0 ]  [ 0  0  0  1  0  0  0  0  0  0 ]  [ 0  0  0  0  0  0  0  0  1  0 ]  [ 0  1  0  0  0  0  0  0  0  0 ]  [ 0  0  0  1  0  0  0  0  0  0 ]  [ 0  0  0  0  0  0  0  0  1  0 ]  [ 0  0  1  0  0  0  0  0  0  0 ]  [ 0  0  0  1  0  0  0  0  0  0 ]  [ 0  0  0  0  0  0  0  0  0  1 ]  [ 0  0  1  0  0  0  0  0  0  0 ]  [ 0  1  0  0  0  0  0  0  0  0 ]  [ 0  1  0  0  0  0  0  0  0  0 ]  [ 0  0  1  0  0  0  0  0  0  0 ]  [ 0  1  0  0  0  0  0  0  0  0 ]  [ 0  0  0  1  0  0  0  0  0  0 ]  [ 0  0  0  0  0  0  0  0  0  1 ]  [ 0  0  0  0  0  0  0  0  0  1 ]  [ 0  0  0  1  0  0  0  0  0  0 ]  [ 0  0  0  0  0  0  0  0  0  1 ]  [ 0  0  0  0  0  0  0  0  0  1 ]  [ 0  1  0  0  0  0  0  0  0  0 ]  [ 0  0  0  1  0  0  0  0  0  0 ]  [ 0  0  0  0  0  0  0  0  0  1 ]  [ 0  1  0  0  0  0  0  0  0  0 ]  [ 0  0  0  0  0  0  0  0  0  1 ]  [ 0  0  0  0  0  0  0  0  1  0 ]  [ 0  0  1  0  0  0  0  0  0  0 ]  [ 0  0  0  0  0  0  0  0  1  0 ]  [ 0  0  0  1  0  0  0  0  0  0 ]  [ 0  0  0  0  0  0  0  0  0  1 ]  [ 0  0  0  0  0  0  0  0  0  1 ]  [ 0  0  0  0  0  0  0  0  1  0 ]  [ 0  0  1  0  0  0  0  0  0  0 ]  [ 0  0  0  0  0  0  0  0  0  1 ]  [ 0  0  0  0  0  0  0  0  0  1 ]  [ 0  0  1  0  0  0  0  0  0  0 ]  [ 0  1  0  0  0  0  0  0  0  0 ]  [ 0  0  0  0  0  0  0  0  0  1 ]  [ 0  0  1  0  0  0  0  0  0  0 ]  [ 0  1  0  0  0  0  0  0  0  0 ]  [ 0  0  1  0  0  0  0  0  0  0 ]  [ 0  0  0  1  0  0  0  0  0  0 ]  [ 0  0  0  0  0  0  0  0  0  1 ]  [ 0  0  0  0  0  0  0  0  1  0 ]  [ 0  0  0  0  0  0  0  0  1  0 ]  [ 0  0  0  0  0  0  0  0  0  1 ]  [ 0  0  0  0  0  0  0  0  1  0 ]  [ 0  0  0  1  0  0  0  0  0  0 ]  [ 0  0  1  0  0  0  0  0  0  0 ]  [ 0  0  1  0  0  0  0  0  0  0 ]  [ 0  0  0  0  0  0  0  0  0  1 ]  [ 0  0  0  0  0  0  0  0  0  1 ]  [ 0  0  0  0  0  0  0  0  1  0 ]  [ 0  0  0  0  0  0  0  0  0  1 ]  [ 0  0  0  1  0  0  0  0  0  0 ]  [ 0  0  0  1  0  0  0  0  0  0 ]  [ 0  0  0  1  0  0  0  0  0  0 ]  [ 0  1  0  0  0  0  0  0  0  0 ]  [ 0  0  1  0  0  0  0  0  0  0 ]  [ 0  0  0  0  0  0  0  0  1  0 ]  [ 0  0  0  1  0  0  0  0  0  0 ]  [ 0  0  0  0  0  0  0  0  0  1 ]  [ 0  0  0  1  0  0  0  0  0  0 ]  [ 0  0  0  1  0  0  0  0  0  0 ]  [ 0  0  0  0  0  0  0  0  1  0 ]  [ 0  0  0  0  0  0  0  0  1  0 ]  [ 0  0  0  0  0  0  0  0  0  1 ]  [ 0  0  0  1  0  0  0  0  0  0 ]  [ 0  1  0  0  0  0  0  0  0  0 ]  [ 0  0  1  0  0  0  0  0  0  0 ]  [ 0  0  0  1  0  0  0  0  0  0 ]  [ 0  0  1  0  0  0  0  0  0  0 ]  [ 0  0  1  0  0  0  0  0  0  0 ]  [ 0  0  0  0  0  0  0  0  0  1 ]  [ 0  0  0  0  0  0  0  0  0  1 ]  [ 0  0  1  0  0  0  0  0  0  0 ]  [ 0  0  1  0  0  0  0  0  0  0 ]  [ 0  0  0  0  0  0  0  0  1  0 ]  [ 0  0  0  0  0  0  0  0  0  1 ]  [ 0  1  0  0  0  0  0  0  0  0 ]  [ 0  0  0  0  0  0  0  0  0  1 ]  [ 0  0  0  0  0  0  0  0  1  0 ]  [ 0  0  1  0  0  0  0  0  0  0 ]  [ 0  0  0  1  0  0  0  0  0  0 ]  [ 0  0  1  0  0  0  0  0  0  0 ]  [ 0  0  0  0  0  0  0  0  1  0 ]  [ 0  0  0  0  0  0  0  0  1  0 ]  [ 0  0  0  1  0  0  0  0  0  0 ]  [ 0  0  0  1  0  0  0  0  0  0 ]  [ 0  0  0  0  0  0  0  0  0  1 ]  [ 0  0  1  0  0  0  0  0  0  0 ]  [ 0  1  0  0  0  0  0  0  0  0 ]  [ 0  1  0  0  0  0  0  0  0  0 ]  [ 0  1  0  0  0  0  0  0  0  0 ]  [ 0  0  0  1  0  0  0  0  0  0 ]  [ 0  0  0  0  0  0  0  0  1  0 ]  [ 0  0  0  0  0  0  0  0  1  0 ]  [ 0  0  0  0  0  0  0  0  0  1 ]  [ 0  1  0  0  0  0  0  0  0  0 ]  [ 0  0  0  0  0  0  0  0  0  1 ]  [ 0  0  0  1  0  0  0  0  0  0 ]  [ 0  1  0  0  0  0  0  0  0  0 ]  [ 0  0  0  0  0  0  0  0  1  0 ]  [ 0  0  0  0  0  0  0  0  0  1 ]  [ 0  0  0  0  0  0  0  0  0  1 ]  [ 0  0  1  0  0  0  0  0  0  0 ]  [ 0  0  0  0  0  0  0  0  0  1 ]  [ 0  0  0  0  0  0  0  0  0  1 ]  [ 0  0  0  0  0  0  0  0  1  0 ]  [ 0  0  0  0  0  0  0  0  1  0 ]  [ 0  0  0  0  0  0  0  0  1  0 ]  [ 0  0  1  0  0  0  0  0  0  0 ]  [ 0  0  0  0  0  0  0  0  1  0 ]  [ 0  0  1  0  0  0  0  0  0  0 ]  [ 0  0  0  0  0  0  0  0  1  0 ]  [ 0  0  0  0  0  0  0  0  0  1 ]  [ 0  0  0  0  0  0  0  0  1  0 ]  [ 0  0  0  0  0  0  0  0  1  0 ]  [ 0  1  0  0  0  0  0  0  0  0 ]  [ 0  1  0  0  0  0  0  0  0  0 ]  [ 0  0  1  0  0  0  0  0  0  0 ]  [ 0  0  0  0  0  0  0  0  0  1 ]  [ 0  0  0  0  0  0  0  0  0  1 ]  [ 0  0  1  0  0  0  0  0  0  0 ]  [ 0  0  0  1  0  0  0  0  0  0 ]  [ 0  0  0  1  0  0  0  0  0  0 ]  [ 0  0  1  0  0  0  0  0  0  0 ]  [ 0  0  0  0  0  0  0  0  1  0 ]  [ 0  1  0  0  0  0  0  0  0  0 ]  [ 0  0  0  1  0  0  0  0  0  0 ]  [ 0  1  0  0  0  0  0  0  0  0 ]  [ 0  0  0  0  0  0  0  0  0  1 ]  [ 0  0  1  0  0  0  0  0  0  0 ]  [ 0  1  0  0  0  0  0  0  0  0 ]  [ 0  0  0  0  0  0  0  0  0  1 ]  [ 0  1  0  0  0  0  0  0  0  0 ]  [ 0  0  0  0  0  0  0  0  0  1 ]  [ 0  0  0  0  0  0  0  0  0  1 ]  [ 0  0  0  1  0  0  0  0  0  0 ]  [ 0  1  0  0  0  0  0  0  0  0 ]  [ 0  1  0  0  0  0  0  0  0  0 ]  [ 0  1  0  0  0  0  0  0  0  0 ]  [ 0  0  0  0  0  0  0  0  1  0 ]  [ 0  0  0  0  0  0  0  0  0  1 ]  [ 0  0  0  0  0  0  0  0  1  0 ]  [ 0  0  1  0  0  0  0  0  0  0 ]  [ 0  0  1  0  0  0  0  0  0  0 ]  [ 0  0  1  0  0  0  0  0  0  0 ]  [ 0  0  0  1  0  0  0  0  0  0 ]  [ 0  0  1  0  0  0  0  0  0  0 ]  [ 0  0  0  0  0  0  0  0  1  0 ]  [ 0  0  0  0  0  0  0  0  0  1 ]  [ 0  0  0  0  0  0  0  0  1  0 ]  [ 0  0  0  0  0  0  0  0  1  0 ]  [ 0  0  0  0  0  0  0  0  0  1 ]  [ 0  0  0  1  0  0  0  0  0  0 ]  [ 0  0  0  0  0  0  0  0  1  0 ]  [ 0  0  0  0  0  0  0  0  0  1 ]  [ 0  0  0  0  0  0  0  0  1  0 ]  [ 0  0  1  0  0  0  0  0  0  0 ]  [ 0  1  0  0  0  0  0  0  0  0 ]  [ 0  0  0  0  0  0  0  0  0  1 ]  [ 0  0  0  1  0  0  0  0  0  0 ]  [ 0  0  0  1  0  0  0  0  0  0 ]  [ 0  0  0  0  0  0  0  0  1  0 ]  [ 0  0  0  0  0  0  0  0  1  0 ]  [ 0  0  0  1  0  0  0  0  0  0 ]  [ 0  0  1  0  0  0  0  0  0  0 ]  [ 0  0  0  1  0  0  0  0  0  0 ]  [ 0  0  0  0  0  0  0  0  0  1 ]  [ 0  0  1  0  0  0  0  0  0  0 ]  [ 0  0  0  0  0  0  0  0  1  0 ]  [ 0  0  1  0  0  0  0  0  0  0 ]  [ 0  0  0  1  0  0  0  0  0  0 ]  [ 0  0  1  0  0  0  0  0  0  0 ]  [ 0  0  0  0  0  0  0  0  1  0 ]  [ 0  0  1  0  0  0  0  0  0  0 ]  [ 0  0  1  0  0  0  0  0  0  0 ]  [ 0  0  1  0  0  0  0  0  0  0 ]  [ 0  0  1  0  0  0  0  0  0  0 ]  [ 0  0  0  0  0  0  0  0  1  0 ]  [ 0  0  1  0  0  0  0  0  0  0 ]  [ 0  0  1  0  0  0  0  0  0  0 ]  [ 0  0  0  0  0  0  0  0  1  0 ]  [ 0  0  0  0  0  0  0  0  1  0 ]  [ 0  0  0  0  0  0  0  0  0  1 ]  [ 0  0  1  0  0  0  0  0  0  0 ]  [ 0  0  0  0  0  0  0  0  1  0 ]  [ 0  0  0  1  0  0  0  0  0  0 ]  [ 0  0  1  0  0  0  0  0  0  0 ]  [ 0  1  0  0  0  0  0  0  0  0 ]  [ 0  0  0  1  0  0  0  0  0  0 ]  [ 0  0  1  0  0  0  0  0  0  0 ]  [ 0  0  0  0  0  0  0  0  1  0 ]  [ 0  0  1  0  0  0  0  0  0  0 ]  [ 0  0  0  0  0  0  0  0  0  1 ]  [ 0  0  0  1  0  0  0  0  0  0 ]  [ 0  0  1  0  0  0  0  0  0  0 ]  [ 0  0  1  0  0  0  0  0  0  0 ]  [ 0  0  0  0  0  0  0  0  0  1 ]  [ 0  0  0  1  0  0  0  0  0  0 ]  [ 0  0  0  0  0  0  0  0  0  1 ]  [ 0  0  0  0  0  0  0  0  1  0 ]  [ 0  1  0  0  0  0  0  0  0  0 ]  [ 0  0  0  1  0  0  0  0  0  0 ]  [ 0  0  0  1  0  0  0  0  0  0 ]  [ 0  0  0  1  0  0  0  0  0  0 ]  [ 0  1  0  0  0  0  0  0  0  0 ]  [ 0  0  0  0  0  0  0  0  0  1 ]  [ 0  0  0  1  0  0  0  0  0  0 ]  [ 0  0  1  0  0  0  0  0  0  0 ]  [ 0  0  0  0  0  0  0  0  0  1 ]  [ 0  1  0  0  0  0  0  0  0  0 ]  [ 0  0  0  0  0  0  0  0  1  0 ]  [ 0  0  1  0  0  0  0  0  0  0 ]  [ 0  0  1  0  0  0  0  0  0  0 ]  [ 0  0  1  0  0  0  0  0  0  0 ]  [ 0  0  1  0  0  0  0  0  0  0 ]  [ 0  0  1  0  0  0  0  0  0  0 ]  [ 0  0  1  0  0  0  0  0  0  0 ]  [ 0  0  0  0  0  0  0  0  0  1 ]  [ 0  1  0  0  0  0  0  0  0  0 ]  [ 0  0  0  1  0  0  0  0  0  0 ]  [ 0  1  0  0  0  0  0  0  0  0 ]  [ 0  0  0  0  0  0  0  0  1  0 ]  [ 0  1  0  0  0  0  0  0  0  0 ]  [ 0  1  0  0  0  0  0  0  0  0 ]  [ 0  1  0  0  0  0  0  0  0  0 ]  [ 0  0  1  0  0  0  0  0  0  0 ]  [ 0  0  0  1  0  0  0  0  0  0 ]  [ 0  0  0  0  0  0  0  0  0  1 ]  [ 0  1  0  0  0  0  0  0  0  0 ]  [ 0  0  1  0  0  0  0  0  0  0 ]  [ 0  0  0  1  0  0  0  0  0  0 ]  [ 0  1  0  0  0  0  0  0  0  0 ]  [ 0  0  1  0  0  0  0  0  0  0 ]  [ 0  0  0  1  0  0  0  0  0  0 ]  [ 0  0  0  1  0  0  0  0  0  0 ]  [ 0  0  0  0  0  0  0  0  0  1 ]  [ 0  1  0  0  0  0  0  0  0  0 ]  [ 0  0  1  0  0  0  0  0  0  0 ]  [ 0  0  0  0  0  0  0  0  0  1 ]  [ 0  0  0  0  0  0  0  0  0  1 ]  [ 0  1  0  0  0  0  0  0  0  0 ]  [ 0  0  0  0  0  0  0  0  1  0 ]  [ 0  1  0  0  0  0  0  0  0  0 ]  [ 0  0  0  1  0  0  0  0  0  0 ]  [ 0  0  0  0  0  0  0  0  1  0 ]  [ 0  0  0  1  0  0  0  0  0  0 ]  [ 0  0  0  0  0  0  0  0  0  1 ]  [ 0  0  0  0  0  0  0  0  1  0 ]  [ 0  0  0  1  0  0  0  0  0  0 ]  [ 0  0  1  0  0  0  0  0  0  0 ]  [ 0  0  0  0  0  0  0  0  0  1 ]  [ 0  0  0  0  0  0  0  0  0  1 ]  [ 0  0  0  0  0  0  0  0  0  1 ]  [ 0  0  0  1  0  0  0  0  0  0 ]  [ 0  0  0  0  0  0  0  0  1  0 ]  [ 0  0  1  0  0  0  0  0  0  0 ]  [ 0  0  0  0  0  0  0  0  0  1 ]  [ 0  0  1  0  0  0  0  0  0  0 ]  [ 0  0  0  0  0  0  0  0  1  0 ]  [ 0  0  0  0  0  0  0  0  0  1 ]  [ 0  0  0  0  0  0  0  0  0  1 ]  [ 0  0  1  0  0  0  0  0  0  0 ]  [ 0  0  0  1  0  0  0  0  0  0 ]  [ 0  1  0  0  0  0  0  0  0  0 ]  [ 0  0  0  0  0  0  0  0  0  1 ]  [ 0  1  0  0  0  0  0  0  0  0 ]  [ 0  1  0  0  0  0  0  0  0  0 ]  [ 0  0  0  0  0  0  0  0  1  0 ]  [ 0  1  0  0  0  0  0  0  0  0 ]  [ 0  0  0  0  0  0  0  0  0  1 ]  [ 0  0  0  1  0  0  0  0  0  0 ]  [ 0  0  0  1  0  0  0  0  0  0 ]  [ 0  0  1  0  0  0  0  0  0  0 ]  [ 0  0  0  1  0  0  0  0  0  0 ]  [ 0  1  0  0  0  0  0  0  0  0 ]  [ 0  0  1  0  0  0  0  0  0  0 ]  [ 0  0  0  0  0  0  0  0  1  0 ]  [ 0  0  1  0  0  0  0  0  0  0 ]  [ 0  0  1  0  0  0  0  0  0  0 ]  [ 0  0  0  0  0  0  0  0  0  1 ]  [ 0  0  0  1  0  0  0  0  0  0 ]  [ 0  0  1  0  0  0  0  0  0  0 ]  [ 0  0  1  0  0  0  0  0  0  0 ]  [ 0  0  0  0  0  0  0  0  0  1 ]  [ 0  0  0  0  0  0  0  0  1  0 ]  [ 0  0  1  0  0  0  0  0  0  0 ]  [ 0  0  0  1  0  0  0  0  0  0 ]  [ 0  1  0  0  0  0  0  0  0  0 ]  [ 0  0  0  1  0  0  0  0  0  0 ]  [ 0  0  0  0  0  0  0  0  1  0 ]  [ 0  0  0  0  0  0  0  0  1  0 ]  [ 0  0  0  0  0  0  0  0  0  1 ]  [ 0  0  0  0  0  0  0  0  0  1 ]  [ 0  0  0  0  0  0  0  0  0  1 ]  [ 0  0  0  0  0  0  0  0  1  0 ]  [ 0  0  1  0  0  0  0  0  0  0 ]  [ 0  0  1  0  0  0  0  0  0  0 ]  [ 0  0  1  0  0  0  0  0  0  0 ]  [ 0  1  0  0  0  0  0  0  0  0 ]  [ 0  0  1  0  0  0  0  0  0  0 ]  [ 0  0  1  0  0  0  0  0  0  0 ]  [ 0  1  0  0  0  0  0  0  0  0 ]  [ 0  0  1  0  0  0  0  0  0  0 ]  [ 0  1  0  0  0  0  0  0  0  0 ]  [ 0  0  1  0  0  0  0  0  0  0 ]  [ 0  0  0  0  0  0  0  0  1  0 ]  [ 0  0  0  1  0  0  0  0  0  0 ]  [ 0  1  0  0  0  0  0  0  0  0 ]  [ 0  0  0  0  0  0  0  0  0  1 ]  [ 0  0  0  0  0  0  0  0  0  1 ]  [ 0  0  0  0  0  0  0  0  0  1 ]  [ 0  1  0  0  0  0  0  0  0  0 ]  [ 0  0  0  1  0  0  0  0  0  0 ]  [ 0  0  0  0  0  0  0  0  0  1 ]  [ 0  0  0  0  0  0  0  0  1  0 ]  [ 0  0  1  0  0  0  0  0  0  0 ]  [ 0  1  0  0  0  0  0  0  0  0 ]  [ 0  0  0  0  0  0  0  0  1  0 ]  [ 0  1  0  0  0  0  0  0  0  0 ]  [ 0  0  0  1  0  0  0  0  0  0 ]  [ 0  0  0  0  0  0  0  0  1  0 ]  [ 0  0  0  0  0  0  0  0  1  0 ]  [ 0  0  0  0  0  0  0  0  0  1 ]  [ 0  0  1  0  0  0  0  0  0  0 ]  [ 0  0  0  1  0  0  0  0  0  0 ]  [ 0  0  0  0  0  0  0  0  1  0 ]  [ 0  0  1  0  0  0  0  0  0  0 ]  [ 0  0  0  0  0  0  0  0  1  0 ]  [ 0  0  0  0  0  0  0  0  0  1 ]  [ 0  0  0  0  0  0  0  0  1  0 ]  [ 0  0  0  0  0  0  0  0  0  1 ]  [ 0  0  0  0  0  0  0  0  0  1 ]  [ 0  0  0  1  0  0  0  0  0  0 ]  [ 0  0  0  1  0  0  0  0  0  0 ]  [ 0  1  0  0  0  0  0  0  0  0 ]  [ 0  0  0  1  0  0  0  0  0  0 ]  [ 0  0  0  0  0  0  0  0  1  0 ]  [ 0  0  1  0  0  0  0  0  0  0 ]  [ 0  0  0  1  0  0  0  0  0  0 ]  [ 0  0  1  0  0  0  0  0  0  0 ]  [ 0  1  0  0  0  0  0  0  0  0 ]  [ 0  0  0  0  0  0  0  0  0  1 ]  [ 0  1  0  0  0  0  0  0  0  0 ]  [ 0  1  0  0  0  0  0  0  0  0 ]  [ 0  0  0  0  0  0  0  0  0  1 ]  [ 0  1  0  0  0  0  0  0  0  0 ]  [ 0  0  0  0  0  0  0  0  1  0 ]  [ 0  0  0  0  0  0  0  0  1  0 ]  [ 0  1  0  0  0  0  0  0  0  0 ]  [ 0  1  0  0  0  0  0  0  0  0 ]  [ 0  1  0  0  0  0  0  0  0  0 ]  [ 0  0  0  0  0  0  0  0  1  0 ]  [ 0  0  0  0  0  0  0  0  0  1 ]  [ 0  0  0  0  0  0  0  0  1  0 ]  [ 0  1  0  0  0  0  0  0  0  0 ]  [ 0  1  0  0  0  0  0  0  0  0 ]  [ 0  0  0  1  0  0  0  0  0  0 ]  [ 0  1  0  0  0  0  0  0  0  0 ]  [ 0  0  1  0  0  0  0  0  0  0 ]  [ 0  0  1  0  0  0  0  0  0  0 ]  [ 0  0  0  0  0  0  0  0  0  1 ]  [ 0  0  0  1  0  0  0  0  0  0 ]  [ 0  0  0  0  0  0  0  0  1  0 ]  [ 0  0  0  0  0  0  0  0  0  1 ]  [ 0  0  1  0  0  0  0  0  0  0 ]  [ 0  0  0  0  0  0  0  0  0  1 ]  [ 0  0  0  1  0  0  0  0  0  0 ]  [ 0  0  0  0  0  0  0  0  1  0 ]  [ 0  0  0  1  0  0  0  0  0  0 ]  [ 0  0  0  0  0  0  0  0  0  1 ]  [ 0  0  0  0  0  0  0  0  0  1 ]  [ 0  0  0  1  0  0  0  0  0  0 ]  [ 0  0  1  0  0  0  0  0  0  0 ]  [ 0  0  0  1  0  0  0  0  0  0 ]  [ 0  0  0  0  0  0  0  0  1  0 ]  [ 0  0  1  0  0  0  0  0  0  0 ]  [ 0  0  1  0  0  0  0  0  0  0 ]  [ 0  0  0  0  0  0  0  0  0  1 ]  [ 0  0  0  0  0  0  0  0  0  1 ]  [ 0  1  0  0  0  0  0  0  0  0 ]  [ 0  1  0  0  0  0  0  0  0  0 ]  [ 0  1  0  0  0  0  0  0  0  0 ]  [ 0  0  0  1  0  0  0  0  0  0 ]  [ 0  0  1  0  0  0  0  0  0  0 ]  [ 0  0  0  1  0  0  0  0  0  0 ]  [ 0  0  0  0  0  0  0  0  1  0 ]  [ 0  0  0  0  0  0  0  0  1  0 ]  [ 0  0  0  0  0  0  0  0  1  0 ]  [ 0  0  0  1  0  0  0  0  0  0 ]  [ 0  1  0  0  0  0  0  0  0  0 ]  [ 0  0  0  1  0  0  0  0  0  0 ]  [ 0  0  0  0  0  0  0  0  1  0 ]  [ 0  1  0  0  0  0  0  0  0  0 ]  [ 0  1  0  0  0  0  0  0  0  0 ]  [ 0  0  0  1  0  0  0  0  0  0 ]  [ 0  0  0  1  0  0  0  0  0  0 ]  [ 0  1  0  0  0  0  0  0  0  0 ]  [ 0  0  1  0  0  0  0  0  0  0 ]  [ 0  0  1  0  0  0  0  0  0  0 ]  [ 0  0  0  0  0  0  0  0  1  0 ]  [ 0  0  0  0  0  0  0  0  1  0 ]  [ 0  0  1  0  0  0  0  0  0  0 ]  [ 0  0  1  0  0  0  0  0  0  0 ]  [ 0  0  0  1  0  0  0  0  0  0 ]  [ 0  0  0  0  0  0  0  0  0  1 ]  [ 0  0  0  0  0  0  0  0  1  0 ]  [ 0  1  0  0  0  0  0  0  0  0 ]  [ 0  0  0  0  0  0  0  0  0  1 ]  [ 0  1  0  0  0  0  0  0  0  0 ]  [ 0  0  1  0  0  0  0  0  0  0 ]  [ 0  0  1  0  0  0  0  0  0  0 ]  [ 0  0  1  0  0  0  0  0  0  0 ]  [ 0  0  0  0  0  0  0  0  1  0 ]  [ 0  0  0  1  0  0  0  0  0  0 ]  [ 0  0  1  0  0  0  0  0  0  0 ]  [ 0  0  0  0  0  0  0  0  1  0 ]  [ 0  0  1  0  0  0  0  0  0  0 ]  [ 0  0  0  1  0  0  0  0  0  0 ]  [ 0  0  0  1  0  0  0  0  0  0 ]  [ 0  1  0  0  0  0  0  0  0  0 ]  [ 0  0  0  0  0  0  0  0  1  0 ]  [ 0  0  0  1  0  0  0  0  0  0 ]  [ 0  0  1  0  0  0  0  0  0  0 ]  [ 0  0  0  0  0  0  0  0  1  0 ]  [ 0  0  0  0  0  0  0  0  0  1 ]  [ 0  0  0  0  0  0  0  0  0  1 ]  [ 0  1  0  0  0  0  0  0  0  0 ]  [ 0  1  0  0  0  0  0  0  0  0 ]  [ 0  0  0  1  0  0  0  0  0  0 ]  [ 0  0  1  0  0  0  0  0  0  0 ]  [ 0  0  0  0  0  0  0  0  0  1 ]  [ 0  0  0  0  0  0  0  0  0  1 ]  [ 0  0  0  0  0  0  0  0  1  0 ]  [ 0  1  0  0  0  0  0  0  0  0 ]  [ 0  0  0  0  0  0  0  0  1  0 ]  [ 0  0  0  1  0  0  0  0  0  0 ]  [ 0  0  1  0  0  0  0  0  0  0 ]  [ 0  0  1  0  0  0  0  0  0  0 ]  [ 0  0  0  0  0  0  0  0  0  1 ]  [ 0  1  0  0  0  0  0  0  0  0 ]  [ 0  1  0  0  0  0  0  0  0  0 ]  [ 0  0  0  0  0  0  0  0  1  0 ]  [ 0  0  0  0  0  0  0  0  0  1 ]  [ 0  1  0  0  0  0  0  0  0  0 ]  [ 0  1  0  0  0  0  0  0  0  0 ]  [ 0  0  0  0  0  0  0  0  0  1 ]  [ 0  0  0  0  0  0  0  0  1  0 ]  [ 0  0  0  0  0  0  0  0  1  0 ]  [ 0  0  1  0  0  0  0  0  0  0 ]  [ 0  0  1  0  0  0  0  0  0  0 ]  [ 0  0  0  0  0  0  0  0  0  1 ]  [ 0  1  0  0  0  0  0  0  0  0 ]  [ 0  0  0  0  0  0  0  0  1  0 ]  [ 0  0  0  0  0  0  0  0  1  0 ]  [ 0  0  0  1  0  0  0  0  0  0 ]  [ 0  0  0  0  0  0  0  0  1  0 ]  [ 0  1  0  0  0  0  0  0  0  0 ]  [ 0  0  0  0  0  0  0  0  1  0 ]  [ 0  1  0  0  0  0  0  0  0  0 ]  [ 0  0  1  0  0  0  0  0  0  0 ]  [ 0  0  0  1  0  0  0  0  0  0 ]  [ 0  0  0  0  0  0  0  0  1  0 ]  [ 0  0  0  0  0  0  0  0  1  0 ]  [ 0  1  0  0  0  0  0  0  0  0 ]  [ 0  1  0  0  0  0  0  0  0  0 ]  [ 0  1  0  0  0  0  0  0  0  0 ]  [ 0  0  0  0  0  0  0  0  0  1 ]  [ 0  0  1  0  0  0  0  0  0  0 ]  [ 0  0  0  0  0  0  0  0  1  0 ]  [ 0  0  0  0  0  0  0  0  1  0 ]  [ 0  0  0  0  0  0  0  0  1  0 ]  [ 0  0  0  1  0  0  0  0  0  0 ]  [ 0  0  0  0  0  0  0  0  0  1 ]  [ 0  1  0  0  0  0  0  0  0  0 ]  [ 0  0  1  0  0  0  0  0  0  0 ]  [ 0  0  0  0  0  0  0  0  0  1 ]  [ 0  0  0  1  0  0  0  0  0  0 ]  [ 0  0  0  0  0  0  0  0  1  0 ]  [ 0  1  0  0  0  0  0  0  0  0 ]  [ 0  1  0  0  0  0  0  0  0  0 ]  [ 0  0  0  0  0  0  0  0  0  1 ]  [ 0  0  1  0  0  0  0  0  0  0 ]  [ 0  1  0  0  0  0  0  0  0  0 ]  [ 0  0  1  0  0  0  0  0  0  0 ]  [ 0  0  0  1  0  0  0  0  0  0 ]  [ 0  1  0  0  0  0  0  0  0  0 ]  [ 0  0  0  1  0  0  0  0  0  0 ]  [ 0  0  0  1  0  0  0  0  0  0 ]  [ 0  1  0  0  0  0  0  0  0  0 ]  [ 0  1  0  0  0  0  0  0  0  0 ]  [ 0  0  0  1  0  0  0  0  0  0 ]  [ 0  0  0  1  0  0  0  0  0  0 ]  [ 0  0  0  1  0  0  0  0  0  0 ]  [ 0  0  1  0  0  0  0  0  0  0 ]  [ 0  0  0  1  0  0  0  0  0  0 ]  [ 0  1  0  0  0  0  0  0  0  0 ]  [ 0  0  1  0  0  0  0  0  0  0 ]  [ 0  0  0  1  0  0  0  0  0  0 ]  [ 0  0  1  0  0  0  0  0  0  0 ]  [ 0  0  1  0  0  0  0  0  0  0 ]  [ 0  0  0  0  0  0  0  0  1  0 ]  [ 0  0  0  0  0  0  0  0  0  1 ]  [ 0  1  0  0  0  0  0  0  0  0 ]  [ 0  0  0  0  0  0  0  0  0  1 ]  [ 0  1  0  0  0  0  0  0  0  0 ]  [ 0  0  1  0  0  0  0  0  0  0 ]  [ 0  0  0  1  0  0  0  0  0  0 ]  [ 0  1  0  0  0  0  0  0  0  0 ]  [ 0  0  1  0  0  0  0  0  0  0 ]  [ 0  0  0  1  0  0  0  0  0  0 ]  [ 0  0  0  0  0  0  0  0  1  0 ]  [ 0  0  0  1  0  0  0  0  0  0 ]  [ 0  0  0  0  0  0  0  0  1  0 ]  [ 0  0  1  0  0  0  0  0  0  0 ]  [ 0  0  0  1  0  0  0  0  0  0 ]  [ 0  1  0  0  0  0  0  0  0  0 ]  [ 0  0  1  0  0  0  0  0  0  0 ]  [ 0  1  0  0  0  0  0  0  0  0 ]  [ 0  0  1  0  0  0  0  0  0  0 ]  [ 0  1  0  0  0  0  0  0  0  0 ]  [ 0  0  0  0  0  0  0  0  0  1 ]  [ 0  0  0  0  0  0  0  0  0  1 ]  [ 0  0  1  0  0  0  0  0  0  0 ]  [ 0  0  1  0  0  0  0  0  0  0 ]  [ 0  0  0  0  0  0  0  0  0  1 ]  [ 0  0  1  0  0  0  0  0  0  0 ]  [ 0  0  1  0  0  0  0  0  0  0 ]  [ 0  1  0  0  0  0  0  0  0  0 ]  [ 0  1  0  0  0  0  0  0  0  0 ]  [ 0  0  1  0  0  0  0  0  0  0 ]  [ 0  1  0  0  0  0  0  0  0  0 ]  [ 0  0  0  0  0  0  0  0  1  0 ]  [ 0  0  0  1  0  0  0  0  0  0 ]  [ 0  0  1  0  0  0  0  0  0  0 ]  [ 0  0  0  1  0  0  0  0  0  0 ]  [ 0  1  0  0  0  0  0  0  0  0 ]  [ 0  0  0  1  0  0  0  0  0  0 ]  [ 0  0  1  0  0  0  0  0  0  0 ]  [ 0  0  1  0  0  0  0  0  0  0 ]  [ 0  0  1  0  0  0  0  0  0  0 ]  [ 0  0  0  1  0  0  0  0  0  0 ]  [ 0  1  0  0  0  0  0  0  0  0 ]  [ 0  0  1  0  0  0  0  0  0  0 ]  [ 0  0  1  0  0  0  0  0  0  0 ]  [ 0  1  0  0  0  0  0  0  0  0 ]  [ 0  1  0  0  0  0  0  0  0  0 ]  [ 0  1  0  0  0  0  0  0  0  0 ]  [ 0  0  0  1  0  0  0  0  0  0 ]  [ 0  0  0  1  0  0  0  0  0  0 ]  [ 0  1  0  0  0  0  0  0  0  0 ]  [ 0  0  0  0  0  0  0  0  1  0 ]  [ 0  0  0  0  0  0  0  0  0  1 ]  [ 0  0  0  1  0  0  0  0  0  0 ]  [ 0  0  1  0  0  0  0  0  0  0 ]  [ 0  0  0  1  0  0  0  0  0  0 ]  [ 0  0  0  0  0  0  0  0  0  1 ]  [ 0  0  0  0  0  0  0  0  0  1 ]  [ 0  0  0  0  0  0  0  0  1  0 ]  [ 0  0  0  0  0  0  0  0  1  0 ]  [ 0  0  0  0  0  0  0  0  1  0 ]  [ 0  0  0  0  0  0  0  0  1  0 ]  [ 0  0  0  0  0  0  0  0  1  0 ]  [ 0  1  0  0  0  0  0  0  0  0 ]  [ 0  0  0  1  0  0  0  0  0  0 ]  [ 0  0  0  0  0  0  0  0  1  0 ]  [ 0  1  0  0  0  0  0  0  0  0 ]  [ 0  1  0  0  0  0  0  0  0  0 ]  [ 0  0  1  0  0  0  0  0  0  0 ]  [ 0  1  0  0  0  0  0  0  0  0 ]  [ 0  1  0  0  0  0  0  0  0  0 ]  [ 0  0  1  0  0  0  0  0  0  0 ]  [ 0  0  0  1  0  0  0  0  0  0 ] ];

ObjRequests = {  <1,3,12>, <2,3,53>, <3,3,30>, <4,3,36>, <5,3,44>, <6,3,29>, <7,3,9>, <8,3,22>, <9,3,20>, <10,3,2>, <11,3,3>, <13,3,21>, <14,3,4>, <15,3,11>, <16,3,7>, <17,3,5>, <18,3,3>, <19,3,20>, <20,3,1>, <21,3,1>, <22,3,5>, <23,3,1>, <25,3,7>, <26,3,6>, <27,3,4>, <28,3,4>, <29,3,4>, <30,3,3>, <31,3,2>, <32,3,1>, <33,3,12>, <34,3,4>, <35,3,4>, <37,3,7>, <38,3,2>, <39,3,1>, <40,3,2>, <41,3,1>, <45,3,3>, <47,3,6>, <48,3,2>, <49,3,4>, <50,3,2>, <51,3,6>, <52,3,1>, <53,3,1>, <55,3,1>, <56,3,2>, <57,3,1>, <59,3,1>, <60,3,3>, <61,3,5>, <62,3,2>, <63,3,1>, <64,3,1>, <65,3,1>, <67,3,1>, <69,3,1>, <70,3,5>, <71,3,4>, <72,3,7>, <73,3,2>, <75,3,1>, <79,3,2>, <80,3,1>, <82,3,2>, <83,3,1>, <85,3,1>, <86,3,1>, <87,3,1>, <88,3,2>, <89,3,2>, <94,3,1>, <95,3,3>, <96,3,1>, <97,3,2>, <98,3,2>, <103,3,1>, <104,3,1>, <106,3,2>, <107,3,1>, <108,3,2>, <110,3,2>, <112,3,1>, <113,3,1>, <114,3,2>, <115,3,1>, <116,3,2>, <118,3,1>, <119,3,3>, <121,3,1>, <122,3,1>, <125,3,3>, <127,3,1>, <128,3,1>, <130,3,1>, <131,3,1>, <134,3,1>, <136,3,1>, <138,3,1>, <141,3,1>, <143,3,2>, <145,3,1>, <146,3,1>, <147,3,2>, <149,3,4>, <151,3,1>, <152,3,1>, <155,3,3>, <156,3,2>, <157,3,1>, <159,3,1>, <162,3,2>, <163,3,4>, <164,3,1>, <173,3,2>, <174,3,1>, <175,3,1>, <177,3,1>, <178,3,1>, <182,3,2>, <184,3,1>, <189,3,1>, <194,3,1>, <196,3,1>, <201,3,1>, <204,3,2>, <208,3,1>, <212,3,1>, <216,3,2>, <221,3,1>, <226,3,1>, <228,3,1>, <230,3,1>, <235,3,1>, <236,3,1>, <237,3,1>, <250,3,1>, <252,3,1>, <255,3,2>, <256,3,1>, <264,3,1>, <265,3,2>, <267,3,1>, <268,3,1>, <275,3,1>, <276,3,1>, <283,3,1>, <285,3,1>, <286,3,2>, <291,3,1>, <294,3,1>, <314,3,1>, <315,3,1>, <316,3,1>, <318,3,2>, <319,3,1>, <320,3,1>, <322,3,2>, <324,3,1>, <335,3,2>, <339,3,1>, <340,3,1>, <344,3,1>, <345,3,1>, <347,3,1>, <348,3,2>, <351,3,1>, <363,3,1>, <366,3,1>, <374,3,1>, <376,3,1>, <377,3,1>, <385,3,1>, <393,3,2>, <405,3,1>, <420,3,1>, <422,3,1>, <424,3,1>, <426,3,1>, <427,3,1>, <431,3,1>, <432,3,1>, <462,3,1>, <464,3,1>, <468,3,1>, <471,3,1>, <472,3,2>, <484,3,1>, <493,3,1>, <502,3,1>, <526,3,1>, <530,3,1>, <546,3,1>, <551,3,1>, <553,3,1>, <579,3,1>, <582,3,1>, <587,3,1>, <593,3,1>, <600,3,1>, <614,3,1>, <627,3,3>, <641,3,1>, <678,3,1>, <680,3,1>, <684,3,1>, <686,3,1>, <706,3,1>, <712,3,1>, <727,3,1>, <736,3,1>, <741,3,1>, <773,3,1>, <781,3,1>, <802,3,1>, <839,3,1>, <843,3,1>, <859,3,1>, <864,3,1>, <870,3,1>, <875,3,1>, <899,3,1>, <911,3,1>, <941,3,1>, <947,3,1>, <976,3,1>, <980,3,2>, <986,3,1>, <1,4,272>, <2,4,14>, <3,4,80>, <4,4,24>, <5,4,5>, <7,4,9>, <8,4,1>, <9,4,18>, <10,4,9>, <11,4,16>, <12,4,5>, <13,4,1>, <14,4,8>, <15,4,10>, <18,4,5>, <19,4,7>, <20,4,1>, <21,4,13>, <22,4,10>, <23,4,6>, <25,4,4>, <26,4,1>, <27,4,1>, <28,4,3>, <29,4,8>, <30,4,12>, <31,4,17>, <32,4,2>, <33,4,4>, <34,4,4>, <36,4,1>, <38,4,2>, <39,4,2>, <40,4,1>, <42,4,2>, <43,4,3>, <44,4,4>, <45,4,8>, <46,4,3>, <47,4,3>, <48,4,2>, <49,4,3>, <52,4,5>, <53,4,2>, <54,4,2>, <55,4,7>, <56,4,1>, <57,4,2>, <59,4,1>, <62,4,1>, <63,4,2>, <65,4,2>, <66,4,1>, <67,4,1>, <68,4,1>, <69,4,1>, <70,4,1>, <71,4,1>, <72,4,1>, <73,4,1>, <74,4,1>, <77,4,2>, <79,4,1>, <80,4,2>, <81,4,1>, <82,4,3>, <84,4,1>, <85,4,1>, <87,4,2>, <88,4,1>, <90,4,1>, <93,4,1>, <97,4,1>, <98,4,1>, <100,4,1>, <101,4,2>, <102,4,2>, <103,4,2>, <104,4,1>, <106,4,1>, <108,4,2>, <109,4,1>, <113,4,1>, <114,4,3>, <115,4,2>, <116,4,1>, <119,4,2>, <120,4,1>, <121,4,1>, <123,4,1>, <130,4,1>, <135,4,2>, <136,4,1>, <138,4,1>, <140,4,1>, <143,4,1>, <144,4,1>, <147,4,1>, <148,4,1>, <149,4,1>, <152,4,2>, <154,4,1>, <155,4,1>, <156,4,1>, <157,4,2>, <158,4,2>, <160,4,1>, <161,4,1>, <164,4,1>, <166,4,2>, <174,4,1>, <176,4,1>, <177,4,1>, <180,4,1>, <182,4,1>, <183,4,1>, <188,4,1>, <189,4,1>, <193,4,1>, <194,4,1>, <195,4,1>, <197,4,1>, <198,4,1>, <203,4,1>, <208,4,1>, <209,4,1>, <215,4,1>, <216,4,1>, <224,4,2>, <225,4,1>, <226,4,1>, <227,4,2>, <230,4,1>, <233,4,1>, <234,4,2>, <235,4,1>, <236,4,1>, <238,4,1>, <239,4,1>, <250,4,1>, <252,4,1>, <255,4,1>, <256,4,1>, <258,4,1>, <263,4,1>, <264,4,1>, <268,4,1>, <271,4,1>, <272,4,1>, <275,4,1>, <279,4,1>, <287,4,1>, <289,4,1>, <294,4,2>, <297,4,2>, <299,4,1>, <310,4,2>, <314,4,1>, <315,4,1>, <318,4,1>, <319,4,1>, <322,4,1>, <323,4,2>, <324,4,1>, <329,4,1>, <335,4,1>, <339,4,1>, <340,4,1>, <346,4,1>, <348,4,1>, <349,4,1>, <352,4,1>, <353,4,1>, <357,4,1>, <366,4,1>, <367,4,1>, <373,4,2>, <377,4,1>, <380,4,1>, <389,4,1>, <392,4,1>, <404,4,1>, <406,4,1>, <413,4,1>, <418,4,1>, <419,4,1>, <420,4,1>, <430,4,1>, <434,4,2>, <439,4,1>, <443,4,1>, <446,4,1>, <462,4,1>, <464,4,1>, <468,4,1>, <474,4,1>, <485,4,1>, <488,4,1>, <490,4,1>, <493,4,1>, <510,4,1>, <519,4,1>, <554,4,1>, <555,4,1>, <566,4,1>, <584,4,1>, <585,4,1>, <600,4,1>, <605,4,1>, <613,4,1>, <641,4,1>, <654,4,1>, <671,4,1>, <680,4,1>, <685,4,1>, <688,4,1>, <690,4,1>, <701,4,1>, <707,4,1>, <719,4,1>, <731,4,1>, <736,4,1>, <754,4,1>, <802,4,2>, <826,4,1>, <830,4,1>, <840,4,1>, <856,4,1>, <859,4,1>, <870,4,1>, <896,4,1>, <935,4,1>, <957,4,1>, <968,4,1>, <989,4,1>, <1,9,117>, <2,9,114>, <3,9,1>, <4,9,57>, <5,9,12>, <6,9,5>, <7,9,18>, <8,9,6>, <9,9,2>, <10,9,6>, <11,9,3>, <12,9,12>, <13,9,14>, <14,9,28>, <15,9,5>, <16,9,13>, <17,9,3>, <18,9,1>, <19,9,4>, <20,9,7>, <21,9,4>, <23,9,3>, <24,9,2>, <25,9,3>, <26,9,1>, <27,9,17>, <28,9,3>, <29,9,2>, <30,9,2>, <32,9,4>, <33,9,3>, <34,9,1>, <35,9,5>, <36,9,5>, <37,9,4>, <38,9,2>, <39,9,7>, <40,9,9>, <41,9,3>, <42,9,3>, <43,9,1>, <44,9,1>, <45,9,6>, <46,9,1>, <47,9,5>, <48,9,3>, <50,9,4>, <52,9,1>, <53,9,1>, <54,9,2>, <56,9,4>, <59,9,1>, <60,9,2>, <61,9,6>, <62,9,1>, <63,9,2>, <66,9,2>, <69,9,1>, <71,9,1>, <72,9,1>, <73,9,4>, <76,9,5>, <78,9,2>, <79,9,2>, <81,9,2>, <83,9,2>, <84,9,3>, <86,9,2>, <87,9,1>, <88,9,1>, <90,9,1>, <91,9,1>, <92,9,1>, <93,9,1>, <96,9,2>, <97,9,1>, <99,9,2>, <102,9,2>, <103,9,1>, <104,9,1>, <105,9,1>, <108,9,1>, <109,9,1>, <110,9,1>, <112,9,1>, <114,9,1>, <115,9,7>, <116,9,1>, <117,9,2>, <119,9,3>, <120,9,1>, <121,9,1>, <123,9,2>, <124,9,2>, <125,9,1>, <126,9,1>, <128,9,1>, <129,9,1>, <130,9,3>, <132,9,1>, <135,9,2>, <139,9,1>, <141,9,4>, <148,9,1>, <151,9,1>, <152,9,1>, <157,9,1>, <158,9,1>, <159,9,1>, <160,9,1>, <162,9,1>, <163,9,1>, <164,9,2>, <168,9,1>, <169,9,1>, <174,9,1>, <175,9,1>, <177,9,1>, <179,9,1>, <182,9,1>, <185,9,1>, <188,9,1>, <191,9,1>, <194,9,2>, <196,9,2>, <201,9,1>, <203,9,1>, <212,9,2>, <214,9,1>, <216,9,1>, <219,9,1>, <222,9,1>, <224,9,1>, <226,9,1>, <227,9,1>, <232,9,2>, <236,9,1>, <244,9,1>, <250,9,1>, <252,9,1>, <254,9,1>, <256,9,1>, <257,9,1>, <258,9,1>, <259,9,1>, <265,9,1>, <267,9,1>, <272,9,1>, <273,9,1>, <275,9,1>, <276,9,1>, <277,9,1>, <279,9,1>, <283,9,1>, <285,9,1>, <288,9,1>, <291,9,1>, <297,9,1>, <302,9,1>, <306,9,1>, <309,9,1>, <320,9,1>, <321,9,1>, <322,9,1>, <324,9,1>, <329,9,1>, <335,9,1>, <337,9,1>, <340,9,1>, <346,9,1>, <347,9,1>, <348,9,1>, <350,9,1>, <357,9,1>, <362,9,1>, <364,9,1>, <366,9,1>, <375,9,2>, <377,9,1>, <385,9,1>, <387,9,1>, <393,9,1>, <396,9,1>, <404,9,1>, <406,9,1>, <407,9,1>, <410,9,1>, <415,9,1>, <420,9,1>, <446,9,1>, <462,9,1>, <463,9,4>, <464,9,1>, <468,9,2>, <471,9,1>, <473,9,1>, <476,9,1>, <478,9,1>, <484,9,1>, <489,9,1>, <490,9,1>, <491,9,1>, <494,9,1>, <505,9,1>, <519,9,2>, <530,9,1>, <536,9,1>, <539,9,1>, <557,9,1>, <568,9,1>, <593,9,1>, <597,9,1>, <598,9,1>, <601,9,1>, <627,9,1>, <631,9,1>, <655,9,1>, <660,9,1>, <673,9,1>, <688,9,1>, <689,9,1>, <701,9,1>, <706,9,1>, <707,9,1>, <734,9,1>, <735,9,1>, <738,9,1>, <745,9,1>, <761,9,1>, <764,9,1>, <765,9,1>, <810,9,1>, <821,9,1>, <828,9,1>, <859,9,1>, <868,9,1>, <876,9,1>, <879,9,1>, <896,9,1>, <897,9,1>, <905,9,1>, <910,9,1>, <911,9,1>, <918,9,1>, <932,9,1>, <934,9,1>, <943,9,1>, <1,10,48>, <2,10,11>, <3,10,69>, <4,10,5>, <5,10,12>, <6,10,53>, <7,10,14>, <8,10,35>, <9,10,5>, <10,10,27>, <11,10,12>, <12,10,10>, <13,10,2>, <14,10,5>, <15,10,22>, <16,10,6>, <17,10,3>, <20,10,18>, <21,10,7>, <22,10,1>, <23,10,2>, <24,10,10>, <26,10,9>, <27,10,1>, <28,10,5>, <29,10,1>, <30,10,2>, <31,10,3>, <32,10,9>, <33,10,3>, <34,10,1>, <36,10,5>, <38,10,1>, <39,10,6>, <40,10,2>, <41,10,3>, <42,10,2>, <43,10,10>, <45,10,2>, <46,10,3>, <47,10,2>, <50,10,3>, <51,10,7>, <52,10,1>, <53,10,1>, <55,10,1>, <56,10,5>, <58,10,1>, <59,10,1>, <60,10,2>, <61,10,1>, <63,10,1>, <64,10,3>, <65,10,2>, <66,10,1>, <67,10,1>, <71,10,1>, <72,10,1>, <73,10,1>, <74,10,1>, <75,10,1>, <77,10,2>, <78,10,3>, <79,10,1>, <80,10,3>, <82,10,1>, <83,10,1>, <85,10,2>, <87,10,1>, <88,10,2>, <89,10,1>, <90,10,2>, <93,10,1>, <95,10,1>, <96,10,2>, <97,10,1>, <99,10,3>, <100,10,1>, <101,10,1>, <102,10,1>, <103,10,4>, <104,10,1>, <105,10,1>, <106,10,2>, <109,10,2>, <110,10,2>, <113,10,1>, <115,10,2>, <116,10,2>, <117,10,1>, <118,10,1>, <121,10,1>, <122,10,1>, <123,10,1>, <125,10,1>, <127,10,3>, <128,10,2>, <129,10,1>, <130,10,1>, <132,10,1>, <134,10,2>, <138,10,1>, <139,10,1>, <140,10,1>, <141,10,1>, <142,10,1>, <143,10,2>, <147,10,2>, <149,10,2>, <150,10,1>, <151,10,1>, <152,10,1>, <153,10,1>, <156,10,2>, <159,10,1>, <161,10,2>, <162,10,3>, <163,10,1>, <164,10,3>, <167,10,1>, <168,10,2>, <171,10,1>, <174,10,1>, <176,10,2>, <177,10,1>, <179,10,1>, <180,10,1>, <182,10,1>, <183,10,1>, <184,10,1>, <185,10,1>, <188,10,2>, <191,10,1>, <195,10,1>, <196,10,1>, <201,10,1>, <203,10,1>, <204,10,1>, <208,10,1>, <209,10,1>, <212,10,2>, <214,10,1>, <215,10,1>, <218,10,1>, <219,10,1>, <222,10,1>, <225,10,1>, <229,10,1>, <232,10,1>, <235,10,2>, <236,10,1>, <239,10,1>, <242,10,1>, <244,10,1>, <247,10,2>, <249,10,1>, <255,10,1>, <256,10,2>, <260,10,2>, <263,10,1>, <265,10,1>, <268,10,1>, <271,10,1>, <273,10,2>, <275,10,1>, <277,10,1>, <286,10,1>, <287,10,1>, <289,10,2>, <290,10,1>, <291,10,1>, <294,10,1>, <296,10,1>, <297,10,1>, <303,10,1>, <317,10,1>, <320,10,1>, <322,10,1>, <329,10,2>, <336,10,1>, <337,10,1>, <339,10,1>, <345,10,1>, <347,10,1>, <348,10,1>, <350,10,1>, <353,10,1>, <355,10,1>, <356,10,1>, <363,10,1>, <368,10,1>, <383,10,1>, <385,10,1>, <392,10,2>, <393,10,1>, <406,10,1>, <407,10,1>, <419,10,2>, <430,10,1>, <434,10,1>, <443,10,1>, <446,10,1>, <450,10,1>, <454,10,1>, <459,10,1>, <462,10,1>, <469,10,1>, <472,10,1>, <484,10,1>, <488,10,1>, <494,10,1>, <507,10,1>, <513,10,1>, <519,10,1>, <520,10,1>, <526,10,1>, <536,10,1>, <539,10,1>, <552,10,1>, <553,10,1>, <557,10,1>, <598,10,1>, <600,10,1>, <604,10,1>, <617,10,1>, <618,10,1>, <631,10,1>, <634,10,1>, <645,10,1>, <677,10,1>, <678,10,1>, <685,10,1>, <692,10,1>, <704,10,1>, <716,10,1>, <719,10,1>, <724,10,1>, <749,10,1>, <765,10,1>, <773,10,1>, <779,10,1>, <787,10,1>, <797,10,1>, <849,10,1>, <852,10,1>, <855,10,1>, <875,10,1>, <890,10,1>, <899,10,1>, <918,10,1>, <947,10,1>, <968,10,1>, <1,2,83>, <2,2,71>, <3,2,7>, <4,2,25>, <5,2,51>, <6,2,5>, <7,2,31>, <8,2,13>, <9,2,29>, <10,2,10>, <11,2,11>, <12,2,15>, <13,2,3>, <14,2,1>, <16,2,2>, <17,2,14>, <18,2,21>, <19,2,1>, <20,2,2>, <22,2,3>, <23,2,4>, <24,2,6>, <25,2,18>, <27,2,2>, <28,2,2>, <29,2,3>, <31,2,2>, <32,2,4>, <33,2,1>, <34,2,1>, <35,2,1>, <36,2,1>, <37,2,4>, <38,2,4>, <39,2,1>, <40,2,2>, <41,2,3>, <43,2,2>, <44,2,2>, <45,2,4>, <46,2,2>, <48,2,1>, <50,2,1>, <51,2,2>, <53,2,1>, <54,2,5>, <55,2,1>, <57,2,2>, <58,2,5>, <60,2,3>, <61,2,2>, <62,2,9>, <63,2,1>, <65,2,1>, <66,2,3>, <68,2,4>, <69,2,5>, <71,2,3>, <72,2,2>, <73,2,1>, <74,2,6>, <75,2,3>, <77,2,1>, <79,2,2>, <83,2,1>, <84,2,1>, <85,2,1>, <88,2,3>, <89,2,2>, <90,2,1>, <93,2,3>, <94,2,1>, <97,2,1>, <100,2,1>, <101,2,2>, <102,2,1>, <103,2,1>, <104,2,1>, <105,2,3>, <108,2,1>, <109,2,1>, <110,2,1>, <114,2,1>, <115,2,1>, <117,2,2>, <119,2,1>, <120,2,1>, <121,2,1>, <122,2,2>, <123,2,2>, <124,2,1>, <130,2,1>, <131,2,1>, <135,2,3>, <136,2,1>, <137,2,1>, <138,2,1>, <141,2,1>, <143,2,2>, <146,2,2>, <147,2,1>, <148,2,2>, <149,2,1>, <151,2,1>, <152,2,1>, <153,2,1>, <154,2,1>, <155,2,1>, <156,2,1>, <158,2,1>, <160,2,1>, <161,2,3>, <162,2,1>, <163,2,1>, <164,2,1>, <170,2,1>, <174,2,1>, <176,2,1>, <178,2,1>, <180,2,1>, <181,2,2>, <183,2,1>, <184,2,1>, <185,2,1>, <189,2,2>, <191,2,1>, <193,2,1>, <194,2,2>, <195,2,2>, <199,2,1>, <203,2,1>, <204,2,1>, <206,2,1>, <207,2,1>, <209,2,1>, <211,2,3>, <212,2,1>, <213,2,1>, <216,2,2>, <221,2,3>, <224,2,2>, <225,2,1>, <229,2,1>, <234,2,1>, <237,2,1>, <239,2,1>, <242,2,1>, <249,2,2>, <250,2,2>, <256,2,1>, <259,2,2>, <264,2,1>, <265,2,1>, <267,2,1>, <268,2,1>, <271,2,1>, <286,2,1>, <287,2,1>, <288,2,1>, <291,2,1>, <292,2,1>, <300,2,1>, <302,2,1>, <309,2,1>, <317,2,1>, <319,2,1>, <327,2,1>, <328,2,1>, <335,2,2>, <337,2,1>, <340,2,1>, <341,2,1>, <344,2,1>, <347,2,1>, <348,2,2>, <349,2,2>, <351,2,1>, <357,2,1>, <371,2,1>, <374,2,1>, <375,2,1>, <382,2,2>, <385,2,1>, <386,2,1>, <389,2,1>, <401,2,1>, <404,2,1>, <406,2,1>, <407,2,1>, <416,2,1>, <419,2,2>, <422,2,1>, <423,2,1>, <424,2,1>, <430,2,1>, <431,2,1>, <441,2,1>, <443,2,1>, <445,2,1>, <446,2,1>, <454,2,1>, <459,2,2>, <463,2,1>, <471,2,1>, <472,2,2>, <484,2,1>, <486,2,1>, <496,2,1>, <510,2,2>, <513,2,1>, <516,2,1>, <519,2,1>, <529,2,1>, <551,2,1>, <554,2,2>, <584,2,2>, <586,2,1>, <598,2,1>, <604,2,1>, <605,2,1>, <611,2,1>, <613,2,1>, <642,2,1>, <645,2,1>, <653,2,1>, <654,2,1>, <667,2,1>, <673,2,1>, <684,2,1>, <704,2,1>, <710,2,1>, <716,2,1>, <738,2,1>, <743,2,1>, <773,2,1>, <779,2,1>, <795,2,1>, <806,2,1>, <835,2,1>, <865,2,1>, <868,2,1>, <899,2,1>, <941,2,1>, <957,2,1>, <976,2,1> };

MaxCacheStorageAtSingleAS= [ 0  1312.5  1312.5  1312.5  0  0  0  0  1312.5  1312.5 ] ;

MaxCacheStorage = 6562.5 ;
SolutionGap = 0.01 ;
