
ASes= { 1, 2, 3, 4, 5, 6, 7, 8, 9, 10 } ;


Objects= { 1, 2, 3, 4, 5, 6, 7, 8, 9, 10, 11, 12, 13, 14, 15, 16, 17, 18, 19, 20, 21, 22, 23, 24, 25, 26, 27, 28, 29, 30, 31, 32, 33, 34, 35, 36, 37, 38, 39, 40, 41, 42, 43, 44, 45, 46, 47, 48, 49, 50, 51, 52, 53, 54, 55, 56, 57, 58, 59, 60, 61, 62, 63, 64, 65, 66, 67, 68, 69, 70, 71, 72, 73, 74, 75, 76, 77, 78, 79, 80, 81, 82, 83, 84, 85, 86, 87, 88, 89, 90, 91, 92, 93, 94, 95, 96, 97, 98, 99, 100, 101, 102, 103, 104, 105, 106, 107, 108, 109, 110, 111, 112, 113, 114, 115, 116, 117, 118, 119, 120, 121, 122, 123, 124, 125, 126, 127, 128, 129, 130, 131, 132, 133, 134, 135, 136, 137, 138, 139, 140, 141, 142, 143, 144, 145, 146, 147, 148, 149, 150, 151, 152, 153, 154, 155, 156, 157, 158, 159, 160, 161, 162, 163, 164, 165, 166, 167, 168, 169, 170, 171, 172, 173, 174, 175, 176, 177, 178, 179, 180, 181, 182, 183, 184, 185, 186, 187, 188, 189, 190, 191, 192, 193, 194, 195, 196, 197, 198, 199, 200, 201, 202, 203, 204, 205, 206, 207, 208, 209, 210, 211, 212, 213, 214, 215, 216, 217, 218, 219, 220, 221, 222, 223, 224, 225, 226, 227, 228, 229, 230, 231, 232, 233, 234, 235, 236, 237, 238, 239, 240, 241, 242, 243, 244, 245, 246, 247, 248, 249, 250, 251, 252, 253, 254, 255, 256, 257, 258, 259, 260, 261, 262, 263, 264, 265, 266, 267, 268, 269, 270, 271, 272, 273, 274, 275, 276, 277, 278, 279, 280, 281, 282, 283, 284, 285, 286, 287, 288, 289, 290, 291, 292, 293, 294, 295, 296, 297, 298, 299, 300, 301, 302, 303, 304, 305, 306, 307, 308, 309, 310, 311, 312, 313, 314, 315, 316, 317, 318, 319, 320, 321, 322, 323, 324, 325, 326, 327, 328, 329, 330, 331, 332, 333, 334, 335, 336, 337, 338, 339, 340, 341, 342, 343, 344, 345, 346, 347, 348, 349, 350, 351, 352, 353, 354, 355, 356, 357, 358, 359, 360, 361, 362, 363, 364, 365, 366, 367, 368, 369, 370, 371, 372, 373, 374, 375, 376, 377, 378, 379, 380, 381, 382, 383, 384, 385, 386, 387, 388, 389, 390, 391, 392, 393, 394, 395, 396, 397, 398, 399, 400, 401, 402, 403, 404, 405, 406, 407, 408, 409, 410, 411, 412, 413, 414, 415, 416, 417, 418, 419, 420, 421, 422, 423, 424, 425, 426, 427, 428, 429, 430, 431, 432, 433, 434, 435, 436, 437, 438, 439, 440, 441, 442, 443, 444, 445, 446, 447, 448, 449, 450, 451, 452, 453, 454, 455, 456, 457, 458, 459, 460, 461, 462, 463, 464, 465, 466, 467, 468, 469, 470, 471, 472, 473, 474, 475, 476, 477, 478, 479, 480, 481, 482, 483, 484, 485, 486, 487, 488, 489, 490, 491, 492, 493, 494, 495, 496, 497, 498, 499, 500, 501, 502, 503, 504, 505, 506, 507, 508, 509, 510, 511, 512, 513, 514, 515, 516, 517, 518, 519, 520, 521, 522, 523, 524, 525, 526, 527, 528, 529, 530, 531, 532, 533, 534, 535, 536, 537, 538, 539, 540, 541, 542, 543, 544, 545, 546, 547, 548, 549, 550, 551, 552, 553, 554, 555, 556, 557, 558, 559, 560, 561, 562, 563, 564, 565, 566, 567, 568, 569, 570, 571, 572, 573, 574, 575, 576, 577, 578, 579, 580, 581, 582, 583, 584, 585, 586, 587, 588, 589, 590, 591, 592, 593, 594, 595, 596, 597, 598, 599, 600, 601, 602, 603, 604, 605, 606, 607, 608, 609, 610, 611, 612, 613, 614, 615, 616, 617, 618, 619, 620, 621, 622, 623, 624, 625, 626, 627, 628, 629, 630, 631, 632, 633, 634, 635, 636, 637, 638, 639, 640, 641, 642, 643, 644, 645, 646, 647, 648, 649, 650, 651, 652, 653, 654, 655, 656, 657, 658, 659, 660, 661, 662, 663, 664, 665, 666, 667, 668, 669, 670, 671, 672, 673, 674, 675, 676, 677, 678, 679, 680, 681, 682, 683, 684, 685, 686, 687, 688, 689, 690, 691, 692, 693, 694, 695, 696, 697, 698, 699, 700, 701, 702, 703, 704, 705, 706, 707, 708, 709, 710, 711, 712, 713, 714, 715, 716, 717, 718, 719, 720, 721, 722, 723, 724, 725, 726, 727, 728, 729, 730, 731, 732, 733, 734, 735, 736, 737, 738, 739, 740, 741, 742, 743, 744, 745, 746, 747, 748, 749, 750, 751, 752, 753, 754, 755, 756, 757, 758, 759, 760, 761, 762, 763, 764, 765, 766, 767, 768, 769, 770, 771, 772, 773, 774, 775, 776, 777, 778, 779, 780, 781, 782, 783, 784, 785, 786, 787, 788, 789, 790, 791, 792, 793, 794, 795, 796, 797, 798, 799, 800, 801, 802, 803, 804, 805, 806, 807, 808, 809, 810, 811, 812, 813, 814, 815, 816, 817, 818, 819, 820, 821, 822, 823, 824, 825, 826, 827, 828, 829, 830, 831, 832, 833, 834, 835, 836, 837, 838, 839, 840, 841, 842, 843, 844, 845, 846, 847, 848, 849, 850, 851, 852, 853, 854, 855, 856, 857, 858, 859, 860, 861, 862, 863, 864, 865, 866, 867, 868, 869, 870, 871, 872, 873, 874, 875, 876, 877, 878, 879, 880, 881, 882, 883, 884, 885, 886, 887, 888, 889, 890, 891, 892, 893, 894, 895, 896, 897, 898, 899, 900, 901, 902, 903, 904, 905, 906, 907, 908, 909, 910, 911, 912, 913, 914, 915, 916, 917, 918, 919, 920, 921, 922, 923, 924, 925, 926, 927, 928, 929, 930, 931, 932, 933, 934, 935, 936, 937, 938, 939, 940, 941, 942, 943, 944, 945, 946, 947, 948, 949, 950, 951, 952, 953, 954, 955, 956, 957, 958, 959, 960, 961, 962, 963, 964, 965, 966, 967, 968, 969, 970, 971, 972, 973, 974, 975, 976, 977, 978, 979, 980, 981, 982, 983, 984, 985, 986, 987, 988, 989, 990, 991, 992, 993, 994, 995, 996, 997, 998, 999, 1000 } ;


QualityLevels= { 0, 1, 2, 3, 4, 5 } ;

Arcs = { <1,2,490000>, <2,1,490000>,<1,3,490000>, <3,1,490000>,<1,4,490000>, <4,1,490000>,<2,5,490000>, <5,2,490000>,<5,6,490000>, <6,5,490000>,<1,7,490000>, <7,1,490000>,<7,8,490000>, <8,7,490000>,<8,9,490000>, <9,8,490000>,<6,10,490000>, <10,6,490000> }; 


RatePerQuality= [ 0  300  700  1500  2500  3500 ] ;


CacheSpacePerQuality= [ 10000  11.25  26.25  56.25  93.75  131.25 ] ;


UtilityPerQuality= [ 0  0.2  0.4  0.6  0.8  1 ] ;


ObjectsPublishedByProducers=[ [ 0  0  0  1  0  0  0  0  0  0 ]  [ 0  0  1  0  0  0  0  0  0  0 ]  [ 0  0  0  1  0  0  0  0  0  0 ]  [ 0  0  1  0  0  0  0  0  0  0 ]  [ 0  0  1  0  0  0  0  0  0  0 ]  [ 0  0  0  0  0  0  0  0  1  0 ]  [ 0  1  0  0  0  0  0  0  0  0 ]  [ 0  1  0  0  0  0  0  0  0  0 ]  [ 0  0  0  0  0  0  0  0  0  1 ]  [ 0  0  0  1  0  0  0  0  0  0 ]  [ 0  0  0  0  0  0  0  0  1  0 ]  [ 0  0  0  1  0  0  0  0  0  0 ]  [ 0  0  1  0  0  0  0  0  0  0 ]  [ 0  0  1  0  0  0  0  0  0  0 ]  [ 0  0  0  1  0  0  0  0  0  0 ]  [ 0  1  0  0  0  0  0  0  0  0 ]  [ 0  1  0  0  0  0  0  0  0  0 ]  [ 0  1  0  0  0  0  0  0  0  0 ]  [ 0  1  0  0  0  0  0  0  0  0 ]  [ 0  0  1  0  0  0  0  0  0  0 ]  [ 0  0  0  1  0  0  0  0  0  0 ]  [ 0  0  0  0  0  0  0  0  0  1 ]  [ 0  0  0  0  0  0  0  0  0  1 ]  [ 0  1  0  0  0  0  0  0  0  0 ]  [ 0  1  0  0  0  0  0  0  0  0 ]  [ 0  0  1  0  0  0  0  0  0  0 ]  [ 0  0  0  0  0  0  0  0  0  1 ]  [ 0  0  0  0  0  0  0  0  0  1 ]  [ 0  0  0  0  0  0  0  0  1  0 ]  [ 0  0  1  0  0  0  0  0  0  0 ]  [ 0  0  0  0  0  0  0  0  1  0 ]  [ 0  0  1  0  0  0  0  0  0  0 ]  [ 0  1  0  0  0  0  0  0  0  0 ]  [ 0  1  0  0  0  0  0  0  0  0 ]  [ 0  0  0  0  0  0  0  0  1  0 ]  [ 0  0  0  1  0  0  0  0  0  0 ]  [ 0  1  0  0  0  0  0  0  0  0 ]  [ 0  0  0  0  0  0  0  0  1  0 ]  [ 0  1  0  0  0  0  0  0  0  0 ]  [ 0  1  0  0  0  0  0  0  0  0 ]  [ 0  0  0  0  0  0  0  0  1  0 ]  [ 0  0  0  0  0  0  0  0  1  0 ]  [ 0  0  0  0  0  0  0  0  1  0 ]  [ 0  0  0  0  0  0  0  0  1  0 ]  [ 0  0  1  0  0  0  0  0  0  0 ]  [ 0  0  0  1  0  0  0  0  0  0 ]  [ 0  1  0  0  0  0  0  0  0  0 ]  [ 0  0  1  0  0  0  0  0  0  0 ]  [ 0  0  1  0  0  0  0  0  0  0 ]  [ 0  0  0  0  0  0  0  0  0  1 ]  [ 0  0  0  1  0  0  0  0  0  0 ]  [ 0  0  0  0  0  0  0  0  1  0 ]  [ 0  0  0  0  0  0  0  0  1  0 ]  [ 0  0  0  1  0  0  0  0  0  0 ]  [ 0  1  0  0  0  0  0  0  0  0 ]  [ 0  0  1  0  0  0  0  0  0  0 ]  [ 0  0  0  0  0  0  0  0  1  0 ]  [ 0  0  0  1  0  0  0  0  0  0 ]  [ 0  0  0  0  0  0  0  0  0  1 ]  [ 0  0  0  1  0  0  0  0  0  0 ]  [ 0  0  0  1  0  0  0  0  0  0 ]  [ 0  0  0  0  0  0  0  0  0  1 ]  [ 0  0  0  1  0  0  0  0  0  0 ]  [ 0  0  0  0  0  0  0  0  1  0 ]  [ 0  1  0  0  0  0  0  0  0  0 ]  [ 0  0  1  0  0  0  0  0  0  0 ]  [ 0  0  1  0  0  0  0  0  0  0 ]  [ 0  0  0  1  0  0  0  0  0  0 ]  [ 0  0  0  0  0  0  0  0  0  1 ]  [ 0  0  0  0  0  0  0  0  0  1 ]  [ 0  0  0  1  0  0  0  0  0  0 ]  [ 0  0  0  1  0  0  0  0  0  0 ]  [ 0  0  1  0  0  0  0  0  0  0 ]  [ 0  0  0  0  0  0  0  0  1  0 ]  [ 0  0  1  0  0  0  0  0  0  0 ]  [ 0  0  0  0  0  0  0  0  0  1 ]  [ 0  1  0  0  0  0  0  0  0  0 ]  [ 0  1  0  0  0  0  0  0  0  0 ]  [ 0  0  0  0  0  0  0  0  0  1 ]  [ 0  1  0  0  0  0  0  0  0  0 ]  [ 0  0  1  0  0  0  0  0  0  0 ]  [ 0  0  0  1  0  0  0  0  0  0 ]  [ 0  1  0  0  0  0  0  0  0  0 ]  [ 0  0  0  0  0  0  0  0  0  1 ]  [ 0  0  0  0  0  0  0  0  1  0 ]  [ 0  1  0  0  0  0  0  0  0  0 ]  [ 0  0  0  0  0  0  0  0  0  1 ]  [ 0  1  0  0  0  0  0  0  0  0 ]  [ 0  0  0  1  0  0  0  0  0  0 ]  [ 0  0  1  0  0  0  0  0  0  0 ]  [ 0  0  0  0  0  0  0  0  1  0 ]  [ 0  0  1  0  0  0  0  0  0  0 ]  [ 0  0  0  1  0  0  0  0  0  0 ]  [ 0  1  0  0  0  0  0  0  0  0 ]  [ 0  0  0  1  0  0  0  0  0  0 ]  [ 0  0  1  0  0  0  0  0  0  0 ]  [ 0  0  1  0  0  0  0  0  0  0 ]  [ 0  0  1  0  0  0  0  0  0  0 ]  [ 0  0  0  0  0  0  0  0  0  1 ]  [ 0  0  0  1  0  0  0  0  0  0 ]  [ 0  0  0  1  0  0  0  0  0  0 ]  [ 0  0  1  0  0  0  0  0  0  0 ]  [ 0  1  0  0  0  0  0  0  0  0 ]  [ 0  0  0  0  0  0  0  0  1  0 ]  [ 0  0  0  1  0  0  0  0  0  0 ]  [ 0  0  1  0  0  0  0  0  0  0 ]  [ 0  0  1  0  0  0  0  0  0  0 ]  [ 0  0  1  0  0  0  0  0  0  0 ]  [ 0  0  0  0  0  0  0  0  0  1 ]  [ 0  0  1  0  0  0  0  0  0  0 ]  [ 0  0  1  0  0  0  0  0  0  0 ]  [ 0  0  0  0  0  0  0  0  1  0 ]  [ 0  0  0  1  0  0  0  0  0  0 ]  [ 0  1  0  0  0  0  0  0  0  0 ]  [ 0  0  1  0  0  0  0  0  0  0 ]  [ 0  0  0  0  0  0  0  0  1  0 ]  [ 0  0  0  0  0  0  0  0  0  1 ]  [ 0  0  0  0  0  0  0  0  1  0 ]  [ 0  1  0  0  0  0  0  0  0  0 ]  [ 0  0  0  0  0  0  0  0  1  0 ]  [ 0  0  0  1  0  0  0  0  0  0 ]  [ 0  0  0  0  0  0  0  0  1  0 ]  [ 0  0  1  0  0  0  0  0  0  0 ]  [ 0  0  0  0  0  0  0  0  1  0 ]  [ 0  0  0  1  0  0  0  0  0  0 ]  [ 0  1  0  0  0  0  0  0  0  0 ]  [ 0  1  0  0  0  0  0  0  0  0 ]  [ 0  0  0  0  0  0  0  0  1  0 ]  [ 0  0  1  0  0  0  0  0  0  0 ]  [ 0  0  0  1  0  0  0  0  0  0 ]  [ 0  0  0  1  0  0  0  0  0  0 ]  [ 0  0  0  1  0  0  0  0  0  0 ]  [ 0  0  0  1  0  0  0  0  0  0 ]  [ 0  1  0  0  0  0  0  0  0  0 ]  [ 0  0  1  0  0  0  0  0  0  0 ]  [ 0  0  1  0  0  0  0  0  0  0 ]  [ 0  1  0  0  0  0  0  0  0  0 ]  [ 0  0  0  0  0  0  0  0  1  0 ]  [ 0  1  0  0  0  0  0  0  0  0 ]  [ 0  0  0  0  0  0  0  0  1  0 ]  [ 0  1  0  0  0  0  0  0  0  0 ]  [ 0  0  0  0  0  0  0  0  0  1 ]  [ 0  0  0  0  0  0  0  0  0  1 ]  [ 0  0  0  0  0  0  0  0  0  1 ]  [ 0  0  0  0  0  0  0  0  1  0 ]  [ 0  0  1  0  0  0  0  0  0  0 ]  [ 0  0  0  1  0  0  0  0  0  0 ]  [ 0  1  0  0  0  0  0  0  0  0 ]  [ 0  1  0  0  0  0  0  0  0  0 ]  [ 0  1  0  0  0  0  0  0  0  0 ]  [ 0  0  0  1  0  0  0  0  0  0 ]  [ 0  0  0  0  0  0  0  0  0  1 ]  [ 0  0  0  0  0  0  0  0  0  1 ]  [ 0  0  0  0  0  0  0  0  0  1 ]  [ 0  1  0  0  0  0  0  0  0  0 ]  [ 0  0  0  0  0  0  0  0  1  0 ]  [ 0  0  0  0  0  0  0  0  0  1 ]  [ 0  0  0  0  0  0  0  0  0  1 ]  [ 0  0  0  1  0  0  0  0  0  0 ]  [ 0  1  0  0  0  0  0  0  0  0 ]  [ 0  1  0  0  0  0  0  0  0  0 ]  [ 0  0  1  0  0  0  0  0  0  0 ]  [ 0  1  0  0  0  0  0  0  0  0 ]  [ 0  1  0  0  0  0  0  0  0  0 ]  [ 0  0  0  0  0  0  0  0  0  1 ]  [ 0  0  1  0  0  0  0  0  0  0 ]  [ 0  1  0  0  0  0  0  0  0  0 ]  [ 0  0  1  0  0  0  0  0  0  0 ]  [ 0  1  0  0  0  0  0  0  0  0 ]  [ 0  0  0  0  0  0  0  0  0  1 ]  [ 0  0  1  0  0  0  0  0  0  0 ]  [ 0  0  1  0  0  0  0  0  0  0 ]  [ 0  0  0  0  0  0  0  0  0  1 ]  [ 0  0  0  0  0  0  0  0  1  0 ]  [ 0  0  0  0  0  0  0  0  0  1 ]  [ 0  1  0  0  0  0  0  0  0  0 ]  [ 0  0  0  1  0  0  0  0  0  0 ]  [ 0  0  1  0  0  0  0  0  0  0 ]  [ 0  1  0  0  0  0  0  0  0  0 ]  [ 0  0  1  0  0  0  0  0  0  0 ]  [ 0  1  0  0  0  0  0  0  0  0 ]  [ 0  0  1  0  0  0  0  0  0  0 ]  [ 0  1  0  0  0  0  0  0  0  0 ]  [ 0  0  0  0  0  0  0  0  0  1 ]  [ 0  1  0  0  0  0  0  0  0  0 ]  [ 0  0  0  0  0  0  0  0  1  0 ]  [ 0  1  0  0  0  0  0  0  0  0 ]  [ 0  0  0  1  0  0  0  0  0  0 ]  [ 0  0  0  0  0  0  0  0  0  1 ]  [ 0  0  0  1  0  0  0  0  0  0 ]  [ 0  1  0  0  0  0  0  0  0  0 ]  [ 0  0  0  0  0  0  0  0  0  1 ]  [ 0  0  0  0  0  0  0  0  1  0 ]  [ 0  0  0  0  0  0  0  0  1  0 ]  [ 0  0  1  0  0  0  0  0  0  0 ]  [ 0  0  1  0  0  0  0  0  0  0 ]  [ 0  0  0  0  0  0  0  0  1  0 ]  [ 0  0  0  0  0  0  0  0  1  0 ]  [ 0  1  0  0  0  0  0  0  0  0 ]  [ 0  0  0  0  0  0  0  0  0  1 ]  [ 0  0  1  0  0  0  0  0  0  0 ]  [ 0  0  0  1  0  0  0  0  0  0 ]  [ 0  0  0  0  0  0  0  0  0  1 ]  [ 0  0  0  0  0  0  0  0  1  0 ]  [ 0  0  1  0  0  0  0  0  0  0 ]  [ 0  1  0  0  0  0  0  0  0  0 ]  [ 0  1  0  0  0  0  0  0  0  0 ]  [ 0  0  1  0  0  0  0  0  0  0 ]  [ 0  0  0  0  0  0  0  0  1  0 ]  [ 0  0  0  1  0  0  0  0  0  0 ]  [ 0  0  0  0  0  0  0  0  0  1 ]  [ 0  0  0  1  0  0  0  0  0  0 ]  [ 0  0  0  1  0  0  0  0  0  0 ]  [ 0  0  0  0  0  0  0  0  1  0 ]  [ 0  1  0  0  0  0  0  0  0  0 ]  [ 0  0  1  0  0  0  0  0  0  0 ]  [ 0  0  1  0  0  0  0  0  0  0 ]  [ 0  0  0  0  0  0  0  0  0  1 ]  [ 0  1  0  0  0  0  0  0  0  0 ]  [ 0  0  0  0  0  0  0  0  1  0 ]  [ 0  0  0  0  0  0  0  0  1  0 ]  [ 0  1  0  0  0  0  0  0  0  0 ]  [ 0  0  0  0  0  0  0  0  0  1 ]  [ 0  0  1  0  0  0  0  0  0  0 ]  [ 0  1  0  0  0  0  0  0  0  0 ]  [ 0  0  1  0  0  0  0  0  0  0 ]  [ 0  0  0  1  0  0  0  0  0  0 ]  [ 0  1  0  0  0  0  0  0  0  0 ]  [ 0  0  0  0  0  0  0  0  1  0 ]  [ 0  0  0  0  0  0  0  0  0  1 ]  [ 0  0  1  0  0  0  0  0  0  0 ]  [ 0  1  0  0  0  0  0  0  0  0 ]  [ 0  0  1  0  0  0  0  0  0  0 ]  [ 0  0  1  0  0  0  0  0  0  0 ]  [ 0  0  0  0  0  0  0  0  1  0 ]  [ 0  0  0  1  0  0  0  0  0  0 ]  [ 0  0  0  0  0  0  0  0  1  0 ]  [ 0  1  0  0  0  0  0  0  0  0 ]  [ 0  0  0  0  0  0  0  0  0  1 ]  [ 0  0  1  0  0  0  0  0  0  0 ]  [ 0  0  0  1  0  0  0  0  0  0 ]  [ 0  0  0  0  0  0  0  0  1  0 ]  [ 0  0  0  0  0  0  0  0  1  0 ]  [ 0  0  0  0  0  0  0  0  0  1 ]  [ 0  0  0  0  0  0  0  0  1  0 ]  [ 0  0  1  0  0  0  0  0  0  0 ]  [ 0  0  0  1  0  0  0  0  0  0 ]  [ 0  1  0  0  0  0  0  0  0  0 ]  [ 0  0  0  1  0  0  0  0  0  0 ]  [ 0  0  0  0  0  0  0  0  0  1 ]  [ 0  1  0  0  0  0  0  0  0  0 ]  [ 0  0  0  0  0  0  0  0  0  1 ]  [ 0  0  0  0  0  0  0  0  0  1 ]  [ 0  0  0  0  0  0  0  0  0  1 ]  [ 0  0  0  1  0  0  0  0  0  0 ]  [ 0  1  0  0  0  0  0  0  0  0 ]  [ 0  0  0  0  0  0  0  0  1  0 ]  [ 0  1  0  0  0  0  0  0  0  0 ]  [ 0  0  0  1  0  0  0  0  0  0 ]  [ 0  1  0  0  0  0  0  0  0  0 ]  [ 0  0  0  0  0  0  0  0  0  1 ]  [ 0  0  0  0  0  0  0  0  0  1 ]  [ 0  0  0  0  0  0  0  0  1  0 ]  [ 0  0  1  0  0  0  0  0  0  0 ]  [ 0  0  0  0  0  0  0  0  0  1 ]  [ 0  0  0  1  0  0  0  0  0  0 ]  [ 0  0  0  0  0  0  0  0  0  1 ]  [ 0  0  1  0  0  0  0  0  0  0 ]  [ 0  0  1  0  0  0  0  0  0  0 ]  [ 0  0  1  0  0  0  0  0  0  0 ]  [ 0  1  0  0  0  0  0  0  0  0 ]  [ 0  0  1  0  0  0  0  0  0  0 ]  [ 0  1  0  0  0  0  0  0  0  0 ]  [ 0  0  0  1  0  0  0  0  0  0 ]  [ 0  0  0  0  0  0  0  0  1  0 ]  [ 0  0  0  1  0  0  0  0  0  0 ]  [ 0  0  0  0  0  0  0  0  0  1 ]  [ 0  0  1  0  0  0  0  0  0  0 ]  [ 0  0  0  0  0  0  0  0  1  0 ]  [ 0  1  0  0  0  0  0  0  0  0 ]  [ 0  0  1  0  0  0  0  0  0  0 ]  [ 0  0  0  0  0  0  0  0  0  1 ]  [ 0  0  0  1  0  0  0  0  0  0 ]  [ 0  0  0  1  0  0  0  0  0  0 ]  [ 0  0  1  0  0  0  0  0  0  0 ]  [ 0  0  1  0  0  0  0  0  0  0 ]  [ 0  1  0  0  0  0  0  0  0  0 ]  [ 0  1  0  0  0  0  0  0  0  0 ]  [ 0  1  0  0  0  0  0  0  0  0 ]  [ 0  1  0  0  0  0  0  0  0  0 ]  [ 0  1  0  0  0  0  0  0  0  0 ]  [ 0  0  1  0  0  0  0  0  0  0 ]  [ 0  0  0  0  0  0  0  0  1  0 ]  [ 0  0  0  0  0  0  0  0  1  0 ]  [ 0  0  0  0  0  0  0  0  1  0 ]  [ 0  1  0  0  0  0  0  0  0  0 ]  [ 0  0  0  0  0  0  0  0  0  1 ]  [ 0  1  0  0  0  0  0  0  0  0 ]  [ 0  0  1  0  0  0  0  0  0  0 ]  [ 0  0  0  0  0  0  0  0  0  1 ]  [ 0  0  0  0  0  0  0  0  0  1 ]  [ 0  0  0  0  0  0  0  0  0  1 ]  [ 0  0  0  0  0  0  0  0  0  1 ]  [ 0  1  0  0  0  0  0  0  0  0 ]  [ 0  0  0  1  0  0  0  0  0  0 ]  [ 0  1  0  0  0  0  0  0  0  0 ]  [ 0  0  0  0  0  0  0  0  1  0 ]  [ 0  0  0  0  0  0  0  0  1  0 ]  [ 0  1  0  0  0  0  0  0  0  0 ]  [ 0  0  0  0  0  0  0  0  0  1 ]  [ 0  0  0  1  0  0  0  0  0  0 ]  [ 0  0  0  1  0  0  0  0  0  0 ]  [ 0  0  0  1  0  0  0  0  0  0 ]  [ 0  0  0  0  0  0  0  0  0  1 ]  [ 0  1  0  0  0  0  0  0  0  0 ]  [ 0  1  0  0  0  0  0  0  0  0 ]  [ 0  0  0  0  0  0  0  0  1  0 ]  [ 0  0  0  0  0  0  0  0  1  0 ]  [ 0  1  0  0  0  0  0  0  0  0 ]  [ 0  0  0  1  0  0  0  0  0  0 ]  [ 0  0  0  0  0  0  0  0  1  0 ]  [ 0  0  1  0  0  0  0  0  0  0 ]  [ 0  0  1  0  0  0  0  0  0  0 ]  [ 0  0  0  0  0  0  0  0  1  0 ]  [ 0  0  0  0  0  0  0  0  0  1 ]  [ 0  0  0  0  0  0  0  0  0  1 ]  [ 0  0  0  1  0  0  0  0  0  0 ]  [ 0  1  0  0  0  0  0  0  0  0 ]  [ 0  0  0  0  0  0  0  0  0  1 ]  [ 0  0  1  0  0  0  0  0  0  0 ]  [ 0  0  1  0  0  0  0  0  0  0 ]  [ 0  1  0  0  0  0  0  0  0  0 ]  [ 0  1  0  0  0  0  0  0  0  0 ]  [ 0  1  0  0  0  0  0  0  0  0 ]  [ 0  0  0  0  0  0  0  0  0  1 ]  [ 0  0  0  1  0  0  0  0  0  0 ]  [ 0  0  1  0  0  0  0  0  0  0 ]  [ 0  0  0  1  0  0  0  0  0  0 ]  [ 0  0  0  1  0  0  0  0  0  0 ]  [ 0  1  0  0  0  0  0  0  0  0 ]  [ 0  1  0  0  0  0  0  0  0  0 ]  [ 0  0  0  0  0  0  0  0  0  1 ]  [ 0  0  1  0  0  0  0  0  0  0 ]  [ 0  0  0  1  0  0  0  0  0  0 ]  [ 0  0  0  1  0  0  0  0  0  0 ]  [ 0  1  0  0  0  0  0  0  0  0 ]  [ 0  0  1  0  0  0  0  0  0  0 ]  [ 0  0  0  0  0  0  0  0  0  1 ]  [ 0  0  0  0  0  0  0  0  0  1 ]  [ 0  0  0  0  0  0  0  0  1  0 ]  [ 0  1  0  0  0  0  0  0  0  0 ]  [ 0  0  0  1  0  0  0  0  0  0 ]  [ 0  0  0  0  0  0  0  0  1  0 ]  [ 0  0  1  0  0  0  0  0  0  0 ]  [ 0  0  1  0  0  0  0  0  0  0 ]  [ 0  0  1  0  0  0  0  0  0  0 ]  [ 0  0  0  1  0  0  0  0  0  0 ]  [ 0  0  1  0  0  0  0  0  0  0 ]  [ 0  0  1  0  0  0  0  0  0  0 ]  [ 0  1  0  0  0  0  0  0  0  0 ]  [ 0  0  0  1  0  0  0  0  0  0 ]  [ 0  1  0  0  0  0  0  0  0  0 ]  [ 0  0  0  0  0  0  0  0  0  1 ]  [ 0  0  0  0  0  0  0  0  0  1 ]  [ 0  0  0  0  0  0  0  0  0  1 ]  [ 0  1  0  0  0  0  0  0  0  0 ]  [ 0  1  0  0  0  0  0  0  0  0 ]  [ 0  0  0  0  0  0  0  0  0  1 ]  [ 0  0  0  0  0  0  0  0  1  0 ]  [ 0  0  0  0  0  0  0  0  0  1 ]  [ 0  0  0  0  0  0  0  0  0  1 ]  [ 0  0  0  0  0  0  0  0  1  0 ]  [ 0  0  0  0  0  0  0  0  1  0 ]  [ 0  0  1  0  0  0  0  0  0  0 ]  [ 0  1  0  0  0  0  0  0  0  0 ]  [ 0  0  0  0  0  0  0  0  1  0 ]  [ 0  0  1  0  0  0  0  0  0  0 ]  [ 0  0  1  0  0  0  0  0  0  0 ]  [ 0  1  0  0  0  0  0  0  0  0 ]  [ 0  0  0  1  0  0  0  0  0  0 ]  [ 0  0  0  1  0  0  0  0  0  0 ]  [ 0  0  0  0  0  0  0  0  0  1 ]  [ 0  1  0  0  0  0  0  0  0  0 ]  [ 0  0  0  1  0  0  0  0  0  0 ]  [ 0  0  0  1  0  0  0  0  0  0 ]  [ 0  0  0  0  0  0  0  0  1  0 ]  [ 0  0  1  0  0  0  0  0  0  0 ]  [ 0  1  0  0  0  0  0  0  0  0 ]  [ 0  0  1  0  0  0  0  0  0  0 ]  [ 0  1  0  0  0  0  0  0  0  0 ]  [ 0  0  1  0  0  0  0  0  0  0 ]  [ 0  0  1  0  0  0  0  0  0  0 ]  [ 0  1  0  0  0  0  0  0  0  0 ]  [ 0  1  0  0  0  0  0  0  0  0 ]  [ 0  0  0  1  0  0  0  0  0  0 ]  [ 0  0  0  0  0  0  0  0  1  0 ]  [ 0  0  0  0  0  0  0  0  1  0 ]  [ 0  0  0  0  0  0  0  0  0  1 ]  [ 0  0  1  0  0  0  0  0  0  0 ]  [ 0  1  0  0  0  0  0  0  0  0 ]  [ 0  1  0  0  0  0  0  0  0  0 ]  [ 0  0  0  0  0  0  0  0  0  1 ]  [ 0  1  0  0  0  0  0  0  0  0 ]  [ 0  1  0  0  0  0  0  0  0  0 ]  [ 0  0  0  1  0  0  0  0  0  0 ]  [ 0  1  0  0  0  0  0  0  0  0 ]  [ 0  1  0  0  0  0  0  0  0  0 ]  [ 0  0  0  0  0  0  0  0  1  0 ]  [ 0  0  1  0  0  0  0  0  0  0 ]  [ 0  0  0  0  0  0  0  0  0  1 ]  [ 0  1  0  0  0  0  0  0  0  0 ]  [ 0  0  0  1  0  0  0  0  0  0 ]  [ 0  0  0  0  0  0  0  0  0  1 ]  [ 0  1  0  0  0  0  0  0  0  0 ]  [ 0  0  0  0  0  0  0  0  0  1 ]  [ 0  0  1  0  0  0  0  0  0  0 ]  [ 0  0  0  0  0  0  0  0  0  1 ]  [ 0  0  0  1  0  0  0  0  0  0 ]  [ 0  1  0  0  0  0  0  0  0  0 ]  [ 0  0  0  0  0  0  0  0  0  1 ]  [ 0  0  0  1  0  0  0  0  0  0 ]  [ 0  1  0  0  0  0  0  0  0  0 ]  [ 0  0  0  0  0  0  0  0  0  1 ]  [ 0  0  0  1  0  0  0  0  0  0 ]  [ 0  1  0  0  0  0  0  0  0  0 ]  [ 0  1  0  0  0  0  0  0  0  0 ]  [ 0  1  0  0  0  0  0  0  0  0 ]  [ 0  1  0  0  0  0  0  0  0  0 ]  [ 0  0  0  0  0  0  0  0  0  1 ]  [ 0  0  0  0  0  0  0  0  0  1 ]  [ 0  0  0  0  0  0  0  0  0  1 ]  [ 0  0  0  0  0  0  0  0  1  0 ]  [ 0  1  0  0  0  0  0  0  0  0 ]  [ 0  0  0  1  0  0  0  0  0  0 ]  [ 0  0  1  0  0  0  0  0  0  0 ]  [ 0  0  0  0  0  0  0  0  0  1 ]  [ 0  0  0  0  0  0  0  0  1  0 ]  [ 0  0  0  0  0  0  0  0  1  0 ]  [ 0  0  0  0  0  0  0  0  1  0 ]  [ 0  0  0  1  0  0  0  0  0  0 ]  [ 0  0  0  1  0  0  0  0  0  0 ]  [ 0  0  1  0  0  0  0  0  0  0 ]  [ 0  0  0  0  0  0  0  0  0  1 ]  [ 0  1  0  0  0  0  0  0  0  0 ]  [ 0  0  0  0  0  0  0  0  0  1 ]  [ 0  0  1  0  0  0  0  0  0  0 ]  [ 0  1  0  0  0  0  0  0  0  0 ]  [ 0  1  0  0  0  0  0  0  0  0 ]  [ 0  0  0  0  0  0  0  0  1  0 ]  [ 0  0  1  0  0  0  0  0  0  0 ]  [ 0  1  0  0  0  0  0  0  0  0 ]  [ 0  0  0  0  0  0  0  0  0  1 ]  [ 0  0  0  0  0  0  0  0  0  1 ]  [ 0  0  1  0  0  0  0  0  0  0 ]  [ 0  0  0  0  0  0  0  0  0  1 ]  [ 0  0  1  0  0  0  0  0  0  0 ]  [ 0  0  0  0  0  0  0  0  1  0 ]  [ 0  0  1  0  0  0  0  0  0  0 ]  [ 0  0  0  1  0  0  0  0  0  0 ]  [ 0  1  0  0  0  0  0  0  0  0 ]  [ 0  0  0  0  0  0  0  0  0  1 ]  [ 0  1  0  0  0  0  0  0  0  0 ]  [ 0  0  0  1  0  0  0  0  0  0 ]  [ 0  0  0  1  0  0  0  0  0  0 ]  [ 0  0  0  0  0  0  0  0  0  1 ]  [ 0  0  1  0  0  0  0  0  0  0 ]  [ 0  0  0  0  0  0  0  0  1  0 ]  [ 0  1  0  0  0  0  0  0  0  0 ]  [ 0  0  0  0  0  0  0  0  0  1 ]  [ 0  1  0  0  0  0  0  0  0  0 ]  [ 0  0  0  1  0  0  0  0  0  0 ]  [ 0  0  0  0  0  0  0  0  0  1 ]  [ 0  0  0  0  0  0  0  0  0  1 ]  [ 0  0  0  0  0  0  0  0  0  1 ]  [ 0  0  0  0  0  0  0  0  1  0 ]  [ 0  0  1  0  0  0  0  0  0  0 ]  [ 0  0  1  0  0  0  0  0  0  0 ]  [ 0  1  0  0  0  0  0  0  0  0 ]  [ 0  1  0  0  0  0  0  0  0  0 ]  [ 0  0  0  1  0  0  0  0  0  0 ]  [ 0  0  0  0  0  0  0  0  0  1 ]  [ 0  0  0  0  0  0  0  0  1  0 ]  [ 0  0  0  0  0  0  0  0  0  1 ]  [ 0  1  0  0  0  0  0  0  0  0 ]  [ 0  0  0  1  0  0  0  0  0  0 ]  [ 0  0  0  0  0  0  0  0  0  1 ]  [ 0  0  0  1  0  0  0  0  0  0 ]  [ 0  0  0  0  0  0  0  0  1  0 ]  [ 0  0  1  0  0  0  0  0  0  0 ]  [ 0  0  0  1  0  0  0  0  0  0 ]  [ 0  0  0  1  0  0  0  0  0  0 ]  [ 0  1  0  0  0  0  0  0  0  0 ]  [ 0  0  1  0  0  0  0  0  0  0 ]  [ 0  0  0  0  0  0  0  0  0  1 ]  [ 0  0  1  0  0  0  0  0  0  0 ]  [ 0  1  0  0  0  0  0  0  0  0 ]  [ 0  0  1  0  0  0  0  0  0  0 ]  [ 0  0  1  0  0  0  0  0  0  0 ]  [ 0  0  0  1  0  0  0  0  0  0 ]  [ 0  1  0  0  0  0  0  0  0  0 ]  [ 0  0  0  0  0  0  0  0  0  1 ]  [ 0  1  0  0  0  0  0  0  0  0 ]  [ 0  0  0  0  0  0  0  0  1  0 ]  [ 0  0  1  0  0  0  0  0  0  0 ]  [ 0  0  0  1  0  0  0  0  0  0 ]  [ 0  0  0  0  0  0  0  0  1  0 ]  [ 0  1  0  0  0  0  0  0  0  0 ]  [ 0  0  1  0  0  0  0  0  0  0 ]  [ 0  0  0  1  0  0  0  0  0  0 ]  [ 0  1  0  0  0  0  0  0  0  0 ]  [ 0  0  1  0  0  0  0  0  0  0 ]  [ 0  1  0  0  0  0  0  0  0  0 ]  [ 0  0  0  1  0  0  0  0  0  0 ]  [ 0  0  0  0  0  0  0  0  1  0 ]  [ 0  0  0  0  0  0  0  0  0  1 ]  [ 0  1  0  0  0  0  0  0  0  0 ]  [ 0  0  1  0  0  0  0  0  0  0 ]  [ 0  1  0  0  0  0  0  0  0  0 ]  [ 0  0  1  0  0  0  0  0  0  0 ]  [ 0  0  0  0  0  0  0  0  0  1 ]  [ 0  0  1  0  0  0  0  0  0  0 ]  [ 0  0  0  0  0  0  0  0  0  1 ]  [ 0  0  1  0  0  0  0  0  0  0 ]  [ 0  0  0  1  0  0  0  0  0  0 ]  [ 0  0  1  0  0  0  0  0  0  0 ]  [ 0  0  0  1  0  0  0  0  0  0 ]  [ 0  0  0  1  0  0  0  0  0  0 ]  [ 0  1  0  0  0  0  0  0  0  0 ]  [ 0  0  0  0  0  0  0  0  0  1 ]  [ 0  0  0  1  0  0  0  0  0  0 ]  [ 0  1  0  0  0  0  0  0  0  0 ]  [ 0  0  1  0  0  0  0  0  0  0 ]  [ 0  0  0  1  0  0  0  0  0  0 ]  [ 0  1  0  0  0  0  0  0  0  0 ]  [ 0  1  0  0  0  0  0  0  0  0 ]  [ 0  0  0  0  0  0  0  0  0  1 ]  [ 0  1  0  0  0  0  0  0  0  0 ]  [ 0  0  1  0  0  0  0  0  0  0 ]  [ 0  1  0  0  0  0  0  0  0  0 ]  [ 0  0  0  0  0  0  0  0  0  1 ]  [ 0  0  0  0  0  0  0  0  0  1 ]  [ 0  1  0  0  0  0  0  0  0  0 ]  [ 0  0  1  0  0  0  0  0  0  0 ]  [ 0  0  1  0  0  0  0  0  0  0 ]  [ 0  0  1  0  0  0  0  0  0  0 ]  [ 0  0  0  0  0  0  0  0  1  0 ]  [ 0  0  0  0  0  0  0  0  1  0 ]  [ 0  0  0  0  0  0  0  0  1  0 ]  [ 0  0  0  1  0  0  0  0  0  0 ]  [ 0  0  0  0  0  0  0  0  0  1 ]  [ 0  1  0  0  0  0  0  0  0  0 ]  [ 0  0  0  0  0  0  0  0  0  1 ]  [ 0  0  1  0  0  0  0  0  0  0 ]  [ 0  0  1  0  0  0  0  0  0  0 ]  [ 0  0  0  1  0  0  0  0  0  0 ]  [ 0  0  0  1  0  0  0  0  0  0 ]  [ 0  0  0  0  0  0  0  0  1  0 ]  [ 0  0  1  0  0  0  0  0  0  0 ]  [ 0  0  0  0  0  0  0  0  0  1 ]  [ 0  0  0  1  0  0  0  0  0  0 ]  [ 0  0  0  1  0  0  0  0  0  0 ]  [ 0  0  0  0  0  0  0  0  0  1 ]  [ 0  1  0  0  0  0  0  0  0  0 ]  [ 0  0  1  0  0  0  0  0  0  0 ]  [ 0  0  0  1  0  0  0  0  0  0 ]  [ 0  1  0  0  0  0  0  0  0  0 ]  [ 0  0  0  1  0  0  0  0  0  0 ]  [ 0  0  1  0  0  0  0  0  0  0 ]  [ 0  0  1  0  0  0  0  0  0  0 ]  [ 0  1  0  0  0  0  0  0  0  0 ]  [ 0  0  0  0  0  0  0  0  0  1 ]  [ 0  1  0  0  0  0  0  0  0  0 ]  [ 0  0  0  0  0  0  0  0  1  0 ]  [ 0  0  1  0  0  0  0  0  0  0 ]  [ 0  0  0  1  0  0  0  0  0  0 ]  [ 0  0  0  0  0  0  0  0  0  1 ]  [ 0  0  0  1  0  0  0  0  0  0 ]  [ 0  0  1  0  0  0  0  0  0  0 ]  [ 0  0  0  1  0  0  0  0  0  0 ]  [ 0  0  0  0  0  0  0  0  1  0 ]  [ 0  0  0  1  0  0  0  0  0  0 ]  [ 0  0  0  0  0  0  0  0  1  0 ]  [ 0  0  1  0  0  0  0  0  0  0 ]  [ 0  0  1  0  0  0  0  0  0  0 ]  [ 0  0  0  0  0  0  0  0  0  1 ]  [ 0  0  0  0  0  0  0  0  0  1 ]  [ 0  0  0  0  0  0  0  0  1  0 ]  [ 0  0  1  0  0  0  0  0  0  0 ]  [ 0  0  0  1  0  0  0  0  0  0 ]  [ 0  0  0  0  0  0  0  0  1  0 ]  [ 0  1  0  0  0  0  0  0  0  0 ]  [ 0  0  0  0  0  0  0  0  1  0 ]  [ 0  1  0  0  0  0  0  0  0  0 ]  [ 0  0  0  0  0  0  0  0  1  0 ]  [ 0  0  1  0  0  0  0  0  0  0 ]  [ 0  0  0  0  0  0  0  0  0  1 ]  [ 0  0  0  0  0  0  0  0  0  1 ]  [ 0  0  0  0  0  0  0  0  1  0 ]  [ 0  0  0  0  0  0  0  0  0  1 ]  [ 0  0  1  0  0  0  0  0  0  0 ]  [ 0  0  0  0  0  0  0  0  1  0 ]  [ 0  1  0  0  0  0  0  0  0  0 ]  [ 0  0  1  0  0  0  0  0  0  0 ]  [ 0  0  1  0  0  0  0  0  0  0 ]  [ 0  0  1  0  0  0  0  0  0  0 ]  [ 0  0  0  1  0  0  0  0  0  0 ]  [ 0  0  0  0  0  0  0  0  1  0 ]  [ 0  0  0  1  0  0  0  0  0  0 ]  [ 0  0  0  0  0  0  0  0  0  1 ]  [ 0  0  1  0  0  0  0  0  0  0 ]  [ 0  0  0  1  0  0  0  0  0  0 ]  [ 0  0  0  0  0  0  0  0  0  1 ]  [ 0  0  0  0  0  0  0  0  1  0 ]  [ 0  1  0  0  0  0  0  0  0  0 ]  [ 0  1  0  0  0  0  0  0  0  0 ]  [ 0  0  0  1  0  0  0  0  0  0 ]  [ 0  0  0  1  0  0  0  0  0  0 ]  [ 0  0  0  0  0  0  0  0  1  0 ]  [ 0  0  0  0  0  0  0  0  1  0 ]  [ 0  0  0  1  0  0  0  0  0  0 ]  [ 0  1  0  0  0  0  0  0  0  0 ]  [ 0  0  1  0  0  0  0  0  0  0 ]  [ 0  0  0  0  0  0  0  0  1  0 ]  [ 0  0  1  0  0  0  0  0  0  0 ]  [ 0  1  0  0  0  0  0  0  0  0 ]  [ 0  0  0  0  0  0  0  0  1  0 ]  [ 0  1  0  0  0  0  0  0  0  0 ]  [ 0  0  1  0  0  0  0  0  0  0 ]  [ 0  0  0  0  0  0  0  0  0  1 ]  [ 0  0  0  0  0  0  0  0  1  0 ]  [ 0  0  1  0  0  0  0  0  0  0 ]  [ 0  1  0  0  0  0  0  0  0  0 ]  [ 0  1  0  0  0  0  0  0  0  0 ]  [ 0  0  1  0  0  0  0  0  0  0 ]  [ 0  1  0  0  0  0  0  0  0  0 ]  [ 0  0  0  0  0  0  0  0  0  1 ]  [ 0  0  0  0  0  0  0  0  0  1 ]  [ 0  0  0  0  0  0  0  0  1  0 ]  [ 0  0  0  1  0  0  0  0  0  0 ]  [ 0  0  1  0  0  0  0  0  0  0 ]  [ 0  0  0  0  0  0  0  0  1  0 ]  [ 0  1  0  0  0  0  0  0  0  0 ]  [ 0  0  0  1  0  0  0  0  0  0 ]  [ 0  0  0  0  0  0  0  0  1  0 ]  [ 0  0  0  1  0  0  0  0  0  0 ]  [ 0  0  0  0  0  0  0  0  0  1 ]  [ 0  1  0  0  0  0  0  0  0  0 ]  [ 0  1  0  0  0  0  0  0  0  0 ]  [ 0  0  0  1  0  0  0  0  0  0 ]  [ 0  0  0  0  0  0  0  0  1  0 ]  [ 0  0  1  0  0  0  0  0  0  0 ]  [ 0  0  0  0  0  0  0  0  1  0 ]  [ 0  1  0  0  0  0  0  0  0  0 ]  [ 0  1  0  0  0  0  0  0  0  0 ]  [ 0  0  1  0  0  0  0  0  0  0 ]  [ 0  0  0  0  0  0  0  0  1  0 ]  [ 0  0  1  0  0  0  0  0  0  0 ]  [ 0  0  0  0  0  0  0  0  1  0 ]  [ 0  1  0  0  0  0  0  0  0  0 ]  [ 0  0  0  1  0  0  0  0  0  0 ]  [ 0  1  0  0  0  0  0  0  0  0 ]  [ 0  1  0  0  0  0  0  0  0  0 ]  [ 0  1  0  0  0  0  0  0  0  0 ]  [ 0  0  0  1  0  0  0  0  0  0 ]  [ 0  1  0  0  0  0  0  0  0  0 ]  [ 0  1  0  0  0  0  0  0  0  0 ]  [ 0  1  0  0  0  0  0  0  0  0 ]  [ 0  0  1  0  0  0  0  0  0  0 ]  [ 0  0  1  0  0  0  0  0  0  0 ]  [ 0  0  0  1  0  0  0  0  0  0 ]  [ 0  0  0  0  0  0  0  0  1  0 ]  [ 0  0  0  0  0  0  0  0  1  0 ]  [ 0  0  1  0  0  0  0  0  0  0 ]  [ 0  0  0  0  0  0  0  0  0  1 ]  [ 0  0  0  0  0  0  0  0  0  1 ]  [ 0  0  0  0  0  0  0  0  0  1 ]  [ 0  0  0  0  0  0  0  0  1  0 ]  [ 0  0  0  0  0  0  0  0  1  0 ]  [ 0  0  0  0  0  0  0  0  0  1 ]  [ 0  0  1  0  0  0  0  0  0  0 ]  [ 0  0  0  0  0  0  0  0  1  0 ]  [ 0  0  1  0  0  0  0  0  0  0 ]  [ 0  0  1  0  0  0  0  0  0  0 ]  [ 0  0  0  0  0  0  0  0  0  1 ]  [ 0  0  0  1  0  0  0  0  0  0 ]  [ 0  0  0  1  0  0  0  0  0  0 ]  [ 0  0  0  1  0  0  0  0  0  0 ]  [ 0  0  0  0  0  0  0  0  1  0 ]  [ 0  0  1  0  0  0  0  0  0  0 ]  [ 0  0  0  0  0  0  0  0  0  1 ]  [ 0  0  1  0  0  0  0  0  0  0 ]  [ 0  1  0  0  0  0  0  0  0  0 ]  [ 0  0  1  0  0  0  0  0  0  0 ]  [ 0  0  0  0  0  0  0  0  0  1 ]  [ 0  0  0  0  0  0  0  0  1  0 ]  [ 0  0  0  0  0  0  0  0  1  0 ]  [ 0  0  0  1  0  0  0  0  0  0 ]  [ 0  0  0  1  0  0  0  0  0  0 ]  [ 0  0  0  0  0  0  0  0  0  1 ]  [ 0  0  0  0  0  0  0  0  1  0 ]  [ 0  0  0  0  0  0  0  0  1  0 ]  [ 0  0  0  1  0  0  0  0  0  0 ]  [ 0  0  0  0  0  0  0  0  0  1 ]  [ 0  0  1  0  0  0  0  0  0  0 ]  [ 0  0  0  0  0  0  0  0  1  0 ]  [ 0  0  0  0  0  0  0  0  0  1 ]  [ 0  0  0  0  0  0  0  0  1  0 ]  [ 0  0  0  0  0  0  0  0  1  0 ]  [ 0  0  0  0  0  0  0  0  1  0 ]  [ 0  0  1  0  0  0  0  0  0  0 ]  [ 0  1  0  0  0  0  0  0  0  0 ]  [ 0  0  0  0  0  0  0  0  0  1 ]  [ 0  0  0  0  0  0  0  0  0  1 ]  [ 0  1  0  0  0  0  0  0  0  0 ]  [ 0  0  0  0  0  0  0  0  1  0 ]  [ 0  0  0  1  0  0  0  0  0  0 ]  [ 0  0  0  1  0  0  0  0  0  0 ]  [ 0  0  0  1  0  0  0  0  0  0 ]  [ 0  0  0  1  0  0  0  0  0  0 ]  [ 0  0  0  1  0  0  0  0  0  0 ]  [ 0  0  0  1  0  0  0  0  0  0 ]  [ 0  0  0  0  0  0  0  0  1  0 ]  [ 0  0  0  1  0  0  0  0  0  0 ]  [ 0  0  0  1  0  0  0  0  0  0 ]  [ 0  0  0  0  0  0  0  0  0  1 ]  [ 0  0  0  1  0  0  0  0  0  0 ]  [ 0  1  0  0  0  0  0  0  0  0 ]  [ 0  0  0  0  0  0  0  0  0  1 ]  [ 0  0  0  1  0  0  0  0  0  0 ]  [ 0  1  0  0  0  0  0  0  0  0 ]  [ 0  0  1  0  0  0  0  0  0  0 ]  [ 0  0  1  0  0  0  0  0  0  0 ]  [ 0  1  0  0  0  0  0  0  0  0 ]  [ 0  0  1  0  0  0  0  0  0  0 ]  [ 0  0  1  0  0  0  0  0  0  0 ]  [ 0  1  0  0  0  0  0  0  0  0 ]  [ 0  0  1  0  0  0  0  0  0  0 ]  [ 0  0  0  0  0  0  0  0  0  1 ]  [ 0  0  0  0  0  0  0  0  1  0 ]  [ 0  0  0  1  0  0  0  0  0  0 ]  [ 0  0  0  1  0  0  0  0  0  0 ]  [ 0  1  0  0  0  0  0  0  0  0 ]  [ 0  0  0  1  0  0  0  0  0  0 ]  [ 0  0  0  1  0  0  0  0  0  0 ]  [ 0  0  0  0  0  0  0  0  1  0 ]  [ 0  0  0  0  0  0  0  0  0  1 ]  [ 0  0  0  1  0  0  0  0  0  0 ]  [ 0  0  1  0  0  0  0  0  0  0 ]  [ 0  0  0  0  0  0  0  0  0  1 ]  [ 0  0  1  0  0  0  0  0  0  0 ]  [ 0  0  1  0  0  0  0  0  0  0 ]  [ 0  0  1  0  0  0  0  0  0  0 ]  [ 0  1  0  0  0  0  0  0  0  0 ]  [ 0  0  0  0  0  0  0  0  1  0 ]  [ 0  0  0  0  0  0  0  0  0  1 ]  [ 0  0  0  0  0  0  0  0  1  0 ]  [ 0  1  0  0  0  0  0  0  0  0 ]  [ 0  0  0  1  0  0  0  0  0  0 ]  [ 0  0  0  1  0  0  0  0  0  0 ]  [ 0  0  0  0  0  0  0  0  0  1 ]  [ 0  0  1  0  0  0  0  0  0  0 ]  [ 0  0  0  1  0  0  0  0  0  0 ]  [ 0  0  0  0  0  0  0  0  0  1 ]  [ 0  0  0  0  0  0  0  0  1  0 ]  [ 0  0  0  0  0  0  0  0  1  0 ]  [ 0  1  0  0  0  0  0  0  0  0 ]  [ 0  0  0  0  0  0  0  0  1  0 ]  [ 0  0  0  0  0  0  0  0  0  1 ]  [ 0  0  0  1  0  0  0  0  0  0 ]  [ 0  0  1  0  0  0  0  0  0  0 ]  [ 0  0  0  1  0  0  0  0  0  0 ]  [ 0  0  0  1  0  0  0  0  0  0 ]  [ 0  0  1  0  0  0  0  0  0  0 ]  [ 0  0  0  1  0  0  0  0  0  0 ]  [ 0  0  1  0  0  0  0  0  0  0 ]  [ 0  0  0  0  0  0  0  0  1  0 ]  [ 0  0  0  0  0  0  0  0  0  1 ]  [ 0  0  0  0  0  0  0  0  0  1 ]  [ 0  1  0  0  0  0  0  0  0  0 ]  [ 0  0  0  1  0  0  0  0  0  0 ]  [ 0  0  0  0  0  0  0  0  0  1 ]  [ 0  1  0  0  0  0  0  0  0  0 ]  [ 0  0  0  1  0  0  0  0  0  0 ]  [ 0  1  0  0  0  0  0  0  0  0 ]  [ 0  0  1  0  0  0  0  0  0  0 ]  [ 0  1  0  0  0  0  0  0  0  0 ]  [ 0  1  0  0  0  0  0  0  0  0 ]  [ 0  1  0  0  0  0  0  0  0  0 ]  [ 0  1  0  0  0  0  0  0  0  0 ]  [ 0  0  0  0  0  0  0  0  0  1 ]  [ 0  0  0  0  0  0  0  0  1  0 ]  [ 0  0  0  0  0  0  0  0  0  1 ]  [ 0  1  0  0  0  0  0  0  0  0 ]  [ 0  0  0  0  0  0  0  0  1  0 ]  [ 0  0  0  0  0  0  0  0  0  1 ]  [ 0  1  0  0  0  0  0  0  0  0 ]  [ 0  0  0  1  0  0  0  0  0  0 ]  [ 0  0  0  1  0  0  0  0  0  0 ]  [ 0  0  1  0  0  0  0  0  0  0 ]  [ 0  1  0  0  0  0  0  0  0  0 ]  [ 0  0  0  0  0  0  0  0  0  1 ]  [ 0  0  0  0  0  0  0  0  0  1 ]  [ 0  0  0  1  0  0  0  0  0  0 ]  [ 0  0  1  0  0  0  0  0  0  0 ]  [ 0  0  0  0  0  0  0  0  1  0 ]  [ 0  1  0  0  0  0  0  0  0  0 ]  [ 0  0  0  1  0  0  0  0  0  0 ]  [ 0  0  0  0  0  0  0  0  1  0 ]  [ 0  0  0  0  0  0  0  0  1  0 ]  [ 0  1  0  0  0  0  0  0  0  0 ]  [ 0  0  1  0  0  0  0  0  0  0 ]  [ 0  1  0  0  0  0  0  0  0  0 ]  [ 0  0  1  0  0  0  0  0  0  0 ]  [ 0  0  0  0  0  0  0  0  0  1 ]  [ 0  0  0  0  0  0  0  0  0  1 ]  [ 0  0  0  0  0  0  0  0  1  0 ]  [ 0  0  0  0  0  0  0  0  0  1 ]  [ 0  0  0  1  0  0  0  0  0  0 ]  [ 0  0  1  0  0  0  0  0  0  0 ]  [ 0  0  0  1  0  0  0  0  0  0 ]  [ 0  0  0  1  0  0  0  0  0  0 ]  [ 0  0  0  0  0  0  0  0  0  1 ]  [ 0  0  0  0  0  0  0  0  1  0 ]  [ 0  0  0  0  0  0  0  0  0  1 ]  [ 0  1  0  0  0  0  0  0  0  0 ]  [ 0  0  0  0  0  0  0  0  0  1 ]  [ 0  0  0  0  0  0  0  0  0  1 ]  [ 0  1  0  0  0  0  0  0  0  0 ]  [ 0  1  0  0  0  0  0  0  0  0 ]  [ 0  0  0  0  0  0  0  0  0  1 ]  [ 0  0  0  1  0  0  0  0  0  0 ]  [ 0  0  0  0  0  0  0  0  1  0 ]  [ 0  0  0  0  0  0  0  0  0  1 ]  [ 0  0  0  0  0  0  0  0  0  1 ]  [ 0  1  0  0  0  0  0  0  0  0 ]  [ 0  0  0  0  0  0  0  0  0  1 ]  [ 0  0  0  0  0  0  0  0  0  1 ]  [ 0  0  0  1  0  0  0  0  0  0 ]  [ 0  0  0  0  0  0  0  0  0  1 ]  [ 0  0  1  0  0  0  0  0  0  0 ]  [ 0  0  0  0  0  0  0  0  0  1 ]  [ 0  0  1  0  0  0  0  0  0  0 ]  [ 0  0  1  0  0  0  0  0  0  0 ]  [ 0  1  0  0  0  0  0  0  0  0 ]  [ 0  1  0  0  0  0  0  0  0  0 ]  [ 0  0  0  1  0  0  0  0  0  0 ]  [ 0  0  1  0  0  0  0  0  0  0 ]  [ 0  1  0  0  0  0  0  0  0  0 ]  [ 0  0  0  0  0  0  0  0  0  1 ]  [ 0  0  1  0  0  0  0  0  0  0 ]  [ 0  1  0  0  0  0  0  0  0  0 ]  [ 0  1  0  0  0  0  0  0  0  0 ]  [ 0  0  0  0  0  0  0  0  1  0 ]  [ 0  0  0  1  0  0  0  0  0  0 ]  [ 0  0  1  0  0  0  0  0  0  0 ]  [ 0  0  1  0  0  0  0  0  0  0 ]  [ 0  0  0  0  0  0  0  0  1  0 ]  [ 0  0  0  0  0  0  0  0  0  1 ]  [ 0  0  0  0  0  0  0  0  0  1 ]  [ 0  0  0  1  0  0  0  0  0  0 ]  [ 0  0  0  0  0  0  0  0  0  1 ]  [ 0  0  1  0  0  0  0  0  0  0 ]  [ 0  0  0  0  0  0  0  0  0  1 ]  [ 0  0  1  0  0  0  0  0  0  0 ]  [ 0  0  1  0  0  0  0  0  0  0 ]  [ 0  0  1  0  0  0  0  0  0  0 ]  [ 0  0  0  0  0  0  0  0  0  1 ]  [ 0  0  0  1  0  0  0  0  0  0 ]  [ 0  0  1  0  0  0  0  0  0  0 ]  [ 0  0  0  0  0  0  0  0  1  0 ]  [ 0  0  0  1  0  0  0  0  0  0 ]  [ 0  0  0  0  0  0  0  0  1  0 ]  [ 0  0  0  0  0  0  0  0  1  0 ]  [ 0  0  0  0  0  0  0  0  0  1 ]  [ 0  1  0  0  0  0  0  0  0  0 ]  [ 0  0  0  1  0  0  0  0  0  0 ]  [ 0  0  0  0  0  0  0  0  0  1 ]  [ 0  0  1  0  0  0  0  0  0  0 ]  [ 0  0  0  1  0  0  0  0  0  0 ]  [ 0  0  1  0  0  0  0  0  0  0 ]  [ 0  1  0  0  0  0  0  0  0  0 ]  [ 0  0  0  1  0  0  0  0  0  0 ]  [ 0  0  0  0  0  0  0  0  0  1 ]  [ 0  1  0  0  0  0  0  0  0  0 ]  [ 0  0  0  1  0  0  0  0  0  0 ]  [ 0  0  0  1  0  0  0  0  0  0 ]  [ 0  0  0  1  0  0  0  0  0  0 ]  [ 0  0  0  0  0  0  0  0  1  0 ]  [ 0  0  0  1  0  0  0  0  0  0 ]  [ 0  0  1  0  0  0  0  0  0  0 ]  [ 0  1  0  0  0  0  0  0  0  0 ]  [ 0  0  0  0  0  0  0  0  0  1 ]  [ 0  1  0  0  0  0  0  0  0  0 ]  [ 0  1  0  0  0  0  0  0  0  0 ]  [ 0  0  0  0  0  0  0  0  0  1 ]  [ 0  1  0  0  0  0  0  0  0  0 ]  [ 0  0  0  0  0  0  0  0  0  1 ]  [ 0  0  0  0  0  0  0  0  1  0 ]  [ 0  1  0  0  0  0  0  0  0  0 ]  [ 0  1  0  0  0  0  0  0  0  0 ]  [ 0  0  1  0  0  0  0  0  0  0 ]  [ 0  0  1  0  0  0  0  0  0  0 ]  [ 0  0  1  0  0  0  0  0  0  0 ]  [ 0  0  0  0  0  0  0  0  1  0 ]  [ 0  1  0  0  0  0  0  0  0  0 ]  [ 0  0  0  0  0  0  0  0  1  0 ]  [ 0  1  0  0  0  0  0  0  0  0 ]  [ 0  0  0  1  0  0  0  0  0  0 ]  [ 0  0  0  0  0  0  0  0  1  0 ]  [ 0  0  0  1  0  0  0  0  0  0 ]  [ 0  0  0  0  0  0  0  0  0  1 ]  [ 0  0  0  1  0  0  0  0  0  0 ]  [ 0  0  1  0  0  0  0  0  0  0 ]  [ 0  0  0  1  0  0  0  0  0  0 ]  [ 0  0  0  0  0  0  0  0  1  0 ]  [ 0  1  0  0  0  0  0  0  0  0 ]  [ 0  0  0  1  0  0  0  0  0  0 ]  [ 0  1  0  0  0  0  0  0  0  0 ]  [ 0  1  0  0  0  0  0  0  0  0 ]  [ 0  0  1  0  0  0  0  0  0  0 ]  [ 0  0  0  0  0  0  0  0  0  1 ]  [ 0  1  0  0  0  0  0  0  0  0 ]  [ 0  1  0  0  0  0  0  0  0  0 ]  [ 0  0  0  0  0  0  0  0  0  1 ]  [ 0  0  0  1  0  0  0  0  0  0 ]  [ 0  0  0  0  0  0  0  0  1  0 ]  [ 0  0  0  0  0  0  0  0  0  1 ]  [ 0  0  0  0  0  0  0  0  0  1 ]  [ 0  0  1  0  0  0  0  0  0  0 ]  [ 0  1  0  0  0  0  0  0  0  0 ]  [ 0  0  0  0  0  0  0  0  1  0 ]  [ 0  0  1  0  0  0  0  0  0  0 ]  [ 0  0  0  1  0  0  0  0  0  0 ]  [ 0  0  1  0  0  0  0  0  0  0 ]  [ 0  0  0  0  0  0  0  0  1  0 ]  [ 0  0  1  0  0  0  0  0  0  0 ]  [ 0  0  0  0  0  0  0  0  1  0 ]  [ 0  0  0  1  0  0  0  0  0  0 ]  [ 0  1  0  0  0  0  0  0  0  0 ]  [ 0  0  0  0  0  0  0  0  0  1 ]  [ 0  0  1  0  0  0  0  0  0  0 ]  [ 0  1  0  0  0  0  0  0  0  0 ]  [ 0  0  0  0  0  0  0  0  1  0 ]  [ 0  0  0  1  0  0  0  0  0  0 ]  [ 0  1  0  0  0  0  0  0  0  0 ]  [ 0  0  1  0  0  0  0  0  0  0 ]  [ 0  0  0  1  0  0  0  0  0  0 ]  [ 0  0  0  0  0  0  0  0  1  0 ]  [ 0  0  1  0  0  0  0  0  0  0 ]  [ 0  0  0  0  0  0  0  0  1  0 ]  [ 0  1  0  0  0  0  0  0  0  0 ]  [ 0  0  0  1  0  0  0  0  0  0 ]  [ 0  0  0  0  0  0  0  0  0  1 ]  [ 0  0  1  0  0  0  0  0  0  0 ]  [ 0  1  0  0  0  0  0  0  0  0 ]  [ 0  1  0  0  0  0  0  0  0  0 ]  [ 0  0  1  0  0  0  0  0  0  0 ]  [ 0  0  0  0  0  0  0  0  0  1 ]  [ 0  0  0  1  0  0  0  0  0  0 ]  [ 0  0  1  0  0  0  0  0  0  0 ]  [ 0  0  0  1  0  0  0  0  0  0 ]  [ 0  0  0  0  0  0  0  0  0  1 ]  [ 0  0  0  0  0  0  0  0  1  0 ]  [ 0  0  0  0  0  0  0  0  1  0 ]  [ 0  0  1  0  0  0  0  0  0  0 ]  [ 0  0  1  0  0  0  0  0  0  0 ]  [ 0  0  0  1  0  0  0  0  0  0 ]  [ 0  0  0  0  0  0  0  0  1  0 ]  [ 0  1  0  0  0  0  0  0  0  0 ]  [ 0  0  0  0  0  0  0  0  1  0 ]  [ 0  0  0  1  0  0  0  0  0  0 ]  [ 0  1  0  0  0  0  0  0  0  0 ]  [ 0  0  0  0  0  0  0  0  0  1 ]  [ 0  0  0  0  0  0  0  0  0  1 ]  [ 0  1  0  0  0  0  0  0  0  0 ]  [ 0  0  0  0  0  0  0  0  1  0 ]  [ 0  0  0  1  0  0  0  0  0  0 ]  [ 0  0  1  0  0  0  0  0  0  0 ]  [ 0  0  0  0  0  0  0  0  0  1 ]  [ 0  0  0  0  0  0  0  0  0  1 ]  [ 0  1  0  0  0  0  0  0  0  0 ]  [ 0  1  0  0  0  0  0  0  0  0 ]  [ 0  0  0  0  0  0  0  0  1  0 ]  [ 0  0  0  0  0  0  0  0  1  0 ]  [ 0  1  0  0  0  0  0  0  0  0 ]  [ 0  0  1  0  0  0  0  0  0  0 ]  [ 0  0  0  1  0  0  0  0  0  0 ]  [ 0  0  0  0  0  0  0  0  1  0 ]  [ 0  0  0  0  0  0  0  0  0  1 ]  [ 0  0  0  0  0  0  0  0  0  1 ]  [ 0  0  1  0  0  0  0  0  0  0 ]  [ 0  0  0  0  0  0  0  0  1  0 ]  [ 0  0  1  0  0  0  0  0  0  0 ]  [ 0  0  0  1  0  0  0  0  0  0 ]  [ 0  0  1  0  0  0  0  0  0  0 ]  [ 0  0  0  1  0  0  0  0  0  0 ]  [ 0  0  0  0  0  0  0  0  0  1 ]  [ 0  0  0  1  0  0  0  0  0  0 ]  [ 0  0  1  0  0  0  0  0  0  0 ]  [ 0  0  0  0  0  0  0  0  1  0 ] ];

ObjRequests = {  <1,3,41>, <2,3,47>, <3,3,95>, <4,3,152>, <5,3,51>, <6,3,44>, <7,3,48>, <8,3,30>, <9,3,10>, <10,3,6>, <11,3,15>, <12,3,2>, <13,3,34>, <14,3,33>, <15,3,5>, <16,3,5>, <17,3,15>, <18,3,17>, <19,3,4>, <20,3,2>, <21,3,4>, <22,3,5>, <23,3,4>, <24,3,7>, <25,3,18>, <26,3,1>, <27,3,4>, <28,3,2>, <29,3,8>, <30,3,12>, <31,3,12>, <32,3,12>, <33,3,12>, <34,3,2>, <35,3,6>, <36,3,1>, <37,3,7>, <39,3,5>, <40,3,12>, <41,3,3>, <42,3,2>, <43,3,3>, <44,3,13>, <46,3,4>, <47,3,2>, <48,3,5>, <49,3,5>, <50,3,4>, <51,3,1>, <52,3,5>, <53,3,2>, <54,3,11>, <55,3,3>, <56,3,5>, <57,3,1>, <58,3,9>, <59,3,6>, <61,3,4>, <62,3,6>, <63,3,2>, <64,3,7>, <65,3,3>, <67,3,4>, <68,3,5>, <69,3,4>, <71,3,6>, <73,3,8>, <74,3,9>, <75,3,1>, <76,3,1>, <77,3,2>, <78,3,7>, <79,3,4>, <80,3,2>, <82,3,7>, <83,3,2>, <84,3,1>, <85,3,1>, <86,3,2>, <87,3,1>, <88,3,1>, <89,3,1>, <90,3,3>, <91,3,5>, <92,3,1>, <93,3,1>, <94,3,2>, <95,3,6>, <97,3,1>, <98,3,3>, <99,3,8>, <100,3,1>, <101,3,3>, <102,3,3>, <103,3,1>, <104,3,1>, <105,3,2>, <106,3,5>, <107,3,1>, <108,3,3>, <109,3,1>, <110,3,3>, <111,3,2>, <112,3,1>, <113,3,5>, <115,3,3>, <116,3,1>, <117,3,4>, <118,3,1>, <120,3,2>, <121,3,2>, <122,3,1>, <123,3,3>, <124,3,1>, <125,3,1>, <126,3,1>, <127,3,3>, <129,3,1>, <130,3,1>, <131,3,2>, <132,3,1>, <133,3,10>, <135,3,2>, <136,3,1>, <137,3,1>, <138,3,1>, <139,3,1>, <140,3,8>, <141,3,1>, <142,3,2>, <143,3,1>, <144,3,6>, <145,3,2>, <148,3,4>, <149,3,1>, <151,3,2>, <152,3,3>, <153,3,1>, <154,3,1>, <156,3,1>, <160,3,1>, <161,3,1>, <163,3,1>, <164,3,2>, <167,3,1>, <168,3,1>, <169,3,2>, <170,3,1>, <172,3,2>, <173,3,1>, <174,3,2>, <175,3,1>, <177,3,1>, <179,3,1>, <180,3,2>, <181,3,3>, <183,3,2>, <184,3,1>, <185,3,1>, <188,3,1>, <191,3,2>, <192,3,1>, <193,3,1>, <194,3,1>, <195,3,2>, <197,3,1>, <199,3,1>, <200,3,2>, <202,3,1>, <203,3,1>, <204,3,3>, <205,3,1>, <209,3,1>, <211,3,2>, <215,3,1>, <217,3,1>, <218,3,1>, <220,3,3>, <221,3,1>, <222,3,1>, <223,3,1>, <224,3,2>, <226,3,2>, <228,3,2>, <230,3,1>, <231,3,2>, <232,3,1>, <234,3,3>, <235,3,2>, <236,3,1>, <237,3,1>, <239,3,1>, <240,3,1>, <244,3,3>, <246,3,1>, <248,3,1>, <249,3,1>, <251,3,1>, <252,3,4>, <254,3,2>, <255,3,2>, <256,3,1>, <257,3,1>, <262,3,2>, <263,3,1>, <264,3,1>, <265,3,1>, <266,3,1>, <268,3,3>, <269,3,1>, <270,3,1>, <272,3,1>, <274,3,2>, <276,3,1>, <277,3,1>, <280,3,1>, <282,3,1>, <283,3,1>, <285,3,1>, <287,3,1>, <288,3,1>, <291,3,2>, <294,3,1>, <297,3,1>, <298,3,3>, <301,3,2>, <304,3,1>, <305,3,1>, <306,3,4>, <309,3,2>, <310,3,1>, <312,3,1>, <313,3,1>, <315,3,1>, <316,3,1>, <317,3,1>, <319,3,1>, <320,3,1>, <323,3,1>, <324,3,1>, <326,3,1>, <327,3,1>, <328,3,1>, <329,3,1>, <330,3,1>, <332,3,1>, <334,3,1>, <336,3,1>, <337,3,1>, <338,3,1>, <341,3,1>, <342,3,3>, <343,3,1>, <344,3,1>, <345,3,1>, <347,3,2>, <348,3,1>, <350,3,1>, <353,3,1>, <355,3,2>, <356,3,1>, <358,3,1>, <359,3,1>, <361,3,1>, <366,3,1>, <370,3,4>, <371,3,1>, <373,3,1>, <376,3,1>, <379,3,1>, <380,3,1>, <381,3,1>, <382,3,1>, <383,3,2>, <387,3,1>, <394,3,1>, <396,3,3>, <399,3,1>, <401,3,1>, <403,3,1>, <404,3,5>, <406,3,1>, <409,3,1>, <411,3,1>, <412,3,1>, <415,3,1>, <418,3,1>, <420,3,3>, <427,3,1>, <428,3,1>, <431,3,1>, <434,3,1>, <439,3,1>, <440,3,1>, <442,3,1>, <446,3,1>, <447,3,1>, <448,3,1>, <452,3,1>, <458,3,1>, <465,3,1>, <467,3,1>, <470,3,1>, <473,3,2>, <475,3,1>, <476,3,1>, <477,3,2>, <479,3,1>, <481,3,1>, <489,3,2>, <491,3,1>, <493,3,1>, <495,3,2>, <499,3,1>, <502,3,1>, <506,3,1>, <508,3,2>, <512,3,1>, <517,3,1>, <519,3,1>, <521,3,1>, <522,3,1>, <524,3,1>, <526,3,1>, <536,3,1>, <539,3,1>, <541,3,3>, <548,3,1>, <549,3,1>, <551,3,1>, <553,3,1>, <555,3,1>, <561,3,1>, <562,3,1>, <574,3,1>, <578,3,1>, <589,3,1>, <597,3,1>, <599,3,1>, <601,3,1>, <603,3,2>, <607,3,1>, <612,3,3>, <613,3,2>, <619,3,1>, <625,3,1>, <635,3,1>, <638,3,1>, <645,3,1>, <646,3,1>, <648,3,1>, <649,3,1>, <651,3,4>, <655,3,1>, <659,3,1>, <660,3,2>, <664,3,1>, <667,3,1>, <677,3,1>, <678,3,1>, <683,3,1>, <684,3,1>, <695,3,1>, <696,3,1>, <716,3,1>, <722,3,1>, <724,3,1>, <729,3,1>, <731,3,1>, <736,3,1>, <740,3,1>, <741,3,2>, <742,3,1>, <743,3,1>, <747,3,2>, <763,3,1>, <767,3,1>, <776,3,1>, <783,3,1>, <785,3,1>, <787,3,1>, <822,3,1>, <829,3,1>, <839,3,1>, <842,3,2>, <843,3,2>, <852,3,1>, <854,3,1>, <867,3,1>, <872,3,2>, <880,3,1>, <887,3,1>, <893,3,1>, <900,3,2>, <901,3,1>, <903,3,1>, <908,3,1>, <911,3,1>, <915,3,1>, <916,3,1>, <918,3,1>, <930,3,1>, <936,3,1>, <937,3,1>, <947,3,1>, <956,3,1>, <962,3,1>, <965,3,1>, <985,3,1>, <996,3,1>, <1,4,143>, <2,4,118>, <3,4,123>, <4,4,21>, <5,4,53>, <6,4,35>, <7,4,33>, <8,4,67>, <9,4,58>, <10,4,18>, <12,4,11>, <13,4,2>, <15,4,12>, <16,4,49>, <17,4,17>, <18,4,29>, <19,4,30>, <20,4,5>, <21,4,2>, <22,4,9>, <23,4,18>, <24,4,10>, <25,4,4>, <26,4,1>, <27,4,8>, <29,4,5>, <30,4,6>, <31,4,6>, <32,4,1>, <33,4,5>, <34,4,18>, <35,4,1>, <36,4,6>, <37,4,16>, <38,4,2>, <40,4,7>, <41,4,10>, <42,4,12>, <43,4,5>, <44,4,1>, <45,4,3>, <46,4,1>, <47,4,5>, <48,4,13>, <49,4,5>, <50,4,1>, <52,4,3>, <53,4,8>, <54,4,1>, <55,4,3>, <56,4,2>, <57,4,1>, <59,4,9>, <60,4,1>, <61,4,3>, <62,4,2>, <63,4,2>, <64,4,6>, <65,4,9>, <66,4,5>, <67,4,1>, <68,4,3>, <69,4,3>, <70,4,5>, <71,4,3>, <73,4,1>, <74,4,5>, <75,4,11>, <76,4,8>, <78,4,2>, <79,4,2>, <80,4,1>, <81,4,5>, <83,4,7>, <84,4,4>, <86,4,3>, <88,4,1>, <89,4,2>, <90,4,2>, <91,4,1>, <93,4,1>, <94,4,1>, <96,4,3>, <99,4,1>, <100,4,3>, <101,4,3>, <103,4,4>, <104,4,2>, <105,4,5>, <107,4,2>, <108,4,2>, <109,4,2>, <110,4,1>, <111,4,4>, <112,4,1>, <113,4,2>, <114,4,1>, <115,4,2>, <117,4,2>, <118,4,6>, <121,4,1>, <122,4,3>, <123,4,5>, <125,4,4>, <126,4,2>, <127,4,1>, <128,4,4>, <130,4,2>, <131,4,1>, <133,4,2>, <134,4,4>, <135,4,5>, <137,4,1>, <138,4,1>, <139,4,1>, <140,4,2>, <141,4,1>, <142,4,1>, <143,4,1>, <147,4,2>, <148,4,1>, <149,4,1>, <150,4,2>, <151,4,1>, <152,4,2>, <155,4,2>, <157,4,1>, <158,4,1>, <159,4,1>, <160,4,1>, <161,4,1>, <162,4,1>, <164,4,1>, <165,4,1>, <167,4,1>, <168,4,1>, <169,4,1>, <170,4,2>, <172,4,2>, <174,4,1>, <177,4,3>, <182,4,1>, <183,4,1>, <184,4,3>, <185,4,1>, <188,4,3>, <189,4,3>, <190,4,1>, <191,4,1>, <192,4,1>, <193,4,2>, <194,4,1>, <198,4,1>, <202,4,1>, <203,4,1>, <206,4,2>, <207,4,1>, <210,4,1>, <211,4,1>, <214,4,2>, <215,4,1>, <216,4,1>, <217,4,1>, <218,4,1>, <219,4,1>, <221,4,1>, <225,4,1>, <227,4,1>, <232,4,1>, <234,4,1>, <235,4,1>, <236,4,4>, <238,4,1>, <239,4,1>, <240,4,1>, <241,4,3>, <247,4,2>, <248,4,1>, <249,4,1>, <250,4,1>, <251,4,1>, <254,4,1>, <255,4,2>, <256,4,3>, <257,4,1>, <258,4,2>, <259,4,1>, <260,4,1>, <261,4,3>, <262,4,1>, <264,4,1>, <265,4,1>, <266,4,1>, <267,4,1>, <268,4,2>, <269,4,3>, <270,4,1>, <271,4,2>, <272,4,2>, <273,4,4>, <277,4,5>, <280,4,1>, <281,4,1>, <284,4,1>, <286,4,2>, <287,4,1>, <290,4,1>, <291,4,4>, <294,4,3>, <295,4,1>, <297,4,1>, <298,4,1>, <299,4,1>, <301,4,1>, <305,4,1>, <308,4,1>, <312,4,1>, <313,4,1>, <314,4,4>, <316,4,1>, <318,4,1>, <319,4,1>, <320,4,3>, <322,4,1>, <324,4,1>, <325,4,3>, <332,4,1>, <338,4,2>, <342,4,1>, <343,4,1>, <346,4,1>, <349,4,1>, <352,4,1>, <353,4,1>, <358,4,3>, <364,4,1>, <365,4,1>, <367,4,1>, <370,4,1>, <374,4,1>, <378,4,1>, <379,4,1>, <381,4,2>, <382,4,1>, <384,4,3>, <387,4,1>, <388,4,1>, <389,4,1>, <391,4,1>, <395,4,1>, <396,4,1>, <397,4,1>, <398,4,2>, <399,4,2>, <400,4,2>, <401,4,1>, <404,4,1>, <405,4,1>, <406,4,1>, <410,4,1>, <411,4,3>, <412,4,1>, <414,4,2>, <419,4,1>, <420,4,1>, <421,4,1>, <423,4,1>, <425,4,1>, <427,4,1>, <433,4,1>, <434,4,1>, <437,4,1>, <441,4,1>, <443,4,1>, <445,4,1>, <447,4,1>, <448,4,1>, <452,4,1>, <457,4,1>, <458,4,1>, <462,4,1>, <463,4,1>, <465,4,1>, <467,4,1>, <468,4,1>, <470,4,2>, <471,4,1>, <475,4,2>, <476,4,1>, <479,4,1>, <480,4,2>, <484,4,1>, <485,4,1>, <486,4,1>, <488,4,1>, <495,4,1>, <497,4,1>, <502,4,1>, <506,4,1>, <508,4,1>, <510,4,1>, <520,4,1>, <524,4,2>, <536,4,1>, <538,4,1>, <540,4,1>, <541,4,1>, <546,4,1>, <549,4,1>, <550,4,2>, <551,4,1>, <556,4,1>, <560,4,1>, <561,4,1>, <567,4,1>, <569,4,1>, <572,4,1>, <581,4,1>, <583,4,1>, <584,4,1>, <589,4,2>, <590,4,1>, <596,4,1>, <599,4,1>, <606,4,1>, <613,4,1>, <617,4,1>, <624,4,1>, <629,4,2>, <634,4,1>, <639,4,1>, <642,4,1>, <643,4,1>, <644,4,2>, <648,4,1>, <649,4,1>, <657,4,1>, <664,4,1>, <684,4,1>, <685,4,1>, <702,4,1>, <706,4,1>, <715,4,1>, <716,4,1>, <720,4,1>, <721,4,1>, <726,4,1>, <729,4,2>, <734,4,1>, <739,4,1>, <755,4,1>, <758,4,1>, <768,4,1>, <769,4,1>, <776,4,1>, <779,4,1>, <780,4,1>, <783,4,1>, <788,4,1>, <808,4,1>, <811,4,1>, <818,4,1>, <822,4,2>, <827,4,1>, <831,4,1>, <846,4,1>, <859,4,1>, <873,4,2>, <900,4,1>, <905,4,1>, <908,4,1>, <912,4,1>, <913,4,1>, <915,4,1>, <918,4,1>, <930,4,1>, <942,4,1>, <951,4,1>, <962,4,1>, <973,4,1>, <976,4,1>, <977,4,2>, <983,4,1>, <987,4,1>, <996,4,1>, <1000,4,1>, <1,9,53>, <2,9,52>, <3,9,15>, <4,9,68>, <5,9,109>, <6,9,5>, <7,9,26>, <8,9,32>, <9,9,22>, <10,9,3>, <11,9,8>, <12,9,15>, <13,9,21>, <14,9,14>, <15,9,9>, <16,9,6>, <17,9,7>, <18,9,6>, <19,9,12>, <20,9,37>, <21,9,21>, <22,9,1>, <23,9,11>, <24,9,3>, <25,9,3>, <26,9,3>, <27,9,15>, <28,9,12>, <29,9,9>, <30,9,13>, <31,9,10>, <32,9,4>, <33,9,3>, <34,9,1>, <35,9,24>, <36,9,2>, <37,9,2>, <38,9,9>, <40,9,1>, <41,9,4>, <42,9,3>, <43,9,6>, <44,9,2>, <45,9,11>, <47,9,2>, <49,9,1>, <50,9,15>, <51,9,5>, <52,9,3>, <53,9,1>, <54,9,1>, <55,9,2>, <56,9,6>, <57,9,8>, <58,9,6>, <59,9,6>, <60,9,3>, <62,9,4>, <63,9,1>, <64,9,3>, <66,9,2>, <67,9,4>, <68,9,4>, <69,9,3>, <72,9,5>, <74,9,1>, <75,9,3>, <76,9,2>, <77,9,3>, <79,9,5>, <80,9,7>, <84,9,2>, <85,9,6>, <86,9,5>, <87,9,2>, <88,9,1>, <89,9,1>, <90,9,5>, <91,9,1>, <92,9,2>, <94,9,1>, <95,9,3>, <96,9,1>, <98,9,5>, <99,9,7>, <100,9,1>, <101,9,4>, <103,9,1>, <104,9,1>, <105,9,1>, <106,9,4>, <107,9,3>, <108,9,1>, <109,9,2>, <110,9,3>, <111,9,1>, <112,9,2>, <115,9,1>, <116,9,2>, <118,9,1>, <119,9,3>, <120,9,1>, <124,9,1>, <125,9,1>, <126,9,4>, <127,9,3>, <128,9,6>, <129,9,1>, <130,9,1>, <131,9,1>, <132,9,1>, <133,9,1>, <134,9,7>, <135,9,3>, <136,9,2>, <138,9,2>, <140,9,1>, <141,9,2>, <142,9,1>, <144,9,3>, <145,9,7>, <146,9,2>, <147,9,1>, <148,9,1>, <149,9,1>, <150,9,1>, <151,9,1>, <152,9,1>, <153,9,1>, <154,9,1>, <157,9,1>, <159,9,1>, <160,9,1>, <161,9,1>, <162,9,1>, <163,9,3>, <164,9,1>, <165,9,1>, <166,9,1>, <167,9,4>, <169,9,1>, <170,9,1>, <171,9,1>, <172,9,4>, <175,9,1>, <177,9,1>, <179,9,3>, <180,9,1>, <181,9,1>, <182,9,2>, <183,9,1>, <185,9,3>, <186,9,4>, <187,9,1>, <189,9,2>, <190,9,2>, <192,9,4>, <194,9,5>, <196,9,6>, <197,9,1>, <198,9,2>, <200,9,1>, <203,9,2>, <204,9,1>, <206,9,2>, <207,9,1>, <208,9,1>, <209,9,2>, <213,9,1>, <215,9,1>, <216,9,1>, <217,9,1>, <218,9,1>, <220,9,1>, <223,9,3>, <225,9,2>, <226,9,1>, <228,9,1>, <230,9,1>, <231,9,1>, <232,9,1>, <233,9,1>, <234,9,2>, <235,9,1>, <236,9,1>, <237,9,1>, <238,9,2>, <240,9,1>, <241,9,1>, <243,9,1>, <245,9,1>, <248,9,1>, <249,9,2>, <251,9,2>, <252,9,1>, <254,9,2>, <255,9,1>, <256,9,1>, <258,9,1>, <261,9,1>, <262,9,1>, <264,9,1>, <267,9,3>, <269,9,1>, <270,9,3>, <272,9,1>, <279,9,2>, <280,9,1>, <281,9,1>, <283,9,1>, <285,9,1>, <286,9,2>, <288,9,1>, <290,9,1>, <292,9,3>, <295,9,1>, <297,9,1>, <301,9,1>, <302,9,4>, <303,9,2>, <304,9,1>, <305,9,1>, <309,9,1>, <310,9,2>, <311,9,3>, <313,9,2>, <319,9,1>, <321,9,1>, <322,9,1>, <324,9,2>, <325,9,1>, <327,9,1>, <328,9,1>, <330,9,4>, <332,9,2>, <334,9,1>, <336,9,1>, <345,9,1>, <346,9,1>, <347,9,1>, <352,9,1>, <363,9,2>, <365,9,2>, <366,9,1>, <369,9,1>, <376,9,1>, <377,9,1>, <378,9,1>, <382,9,1>, <383,9,1>, <384,9,3>, <388,9,1>, <389,9,3>, <390,9,1>, <392,9,1>, <396,9,1>, <397,9,2>, <398,9,1>, <400,9,1>, <401,9,1>, <404,9,1>, <405,9,1>, <406,9,1>, <409,9,2>, <412,9,2>, <415,9,2>, <418,9,1>, <419,9,1>, <420,9,1>, <426,9,1>, <434,9,1>, <435,9,1>, <436,9,1>, <440,9,4>, <444,9,1>, <445,9,1>, <447,9,1>, <450,9,1>, <453,9,1>, <454,9,1>, <457,9,1>, <458,9,1>, <459,9,1>, <462,9,1>, <464,9,1>, <465,9,2>, <467,9,1>, <474,9,1>, <484,9,2>, <486,9,1>, <488,9,1>, <493,9,1>, <502,9,1>, <506,9,5>, <507,9,1>, <508,9,1>, <514,9,3>, <517,9,1>, <528,9,1>, <536,9,1>, <540,9,3>, <541,9,1>, <544,9,2>, <545,9,1>, <546,9,1>, <550,9,1>, <553,9,1>, <560,9,1>, <561,9,1>, <562,9,1>, <567,9,1>, <572,9,1>, <574,9,1>, <583,9,1>, <588,9,1>, <592,9,1>, <597,9,1>, <598,9,1>, <604,9,1>, <606,9,1>, <621,9,1>, <624,9,1>, <628,9,1>, <633,9,1>, <635,9,1>, <638,9,1>, <645,9,2>, <646,9,1>, <647,9,1>, <649,9,2>, <654,9,1>, <655,9,1>, <673,9,1>, <676,9,1>, <685,9,1>, <703,9,1>, <713,9,1>, <716,9,1>, <720,9,1>, <724,9,1>, <743,9,1>, <759,9,1>, <769,9,1>, <770,9,1>, <772,9,1>, <777,9,1>, <782,9,2>, <790,9,2>, <795,9,1>, <816,9,1>, <822,9,1>, <825,9,1>, <829,9,1>, <839,9,2>, <841,9,1>, <842,9,1>, <843,9,2>, <859,9,1>, <867,9,1>, <872,9,1>, <873,9,1>, <880,9,1>, <899,9,1>, <901,9,1>, <908,9,2>, <916,9,1>, <918,9,1>, <923,9,1>, <931,9,1>, <934,9,1>, <937,9,1>, <946,9,1>, <947,9,1>, <961,9,1>, <973,9,1>, <977,9,1>, <979,9,1>, <983,9,1>, <1,10,733>, <2,10,242>, <3,10,69>, <5,10,18>, <6,10,2>, <7,10,12>, <8,10,1>, <9,10,10>, <10,10,58>, <11,10,64>, <12,10,45>, <13,10,10>, <14,10,11>, <15,10,15>, <16,10,4>, <17,10,7>, <18,10,13>, <19,10,1>, <20,10,16>, <21,10,13>, <22,10,13>, <23,10,2>, <24,10,18>, <25,10,8>, <26,10,7>, <27,10,3>, <28,10,13>, <29,10,15>, <30,10,2>, <31,10,1>, <32,10,6>, <33,10,12>, <34,10,4>, <35,10,1>, <36,10,9>, <37,10,2>, <38,10,15>, <39,10,5>, <40,10,6>, <41,10,1>, <42,10,9>, <43,10,7>, <45,10,2>, <46,10,12>, <47,10,2>, <48,10,6>, <49,10,4>, <50,10,1>, <51,10,2>, <52,10,9>, <54,10,1>, <55,10,7>, <56,10,6>, <57,10,1>, <58,10,2>, <60,10,7>, <61,10,6>, <62,10,7>, <63,10,3>, <64,10,2>, <65,10,3>, <66,10,1>, <67,10,4>, <68,10,2>, <69,10,1>, <70,10,4>, <71,10,6>, <72,10,5>, <73,10,1>, <74,10,5>, <75,10,2>, <76,10,1>, <77,10,2>, <79,10,8>, <80,10,4>, <81,10,5>, <82,10,4>, <83,10,1>, <84,10,3>, <86,10,3>, <87,10,6>, <88,10,2>, <89,10,6>, <90,10,1>, <91,10,3>, <92,10,1>, <93,10,5>, <94,10,3>, <96,10,4>, <97,10,1>, <98,10,1>, <100,10,5>, <102,10,2>, <103,10,9>, <104,10,2>, <105,10,6>, <107,10,2>, <108,10,1>, <111,10,1>, <112,10,2>, <114,10,1>, <115,10,3>, <117,10,1>, <118,10,1>, <120,10,1>, <121,10,4>, <122,10,4>, <123,10,2>, <125,10,1>, <127,10,1>, <128,10,1>, <129,10,1>, <131,10,5>, <132,10,1>, <134,10,1>, <135,10,2>, <136,10,1>, <137,10,1>, <138,10,5>, <139,10,3>, <140,10,3>, <141,10,2>, <143,10,3>, <145,10,1>, <146,10,1>, <147,10,5>, <149,10,2>, <151,10,3>, <153,10,1>, <157,10,1>, <158,10,3>, <159,10,2>, <160,10,4>, <161,10,4>, <162,10,1>, <163,10,1>, <164,10,1>, <165,10,1>, <166,10,4>, <167,10,3>, <170,10,2>, <171,10,2>, <172,10,1>, <173,10,2>, <175,10,1>, <176,10,2>, <177,10,2>, <178,10,2>, <180,10,2>, <181,10,1>, <184,10,2>, <185,10,1>, <186,10,1>, <189,10,1>, <190,10,1>, <191,10,4>, <192,10,1>, <193,10,1>, <194,10,1>, <195,10,2>, <196,10,1>, <198,10,4>, <199,10,1>, <201,10,1>, <202,10,1>, <203,10,2>, <204,10,4>, <207,10,2>, <208,10,1>, <209,10,1>, <210,10,6>, <211,10,1>, <213,10,2>, <215,10,2>, <216,10,1>, <217,10,3>, <219,10,2>, <220,10,1>, <221,10,1>, <223,10,2>, <225,10,2>, <227,10,1>, <231,10,2>, <233,10,1>, <234,10,1>, <237,10,1>, <238,10,1>, <239,10,2>, <240,10,1>, <241,10,2>, <244,10,1>, <246,10,2>, <248,10,3>, <249,10,1>, <252,10,1>, <253,10,1>, <254,10,1>, <256,10,1>, <258,10,2>, <260,10,1>, <262,10,2>, <265,10,1>, <266,10,1>, <267,10,1>, <268,10,1>, <269,10,1>, <274,10,2>, <275,10,1>, <276,10,2>, <280,10,2>, <282,10,2>, <283,10,1>, <284,10,1>, <287,10,1>, <290,10,1>, <294,10,1>, <295,10,1>, <298,10,2>, <299,10,2>, <300,10,2>, <301,10,1>, <303,10,1>, <305,10,1>, <306,10,1>, <311,10,4>, <315,10,2>, <316,10,1>, <317,10,1>, <318,10,1>, <322,10,3>, <323,10,1>, <325,10,2>, <327,10,1>, <328,10,1>, <334,10,1>, <335,10,1>, <341,10,1>, <343,10,1>, <344,10,1>, <345,10,1>, <346,10,1>, <348,10,2>, <349,10,2>, <353,10,1>, <356,10,2>, <358,10,1>, <359,10,1>, <360,10,1>, <361,10,1>, <362,10,1>, <363,10,1>, <364,10,2>, <366,10,1>, <367,10,1>, <370,10,1>, <376,10,3>, <377,10,1>, <378,10,1>, <379,10,1>, <381,10,1>, <383,10,1>, <388,10,2>, <389,10,1>, <394,10,1>, <395,10,1>, <398,10,1>, <399,10,1>, <400,10,1>, <401,10,1>, <403,10,1>, <405,10,1>, <411,10,2>, <413,10,1>, <418,10,1>, <423,10,1>, <425,10,1>, <427,10,2>, <429,10,1>, <431,10,1>, <433,10,1>, <440,10,1>, <444,10,1>, <449,10,1>, <450,10,1>, <454,10,1>, <455,10,1>, <456,10,1>, <459,10,1>, <463,10,3>, <466,10,1>, <467,10,1>, <471,10,1>, <472,10,1>, <474,10,1>, <475,10,1>, <477,10,1>, <478,10,1>, <481,10,1>, <482,10,3>, <486,10,1>, <489,10,1>, <491,10,1>, <493,10,1>, <495,10,1>, <498,10,1>, <499,10,1>, <500,10,1>, <501,10,1>, <502,10,3>, <508,10,1>, <512,10,1>, <513,10,1>, <514,10,1>, <515,10,1>, <518,10,1>, <528,10,2>, <540,10,1>, <546,10,1>, <550,10,1>, <553,10,1>, <555,10,1>, <561,10,3>, <563,10,1>, <568,10,1>, <571,10,1>, <574,10,1>, <581,10,2>, <583,10,2>, <589,10,1>, <600,10,1>, <608,10,1>, <612,10,1>, <617,10,1>, <621,10,1>, <628,10,1>, <629,10,1>, <631,10,1>, <639,10,1>, <644,10,1>, <649,10,1>, <657,10,1>, <663,10,1>, <668,10,1>, <673,10,1>, <678,10,2>, <685,10,1>, <696,10,2>, <701,10,1>, <705,10,1>, <713,10,1>, <715,10,1>, <716,10,4>, <722,10,1>, <727,10,1>, <730,10,1>, <732,10,1>, <734,10,1>, <735,10,1>, <740,10,1>, <741,10,2>, <742,10,1>, <747,10,1>, <752,10,1>, <765,10,1>, <768,10,1>, <769,10,1>, <776,10,2>, <780,10,1>, <782,10,1>, <784,10,1>, <816,10,1>, <821,10,1>, <825,10,1>, <828,10,2>, <836,10,1>, <841,10,1>, <852,10,1>, <853,10,1>, <860,10,1>, <867,10,1>, <872,10,1>, <879,10,1>, <880,10,1>, <882,10,1>, <903,10,1>, <905,10,1>, <913,10,1>, <932,10,1>, <935,10,1>, <947,10,1>, <963,10,1>, <980,10,1>, <982,10,1>, <990,10,1>, <991,10,1>, <992,10,1>, <995,10,1>, <1000,10,1>, <1,2,107>, <2,2,111>, <3,2,31>, <4,2,32>, <5,2,15>, <6,2,100>, <7,2,39>, <8,2,18>, <9,2,11>, <10,2,28>, <11,2,29>, <12,2,3>, <13,2,13>, <14,2,15>, <15,2,13>, <16,2,10>, <17,2,6>, <18,2,1>, <19,2,33>, <20,2,3>, <21,2,15>, <22,2,24>, <23,2,12>, <25,2,15>, <26,2,23>, <27,2,5>, <28,2,6>, <29,2,8>, <30,2,3>, <31,2,9>, <32,2,7>, <33,2,13>, <34,2,1>, <35,2,1>, <36,2,8>, <37,2,1>, <38,2,1>, <39,2,8>, <40,2,1>, <41,2,17>, <42,2,1>, <43,2,10>, <44,2,9>, <45,2,3>, <46,2,5>, <47,2,7>, <49,2,9>, <50,2,5>, <51,2,7>, <52,2,3>, <54,2,1>, <55,2,3>, <56,2,2>, <57,2,9>, <59,2,1>, <60,2,7>, <61,2,7>, <62,2,4>, <63,2,12>, <64,2,4>, <65,2,1>, <66,2,5>, <67,2,4>, <68,2,2>, <70,2,1>, <71,2,1>, <73,2,4>, <75,2,1>, <76,2,1>, <77,2,1>, <78,2,2>, <79,2,2>, <80,2,1>, <81,2,1>, <82,2,2>, <83,2,2>, <85,2,4>, <86,2,1>, <87,2,2>, <88,2,3>, <89,2,3>, <90,2,2>, <92,2,3>, <93,2,6>, <95,2,1>, <96,2,6>, <97,2,3>, <99,2,5>, <100,2,2>, <101,2,1>, <102,2,2>, <103,2,3>, <107,2,1>, <109,2,6>, <110,2,2>, <112,2,1>, <113,2,1>, <114,2,1>, <115,2,5>, <117,2,5>, <119,2,2>, <120,2,1>, <121,2,2>, <122,2,2>, <123,2,3>, <124,2,4>, <125,2,1>, <126,2,1>, <128,2,1>, <129,2,1>, <130,2,1>, <131,2,4>, <133,2,4>, <134,2,1>, <135,2,1>, <137,2,1>, <139,2,1>, <143,2,2>, <144,2,1>, <145,2,1>, <146,2,2>, <147,2,1>, <148,2,2>, <149,2,1>, <150,2,7>, <152,2,2>, <153,2,1>, <154,2,1>, <155,2,2>, <157,2,4>, <159,2,5>, <162,2,3>, <163,2,1>, <164,2,6>, <168,2,3>, <170,2,1>, <171,2,1>, <172,2,2>, <173,2,1>, <174,2,6>, <177,2,2>, <180,2,1>, <181,2,3>, <182,2,1>, <183,2,1>, <184,2,1>, <186,2,2>, <187,2,2>, <188,2,3>, <189,2,2>, <190,2,2>, <191,2,1>, <192,2,1>, <193,2,1>, <196,2,1>, <198,2,1>, <201,2,1>, <202,2,2>, <203,2,1>, <204,2,1>, <205,2,1>, <207,2,2>, <208,2,1>, <209,2,2>, <213,2,2>, <214,2,1>, <215,2,1>, <216,2,2>, <217,2,1>, <218,2,1>, <220,2,1>, <223,2,2>, <226,2,5>, <227,2,1>, <228,2,3>, <231,2,1>, <232,2,1>, <234,2,2>, <235,2,3>, <236,2,2>, <237,2,2>, <238,2,1>, <239,2,1>, <241,2,1>, <243,2,2>, <244,2,2>, <245,2,1>, <246,2,2>, <250,2,1>, <251,2,1>, <252,2,1>, <254,2,2>, <255,2,3>, <257,2,2>, <259,2,1>, <261,2,1>, <262,2,1>, <264,2,1>, <266,2,2>, <269,2,1>, <272,2,1>, <273,2,1>, <275,2,3>, <277,2,3>, <280,2,4>, <281,2,1>, <282,2,1>, <283,2,1>, <285,2,1>, <290,2,4>, <294,2,1>, <295,2,1>, <301,2,1>, <302,2,1>, <303,2,1>, <306,2,2>, <308,2,3>, <309,2,1>, <310,2,1>, <315,2,1>, <316,2,1>, <317,2,1>, <318,2,2>, <319,2,2>, <320,2,1>, <325,2,2>, <326,2,1>, <328,2,2>, <329,2,1>, <330,2,2>, <336,2,1>, <337,2,1>, <342,2,3>, <343,2,1>, <344,2,2>, <345,2,1>, <347,2,1>, <349,2,1>, <350,2,2>, <352,2,3>, <354,2,1>, <356,2,1>, <358,2,1>, <361,2,1>, <362,2,3>, <365,2,1>, <366,2,2>, <371,2,1>, <381,2,1>, <383,2,1>, <384,2,3>, <385,2,1>, <386,2,1>, <389,2,1>, <394,2,1>, <396,2,1>, <397,2,1>, <398,2,1>, <400,2,2>, <401,2,2>, <410,2,1>, <414,2,1>, <415,2,1>, <419,2,1>, <420,2,1>, <425,2,1>, <426,2,2>, <428,2,5>, <434,2,1>, <435,2,1>, <437,2,2>, <440,2,1>, <445,2,2>, <446,2,1>, <447,2,1>, <448,2,1>, <451,2,1>, <454,2,1>, <455,2,3>, <456,2,1>, <459,2,2>, <463,2,1>, <464,2,1>, <466,2,1>, <470,2,2>, <477,2,1>, <478,2,1>, <480,2,2>, <481,2,1>, <493,2,1>, <498,2,2>, <507,2,1>, <508,2,1>, <515,2,1>, <517,2,2>, <521,2,1>, <522,2,2>, <524,2,1>, <526,2,1>, <533,2,1>, <541,2,1>, <542,2,1>, <553,2,2>, <555,2,1>, <556,2,1>, <560,2,1>, <561,2,1>, <563,2,1>, <567,2,2>, <571,2,1>, <578,2,1>, <584,2,1>, <587,2,1>, <589,2,1>, <596,2,1>, <598,2,1>, <601,2,1>, <607,2,1>, <612,2,1>, <619,2,2>, <624,2,1>, <625,2,1>, <629,2,1>, <631,2,1>, <644,2,2>, <647,2,1>, <649,2,1>, <651,2,1>, <654,2,1>, <657,2,1>, <659,2,1>, <660,2,1>, <663,2,1>, <669,2,1>, <678,2,1>, <696,2,1>, <701,2,1>, <702,2,1>, <705,2,1>, <706,2,1>, <708,2,1>, <721,2,1>, <727,2,1>, <731,2,1>, <732,2,2>, <735,2,1>, <739,2,1>, <740,2,1>, <752,2,1>, <753,2,1>, <755,2,2>, <759,2,1>, <768,2,1>, <774,2,1>, <777,2,1>, <778,2,1>, <780,2,1>, <784,2,1>, <790,2,1>, <791,2,1>, <795,2,1>, <796,2,1>, <812,2,1>, <818,2,1>, <821,2,1>, <839,2,1>, <842,2,2>, <843,2,1>, <846,2,2>, <851,2,1>, <856,2,1>, <859,2,1>, <867,2,1>, <872,2,1>, <880,2,1>, <887,2,1>, <896,2,1>, <899,2,1>, <904,2,1>, <905,2,1>, <912,2,1>, <930,2,1>, <931,2,2>, <946,2,1>, <956,2,1>, <959,2,1>, <960,2,1>, <961,2,1>, <974,2,1>, <977,2,1>, <982,2,1>, <983,2,1>, <985,2,1>, <996,2,1> };

MaxCacheStorageAtSingleAS= [ 0  1312.5  1312.5  1312.5  0  0  0  0  1312.5  1312.5 ] ;

MaxCacheStorage = 6562.5 ;
SolutionGap = 0.01 ;
