0 100 0 0.01392025
5998590 98 0.4290582977178833 0.01399066208480175
11983030 96 0.4283386827577703 0.01386749391904042
17982020 94 0.4287793976004749 0.01397901211903664
23988390 93 0.4285679671446243 0.01400372148457059
29991150 94 0.4281308509331731 0.01402866531010563
35995110 95 0.4281475819808684 0.01399436076635525
41993550 90 0.428375896743289 0.01421805537707023
47977580 91 0.4271904806649727 0.01420752440820345
53967230 89 0.4274624874907194 0.01413431979915685
59959890 91 0.4278254452699643 0.01402856595989583
65972490 89 0.4282305618636106 0.01394534119496764
71971780 89 0.4285368779520641 0.01392563636323529
77971400 90 0.4284890050698276 0.01372871443282762
83978300 88 0.4293383626306189 0.01367148064982735
89986770 85 0.4294579976267253 0.01412314740042342
95975980 86 0.4275656601824176 0.01410880739836631
101964220 86 0.4277692685169372 0.01415762163429663
107952010 88 0.4273519820064675 0.01405106672484737
113948910 87 0.4278623379163122 0.01431687605190127
119945370 89 0.4270406132180204 0.0141974984836041
125950940 93 0.4274366872669859 0.01356299639325061
131943940 92 0.4301389770676424 0.0136425235669777
137935320 94 0.4298873390998131 0.01341222905079851
143947800 96 0.4308808408004445 0.01351224516233464
149942750 97 0.4304184200273629 0.01336145933049739
155929120 97 0.4310551215758257 0.01335581114053584
161928020 98 0.4310180987062783 0.01329993259936929
167916790 98 0.4314860122282803 0.01326866920313055
173928080 99 0.4314745232115249 0.01308812198654382
179928320 98 0.4320685537450615 0.01316263646785474
185936870 96 0.431891536511757 0.01323576109619208
191935730 94 0.4313603765343233 0.01313820412110271
197923200 94 0.4316655164360243 0.01313493091250119
203928920 94 0.4316655164360243 0.01310981340398958
209930350 97 0.4319137502745298 0.01297193221309392
215927610 97 0.432318661195839 0.01294499554573345
221944760 98 0.43230124814611 0.01288511311306256
227954520 101 0.4324881312917961 0.01254564186104838
233944240 104 0.434269486251287 0.01236184182106856
239944130 99 0.4348379255833689 0.01264199573852465
245948610 100 0.4336188058532098 0.01265351899987445
251945840 100 0.4338162064162765 0.01262723398052772
257944760 98 0.4336009741762508 0.0128967694453054
263933020 98 0.4326500910017465 0.01290723430835641
269941370 101 0.4324238862515745 0.01253006407570435
275934350 101 0.4341463132899479 0.01260634589282487
281928320 102 0.4341508015630533 0.01257130392642529
287915160 101 0.4341479614638951 0.01260357133255324
293919280 104 0.4336631384541588 0.01230781441625474
299913160 102 0.4352683882707515 0.012386629331518
305915350 103 0.4348531091901213 0.01226952405772299
311914020 104 0.4354563079860058 0.01221475079479173
317919880 104 0.4356048419871921 0.01220144196863833
323929050 102 0.4356048419871921 0.0122644883553982
329932920 104 0.4352584693906832 0.0119923312166713
335938530 104 0.4362763926020437 0.01196885514312745
341948200 104 0.436615198399672 0.01190228113398293
347941540 103 0.4366500244991298 0.01197827740143704
353950900 102 0.4366371124086567 0.01200219797623579
359954990 100 0.4362548144296231 0.01227734089986429
365962900 101 0.4352532126354873 0.01231363623224817
371958980 100 0.4353412686622009 0.01235240821740023
377969660 104 0.4349517140007169 0.01223480696290273
383967740 104 0.4355540631182953 0.01226453425322146
389974780 103 0.4351460667716691 0.01237740685229443
395970540 102 0.4350551039133809 0.01239415097886966
401956970 101 0.434825893734125 0.01230745368227859
407958060 101 0.4352062216340751 0.01226511248918023
413961660 100 0.4352062216340751 0.01222437924703738
419958500 102 0.4353375574103125 0.01228382153223545
425965130 99 0.435249813241759 0.01242248604016872
431966720 100 0.4346923752112825 0.01232313116198922
437951260 102 0.4350504289849139 0.01222196223363344
443950950 104 0.4353472762814788 0.01215745580847588
449938460 106 0.4357022424444355 0.01209618433976784
455948990 107 0.4359446714612014 0.01217338034911781
461958080 109 0.4353962995761187 0.01206676491707514
467950770 110 0.4361111324449014 0.0120475340949706
473934460 110 0.436132052703888 0.01207939937838065
479934610 111 0.4361259814347209 0.01201309688957251
485937020 111 0.4362809933755285 0.01202122039507839
491933890 110 0.4362450820089657 0.01205808112004343
497936050 112 0.4360861106751268 0.01214827187237367
503940170 108 0.4358658348034762 0.01240082660334406
509929620 108 0.4347966782632399 0.01240942050693196
515927180 109 0.4347812180789011 0.01249282860701715
521931020 109 0.4345656869859745 0.0124914580800747
527927320 109 0.4345656869859745 0.01248740701953087
533923960 111 0.4345656869859745 0.01258503752830878
539931110 109 0.4345294356997551 0.01250178679653165
545946280 110 0.4345535078354881 0.01242757827327134
551947170 113 0.4351248535535167 0.01229174647381536
557931010 113 0.4355480165614463 0.01232822579196604
563931420 114 0.4351436514715973 0.0124127715652375
569928990 116 0.4348734836138391 0.01218702416674982
575939630 117 0.4359396004007932 0.01216122875780536
581938620 115 0.4359523566949933 0.01232463199259957
587941170 114 0.4352099450590863 0.01234985583663301
593952000 114 0.4351434323592485 0.01235646067466724
599974610 114 0.4351684965974947 0.01237875180916885
605974520 113 0.4351477104146224 0.01249153392512747
611972920 116 0.4346185193582689 0.01195854711572246
617968890 116 0.4368222758691744 0.01196694600303717
623965470 117 0.4366532294739956 0.01187676934229884
629973290 117 0.4371840577756217 0.0118979685841608
635973890 118 0.4369186673967742 0.01181062011662596
641971540 119 0.4372206462786559 0.01179482439997153
647974740 117 0.4373958010729883 0.01186044374779247
653983860 119 0.4373042428305648 0.01177845218516131
659988450 119 0.4377662032078911 0.01179240048591742
665974590 119 0.4375110621160003 0.0118080689395517
671967130 121 0.437630378173073 0.01141195188634221
677965350 119 0.4390855026516344 0.01152354109077493
683971870 119 0.4386749034759879 0.01148911946079017
689968530 119 0.4390572470375981 0.01149662333257414
695971890 120 0.4390550089321028 0.01145242776188627
701978300 121 0.4392412522566332 0.01138907838126075
707969110 121 0.4392569216823529 0.0113912546803538
713971240 121 0.4392569216823529 0.01145096178435829
719966160 121 0.4392338852126605 0.01141417926852795
725971600 120 0.4391829482123537 0.01144364199321217
731983260 119 0.43902665776924 0.01149799585087653
737989740 119 0.4388591271730397 0.01149344107408261
743993150 121 0.4388571952948164 0.01160700925645396
749991970 120 0.4384365778527743 0.01161973933336651
755992630 118 0.4383545834081127 0.01172480348816114
761992050 119 0.438046519694299 0.01174513059177333
767994310 120 0.4381039259768638 0.01154976786977013
773988330 121 0.4388122753751836 0.01160965232056307
779998260 123 0.4386280787028642 0.01172662214916251
785987270 124 0.4382439994581833 0.01153698294864147
791987630 125 0.4387934395192069 0.01151839886021144
797973740 124 0.4389592190670511 0.01154075870442089
803988060 126 0.4387934395192069 0.01148894247709492
809990550 125 0.4391629367982267 0.01150067414868827
816004430 124 0.4389285147801267 0.01146005028906621
821999660 125 0.4391244794069842 0.01142119607354296
828000710 124 0.4393130424361578 0.01146311599497868
834001290 127 0.4389402497106122 0.01133968883222716
840005790 127 0.439482646184046 0.01133918615235194
846000640 126 0.439482646184046 0.01139819122388631
851995180 126 0.4392892100919457 0.01137765778721205
857989030 125 0.4396678714129772 0.01141523395260767
863992620 123 0.4393500171920874 0.01130840743645046
869988760 125 0.4397068919448421 0.01121413033977625
875983270 123 0.4398347128338569 0.01128447556907501
881977470 124 0.4398122098331692 0.01134624829613833
887977520 122 0.4395670329536021 0.01168466213772859
893987320 123 0.4381940784017583 0.01162067252198542
899982670 125 0.4384383878339495 0.01151568466098182
905985930 125 0.4387993248725531 0.01150781155833193
911993310 126 0.4388127739760024 0.01142623268875114
917992860 127 0.4390890406494488 0.01139719348356345
924001550 129 0.439178137112007 0.01134559395246272
930005890 130 0.4395208191009279 0.01109399986826238
936010670 131 0.4404608478263273 0.01107710095399507
942008480 132 0.4404371089391527 0.01101400276506851
948005970 132 0.4407221390230415 0.01108904878137361
954001920 131 0.4403886156849956 0.01105410765426998
959998790 131 0.4405448728740574 0.01094910141638008
965990320 134 0.4408875632216651 0.01065386501112619
971986920 133 0.4420579378340527 0.01061861012229603
977990580 133 0.4422080040882061 0.01057264174019614
983993690 134 0.4423783083720553 0.01052908628085596
989986010 132 0.4425489843688639 0.01076031627788335
995990580 134 0.4417630615135077 0.01067821643531952
1001983250 133 0.4419685273958566 0.01071414542105452
1007984950 132 0.4418060955762798 0.0107418035845799
1013983600 132 0.4418292231453841 0.01077363933831895
1019984050 132 0.4418428945480638 0.01076332710832987
1025988690 132 0.4416278116863043 0.01078604224034123
1031987620 132 0.4417830356868658 0.01081324881038836
1037990270 132 0.4414131170411104 0.01078844914000422
1043983370 133 0.4417734079384998 0.01067826363803045
1049991250 133 0.4419566096665697 0.01064719886516204
1055992500 134 0.4420752939548191 0.01062367939005561
1062012790 134 0.442245141915545 0.01066046828045417
1068015780 134 0.4420751228327749 0.01065133765111395
1074009860 134 0.4422582708022454 0.01064464290523203
1079995560 135 0.4422582708022454 0.0105502256498638
1085987020 136 0.4424154511536141 0.01050103926180448
1091981180 136 0.4426687582071532 0.01048846750067748
1097979560 136 0.4426687582071532 0.01050157891646971
1103978950 138 0.4426722899466651 0.01059779886152288
1109976910 139 0.4422889332332446 0.01045930828183642
1115985000 138 0.4428151543360921 0.01043286038343399
1121999080 140 0.4428537152946476 0.01034090856902725
1127992110 139 0.4431792011931776 0.01039217888810967
1133987470 138 0.4430377054220191 0.01044954310961653
1139982490 137 0.4428337174284973 0.0105787546031344
1145973130 139 0.4423292697110544 0.01065048303542938
1151979040 140 0.4419703998146528 0.0104473933146477
1157974630 141 0.4426830997826648 0.01039600485711108
1163982370 140 0.4430382243497636 0.0104409992737263
1169990450 141 0.442901625084863 0.01039684839309544
1176001290 137 0.4430756548778795 0.01048425936500136
1182000280 138 0.4425116294496041 0.01044631149236927
1187993170 139 0.4426495968120609 0.01041108719973286
1193981280 140 0.442778182385599 0.01020294516755234
1199985860 139 0.4434926261222641 0.01036806039957118
1205985780 140 0.4430374128393569 0.01028345326189472
1211987330 139 0.4432433062920509 0.01024115120656167
1217991520 138 0.443430984253314 0.01030005307012526
1223985870 138 0.4430803848305576 0.0102853439224049
1229992780 139 0.4432834733773305 0.01027898389055277
1236000640 139 0.4432469989035036 0.01026902142882103
1241993450 141 0.4434007071600004 0.009995370006577495
1248012990 139 0.4443693407936183 0.01005796821543796
1254017980 139 0.4440936961579788 0.01010170313866175
1260007930 139 0.4439217873208215 0.01007382730608765
1265997800 140 0.4440936961579788 0.009907753552748266
1271993450 140 0.4445295681097393 0.009894026156147064
1277985190 141 0.4447163371108642 0.009769264162049301
1283982050 141 0.4450304532444946 0.009773417562926882
1289981700 142 0.4450304532444946 0.009803438680354642
1295992780 142 0.4450609947293264 0.009804719000839382
1301985970 141 0.4450609947293264 0.009808703573165146
1307972550 142 0.4450831755211221 0.009791736101835723
1313961900 142 0.4449995321029517 0.009767369287565041
1319978050 142 0.4451829849964609 0.009758894148734621
1325978540 143 0.4451606304055927 0.009625858424118929
1331972110 144 0.4456116392540736 0.009437184894170262
1337971760 143 0.4462881090269634 0.009387416968212742
1343972180 143 0.4466143569635463 0.009371893332606034
1349966170 143 0.4464072564089213 0.009363330880214205
1355954060 145 0.4464072564089213 0.009165813019504693
1361943080 146 0.447419055522963 0.009081704044329328
1367951700 147 0.4478648579121121 0.008930043408576265
1373940540 147 0.4483291308765497 0.008920743966651721
1379944740 149 0.4482816100149059 0.008834082341079056
1385950600 150 0.4486298509206048 0.00891152190332512
1391949150 150 0.4480950628895531 0.008912115187284927
1397926130 150 0.4480950628895531 0.008950154924001769
1403918470 152 0.4481455993304672 0.009050587937553697
1409929510 150 0.4477142691993899 0.009094814100978123
1415917900 149 0.4476610235633856 0.009126249136340442
1421915770 147 0.4475677614025967 0.009326568101175622
1427926590 147 0.446669480552827 0.009331275712521172
1433932970 148 0.446669480552827 0.009316045664296604
1439928190 148 0.4467473858435615 0.009306369419353587
1445933830 148 0.4467829483720226 0.009296340268613947
1451937540 148 0.446926921251627 0.009341375610720371
1457925560 148 0.446766465911002 0.009315355351934503
1463937310 147 0.4467515628504232 0.009334104763415596
1469941360 147 0.4465846727296729 0.009346051818221967
1475932010 146 0.4465498466302151 0.009292809782523568
1481934860 146 0.4467500994845474 0.00931462866301218
1487941720 146 0.44697654447336 0.009294092683063259
1493937920 147 0.4468798541154037 0.009301527929642759
1499934750 148 0.4468606117776444 0.009360733499394883
1505934060 149 0.4467121356230215 0.009335663855267951
1511931890 148 0.4466965075181881 0.009348450858294513
1517931370 149 0.4466951556484314 0.009322565702471289
1523935620 150 0.4468639080452927 0.009170437590940744
1529929850 149 0.4473385736544056 0.009351281299051738
1535930060 149 0.4468715764834433 0.00935733331845638
1541924980 150 0.4468715764834433 0.009197505333948889
1547922220 149 0.4473400795830808 0.009321573600796565
1553913660 147 0.4468739292635944 0.009430195904274782
1559915500 147 0.4466252709661028 0.009398898664601429
1565919050 149 0.4466137374814516 0.00919214668373879
1571930000 150 0.4473258752652001 0.00914785104387443
1577931660 152 0.447656882455316 0.008962782293967502
1583945250 151 0.4482129248354672 0.008968241125509792
1589938050 152 0.448064526859468 0.008950969541850842
1595940350 152 0.4482383746773788 0.00893248654731009
1601937000 152 0.4482162090955147 0.00893811069540584
1607935160 152 0.4482627569665434 0.008933211867104393
1613934600 152 0.4482627569665434 0.008939004294700504
1619929990 151 0.4482627569665434 0.00895699573208875
1625942380 150 0.4481437275200187 0.008989881163326149
1631961030 150 0.447999559171136 0.008967850507953555
1637960100 151 0.4481612562953451 0.009033315190917209
1643959090 152 0.4477382331321855 0.008998896890822967
1649956910 152 0.448099385942036 0.008977489972681682
1655951860 153 0.4480576850972944 0.008965929188111328
1661952340 152 0.4481910725715074 0.008940711195058071
1667961320 151 0.4483935285832489 0.008956126352192412
1673963410 151 0.4480227217378677 0.008959067901684475
1679953250 153 0.4480405092617843 0.009012190716401403
1685949200 155 0.4480834501981507 0.008932327929816516
1691945680 156 0.4483780630114825 0.008994288541757441
1697940580 157 0.4481795491931797 0.008975427761560781
1703945200 157 0.4480647410663227 0.008979429568000305
1709941300 157 0.4480835392450074 0.008954964921450672
1715942510 157 0.4481030672016397 0.008968599263226074
1721948060 157 0.4480615895920858 0.008937407322028093
1727939520 156 0.4480795210730157 0.008958691374164589
1733945290 157 0.447962899462502 0.008849847526941221
1739957010 157 0.4484403598817128 0.008877527500188904
1745953270 155 0.4484593513981184 0.008909885585360962
1751946600 155 0.4479811526646043 0.008910358746947605
1757953190 155 0.448163509799561 0.008883887682284364
1763958150 157 0.4483416586929417 0.008850218223680087
1769951150 159 0.4483827465970856 0.0085776469873797
1775942570 160 0.4492724379251092 0.008557089979795979
1781942580 158 0.4493916425758473 0.008484143994496211
1787939990 158 0.4495888825731379 0.008504578675129128
1793933660 158 0.4496524156076909 0.008491688060718622
1799931180 158 0.4495705095141834 0.008508637580093495
1805933480 157 0.449814933002462 0.008518352964016094
1811933370 158 0.4494805641922227 0.008489913487488924
1817921290 158 0.449795391429559 0.008511700772975002
1823930930 156 0.4496279964317816 0.008551649827648158
1829917650 157 0.4493572686996152 0.008581118051181717
1835919880 155 0.4493510555999606 0.008523902897598301
1841913110 156 0.4495295043872377 0.008493737968116168
1847904400 159 0.4496016307756215 0.008602282013172513
1853893920 158 0.4492706612843478 0.008626540120340236
1859890810 157 0.4491028507369441 0.008592642730355572
1865894040 156 0.4493433693745999 0.008535689248782299
1871895980 157 0.4496332111452639 0.00856558371717283
1877890850 156 0.4494350942886782 0.008680883354059702
1883890860 157 0.4489992690265235 0.00863595898881637
1889895210 158 0.4492938413396886 0.008695650602539188
1895904980 159 0.4488082122649751 0.008734758835036492
1901903540 158 0.4489016814344369 0.008768195888956765
1907905420 158 0.448765750342376 0.008772048595343588
1913901870 156 0.4487498441911814 0.008839116779548396
1919903190 157 0.4483272759776141 0.008768466216037617
1925919120 156 0.4487226787633694 0.008857953769662998
1931918280 156 0.4483101787215399 0.008863834081382905
1937918030 157 0.4482749821316623 0.008795730777528295
1943919840 157 0.4485736114315391 0.008800135606282036
1949930740 156 0.4485870897102868 0.008767590294141476
1955935560 156 0.4486621728099308 0.008761811536557095
1961931790 156 0.4486240990384997 0.008757201499798658
1967929740 157 0.4486249941898655 0.008735161650100208
1973933190 157 0.4489397800154279 0.008675194697709556
1979931830 158 0.448905258441226 0.008659749093253609
1985924690 157 0.4492185034308108 0.008699513712106897
1991928510 158 0.4489043072793061 0.008678695523885994
1997926580 158 0.4490145365259958 0.008672239414620883
2003927640 158 0.4490304426771905 0.00866278654824679
2009930610 157 0.448941581689672 0.008710436036399217
2015934700 158 0.448847930702664 0.008581063829348267
2021933670 159 0.4492872013098831 0.008560202737609292
2027927050 159 0.4494328576378045 0.008564509445443061
2033927960 160 0.4494328576378045 0.008543170814654609
2039923960 161 0.4494852084973738 0.008515689011670513
2045922160 161 0.4496021388867717 0.008516691910266751
2051912680 161 0.4495833407080871 0.008497941289543603
2057907530 161 0.4495800823571151 0.008419351786105454
2063902150 161 0.4499306374392948 0.008437910098016536
2069904030 161 0.4498822450563719 0.008446049580998715
2075913710 161 0.4499805719840572 0.008441402005907811
2081917250 160 0.4499805719840572 0.008501782238248396
2087923440 158 0.4498108713025916 0.008699035405215366
2093927690 158 0.4489739212045278 0.008687176982225729
2099925650 159 0.4489966902344403 0.008619390217428639
2105940350 160 0.4494494996199244 0.00867303475168885
2111941700 161 0.4492889048962681 0.008746578901552855
2117929380 161 0.4487233989950294 0.008744997714676957
2123924360 162 0.4487233989950294 0.00878941328924472
2129919630 163 0.4485509938241574 0.008735867609169961
2135930720 164 0.4488788789389613 0.00872174661823908
2141947610 162 0.44901379142487 0.008648193784092685
2147948740 164 0.4490457424272604 0.008699353527919396
2153941560 163 0.4490429100657611 0.008719530493555738
2159942910 163 0.4489008197989238 0.008803804028163413
2165941530 162 0.4487382829934384 0.008820917563879638
2171943860 161 0.4486087258861433 0.008792447466072483
2177954700 163 0.4485033632549972 0.008624659854968787
2183953080 163 0.4492942354058782 0.00862058917820965
2189945720 162 0.4492942354058782 0.008593819331232965
2195932480 162 0.4492930210486029 0.008603037608094251
2201932150 160 0.4493473632231194 0.008545244520567544
2207941570 160 0.4494728682520193 0.008542608697327583
2213954480 161 0.4494531749219687 0.008605542963958268
2219965660 161 0.4492328554472699 0.008619117234846454
2225964190 161 0.4493007392624613 0.008604777581495622
2231966330 160 0.4494519981337235 0.008580957613592084
2237970800 161 0.449493014396171 0.008564768272270469
2243977850 161 0.4495704567698902 0.008579959784710234
2249974610 160 0.449589043733084 0.008554554398822967
2255968750 160 0.4494715213230731 0.008576965958605553
2261964840 160 0.449494920202305 0.008566591271852353
2267961840 160 0.449494920202305 0.008550672134624205
2273970740 159 0.4496810440609639 0.008501757871977007
2279963260 158 0.4497133573584789 0.008432379429595713
2285957800 157 0.4500261642471107 0.008409736407524907
2291948560 158 0.4501340014197741 0.008358094600597577
2297941060 157 0.4503494414637325 0.008390394186005731
2303940120 158 0.4502338358505429 0.008373663713842744
2309947130 158 0.4501472983572777 0.008371244142442936
2315936450 157 0.4503297275685483 0.008344088335798626
2321928090 157 0.4503363654876555 0.008356898254038488
2327923220 158 0.4503168561259197 0.008321763406558113
2333932340 158 0.4503861470356114 0.008317303839072596
2339934650 158 0.4506006253302622 0.008317061720419402
2345929010 158 0.4506006253302622 0.008340560595008324
2351921460 157 0.4503975901987525 0.008437406261408549
2357924780 157 0.449973616650933 0.008440548966091942
2363919080 158 0.449973616650933 0.008397003187009306
2369926920 158 0.4501052562350374 0.008390674371031441
2375910490 158 0.4500798063931259 0.00838835680891703
2381917470 159 0.4502589610302933 0.008341022619395465
2387924100 160 0.4504314133982284 0.008381304763885353
2393912040 158 0.4502752955829015 0.008266774190747676
2399906430 159 0.4505187362656354 0.008270353395573925
2405905740 160 0.4506959019216377 0.008194469056069884
2411899830 160 0.4507823106874579 0.008191674801472686
2417904200 161 0.4507823106874579 0.008168320740580713
2423899100 162 0.4508995490530865 0.008142673576851594
2429902930 161 0.4509865696064819 0.008120236814491028
2435910120 160 0.4510097958720887 0.00806808618463708
2441913740 159 0.4512871098354606 0.008075313450766121
2447908100 160 0.4511946144672421 0.00806363145749377
2453899360 159 0.4513121740737068 0.008011440015645894
2459892430 156 0.4514908956171297 0.007891127342200547
2465887820 155 0.4518544171950482 0.00793535928793079
2471879440 155 0.4516891672177912 0.007989540955905223
2477864300 156 0.4517172630006343 0.007949007424439998
2483861930 155 0.4518641338405939 0.007965108174267186
2489859200 155 0.451737717617761 0.007961995723006878
2495873450 155 0.4516688450526815 0.007950771319991935
2501872530 155 0.4516863734323046 0.007960422657255143
2507878050 154 0.4517049603954986 0.007997074245509253
2513879510 154 0.451728032617164 0.008008509419068516
2519884970 154 0.4515308694740792 0.008002971845982339
2525881310 154 0.4515498837237834 0.007999515403593878
2531869160 154 0.4515498837237834 0.007997389095855388
2537883180 153 0.4515498837237834 0.008018745060722596
2543862070 153 0.4514017901520532 0.008082811737353941
2549863660 152 0.4513043704499136 0.008037885633297477
2555876170 152 0.451427877493037 0.008015592227726052
2561873940 153 0.4514229911780621 0.007992682969432483
2567869180 153 0.4515619241915241 0.007979273642695475
2573869680 152 0.4515022664489695 0.008000528693192285
2579868190 153 0.4514342063064776 0.007969430481157554
2585864390 153 0.4515543447587352 0.007964903418624309
2591848120 154 0.4517311337368992 0.0079316301614148
2597855810 154 0.4518416952501618 0.007948367730531728
2603862300 155 0.4516635463567811 0.00793644812524507
2609864330 155 0.4518259569395598 0.007911590225317029
2615879100 156 0.4517802633388538 0.007955685041649337
2621877710 156 0.4515919626964205 0.007962498693720201
2627873380 155 0.451680791809256 0.007935396997993404
2633871850 154 0.4518199712272427 0.00788897481887155
2639882360 154 0.4519861088215653 0.007888502046067242
2645874750 153 0.4519861088215653 0.007847456072033016
2651866510 152 0.4520060838543673 0.007819036386960314
2657859670 152 0.4521189441139324 0.007804081482283054
2663856580 151 0.4522852683629301 0.007843766524022506
2669848730 149 0.4521515808611639 0.007920865078890936
2675851380 150 0.451749641764365 0.007916296432826566
2681836700 149 0.4519356081619277 0.00792674839921175
2687813230 148 0.4517812124543312 0.007860950810577248
2693809670 148 0.4520505545978865 0.007880120660366327
2699821550 148 0.4519312542764913 0.007935730080790316
2705823590 147 0.451775042766495 0.007973164742386468
2711828990 146 0.4517685227056203 0.007946916277476219
2717839640 146 0.4518739886877948 0.007936191731984643
2723843290 146 0.4517479194124176 0.007946791009812628
2729867100 145 0.4519091654776106 0.007973430815536874
2735872140 144 0.4515639610534443 0.008027136529970861
2741858830 144 0.4516286655998862 0.008001162190220712
2747865600 142 0.4516165190844285 0.008088333722156654
2753876510 143 0.4512721474231778 0.00807685478987839
2759883390 144 0.451478238915077 0.008054317404710609
2765880690 144 0.4515712226076074 0.008065864026115147
2771878250 145 0.4515158387263215 0.007974202261172455
2777879660 144 0.4519597725789014 0.00798277052493904
2783876540 143 0.4517221138897803 0.007954578655896528
2789874750 145 0.4518473405711428 0.007798326443426466
2795876670 145 0.45232839226288 0.007799231270863684
2801878350 144 0.45232839226288 0.007885564035360889
2807884380 144 0.4522178641133773 0.007889688626205598
2813872490 143 0.4520766485271609 0.007882706381336568
2819879600 143 0.4520570352512974 0.007882072803667133
2825884530 144 0.4520570352512974 0.007902372464087487
2831891050 144 0.4519839766164315 0.007884608625857464
2837895280 145 0.4519619200867749 0.007825555178016795
2843898250 146 0.4523457715085016 0.007681807531741987
2849896700 146 0.452775430681899 0.007699354588653744
2855912060 145 0.4528881227023326 0.007732146957053494
2861908440 146 0.4526385809961323 0.007643002182866163
2867932990 146 0.4530218819534609 0.007654030711496502
2873936180 147 0.4528503311672424 0.007579523447791718
2879940490 147 0.45325958167727 0.007581560539934184
2885935490 147 0.453221172434286 0.007529572965534537
2891935390 147 0.4533928831997615 0.007522706401787729
2897937260 146 0.4533928831997615 0.007491707676724366
2903942990 146 0.4535849479202669 0.007518505425844551
2909931280 145 0.4535082794211672 0.007534287173842441
2915926790 146 0.4533066826423508 0.007508117853419384
2921934210 146 0.4536644143235488 0.007518891552803999
2927930270 146 0.453501376273803 0.007455557188910047
2933925780 146 0.4536243059585646 0.007461507050137778
2939917250 148 0.4536157857171442 0.007403813703225954
2945917900 147 0.4539117018870891 0.007484353667743258
2951920640 147 0.4535322685110954 0.00749170480375794
2957927660 148 0.4534953435172506 0.007518467885436926
2963913950 148 0.4534772189555316 0.007525751887864531
2969914450 149 0.4534094135952234 0.007519252892993185
2975911390 148 0.4534709093833217 0.00748643572584973
2981916530 147 0.453583991699179 0.007536834706604198
2987896090 147 0.4533679004001903 0.007547697579682175
2993883340 147 0.4533482070701398 0.00753891954242863
2999878150 147 0.4535049529275454 0.007505960802144498
3005890180 147 0.4534144907074587 0.007506531289631952
3011889330 148 0.4534144907074587 0.007481769851620952
3017897010 148 0.453591515578479 0.007438559060975088
3023879920 149 0.4537041905325599 0.007386297200333655
3029867050 149 0.4538213611260037 0.007356032160030411
3035867920 149 0.4539499479592499 0.007338926293288753
3041871000 149 0.4541120234543768 0.007241782498119714
3047874370 151 0.4541625418696411 0.007115373711491425
3053868050 151 0.4548758966367609 0.007112822519397835
3059869480 152 0.4548758966367609 0.007009916241902123
3065863450 152 0.4552404813956643 0.007005832749190123
3071863730 152 0.4550773873383439 0.006970760541427807
3077854480 153 0.4553931478906837 0.006900810916410378
3083859020 153 0.4554317714283525 0.006891389821421222
3089858160 152 0.4554603094820749 0.006878449093102261
3095859770 152 0.4556223463076072 0.006878406595720189
3101862140 153 0.4556223463076072 0.006865343038801637
3107853350 152 0.4555896227667793 0.006913742117743758
3113840460 152 0.4554009323558639 0.006919032084844663
3119844750 153 0.4555348014664968 0.006804799893117999
3125842970 152 0.4558717649889664 0.006820958126935182
3131841960 153 0.4557730105689752 0.00677578880633796
3137845580 153 0.4560030538559703 0.00675346659811645
3143836810 153 0.4559856845780477 0.006751744378708825
3149840500 152 0.4559856845780477 0.006792297657284553
3155845050 153 0.455861750825386 0.00675859263548646
3161848090 154 0.4559686133911208 0.006720537741297545
3167853670 154 0.4561208127612689 0.006715473146620897
3173857850 155 0.4561380444250632 0.006721896486569854
3179879820 155 0.4561586406466537 0.006712387416978258
3185872670 154 0.4562828811645684 0.006728419238271268
3191879090 155 0.4561506976274628 0.006711330629704769
3197876760 155 0.456104260201173 0.00670726476772574
3203864350 156 0.4562458014401786 0.006689089149311654
3209868670 156 0.4564097499095763 0.006683910426103844
3215865080 156 0.4564315162217377 0.006700227882619834
3221866390 156 0.456065692823076 0.0067184852755083
3227866930 155 0.4563309433686603 0.006729627499613085
3233863950 156 0.4560278587785421 0.006698064205951723
3239863620 157 0.4561447841910449 0.00665131673646437
3245864180 156 0.456499298373281 0.006698523929627389
3251864750 157 0.4562586480319515 0.006658360855606091
3257864340 157 0.4564780722686608 0.006660254108127571
3263857200 157 0.4564780722686608 0.00666146345546677
3269857130 157 0.4565296329873387 0.006667574723757551
3275860540 157 0.4565297672600435 0.006651884849941956
3281855760 158 0.456374940404466 0.006624421913357462
3287840240 158 0.4564817164516594 0.006593113020896148
3293831110 159 0.4564420543603687 0.006488163191986976
3299832060 160 0.4568355153295275 0.006383076197002279
3305832600 160 0.4571967587650007 0.006382883053543
3311832040 160 0.4571967587650007 0.006407475676905733
3317844360 161 0.4573535248080985 0.006322264035339191
3323846920 160 0.457679529080922 0.00635246728520618
3329852130 161 0.4572285801109176 0.006334900564957358
3335852240 160 0.4575098264878792 0.006352878746077524
3341860140 162 0.4574135882680779 0.006236997446172142
3347851330 162 0.4578785929287912 0.006227646467732388
3353870360 162 0.4578659329309014 0.006243268631518516
3359871800 161 0.4577855910307437 0.006234758150770433
3365863240 161 0.4578213631136733 0.006217063132068341
3371869260 160 0.4578044831164872 0.006185344404039494
3377875230 159 0.4580249312504172 0.006168185626538982
3383861100 159 0.4579656897716169 0.00616891792573577
3389856800 159 0.4580269579095521 0.006185859726780372
3395855910 160 0.4580496187276925 0.006089452171156562
3401851200 160 0.4583488574698764 0.006078585823249211
3407852000 160 0.4583258819181507 0.006141591467533762
3413864380 160 0.4581966372707975 0.00610835016758725
3419864080 160 0.4583091599076376 0.006136568806198577
3425862700 160 0.458235696500131 0.006139210098862384
3431856160 160 0.458235696500131 0.006144294833007265
3437848890 160 0.4580633292227231 0.006162748310848112
3443850930 160 0.4582492311887839 0.006152730555095896
3449834640 159 0.4582840572882418 0.006170698912106759
3455851280 159 0.4579398330862345 0.006168749311845527
3461847050 159 0.458051075837935 0.00613954703496925
3467833170 159 0.4580935457971855 0.006166780383302003
3473832290 159 0.457982303045485 0.006169946818820045
3479839720 159 0.4580004196527787 0.006170525367070781
3485836620 160 0.4580004196527787 0.006139784021129192
3491849130 159 0.4580901794626523 0.006114010257452725
3497843550 159 0.4581544341549445 0.006086731956855045
3503854650 160 0.4582828269439998 0.006090252917529487
3509857530 159 0.4584275729198717 0.00609484441121375
3515862010 159 0.4582828269439998 0.006072707078807733
3521869170 160 0.4582607704143432 0.006066698396338165
3527872200 160 0.4583106713234235 0.00605937877742167
3533874700 160 0.4584620396642045 0.00605329704484263
3539870030 159 0.458433946839173 0.006147770313301965
3545867780 160 0.458131767866321 0.006141263661784093
3551862830 161 0.458201838463154 0.006018277482480669
3557863310 162 0.4587452123017856 0.005971248840214038
3563850840 162 0.4588443815424018 0.005970657876392516
3569836710 162 0.4588443815424018 0.005961380424597544
3575841520 163 0.4588548879871414 0.005942763738745614
3581846400 164 0.4589449155948086 0.00587627548024516
3587852490 165 0.4593363543018358 0.00591361472419862
3593859240 164 0.4591995381466333 0.00595457030688379
3599872670 164 0.4589789971913335 0.005982317086826131
3605887830 163 0.4588746133010607 0.005990635400169081
3611886680 162 0.4588161801640588 0.005964844675574269
3617895550 163 0.458858325246034 0.005938145305670026
3623904490 163 0.4590056473748713 0.005918454597904675
3629909470 164 0.4590229638077511 0.005886722074734676
3635897190 166 0.4591165821941451 0.005734354706403109
3641902430 166 0.4597367070038688 0.005692113254532023
3647891510 168 0.459792187881779 0.005666524881302001
3653904530 168 0.4600347424661867 0.005658096603470613
3659900230 169 0.4599635851674255 0.005678450453415429
3665890530 169 0.4599015747504068 0.005682975821333688
3671895590 171 0.4599592181450534 0.005629642540817886
3677891920 171 0.4600568511384766 0.005629061078147338
3683900580 171 0.4600353675056942 0.005627760809070568
3689896330 171 0.4600698308332825 0.00562791964787072
3695897980 169 0.4600698308332825 0.00560149905705168
3701899420 170 0.4601427150808741 0.005603612002307645
3707898640 170 0.460278946587577 0.005572165300349721
3713899920 169 0.4604041322964391 0.005546303315574338
3719898750 169 0.4603809888008967 0.005573736432859253
3725897170 168 0.4602996148866601 0.00553397863320366
3731901510 168 0.4603260155302212 0.005532835563260857
3737905370 167 0.4603631894566089 0.005554493509140637
3743913060 167 0.4603652764389206 0.005551644410664649
3749907490 166 0.460402793152916 0.005553962890630975
3755905190 166 0.4602265976596422 0.005571440022047209
3761907360 166 0.4602265976596422 0.005566471834086172
3767910850 166 0.460242057843981 0.005578255316931981
3773903100 166 0.4601578125161346 0.005566361739292222
3779910840 166 0.4602423480614766 0.005565272756657317
3785917280 165 0.4602794314081215 0.005626506937522197
3791909470 166 0.4599712924810046 0.005581221414754889
3797904920 167 0.4602641143736377 0.005540486435780893
3803899740 168 0.4602462644120245 0.00557461822082163
3809895880 168 0.4601567485925543 0.005547021217578633
3815897130 169 0.4603539814941756 0.005501921157846721
3821899050 168 0.4604782201211979 0.00560879936078564
3827901520 168 0.4602319440388196 0.005628996245074605
3833900980 168 0.4599565471595688 0.005630239518339917
3839898600 167 0.4599565471595688 0.005674605723245502
3845888550 167 0.4598834384376732 0.00567781568330466
3851875510 167 0.4597757447340168 0.005656139737441947
3857873880 166 0.4600303480043391 0.005682463475679913
3863872840 164 0.4597608318203149 0.00579203971592806
3869885420 164 0.4596082525223081 0.005768590569644952
3875872400 165 0.4595623014188567 0.005768024988723757
3881885190 165 0.4597026611530355 0.005741244748984741
3887892600 164 0.4596973334888673 0.005710241513397047
3893888210 164 0.459821737618141 0.005702667326706792
3899884500 164 0.45979458634292 0.005726694807849482
3905882810 163 0.4598299771263461 0.00576200212866371
3911892080 163 0.4595407891007273 0.005770825608925364
3917897700 162 0.4595604824307779 0.00584072944088212
3923892380 162 0.4594511417662376 0.005840353061169791
3929887040 162 0.4594511417662376 0.005753537007967669
3935894260 163 0.4595535507618356 0.005781497278151372
3941892450 163 0.4594495905251484 0.005847963448323957
3947899440 162 0.459390106569252 0.005809294173393269
3953889410 162 0.4595220365608492 0.005834735590008812
3959897090 162 0.4594513436830355 0.005840772591913795
3965892850 161 0.4594513436830355 0.005922876639873055
3971894290 160 0.4590936898199415 0.005912402345459863
3977887800 161 0.459277844261205 0.00579456363918464
3983882200 161 0.4595433698178126 0.005862725553603234
3989872180 162 0.4592932021009096 0.00582919461034961
3995882050 163 0.4595470647038676 0.005811737586753762
4001881060 163 0.4596063708562566 0.005813979340520714
4007882190 163 0.4596063708562566 0.005810175939667362
4013872230 163 0.4595773491067083 0.00582798958614027
4019878200 163 0.4592770589091482 0.005825793670972854
4025877600 164 0.4595900190632983 0.005807271500574136
4031879290 163 0.4595531754031854 0.005854280291986863
4037870360 163 0.459399787891734 0.005844792333000412
4043866930 163 0.4593604012316329 0.00586447766312874
4049852330 164 0.4593894229811811 0.005827169036027576
4055860640 164 0.4595520012983585 0.005820589261423264
4061860890 163 0.45959795240181 0.005816039083964919
4067867880 163 0.4596502032444038 0.00581686305659325
4073865420 163 0.4596502032444038 0.0058166006263144
4079870290 161 0.4596502032444038 0.005758626237462787
4085882150 161 0.4597130862554463 0.005753584656638262
4091883060 161 0.459858722482571 0.005756929606554355
4097884040 162 0.459700053715098 0.005716548990045783
4103895070 163 0.4598631393093954 0.005698415835851818
4109893720 162 0.4600694874963055 0.005715905213641109
4115893910 161 0.4598825549647055 0.005703312777740368
4121893600 161 0.4599439720010486 0.005702814055855879
4127898600 162 0.4599439720010486 0.005743740872721426
4133897140 162 0.4597952034943433 0.005747569957323756
4139891050 162 0.4597625134245567 0.00575790939578069
4145889940 162 0.4597920534196325 0.005750596689091796
4151883820 161 0.4597625134245567 0.005764352792010745
4157868280 161 0.4598570108786055 0.005766791017942314
4163882280 161 0.4596541240822407 0.005760887770279009
4169875580 161 0.4598429918978915 0.005760751673511711
4175876150 161 0.4596954800753469 0.005762086668741417
4181870460 161 0.4596954800753469 0.005758459703833674
4187868840 160 0.4598429918978915 0.005761134323814832
4193860430 161 0.4597862520756808 0.005754999164323269
4199858180 161 0.4597057298393548 0.005762267872638965
4205864260 160 0.4597057298393548 0.005772410298904473
4211872940 160 0.4596663193079815 0.0057813599931851
4217869630 160 0.4597006128654834 0.005798606774218849
4223876150 160 0.4595348433630334 0.005783517564271977
4229874190 161 0.4597175312622349 0.005792968644891913
4235874790 161 0.4596496652901446 0.00579197761662409
4241867500 160 0.4596496652901446 0.005810710815841851
4247860910 160 0.4595115551401444 0.005821030103291778
4253868790 162 0.4595410951352203 0.005740494712859484
4259859440 161 0.4598237171366855 0.005756190619835504
4265861500 162 0.4597157562114802 0.005655761622325064
4271857360 162 0.4600382521214657 0.00565729004024536
4277865100 162 0.4600382521214657 0.005659801953614123
4283874370 162 0.4600566325628462 0.005661214579334514
4289870970 162 0.4600566325628462 0.005658264447592528
4295864410 162 0.4600566325628462 0.005665755218529921
4301869340 162 0.4600566325628462 0.00566532955586295
4307872920 161 0.4600566325628462 0.005685246088374734
4313873250 162 0.4599208726806823 0.005708132257538867
4319873190 162 0.4597839894775981 0.005706893957589889
4325871230 163 0.4597839894775981 0.005655391933500393
4331868940 162 0.4599203008274463 0.005615921202040256
4337882170 162 0.4602599931485326 0.005575009922823969
4343885150 162 0.4602089701123143 0.005570882982525407
4349883320 163 0.4603162818124913 0.005491864405828859
4355888060 164 0.4605383133795471 0.005472084697053057
4361886930 165 0.4606293160892852 0.005506529872061419
4367884840 165 0.460539913155488 0.005506254707291452
4373894430 166 0.460539913155488 0.005537407428204815
4379897980 166 0.4604265353772301 0.005494641889109851
4385914960 166 0.4605906318733331 0.005486872424336228
4391916500 165 0.4605211568457523 0.005542984583648061
4397908200 165 0.4603676993806234 0.005549076517356212
4403910370 163 0.4603903601987638 0.005675089834452804
4409917820 163 0.4600268734973871 0.005704075301787865
4415914910 162 0.459876357008377 0.005729785468794968
4421910080 162 0.4597705123063952 0.005713866538728726
4427898170 162 0.4597705123063952 0.0057027392034367
4433893390 165 0.4598765307241702 0.005634042972488378
4439887320 165 0.4601450177784668 0.005634151381461637
4445882700 165 0.4602513046786239 0.005636204662831682
4451873060 165 0.4602513046786239 0.005633079492935546
4457879110 165 0.4602513046786239 0.005648160215987017
4463869400 164 0.4602736808681306 0.005662374640601963
4469875860 164 0.4599822818547813 0.005681629916490811
4475876970 164 0.4600428186465322 0.005682623930495675
4481879780 165 0.4600428186465322 0.005601404069708066
4487888710 165 0.4603553288740569 0.005620800037306094
4493896880 165 0.4603259350507966 0.005620438183363966
4499889430 163 0.4603259350507966 0.005630607690421036
4505887320 164 0.4601634536346284 0.005549018232072553
4511884940 164 0.4604750070737858 0.005539456425124725
4517879570 165 0.4604331275870959 0.00550044612409193
4523880810 165 0.4607045771749232 0.005484364674804603
4529877830 166 0.4607087456891838 0.005464951188108655
4535871090 166 0.4608512194577518 0.005457201203698369
4541858480 166 0.4608083133069388 0.005473284642211052
4547856610 165 0.4608742484244825 0.005466430297828724
4553863170 165 0.4607347342308711 0.005467886766987584
4559866630 164 0.4607347342308711 0.005509210618078192
4565878960 163 0.4606040117704929 0.005521312998347064
4571877690 163 0.4605709388220837 0.005604537395744231
4577883320 161 0.4605089796619553 0.005754034666922305
4583881820 160 0.4598700044545277 0.005768335311924978
4589897640 160 0.4596672285694468 0.005775203147769229
4595891960 160 0.4596811297436001 0.005774504222812189
4601886900 161 0.4596811297436001 0.005699831870713156
4607870460 162 0.4599690579440201 0.005644679082659574
4613863950 163 0.460248377255488 0.005611757040067746
4619867260 163 0.4603915695226829 0.005631126606524538
4625870050 164 0.4602141253064229 0.005617675018358123
4631872880 163 0.4604258456665208 0.00564523049306331
4637878580 163 0.4604190798012487 0.005651775571801044
4643890150 163 0.4603301222999323 0.00564642917368786
4649894730 163 0.4603301222999323 0.005644529402800745
4655881340 162 0.4604190798012487 0.0056616159822404
4661872750 161 0.4601504440030569 0.005649472304910608
4667865340 162 0.4602261264333979 0.005651573698852842
4673875380 161 0.4604075561131749 0.005645465593122125
4679883480 161 0.4604095229577037 0.005630373024298896
4685887150 161 0.4602715206951725 0.005655172510919539
4691886330 160 0.460339724713729 0.005656224300819087
4697886020 160 0.460190868931731 0.005659963768549078
4703876030 160 0.4602779941220271 0.00565871970999633
4709861130 160 0.4602779941220271 0.005673419444119097
4715861250 159 0.46030475103077 0.005661991847621026
4721850520 159 0.4601839795436554 0.005656913482506356
4727851300 158 0.4602858711208737 0.005686009009762247
4733851730 159 0.4600647619812103 0.00570455067197446
4739839430 157 0.4601632341430406 0.005651621010517141
4745840090 157 0.460206685458906 0.005660070054823781
4751834450 157 0.460206685458906 0.005638866207426452
4757833320 158 0.4603674972454972 0.005572811999172222
4763843940 157 0.4604450748795538 0.005551019940035679
4769849820 157 0.4605717230791769 0.005557913662444854
4775839120 157 0.4604188963368175 0.005558347152108772
4781836740 157 0.4604469342982453 0.005552035515334461
4787832080 157 0.4605470329340389 0.005534255795971803
4793830240 157 0.4605722848189885 0.005531530941955844
4799843990 156 0.4608145540977444 0.00557624070687343
4805853700 156 0.4605356323195641 0.005561584655195484
4811860530 157 0.4605571159523466 0.005500726814966954
4817850340 157 0.4608510218575573 0.005491872865040426
4823840690 157 0.4608846430361633 0.00549519936755896
4829845710 156 0.4608688178268294 0.005493776682250066
4835844870 157 0.4607923010541726 0.005473676513589761
4841840160 155 0.4609011546580716 0.005551506084604943
4847841980 155 0.4605457034278148 0.005552592896599428
4853827330 156 0.4605457034278148 0.005563582066809754
4859823600 156 0.4604740202327423 0.005609344745223331
4865814070 157 0.4605245981369549 0.005578920235687107
4871829510 158 0.4604287133628148 0.005564651370160537
4877832330 157 0.4605235965748465 0.00552239131675444
4883829940 156 0.4608543442763371 0.005579295846139904
4889833100 155 0.4604979890601404 0.00555450437147043
4895833620 156 0.4605959459400712 0.005526974255905042
4901832510 157 0.4607075538902206 0.005421683912373047
4907827490 156 0.4610264442099692 0.005412898536765731
4913839050 157 0.4611513634790402 0.005396113862412589
4919844040 157 0.4611746464522559 0.005360372569404926
4925831420 157 0.4611594085805572 0.005408788224204335
4931833800 157 0.461060631299162 0.005416069245328356
4937836040 156 0.4610743027018417 0.005417172992186954
4943830100 156 0.460936095028343 0.005420933713062999
4949838720 157 0.4609497664310228 0.005430938407390134
4955847610 157 0.461006411818928 0.005376397170707656
4961838160 158 0.4610348257326312 0.005357770368546305
4967827600 158 0.4611913156194021 0.00531127421395524
4973814040 158 0.4612478986002255 0.005332458800662731
4979806290 157 0.4613059686760157 0.005309055684155398
4985812380 157 0.4613572103768686 0.005309304231211367
4991826420 157 0.4613572103768686 0.005309515847926922
4997827240 157 0.4613572103768686 0.00531432518340634
5003811830 157 0.4612248711989286 0.005311270284755656
5009825860 157 0.4613572103768686 0.005276365466256157
5015815910 158 0.4613262500506844 0.005268161654093157
5021803270 158 0.461520516138268 0.005270777577553477
5027809530 158 0.4615444980975424 0.005261578759537564
5033812400 159 0.4614036991487686 0.005257488806752073
5039813560 159 0.4616159605604383 0.0052482017830152
5045796220 160 0.4616159605604383 0.005238061088022218
5051799340 160 0.4616139806078153 0.005234852186317689
5057815770 159 0.4617339772717505 0.005219999655291093
5063811630 159 0.4615136642470907 0.005227946200334972
5069806430 160 0.4615662327730064 0.005228408490298959
5075801170 159 0.4617513260592258 0.005255292212399882
5081799360 160 0.461468978555425 0.005196837738780657
5087804820 158 0.4617765916331563 0.005198213778534475
5093820770 157 0.4618223395008892 0.005226189827859059
5099815840 158 0.4616713717399263 0.005193571662709936
5105810640 158 0.4617956582150143 0.00519310347463134
5111819200 159 0.4617956582150143 0.005198239405251084
5117817280 159 0.4616961039592797 0.005199500334407209
5123813910 158 0.4616961039592797 0.005241357941223171
5129801860 158 0.4616440329717129 0.005248918628337052
5135807030 158 0.4615246548472825 0.005231803691203558
5141811360 158 0.4615509126206833 0.005229738795280355
5147825080 157 0.4615509126206833 0.005275877234092296
5153826440 158 0.461456947668317 0.005224986876556507
5159842180 158 0.461858745337719 0.005210161808703772
5165842530 157 0.4618227836045831 0.005219341805477158
5171858120 157 0.4616762054011687 0.005204720650961875
5177857690 158 0.4617948983498532 0.005029443100632762
5183855860 159 0.4622336016433424 0.00504295072958999
5189849580 158 0.4623043665228852 0.004997512445477194
5195836390 157 0.462456737775813 0.004991975642466316
5201841230 156 0.4624753730868473 0.004994598196129565
5207841530 157 0.4624518913265023 0.004986745937959171
5213859860 156 0.4625030429704431 0.004990636479513752
5219863610 156 0.4623809809898101 0.005044375223821748
5225861050 156 0.4622541890917852 0.005043576051539351
5231869290 156 0.462370567765853 0.005043680020779562
5237880990 156 0.4622222716022599 0.005041772152071417
5243883340 156 0.4622792533300314 0.005044864353457436
5249889570 157 0.4623386502763277 0.004935689594150228
5255878020 158 0.4626709860100832 0.004874460305452752
5261873010 158 0.4627787079185707 0.004876344874922714
5267859360 157 0.462918091667858 0.004950605557921372
5273855040 158 0.4626207723074688 0.004948865916359452
5279851610 158 0.4626240874330495 0.004956010516891495
5285863750 159 0.4625784565463468 0.004848582321044429
5291854370 159 0.4629427527417578 0.004848849479158725
5297853360 158 0.4629427527417578 0.00486375369962555
5303845630 158 0.4629389854758907 0.004883679503785822
5309845370 159 0.4628631643598126 0.004874632092251625
5315841910 159 0.4629103411363493 0.004869130469152218
5321845720 159 0.4629694211265011 0.004861808623756592
5327843940 158 0.4629354053745955 0.004906770629162104
5333842770 157 0.4628120435757989 0.004866937553568644
5339835190 156 0.4629176486451175 0.004881730943149793
5345833800 155 0.4627015845291326 0.004880568909946157
5351849700 155 0.4629535394990981 0.004870948784448781
5357854620 156 0.4627154578354721 0.004876502431008211
5363832690 155 0.4629015116039921 0.00489275096931327
5369836810 155 0.4627944733051012 0.004892952366555644
5375816360 155 0.4627944733051012 0.00489512899805125
5381813600 155 0.4626420468689653 0.004890801262219779
5387808500 154 0.4628086244806079 0.004911637755585613
5393801740 154 0.462699048336817 0.004958932189063093
5399808970 153 0.4626502207711842 0.004989137945944554
5405806310 153 0.4623549796856566 0.005009486515102611
5411811730 152 0.4624844866946938 0.005013969620314743
5417818230 153 0.4622529916351517 0.005022352985437403
5423815570 153 0.4624180531848813 0.005020309814378223
5429814130 153 0.4623904825228105 0.005020732177482813
5435807480 153 0.4623904825228105 0.004975259384358645
5441814360 153 0.4624437699198068 0.004966797421414831
5447802810 154 0.4625028499099586 0.004935784512446395
5453806490 153 0.4627109520879513 0.004936653317775588
5459809680 154 0.4624604868167792 0.004925802031368556
5465802990 153 0.4627374619113864 0.004939396982053126
5471799510 154 0.462438677188574 0.004919376033493196
5477804450 154 0.4627530193369528 0.004888426513160614
5483805120 155 0.4626010193161207 0.004832221272979451
5489815170 155 0.4630002419853371 0.004816904208401111
5495808120 157 0.4629962611945568 0.004793015317183154
5501810260 157 0.4631731224636136 0.004788241488243785
5507821100 157 0.4630184019403629 0.004781707611429627
5513818460 158 0.4631731224636136 0.00481310198228979
5519833980 159 0.4630369509610981 0.004811557619996912
5525830540 159 0.4632604790019524 0.004801172199009165
5531820500 159 0.4631263933413904 0.004790591206668854
5537815730 159 0.4632094620651889 0.004792255855276875
5543803540 159 0.4632094620651889 0.004795023307086714
5549801820 157 0.4632094620651889 0.004814198620501546
5555790130 157 0.4631396206996797 0.004798553148285423
5561796300 157 0.4631396206996797 0.004798570874609492
5567791130 157 0.4631396206996797 0.004802495357801153
5573791070 157 0.4632304788495586 0.004815948439045792
5579797030 157 0.4631166122670674 0.004795957221174544
5585805390 157 0.4632764299530099 0.004792556300017936
5591802400 157 0.4631576365428134 0.004792497159879991
5597815280 158 0.4632099246089048 0.004780050826200368
5603825710 157 0.4633597850339943 0.004782930049949299
5609820910 157 0.4632132068305798 0.004787467390947707
5615823180 159 0.4632447161586608 0.004662867087498444
5621811960 158 0.4636416754897494 0.004666580535450546
5627801560 158 0.4636475144043031 0.004664680898687013
5633797430 158 0.463586246266368 0.004664195303634168
5639784470 159 0.463586246266368 0.004618983583228689
5645776710 159 0.4637360231601521 0.004617629285138524
5651776500 159 0.4637360231601521 0.004610850782303754
5657781210 159 0.4637528234218769 0.004619018676939123
5663787160 158 0.4637291914258162 0.004653897102093093
5669792560 159 0.4636437233783426 0.004632990283107032
5675784090 159 0.4638267744221007 0.004613336072334839
5681777320 160 0.4636926349320646 0.004598459630503073
5687777460 159 0.46397518080667 0.004612030799255798
5693763350 160 0.4638507776641035 0.004592635207116004
5699747460 160 0.4639965805472804 0.004535822001146123
5705749220 161 0.4641380795989916 0.0045220861635455
5711760550 162 0.4641349296577226 0.004518824224348554
5717769400 163 0.4643984404077977 0.004517260715169529
5723767480 163 0.4643674253250364 0.004507265982753629
5729769960 163 0.4641316310723048 0.004530725090140244
5735771550 163 0.4643346982378163 0.004517626291169417
5741767290 163 0.4641229412134573 0.004549034102072599
5747781570 163 0.4642500389358608 0.004528336845259569
5753764710 163 0.4641107237664362 0.004546174350301839
5759755540 162 0.4642774098105253 0.00455245661232033
5765762030 162 0.4639686418269301 0.004555389662369251
5771754240 163 0.4639686418269301 0.004538746347274187
5777742040 163 0.4642908455026608 0.004520375840062348
5783737760 162 0.4641426337534293 0.00460900785681263
5789736290 164 0.4638500580686223 0.004612384582764915
5795730990 165 0.4639875292256293 0.00463221717818493
5801728190 165 0.4637406433399052 0.004617260761603706
5807721040 166 0.4638073392646238 0.00461991432009081
5813727250 167 0.4637569785360334 0.004645082180303834
5819730140 166 0.4636236303215168 0.004679869000543818
5825724340 166 0.4635249938370706 0.004664446914911019
5831726830 166 0.4636849118179027 0.004733574067015762
5837722920 164 0.4634290639705022 0.004755208257403954
5843725800 164 0.4632201432205836 0.004755664593809146
5849714270 164 0.4632201432205836 0.00476487538885177
5855730860 164 0.4632871718168061 0.004764769217777567
5861727230 165 0.4632604905309311 0.004719515071153008
5867722010 165 0.4633315297433317 0.004716542858668174
5873719860 165 0.4633398009419529 0.004715453974930492
5879732290 164 0.4633315297433317 0.004736104264329235
5885731460 163 0.4633553175837362 0.004786640617401457
5891725250 163 0.4632096375539662 0.004803740192925802
5897715000 162 0.463183400265832 0.004831113831921128
5903706360 163 0.4630029375277663 0.004728831491800125
5909719380 164 0.4632614927238513 0.004723549973046503
5915717530 162 0.4634405015844081 0.004804566461837818
5921725870 162 0.4629847952057738 0.004776188395999376
5927715860 162 0.4631157244253252 0.004760891435508855
5933725060 161 0.4632436766691898 0.004800864718970389
5939725750 160 0.4630256446087783 0.004819069174971696
5945716500 161 0.4629762537111856 0.004834367576871205
5951726240 162 0.4628840626837459 0.004740282536938314
5957738190 162 0.4631464884386328 0.004728468560572054
5963740070 162 0.4632539433267037 0.004714373260078953
5969739310 161 0.4633691640040146 0.004729679330552028
5975737280 161 0.4630998490700925 0.004728199356902088
5981736350 161 0.4632278013139571 0.004742301447808598
5987729930 160 0.4632836666099719 0.004726129179180791
5993734990 160 0.4630834532341713 0.004726131887328404
5999739020 160 0.4630834532341713 0.004735898904319637
6005731650 159 0.4632441086398418 0.004743306268350743
6011721380 158 0.4629815896904694 0.004738995702187276
6017706110 157 0.4631607033479612 0.004758470222083226
6023709040 157 0.4629824553375916 0.004758202510343675
6029705460 157 0.4629824553375916 0.004766769873220871
6035716520 157 0.4630557496224037 0.004782744940159152
6041723180 157 0.4630557496224037 0.004789973244519077
6047731760 157 0.462980061131524 0.004773390386624071
6053726670 156 0.4629431323954075 0.004793227138251087
6059730110 157 0.4629286610225619 0.004748971273221236
6065737320 156 0.4629294238005121 0.004779214337983624
6071738900 157 0.4628003796466093 0.004794769326371097
6077749510 156 0.462953994066292 0.004794354666841767
6083753800 156 0.4627845980980425 0.004806759484144428
6089752810 157 0.4629315269693264 0.004777277973908827
6095756040 157 0.4629404622565054 0.004770763088057543
6101759040 158 0.4630306546549076 0.004700339736792667
6107764350 158 0.4633040584994023 0.004673490030071726
6113762130 159 0.4633668948530641 0.004664103839465535
6119758500 159 0.463400127122056 0.004618436833858076
6125752500 160 0.4634755829633223 0.004575401294158001
6131743930 160 0.4637742572599799 0.004576928846868184
6137742300 160 0.4637742572599799 0.004567927706897159
6143745700 160 0.4635280046551518 0.004572396332914444
6149759220 160 0.4635280046551518 0.004569020249283503
6155751190 160 0.4635280046551518 0.004569441671997142
6161751520 160 0.4638039842541563 0.004559283207108165
6167760440 161 0.4636975018663897 0.004561944712386161
6173773560 160 0.4637289247400036 0.004556736238230887
6179765840 161 0.4637368885264909 0.00457134012047958
6185776780 161 0.4638081459352707 0.004570845326521146
6191781360 161 0.4637687592751695 0.004546575788172721
6197788220 161 0.4637707818723614 0.004545034159754774
6203791590 161 0.463939892032206 0.00453465729034514
6209804380 161 0.4637732561625472 0.004540112709137158
6215814600 161 0.4637732561625472 0.004539633157710844
6221814190 161 0.4637732561625472 0.004521237856195789
6227820670 161 0.4639175731831056 0.004519823767763486
6233803570 161 0.4638596872681696 0.004526380636981289
6239809990 161 0.4638047924794568 0.004524662372220664
6245811990 161 0.4638047924794568 0.004516264925016568
6251818550 162 0.4637723564064322 0.004514941428838579
6257815190 163 0.4639386145459933 0.004528433853403124
6263817310 162 0.4638537970151336 0.0045344464592349
6269823190 162 0.4637060409515171 0.004526058633979808
6275814190 162 0.4637861095966614 0.004529322598562941
6281813430 162 0.4637861095966614 0.00454535991038458
6287808330 162 0.4638646716270749 0.004537093920289259
6293806010 162 0.4636417229464593 0.004491245918822175
6299803140 162 0.4639208753775835 0.004494498656900917
6305802570 163 0.4638890630751941 0.00448900290974604
6311805160 163 0.463838755008338 0.004488481631655433
6317807210 162 0.4641302232220535 0.00450962781399071
6323802420 162 0.4638486585394786 0.004506818898010434
6329800080 162 0.4637826124012343 0.004503824087970184
6335794850 162 0.4637826124012343 0.00449728245031085
6341789350 163 0.4638773309660906 0.00441412901621843
6347794920 163 0.4641466309646712 0.004417338205241484
6353796970 164 0.4641466309646712 0.004413920201195406
6359802130 163 0.4642715547960276 0.004417667282094877
6365803660 164 0.4641879869577775 0.004389831433620135
6371799260 163 0.464374442801646 0.00441431614140265
6377784780 162 0.4643071367187721 0.004469927110195187
6383784950 162 0.4641860326871088 0.004435393682188255
6389785530 162 0.4640505652994337 0.004421456928682224
6395788080 162 0.4642715685277873 0.004423628986831843
6401789860 163 0.4642894937260377 0.004375366032813037
6407791050 164 0.4643875421298772 0.004307527091754473
6413790090 164 0.4646664603478622 0.004352783119023475
6419799220 164 0.4643747545956537 0.004351418503540067
6425800500 164 0.4645597077870454 0.004349149822498939
6431799400 164 0.4645338602913541 0.00432072816325069
6437797560 164 0.464567692227161 0.004314759976294824
6443788460 164 0.4646112248514833 0.004314753716577665
6449791140 165 0.4646112248514833 0.004309347144554174
6455790880 164 0.4647515845856622 0.004316479844674298
6461802770 164 0.4645533075339068 0.004319709270908781
6467816830 163 0.4646715107013376 0.004345722614798051
6473815590 164 0.464572711518307 0.004296739948540109
6479814360 164 0.4647030617961808 0.004288201599193837
6485822570 165 0.4646207283545275 0.004287785648418188
6491807220 164 0.4647237879809707 0.004311762346877403
6497798130 164 0.4646843792863743 0.004344774994169715
6503801690 164 0.4645713193291361 0.004326364903830206
6509812080 165 0.4645050972618468 0.004300724631541825
6515814690 165 0.4646348201089097 0.004298843566347773
6521823130 165 0.4646348201089097 0.004299823138398361
6527820450 166 0.4646348201089097 0.004290329433121511
6533832280 167 0.464742554786451 0.004256606262655584
6539826450 168 0.4648823395853329 0.004245726925596352
6545824730 168 0.4647627658114359 0.004283623963763939
6551832360 168 0.4648868040372472 0.004272991784695343
6557831670 168 0.4647186786055754 0.004270340890705011
6563834850 169 0.4648487873479321 0.004290617878612077
6569832160 168 0.4649118112508625 0.004309646443517798
6575840720 169 0.464726825592479 0.004302350894150042
6581835690 168 0.4648781238900498 0.004322593402251501
6587855940 168 0.4647944966886106 0.004337509898382274
6593859600 167 0.46456426135152 0.004345654892389436
6599860560 167 0.4645285888551831 0.004345101592972414
6605881280 167 0.4645285888551831 0.004364122452999918
6611872590 167 0.4646701884091538 0.004348650362701938
6617867690 168 0.4646102873027115 0.0043226316155864
6623851130 168 0.4648452244386903 0.004301171550850865
6629844510 168 0.4647237560273248 0.004325680869702041
6635836500 168 0.4648452244386903 0.00434430121321524
6641819740 168 0.4646213348732883 0.004344131519598038
6647830820 169 0.4646213348732883 0.004346102647881466
6653818600 168 0.4648063214610957 0.004354170822758906
6659819600 168 0.4646692838508029 0.004386947250575274
6665812240 169 0.4645576296451982 0.00435655575606076
6671817570 168 0.4647806217126463 0.004402231893109411
6677808810 167 0.4645462411933968 0.004423498861251001
6683792710 167 0.4643943689023287 0.004423282536687728
6689807540 168 0.4643815305946096 0.004398913318152354
6695806170 168 0.4645462411933968 0.004399133852445957
6701804230 169 0.4645762071072678 0.004373174583204175
6707810740 169 0.4646547820658801 0.004371405367705922
6713811930 169 0.464630091920742 0.00437765208200194
6719818290 170 0.4646547820658801 0.004322406680877724
6725820000 170 0.4647856675668365 0.004325221494032166
6731825640 170 0.4647856675668365 0.004319150518737163
6737838660 170 0.4647856675668365 0.004315860651489059
6743830000 170 0.4647856675668365 0.004304411752053203
6749830080 170 0.4648572586137263 0.004304254187299854
6755826260 171 0.4648572586137263 0.004249553609153857
6761817520 171 0.4650926180503006 0.004214859061771674
6767806660 172 0.4649931916135573 0.004198470436716953
6773798540 172 0.4653272307030394 0.004198714678292719
6779789300 172 0.4653029036482711 0.004206684735724643
6785798640 173 0.4653272307030394 0.004205210231743869
6791799460 173 0.4650890754083337 0.004181707070985385
6797790830 173 0.4649880001266748 0.004196452823279964
6803790640 173 0.46507345511243 0.004189387325029419
6809789850 173 0.4650264312295869 0.004190632994932474
6815798450 173 0.4650264312295869 0.00419027788793234
6821801340 174 0.4650890754083337 0.004193657638352653
6827798350 174 0.4651504611282806 0.004189174868186272
6833782650 173 0.4651257709831425 0.004172547811789421
6839765560 173 0.4652661686807112 0.004172702546605374
6845751150 173 0.4651322995700783 0.004184667922413695
6851746550 172 0.4652236374404891 0.004234002069320989
6857744810 172 0.4649760183200308 0.004224594944749938
6863737140 173 0.4649760183200308 0.004182683293673834
6869738240 173 0.4651009315000708 0.004186991347813794
6875741370 172 0.4651009315000708 0.00418697243321028
6881745510 171 0.4651008186588855 0.004255529294645356
6887743020 171 0.4648990087525175 0.004228757454082717
6893749790 173 0.4649492262837556 0.004101184865818137
6899743040 174 0.4653196911819202 0.004054110727705102
6905736700 174 0.4655974809378877 0.004053389756312692
6911740640 174 0.4654593862295178 0.004051636449931916
6917737540 175 0.4655909734803104 0.00403137242451594
6923735970 176 0.4656158154714711 0.004002013694788637
6929731170 177 0.4657385457193162 0.003957124653589112
6935735220 177 0.4659224361069825 0.003948537091257008
6941742400 177 0.465923190211613 0.003940356099698129
6947741970 177 0.4658567772994736 0.003936466693769082
6953751880 177 0.4659119186236153 0.003940324114834212
6959735720 178 0.4660171884242493 0.003863525843195611
6965721010 177 0.4662578611761564 0.003877688845129796
6971707210 178 0.4660967437000505 0.003863270351606757
6977715510 179 0.4660539879135117 0.003811355726101189
6983712580 179 0.4662445514566305 0.003838564724976687
6989719860 179 0.4663684702273591 0.003838184348197814
6995709520 177 0.4663684702273591 0.003934442893789395
7001711340 177 0.4659464455852038 0.003921898060669823
7007719140 177 0.4660385029483956 0.003921902696647899
7013721590 177 0.4660385029483956 0.003940129248260924
7019727940 177 0.4659716300130765 0.003951692659953091
7025736110 178 0.4659299507549045 0.003951749921327022
7031729620 177 0.465834506041449 0.003931709943993095
7037735710 177 0.4659966155154106 0.00392480272373674
7043734280 177 0.4659569317490048 0.003907426534303196
7049724350 177 0.4659574645154217 0.003908945530089396
7055734240 178 0.4659574645154217 0.003904841068864588
7061732760 177 0.4661008077457077 0.003931370922648443
7067748940 177 0.4659134096370041 0.00392908940812654
7073737410 178 0.4660182031036986 0.003949717013117698
7079742980 178 0.4659553640674429 0.003937447633934195
7085753940 178 0.4659553640674429 0.003939782345575624
7091759620 179 0.4659553640674429 0.003882251244890138
7097754310 179 0.4662006361743547 0.003858526627505964
7103760320 179 0.4662099585753134 0.003864152927085287
7109760010 179 0.4662176706486199 0.00385288895967263
7115764750 179 0.4661941030179372 0.003826694688126338
7121755850 179 0.4664661742290784 0.003760702706458374
7127756110 179 0.4665477267433118 0.003784725821093875
7133769120 178 0.4665489153239102 0.003750470624658588
7139764830 178 0.466690717403986 0.00371587386844558
7145779740 178 0.466860949642901 0.003713738227803735
7151779880 178 0.466919658778455 0.003696636285978994
7157780540 178 0.466919658778455 0.00369904876158584
7163786270 178 0.4668641349568758 0.003697714504015722
7169777550 178 0.4668206023325535 0.003699514563272889
7175775090 178 0.4668206023325535 0.003699893810417876
7181780110 178 0.4668761261541328 0.003692013223233887
7187792710 177 0.4668206023325535 0.003656360783255426
7193800280 177 0.4668714737961029 0.003659967884396413
7199801710 176 0.4669194227736174 0.003659704000633251
