
ASes= { 1, 2, 3, 4, 5, 6, 7, 8, 9, 10, 11 } ;


Objects= { 1, 2, 3, 4, 5, 6, 7, 8, 9, 10, 11, 12, 13, 14, 15, 16, 17, 18, 19, 20, 21, 22, 23, 24, 25, 26, 27, 28, 29, 30, 31, 32, 33, 34, 35, 36, 37, 38, 39, 40, 41, 42, 43, 44, 45, 46, 47, 48, 49, 50, 51, 52, 53, 54, 55, 56, 57, 58, 59, 60, 61, 62, 63, 64, 65, 66, 67, 68, 69, 70, 71, 72, 73, 74, 75, 76, 77, 78, 79, 80, 81, 82, 83, 84, 85, 86, 87, 88, 89, 90, 91, 92, 93, 94, 95, 96, 97, 98, 99, 100, 101, 102, 103, 104, 105, 106, 107, 108, 109, 110, 111, 112, 113, 114, 115, 116, 117, 118, 119, 120, 121, 122, 123, 124, 125, 126, 127, 128, 129, 130, 131, 132, 133, 134, 135, 136, 137, 138, 139, 140, 141, 142, 143, 144, 145, 146, 147, 148, 149, 150, 151, 152, 153, 154, 155, 156, 157, 158, 159, 160, 161, 162, 163, 164, 165, 166, 167, 168, 169, 170, 171, 172, 173, 174, 175, 176, 177, 178, 179, 180, 181, 182, 183, 184, 185, 186, 187, 188, 189, 190, 191, 192, 193, 194, 195, 196, 197, 198, 199, 200, 201, 202, 203, 204, 205, 206, 207, 208, 209, 210, 211, 212, 213, 214, 215, 216, 217, 218, 219, 220, 221, 222, 223, 224, 225, 226, 227, 228, 229, 230, 231, 232, 233, 234, 235, 236, 237, 238, 239, 240, 241, 242, 243, 244, 245, 246, 247, 248, 249, 250, 251, 252, 253, 254, 255, 256, 257, 258, 259, 260, 261, 262, 263, 264, 265, 266, 267, 268, 269, 270, 271, 272, 273, 274, 275, 276, 277, 278, 279, 280, 281, 282, 283, 284, 285, 286, 287, 288, 289, 290, 291, 292, 293, 294, 295, 296, 297, 298, 299, 300, 301, 302, 303, 304, 305, 306, 307, 308, 309, 310, 311, 312, 313, 314, 315, 316, 317, 318, 319, 320, 321, 322, 323, 324, 325, 326, 327, 328, 329, 330, 331, 332, 333, 334, 335, 336, 337, 338, 339, 340, 341, 342, 343, 344, 345, 346, 347, 348, 349, 350, 351, 352, 353, 354, 355, 356, 357, 358, 359, 360, 361, 362, 363, 364, 365, 366, 367, 368, 369, 370, 371, 372, 373, 374, 375, 376, 377, 378, 379, 380, 381, 382, 383, 384, 385, 386, 387, 388, 389, 390, 391, 392, 393, 394, 395, 396, 397, 398, 399, 400, 401, 402, 403, 404, 405, 406, 407, 408, 409, 410, 411, 412, 413, 414, 415, 416, 417, 418, 419, 420, 421, 422, 423, 424, 425, 426, 427, 428, 429, 430, 431, 432, 433, 434, 435, 436, 437, 438, 439, 440, 441, 442, 443, 444, 445, 446, 447, 448, 449, 450, 451, 452, 453, 454, 455, 456, 457, 458, 459, 460, 461, 462, 463, 464, 465, 466, 467, 468, 469, 470, 471, 472, 473, 474, 475, 476, 477, 478, 479, 480, 481, 482, 483, 484, 485, 486, 487, 488, 489, 490, 491, 492, 493, 494, 495, 496, 497, 498, 499, 500, 501, 502, 503, 504, 505, 506, 507, 508, 509, 510, 511, 512, 513, 514, 515, 516, 517, 518, 519, 520, 521, 522, 523, 524, 525, 526, 527, 528, 529, 530, 531, 532, 533, 534, 535, 536, 537, 538, 539, 540, 541, 542, 543, 544, 545, 546, 547, 548, 549, 550, 551, 552, 553, 554, 555, 556, 557, 558, 559, 560, 561, 562, 563, 564, 565, 566, 567, 568, 569, 570, 571, 572, 573, 574, 575, 576, 577, 578, 579, 580, 581, 582, 583, 584, 585, 586, 587, 588, 589, 590, 591, 592, 593, 594, 595, 596, 597, 598, 599, 600, 601, 602, 603, 604, 605, 606, 607, 608, 609, 610, 611, 612, 613, 614, 615, 616, 617, 618, 619, 620, 621, 622, 623, 624, 625, 626, 627, 628, 629, 630, 631, 632, 633, 634, 635, 636, 637, 638, 639, 640, 641, 642, 643, 644, 645, 646, 647, 648, 649, 650, 651, 652, 653, 654, 655, 656, 657, 658, 659, 660, 661, 662, 663, 664, 665, 666, 667, 668, 669, 670, 671, 672, 673, 674, 675, 676, 677, 678, 679, 680, 681, 682, 683, 684, 685, 686, 687, 688, 689, 690, 691, 692, 693, 694, 695, 696, 697, 698, 699, 700, 701, 702, 703, 704, 705, 706, 707, 708, 709, 710, 711, 712, 713, 714, 715, 716, 717, 718, 719, 720, 721, 722, 723, 724, 725, 726, 727, 728, 729, 730, 731, 732, 733, 734, 735, 736, 737, 738, 739, 740, 741, 742, 743, 744, 745, 746, 747, 748, 749, 750, 751, 752, 753, 754, 755, 756, 757, 758, 759, 760, 761, 762, 763, 764, 765, 766, 767, 768, 769, 770, 771, 772, 773, 774, 775, 776, 777, 778, 779, 780, 781, 782, 783, 784, 785, 786, 787, 788, 789, 790, 791, 792, 793, 794, 795, 796, 797, 798, 799, 800, 801, 802, 803, 804, 805, 806, 807, 808, 809, 810, 811, 812, 813, 814, 815, 816, 817, 818, 819, 820, 821, 822, 823, 824, 825, 826, 827, 828, 829, 830, 831, 832, 833, 834, 835, 836, 837, 838, 839, 840, 841, 842, 843, 844, 845, 846, 847, 848, 849, 850, 851, 852, 853, 854, 855, 856, 857, 858, 859, 860, 861, 862, 863, 864, 865, 866, 867, 868, 869, 870, 871, 872, 873, 874, 875, 876, 877, 878, 879, 880, 881, 882, 883, 884, 885, 886, 887, 888, 889, 890, 891, 892, 893, 894, 895, 896, 897, 898, 899, 900, 901, 902, 903, 904, 905, 906, 907, 908, 909, 910, 911, 912, 913, 914, 915, 916, 917, 918, 919, 920, 921, 922, 923, 924, 925, 926, 927, 928, 929, 930, 931, 932, 933, 934, 935, 936, 937, 938, 939, 940, 941, 942, 943, 944, 945, 946, 947, 948, 949, 950, 951, 952, 953, 954, 955, 956, 957, 958, 959, 960, 961, 962, 963, 964, 965, 966, 967, 968, 969, 970, 971, 972, 973, 974, 975, 976, 977, 978, 979, 980, 981, 982, 983, 984, 985, 986, 987, 988, 989, 990, 991, 992, 993, 994, 995, 996, 997, 998, 999, 1000 } ;


QualityLevels= { 0, 1, 2, 3, 4, 5 } ;

Arcs = {<2,1,490000>, <1,2,490000>, <11,1,490000>, <1,11,490000>, <11,2,490000>, <2,11,490000>, <11,10,490000>, <10,11,490000>, <3,2,490000>, <2,3,490000>, <4,3,490000>, <3,4,490000>, <5,4,490000>, <4,5,490000>, <6,5,490000>, <5,6,490000>, <7,6,490000>, <6,7,490000>, <8,4,490000>, <4,8,490000>, <8,7,490000>, <7,8,490000>, <9,3,490000>, <3,9,490000>, <9,8,490000>, <8,9,490000>, <10,9,490000>, <9,10,490000>};


RatePerQuality= [ 0  300  700  1500  2500  3500 ] ;


CacheSpacePerQuality= [ 10000  11.25  26.25  56.25  93.75  131.25 ] ;


UtilityPerQuality= [ 0  0.66874  0.795271  0.880112  0.945742  1 ] ;


ObjectsPublishedByProducers=[ [ 0  0  0  0  0  0  0  0  0  1  0 ]  [ 0  0  0  0  0  0  0  0  0  1  0 ]  [ 0  0  0  0  1  0  0  0  0  0  0 ]  [ 0  0  0  0  1  0  0  0  0  0  0 ]  [ 0  0  0  0  0  0  0  0  0  1  0 ]  [ 1  0  0  0  0  0  0  0  0  0  0 ]  [ 1  0  0  0  0  0  0  0  0  0  0 ]  [ 0  0  0  0  0  1  0  0  0  0  0 ]  [ 1  0  0  0  0  0  0  0  0  0  0 ]  [ 1  0  0  0  0  0  0  0  0  0  0 ]  [ 0  0  0  0  0  0  1  0  0  0  0 ]  [ 0  0  0  0  1  0  0  0  0  0  0 ]  [ 0  0  0  0  0  0  1  0  0  0  0 ]  [ 0  0  0  0  0  1  0  0  0  0  0 ]  [ 1  0  0  0  0  0  0  0  0  0  0 ]  [ 0  0  0  0  0  0  0  0  0  1  0 ]  [ 0  0  0  0  0  0  0  0  0  1  0 ]  [ 0  0  0  0  0  0  1  0  0  0  0 ]  [ 0  0  0  0  0  0  1  0  0  0  0 ]  [ 0  0  0  0  0  1  0  0  0  0  0 ]  [ 0  0  0  0  1  0  0  0  0  0  0 ]  [ 0  0  0  0  1  0  0  0  0  0  0 ]  [ 0  0  0  0  0  0  1  0  0  0  0 ]  [ 0  0  0  0  0  1  0  0  0  0  0 ]  [ 0  0  0  0  0  1  0  0  0  0  0 ]  [ 0  0  0  0  0  0  0  0  0  1  0 ]  [ 0  0  0  0  0  0  1  0  0  0  0 ]  [ 0  0  0  0  0  0  1  0  0  0  0 ]  [ 0  0  0  0  0  1  0  0  0  0  0 ]  [ 0  0  0  0  1  0  0  0  0  0  0 ]  [ 0  0  0  0  0  1  0  0  0  0  0 ]  [ 0  0  0  0  1  0  0  0  0  0  0 ]  [ 0  0  0  0  0  0  1  0  0  0  0 ]  [ 0  0  0  0  0  0  0  0  0  1  0 ]  [ 1  0  0  0  0  0  0  0  0  0  0 ]  [ 0  0  0  0  1  0  0  0  0  0  0 ]  [ 0  0  0  0  0  0  0  0  0  1  0 ]  [ 1  0  0  0  0  0  0  0  0  0  0 ]  [ 1  0  0  0  0  0  0  0  0  0  0 ]  [ 0  0  0  0  0  0  0  0  0  1  0 ]  [ 1  0  0  0  0  0  0  0  0  0  0 ]  [ 1  0  0  0  0  0  0  0  0  0  0 ]  [ 0  0  0  0  0  1  0  0  0  0  0 ]  [ 0  0  0  0  0  0  0  0  0  1  0 ]  [ 0  0  0  0  0  0  0  0  0  1  0 ]  [ 0  0  0  0  1  0  0  0  0  0  0 ]  [ 1  0  0  0  0  0  0  0  0  0  0 ]  [ 1  0  0  0  0  0  0  0  0  0  0 ]  [ 0  0  0  0  0  0  1  0  0  0  0 ]  [ 0  0  0  0  0  0  1  0  0  0  0 ]  [ 0  0  0  0  0  0  1  0  0  0  0 ]  [ 0  0  0  0  0  0  0  0  0  1  0 ]  [ 0  0  0  0  0  0  1  0  0  0  0 ]  [ 0  0  0  0  0  0  0  0  0  1  0 ]  [ 0  0  0  0  0  1  0  0  0  0  0 ]  [ 0  0  0  0  0  0  0  0  0  1  0 ]  [ 0  0  0  0  0  0  0  0  0  1  0 ]  [ 0  0  0  0  0  0  1  0  0  0  0 ]  [ 0  0  0  0  0  0  1  0  0  0  0 ]  [ 0  0  0  0  0  0  0  0  0  1  0 ]  [ 1  0  0  0  0  0  0  0  0  0  0 ]  [ 0  0  0  0  0  0  1  0  0  0  0 ]  [ 0  0  0  0  0  1  0  0  0  0  0 ]  [ 0  0  0  0  0  1  0  0  0  0  0 ]  [ 1  0  0  0  0  0  0  0  0  0  0 ]  [ 0  0  0  0  1  0  0  0  0  0  0 ]  [ 0  0  0  0  0  0  0  0  0  1  0 ]  [ 0  0  0  0  0  1  0  0  0  0  0 ]  [ 0  0  0  0  0  0  0  0  0  1  0 ]  [ 0  0  0  0  0  1  0  0  0  0  0 ]  [ 0  0  0  0  0  0  0  0  0  1  0 ]  [ 1  0  0  0  0  0  0  0  0  0  0 ]  [ 0  0  0  0  0  0  1  0  0  0  0 ]  [ 0  0  0  0  0  0  1  0  0  0  0 ]  [ 1  0  0  0  0  0  0  0  0  0  0 ]  [ 0  0  0  0  0  0  1  0  0  0  0 ]  [ 0  0  0  0  0  1  0  0  0  0  0 ]  [ 0  0  0  0  0  1  0  0  0  0  0 ]  [ 0  0  0  0  0  0  1  0  0  0  0 ]  [ 0  0  0  0  0  0  0  0  0  1  0 ]  [ 1  0  0  0  0  0  0  0  0  0  0 ]  [ 0  0  0  0  1  0  0  0  0  0  0 ]  [ 0  0  0  0  0  0  0  0  0  1  0 ]  [ 1  0  0  0  0  0  0  0  0  0  0 ]  [ 0  0  0  0  0  0  0  0  0  1  0 ]  [ 0  0  0  0  1  0  0  0  0  0  0 ]  [ 1  0  0  0  0  0  0  0  0  0  0 ]  [ 0  0  0  0  1  0  0  0  0  0  0 ]  [ 1  0  0  0  0  0  0  0  0  0  0 ]  [ 0  0  0  0  0  1  0  0  0  0  0 ]  [ 0  0  0  0  0  1  0  0  0  0  0 ]  [ 0  0  0  0  0  0  0  0  0  1  0 ]  [ 0  0  0  0  1  0  0  0  0  0  0 ]  [ 0  0  0  0  0  0  1  0  0  0  0 ]  [ 0  0  0  0  0  0  0  0  0  1  0 ]  [ 0  0  0  0  0  1  0  0  0  0  0 ]  [ 0  0  0  0  0  1  0  0  0  0  0 ]  [ 0  0  0  0  0  0  0  0  0  1  0 ]  [ 0  0  0  0  0  0  1  0  0  0  0 ]  [ 1  0  0  0  0  0  0  0  0  0  0 ]  [ 0  0  0  0  1  0  0  0  0  0  0 ]  [ 0  0  0  0  0  1  0  0  0  0  0 ]  [ 0  0  0  0  1  0  0  0  0  0  0 ]  [ 1  0  0  0  0  0  0  0  0  0  0 ]  [ 0  0  0  0  1  0  0  0  0  0  0 ]  [ 0  0  0  0  0  0  0  0  0  1  0 ]  [ 0  0  0  0  1  0  0  0  0  0  0 ]  [ 1  0  0  0  0  0  0  0  0  0  0 ]  [ 0  0  0  0  1  0  0  0  0  0  0 ]  [ 0  0  0  0  0  1  0  0  0  0  0 ]  [ 0  0  0  0  0  0  0  0  0  1  0 ]  [ 0  0  0  0  1  0  0  0  0  0  0 ]  [ 0  0  0  0  1  0  0  0  0  0  0 ]  [ 1  0  0  0  0  0  0  0  0  0  0 ]  [ 0  0  0  0  0  1  0  0  0  0  0 ]  [ 0  0  0  0  1  0  0  0  0  0  0 ]  [ 0  0  0  0  0  0  0  0  0  1  0 ]  [ 0  0  0  0  1  0  0  0  0  0  0 ]  [ 0  0  0  0  1  0  0  0  0  0  0 ]  [ 0  0  0  0  0  1  0  0  0  0  0 ]  [ 1  0  0  0  0  0  0  0  0  0  0 ]  [ 1  0  0  0  0  0  0  0  0  0  0 ]  [ 0  0  0  0  1  0  0  0  0  0  0 ]  [ 0  0  0  0  0  1  0  0  0  0  0 ]  [ 0  0  0  0  1  0  0  0  0  0  0 ]  [ 0  0  0  0  0  0  1  0  0  0  0 ]  [ 1  0  0  0  0  0  0  0  0  0  0 ]  [ 1  0  0  0  0  0  0  0  0  0  0 ]  [ 0  0  0  0  0  0  0  0  0  1  0 ]  [ 1  0  0  0  0  0  0  0  0  0  0 ]  [ 0  0  0  0  0  0  0  0  0  1  0 ]  [ 1  0  0  0  0  0  0  0  0  0  0 ]  [ 0  0  0  0  0  0  1  0  0  0  0 ]  [ 0  0  0  0  0  1  0  0  0  0  0 ]  [ 1  0  0  0  0  0  0  0  0  0  0 ]  [ 0  0  0  0  0  1  0  0  0  0  0 ]  [ 0  0  0  0  1  0  0  0  0  0  0 ]  [ 0  0  0  0  0  0  1  0  0  0  0 ]  [ 0  0  0  0  0  0  0  0  0  1  0 ]  [ 0  0  0  0  1  0  0  0  0  0  0 ]  [ 0  0  0  0  0  0  1  0  0  0  0 ]  [ 0  0  0  0  0  1  0  0  0  0  0 ]  [ 0  0  0  0  0  0  1  0  0  0  0 ]  [ 0  0  0  0  1  0  0  0  0  0  0 ]  [ 0  0  0  0  0  0  0  0  0  1  0 ]  [ 0  0  0  0  0  1  0  0  0  0  0 ]  [ 1  0  0  0  0  0  0  0  0  0  0 ]  [ 0  0  0  0  0  0  1  0  0  0  0 ]  [ 0  0  0  0  1  0  0  0  0  0  0 ]  [ 0  0  0  0  0  0  1  0  0  0  0 ]  [ 0  0  0  0  1  0  0  0  0  0  0 ]  [ 0  0  0  0  1  0  0  0  0  0  0 ]  [ 0  0  0  0  1  0  0  0  0  0  0 ]  [ 0  0  0  0  1  0  0  0  0  0  0 ]  [ 0  0  0  0  1  0  0  0  0  0  0 ]  [ 1  0  0  0  0  0  0  0  0  0  0 ]  [ 0  0  0  0  0  0  1  0  0  0  0 ]  [ 0  0  0  0  0  0  0  0  0  1  0 ]  [ 0  0  0  0  0  0  0  0  0  1  0 ]  [ 0  0  0  0  0  0  0  0  0  1  0 ]  [ 0  0  0  0  0  1  0  0  0  0  0 ]  [ 0  0  0  0  0  0  1  0  0  0  0 ]  [ 0  0  0  0  0  1  0  0  0  0  0 ]  [ 0  0  0  0  0  0  1  0  0  0  0 ]  [ 1  0  0  0  0  0  0  0  0  0  0 ]  [ 0  0  0  0  0  0  0  0  0  1  0 ]  [ 1  0  0  0  0  0  0  0  0  0  0 ]  [ 0  0  0  0  0  1  0  0  0  0  0 ]  [ 0  0  0  0  0  0  1  0  0  0  0 ]  [ 0  0  0  0  0  0  1  0  0  0  0 ]  [ 0  0  0  0  1  0  0  0  0  0  0 ]  [ 0  0  0  0  1  0  0  0  0  0  0 ]  [ 0  0  0  0  0  0  1  0  0  0  0 ]  [ 0  0  0  0  1  0  0  0  0  0  0 ]  [ 1  0  0  0  0  0  0  0  0  0  0 ]  [ 0  0  0  0  0  1  0  0  0  0  0 ]  [ 0  0  0  0  1  0  0  0  0  0  0 ]  [ 0  0  0  0  1  0  0  0  0  0  0 ]  [ 0  0  0  0  0  1  0  0  0  0  0 ]  [ 0  0  0  0  0  1  0  0  0  0  0 ]  [ 0  0  0  0  0  0  1  0  0  0  0 ]  [ 0  0  0  0  0  0  1  0  0  0  0 ]  [ 0  0  0  0  0  1  0  0  0  0  0 ]  [ 1  0  0  0  0  0  0  0  0  0  0 ]  [ 0  0  0  0  0  1  0  0  0  0  0 ]  [ 0  0  0  0  0  0  0  0  0  1  0 ]  [ 0  0  0  0  0  0  0  0  0  1  0 ]  [ 1  0  0  0  0  0  0  0  0  0  0 ]  [ 0  0  0  0  0  0  1  0  0  0  0 ]  [ 0  0  0  0  0  0  1  0  0  0  0 ]  [ 0  0  0  0  0  0  1  0  0  0  0 ]  [ 0  0  0  0  1  0  0  0  0  0  0 ]  [ 0  0  0  0  0  0  1  0  0  0  0 ]  [ 0  0  0  0  0  0  1  0  0  0  0 ]  [ 0  0  0  0  1  0  0  0  0  0  0 ]  [ 0  0  0  0  1  0  0  0  0  0  0 ]  [ 0  0  0  0  0  0  0  0  0  1  0 ]  [ 0  0  0  0  0  1  0  0  0  0  0 ]  [ 0  0  0  0  0  0  1  0  0  0  0 ]  [ 0  0  0  0  0  0  0  0  0  1  0 ]  [ 1  0  0  0  0  0  0  0  0  0  0 ]  [ 0  0  0  0  0  1  0  0  0  0  0 ]  [ 0  0  0  0  0  0  0  0  0  1  0 ]  [ 0  0  0  0  0  1  0  0  0  0  0 ]  [ 0  0  0  0  1  0  0  0  0  0  0 ]  [ 1  0  0  0  0  0  0  0  0  0  0 ]  [ 0  0  0  0  1  0  0  0  0  0  0 ]  [ 0  0  0  0  0  1  0  0  0  0  0 ]  [ 0  0  0  0  0  0  0  0  0  1  0 ]  [ 1  0  0  0  0  0  0  0  0  0  0 ]  [ 0  0  0  0  1  0  0  0  0  0  0 ]  [ 0  0  0  0  0  0  1  0  0  0  0 ]  [ 0  0  0  0  0  0  1  0  0  0  0 ]  [ 0  0  0  0  0  0  1  0  0  0  0 ]  [ 0  0  0  0  0  1  0  0  0  0  0 ]  [ 0  0  0  0  0  0  1  0  0  0  0 ]  [ 0  0  0  0  1  0  0  0  0  0  0 ]  [ 0  0  0  0  0  1  0  0  0  0  0 ]  [ 0  0  0  0  0  1  0  0  0  0  0 ]  [ 0  0  0  0  0  0  0  0  0  1  0 ]  [ 0  0  0  0  1  0  0  0  0  0  0 ]  [ 1  0  0  0  0  0  0  0  0  0  0 ]  [ 0  0  0  0  1  0  0  0  0  0  0 ]  [ 0  0  0  0  0  0  1  0  0  0  0 ]  [ 0  0  0  0  0  1  0  0  0  0  0 ]  [ 0  0  0  0  0  0  1  0  0  0  0 ]  [ 1  0  0  0  0  0  0  0  0  0  0 ]  [ 0  0  0  0  0  1  0  0  0  0  0 ]  [ 0  0  0  0  1  0  0  0  0  0  0 ]  [ 0  0  0  0  1  0  0  0  0  0  0 ]  [ 0  0  0  0  1  0  0  0  0  0  0 ]  [ 0  0  0  0  0  0  0  0  0  1  0 ]  [ 1  0  0  0  0  0  0  0  0  0  0 ]  [ 0  0  0  0  0  0  0  0  0  1  0 ]  [ 1  0  0  0  0  0  0  0  0  0  0 ]  [ 0  0  0  0  1  0  0  0  0  0  0 ]  [ 1  0  0  0  0  0  0  0  0  0  0 ]  [ 1  0  0  0  0  0  0  0  0  0  0 ]  [ 1  0  0  0  0  0  0  0  0  0  0 ]  [ 0  0  0  0  0  0  1  0  0  0  0 ]  [ 0  0  0  0  0  1  0  0  0  0  0 ]  [ 0  0  0  0  0  0  1  0  0  0  0 ]  [ 1  0  0  0  0  0  0  0  0  0  0 ]  [ 0  0  0  0  0  1  0  0  0  0  0 ]  [ 0  0  0  0  0  0  1  0  0  0  0 ]  [ 0  0  0  0  0  0  1  0  0  0  0 ]  [ 0  0  0  0  0  0  0  0  0  1  0 ]  [ 0  0  0  0  0  0  0  0  0  1  0 ]  [ 0  0  0  0  0  0  0  0  0  1  0 ]  [ 0  0  0  0  0  0  0  0  0  1  0 ]  [ 0  0  0  0  0  1  0  0  0  0  0 ]  [ 0  0  0  0  0  1  0  0  0  0  0 ]  [ 0  0  0  0  0  0  1  0  0  0  0 ]  [ 0  0  0  0  0  1  0  0  0  0  0 ]  [ 0  0  0  0  0  0  1  0  0  0  0 ]  [ 1  0  0  0  0  0  0  0  0  0  0 ]  [ 0  0  0  0  0  0  0  0  0  1  0 ]  [ 0  0  0  0  0  0  1  0  0  0  0 ]  [ 0  0  0  0  0  0  0  0  0  1  0 ]  [ 0  0  0  0  1  0  0  0  0  0  0 ]  [ 0  0  0  0  0  1  0  0  0  0  0 ]  [ 0  0  0  0  0  0  0  0  0  1  0 ]  [ 0  0  0  0  1  0  0  0  0  0  0 ]  [ 0  0  0  0  0  0  1  0  0  0  0 ]  [ 0  0  0  0  1  0  0  0  0  0  0 ]  [ 0  0  0  0  1  0  0  0  0  0  0 ]  [ 0  0  0  0  0  0  0  0  0  1  0 ]  [ 0  0  0  0  0  0  0  0  0  1  0 ]  [ 1  0  0  0  0  0  0  0  0  0  0 ]  [ 0  0  0  0  1  0  0  0  0  0  0 ]  [ 0  0  0  0  0  1  0  0  0  0  0 ]  [ 0  0  0  0  0  1  0  0  0  0  0 ]  [ 1  0  0  0  0  0  0  0  0  0  0 ]  [ 1  0  0  0  0  0  0  0  0  0  0 ]  [ 0  0  0  0  0  0  1  0  0  0  0 ]  [ 0  0  0  0  0  0  1  0  0  0  0 ]  [ 0  0  0  0  1  0  0  0  0  0  0 ]  [ 0  0  0  0  0  0  1  0  0  0  0 ]  [ 0  0  0  0  0  0  0  0  0  1  0 ]  [ 1  0  0  0  0  0  0  0  0  0  0 ]  [ 0  0  0  0  1  0  0  0  0  0  0 ]  [ 0  0  0  0  0  0  1  0  0  0  0 ]  [ 1  0  0  0  0  0  0  0  0  0  0 ]  [ 0  0  0  0  0  1  0  0  0  0  0 ]  [ 0  0  0  0  0  0  0  0  0  1  0 ]  [ 0  0  0  0  0  0  1  0  0  0  0 ]  [ 1  0  0  0  0  0  0  0  0  0  0 ]  [ 0  0  0  0  0  0  1  0  0  0  0 ]  [ 0  0  0  0  0  0  0  0  0  1  0 ]  [ 1  0  0  0  0  0  0  0  0  0  0 ]  [ 0  0  0  0  0  0  1  0  0  0  0 ]  [ 0  0  0  0  1  0  0  0  0  0  0 ]  [ 0  0  0  0  0  0  1  0  0  0  0 ]  [ 0  0  0  0  1  0  0  0  0  0  0 ]  [ 0  0  0  0  0  0  1  0  0  0  0 ]  [ 0  0  0  0  0  0  0  0  0  1  0 ]  [ 0  0  0  0  1  0  0  0  0  0  0 ]  [ 0  0  0  0  0  0  1  0  0  0  0 ]  [ 0  0  0  0  0  0  1  0  0  0  0 ]  [ 0  0  0  0  0  0  1  0  0  0  0 ]  [ 1  0  0  0  0  0  0  0  0  0  0 ]  [ 0  0  0  0  0  0  0  0  0  1  0 ]  [ 1  0  0  0  0  0  0  0  0  0  0 ]  [ 0  0  0  0  0  0  1  0  0  0  0 ]  [ 0  0  0  0  0  0  0  0  0  1  0 ]  [ 0  0  0  0  0  1  0  0  0  0  0 ]  [ 1  0  0  0  0  0  0  0  0  0  0 ]  [ 1  0  0  0  0  0  0  0  0  0  0 ]  [ 1  0  0  0  0  0  0  0  0  0  0 ]  [ 0  0  0  0  0  0  0  0  0  1  0 ]  [ 0  0  0  0  0  1  0  0  0  0  0 ]  [ 1  0  0  0  0  0  0  0  0  0  0 ]  [ 0  0  0  0  0  0  1  0  0  0  0 ]  [ 1  0  0  0  0  0  0  0  0  0  0 ]  [ 0  0  0  0  0  0  0  0  0  1  0 ]  [ 1  0  0  0  0  0  0  0  0  0  0 ]  [ 0  0  0  0  1  0  0  0  0  0  0 ]  [ 0  0  0  0  0  0  1  0  0  0  0 ]  [ 1  0  0  0  0  0  0  0  0  0  0 ]  [ 0  0  0  0  0  0  0  0  0  1  0 ]  [ 1  0  0  0  0  0  0  0  0  0  0 ]  [ 0  0  0  0  0  0  0  0  0  1  0 ]  [ 0  0  0  0  1  0  0  0  0  0  0 ]  [ 0  0  0  0  0  0  0  0  0  1  0 ]  [ 1  0  0  0  0  0  0  0  0  0  0 ]  [ 1  0  0  0  0  0  0  0  0  0  0 ]  [ 0  0  0  0  0  0  0  0  0  1  0 ]  [ 0  0  0  0  0  0  0  0  0  1  0 ]  [ 0  0  0  0  1  0  0  0  0  0  0 ]  [ 0  0  0  0  0  0  0  0  0  1  0 ]  [ 1  0  0  0  0  0  0  0  0  0  0 ]  [ 0  0  0  0  1  0  0  0  0  0  0 ]  [ 1  0  0  0  0  0  0  0  0  0  0 ]  [ 0  0  0  0  0  0  1  0  0  0  0 ]  [ 0  0  0  0  1  0  0  0  0  0  0 ]  [ 0  0  0  0  0  0  0  0  0  1  0 ]  [ 0  0  0  0  1  0  0  0  0  0  0 ]  [ 1  0  0  0  0  0  0  0  0  0  0 ]  [ 0  0  0  0  0  0  1  0  0  0  0 ]  [ 0  0  0  0  0  1  0  0  0  0  0 ]  [ 0  0  0  0  0  0  1  0  0  0  0 ]  [ 0  0  0  0  0  0  1  0  0  0  0 ]  [ 0  0  0  0  0  1  0  0  0  0  0 ]  [ 0  0  0  0  0  0  0  0  0  1  0 ]  [ 0  0  0  0  1  0  0  0  0  0  0 ]  [ 0  0  0  0  1  0  0  0  0  0  0 ]  [ 0  0  0  0  0  0  1  0  0  0  0 ]  [ 0  0  0  0  0  0  0  0  0  1  0 ]  [ 1  0  0  0  0  0  0  0  0  0  0 ]  [ 1  0  0  0  0  0  0  0  0  0  0 ]  [ 0  0  0  0  0  0  1  0  0  0  0 ]  [ 1  0  0  0  0  0  0  0  0  0  0 ]  [ 0  0  0  0  0  1  0  0  0  0  0 ]  [ 0  0  0  0  0  1  0  0  0  0  0 ]  [ 0  0  0  0  0  0  1  0  0  0  0 ]  [ 0  0  0  0  1  0  0  0  0  0  0 ]  [ 0  0  0  0  1  0  0  0  0  0  0 ]  [ 1  0  0  0  0  0  0  0  0  0  0 ]  [ 0  0  0  0  1  0  0  0  0  0  0 ]  [ 1  0  0  0  0  0  0  0  0  0  0 ]  [ 1  0  0  0  0  0  0  0  0  0  0 ]  [ 0  0  0  0  0  0  1  0  0  0  0 ]  [ 1  0  0  0  0  0  0  0  0  0  0 ]  [ 1  0  0  0  0  0  0  0  0  0  0 ]  [ 0  0  0  0  0  0  0  0  0  1  0 ]  [ 0  0  0  0  1  0  0  0  0  0  0 ]  [ 0  0  0  0  1  0  0  0  0  0  0 ]  [ 0  0  0  0  0  1  0  0  0  0  0 ]  [ 0  0  0  0  0  0  1  0  0  0  0 ]  [ 0  0  0  0  0  1  0  0  0  0  0 ]  [ 0  0  0  0  1  0  0  0  0  0  0 ]  [ 0  0  0  0  0  0  1  0  0  0  0 ]  [ 0  0  0  0  0  0  0  0  0  1  0 ]  [ 0  0  0  0  0  1  0  0  0  0  0 ]  [ 0  0  0  0  0  0  1  0  0  0  0 ]  [ 0  0  0  0  0  1  0  0  0  0  0 ]  [ 0  0  0  0  0  0  1  0  0  0  0 ]  [ 0  0  0  0  0  0  0  0  0  1  0 ]  [ 0  0  0  0  0  1  0  0  0  0  0 ]  [ 1  0  0  0  0  0  0  0  0  0  0 ]  [ 0  0  0  0  0  0  1  0  0  0  0 ]  [ 0  0  0  0  0  0  1  0  0  0  0 ]  [ 0  0  0  0  0  0  0  0  0  1  0 ]  [ 0  0  0  0  1  0  0  0  0  0  0 ]  [ 0  0  0  0  0  0  0  0  0  1  0 ]  [ 0  0  0  0  0  1  0  0  0  0  0 ]  [ 1  0  0  0  0  0  0  0  0  0  0 ]  [ 1  0  0  0  0  0  0  0  0  0  0 ]  [ 1  0  0  0  0  0  0  0  0  0  0 ]  [ 0  0  0  0  0  1  0  0  0  0  0 ]  [ 0  0  0  0  0  0  0  0  0  1  0 ]  [ 0  0  0  0  1  0  0  0  0  0  0 ]  [ 1  0  0  0  0  0  0  0  0  0  0 ]  [ 0  0  0  0  0  1  0  0  0  0  0 ]  [ 0  0  0  0  0  0  1  0  0  0  0 ]  [ 0  0  0  0  0  0  0  0  0  1  0 ]  [ 1  0  0  0  0  0  0  0  0  0  0 ]  [ 1  0  0  0  0  0  0  0  0  0  0 ]  [ 0  0  0  0  0  1  0  0  0  0  0 ]  [ 0  0  0  0  0  1  0  0  0  0  0 ]  [ 0  0  0  0  0  0  1  0  0  0  0 ]  [ 0  0  0  0  0  1  0  0  0  0  0 ]  [ 0  0  0  0  0  1  0  0  0  0  0 ]  [ 0  0  0  0  0  0  0  0  0  1  0 ]  [ 0  0  0  0  1  0  0  0  0  0  0 ]  [ 0  0  0  0  0  0  0  0  0  1  0 ]  [ 0  0  0  0  0  1  0  0  0  0  0 ]  [ 0  0  0  0  0  1  0  0  0  0  0 ]  [ 0  0  0  0  0  1  0  0  0  0  0 ]  [ 0  0  0  0  1  0  0  0  0  0  0 ]  [ 0  0  0  0  0  0  1  0  0  0  0 ]  [ 0  0  0  0  1  0  0  0  0  0  0 ]  [ 0  0  0  0  0  0  1  0  0  0  0 ]  [ 0  0  0  0  0  1  0  0  0  0  0 ]  [ 0  0  0  0  0  0  0  0  0  1  0 ]  [ 0  0  0  0  0  0  0  0  0  1  0 ]  [ 0  0  0  0  0  0  1  0  0  0  0 ]  [ 1  0  0  0  0  0  0  0  0  0  0 ]  [ 0  0  0  0  0  0  0  0  0  1  0 ]  [ 0  0  0  0  0  1  0  0  0  0  0 ]  [ 0  0  0  0  1  0  0  0  0  0  0 ]  [ 0  0  0  0  0  1  0  0  0  0  0 ]  [ 0  0  0  0  1  0  0  0  0  0  0 ]  [ 1  0  0  0  0  0  0  0  0  0  0 ]  [ 0  0  0  0  0  1  0  0  0  0  0 ]  [ 0  0  0  0  0  1  0  0  0  0  0 ]  [ 1  0  0  0  0  0  0  0  0  0  0 ]  [ 0  0  0  0  0  1  0  0  0  0  0 ]  [ 0  0  0  0  0  0  0  0  0  1  0 ]  [ 1  0  0  0  0  0  0  0  0  0  0 ]  [ 0  0  0  0  0  0  1  0  0  0  0 ]  [ 0  0  0  0  0  0  0  0  0  1  0 ]  [ 0  0  0  0  0  1  0  0  0  0  0 ]  [ 0  0  0  0  0  0  0  0  0  1  0 ]  [ 0  0  0  0  0  0  0  0  0  1  0 ]  [ 0  0  0  0  0  0  1  0  0  0  0 ]  [ 1  0  0  0  0  0  0  0  0  0  0 ]  [ 0  0  0  0  0  0  0  0  0  1  0 ]  [ 1  0  0  0  0  0  0  0  0  0  0 ]  [ 1  0  0  0  0  0  0  0  0  0  0 ]  [ 0  0  0  0  0  0  0  0  0  1  0 ]  [ 0  0  0  0  0  0  0  0  0  1  0 ]  [ 1  0  0  0  0  0  0  0  0  0  0 ]  [ 0  0  0  0  0  0  0  0  0  1  0 ]  [ 0  0  0  0  0  1  0  0  0  0  0 ]  [ 1  0  0  0  0  0  0  0  0  0  0 ]  [ 1  0  0  0  0  0  0  0  0  0  0 ]  [ 0  0  0  0  0  1  0  0  0  0  0 ]  [ 0  0  0  0  0  1  0  0  0  0  0 ]  [ 0  0  0  0  1  0  0  0  0  0  0 ]  [ 0  0  0  0  0  0  0  0  0  1  0 ]  [ 0  0  0  0  0  1  0  0  0  0  0 ]  [ 0  0  0  0  0  0  1  0  0  0  0 ]  [ 0  0  0  0  0  0  0  0  0  1  0 ]  [ 0  0  0  0  1  0  0  0  0  0  0 ]  [ 0  0  0  0  0  0  0  0  0  1  0 ]  [ 0  0  0  0  1  0  0  0  0  0  0 ]  [ 0  0  0  0  1  0  0  0  0  0  0 ]  [ 0  0  0  0  0  1  0  0  0  0  0 ]  [ 0  0  0  0  0  1  0  0  0  0  0 ]  [ 0  0  0  0  0  0  0  0  0  1  0 ]  [ 0  0  0  0  0  0  0  0  0  1  0 ]  [ 1  0  0  0  0  0  0  0  0  0  0 ]  [ 0  0  0  0  0  0  1  0  0  0  0 ]  [ 0  0  0  0  0  0  1  0  0  0  0 ]  [ 0  0  0  0  0  1  0  0  0  0  0 ]  [ 0  0  0  0  0  0  0  0  0  1  0 ]  [ 0  0  0  0  0  1  0  0  0  0  0 ]  [ 0  0  0  0  0  1  0  0  0  0  0 ]  [ 1  0  0  0  0  0  0  0  0  0  0 ]  [ 0  0  0  0  1  0  0  0  0  0  0 ]  [ 0  0  0  0  0  1  0  0  0  0  0 ]  [ 0  0  0  0  0  0  0  0  0  1  0 ]  [ 0  0  0  0  1  0  0  0  0  0  0 ]  [ 0  0  0  0  1  0  0  0  0  0  0 ]  [ 0  0  0  0  0  1  0  0  0  0  0 ]  [ 0  0  0  0  0  1  0  0  0  0  0 ]  [ 0  0  0  0  0  0  1  0  0  0  0 ]  [ 0  0  0  0  0  1  0  0  0  0  0 ]  [ 0  0  0  0  0  1  0  0  0  0  0 ]  [ 0  0  0  0  0  1  0  0  0  0  0 ]  [ 0  0  0  0  0  1  0  0  0  0  0 ]  [ 1  0  0  0  0  0  0  0  0  0  0 ]  [ 0  0  0  0  0  1  0  0  0  0  0 ]  [ 0  0  0  0  0  1  0  0  0  0  0 ]  [ 1  0  0  0  0  0  0  0  0  0  0 ]  [ 0  0  0  0  1  0  0  0  0  0  0 ]  [ 0  0  0  0  1  0  0  0  0  0  0 ]  [ 0  0  0  0  0  0  0  0  0  1  0 ]  [ 0  0  0  0  0  0  1  0  0  0  0 ]  [ 1  0  0  0  0  0  0  0  0  0  0 ]  [ 0  0  0  0  1  0  0  0  0  0  0 ]  [ 0  0  0  0  0  0  1  0  0  0  0 ]  [ 0  0  0  0  0  0  0  0  0  1  0 ]  [ 0  0  0  0  0  1  0  0  0  0  0 ]  [ 1  0  0  0  0  0  0  0  0  0  0 ]  [ 1  0  0  0  0  0  0  0  0  0  0 ]  [ 0  0  0  0  0  1  0  0  0  0  0 ]  [ 0  0  0  0  0  0  0  0  0  1  0 ]  [ 0  0  0  0  0  1  0  0  0  0  0 ]  [ 0  0  0  0  0  0  1  0  0  0  0 ]  [ 1  0  0  0  0  0  0  0  0  0  0 ]  [ 0  0  0  0  0  1  0  0  0  0  0 ]  [ 0  0  0  0  0  0  0  0  0  1  0 ]  [ 0  0  0  0  0  0  1  0  0  0  0 ]  [ 0  0  0  0  0  0  1  0  0  0  0 ]  [ 0  0  0  0  0  0  1  0  0  0  0 ]  [ 0  0  0  0  0  0  0  0  0  1  0 ]  [ 0  0  0  0  0  0  0  0  0  1  0 ]  [ 0  0  0  0  0  0  0  0  0  1  0 ]  [ 0  0  0  0  0  0  1  0  0  0  0 ]  [ 0  0  0  0  0  0  1  0  0  0  0 ]  [ 0  0  0  0  0  0  1  0  0  0  0 ]  [ 0  0  0  0  1  0  0  0  0  0  0 ]  [ 0  0  0  0  1  0  0  0  0  0  0 ]  [ 0  0  0  0  0  0  0  0  0  1  0 ]  [ 0  0  0  0  1  0  0  0  0  0  0 ]  [ 0  0  0  0  0  0  0  0  0  1  0 ]  [ 1  0  0  0  0  0  0  0  0  0  0 ]  [ 0  0  0  0  0  0  0  0  0  1  0 ]  [ 0  0  0  0  1  0  0  0  0  0  0 ]  [ 0  0  0  0  0  1  0  0  0  0  0 ]  [ 1  0  0  0  0  0  0  0  0  0  0 ]  [ 0  0  0  0  1  0  0  0  0  0  0 ]  [ 0  0  0  0  1  0  0  0  0  0  0 ]  [ 0  0  0  0  0  1  0  0  0  0  0 ]  [ 0  0  0  0  1  0  0  0  0  0  0 ]  [ 0  0  0  0  1  0  0  0  0  0  0 ]  [ 1  0  0  0  0  0  0  0  0  0  0 ]  [ 0  0  0  0  1  0  0  0  0  0  0 ]  [ 0  0  0  0  0  0  0  0  0  1  0 ]  [ 1  0  0  0  0  0  0  0  0  0  0 ]  [ 0  0  0  0  1  0  0  0  0  0  0 ]  [ 0  0  0  0  0  0  0  0  0  1  0 ]  [ 0  0  0  0  0  1  0  0  0  0  0 ]  [ 0  0  0  0  0  0  1  0  0  0  0 ]  [ 0  0  0  0  0  0  1  0  0  0  0 ]  [ 0  0  0  0  1  0  0  0  0  0  0 ]  [ 0  0  0  0  0  0  1  0  0  0  0 ]  [ 0  0  0  0  1  0  0  0  0  0  0 ]  [ 0  0  0  0  1  0  0  0  0  0  0 ]  [ 0  0  0  0  0  0  0  0  0  1  0 ]  [ 0  0  0  0  0  0  0  0  0  1  0 ]  [ 0  0  0  0  0  0  1  0  0  0  0 ]  [ 1  0  0  0  0  0  0  0  0  0  0 ]  [ 0  0  0  0  0  0  0  0  0  1  0 ]  [ 0  0  0  0  1  0  0  0  0  0  0 ]  [ 0  0  0  0  0  0  1  0  0  0  0 ]  [ 0  0  0  0  1  0  0  0  0  0  0 ]  [ 0  0  0  0  1  0  0  0  0  0  0 ]  [ 0  0  0  0  1  0  0  0  0  0  0 ]  [ 0  0  0  0  0  1  0  0  0  0  0 ]  [ 0  0  0  0  1  0  0  0  0  0  0 ]  [ 0  0  0  0  0  1  0  0  0  0  0 ]  [ 0  0  0  0  0  1  0  0  0  0  0 ]  [ 1  0  0  0  0  0  0  0  0  0  0 ]  [ 0  0  0  0  0  0  0  0  0  1  0 ]  [ 0  0  0  0  0  0  0  0  0  1  0 ]  [ 1  0  0  0  0  0  0  0  0  0  0 ]  [ 0  0  0  0  0  0  1  0  0  0  0 ]  [ 0  0  0  0  0  0  0  0  0  1  0 ]  [ 0  0  0  0  1  0  0  0  0  0  0 ]  [ 0  0  0  0  1  0  0  0  0  0  0 ]  [ 0  0  0  0  0  0  0  0  0  1  0 ]  [ 1  0  0  0  0  0  0  0  0  0  0 ]  [ 0  0  0  0  0  1  0  0  0  0  0 ]  [ 0  0  0  0  0  1  0  0  0  0  0 ]  [ 0  0  0  0  0  1  0  0  0  0  0 ]  [ 0  0  0  0  0  0  1  0  0  0  0 ]  [ 0  0  0  0  0  0  1  0  0  0  0 ]  [ 0  0  0  0  0  1  0  0  0  0  0 ]  [ 1  0  0  0  0  0  0  0  0  0  0 ]  [ 0  0  0  0  0  0  0  0  0  1  0 ]  [ 0  0  0  0  0  0  1  0  0  0  0 ]  [ 0  0  0  0  0  0  1  0  0  0  0 ]  [ 0  0  0  0  0  1  0  0  0  0  0 ]  [ 1  0  0  0  0  0  0  0  0  0  0 ]  [ 0  0  0  0  0  0  0  0  0  1  0 ]  [ 0  0  0  0  0  1  0  0  0  0  0 ]  [ 1  0  0  0  0  0  0  0  0  0  0 ]  [ 1  0  0  0  0  0  0  0  0  0  0 ]  [ 1  0  0  0  0  0  0  0  0  0  0 ]  [ 0  0  0  0  1  0  0  0  0  0  0 ]  [ 0  0  0  0  0  0  1  0  0  0  0 ]  [ 0  0  0  0  0  1  0  0  0  0  0 ]  [ 0  0  0  0  1  0  0  0  0  0  0 ]  [ 0  0  0  0  0  0  1  0  0  0  0 ]  [ 1  0  0  0  0  0  0  0  0  0  0 ]  [ 1  0  0  0  0  0  0  0  0  0  0 ]  [ 1  0  0  0  0  0  0  0  0  0  0 ]  [ 1  0  0  0  0  0  0  0  0  0  0 ]  [ 0  0  0  0  0  0  1  0  0  0  0 ]  [ 0  0  0  0  1  0  0  0  0  0  0 ]  [ 1  0  0  0  0  0  0  0  0  0  0 ]  [ 0  0  0  0  0  0  0  0  0  1  0 ]  [ 0  0  0  0  0  0  0  0  0  1  0 ]  [ 0  0  0  0  0  0  1  0  0  0  0 ]  [ 0  0  0  0  1  0  0  0  0  0  0 ]  [ 0  0  0  0  1  0  0  0  0  0  0 ]  [ 0  0  0  0  1  0  0  0  0  0  0 ]  [ 1  0  0  0  0  0  0  0  0  0  0 ]  [ 0  0  0  0  0  0  1  0  0  0  0 ]  [ 0  0  0  0  1  0  0  0  0  0  0 ]  [ 0  0  0  0  0  0  0  0  0  1  0 ]  [ 0  0  0  0  0  0  0  0  0  1  0 ]  [ 0  0  0  0  0  0  0  0  0  1  0 ]  [ 0  0  0  0  0  0  1  0  0  0  0 ]  [ 0  0  0  0  0  1  0  0  0  0  0 ]  [ 0  0  0  0  0  1  0  0  0  0  0 ]  [ 0  0  0  0  0  0  0  0  0  1  0 ]  [ 1  0  0  0  0  0  0  0  0  0  0 ]  [ 0  0  0  0  0  1  0  0  0  0  0 ]  [ 0  0  0  0  0  0  0  0  0  1  0 ]  [ 0  0  0  0  0  0  1  0  0  0  0 ]  [ 0  0  0  0  0  0  1  0  0  0  0 ]  [ 0  0  0  0  0  0  1  0  0  0  0 ]  [ 1  0  0  0  0  0  0  0  0  0  0 ]  [ 0  0  0  0  0  0  1  0  0  0  0 ]  [ 1  0  0  0  0  0  0  0  0  0  0 ]  [ 0  0  0  0  1  0  0  0  0  0  0 ]  [ 1  0  0  0  0  0  0  0  0  0  0 ]  [ 0  0  0  0  0  1  0  0  0  0  0 ]  [ 0  0  0  0  0  0  0  0  0  1  0 ]  [ 0  0  0  0  0  1  0  0  0  0  0 ]  [ 0  0  0  0  0  1  0  0  0  0  0 ]  [ 0  0  0  0  0  0  1  0  0  0  0 ]  [ 0  0  0  0  0  1  0  0  0  0  0 ]  [ 0  0  0  0  0  0  1  0  0  0  0 ]  [ 0  0  0  0  0  0  0  0  0  1  0 ]  [ 0  0  0  0  0  1  0  0  0  0  0 ]  [ 1  0  0  0  0  0  0  0  0  0  0 ]  [ 1  0  0  0  0  0  0  0  0  0  0 ]  [ 1  0  0  0  0  0  0  0  0  0  0 ]  [ 0  0  0  0  0  0  1  0  0  0  0 ]  [ 0  0  0  0  0  0  1  0  0  0  0 ]  [ 0  0  0  0  0  1  0  0  0  0  0 ]  [ 0  0  0  0  0  0  1  0  0  0  0 ]  [ 0  0  0  0  0  1  0  0  0  0  0 ]  [ 0  0  0  0  1  0  0  0  0  0  0 ]  [ 0  0  0  0  0  0  1  0  0  0  0 ]  [ 0  0  0  0  1  0  0  0  0  0  0 ]  [ 0  0  0  0  0  0  1  0  0  0  0 ]  [ 0  0  0  0  0  0  1  0  0  0  0 ]  [ 0  0  0  0  0  1  0  0  0  0  0 ]  [ 0  0  0  0  1  0  0  0  0  0  0 ]  [ 1  0  0  0  0  0  0  0  0  0  0 ]  [ 0  0  0  0  0  0  0  0  0  1  0 ]  [ 0  0  0  0  0  1  0  0  0  0  0 ]  [ 1  0  0  0  0  0  0  0  0  0  0 ]  [ 1  0  0  0  0  0  0  0  0  0  0 ]  [ 0  0  0  0  0  0  0  0  0  1  0 ]  [ 1  0  0  0  0  0  0  0  0  0  0 ]  [ 0  0  0  0  0  1  0  0  0  0  0 ]  [ 0  0  0  0  0  1  0  0  0  0  0 ]  [ 0  0  0  0  0  0  0  0  0  1  0 ]  [ 0  0  0  0  0  1  0  0  0  0  0 ]  [ 0  0  0  0  1  0  0  0  0  0  0 ]  [ 0  0  0  0  0  0  0  0  0  1  0 ]  [ 0  0  0  0  1  0  0  0  0  0  0 ]  [ 0  0  0  0  0  1  0  0  0  0  0 ]  [ 0  0  0  0  0  1  0  0  0  0  0 ]  [ 0  0  0  0  0  1  0  0  0  0  0 ]  [ 1  0  0  0  0  0  0  0  0  0  0 ]  [ 0  0  0  0  0  1  0  0  0  0  0 ]  [ 0  0  0  0  0  0  1  0  0  0  0 ]  [ 0  0  0  0  0  0  1  0  0  0  0 ]  [ 0  0  0  0  0  0  0  0  0  1  0 ]  [ 0  0  0  0  1  0  0  0  0  0  0 ]  [ 0  0  0  0  0  0  1  0  0  0  0 ]  [ 0  0  0  0  1  0  0  0  0  0  0 ]  [ 0  0  0  0  1  0  0  0  0  0  0 ]  [ 1  0  0  0  0  0  0  0  0  0  0 ]  [ 0  0  0  0  0  1  0  0  0  0  0 ]  [ 0  0  0  0  1  0  0  0  0  0  0 ]  [ 0  0  0  0  0  0  1  0  0  0  0 ]  [ 0  0  0  0  0  0  0  0  0  1  0 ]  [ 1  0  0  0  0  0  0  0  0  0  0 ]  [ 0  0  0  0  0  0  1  0  0  0  0 ]  [ 0  0  0  0  0  0  0  0  0  1  0 ]  [ 0  0  0  0  0  0  0  0  0  1  0 ]  [ 0  0  0  0  1  0  0  0  0  0  0 ]  [ 0  0  0  0  0  1  0  0  0  0  0 ]  [ 0  0  0  0  0  0  0  0  0  1  0 ]  [ 0  0  0  0  0  0  0  0  0  1  0 ]  [ 0  0  0  0  0  1  0  0  0  0  0 ]  [ 1  0  0  0  0  0  0  0  0  0  0 ]  [ 0  0  0  0  0  0  0  0  0  1  0 ]  [ 0  0  0  0  0  0  1  0  0  0  0 ]  [ 1  0  0  0  0  0  0  0  0  0  0 ]  [ 0  0  0  0  0  0  1  0  0  0  0 ]  [ 0  0  0  0  0  1  0  0  0  0  0 ]  [ 0  0  0  0  0  1  0  0  0  0  0 ]  [ 0  0  0  0  1  0  0  0  0  0  0 ]  [ 1  0  0  0  0  0  0  0  0  0  0 ]  [ 0  0  0  0  1  0  0  0  0  0  0 ]  [ 1  0  0  0  0  0  0  0  0  0  0 ]  [ 0  0  0  0  0  1  0  0  0  0  0 ]  [ 0  0  0  0  0  0  1  0  0  0  0 ]  [ 0  0  0  0  0  0  0  0  0  1  0 ]  [ 0  0  0  0  0  1  0  0  0  0  0 ]  [ 0  0  0  0  0  0  1  0  0  0  0 ]  [ 0  0  0  0  0  1  0  0  0  0  0 ]  [ 0  0  0  0  0  1  0  0  0  0  0 ]  [ 0  0  0  0  0  1  0  0  0  0  0 ]  [ 0  0  0  0  0  0  1  0  0  0  0 ]  [ 0  0  0  0  0  0  0  0  0  1  0 ]  [ 0  0  0  0  1  0  0  0  0  0  0 ]  [ 0  0  0  0  0  0  0  0  0  1  0 ]  [ 1  0  0  0  0  0  0  0  0  0  0 ]  [ 0  0  0  0  1  0  0  0  0  0  0 ]  [ 1  0  0  0  0  0  0  0  0  0  0 ]  [ 0  0  0  0  0  0  1  0  0  0  0 ]  [ 0  0  0  0  0  0  1  0  0  0  0 ]  [ 0  0  0  0  1  0  0  0  0  0  0 ]  [ 0  0  0  0  0  0  1  0  0  0  0 ]  [ 0  0  0  0  0  0  1  0  0  0  0 ]  [ 1  0  0  0  0  0  0  0  0  0  0 ]  [ 0  0  0  0  0  0  1  0  0  0  0 ]  [ 1  0  0  0  0  0  0  0  0  0  0 ]  [ 1  0  0  0  0  0  0  0  0  0  0 ]  [ 0  0  0  0  0  1  0  0  0  0  0 ]  [ 0  0  0  0  1  0  0  0  0  0  0 ]  [ 0  0  0  0  0  0  1  0  0  0  0 ]  [ 0  0  0  0  1  0  0  0  0  0  0 ]  [ 0  0  0  0  1  0  0  0  0  0  0 ]  [ 0  0  0  0  0  1  0  0  0  0  0 ]  [ 0  0  0  0  0  0  1  0  0  0  0 ]  [ 1  0  0  0  0  0  0  0  0  0  0 ]  [ 1  0  0  0  0  0  0  0  0  0  0 ]  [ 0  0  0  0  0  0  0  0  0  1  0 ]  [ 0  0  0  0  1  0  0  0  0  0  0 ]  [ 0  0  0  0  0  0  1  0  0  0  0 ]  [ 0  0  0  0  1  0  0  0  0  0  0 ]  [ 1  0  0  0  0  0  0  0  0  0  0 ]  [ 0  0  0  0  0  0  1  0  0  0  0 ]  [ 0  0  0  0  1  0  0  0  0  0  0 ]  [ 0  0  0  0  0  1  0  0  0  0  0 ]  [ 1  0  0  0  0  0  0  0  0  0  0 ]  [ 0  0  0  0  0  0  1  0  0  0  0 ]  [ 0  0  0  0  0  0  0  0  0  1  0 ]  [ 0  0  0  0  0  1  0  0  0  0  0 ]  [ 0  0  0  0  0  1  0  0  0  0  0 ]  [ 0  0  0  0  0  0  0  0  0  1  0 ]  [ 1  0  0  0  0  0  0  0  0  0  0 ]  [ 0  0  0  0  1  0  0  0  0  0  0 ]  [ 1  0  0  0  0  0  0  0  0  0  0 ]  [ 0  0  0  0  0  1  0  0  0  0  0 ]  [ 0  0  0  0  0  0  0  0  0  1  0 ]  [ 1  0  0  0  0  0  0  0  0  0  0 ]  [ 0  0  0  0  0  0  0  0  0  1  0 ]  [ 0  0  0  0  0  0  0  0  0  1  0 ]  [ 0  0  0  0  0  0  1  0  0  0  0 ]  [ 0  0  0  0  0  0  0  0  0  1  0 ]  [ 0  0  0  0  1  0  0  0  0  0  0 ]  [ 0  0  0  0  0  1  0  0  0  0  0 ]  [ 0  0  0  0  0  0  0  0  0  1  0 ]  [ 0  0  0  0  1  0  0  0  0  0  0 ]  [ 1  0  0  0  0  0  0  0  0  0  0 ]  [ 0  0  0  0  0  0  0  0  0  1  0 ]  [ 1  0  0  0  0  0  0  0  0  0  0 ]  [ 0  0  0  0  0  0  0  0  0  1  0 ]  [ 0  0  0  0  1  0  0  0  0  0  0 ]  [ 0  0  0  0  0  0  1  0  0  0  0 ]  [ 1  0  0  0  0  0  0  0  0  0  0 ]  [ 0  0  0  0  0  0  1  0  0  0  0 ]  [ 0  0  0  0  0  0  1  0  0  0  0 ]  [ 1  0  0  0  0  0  0  0  0  0  0 ]  [ 0  0  0  0  1  0  0  0  0  0  0 ]  [ 0  0  0  0  1  0  0  0  0  0  0 ]  [ 0  0  0  0  0  0  1  0  0  0  0 ]  [ 0  0  0  0  0  0  0  0  0  1  0 ]  [ 0  0  0  0  0  0  0  0  0  1  0 ]  [ 1  0  0  0  0  0  0  0  0  0  0 ]  [ 0  0  0  0  0  1  0  0  0  0  0 ]  [ 0  0  0  0  0  0  0  0  0  1  0 ]  [ 0  0  0  0  1  0  0  0  0  0  0 ]  [ 0  0  0  0  0  1  0  0  0  0  0 ]  [ 1  0  0  0  0  0  0  0  0  0  0 ]  [ 0  0  0  0  0  0  0  0  0  1  0 ]  [ 0  0  0  0  0  0  1  0  0  0  0 ]  [ 0  0  0  0  0  0  0  0  0  1  0 ]  [ 0  0  0  0  1  0  0  0  0  0  0 ]  [ 0  0  0  0  0  0  1  0  0  0  0 ]  [ 0  0  0  0  1  0  0  0  0  0  0 ]  [ 0  0  0  0  0  1  0  0  0  0  0 ]  [ 0  0  0  0  1  0  0  0  0  0  0 ]  [ 0  0  0  0  1  0  0  0  0  0  0 ]  [ 0  0  0  0  0  0  1  0  0  0  0 ]  [ 0  0  0  0  0  0  1  0  0  0  0 ]  [ 0  0  0  0  0  1  0  0  0  0  0 ]  [ 1  0  0  0  0  0  0  0  0  0  0 ]  [ 0  0  0  0  1  0  0  0  0  0  0 ]  [ 0  0  0  0  0  0  1  0  0  0  0 ]  [ 0  0  0  0  0  0  1  0  0  0  0 ]  [ 0  0  0  0  0  0  1  0  0  0  0 ]  [ 0  0  0  0  0  0  0  0  0  1  0 ]  [ 0  0  0  0  1  0  0  0  0  0  0 ]  [ 0  0  0  0  0  0  1  0  0  0  0 ]  [ 0  0  0  0  0  0  1  0  0  0  0 ]  [ 0  0  0  0  0  1  0  0  0  0  0 ]  [ 0  0  0  0  0  0  0  0  0  1  0 ]  [ 0  0  0  0  0  0  1  0  0  0  0 ]  [ 0  0  0  0  0  0  1  0  0  0  0 ]  [ 0  0  0  0  0  0  1  0  0  0  0 ]  [ 0  0  0  0  0  0  1  0  0  0  0 ]  [ 0  0  0  0  0  0  0  0  0  1  0 ]  [ 1  0  0  0  0  0  0  0  0  0  0 ]  [ 1  0  0  0  0  0  0  0  0  0  0 ]  [ 0  0  0  0  1  0  0  0  0  0  0 ]  [ 0  0  0  0  0  0  1  0  0  0  0 ]  [ 0  0  0  0  1  0  0  0  0  0  0 ]  [ 0  0  0  0  0  1  0  0  0  0  0 ]  [ 0  0  0  0  1  0  0  0  0  0  0 ]  [ 1  0  0  0  0  0  0  0  0  0  0 ]  [ 0  0  0  0  0  0  0  0  0  1  0 ]  [ 1  0  0  0  0  0  0  0  0  0  0 ]  [ 0  0  0  0  0  0  1  0  0  0  0 ]  [ 0  0  0  0  0  1  0  0  0  0  0 ]  [ 0  0  0  0  0  0  1  0  0  0  0 ]  [ 0  0  0  0  0  0  1  0  0  0  0 ]  [ 0  0  0  0  0  0  1  0  0  0  0 ]  [ 0  0  0  0  0  1  0  0  0  0  0 ]  [ 0  0  0  0  0  1  0  0  0  0  0 ]  [ 1  0  0  0  0  0  0  0  0  0  0 ]  [ 0  0  0  0  0  0  0  0  0  1  0 ]  [ 0  0  0  0  0  0  0  0  0  1  0 ]  [ 1  0  0  0  0  0  0  0  0  0  0 ]  [ 0  0  0  0  1  0  0  0  0  0  0 ]  [ 0  0  0  0  0  1  0  0  0  0  0 ]  [ 0  0  0  0  0  0  0  0  0  1  0 ]  [ 0  0  0  0  0  0  0  0  0  1  0 ]  [ 0  0  0  0  0  0  1  0  0  0  0 ]  [ 0  0  0  0  0  0  1  0  0  0  0 ]  [ 1  0  0  0  0  0  0  0  0  0  0 ]  [ 0  0  0  0  0  1  0  0  0  0  0 ]  [ 1  0  0  0  0  0  0  0  0  0  0 ]  [ 0  0  0  0  0  1  0  0  0  0  0 ]  [ 0  0  0  0  0  0  0  0  0  1  0 ]  [ 0  0  0  0  0  0  1  0  0  0  0 ]  [ 1  0  0  0  0  0  0  0  0  0  0 ]  [ 0  0  0  0  0  0  1  0  0  0  0 ]  [ 0  0  0  0  0  0  1  0  0  0  0 ]  [ 0  0  0  0  0  0  1  0  0  0  0 ]  [ 0  0  0  0  0  0  0  0  0  1  0 ]  [ 1  0  0  0  0  0  0  0  0  0  0 ]  [ 0  0  0  0  0  0  1  0  0  0  0 ]  [ 0  0  0  0  0  0  1  0  0  0  0 ]  [ 0  0  0  0  0  0  0  0  0  1  0 ]  [ 1  0  0  0  0  0  0  0  0  0  0 ]  [ 1  0  0  0  0  0  0  0  0  0  0 ]  [ 0  0  0  0  0  0  0  0  0  1  0 ]  [ 0  0  0  0  1  0  0  0  0  0  0 ]  [ 0  0  0  0  0  0  1  0  0  0  0 ]  [ 1  0  0  0  0  0  0  0  0  0  0 ]  [ 0  0  0  0  0  0  1  0  0  0  0 ]  [ 0  0  0  0  0  0  0  0  0  1  0 ]  [ 0  0  0  0  0  0  0  0  0  1  0 ]  [ 0  0  0  0  0  1  0  0  0  0  0 ]  [ 1  0  0  0  0  0  0  0  0  0  0 ]  [ 1  0  0  0  0  0  0  0  0  0  0 ]  [ 1  0  0  0  0  0  0  0  0  0  0 ]  [ 0  0  0  0  0  1  0  0  0  0  0 ]  [ 1  0  0  0  0  0  0  0  0  0  0 ]  [ 0  0  0  0  0  1  0  0  0  0  0 ]  [ 0  0  0  0  1  0  0  0  0  0  0 ]  [ 1  0  0  0  0  0  0  0  0  0  0 ]  [ 1  0  0  0  0  0  0  0  0  0  0 ]  [ 0  0  0  0  0  0  1  0  0  0  0 ]  [ 0  0  0  0  0  0  1  0  0  0  0 ]  [ 0  0  0  0  0  0  0  0  0  1  0 ]  [ 0  0  0  0  0  0  0  0  0  1  0 ]  [ 0  0  0  0  0  0  1  0  0  0  0 ]  [ 0  0  0  0  0  0  0  0  0  1  0 ]  [ 0  0  0  0  0  0  1  0  0  0  0 ]  [ 0  0  0  0  0  0  1  0  0  0  0 ]  [ 1  0  0  0  0  0  0  0  0  0  0 ]  [ 1  0  0  0  0  0  0  0  0  0  0 ]  [ 0  0  0  0  0  0  0  0  0  1  0 ]  [ 1  0  0  0  0  0  0  0  0  0  0 ]  [ 1  0  0  0  0  0  0  0  0  0  0 ]  [ 0  0  0  0  0  0  1  0  0  0  0 ]  [ 0  0  0  0  1  0  0  0  0  0  0 ]  [ 0  0  0  0  0  0  1  0  0  0  0 ]  [ 0  0  0  0  1  0  0  0  0  0  0 ]  [ 0  0  0  0  0  0  0  0  0  1  0 ]  [ 0  0  0  0  0  1  0  0  0  0  0 ]  [ 1  0  0  0  0  0  0  0  0  0  0 ]  [ 1  0  0  0  0  0  0  0  0  0  0 ]  [ 0  0  0  0  1  0  0  0  0  0  0 ]  [ 0  0  0  0  0  0  0  0  0  1  0 ]  [ 0  0  0  0  0  1  0  0  0  0  0 ]  [ 0  0  0  0  1  0  0  0  0  0  0 ]  [ 0  0  0  0  0  0  1  0  0  0  0 ]  [ 0  0  0  0  0  0  1  0  0  0  0 ]  [ 0  0  0  0  0  0  0  0  0  1  0 ]  [ 0  0  0  0  0  0  1  0  0  0  0 ]  [ 0  0  0  0  1  0  0  0  0  0  0 ]  [ 0  0  0  0  1  0  0  0  0  0  0 ]  [ 0  0  0  0  1  0  0  0  0  0  0 ]  [ 0  0  0  0  0  0  1  0  0  0  0 ]  [ 1  0  0  0  0  0  0  0  0  0  0 ]  [ 0  0  0  0  1  0  0  0  0  0  0 ]  [ 0  0  0  0  0  1  0  0  0  0  0 ]  [ 0  0  0  0  0  0  1  0  0  0  0 ]  [ 0  0  0  0  0  0  0  0  0  1  0 ]  [ 0  0  0  0  0  0  0  0  0  1  0 ]  [ 0  0  0  0  0  0  0  0  0  1  0 ]  [ 1  0  0  0  0  0  0  0  0  0  0 ]  [ 0  0  0  0  0  0  1  0  0  0  0 ]  [ 0  0  0  0  0  1  0  0  0  0  0 ]  [ 1  0  0  0  0  0  0  0  0  0  0 ]  [ 0  0  0  0  1  0  0  0  0  0  0 ]  [ 0  0  0  0  0  1  0  0  0  0  0 ]  [ 0  0  0  0  0  0  0  0  0  1  0 ]  [ 0  0  0  0  0  0  1  0  0  0  0 ]  [ 1  0  0  0  0  0  0  0  0  0  0 ]  [ 0  0  0  0  0  0  1  0  0  0  0 ]  [ 0  0  0  0  0  1  0  0  0  0  0 ]  [ 0  0  0  0  0  0  1  0  0  0  0 ]  [ 0  0  0  0  0  0  1  0  0  0  0 ]  [ 0  0  0  0  0  1  0  0  0  0  0 ]  [ 0  0  0  0  0  0  0  0  0  1  0 ]  [ 0  0  0  0  0  0  0  0  0  1  0 ]  [ 0  0  0  0  1  0  0  0  0  0  0 ]  [ 0  0  0  0  0  1  0  0  0  0  0 ]  [ 0  0  0  0  0  0  0  0  0  1  0 ]  [ 1  0  0  0  0  0  0  0  0  0  0 ]  [ 0  0  0  0  0  1  0  0  0  0  0 ]  [ 0  0  0  0  0  0  1  0  0  0  0 ]  [ 0  0  0  0  0  1  0  0  0  0  0 ]  [ 0  0  0  0  0  0  0  0  0  1  0 ]  [ 0  0  0  0  0  0  1  0  0  0  0 ]  [ 0  0  0  0  0  0  1  0  0  0  0 ]  [ 0  0  0  0  1  0  0  0  0  0  0 ]  [ 0  0  0  0  0  0  1  0  0  0  0 ]  [ 0  0  0  0  0  0  1  0  0  0  0 ]  [ 0  0  0  0  0  1  0  0  0  0  0 ]  [ 0  0  0  0  1  0  0  0  0  0  0 ]  [ 0  0  0  0  1  0  0  0  0  0  0 ]  [ 1  0  0  0  0  0  0  0  0  0  0 ]  [ 0  0  0  0  0  0  0  0  0  1  0 ]  [ 0  0  0  0  0  0  0  0  0  1  0 ]  [ 1  0  0  0  0  0  0  0  0  0  0 ]  [ 1  0  0  0  0  0  0  0  0  0  0 ]  [ 0  0  0  0  1  0  0  0  0  0  0 ]  [ 0  0  0  0  0  1  0  0  0  0  0 ]  [ 1  0  0  0  0  0  0  0  0  0  0 ]  [ 0  0  0  0  1  0  0  0  0  0  0 ]  [ 0  0  0  0  1  0  0  0  0  0  0 ]  [ 1  0  0  0  0  0  0  0  0  0  0 ]  [ 0  0  0  0  1  0  0  0  0  0  0 ]  [ 0  0  0  0  1  0  0  0  0  0  0 ]  [ 0  0  0  0  0  1  0  0  0  0  0 ]  [ 0  0  0  0  0  0  0  0  0  1  0 ]  [ 0  0  0  0  1  0  0  0  0  0  0 ]  [ 0  0  0  0  0  0  0  0  0  1  0 ]  [ 0  0  0  0  0  1  0  0  0  0  0 ]  [ 0  0  0  0  0  0  1  0  0  0  0 ]  [ 0  0  0  0  0  0  1  0  0  0  0 ]  [ 0  0  0  0  1  0  0  0  0  0  0 ]  [ 0  0  0  0  0  0  0  0  0  1  0 ]  [ 0  0  0  0  1  0  0  0  0  0  0 ]  [ 0  0  0  0  0  0  0  0  0  1  0 ]  [ 0  0  0  0  0  0  0  0  0  1  0 ]  [ 0  0  0  0  0  0  1  0  0  0  0 ]  [ 0  0  0  0  0  0  0  0  0  1  0 ]  [ 0  0  0  0  1  0  0  0  0  0  0 ]  [ 0  0  0  0  1  0  0  0  0  0  0 ]  [ 0  0  0  0  0  0  1  0  0  0  0 ]  [ 0  0  0  0  1  0  0  0  0  0  0 ]  [ 0  0  0  0  0  0  0  0  0  1  0 ]  [ 0  0  0  0  0  0  1  0  0  0  0 ]  [ 1  0  0  0  0  0  0  0  0  0  0 ]  [ 0  0  0  0  0  1  0  0  0  0  0 ]  [ 0  0  0  0  1  0  0  0  0  0  0 ]  [ 0  0  0  0  0  0  0  0  0  1  0 ]  [ 0  0  0  0  0  1  0  0  0  0  0 ]  [ 0  0  0  0  0  0  1  0  0  0  0 ]  [ 0  0  0  0  1  0  0  0  0  0  0 ]  [ 0  0  0  0  0  0  1  0  0  0  0 ]  [ 0  0  0  0  0  0  1  0  0  0  0 ]  [ 0  0  0  0  1  0  0  0  0  0  0 ]  [ 0  0  0  0  1  0  0  0  0  0  0 ]  [ 0  0  0  0  0  1  0  0  0  0  0 ]  [ 1  0  0  0  0  0  0  0  0  0  0 ]  [ 0  0  0  0  1  0  0  0  0  0  0 ]  [ 0  0  0  0  0  1  0  0  0  0  0 ]  [ 1  0  0  0  0  0  0  0  0  0  0 ]  [ 1  0  0  0  0  0  0  0  0  0  0 ]  [ 0  0  0  0  0  0  0  0  0  1  0 ]  [ 1  0  0  0  0  0  0  0  0  0  0 ]  [ 0  0  0  0  0  0  0  0  0  1  0 ]  [ 0  0  0  0  1  0  0  0  0  0  0 ]  [ 0  0  0  0  0  0  0  0  0  1  0 ]  [ 0  0  0  0  1  0  0  0  0  0  0 ]  [ 0  0  0  0  1  0  0  0  0  0  0 ]  [ 0  0  0  0  1  0  0  0  0  0  0 ]  [ 1  0  0  0  0  0  0  0  0  0  0 ]  [ 0  0  0  0  0  0  1  0  0  0  0 ]  [ 0  0  0  0  0  0  0  0  0  1  0 ] ];

ObjRequests = {  <1,5,228>, <2,5,37>, <3,5,39>, <4,5,286>, <5,5,21>, <6,5,63>, <7,5,94>, <8,5,27>, <9,5,29>, <10,5,49>, <11,5,22>, <12,5,64>, <13,5,21>, <15,5,24>, <16,5,87>, <17,5,30>, <18,5,21>, <19,5,6>, <20,5,46>, <22,5,20>, <23,5,41>, <24,5,38>, <25,5,4>, <26,5,2>, <27,5,59>, <28,5,6>, <29,5,41>, <30,5,42>, <31,5,27>, <32,5,2>, <33,5,15>, <34,5,21>, <35,5,15>, <36,5,7>, <37,5,14>, <38,5,16>, <39,5,8>, <40,5,36>, <41,5,8>, <42,5,10>, <43,5,4>, <44,5,2>, <45,5,1>, <46,5,10>, <47,5,10>, <48,5,34>, <49,5,1>, <50,5,2>, <51,5,10>, <52,5,15>, <54,5,26>, <55,5,2>, <56,5,9>, <57,5,1>, <58,5,2>, <59,5,3>, <60,5,16>, <61,5,16>, <62,5,6>, <64,5,9>, <65,5,5>, <66,5,9>, <67,5,13>, <68,5,11>, <69,5,10>, <70,5,17>, <71,5,4>, <72,5,9>, <73,5,4>, <74,5,8>, <75,5,6>, <77,5,11>, <78,5,3>, <79,5,4>, <80,5,7>, <81,5,6>, <82,5,3>, <83,5,1>, <84,5,9>, <86,5,2>, <87,5,6>, <88,5,11>, <89,5,1>, <90,5,4>, <91,5,3>, <92,5,11>, <93,5,9>, <94,5,1>, <95,5,1>, <96,5,1>, <97,5,6>, <98,5,13>, <99,5,5>, <100,5,2>, <101,5,3>, <102,5,6>, <103,5,2>, <104,5,2>, <105,5,3>, <106,5,1>, <107,5,2>, <108,5,3>, <109,5,2>, <110,5,2>, <111,5,4>, <112,5,8>, <115,5,2>, <116,5,12>, <117,5,4>, <118,5,3>, <119,5,7>, <120,5,4>, <121,5,6>, <122,5,3>, <123,5,6>, <124,5,1>, <125,5,1>, <126,5,7>, <127,5,1>, <128,5,2>, <129,5,9>, <130,5,1>, <131,5,3>, <132,5,2>, <133,5,1>, <134,5,10>, <135,5,5>, <136,5,3>, <137,5,1>, <138,5,4>, <139,5,1>, <140,5,4>, <141,5,2>, <142,5,5>, <143,5,14>, <144,5,2>, <147,5,11>, <148,5,4>, <149,5,3>, <151,5,7>, <152,5,4>, <153,5,5>, <154,5,2>, <155,5,2>, <156,5,2>, <157,5,2>, <158,5,5>, <159,5,1>, <160,5,2>, <161,5,5>, <163,5,1>, <164,5,6>, <165,5,5>, <166,5,8>, <168,5,5>, <169,5,2>, <170,5,5>, <171,5,4>, <172,5,3>, <173,5,7>, <174,5,4>, <176,5,6>, <177,5,3>, <178,5,1>, <179,5,7>, <181,5,1>, <183,5,1>, <184,5,2>, <185,5,6>, <187,5,1>, <188,5,2>, <189,5,3>, <190,5,4>, <192,5,1>, <193,5,2>, <194,5,1>, <195,5,1>, <196,5,2>, <197,5,1>, <198,5,1>, <199,5,4>, <201,5,1>, <202,5,2>, <203,5,2>, <205,5,1>, <206,5,3>, <207,5,4>, <208,5,1>, <209,5,4>, <210,5,3>, <211,5,1>, <212,5,1>, <213,5,3>, <214,5,1>, <215,5,5>, <217,5,4>, <218,5,6>, <220,5,4>, <222,5,1>, <223,5,1>, <224,5,1>, <225,5,1>, <226,5,5>, <227,5,5>, <228,5,3>, <229,5,2>, <230,5,1>, <231,5,3>, <232,5,4>, <233,5,3>, <236,5,2>, <238,5,2>, <239,5,2>, <240,5,1>, <241,5,3>, <242,5,1>, <244,5,3>, <247,5,3>, <248,5,2>, <249,5,1>, <250,5,1>, <252,5,4>, <253,5,1>, <254,5,5>, <255,5,1>, <256,5,3>, <257,5,1>, <258,5,4>, <259,5,1>, <260,5,2>, <261,5,3>, <262,5,1>, <263,5,6>, <264,5,2>, <265,5,3>, <267,5,3>, <268,5,3>, <269,5,4>, <270,5,1>, <271,5,3>, <274,5,1>, <275,5,1>, <276,5,4>, <277,5,2>, <279,5,4>, <281,5,3>, <282,5,1>, <283,5,1>, <284,5,2>, <285,5,2>, <286,5,3>, <287,5,1>, <288,5,3>, <289,5,2>, <290,5,1>, <291,5,1>, <293,5,1>, <294,5,5>, <296,5,2>, <300,5,1>, <302,5,1>, <303,5,5>, <304,5,1>, <305,5,3>, <306,5,1>, <307,5,2>, <308,5,5>, <310,5,3>, <312,5,3>, <314,5,3>, <315,5,2>, <316,5,7>, <317,5,1>, <318,5,1>, <323,5,1>, <324,5,1>, <325,5,2>, <326,5,2>, <328,5,2>, <329,5,3>, <331,5,1>, <332,5,2>, <334,5,1>, <335,5,2>, <336,5,3>, <337,5,1>, <339,5,2>, <340,5,2>, <343,5,2>, <344,5,1>, <345,5,3>, <349,5,1>, <350,5,3>, <351,5,1>, <352,5,3>, <353,5,2>, <355,5,3>, <356,5,2>, <357,5,3>, <358,5,1>, <363,5,2>, <364,5,1>, <365,5,2>, <366,5,1>, <370,5,1>, <371,5,1>, <372,5,1>, <373,5,1>, <374,5,1>, <375,5,5>, <376,5,1>, <377,5,3>, <380,5,1>, <381,5,1>, <382,5,1>, <385,5,1>, <387,5,1>, <388,5,2>, <389,5,1>, <390,5,1>, <393,5,1>, <395,5,1>, <396,5,1>, <397,5,4>, <399,5,1>, <401,5,3>, <402,5,1>, <403,5,1>, <406,5,1>, <407,5,3>, <408,5,1>, <411,5,1>, <412,5,1>, <413,5,3>, <414,5,1>, <415,5,5>, <417,5,1>, <419,5,2>, <421,5,2>, <422,5,5>, <426,5,1>, <427,5,1>, <428,5,1>, <429,5,4>, <430,5,1>, <431,5,1>, <432,5,2>, <434,5,1>, <436,5,2>, <437,5,1>, <438,5,1>, <442,5,1>, <443,5,1>, <446,5,1>, <448,5,1>, <450,5,1>, <451,5,2>, <454,5,1>, <455,5,1>, <458,5,3>, <459,5,2>, <460,5,1>, <461,5,1>, <465,5,1>, <468,5,1>, <469,5,1>, <471,5,1>, <475,5,1>, <476,5,1>, <479,5,2>, <480,5,1>, <482,5,3>, <485,5,1>, <486,5,2>, <488,5,2>, <489,5,3>, <491,5,2>, <493,5,4>, <495,5,1>, <496,5,1>, <497,5,1>, <498,5,1>, <502,5,1>, <503,5,1>, <504,5,2>, <505,5,1>, <506,5,1>, <507,5,3>, <509,5,1>, <511,5,1>, <512,5,6>, <513,5,3>, <515,5,3>, <516,5,2>, <517,5,1>, <522,5,1>, <523,5,1>, <524,5,1>, <525,5,2>, <526,5,1>, <527,5,2>, <529,5,3>, <530,5,1>, <531,5,1>, <532,5,1>, <533,5,1>, <534,5,1>, <535,5,1>, <536,5,1>, <540,5,1>, <541,5,2>, <545,5,2>, <547,5,2>, <548,5,1>, <553,5,1>, <554,5,1>, <555,5,2>, <557,5,1>, <558,5,3>, <561,5,1>, <565,5,1>, <566,5,1>, <568,5,1>, <569,5,1>, <571,5,1>, <573,5,1>, <577,5,1>, <579,5,1>, <580,5,1>, <581,5,1>, <582,5,2>, <583,5,1>, <584,5,2>, <587,5,1>, <588,5,1>, <591,5,1>, <592,5,1>, <593,5,1>, <600,5,2>, <602,5,2>, <603,5,1>, <605,5,1>, <606,5,1>, <610,5,1>, <614,5,1>, <617,5,1>, <618,5,1>, <619,5,1>, <623,5,1>, <632,5,1>, <634,5,2>, <635,5,1>, <641,5,1>, <643,5,1>, <644,5,1>, <645,5,7>, <648,5,1>, <649,5,1>, <650,5,2>, <659,5,1>, <661,5,1>, <664,5,1>, <666,5,2>, <674,5,1>, <677,5,1>, <679,5,2>, <680,5,1>, <681,5,1>, <685,5,1>, <691,5,2>, <698,5,3>, <699,5,1>, <700,5,1>, <708,5,1>, <710,5,1>, <713,5,1>, <715,5,1>, <716,5,1>, <717,5,1>, <718,5,1>, <720,5,1>, <721,5,1>, <725,5,3>, <726,5,2>, <728,5,1>, <729,5,1>, <733,5,1>, <735,5,2>, <738,5,1>, <740,5,1>, <743,5,4>, <744,5,1>, <746,5,1>, <748,5,1>, <749,5,1>, <753,5,1>, <754,5,1>, <755,5,1>, <760,5,1>, <762,5,1>, <764,5,1>, <766,5,1>, <768,5,1>, <769,5,1>, <770,5,1>, <774,5,1>, <775,5,1>, <778,5,2>, <779,5,1>, <784,5,1>, <786,5,2>, <787,5,1>, <788,5,2>, <790,5,1>, <791,5,1>, <793,5,1>, <795,5,1>, <803,5,1>, <804,5,1>, <806,5,1>, <808,5,1>, <810,5,1>, <811,5,1>, <814,5,1>, <816,5,1>, <817,5,1>, <820,5,2>, <824,5,1>, <826,5,1>, <827,5,1>, <830,5,1>, <833,5,1>, <835,5,4>, <838,5,2>, <839,5,1>, <840,5,1>, <843,5,1>, <844,5,1>, <845,5,1>, <847,5,1>, <850,5,1>, <855,5,1>, <857,5,1>, <858,5,1>, <859,5,1>, <860,5,2>, <861,5,2>, <863,5,1>, <868,5,1>, <870,5,1>, <876,5,1>, <878,5,1>, <880,5,1>, <882,5,1>, <883,5,1>, <884,5,2>, <892,5,1>, <898,5,1>, <900,5,1>, <905,5,1>, <914,5,1>, <920,5,1>, <924,5,1>, <928,5,1>, <930,5,2>, <931,5,1>, <932,5,1>, <933,5,2>, <934,5,1>, <938,5,1>, <939,5,1>, <942,5,1>, <943,5,1>, <949,5,1>, <950,5,1>, <954,5,1>, <956,5,1>, <957,5,1>, <963,5,1>, <964,5,1>, <965,5,1>, <975,5,1>, <978,5,1>, <985,5,2>, <988,5,1>, <989,5,1>, <990,5,1>, <994,5,1>, <996,5,1>, <1,6,47>, <2,6,352>, <3,6,264>, <4,6,170>, <5,6,143>, <6,6,51>, <7,6,94>, <8,6,30>, <9,6,8>, <10,6,13>, <11,6,17>, <12,6,23>, <13,6,5>, <14,6,91>, <15,6,20>, <16,6,25>, <17,6,19>, <18,6,30>, <19,6,9>, <20,6,15>, <21,6,25>, <22,6,13>, <23,6,44>, <24,6,20>, <25,6,9>, <26,6,1>, <27,6,18>, <28,6,3>, <29,6,1>, <30,6,15>, <31,6,8>, <32,6,9>, <34,6,1>, <35,6,7>, <36,6,4>, <38,6,15>, <39,6,38>, <40,6,6>, <41,6,11>, <42,6,18>, <43,6,2>, <44,6,14>, <45,6,7>, <46,6,16>, <47,6,8>, <48,6,9>, <49,6,15>, <50,6,17>, <51,6,6>, <52,6,2>, <53,6,14>, <54,6,10>, <55,6,10>, <56,6,4>, <57,6,9>, <58,6,1>, <59,6,43>, <60,6,1>, <61,6,5>, <62,6,9>, <63,6,4>, <64,6,5>, <65,6,10>, <66,6,1>, <68,6,1>, <69,6,4>, <70,6,5>, <71,6,12>, <72,6,7>, <74,6,5>, <76,6,1>, <77,6,6>, <78,6,1>, <79,6,10>, <80,6,11>, <81,6,5>, <82,6,2>, <83,6,4>, <84,6,4>, <85,6,7>, <86,6,4>, <87,6,3>, <89,6,14>, <90,6,2>, <91,6,1>, <93,6,3>, <94,6,5>, <95,6,12>, <96,6,5>, <98,6,5>, <99,6,2>, <100,6,1>, <101,6,5>, <102,6,1>, <103,6,7>, <104,6,8>, <105,6,1>, <106,6,4>, <107,6,12>, <108,6,1>, <111,6,7>, <112,6,2>, <113,6,10>, <114,6,7>, <117,6,5>, <118,6,2>, <119,6,4>, <120,6,3>, <121,6,3>, <122,6,4>, <123,6,3>, <124,6,3>, <125,6,4>, <126,6,3>, <127,6,5>, <128,6,6>, <129,6,2>, <130,6,4>, <131,6,4>, <132,6,1>, <133,6,8>, <134,6,1>, <135,6,1>, <136,6,5>, <137,6,1>, <138,6,2>, <139,6,4>, <140,6,2>, <142,6,3>, <143,6,1>, <144,6,8>, <145,6,5>, <146,6,1>, <147,6,1>, <148,6,3>, <149,6,2>, <150,6,1>, <151,6,1>, <152,6,3>, <153,6,5>, <154,6,5>, <155,6,1>, <157,6,7>, <158,6,3>, <159,6,7>, <161,6,1>, <162,6,1>, <163,6,2>, <164,6,1>, <165,6,4>, <166,6,1>, <167,6,5>, <169,6,2>, <171,6,2>, <172,6,9>, <173,6,2>, <174,6,1>, <175,6,2>, <176,6,4>, <177,6,1>, <178,6,1>, <179,6,1>, <180,6,1>, <181,6,3>, <183,6,1>, <184,6,1>, <185,6,5>, <186,6,4>, <187,6,3>, <188,6,2>, <189,6,10>, <190,6,2>, <191,6,8>, <192,6,1>, <194,6,4>, <195,6,2>, <196,6,2>, <197,6,7>, <198,6,3>, <199,6,1>, <200,6,1>, <201,6,1>, <202,6,4>, <203,6,4>, <204,6,1>, <205,6,1>, <206,6,4>, <207,6,2>, <208,6,1>, <209,6,1>, <210,6,1>, <212,6,1>, <213,6,2>, <214,6,1>, <215,6,1>, <216,6,2>, <217,6,2>, <218,6,1>, <220,6,1>, <221,6,9>, <223,6,4>, <224,6,2>, <225,6,1>, <228,6,4>, <229,6,1>, <230,6,1>, <231,6,1>, <232,6,5>, <233,6,1>, <234,6,3>, <235,6,1>, <236,6,2>, <237,6,2>, <239,6,3>, <240,6,1>, <241,6,1>, <242,6,3>, <243,6,3>, <244,6,2>, <246,6,3>, <247,6,3>, <248,6,3>, <250,6,5>, <251,6,1>, <253,6,2>, <255,6,1>, <256,6,3>, <258,6,2>, <260,6,4>, <262,6,1>, <263,6,1>, <265,6,2>, <266,6,2>, <267,6,2>, <268,6,6>, <269,6,3>, <270,6,2>, <272,6,1>, <273,6,2>, <274,6,1>, <275,6,3>, <276,6,2>, <277,6,2>, <278,6,1>, <279,6,3>, <280,6,4>, <281,6,1>, <283,6,2>, <284,6,2>, <288,6,6>, <289,6,1>, <290,6,4>, <291,6,1>, <293,6,1>, <294,6,1>, <295,6,1>, <298,6,2>, <300,6,1>, <301,6,3>, <302,6,2>, <304,6,2>, <305,6,2>, <306,6,2>, <307,6,1>, <308,6,2>, <309,6,1>, <310,6,2>, <311,6,2>, <312,6,1>, <314,6,1>, <315,6,3>, <318,6,2>, <319,6,1>, <321,6,4>, <322,6,4>, <323,6,2>, <325,6,1>, <326,6,1>, <328,6,1>, <329,6,1>, <330,6,1>, <331,6,1>, <332,6,1>, <335,6,6>, <336,6,1>, <337,6,1>, <340,6,1>, <341,6,1>, <344,6,4>, <345,6,2>, <346,6,1>, <347,6,1>, <348,6,1>, <349,6,4>, <350,6,1>, <354,6,1>, <356,6,1>, <357,6,3>, <358,6,3>, <360,6,1>, <362,6,1>, <363,6,1>, <364,6,1>, <365,6,2>, <366,6,1>, <368,6,1>, <369,6,1>, <371,6,2>, <372,6,1>, <375,6,1>, <376,6,4>, <378,6,3>, <380,6,1>, <381,6,4>, <382,6,2>, <383,6,2>, <384,6,4>, <385,6,1>, <387,6,2>, <390,6,1>, <391,6,1>, <392,6,5>, <393,6,1>, <395,6,2>, <398,6,1>, <399,6,1>, <400,6,2>, <403,6,1>, <405,6,1>, <406,6,1>, <411,6,1>, <412,6,1>, <414,6,2>, <415,6,2>, <417,6,4>, <420,6,1>, <421,6,1>, <423,6,1>, <424,6,1>, <425,6,2>, <426,6,2>, <427,6,1>, <431,6,4>, <432,6,2>, <433,6,2>, <435,6,2>, <436,6,1>, <437,6,1>, <438,6,1>, <440,6,1>, <441,6,1>, <443,6,2>, <444,6,2>, <445,6,3>, <446,6,1>, <447,6,1>, <448,6,1>, <449,6,1>, <450,6,1>, <452,6,5>, <455,6,1>, <456,6,1>, <457,6,1>, <460,6,1>, <463,6,1>, <464,6,1>, <465,6,5>, <466,6,1>, <470,6,1>, <472,6,3>, <473,6,1>, <479,6,1>, <480,6,1>, <481,6,1>, <483,6,4>, <485,6,2>, <486,6,2>, <487,6,1>, <490,6,1>, <491,6,1>, <493,6,2>, <494,6,1>, <495,6,1>, <497,6,1>, <499,6,1>, <501,6,1>, <502,6,3>, <507,6,3>, <508,6,1>, <509,6,2>, <510,6,2>, <511,6,2>, <512,6,3>, <518,6,2>, <519,6,1>, <523,6,1>, <526,6,2>, <527,6,3>, <531,6,2>, <533,6,1>, <538,6,1>, <540,6,2>, <542,6,1>, <544,6,1>, <546,6,1>, <550,6,1>, <551,6,2>, <552,6,1>, <553,6,2>, <554,6,1>, <555,6,2>, <556,6,2>, <559,6,1>, <560,6,1>, <561,6,1>, <564,6,1>, <566,6,2>, <568,6,1>, <570,6,1>, <571,6,3>, <572,6,1>, <574,6,1>, <575,6,1>, <576,6,2>, <577,6,1>, <578,6,2>, <581,6,2>, <582,6,1>, <583,6,4>, <589,6,1>, <590,6,1>, <591,6,1>, <592,6,2>, <600,6,1>, <602,6,1>, <603,6,2>, <604,6,1>, <605,6,1>, <608,6,3>, <609,6,1>, <611,6,1>, <612,6,2>, <616,6,1>, <623,6,1>, <625,6,1>, <626,6,1>, <641,6,1>, <643,6,1>, <650,6,1>, <652,6,2>, <654,6,2>, <658,6,1>, <659,6,2>, <660,6,1>, <661,6,1>, <663,6,3>, <664,6,1>, <669,6,1>, <672,6,1>, <675,6,1>, <680,6,2>, <684,6,1>, <685,6,1>, <686,6,1>, <687,6,1>, <692,6,1>, <695,6,2>, <696,6,2>, <697,6,1>, <698,6,1>, <699,6,1>, <700,6,3>, <701,6,1>, <704,6,3>, <706,6,1>, <709,6,1>, <710,6,2>, <716,6,1>, <717,6,1>, <720,6,1>, <724,6,1>, <725,6,3>, <727,6,1>, <734,6,1>, <735,6,1>, <736,6,1>, <737,6,1>, <742,6,1>, <743,6,1>, <745,6,1>, <746,6,1>, <749,6,1>, <754,6,1>, <756,6,1>, <758,6,1>, <759,6,3>, <760,6,1>, <761,6,1>, <762,6,3>, <763,6,1>, <764,6,1>, <765,6,1>, <770,6,1>, <776,6,1>, <778,6,1>, <787,6,2>, <789,6,1>, <790,6,1>, <794,6,3>, <795,6,1>, <797,6,1>, <802,6,1>, <803,6,2>, <804,6,3>, <809,6,1>, <810,6,1>, <811,6,1>, <814,6,1>, <816,6,1>, <817,6,1>, <818,6,1>, <822,6,3>, <824,6,1>, <826,6,1>, <829,6,1>, <830,6,1>, <834,6,1>, <836,6,1>, <841,6,1>, <843,6,1>, <850,6,2>, <855,6,2>, <862,6,1>, <863,6,2>, <864,6,1>, <866,6,1>, <875,6,1>, <877,6,1>, <878,6,1>, <879,6,1>, <884,6,3>, <886,6,1>, <887,6,2>, <894,6,1>, <902,6,1>, <905,6,1>, <907,6,1>, <913,6,1>, <914,6,1>, <919,6,2>, <920,6,1>, <928,6,1>, <930,6,1>, <932,6,1>, <933,6,1>, <934,6,1>, <935,6,1>, <938,6,1>, <939,6,1>, <943,6,1>, <951,6,1>, <952,6,2>, <956,6,2>, <958,6,1>, <959,6,1>, <960,6,2>, <961,6,1>, <965,6,1>, <966,6,1>, <971,6,1>, <976,6,1>, <979,6,1>, <981,6,1>, <983,6,1>, <985,6,1>, <988,6,1>, <989,6,1>, <992,6,1>, <994,6,1>, <996,6,1>, <998,6,1>, <1000,6,1>, <1,7,127>, <2,7,47>, <3,7,143>, <4,7,43>, <5,7,138>, <6,7,127>, <7,7,31>, <8,7,38>, <9,7,120>, <10,7,98>, <11,7,26>, <12,7,47>, <13,7,4>, <14,7,13>, <15,7,35>, <16,7,10>, <17,7,19>, <18,7,12>, <19,7,70>, <20,7,6>, <21,7,2>, <22,7,2>, <23,7,2>, <24,7,15>, <25,7,3>, <26,7,31>, <27,7,4>, <28,7,22>, <29,7,10>, <30,7,4>, <31,7,29>, <33,7,8>, <34,7,7>, <35,7,2>, <36,7,21>, <37,7,12>, <38,7,1>, <39,7,4>, <40,7,8>, <41,7,23>, <42,7,17>, <43,7,18>, <44,7,12>, <45,7,12>, <46,7,7>, <47,7,4>, <48,7,2>, <49,7,27>, <50,7,6>, <51,7,13>, <52,7,7>, <53,7,13>, <54,7,10>, <55,7,4>, <56,7,7>, <57,7,5>, <58,7,3>, <59,7,1>, <60,7,13>, <61,7,9>, <62,7,10>, <63,7,27>, <64,7,9>, <65,7,12>, <66,7,3>, <67,7,7>, <68,7,1>, <69,7,12>, <70,7,14>, <71,7,7>, <72,7,8>, <73,7,4>, <74,7,4>, <75,7,9>, <76,7,3>, <77,7,9>, <78,7,11>, <79,7,18>, <80,7,1>, <81,7,14>, <82,7,7>, <83,7,11>, <85,7,8>, <86,7,4>, <87,7,6>, <88,7,9>, <90,7,6>, <91,7,10>, <92,7,3>, <93,7,3>, <95,7,1>, <97,7,1>, <99,7,5>, <100,7,6>, <101,7,2>, <102,7,3>, <103,7,2>, <104,7,1>, <105,7,3>, <108,7,8>, <109,7,12>, <110,7,9>, <111,7,3>, <112,7,4>, <113,7,3>, <114,7,12>, <115,7,2>, <116,7,3>, <117,7,4>, <118,7,6>, <119,7,9>, <120,7,3>, <121,7,1>, <122,7,4>, <123,7,6>, <124,7,1>, <125,7,3>, <126,7,4>, <127,7,5>, <128,7,1>, <129,7,4>, <130,7,6>, <131,7,1>, <132,7,10>, <134,7,1>, <135,7,5>, <136,7,2>, <137,7,2>, <138,7,3>, <139,7,6>, <140,7,1>, <141,7,1>, <142,7,1>, <143,7,1>, <144,7,2>, <146,7,4>, <147,7,5>, <148,7,4>, <149,7,1>, <150,7,13>, <151,7,5>, <153,7,5>, <154,7,1>, <155,7,5>, <156,7,1>, <157,7,4>, <158,7,5>, <159,7,1>, <161,7,7>, <162,7,2>, <163,7,2>, <164,7,5>, <165,7,6>, <166,7,2>, <167,7,5>, <168,7,4>, <169,7,2>, <170,7,2>, <171,7,2>, <172,7,1>, <174,7,1>, <175,7,1>, <176,7,5>, <177,7,1>, <178,7,1>, <179,7,6>, <180,7,1>, <181,7,1>, <183,7,3>, <184,7,7>, <185,7,1>, <186,7,1>, <187,7,3>, <188,7,2>, <190,7,2>, <191,7,2>, <192,7,2>, <195,7,2>, <197,7,1>, <200,7,5>, <201,7,6>, <202,7,3>, <203,7,7>, <204,7,7>, <205,7,1>, <206,7,8>, <207,7,3>, <209,7,4>, <210,7,6>, <211,7,2>, <212,7,5>, <213,7,5>, <215,7,1>, <216,7,2>, <218,7,1>, <221,7,1>, <222,7,1>, <223,7,2>, <224,7,3>, <225,7,1>, <226,7,2>, <227,7,1>, <228,7,2>, <229,7,5>, <230,7,2>, <231,7,3>, <232,7,1>, <235,7,5>, <237,7,4>, <238,7,1>, <239,7,4>, <241,7,1>, <242,7,2>, <243,7,1>, <244,7,2>, <245,7,4>, <246,7,7>, <247,7,2>, <248,7,1>, <249,7,1>, <250,7,2>, <252,7,2>, <253,7,4>, <255,7,1>, <256,7,1>, <257,7,1>, <259,7,1>, <260,7,4>, <264,7,1>, <265,7,1>, <266,7,1>, <268,7,2>, <269,7,3>, <272,7,1>, <274,7,1>, <275,7,2>, <277,7,1>, <278,7,1>, <279,7,3>, <280,7,2>, <281,7,6>, <282,7,1>, <283,7,4>, <284,7,1>, <285,7,3>, <286,7,1>, <287,7,1>, <288,7,1>, <291,7,2>, <292,7,1>, <293,7,1>, <294,7,1>, <295,7,1>, <296,7,2>, <297,7,1>, <298,7,3>, <299,7,3>, <300,7,3>, <302,7,1>, <303,7,1>, <304,7,1>, <309,7,1>, <312,7,1>, <313,7,1>, <316,7,2>, <317,7,3>, <318,7,2>, <319,7,1>, <321,7,1>, <322,7,1>, <323,7,1>, <324,7,4>, <325,7,1>, <326,7,1>, <328,7,1>, <329,7,1>, <331,7,3>, <333,7,1>, <334,7,1>, <335,7,2>, <336,7,1>, <337,7,2>, <338,7,2>, <339,7,1>, <340,7,3>, <341,7,4>, <342,7,2>, <347,7,2>, <348,7,2>, <349,7,1>, <351,7,1>, <352,7,1>, <353,7,1>, <354,7,3>, <355,7,1>, <357,7,2>, <361,7,1>, <362,7,4>, <363,7,3>, <364,7,1>, <366,7,1>, <368,7,1>, <369,7,1>, <370,7,3>, <372,7,1>, <376,7,2>, <377,7,1>, <379,7,3>, <380,7,2>, <381,7,1>, <382,7,3>, <383,7,2>, <385,7,1>, <386,7,3>, <387,7,2>, <388,7,1>, <389,7,1>, <391,7,1>, <392,7,1>, <393,7,3>, <395,7,2>, <396,7,1>, <397,7,2>, <398,7,3>, <399,7,1>, <400,7,1>, <402,7,2>, <403,7,2>, <404,7,1>, <405,7,1>, <406,7,3>, <409,7,1>, <410,7,1>, <411,7,1>, <412,7,1>, <413,7,1>, <418,7,1>, <419,7,3>, <420,7,1>, <421,7,1>, <422,7,2>, <423,7,1>, <424,7,1>, <427,7,3>, <430,7,1>, <431,7,1>, <432,7,1>, <434,7,5>, <435,7,4>, <437,7,1>, <439,7,1>, <440,7,1>, <441,7,1>, <443,7,2>, <445,7,1>, <446,7,1>, <447,7,2>, <449,7,1>, <450,7,2>, <451,7,3>, <455,7,1>, <457,7,4>, <459,7,1>, <460,7,1>, <461,7,1>, <462,7,2>, <463,7,1>, <465,7,2>, <466,7,2>, <468,7,1>, <469,7,2>, <470,7,1>, <472,7,1>, <475,7,1>, <476,7,1>, <477,7,1>, <479,7,1>, <480,7,2>, <481,7,4>, <482,7,1>, <483,7,2>, <484,7,2>, <485,7,2>, <488,7,2>, <490,7,1>, <491,7,1>, <493,7,1>, <494,7,1>, <495,7,2>, <497,7,1>, <499,7,2>, <501,7,1>, <502,7,1>, <503,7,1>, <505,7,1>, <506,7,1>, <507,7,1>, <508,7,1>, <510,7,1>, <511,7,1>, <512,7,1>, <514,7,1>, <517,7,1>, <519,7,1>, <520,7,1>, <521,7,4>, <523,7,1>, <524,7,2>, <525,7,1>, <528,7,1>, <529,7,1>, <533,7,2>, <535,7,1>, <536,7,1>, <537,7,1>, <538,7,1>, <541,7,1>, <543,7,1>, <550,7,1>, <551,7,1>, <553,7,1>, <554,7,1>, <555,7,1>, <556,7,3>, <557,7,1>, <558,7,1>, <561,7,4>, <563,7,1>, <564,7,3>, <566,7,4>, <569,7,1>, <571,7,1>, <572,7,1>, <575,7,1>, <576,7,1>, <577,7,1>, <578,7,1>, <579,7,2>, <580,7,1>, <584,7,1>, <586,7,1>, <588,7,3>, <589,7,1>, <590,7,1>, <592,7,1>, <595,7,1>, <598,7,1>, <599,7,1>, <600,7,1>, <602,7,1>, <605,7,1>, <607,7,1>, <609,7,1>, <610,7,1>, <612,7,1>, <613,7,1>, <614,7,1>, <615,7,3>, <616,7,1>, <617,7,2>, <621,7,1>, <623,7,1>, <626,7,1>, <628,7,1>, <629,7,1>, <631,7,1>, <637,7,1>, <638,7,1>, <646,7,1>, <647,7,1>, <648,7,1>, <649,7,1>, <651,7,2>, <654,7,2>, <658,7,1>, <661,7,1>, <665,7,1>, <669,7,1>, <670,7,1>, <671,7,1>, <672,7,1>, <674,7,1>, <676,7,1>, <679,7,1>, <682,7,1>, <683,7,1>, <685,7,1>, <686,7,1>, <689,7,2>, <690,7,1>, <691,7,6>, <692,7,1>, <695,7,1>, <696,7,2>, <697,7,1>, <698,7,3>, <699,7,1>, <700,7,1>, <708,7,1>, <712,7,1>, <716,7,1>, <719,7,1>, <723,7,1>, <724,7,2>, <725,7,1>, <726,7,1>, <727,7,1>, <732,7,2>, <735,7,2>, <738,7,1>, <740,7,1>, <742,7,1>, <746,7,1>, <748,7,1>, <749,7,1>, <756,7,5>, <758,7,2>, <760,7,2>, <762,7,1>, <763,7,1>, <764,7,1>, <766,7,2>, <767,7,1>, <769,7,2>, <773,7,1>, <775,7,1>, <776,7,2>, <783,7,1>, <785,7,1>, <786,7,1>, <787,7,1>, <790,7,1>, <793,7,1>, <794,7,1>, <799,7,1>, <803,7,1>, <804,7,1>, <805,7,1>, <807,7,1>, <808,7,1>, <809,7,2>, <810,7,1>, <817,7,1>, <822,7,1>, <824,7,1>, <826,7,1>, <827,7,1>, <828,7,1>, <830,7,2>, <832,7,1>, <835,7,1>, <839,7,1>, <841,7,1>, <847,7,1>, <851,7,1>, <852,7,1>, <858,7,1>, <863,7,1>, <864,7,1>, <866,7,3>, <869,7,3>, <870,7,1>, <873,7,1>, <877,7,1>, <878,7,1>, <882,7,1>, <883,7,2>, <885,7,1>, <887,7,1>, <899,7,1>, <902,7,1>, <903,7,1>, <911,7,2>, <914,7,3>, <922,7,1>, <931,7,1>, <939,7,1>, <940,7,1>, <942,7,1>, <943,7,1>, <947,7,1>, <951,7,1>, <956,7,1>, <957,7,1>, <960,7,1>, <963,7,1>, <966,7,1>, <968,7,1>, <976,7,1>, <977,7,1>, <979,7,1>, <981,7,1>, <982,7,1>, <984,7,1>, <991,7,1>, <992,7,2>, <998,7,1>, <999,7,1>, <1,1,622>, <2,1,438>, <3,1,163>, <4,1,30>, <5,1,127>, <6,1,48>, <7,1,71>, <8,1,148>, <9,1,10>, <10,1,12>, <11,1,81>, <12,1,53>, <13,1,51>, <14,1,13>, <15,1,8>, <16,1,8>, <17,1,11>, <18,1,6>, <19,1,55>, <20,1,10>, <21,1,46>, <22,1,42>, <23,1,15>, <24,1,5>, <25,1,23>, <26,1,11>, <27,1,10>, <28,1,4>, <29,1,31>, <30,1,1>, <31,1,9>, <32,1,45>, <33,1,26>, <34,1,24>, <35,1,21>, <36,1,26>, <37,1,19>, <38,1,14>, <39,1,4>, <40,1,4>, <41,1,6>, <42,1,4>, <43,1,10>, <44,1,15>, <45,1,16>, <46,1,4>, <47,1,7>, <48,1,10>, <50,1,18>, <51,1,3>, <52,1,3>, <53,1,1>, <54,1,1>, <55,1,3>, <56,1,12>, <57,1,15>, <58,1,20>, <59,1,1>, <60,1,6>, <61,1,9>, <62,1,6>, <63,1,8>, <64,1,7>, <65,1,3>, <66,1,4>, <67,1,13>, <68,1,8>, <69,1,3>, <70,1,1>, <71,1,2>, <72,1,8>, <73,1,4>, <74,1,6>, <75,1,13>, <76,1,14>, <77,1,2>, <78,1,8>, <80,1,1>, <81,1,10>, <82,1,9>, <83,1,4>, <84,1,2>, <85,1,4>, <86,1,1>, <87,1,5>, <88,1,4>, <89,1,6>, <90,1,3>, <91,1,1>, <93,1,5>, <94,1,2>, <95,1,5>, <96,1,16>, <97,1,7>, <98,1,3>, <99,1,9>, <100,1,9>, <101,1,3>, <103,1,2>, <104,1,2>, <105,1,6>, <106,1,11>, <107,1,5>, <108,1,3>, <109,1,5>, <110,1,12>, <111,1,6>, <112,1,1>, <113,1,1>, <114,1,6>, <115,1,8>, <116,1,2>, <117,1,2>, <118,1,3>, <119,1,1>, <120,1,5>, <121,1,1>, <122,1,1>, <123,1,6>, <124,1,1>, <125,1,6>, <126,1,5>, <127,1,1>, <128,1,5>, <129,1,2>, <130,1,2>, <131,1,2>, <132,1,1>, <133,1,5>, <134,1,3>, <136,1,2>, <137,1,1>, <138,1,1>, <139,1,4>, <140,1,1>, <141,1,6>, <142,1,1>, <144,1,1>, <146,1,1>, <147,1,1>, <148,1,1>, <149,1,2>, <150,1,1>, <151,1,1>, <152,1,3>, <153,1,3>, <154,1,3>, <155,1,3>, <156,1,2>, <157,1,1>, <158,1,1>, <159,1,6>, <160,1,5>, <161,1,5>, <163,1,2>, <164,1,3>, <165,1,2>, <168,1,2>, <169,1,2>, <170,1,2>, <171,1,1>, <172,1,2>, <173,1,4>, <175,1,3>, <176,1,2>, <177,1,2>, <178,1,1>, <180,1,1>, <181,1,2>, <182,1,15>, <184,1,4>, <185,1,1>, <186,1,6>, <187,1,3>, <188,1,4>, <189,1,1>, <191,1,1>, <192,1,2>, <193,1,4>, <194,1,1>, <195,1,1>, <196,1,3>, <197,1,2>, <198,1,4>, <199,1,6>, <200,1,3>, <201,1,1>, <202,1,4>, <203,1,2>, <204,1,2>, <205,1,4>, <206,1,1>, <207,1,5>, <209,1,1>, <210,1,2>, <211,1,1>, <212,1,1>, <215,1,3>, <216,1,3>, <217,1,1>, <218,1,1>, <219,1,3>, <221,1,2>, <222,1,5>, <223,1,8>, <225,1,1>, <226,1,5>, <227,1,5>, <229,1,1>, <231,1,1>, <232,1,2>, <233,1,2>, <234,1,4>, <235,1,4>, <236,1,4>, <237,1,1>, <238,1,3>, <241,1,3>, <243,1,3>, <244,1,1>, <245,1,1>, <246,1,2>, <247,1,4>, <248,1,2>, <249,1,2>, <250,1,1>, <251,1,4>, <253,1,3>, <255,1,1>, <256,1,2>, <257,1,2>, <258,1,3>, <259,1,1>, <260,1,1>, <261,1,1>, <264,1,1>, <265,1,2>, <266,1,3>, <267,1,3>, <269,1,1>, <270,1,2>, <271,1,1>, <272,1,2>, <275,1,1>, <277,1,1>, <278,1,3>, <280,1,1>, <284,1,2>, <285,1,1>, <286,1,1>, <288,1,1>, <289,1,8>, <290,1,4>, <291,1,5>, <292,1,2>, <293,1,2>, <294,1,1>, <295,1,2>, <296,1,1>, <297,1,5>, <299,1,2>, <300,1,1>, <301,1,4>, <302,1,1>, <306,1,2>, <308,1,7>, <309,1,1>, <310,1,1>, <311,1,2>, <312,1,2>, <313,1,1>, <314,1,1>, <315,1,1>, <316,1,2>, <317,1,1>, <318,1,1>, <319,1,3>, <320,1,1>, <321,1,1>, <322,1,1>, <323,1,2>, <324,1,1>, <325,1,1>, <326,1,4>, <327,1,1>, <328,1,1>, <329,1,6>, <330,1,4>, <331,1,1>, <332,1,1>, <334,1,1>, <337,1,1>, <339,1,1>, <340,1,1>, <343,1,1>, <344,1,2>, <346,1,1>, <347,1,3>, <348,1,1>, <349,1,1>, <350,1,3>, <351,1,2>, <352,1,1>, <353,1,1>, <354,1,1>, <356,1,3>, <358,1,2>, <360,1,1>, <361,1,2>, <362,1,1>, <363,1,1>, <364,1,3>, <365,1,2>, <366,1,1>, <368,1,1>, <371,1,1>, <372,1,2>, <376,1,1>, <377,1,1>, <378,1,1>, <379,1,4>, <380,1,1>, <383,1,1>, <386,1,3>, <388,1,2>, <390,1,1>, <391,1,3>, <392,1,1>, <393,1,3>, <394,1,2>, <396,1,1>, <398,1,1>, <399,1,4>, <400,1,2>, <401,1,1>, <404,1,2>, <409,1,4>, <410,1,1>, <411,1,1>, <412,1,2>, <413,1,2>, <414,1,3>, <415,1,3>, <416,1,1>, <417,1,2>, <418,1,2>, <420,1,2>, <421,1,1>, <422,1,1>, <423,1,2>, <424,1,1>, <425,1,1>, <427,1,2>, <428,1,1>, <429,1,2>, <430,1,1>, <436,1,1>, <439,1,1>, <440,1,2>, <443,1,1>, <444,1,3>, <445,1,1>, <447,1,1>, <449,1,1>, <453,1,1>, <454,1,3>, <455,1,5>, <456,1,1>, <457,1,1>, <458,1,2>, <459,1,3>, <460,1,1>, <461,1,3>, <462,1,1>, <463,1,2>, <466,1,6>, <467,1,1>, <470,1,1>, <471,1,1>, <473,1,2>, <475,1,1>, <477,1,2>, <478,1,2>, <480,1,1>, <484,1,1>, <486,1,2>, <488,1,2>, <489,1,1>, <490,1,1>, <491,1,1>, <494,1,1>, <495,1,1>, <496,1,1>, <497,1,1>, <501,1,1>, <503,1,1>, <505,1,3>, <506,1,1>, <508,1,2>, <511,1,2>, <513,1,1>, <515,1,1>, <517,1,3>, <518,1,1>, <519,1,1>, <520,1,2>, <521,1,2>, <523,1,2>, <526,1,1>, <527,1,2>, <530,1,2>, <531,1,1>, <533,1,1>, <535,1,1>, <536,1,1>, <537,1,1>, <538,1,3>, <540,1,1>, <541,1,2>, <542,1,1>, <544,1,5>, <545,1,1>, <547,1,1>, <548,1,1>, <549,1,1>, <550,1,1>, <553,1,2>, <556,1,1>, <557,1,1>, <558,1,1>, <559,1,1>, <562,1,1>, <565,1,2>, <567,1,1>, <568,1,3>, <569,1,1>, <570,1,3>, <572,1,2>, <575,1,1>, <576,1,1>, <577,1,1>, <578,1,1>, <582,1,2>, <583,1,1>, <586,1,1>, <587,1,1>, <588,1,1>, <590,1,1>, <591,1,3>, <593,1,1>, <595,1,1>, <597,1,1>, <599,1,1>, <603,1,3>, <604,1,1>, <612,1,1>, <613,1,1>, <615,1,1>, <616,1,2>, <617,1,1>, <618,1,2>, <621,1,1>, <625,1,1>, <626,1,2>, <630,1,2>, <631,1,1>, <632,1,1>, <633,1,1>, <635,1,2>, <636,1,1>, <637,1,1>, <638,1,1>, <643,1,1>, <647,1,2>, <648,1,2>, <650,1,1>, <651,1,1>, <655,1,1>, <659,1,2>, <660,1,1>, <664,1,2>, <669,1,1>, <672,1,1>, <675,1,1>, <677,1,1>, <679,1,1>, <680,1,2>, <681,1,1>, <684,1,1>, <685,1,1>, <686,1,1>, <687,1,2>, <688,1,1>, <689,1,1>, <691,1,1>, <698,1,1>, <700,1,2>, <703,1,1>, <704,1,1>, <709,1,1>, <710,1,1>, <712,1,1>, <716,1,1>, <720,1,2>, <721,1,1>, <724,1,2>, <725,1,1>, <726,1,2>, <737,1,1>, <741,1,1>, <747,1,1>, <752,1,1>, <754,1,2>, <756,1,3>, <763,1,1>, <764,1,1>, <765,1,1>, <768,1,3>, <776,1,1>, <780,1,3>, <782,1,1>, <785,1,1>, <786,1,1>, <787,1,2>, <788,1,1>, <791,1,1>, <792,1,2>, <795,1,1>, <799,1,1>, <803,1,1>, <806,1,1>, <807,1,2>, <816,1,2>, <817,1,1>, <822,1,1>, <826,1,1>, <829,1,3>, <830,1,1>, <832,1,1>, <836,1,1>, <839,1,2>, <840,1,1>, <841,1,1>, <843,1,1>, <845,1,1>, <847,1,1>, <850,1,1>, <855,1,1>, <858,1,1>, <862,1,1>, <875,1,1>, <878,1,1>, <882,1,1>, <885,1,1>, <886,1,1>, <887,1,1>, <893,1,1>, <894,1,2>, <895,1,1>, <899,1,1>, <900,1,1>, <903,1,1>, <906,1,2>, <909,1,1>, <911,1,2>, <914,1,1>, <919,1,1>, <920,1,1>, <931,1,2>, <935,1,1>, <938,1,2>, <940,1,1>, <941,1,1>, <942,1,2>, <944,1,1>, <947,1,1>, <949,1,1>, <950,1,1>, <951,1,1>, <954,1,1>, <958,1,2>, <960,1,1>, <963,1,1>, <964,1,1>, <968,1,1>, <971,1,1>, <973,1,1>, <975,1,1>, <976,1,1>, <977,1,3>, <984,1,1>, <988,1,1>, <990,1,1>, <991,1,1>, <994,1,2>, <995,1,1>, <997,1,1>, <998,1,1>, <1000,1,1>, <1,10,1169>, <2,10,182>, <3,10,147>, <4,10,38>, <5,10,14>, <6,10,78>, <7,10,30>, <8,10,13>, <9,10,59>, <10,10,35>, <11,10,51>, <12,10,3>, <13,10,88>, <14,10,30>, <15,10,61>, <16,10,9>, <17,10,53>, <18,10,44>, <19,10,8>, <20,10,17>, <21,10,31>, <22,10,13>, <23,10,3>, <24,10,21>, <25,10,52>, <26,10,37>, <27,10,1>, <28,10,44>, <29,10,4>, <30,10,11>, <31,10,7>, <32,10,24>, <33,10,9>, <34,10,10>, <35,10,10>, <36,10,1>, <37,10,4>, <38,10,9>, <39,10,1>, <40,10,2>, <41,10,11>, <43,10,8>, <44,10,19>, <45,10,9>, <46,10,6>, <47,10,3>, <49,10,10>, <50,10,13>, <51,10,3>, <52,10,7>, <53,10,14>, <54,10,1>, <55,10,19>, <56,10,4>, <58,10,7>, <59,10,4>, <60,10,4>, <61,10,4>, <63,10,2>, <64,10,7>, <65,10,9>, <66,10,13>, <67,10,1>, <68,10,5>, <70,10,1>, <71,10,4>, <72,10,1>, <73,10,5>, <74,10,7>, <75,10,5>, <76,10,2>, <78,10,4>, <79,10,1>, <80,10,9>, <81,10,1>, <82,10,1>, <83,10,4>, <84,10,7>, <85,10,1>, <86,10,10>, <87,10,4>, <88,10,1>, <89,10,3>, <90,10,2>, <91,10,8>, <92,10,10>, <93,10,10>, <94,10,9>, <95,10,10>, <97,10,7>, <98,10,2>, <99,10,5>, <100,10,1>, <102,10,8>, <103,10,4>, <105,10,1>, <106,10,1>, <107,10,4>, <108,10,5>, <109,10,1>, <110,10,5>, <111,10,4>, <112,10,4>, <113,10,1>, <114,10,1>, <116,10,3>, <117,10,1>, <118,10,3>, <119,10,1>, <120,10,5>, <121,10,1>, <122,10,4>, <123,10,3>, <124,10,3>, <125,10,1>, <126,10,2>, <127,10,2>, <128,10,6>, <129,10,5>, <130,10,2>, <131,10,1>, <132,10,1>, <133,10,6>, <134,10,3>, <135,10,8>, <136,10,1>, <137,10,11>, <138,10,3>, <139,10,1>, <140,10,3>, <141,10,10>, <142,10,1>, <144,10,2>, <145,10,8>, <146,10,4>, <147,10,1>, <148,10,4>, <149,10,4>, <150,10,1>, <151,10,10>, <152,10,6>, <156,10,5>, <158,10,5>, <159,10,8>, <160,10,8>, <161,10,1>, <162,10,6>, <163,10,4>, <164,10,2>, <165,10,1>, <166,10,1>, <168,10,3>, <169,10,4>, <170,10,4>, <171,10,1>, <172,10,1>, <173,10,3>, <174,10,4>, <176,10,2>, <177,10,1>, <178,10,2>, <179,10,6>, <180,10,1>, <181,10,3>, <182,10,1>, <183,10,3>, <186,10,1>, <187,10,3>, <188,10,4>, <190,10,3>, <191,10,2>, <192,10,3>, <193,10,2>, <194,10,6>, <195,10,2>, <196,10,4>, <197,10,1>, <198,10,2>, <200,10,1>, <201,10,1>, <202,10,1>, <203,10,2>, <204,10,1>, <205,10,2>, <207,10,2>, <208,10,1>, <209,10,1>, <210,10,3>, <211,10,1>, <213,10,1>, <214,10,1>, <215,10,3>, <217,10,3>, <218,10,1>, <219,10,3>, <220,10,2>, <221,10,2>, <224,10,1>, <225,10,5>, <227,10,2>, <228,10,3>, <229,10,8>, <230,10,7>, <232,10,2>, <233,10,7>, <235,10,1>, <239,10,2>, <240,10,4>, <241,10,1>, <242,10,1>, <243,10,2>, <244,10,1>, <246,10,1>, <247,10,3>, <248,10,3>, <249,10,2>, <250,10,4>, <251,10,4>, <252,10,1>, <253,10,1>, <256,10,1>, <257,10,5>, <258,10,3>, <259,10,1>, <260,10,2>, <262,10,1>, <263,10,1>, <266,10,1>, <268,10,1>, <269,10,4>, <270,10,2>, <271,10,1>, <272,10,3>, <273,10,4>, <274,10,6>, <276,10,1>, <277,10,2>, <278,10,1>, <279,10,1>, <280,10,3>, <281,10,1>, <282,10,2>, <286,10,1>, <287,10,2>, <288,10,1>, <289,10,1>, <290,10,2>, <291,10,1>, <292,10,1>, <294,10,1>, <295,10,2>, <296,10,1>, <297,10,1>, <301,10,1>, <302,10,1>, <303,10,2>, <305,10,2>, <306,10,1>, <307,10,1>, <309,10,1>, <310,10,2>, <311,10,4>, <312,10,4>, <313,10,1>, <316,10,1>, <317,10,1>, <320,10,1>, <322,10,1>, <323,10,3>, <325,10,2>, <327,10,3>, <328,10,3>, <331,10,1>, <332,10,3>, <333,10,1>, <334,10,1>, <335,10,1>, <336,10,1>, <337,10,1>, <338,10,1>, <339,10,1>, <341,10,3>, <344,10,1>, <345,10,3>, <351,10,1>, <352,10,4>, <353,10,3>, <354,10,1>, <355,10,2>, <356,10,1>, <357,10,1>, <359,10,1>, <360,10,1>, <361,10,1>, <363,10,3>, <365,10,1>, <367,10,1>, <368,10,4>, <369,10,2>, <370,10,2>, <372,10,1>, <376,10,1>, <377,10,2>, <378,10,1>, <379,10,2>, <383,10,1>, <384,10,1>, <386,10,1>, <387,10,1>, <388,10,1>, <389,10,2>, <390,10,2>, <392,10,1>, <393,10,2>, <394,10,1>, <396,10,1>, <397,10,1>, <401,10,1>, <402,10,1>, <403,10,1>, <404,10,1>, <406,10,1>, <407,10,1>, <408,10,1>, <412,10,1>, <413,10,2>, <418,10,1>, <420,10,3>, <421,10,1>, <422,10,1>, <423,10,2>, <425,10,2>, <427,10,2>, <428,10,2>, <430,10,1>, <431,10,1>, <432,10,1>, <433,10,3>, <434,10,1>, <435,10,1>, <437,10,1>, <438,10,3>, <439,10,1>, <440,10,7>, <441,10,1>, <443,10,1>, <444,10,1>, <447,10,2>, <452,10,1>, <453,10,1>, <454,10,2>, <455,10,2>, <456,10,1>, <457,10,1>, <460,10,4>, <463,10,1>, <464,10,4>, <465,10,1>, <466,10,1>, <467,10,1>, <468,10,1>, <469,10,1>, <471,10,1>, <472,10,2>, <473,10,1>, <476,10,2>, <481,10,1>, <483,10,1>, <485,10,5>, <486,10,1>, <490,10,1>, <491,10,1>, <493,10,2>, <494,10,1>, <495,10,2>, <498,10,3>, <499,10,1>, <504,10,1>, <505,10,1>, <506,10,1>, <509,10,2>, <510,10,2>, <512,10,1>, <513,10,2>, <514,10,1>, <515,10,1>, <516,10,1>, <517,10,1>, <518,10,1>, <519,10,1>, <520,10,1>, <522,10,1>, <528,10,2>, <530,10,1>, <531,10,1>, <532,10,1>, <533,10,1>, <535,10,1>, <537,10,1>, <538,10,2>, <539,10,1>, <540,10,1>, <541,10,1>, <543,10,1>, <544,10,3>, <545,10,1>, <547,10,1>, <548,10,1>, <550,10,1>, <552,10,1>, <553,10,1>, <555,10,1>, <556,10,1>, <560,10,1>, <562,10,1>, <563,10,1>, <564,10,1>, <566,10,1>, <569,10,1>, <570,10,1>, <572,10,1>, <575,10,2>, <576,10,1>, <577,10,1>, <582,10,1>, <583,10,1>, <587,10,1>, <588,10,4>, <589,10,1>, <590,10,1>, <591,10,2>, <592,10,2>, <595,10,1>, <599,10,1>, <600,10,1>, <605,10,1>, <608,10,1>, <611,10,2>, <612,10,1>, <614,10,1>, <616,10,1>, <617,10,1>, <621,10,1>, <631,10,1>, <633,10,2>, <635,10,1>, <638,10,1>, <641,10,3>, <642,10,1>, <643,10,1>, <648,10,1>, <651,10,2>, <654,10,1>, <655,10,1>, <661,10,1>, <663,10,1>, <668,10,1>, <671,10,2>, <672,10,1>, <676,10,1>, <677,10,1>, <678,10,1>, <679,10,2>, <680,10,1>, <681,10,1>, <683,10,2>, <685,10,1>, <687,10,3>, <688,10,1>, <691,10,1>, <692,10,2>, <695,10,1>, <701,10,2>, <708,10,1>, <712,10,3>, <713,10,1>, <714,10,2>, <716,10,1>, <717,10,1>, <718,10,1>, <721,10,1>, <727,10,1>, <728,10,1>, <729,10,2>, <732,10,1>, <736,10,1>, <737,10,1>, <738,10,1>, <741,10,1>, <742,10,2>, <744,10,1>, <746,10,1>, <752,10,1>, <753,10,1>, <755,10,1>, <756,10,1>, <762,10,1>, <763,10,2>, <765,10,2>, <767,10,1>, <777,10,2>, <780,10,1>, <781,10,1>, <782,10,1>, <784,10,1>, <785,10,1>, <788,10,3>, <794,10,3>, <795,10,1>, <797,10,2>, <799,10,1>, <800,10,1>, <804,10,1>, <805,10,1>, <807,10,1>, <809,10,1>, <810,10,1>, <811,10,1>, <814,10,1>, <816,10,2>, <817,10,1>, <822,10,1>, <826,10,1>, <827,10,1>, <828,10,2>, <833,10,1>, <834,10,1>, <837,10,1>, <839,10,1>, <845,10,1>, <852,10,1>, <853,10,1>, <855,10,1>, <857,10,1>, <860,10,1>, <862,10,1>, <866,10,1>, <871,10,2>, <873,10,1>, <875,10,1>, <876,10,1>, <877,10,1>, <882,10,1>, <884,10,1>, <885,10,1>, <890,10,1>, <891,10,1>, <896,10,1>, <898,10,2>, <901,10,1>, <903,10,1>, <905,10,1>, <906,10,1>, <913,10,2>, <920,10,1>, <930,10,1>, <931,10,1>, <934,10,1>, <937,10,1>, <941,10,1>, <942,10,1>, <943,10,1>, <944,10,2>, <949,10,1>, <955,10,1>, <959,10,1>, <962,10,1>, <964,10,1>, <965,10,2>, <974,10,1>, <977,10,1>, <978,10,1>, <980,10,1>, <983,10,1>, <991,10,1>, <994,10,1>, <1000,10,1> };

MaxCacheStorageAtSingleAS= [ 2625  0  0  0  2625  2625  2625  0  0  2625  0 ] ;

MaxCacheStorage = 13125 ;
SolutionGap = 0 ;
