
ASes= { 1, 2, 3, 4, 5, 6, 7, 8, 9, 10 } ;


Objects= { 1, 2, 3, 4, 5, 6, 7, 8, 9, 10, 11, 12, 13, 14, 15, 16, 17, 18, 19, 20, 21, 22, 23, 24, 25, 26, 27, 28, 29, 30, 31, 32, 33, 34, 35, 36, 37, 38, 39, 40, 41, 42, 43, 44, 45, 46, 47, 48, 49, 50, 51, 52, 53, 54, 55, 56, 57, 58, 59, 60, 61, 62, 63, 64, 65, 66, 67, 68, 69, 70, 71, 72, 73, 74, 75, 76, 77, 78, 79, 80, 81, 82, 83, 84, 85, 86, 87, 88, 89, 90, 91, 92, 93, 94, 95, 96, 97, 98, 99, 100, 101, 102, 103, 104, 105, 106, 107, 108, 109, 110, 111, 112, 113, 114, 115, 116, 117, 118, 119, 120, 121, 122, 123, 124, 125, 126, 127, 128, 129, 130, 131, 132, 133, 134, 135, 136, 137, 138, 139, 140, 141, 142, 143, 144, 145, 146, 147, 148, 149, 150, 151, 152, 153, 154, 155, 156, 157, 158, 159, 160, 161, 162, 163, 164, 165, 166, 167, 168, 169, 170, 171, 172, 173, 174, 175, 176, 177, 178, 179, 180, 181, 182, 183, 184, 185, 186, 187, 188, 189, 190, 191, 192, 193, 194, 195, 196, 197, 198, 199, 200, 201, 202, 203, 204, 205, 206, 207, 208, 209, 210, 211, 212, 213, 214, 215, 216, 217, 218, 219, 220, 221, 222, 223, 224, 225, 226, 227, 228, 229, 230, 231, 232, 233, 234, 235, 236, 237, 238, 239, 240, 241, 242, 243, 244, 245, 246, 247, 248, 249, 250, 251, 252, 253, 254, 255, 256, 257, 258, 259, 260, 261, 262, 263, 264, 265, 266, 267, 268, 269, 270, 271, 272, 273, 274, 275, 276, 277, 278, 279, 280, 281, 282, 283, 284, 285, 286, 287, 288, 289, 290, 291, 292, 293, 294, 295, 296, 297, 298, 299, 300, 301, 302, 303, 304, 305, 306, 307, 308, 309, 310, 311, 312, 313, 314, 315, 316, 317, 318, 319, 320, 321, 322, 323, 324, 325, 326, 327, 328, 329, 330, 331, 332, 333, 334, 335, 336, 337, 338, 339, 340, 341, 342, 343, 344, 345, 346, 347, 348, 349, 350, 351, 352, 353, 354, 355, 356, 357, 358, 359, 360, 361, 362, 363, 364, 365, 366, 367, 368, 369, 370, 371, 372, 373, 374, 375, 376, 377, 378, 379, 380, 381, 382, 383, 384, 385, 386, 387, 388, 389, 390, 391, 392, 393, 394, 395, 396, 397, 398, 399, 400, 401, 402, 403, 404, 405, 406, 407, 408, 409, 410, 411, 412, 413, 414, 415, 416, 417, 418, 419, 420, 421, 422, 423, 424, 425, 426, 427, 428, 429, 430, 431, 432, 433, 434, 435, 436, 437, 438, 439, 440, 441, 442, 443, 444, 445, 446, 447, 448, 449, 450, 451, 452, 453, 454, 455, 456, 457, 458, 459, 460, 461, 462, 463, 464, 465, 466, 467, 468, 469, 470, 471, 472, 473, 474, 475, 476, 477, 478, 479, 480, 481, 482, 483, 484, 485, 486, 487, 488, 489, 490, 491, 492, 493, 494, 495, 496, 497, 498, 499, 500, 501, 502, 503, 504, 505, 506, 507, 508, 509, 510, 511, 512, 513, 514, 515, 516, 517, 518, 519, 520, 521, 522, 523, 524, 525, 526, 527, 528, 529, 530, 531, 532, 533, 534, 535, 536, 537, 538, 539, 540, 541, 542, 543, 544, 545, 546, 547, 548, 549, 550, 551, 552, 553, 554, 555, 556, 557, 558, 559, 560, 561, 562, 563, 564, 565, 566, 567, 568, 569, 570, 571, 572, 573, 574, 575, 576, 577, 578, 579, 580, 581, 582, 583, 584, 585, 586, 587, 588, 589, 590, 591, 592, 593, 594, 595, 596, 597, 598, 599, 600, 601, 602, 603, 604, 605, 606, 607, 608, 609, 610, 611, 612, 613, 614, 615, 616, 617, 618, 619, 620, 621, 622, 623, 624, 625, 626, 627, 628, 629, 630, 631, 632, 633, 634, 635, 636, 637, 638, 639, 640, 641, 642, 643, 644, 645, 646, 647, 648, 649, 650, 651, 652, 653, 654, 655, 656, 657, 658, 659, 660, 661, 662, 663, 664, 665, 666, 667, 668, 669, 670, 671, 672, 673, 674, 675, 676, 677, 678, 679, 680, 681, 682, 683, 684, 685, 686, 687, 688, 689, 690, 691, 692, 693, 694, 695, 696, 697, 698, 699, 700, 701, 702, 703, 704, 705, 706, 707, 708, 709, 710, 711, 712, 713, 714, 715, 716, 717, 718, 719, 720, 721, 722, 723, 724, 725, 726, 727, 728, 729, 730, 731, 732, 733, 734, 735, 736, 737, 738, 739, 740, 741, 742, 743, 744, 745, 746, 747, 748, 749, 750, 751, 752, 753, 754, 755, 756, 757, 758, 759, 760, 761, 762, 763, 764, 765, 766, 767, 768, 769, 770, 771, 772, 773, 774, 775, 776, 777, 778, 779, 780, 781, 782, 783, 784, 785, 786, 787, 788, 789, 790, 791, 792, 793, 794, 795, 796, 797, 798, 799, 800, 801, 802, 803, 804, 805, 806, 807, 808, 809, 810, 811, 812, 813, 814, 815, 816, 817, 818, 819, 820, 821, 822, 823, 824, 825, 826, 827, 828, 829, 830, 831, 832, 833, 834, 835, 836, 837, 838, 839, 840, 841, 842, 843, 844, 845, 846, 847, 848, 849, 850, 851, 852, 853, 854, 855, 856, 857, 858, 859, 860, 861, 862, 863, 864, 865, 866, 867, 868, 869, 870, 871, 872, 873, 874, 875, 876, 877, 878, 879, 880, 881, 882, 883, 884, 885, 886, 887, 888, 889, 890, 891, 892, 893, 894, 895, 896, 897, 898, 899, 900, 901, 902, 903, 904, 905, 906, 907, 908, 909, 910, 911, 912, 913, 914, 915, 916, 917, 918, 919, 920, 921, 922, 923, 924, 925, 926, 927, 928, 929, 930, 931, 932, 933, 934, 935, 936, 937, 938, 939, 940, 941, 942, 943, 944, 945, 946, 947, 948, 949, 950, 951, 952, 953, 954, 955, 956, 957, 958, 959, 960, 961, 962, 963, 964, 965, 966, 967, 968, 969, 970, 971, 972, 973, 974, 975, 976, 977, 978, 979, 980, 981, 982, 983, 984, 985, 986, 987, 988, 989, 990, 991, 992, 993, 994, 995, 996, 997, 998, 999, 1000 } ;


QualityLevels= { 0, 1, 2, 3, 4, 5 } ;

Arcs = { <1,2,490000>, <2,1,490000>,<2,3,490000>, <3,2,490000>,<2,4,490000>, <4,2,490000>,<4,5,490000>, <5,4,490000>,<2,6,490000>, <6,2,490000>,<3,7,490000>, <7,3,490000>,<6,8,490000>, <8,6,490000>,<3,9,490000>, <9,3,490000>,<2,10,490000>, <10,2,490000> }; 


RatePerQuality= [ 0  300  700  1500  2500  3500 ] ;


CacheSpacePerQuality= [ 10000  11.25  26.25  56.25  93.75  131.25 ] ;


UtilityPerQuality= [ 0  0.2  0.4  0.6  0.8  1 ] ;


ObjectsPublishedByProducers=[ [ 1  0  0  0  0  0  0  0  0  0 ]  [ 0  0  0  0  0  0  0  0  1  0 ]  [ 0  0  0  0  0  0  0  1  0  0 ]  [ 0  0  0  0  1  0  0  0  0  0 ]  [ 0  0  0  0  0  0  1  0  0  0 ]  [ 0  0  0  0  0  0  1  0  0  0 ]  [ 0  0  0  0  0  0  0  1  0  0 ]  [ 0  0  0  0  0  0  0  1  0  0 ]  [ 1  0  0  0  0  0  0  0  0  0 ]  [ 1  0  0  0  0  0  0  0  0  0 ]  [ 0  0  0  0  0  0  0  0  1  0 ]  [ 0  0  0  0  0  0  1  0  0  0 ]  [ 0  0  0  0  0  0  0  1  0  0 ]  [ 1  0  0  0  0  0  0  0  0  0 ]  [ 0  0  0  0  0  0  1  0  0  0 ]  [ 0  0  0  0  0  0  0  1  0  0 ]  [ 0  0  0  0  1  0  0  0  0  0 ]  [ 0  0  0  0  0  0  0  0  1  0 ]  [ 0  0  0  0  0  0  0  0  1  0 ]  [ 1  0  0  0  0  0  0  0  0  0 ]  [ 1  0  0  0  0  0  0  0  0  0 ]  [ 0  0  0  0  0  0  1  0  0  0 ]  [ 0  0  0  0  0  0  0  0  1  0 ]  [ 0  0  0  0  1  0  0  0  0  0 ]  [ 0  0  0  0  1  0  0  0  0  0 ]  [ 0  0  0  0  0  0  1  0  0  0 ]  [ 1  0  0  0  0  0  0  0  0  0 ]  [ 0  0  0  0  1  0  0  0  0  0 ]  [ 0  0  0  0  0  0  1  0  0  0 ]  [ 0  0  0  0  0  0  1  0  0  0 ]  [ 0  0  0  0  1  0  0  0  0  0 ]  [ 0  0  0  0  1  0  0  0  0  0 ]  [ 0  0  0  0  1  0  0  0  0  0 ]  [ 0  0  0  0  0  0  1  0  0  0 ]  [ 0  0  0  0  1  0  0  0  0  0 ]  [ 1  0  0  0  0  0  0  0  0  0 ]  [ 0  0  0  0  0  0  0  0  1  0 ]  [ 0  0  0  0  0  0  1  0  0  0 ]  [ 0  0  0  0  0  0  0  1  0  0 ]  [ 1  0  0  0  0  0  0  0  0  0 ]  [ 0  0  0  0  0  0  0  0  1  0 ]  [ 0  0  0  0  0  0  0  0  1  0 ]  [ 1  0  0  0  0  0  0  0  0  0 ]  [ 0  0  0  0  1  0  0  0  0  0 ]  [ 0  0  0  0  0  0  0  1  0  0 ]  [ 0  0  0  0  0  0  0  1  0  0 ]  [ 0  0  0  0  0  0  0  0  1  0 ]  [ 0  0  0  0  0  0  1  0  0  0 ]  [ 0  0  0  0  0  0  0  0  1  0 ]  [ 0  0  0  0  0  0  0  1  0  0 ]  [ 0  0  0  0  1  0  0  0  0  0 ]  [ 0  0  0  0  0  0  1  0  0  0 ]  [ 0  0  0  0  0  0  0  0  1  0 ]  [ 0  0  0  0  0  0  0  0  1  0 ]  [ 0  0  0  0  0  0  1  0  0  0 ]  [ 0  0  0  0  0  0  1  0  0  0 ]  [ 1  0  0  0  0  0  0  0  0  0 ]  [ 0  0  0  0  1  0  0  0  0  0 ]  [ 0  0  0  0  0  0  0  1  0  0 ]  [ 0  0  0  0  0  0  1  0  0  0 ]  [ 1  0  0  0  0  0  0  0  0  0 ]  [ 0  0  0  0  0  0  1  0  0  0 ]  [ 0  0  0  0  0  0  0  1  0  0 ]  [ 0  0  0  0  0  0  0  1  0  0 ]  [ 0  0  0  0  1  0  0  0  0  0 ]  [ 0  0  0  0  0  0  1  0  0  0 ]  [ 0  0  0  0  0  0  1  0  0  0 ]  [ 0  0  0  0  0  0  0  1  0  0 ]  [ 0  0  0  0  0  0  1  0  0  0 ]  [ 0  0  0  0  1  0  0  0  0  0 ]  [ 0  0  0  0  0  0  1  0  0  0 ]  [ 1  0  0  0  0  0  0  0  0  0 ]  [ 1  0  0  0  0  0  0  0  0  0 ]  [ 0  0  0  0  0  0  0  1  0  0 ]  [ 0  0  0  0  0  0  0  0  1  0 ]  [ 0  0  0  0  0  0  1  0  0  0 ]  [ 0  0  0  0  1  0  0  0  0  0 ]  [ 1  0  0  0  0  0  0  0  0  0 ]  [ 0  0  0  0  0  0  1  0  0  0 ]  [ 0  0  0  0  0  0  0  0  1  0 ]  [ 0  0  0  0  0  0  0  1  0  0 ]  [ 0  0  0  0  0  0  1  0  0  0 ]  [ 0  0  0  0  0  0  0  0  1  0 ]  [ 0  0  0  0  1  0  0  0  0  0 ]  [ 0  0  0  0  0  0  1  0  0  0 ]  [ 0  0  0  0  0  0  0  0  1  0 ]  [ 0  0  0  0  0  0  1  0  0  0 ]  [ 0  0  0  0  0  0  1  0  0  0 ]  [ 0  0  0  0  1  0  0  0  0  0 ]  [ 0  0  0  0  0  0  1  0  0  0 ]  [ 0  0  0  0  0  0  0  0  1  0 ]  [ 1  0  0  0  0  0  0  0  0  0 ]  [ 0  0  0  0  0  0  0  1  0  0 ]  [ 0  0  0  0  0  0  0  0  1  0 ]  [ 0  0  0  0  0  0  0  0  1  0 ]  [ 0  0  0  0  0  0  0  1  0  0 ]  [ 0  0  0  0  0  0  0  0  1  0 ]  [ 0  0  0  0  0  0  1  0  0  0 ]  [ 0  0  0  0  0  0  1  0  0  0 ]  [ 0  0  0  0  0  0  1  0  0  0 ]  [ 1  0  0  0  0  0  0  0  0  0 ]  [ 0  0  0  0  0  0  0  0  1  0 ]  [ 0  0  0  0  0  0  1  0  0  0 ]  [ 1  0  0  0  0  0  0  0  0  0 ]  [ 0  0  0  0  0  0  1  0  0  0 ]  [ 0  0  0  0  0  0  1  0  0  0 ]  [ 0  0  0  0  1  0  0  0  0  0 ]  [ 0  0  0  0  1  0  0  0  0  0 ]  [ 0  0  0  0  0  0  1  0  0  0 ]  [ 0  0  0  0  0  0  0  1  0  0 ]  [ 0  0  0  0  0  0  0  1  0  0 ]  [ 0  0  0  0  0  0  1  0  0  0 ]  [ 1  0  0  0  0  0  0  0  0  0 ]  [ 0  0  0  0  1  0  0  0  0  0 ]  [ 1  0  0  0  0  0  0  0  0  0 ]  [ 0  0  0  0  0  0  1  0  0  0 ]  [ 0  0  0  0  0  0  0  0  1  0 ]  [ 0  0  0  0  0  0  0  1  0  0 ]  [ 0  0  0  0  0  0  0  1  0  0 ]  [ 0  0  0  0  0  0  0  0  1  0 ]  [ 0  0  0  0  1  0  0  0  0  0 ]  [ 0  0  0  0  0  0  0  0  1  0 ]  [ 0  0  0  0  0  0  0  1  0  0 ]  [ 1  0  0  0  0  0  0  0  0  0 ]  [ 1  0  0  0  0  0  0  0  0  0 ]  [ 1  0  0  0  0  0  0  0  0  0 ]  [ 0  0  0  0  0  0  0  1  0  0 ]  [ 0  0  0  0  1  0  0  0  0  0 ]  [ 1  0  0  0  0  0  0  0  0  0 ]  [ 0  0  0  0  0  0  0  1  0  0 ]  [ 0  0  0  0  1  0  0  0  0  0 ]  [ 1  0  0  0  0  0  0  0  0  0 ]  [ 1  0  0  0  0  0  0  0  0  0 ]  [ 0  0  0  0  0  0  1  0  0  0 ]  [ 1  0  0  0  0  0  0  0  0  0 ]  [ 0  0  0  0  1  0  0  0  0  0 ]  [ 0  0  0  0  0  0  0  1  0  0 ]  [ 0  0  0  0  0  0  1  0  0  0 ]  [ 0  0  0  0  1  0  0  0  0  0 ]  [ 0  0  0  0  0  0  1  0  0  0 ]  [ 1  0  0  0  0  0  0  0  0  0 ]  [ 0  0  0  0  1  0  0  0  0  0 ]  [ 0  0  0  0  0  0  1  0  0  0 ]  [ 1  0  0  0  0  0  0  0  0  0 ]  [ 1  0  0  0  0  0  0  0  0  0 ]  [ 0  0  0  0  0  0  0  0  1  0 ]  [ 0  0  0  0  0  0  1  0  0  0 ]  [ 0  0  0  0  1  0  0  0  0  0 ]  [ 0  0  0  0  0  0  0  1  0  0 ]  [ 0  0  0  0  0  0  0  0  1  0 ]  [ 1  0  0  0  0  0  0  0  0  0 ]  [ 1  0  0  0  0  0  0  0  0  0 ]  [ 1  0  0  0  0  0  0  0  0  0 ]  [ 0  0  0  0  0  0  0  1  0  0 ]  [ 1  0  0  0  0  0  0  0  0  0 ]  [ 0  0  0  0  0  0  0  1  0  0 ]  [ 0  0  0  0  0  0  0  1  0  0 ]  [ 0  0  0  0  0  0  1  0  0  0 ]  [ 0  0  0  0  1  0  0  0  0  0 ]  [ 0  0  0  0  0  0  0  0  1  0 ]  [ 0  0  0  0  0  0  0  1  0  0 ]  [ 0  0  0  0  0  0  1  0  0  0 ]  [ 0  0  0  0  1  0  0  0  0  0 ]  [ 0  0  0  0  0  0  0  1  0  0 ]  [ 0  0  0  0  1  0  0  0  0  0 ]  [ 0  0  0  0  0  0  1  0  0  0 ]  [ 0  0  0  0  1  0  0  0  0  0 ]  [ 0  0  0  0  0  0  0  1  0  0 ]  [ 1  0  0  0  0  0  0  0  0  0 ]  [ 0  0  0  0  1  0  0  0  0  0 ]  [ 0  0  0  0  0  0  0  0  1  0 ]  [ 0  0  0  0  0  0  0  0  1  0 ]  [ 0  0  0  0  1  0  0  0  0  0 ]  [ 0  0  0  0  0  0  0  0  1  0 ]  [ 0  0  0  0  1  0  0  0  0  0 ]  [ 0  0  0  0  0  0  0  0  1  0 ]  [ 0  0  0  0  0  0  0  1  0  0 ]  [ 0  0  0  0  0  0  1  0  0  0 ]  [ 0  0  0  0  1  0  0  0  0  0 ]  [ 1  0  0  0  0  0  0  0  0  0 ]  [ 0  0  0  0  0  0  0  0  1  0 ]  [ 1  0  0  0  0  0  0  0  0  0 ]  [ 0  0  0  0  0  0  0  0  1  0 ]  [ 0  0  0  0  0  0  0  0  1  0 ]  [ 0  0  0  0  0  0  1  0  0  0 ]  [ 1  0  0  0  0  0  0  0  0  0 ]  [ 0  0  0  0  0  0  0  0  1  0 ]  [ 0  0  0  0  0  0  0  0  1  0 ]  [ 0  0  0  0  0  0  0  1  0  0 ]  [ 0  0  0  0  0  0  1  0  0  0 ]  [ 0  0  0  0  1  0  0  0  0  0 ]  [ 0  0  0  0  1  0  0  0  0  0 ]  [ 0  0  0  0  1  0  0  0  0  0 ]  [ 0  0  0  0  0  0  0  1  0  0 ]  [ 0  0  0  0  0  0  1  0  0  0 ]  [ 1  0  0  0  0  0  0  0  0  0 ]  [ 1  0  0  0  0  0  0  0  0  0 ]  [ 0  0  0  0  0  0  0  1  0  0 ]  [ 0  0  0  0  1  0  0  0  0  0 ]  [ 0  0  0  0  0  0  1  0  0  0 ]  [ 0  0  0  0  1  0  0  0  0  0 ]  [ 0  0  0  0  0  0  0  0  1  0 ]  [ 0  0  0  0  0  0  0  0  1  0 ]  [ 1  0  0  0  0  0  0  0  0  0 ]  [ 0  0  0  0  1  0  0  0  0  0 ]  [ 0  0  0  0  1  0  0  0  0  0 ]  [ 0  0  0  0  0  0  0  0  1  0 ]  [ 0  0  0  0  0  0  0  1  0  0 ]  [ 0  0  0  0  1  0  0  0  0  0 ]  [ 0  0  0  0  1  0  0  0  0  0 ]  [ 0  0  0  0  0  0  0  1  0  0 ]  [ 0  0  0  0  0  0  0  0  1  0 ]  [ 0  0  0  0  0  0  0  0  1  0 ]  [ 0  0  0  0  1  0  0  0  0  0 ]  [ 0  0  0  0  0  0  0  0  1  0 ]  [ 0  0  0  0  0  0  0  1  0  0 ]  [ 0  0  0  0  0  0  1  0  0  0 ]  [ 0  0  0  0  0  0  0  0  1  0 ]  [ 0  0  0  0  1  0  0  0  0  0 ]  [ 0  0  0  0  0  0  0  1  0  0 ]  [ 1  0  0  0  0  0  0  0  0  0 ]  [ 1  0  0  0  0  0  0  0  0  0 ]  [ 0  0  0  0  0  0  0  0  1  0 ]  [ 0  0  0  0  1  0  0  0  0  0 ]  [ 0  0  0  0  0  0  0  1  0  0 ]  [ 0  0  0  0  0  0  0  1  0  0 ]  [ 0  0  0  0  0  0  0  0  1  0 ]  [ 0  0  0  0  1  0  0  0  0  0 ]  [ 0  0  0  0  1  0  0  0  0  0 ]  [ 0  0  0  0  1  0  0  0  0  0 ]  [ 0  0  0  0  0  0  0  0  1  0 ]  [ 0  0  0  0  0  0  0  1  0  0 ]  [ 0  0  0  0  0  0  0  0  1  0 ]  [ 0  0  0  0  0  0  0  0  1  0 ]  [ 1  0  0  0  0  0  0  0  0  0 ]  [ 0  0  0  0  0  0  1  0  0  0 ]  [ 1  0  0  0  0  0  0  0  0  0 ]  [ 1  0  0  0  0  0  0  0  0  0 ]  [ 1  0  0  0  0  0  0  0  0  0 ]  [ 0  0  0  0  0  0  0  0  1  0 ]  [ 0  0  0  0  0  0  0  1  0  0 ]  [ 0  0  0  0  0  0  0  0  1  0 ]  [ 0  0  0  0  1  0  0  0  0  0 ]  [ 0  0  0  0  0  0  0  1  0  0 ]  [ 0  0  0  0  0  0  0  1  0  0 ]  [ 0  0  0  0  1  0  0  0  0  0 ]  [ 0  0  0  0  0  0  1  0  0  0 ]  [ 0  0  0  0  1  0  0  0  0  0 ]  [ 1  0  0  0  0  0  0  0  0  0 ]  [ 0  0  0  0  1  0  0  0  0  0 ]  [ 0  0  0  0  0  0  0  0  1  0 ]  [ 0  0  0  0  0  0  1  0  0  0 ]  [ 0  0  0  0  0  0  0  0  1  0 ]  [ 0  0  0  0  0  0  1  0  0  0 ]  [ 0  0  0  0  1  0  0  0  0  0 ]  [ 0  0  0  0  0  0  0  1  0  0 ]  [ 0  0  0  0  0  0  0  0  1  0 ]  [ 1  0  0  0  0  0  0  0  0  0 ]  [ 0  0  0  0  0  0  0  1  0  0 ]  [ 1  0  0  0  0  0  0  0  0  0 ]  [ 1  0  0  0  0  0  0  0  0  0 ]  [ 0  0  0  0  0  0  0  0  1  0 ]  [ 1  0  0  0  0  0  0  0  0  0 ]  [ 0  0  0  0  1  0  0  0  0  0 ]  [ 0  0  0  0  0  0  0  0  1  0 ]  [ 0  0  0  0  0  0  1  0  0  0 ]  [ 1  0  0  0  0  0  0  0  0  0 ]  [ 1  0  0  0  0  0  0  0  0  0 ]  [ 0  0  0  0  1  0  0  0  0  0 ]  [ 0  0  0  0  0  0  0  1  0  0 ]  [ 1  0  0  0  0  0  0  0  0  0 ]  [ 0  0  0  0  0  0  0  0  1  0 ]  [ 0  0  0  0  1  0  0  0  0  0 ]  [ 0  0  0  0  0  0  0  0  1  0 ]  [ 0  0  0  0  0  0  0  0  1  0 ]  [ 0  0  0  0  1  0  0  0  0  0 ]  [ 0  0  0  0  1  0  0  0  0  0 ]  [ 0  0  0  0  0  0  1  0  0  0 ]  [ 1  0  0  0  0  0  0  0  0  0 ]  [ 0  0  0  0  0  0  0  1  0  0 ]  [ 1  0  0  0  0  0  0  0  0  0 ]  [ 1  0  0  0  0  0  0  0  0  0 ]  [ 0  0  0  0  0  0  0  0  1  0 ]  [ 0  0  0  0  1  0  0  0  0  0 ]  [ 0  0  0  0  0  0  1  0  0  0 ]  [ 0  0  0  0  0  0  1  0  0  0 ]  [ 0  0  0  0  1  0  0  0  0  0 ]  [ 1  0  0  0  0  0  0  0  0  0 ]  [ 0  0  0  0  0  0  0  0  1  0 ]  [ 0  0  0  0  0  0  0  0  1  0 ]  [ 0  0  0  0  0  0  0  0  1  0 ]  [ 1  0  0  0  0  0  0  0  0  0 ]  [ 0  0  0  0  1  0  0  0  0  0 ]  [ 0  0  0  0  0  0  0  1  0  0 ]  [ 0  0  0  0  0  0  0  0  1  0 ]  [ 0  0  0  0  0  0  1  0  0  0 ]  [ 0  0  0  0  0  0  0  1  0  0 ]  [ 0  0  0  0  0  0  0  1  0  0 ]  [ 0  0  0  0  1  0  0  0  0  0 ]  [ 0  0  0  0  0  0  1  0  0  0 ]  [ 0  0  0  0  1  0  0  0  0  0 ]  [ 0  0  0  0  1  0  0  0  0  0 ]  [ 1  0  0  0  0  0  0  0  0  0 ]  [ 0  0  0  0  1  0  0  0  0  0 ]  [ 0  0  0  0  0  0  0  0  1  0 ]  [ 0  0  0  0  0  0  1  0  0  0 ]  [ 0  0  0  0  0  0  0  1  0  0 ]  [ 0  0  0  0  0  0  0  1  0  0 ]  [ 0  0  0  0  0  0  0  0  1  0 ]  [ 0  0  0  0  1  0  0  0  0  0 ]  [ 0  0  0  0  1  0  0  0  0  0 ]  [ 0  0  0  0  1  0  0  0  0  0 ]  [ 0  0  0  0  1  0  0  0  0  0 ]  [ 0  0  0  0  0  0  0  0  1  0 ]  [ 0  0  0  0  0  0  0  0  1  0 ]  [ 0  0  0  0  1  0  0  0  0  0 ]  [ 0  0  0  0  1  0  0  0  0  0 ]  [ 0  0  0  0  0  0  1  0  0  0 ]  [ 0  0  0  0  0  0  1  0  0  0 ]  [ 0  0  0  0  0  0  1  0  0  0 ]  [ 0  0  0  0  1  0  0  0  0  0 ]  [ 1  0  0  0  0  0  0  0  0  0 ]  [ 0  0  0  0  1  0  0  0  0  0 ]  [ 1  0  0  0  0  0  0  0  0  0 ]  [ 0  0  0  0  0  0  1  0  0  0 ]  [ 1  0  0  0  0  0  0  0  0  0 ]  [ 1  0  0  0  0  0  0  0  0  0 ]  [ 0  0  0  0  0  0  0  1  0  0 ]  [ 0  0  0  0  1  0  0  0  0  0 ]  [ 0  0  0  0  0  0  0  1  0  0 ]  [ 0  0  0  0  0  0  1  0  0  0 ]  [ 0  0  0  0  0  0  0  0  1  0 ]  [ 1  0  0  0  0  0  0  0  0  0 ]  [ 0  0  0  0  0  0  1  0  0  0 ]  [ 0  0  0  0  0  0  0  1  0  0 ]  [ 1  0  0  0  0  0  0  0  0  0 ]  [ 0  0  0  0  0  0  0  0  1  0 ]  [ 1  0  0  0  0  0  0  0  0  0 ]  [ 0  0  0  0  0  0  0  1  0  0 ]  [ 0  0  0  0  0  0  0  0  1  0 ]  [ 0  0  0  0  0  0  0  0  1  0 ]  [ 0  0  0  0  1  0  0  0  0  0 ]  [ 1  0  0  0  0  0  0  0  0  0 ]  [ 0  0  0  0  0  0  1  0  0  0 ]  [ 0  0  0  0  0  0  0  0  1  0 ]  [ 0  0  0  0  1  0  0  0  0  0 ]  [ 0  0  0  0  0  0  0  0  1  0 ]  [ 1  0  0  0  0  0  0  0  0  0 ]  [ 0  0  0  0  0  0  0  0  1  0 ]  [ 1  0  0  0  0  0  0  0  0  0 ]  [ 0  0  0  0  1  0  0  0  0  0 ]  [ 0  0  0  0  0  0  0  0  1  0 ]  [ 0  0  0  0  0  0  0  0  1  0 ]  [ 0  0  0  0  0  0  0  0  1  0 ]  [ 0  0  0  0  0  0  0  0  1  0 ]  [ 0  0  0  0  0  0  0  1  0  0 ]  [ 0  0  0  0  0  0  0  1  0  0 ]  [ 1  0  0  0  0  0  0  0  0  0 ]  [ 0  0  0  0  0  0  1  0  0  0 ]  [ 1  0  0  0  0  0  0  0  0  0 ]  [ 0  0  0  0  0  0  0  1  0  0 ]  [ 0  0  0  0  0  0  0  1  0  0 ]  [ 0  0  0  0  1  0  0  0  0  0 ]  [ 1  0  0  0  0  0  0  0  0  0 ]  [ 0  0  0  0  0  0  0  0  1  0 ]  [ 0  0  0  0  0  0  0  0  1  0 ]  [ 0  0  0  0  0  0  1  0  0  0 ]  [ 0  0  0  0  0  0  1  0  0  0 ]  [ 0  0  0  0  0  0  0  0  1  0 ]  [ 0  0  0  0  0  0  1  0  0  0 ]  [ 0  0  0  0  1  0  0  0  0  0 ]  [ 0  0  0  0  1  0  0  0  0  0 ]  [ 0  0  0  0  1  0  0  0  0  0 ]  [ 1  0  0  0  0  0  0  0  0  0 ]  [ 0  0  0  0  0  0  0  1  0  0 ]  [ 0  0  0  0  0  0  1  0  0  0 ]  [ 0  0  0  0  0  0  1  0  0  0 ]  [ 1  0  0  0  0  0  0  0  0  0 ]  [ 0  0  0  0  1  0  0  0  0  0 ]  [ 1  0  0  0  0  0  0  0  0  0 ]  [ 1  0  0  0  0  0  0  0  0  0 ]  [ 0  0  0  0  1  0  0  0  0  0 ]  [ 0  0  0  0  0  0  0  0  1  0 ]  [ 0  0  0  0  1  0  0  0  0  0 ]  [ 0  0  0  0  0  0  1  0  0  0 ]  [ 0  0  0  0  0  0  0  1  0  0 ]  [ 0  0  0  0  1  0  0  0  0  0 ]  [ 1  0  0  0  0  0  0  0  0  0 ]  [ 0  0  0  0  0  0  1  0  0  0 ]  [ 0  0  0  0  0  0  1  0  0  0 ]  [ 0  0  0  0  0  0  0  1  0  0 ]  [ 0  0  0  0  0  0  1  0  0  0 ]  [ 0  0  0  0  0  0  0  1  0  0 ]  [ 0  0  0  0  0  0  0  1  0  0 ]  [ 0  0  0  0  1  0  0  0  0  0 ]  [ 0  0  0  0  0  0  1  0  0  0 ]  [ 0  0  0  0  0  0  1  0  0  0 ]  [ 0  0  0  0  1  0  0  0  0  0 ]  [ 0  0  0  0  0  0  1  0  0  0 ]  [ 0  0  0  0  0  0  1  0  0  0 ]  [ 0  0  0  0  0  0  0  0  1  0 ]  [ 0  0  0  0  0  0  0  0  1  0 ]  [ 0  0  0  0  1  0  0  0  0  0 ]  [ 0  0  0  0  0  0  0  1  0  0 ]  [ 1  0  0  0  0  0  0  0  0  0 ]  [ 1  0  0  0  0  0  0  0  0  0 ]  [ 0  0  0  0  0  0  1  0  0  0 ]  [ 0  0  0  0  0  0  0  0  1  0 ]  [ 1  0  0  0  0  0  0  0  0  0 ]  [ 0  0  0  0  0  0  0  1  0  0 ]  [ 0  0  0  0  0  0  0  0  1  0 ]  [ 0  0  0  0  1  0  0  0  0  0 ]  [ 0  0  0  0  0  0  0  1  0  0 ]  [ 0  0  0  0  0  0  0  0  1  0 ]  [ 0  0  0  0  1  0  0  0  0  0 ]  [ 0  0  0  0  0  0  0  1  0  0 ]  [ 0  0  0  0  0  0  0  1  0  0 ]  [ 0  0  0  0  0  0  1  0  0  0 ]  [ 0  0  0  0  0  0  0  0  1  0 ]  [ 0  0  0  0  0  0  0  0  1  0 ]  [ 0  0  0  0  0  0  0  0  1  0 ]  [ 0  0  0  0  0  0  1  0  0  0 ]  [ 1  0  0  0  0  0  0  0  0  0 ]  [ 0  0  0  0  1  0  0  0  0  0 ]  [ 0  0  0  0  1  0  0  0  0  0 ]  [ 0  0  0  0  0  0  1  0  0  0 ]  [ 0  0  0  0  0  0  0  1  0  0 ]  [ 1  0  0  0  0  0  0  0  0  0 ]  [ 0  0  0  0  0  0  0  1  0  0 ]  [ 0  0  0  0  0  0  0  1  0  0 ]  [ 0  0  0  0  1  0  0  0  0  0 ]  [ 0  0  0  0  0  0  1  0  0  0 ]  [ 1  0  0  0  0  0  0  0  0  0 ]  [ 0  0  0  0  0  0  0  1  0  0 ]  [ 1  0  0  0  0  0  0  0  0  0 ]  [ 0  0  0  0  0  0  0  0  1  0 ]  [ 0  0  0  0  0  0  0  0  1  0 ]  [ 0  0  0  0  0  0  0  1  0  0 ]  [ 0  0  0  0  1  0  0  0  0  0 ]  [ 0  0  0  0  0  0  0  0  1  0 ]  [ 0  0  0  0  0  0  0  0  1  0 ]  [ 1  0  0  0  0  0  0  0  0  0 ]  [ 0  0  0  0  0  0  0  1  0  0 ]  [ 0  0  0  0  0  0  0  0  1  0 ]  [ 0  0  0  0  0  0  0  1  0  0 ]  [ 0  0  0  0  0  0  0  1  0  0 ]  [ 0  0  0  0  0  0  1  0  0  0 ]  [ 0  0  0  0  0  0  0  0  1  0 ]  [ 0  0  0  0  0  0  0  0  1  0 ]  [ 0  0  0  0  1  0  0  0  0  0 ]  [ 0  0  0  0  0  0  0  0  1  0 ]  [ 0  0  0  0  0  0  1  0  0  0 ]  [ 1  0  0  0  0  0  0  0  0  0 ]  [ 0  0  0  0  1  0  0  0  0  0 ]  [ 1  0  0  0  0  0  0  0  0  0 ]  [ 0  0  0  0  0  0  0  0  1  0 ]  [ 0  0  0  0  0  0  0  0  1  0 ]  [ 1  0  0  0  0  0  0  0  0  0 ]  [ 0  0  0  0  0  0  0  1  0  0 ]  [ 0  0  0  0  0  0  1  0  0  0 ]  [ 1  0  0  0  0  0  0  0  0  0 ]  [ 0  0  0  0  1  0  0  0  0  0 ]  [ 0  0  0  0  1  0  0  0  0  0 ]  [ 0  0  0  0  0  0  0  1  0  0 ]  [ 1  0  0  0  0  0  0  0  0  0 ]  [ 1  0  0  0  0  0  0  0  0  0 ]  [ 0  0  0  0  0  0  1  0  0  0 ]  [ 1  0  0  0  0  0  0  0  0  0 ]  [ 0  0  0  0  0  0  0  1  0  0 ]  [ 0  0  0  0  0  0  0  1  0  0 ]  [ 0  0  0  0  0  0  0  0  1  0 ]  [ 0  0  0  0  1  0  0  0  0  0 ]  [ 0  0  0  0  1  0  0  0  0  0 ]  [ 0  0  0  0  0  0  1  0  0  0 ]  [ 0  0  0  0  1  0  0  0  0  0 ]  [ 0  0  0  0  0  0  1  0  0  0 ]  [ 0  0  0  0  1  0  0  0  0  0 ]  [ 0  0  0  0  0  0  0  1  0  0 ]  [ 0  0  0  0  0  0  0  1  0  0 ]  [ 0  0  0  0  0  0  0  0  1  0 ]  [ 0  0  0  0  0  0  0  0  1  0 ]  [ 0  0  0  0  0  0  1  0  0  0 ]  [ 0  0  0  0  0  0  1  0  0  0 ]  [ 0  0  0  0  0  0  0  0  1  0 ]  [ 0  0  0  0  0  0  0  1  0  0 ]  [ 0  0  0  0  0  0  1  0  0  0 ]  [ 0  0  0  0  1  0  0  0  0  0 ]  [ 0  0  0  0  1  0  0  0  0  0 ]  [ 1  0  0  0  0  0  0  0  0  0 ]  [ 0  0  0  0  0  0  0  0  1  0 ]  [ 1  0  0  0  0  0  0  0  0  0 ]  [ 0  0  0  0  0  0  0  1  0  0 ]  [ 0  0  0  0  0  0  1  0  0  0 ]  [ 0  0  0  0  0  0  0  0  1  0 ]  [ 0  0  0  0  0  0  0  1  0  0 ]  [ 0  0  0  0  0  0  0  0  1  0 ]  [ 1  0  0  0  0  0  0  0  0  0 ]  [ 0  0  0  0  0  0  1  0  0  0 ]  [ 0  0  0  0  0  0  1  0  0  0 ]  [ 0  0  0  0  1  0  0  0  0  0 ]  [ 0  0  0  0  0  0  1  0  0  0 ]  [ 0  0  0  0  1  0  0  0  0  0 ]  [ 0  0  0  0  0  0  1  0  0  0 ]  [ 1  0  0  0  0  0  0  0  0  0 ]  [ 0  0  0  0  0  0  1  0  0  0 ]  [ 0  0  0  0  0  0  1  0  0  0 ]  [ 0  0  0  0  1  0  0  0  0  0 ]  [ 0  0  0  0  1  0  0  0  0  0 ]  [ 0  0  0  0  0  0  0  1  0  0 ]  [ 0  0  0  0  0  0  0  1  0  0 ]  [ 0  0  0  0  0  0  1  0  0  0 ]  [ 0  0  0  0  0  0  0  1  0  0 ]  [ 0  0  0  0  1  0  0  0  0  0 ]  [ 0  0  0  0  1  0  0  0  0  0 ]  [ 1  0  0  0  0  0  0  0  0  0 ]  [ 0  0  0  0  1  0  0  0  0  0 ]  [ 0  0  0  0  0  0  1  0  0  0 ]  [ 0  0  0  0  0  0  0  0  1  0 ]  [ 0  0  0  0  0  0  0  0  1  0 ]  [ 0  0  0  0  0  0  1  0  0  0 ]  [ 0  0  0  0  0  0  0  0  1  0 ]  [ 0  0  0  0  0  0  1  0  0  0 ]  [ 0  0  0  0  0  0  0  0  1  0 ]  [ 0  0  0  0  0  0  1  0  0  0 ]  [ 0  0  0  0  0  0  0  1  0  0 ]  [ 0  0  0  0  0  0  0  0  1  0 ]  [ 0  0  0  0  1  0  0  0  0  0 ]  [ 1  0  0  0  0  0  0  0  0  0 ]  [ 0  0  0  0  0  0  0  1  0  0 ]  [ 0  0  0  0  0  0  1  0  0  0 ]  [ 0  0  0  0  1  0  0  0  0  0 ]  [ 1  0  0  0  0  0  0  0  0  0 ]  [ 0  0  0  0  1  0  0  0  0  0 ]  [ 0  0  0  0  0  0  1  0  0  0 ]  [ 0  0  0  0  0  0  1  0  0  0 ]  [ 0  0  0  0  0  0  0  0  1  0 ]  [ 0  0  0  0  0  0  1  0  0  0 ]  [ 0  0  0  0  0  0  0  1  0  0 ]  [ 0  0  0  0  0  0  0  0  1  0 ]  [ 0  0  0  0  0  0  0  1  0  0 ]  [ 0  0  0  0  0  0  1  0  0  0 ]  [ 0  0  0  0  0  0  0  1  0  0 ]  [ 0  0  0  0  0  0  0  1  0  0 ]  [ 0  0  0  0  0  0  0  1  0  0 ]  [ 0  0  0  0  0  0  0  1  0  0 ]  [ 0  0  0  0  0  0  1  0  0  0 ]  [ 0  0  0  0  0  0  0  1  0  0 ]  [ 0  0  0  0  0  0  0  1  0  0 ]  [ 0  0  0  0  0  0  0  0  1  0 ]  [ 0  0  0  0  0  0  0  1  0  0 ]  [ 0  0  0  0  0  0  0  0  1  0 ]  [ 0  0  0  0  0  0  0  1  0  0 ]  [ 0  0  0  0  0  0  0  0  1  0 ]  [ 0  0  0  0  0  0  0  1  0  0 ]  [ 0  0  0  0  1  0  0  0  0  0 ]  [ 0  0  0  0  1  0  0  0  0  0 ]  [ 0  0  0  0  0  0  0  1  0  0 ]  [ 0  0  0  0  0  0  0  0  1  0 ]  [ 0  0  0  0  0  0  1  0  0  0 ]  [ 1  0  0  0  0  0  0  0  0  0 ]  [ 0  0  0  0  0  0  0  0  1  0 ]  [ 0  0  0  0  0  0  1  0  0  0 ]  [ 0  0  0  0  0  0  1  0  0  0 ]  [ 1  0  0  0  0  0  0  0  0  0 ]  [ 0  0  0  0  0  0  1  0  0  0 ]  [ 0  0  0  0  0  0  0  1  0  0 ]  [ 0  0  0  0  0  0  1  0  0  0 ]  [ 0  0  0  0  1  0  0  0  0  0 ]  [ 0  0  0  0  0  0  0  1  0  0 ]  [ 1  0  0  0  0  0  0  0  0  0 ]  [ 0  0  0  0  0  0  1  0  0  0 ]  [ 0  0  0  0  0  0  0  0  1  0 ]  [ 0  0  0  0  0  0  0  1  0  0 ]  [ 0  0  0  0  0  0  1  0  0  0 ]  [ 0  0  0  0  0  0  0  1  0  0 ]  [ 0  0  0  0  0  0  0  1  0  0 ]  [ 0  0  0  0  1  0  0  0  0  0 ]  [ 0  0  0  0  1  0  0  0  0  0 ]  [ 0  0  0  0  0  0  0  0  1  0 ]  [ 0  0  0  0  1  0  0  0  0  0 ]  [ 1  0  0  0  0  0  0  0  0  0 ]  [ 0  0  0  0  0  0  0  0  1  0 ]  [ 0  0  0  0  0  0  1  0  0  0 ]  [ 0  0  0  0  1  0  0  0  0  0 ]  [ 0  0  0  0  0  0  1  0  0  0 ]  [ 0  0  0  0  0  0  0  1  0  0 ]  [ 1  0  0  0  0  0  0  0  0  0 ]  [ 0  0  0  0  0  0  0  1  0  0 ]  [ 0  0  0  0  0  0  0  1  0  0 ]  [ 0  0  0  0  0  0  0  0  1  0 ]  [ 0  0  0  0  1  0  0  0  0  0 ]  [ 0  0  0  0  0  0  0  1  0  0 ]  [ 0  0  0  0  1  0  0  0  0  0 ]  [ 0  0  0  0  0  0  1  0  0  0 ]  [ 1  0  0  0  0  0  0  0  0  0 ]  [ 0  0  0  0  0  0  0  1  0  0 ]  [ 0  0  0  0  0  0  0  0  1  0 ]  [ 0  0  0  0  1  0  0  0  0  0 ]  [ 0  0  0  0  1  0  0  0  0  0 ]  [ 0  0  0  0  0  0  0  0  1  0 ]  [ 0  0  0  0  0  0  0  1  0  0 ]  [ 0  0  0  0  0  0  0  0  1  0 ]  [ 1  0  0  0  0  0  0  0  0  0 ]  [ 0  0  0  0  0  0  0  0  1  0 ]  [ 0  0  0  0  0  0  0  1  0  0 ]  [ 0  0  0  0  1  0  0  0  0  0 ]  [ 0  0  0  0  0  0  1  0  0  0 ]  [ 0  0  0  0  0  0  0  1  0  0 ]  [ 0  0  0  0  0  0  0  1  0  0 ]  [ 1  0  0  0  0  0  0  0  0  0 ]  [ 0  0  0  0  0  0  0  1  0  0 ]  [ 1  0  0  0  0  0  0  0  0  0 ]  [ 0  0  0  0  0  0  0  0  1  0 ]  [ 0  0  0  0  0  0  1  0  0  0 ]  [ 0  0  0  0  0  0  0  0  1  0 ]  [ 0  0  0  0  0  0  0  1  0  0 ]  [ 0  0  0  0  0  0  0  1  0  0 ]  [ 0  0  0  0  1  0  0  0  0  0 ]  [ 0  0  0  0  0  0  1  0  0  0 ]  [ 1  0  0  0  0  0  0  0  0  0 ]  [ 1  0  0  0  0  0  0  0  0  0 ]  [ 0  0  0  0  0  0  0  1  0  0 ]  [ 0  0  0  0  1  0  0  0  0  0 ]  [ 0  0  0  0  0  0  0  1  0  0 ]  [ 0  0  0  0  1  0  0  0  0  0 ]  [ 0  0  0  0  0  0  0  1  0  0 ]  [ 0  0  0  0  0  0  0  1  0  0 ]  [ 0  0  0  0  1  0  0  0  0  0 ]  [ 1  0  0  0  0  0  0  0  0  0 ]  [ 0  0  0  0  1  0  0  0  0  0 ]  [ 0  0  0  0  0  0  1  0  0  0 ]  [ 1  0  0  0  0  0  0  0  0  0 ]  [ 1  0  0  0  0  0  0  0  0  0 ]  [ 1  0  0  0  0  0  0  0  0  0 ]  [ 0  0  0  0  0  0  1  0  0  0 ]  [ 0  0  0  0  0  0  0  0  1  0 ]  [ 0  0  0  0  1  0  0  0  0  0 ]  [ 1  0  0  0  0  0  0  0  0  0 ]  [ 0  0  0  0  0  0  0  1  0  0 ]  [ 0  0  0  0  0  0  0  0  1  0 ]  [ 0  0  0  0  0  0  0  0  1  0 ]  [ 0  0  0  0  0  0  0  1  0  0 ]  [ 0  0  0  0  1  0  0  0  0  0 ]  [ 0  0  0  0  0  0  0  0  1  0 ]  [ 1  0  0  0  0  0  0  0  0  0 ]  [ 0  0  0  0  0  0  0  1  0  0 ]  [ 1  0  0  0  0  0  0  0  0  0 ]  [ 0  0  0  0  1  0  0  0  0  0 ]  [ 0  0  0  0  0  0  1  0  0  0 ]  [ 0  0  0  0  1  0  0  0  0  0 ]  [ 1  0  0  0  0  0  0  0  0  0 ]  [ 0  0  0  0  1  0  0  0  0  0 ]  [ 0  0  0  0  0  0  0  0  1  0 ]  [ 0  0  0  0  0  0  1  0  0  0 ]  [ 0  0  0  0  0  0  1  0  0  0 ]  [ 0  0  0  0  1  0  0  0  0  0 ]  [ 0  0  0  0  0  0  0  1  0  0 ]  [ 0  0  0  0  1  0  0  0  0  0 ]  [ 0  0  0  0  0  0  1  0  0  0 ]  [ 0  0  0  0  0  0  0  0  1  0 ]  [ 0  0  0  0  0  0  0  0  1  0 ]  [ 1  0  0  0  0  0  0  0  0  0 ]  [ 0  0  0  0  0  0  0  1  0  0 ]  [ 0  0  0  0  0  0  0  0  1  0 ]  [ 0  0  0  0  1  0  0  0  0  0 ]  [ 0  0  0  0  1  0  0  0  0  0 ]  [ 0  0  0  0  0  0  1  0  0  0 ]  [ 0  0  0  0  0  0  0  0  1  0 ]  [ 0  0  0  0  1  0  0  0  0  0 ]  [ 0  0  0  0  0  0  0  0  1  0 ]  [ 0  0  0  0  0  0  0  1  0  0 ]  [ 1  0  0  0  0  0  0  0  0  0 ]  [ 0  0  0  0  0  0  0  0  1  0 ]  [ 1  0  0  0  0  0  0  0  0  0 ]  [ 1  0  0  0  0  0  0  0  0  0 ]  [ 0  0  0  0  0  0  0  1  0  0 ]  [ 1  0  0  0  0  0  0  0  0  0 ]  [ 0  0  0  0  1  0  0  0  0  0 ]  [ 1  0  0  0  0  0  0  0  0  0 ]  [ 0  0  0  0  0  0  1  0  0  0 ]  [ 0  0  0  0  0  0  0  0  1  0 ]  [ 0  0  0  0  0  0  0  0  1  0 ]  [ 1  0  0  0  0  0  0  0  0  0 ]  [ 1  0  0  0  0  0  0  0  0  0 ]  [ 0  0  0  0  0  0  0  0  1  0 ]  [ 1  0  0  0  0  0  0  0  0  0 ]  [ 0  0  0  0  1  0  0  0  0  0 ]  [ 1  0  0  0  0  0  0  0  0  0 ]  [ 1  0  0  0  0  0  0  0  0  0 ]  [ 1  0  0  0  0  0  0  0  0  0 ]  [ 0  0  0  0  0  0  0  1  0  0 ]  [ 0  0  0  0  0  0  0  1  0  0 ]  [ 0  0  0  0  0  0  0  1  0  0 ]  [ 0  0  0  0  0  0  0  0  1  0 ]  [ 0  0  0  0  0  0  0  1  0  0 ]  [ 0  0  0  0  1  0  0  0  0  0 ]  [ 0  0  0  0  0  0  0  1  0  0 ]  [ 0  0  0  0  0  0  0  0  1  0 ]  [ 0  0  0  0  0  0  0  1  0  0 ]  [ 0  0  0  0  1  0  0  0  0  0 ]  [ 1  0  0  0  0  0  0  0  0  0 ]  [ 0  0  0  0  0  0  0  0  1  0 ]  [ 0  0  0  0  0  0  1  0  0  0 ]  [ 0  0  0  0  1  0  0  0  0  0 ]  [ 0  0  0  0  0  0  0  1  0  0 ]  [ 0  0  0  0  0  0  1  0  0  0 ]  [ 0  0  0  0  0  0  1  0  0  0 ]  [ 1  0  0  0  0  0  0  0  0  0 ]  [ 0  0  0  0  1  0  0  0  0  0 ]  [ 0  0  0  0  0  0  1  0  0  0 ]  [ 1  0  0  0  0  0  0  0  0  0 ]  [ 0  0  0  0  0  0  0  0  1  0 ]  [ 0  0  0  0  0  0  1  0  0  0 ]  [ 0  0  0  0  0  0  0  1  0  0 ]  [ 0  0  0  0  0  0  0  1  0  0 ]  [ 0  0  0  0  0  0  0  1  0  0 ]  [ 0  0  0  0  0  0  0  1  0  0 ]  [ 0  0  0  0  0  0  0  1  0  0 ]  [ 0  0  0  0  1  0  0  0  0  0 ]  [ 0  0  0  0  0  0  0  0  1  0 ]  [ 1  0  0  0  0  0  0  0  0  0 ]  [ 0  0  0  0  0  0  0  0  1  0 ]  [ 0  0  0  0  0  0  0  0  1  0 ]  [ 0  0  0  0  0  0  0  0  1  0 ]  [ 1  0  0  0  0  0  0  0  0  0 ]  [ 1  0  0  0  0  0  0  0  0  0 ]  [ 0  0  0  0  0  0  0  0  1  0 ]  [ 0  0  0  0  0  0  1  0  0  0 ]  [ 0  0  0  0  1  0  0  0  0  0 ]  [ 0  0  0  0  0  0  0  0  1  0 ]  [ 1  0  0  0  0  0  0  0  0  0 ]  [ 0  0  0  0  0  0  1  0  0  0 ]  [ 0  0  0  0  0  0  1  0  0  0 ]  [ 1  0  0  0  0  0  0  0  0  0 ]  [ 0  0  0  0  1  0  0  0  0  0 ]  [ 0  0  0  0  0  0  0  1  0  0 ]  [ 0  0  0  0  0  0  0  0  1  0 ]  [ 1  0  0  0  0  0  0  0  0  0 ]  [ 0  0  0  0  0  0  1  0  0  0 ]  [ 1  0  0  0  0  0  0  0  0  0 ]  [ 0  0  0  0  0  0  0  0  1  0 ]  [ 1  0  0  0  0  0  0  0  0  0 ]  [ 1  0  0  0  0  0  0  0  0  0 ]  [ 0  0  0  0  1  0  0  0  0  0 ]  [ 0  0  0  0  0  0  0  1  0  0 ]  [ 0  0  0  0  1  0  0  0  0  0 ]  [ 1  0  0  0  0  0  0  0  0  0 ]  [ 0  0  0  0  0  0  0  1  0  0 ]  [ 0  0  0  0  0  0  0  0  1  0 ]  [ 0  0  0  0  0  0  0  0  1  0 ]  [ 0  0  0  0  1  0  0  0  0  0 ]  [ 0  0  0  0  0  0  1  0  0  0 ]  [ 0  0  0  0  1  0  0  0  0  0 ]  [ 0  0  0  0  0  0  1  0  0  0 ]  [ 0  0  0  0  1  0  0  0  0  0 ]  [ 0  0  0  0  1  0  0  0  0  0 ]  [ 0  0  0  0  0  0  0  1  0  0 ]  [ 0  0  0  0  0  0  0  0  1  0 ]  [ 0  0  0  0  0  0  1  0  0  0 ]  [ 1  0  0  0  0  0  0  0  0  0 ]  [ 0  0  0  0  0  0  0  1  0  0 ]  [ 0  0  0  0  0  0  1  0  0  0 ]  [ 0  0  0  0  0  0  0  0  1  0 ]  [ 0  0  0  0  0  0  0  1  0  0 ]  [ 0  0  0  0  0  0  0  0  1  0 ]  [ 0  0  0  0  0  0  0  1  0  0 ]  [ 0  0  0  0  0  0  1  0  0  0 ]  [ 0  0  0  0  0  0  0  0  1  0 ]  [ 0  0  0  0  0  0  0  0  1  0 ]  [ 0  0  0  0  1  0  0  0  0  0 ]  [ 1  0  0  0  0  0  0  0  0  0 ]  [ 0  0  0  0  1  0  0  0  0  0 ]  [ 0  0  0  0  0  0  1  0  0  0 ]  [ 1  0  0  0  0  0  0  0  0  0 ]  [ 0  0  0  0  1  0  0  0  0  0 ]  [ 0  0  0  0  0  0  1  0  0  0 ]  [ 1  0  0  0  0  0  0  0  0  0 ]  [ 0  0  0  0  0  0  0  0  1  0 ]  [ 0  0  0  0  0  0  0  1  0  0 ]  [ 0  0  0  0  1  0  0  0  0  0 ]  [ 0  0  0  0  1  0  0  0  0  0 ]  [ 0  0  0  0  1  0  0  0  0  0 ]  [ 0  0  0  0  1  0  0  0  0  0 ]  [ 0  0  0  0  0  0  0  1  0  0 ]  [ 0  0  0  0  0  0  1  0  0  0 ]  [ 0  0  0  0  0  0  1  0  0  0 ]  [ 1  0  0  0  0  0  0  0  0  0 ]  [ 0  0  0  0  0  0  0  0  1  0 ]  [ 0  0  0  0  1  0  0  0  0  0 ]  [ 0  0  0  0  1  0  0  0  0  0 ]  [ 1  0  0  0  0  0  0  0  0  0 ]  [ 0  0  0  0  0  0  0  0  1  0 ]  [ 0  0  0  0  0  0  1  0  0  0 ]  [ 0  0  0  0  0  0  0  0  1  0 ]  [ 0  0  0  0  0  0  0  0  1  0 ]  [ 0  0  0  0  0  0  0  0  1  0 ]  [ 0  0  0  0  0  0  0  0  1  0 ]  [ 0  0  0  0  0  0  0  0  1  0 ]  [ 0  0  0  0  0  0  0  0  1  0 ]  [ 0  0  0  0  0  0  0  0  1  0 ]  [ 1  0  0  0  0  0  0  0  0  0 ]  [ 0  0  0  0  0  0  1  0  0  0 ]  [ 0  0  0  0  0  0  1  0  0  0 ]  [ 0  0  0  0  0  0  0  0  1  0 ]  [ 0  0  0  0  0  0  0  1  0  0 ]  [ 0  0  0  0  0  0  0  1  0  0 ]  [ 0  0  0  0  0  0  0  1  0  0 ]  [ 0  0  0  0  1  0  0  0  0  0 ]  [ 0  0  0  0  0  0  0  0  1  0 ]  [ 0  0  0  0  0  0  0  1  0  0 ]  [ 0  0  0  0  0  0  1  0  0  0 ]  [ 0  0  0  0  0  0  1  0  0  0 ]  [ 0  0  0  0  0  0  0  0  1  0 ]  [ 0  0  0  0  0  0  1  0  0  0 ]  [ 1  0  0  0  0  0  0  0  0  0 ]  [ 1  0  0  0  0  0  0  0  0  0 ]  [ 0  0  0  0  0  0  0  1  0  0 ]  [ 0  0  0  0  0  0  1  0  0  0 ]  [ 0  0  0  0  0  0  0  0  1  0 ]  [ 1  0  0  0  0  0  0  0  0  0 ]  [ 0  0  0  0  0  0  1  0  0  0 ]  [ 0  0  0  0  0  0  0  1  0  0 ]  [ 1  0  0  0  0  0  0  0  0  0 ]  [ 1  0  0  0  0  0  0  0  0  0 ]  [ 0  0  0  0  0  0  1  0  0  0 ]  [ 0  0  0  0  1  0  0  0  0  0 ]  [ 1  0  0  0  0  0  0  0  0  0 ]  [ 0  0  0  0  1  0  0  0  0  0 ]  [ 0  0  0  0  0  0  0  1  0  0 ]  [ 0  0  0  0  0  0  1  0  0  0 ]  [ 1  0  0  0  0  0  0  0  0  0 ]  [ 1  0  0  0  0  0  0  0  0  0 ]  [ 0  0  0  0  0  0  0  0  1  0 ]  [ 0  0  0  0  0  0  0  1  0  0 ]  [ 1  0  0  0  0  0  0  0  0  0 ]  [ 0  0  0  0  0  0  0  0  1  0 ]  [ 1  0  0  0  0  0  0  0  0  0 ]  [ 0  0  0  0  1  0  0  0  0  0 ]  [ 0  0  0  0  0  0  0  0  1  0 ]  [ 0  0  0  0  0  0  0  1  0  0 ]  [ 0  0  0  0  1  0  0  0  0  0 ]  [ 0  0  0  0  0  0  0  0  1  0 ]  [ 0  0  0  0  0  0  1  0  0  0 ]  [ 0  0  0  0  0  0  0  0  1  0 ]  [ 0  0  0  0  0  0  0  0  1  0 ]  [ 0  0  0  0  0  0  1  0  0  0 ]  [ 0  0  0  0  0  0  0  1  0  0 ]  [ 0  0  0  0  0  0  1  0  0  0 ]  [ 0  0  0  0  0  0  0  0  1  0 ]  [ 0  0  0  0  0  0  0  1  0  0 ]  [ 0  0  0  0  0  0  0  1  0  0 ]  [ 0  0  0  0  0  0  0  0  1  0 ]  [ 0  0  0  0  0  0  0  0  1  0 ]  [ 0  0  0  0  1  0  0  0  0  0 ]  [ 0  0  0  0  1  0  0  0  0  0 ]  [ 0  0  0  0  0  0  0  1  0  0 ]  [ 0  0  0  0  0  0  0  1  0  0 ]  [ 0  0  0  0  0  0  1  0  0  0 ]  [ 0  0  0  0  0  0  1  0  0  0 ]  [ 0  0  0  0  0  0  1  0  0  0 ]  [ 0  0  0  0  0  0  0  0  1  0 ]  [ 0  0  0  0  0  0  0  1  0  0 ]  [ 0  0  0  0  0  0  1  0  0  0 ]  [ 1  0  0  0  0  0  0  0  0  0 ]  [ 0  0  0  0  0  0  0  0  1  0 ]  [ 0  0  0  0  0  0  1  0  0  0 ]  [ 1  0  0  0  0  0  0  0  0  0 ]  [ 0  0  0  0  1  0  0  0  0  0 ]  [ 0  0  0  0  0  0  0  1  0  0 ]  [ 1  0  0  0  0  0  0  0  0  0 ]  [ 1  0  0  0  0  0  0  0  0  0 ]  [ 0  0  0  0  1  0  0  0  0  0 ]  [ 0  0  0  0  0  0  0  0  1  0 ]  [ 0  0  0  0  0  0  0  1  0  0 ]  [ 0  0  0  0  0  0  0  0  1  0 ]  [ 0  0  0  0  0  0  1  0  0  0 ]  [ 0  0  0  0  0  0  1  0  0  0 ]  [ 0  0  0  0  0  0  1  0  0  0 ]  [ 0  0  0  0  0  0  1  0  0  0 ]  [ 0  0  0  0  0  0  1  0  0  0 ]  [ 0  0  0  0  0  0  0  0  1  0 ]  [ 0  0  0  0  0  0  0  0  1  0 ]  [ 0  0  0  0  0  0  1  0  0  0 ]  [ 0  0  0  0  0  0  0  1  0  0 ]  [ 0  0  0  0  1  0  0  0  0  0 ]  [ 0  0  0  0  1  0  0  0  0  0 ]  [ 0  0  0  0  0  0  1  0  0  0 ]  [ 0  0  0  0  0  0  1  0  0  0 ]  [ 0  0  0  0  0  0  1  0  0  0 ]  [ 0  0  0  0  0  0  0  0  1  0 ]  [ 1  0  0  0  0  0  0  0  0  0 ]  [ 0  0  0  0  0  0  0  1  0  0 ]  [ 0  0  0  0  0  0  0  0  1  0 ]  [ 0  0  0  0  0  0  0  1  0  0 ]  [ 0  0  0  0  0  0  1  0  0  0 ]  [ 0  0  0  0  1  0  0  0  0  0 ]  [ 0  0  0  0  0  0  1  0  0  0 ]  [ 0  0  0  0  0  0  0  0  1  0 ]  [ 0  0  0  0  0  0  0  0  1  0 ]  [ 0  0  0  0  0  0  0  1  0  0 ]  [ 0  0  0  0  0  0  0  0  1  0 ]  [ 0  0  0  0  0  0  0  0  1  0 ]  [ 0  0  0  0  0  0  0  0  1  0 ]  [ 0  0  0  0  1  0  0  0  0  0 ]  [ 0  0  0  0  0  0  1  0  0  0 ]  [ 0  0  0  0  0  0  0  1  0  0 ]  [ 0  0  0  0  1  0  0  0  0  0 ]  [ 0  0  0  0  0  0  0  1  0  0 ]  [ 0  0  0  0  0  0  1  0  0  0 ]  [ 0  0  0  0  1  0  0  0  0  0 ]  [ 0  0  0  0  0  0  1  0  0  0 ]  [ 1  0  0  0  0  0  0  0  0  0 ]  [ 0  0  0  0  1  0  0  0  0  0 ]  [ 0  0  0  0  0  0  1  0  0  0 ]  [ 1  0  0  0  0  0  0  0  0  0 ]  [ 1  0  0  0  0  0  0  0  0  0 ]  [ 0  0  0  0  1  0  0  0  0  0 ]  [ 0  0  0  0  0  0  0  0  1  0 ]  [ 0  0  0  0  0  0  1  0  0  0 ]  [ 0  0  0  0  1  0  0  0  0  0 ]  [ 0  0  0  0  0  0  0  0  1  0 ]  [ 0  0  0  0  1  0  0  0  0  0 ]  [ 0  0  0  0  0  0  1  0  0  0 ]  [ 0  0  0  0  0  0  0  1  0  0 ]  [ 0  0  0  0  0  0  0  1  0  0 ]  [ 0  0  0  0  0  0  1  0  0  0 ]  [ 0  0  0  0  0  0  0  1  0  0 ]  [ 0  0  0  0  0  0  1  0  0  0 ]  [ 0  0  0  0  0  0  0  1  0  0 ]  [ 0  0  0  0  0  0  1  0  0  0 ]  [ 0  0  0  0  0  0  0  0  1  0 ]  [ 0  0  0  0  0  0  0  1  0  0 ]  [ 1  0  0  0  0  0  0  0  0  0 ]  [ 1  0  0  0  0  0  0  0  0  0 ]  [ 0  0  0  0  0  0  0  0  1  0 ]  [ 0  0  0  0  1  0  0  0  0  0 ]  [ 1  0  0  0  0  0  0  0  0  0 ]  [ 0  0  0  0  1  0  0  0  0  0 ]  [ 0  0  0  0  0  0  1  0  0  0 ]  [ 0  0  0  0  0  0  0  0  1  0 ]  [ 0  0  0  0  1  0  0  0  0  0 ]  [ 0  0  0  0  0  0  0  1  0  0 ]  [ 0  0  0  0  0  0  0  0  1  0 ]  [ 1  0  0  0  0  0  0  0  0  0 ]  [ 0  0  0  0  0  0  0  1  0  0 ]  [ 0  0  0  0  0  0  0  0  1  0 ]  [ 0  0  0  0  0  0  1  0  0  0 ]  [ 0  0  0  0  0  0  1  0  0  0 ]  [ 0  0  0  0  1  0  0  0  0  0 ]  [ 0  0  0  0  0  0  0  0  1  0 ]  [ 0  0  0  0  0  0  0  0  1  0 ]  [ 1  0  0  0  0  0  0  0  0  0 ]  [ 0  0  0  0  0  0  1  0  0  0 ]  [ 0  0  0  0  0  0  1  0  0  0 ]  [ 0  0  0  0  0  0  0  1  0  0 ]  [ 1  0  0  0  0  0  0  0  0  0 ]  [ 0  0  0  0  1  0  0  0  0  0 ]  [ 0  0  0  0  1  0  0  0  0  0 ]  [ 0  0  0  0  0  0  1  0  0  0 ]  [ 0  0  0  0  0  0  0  1  0  0 ]  [ 0  0  0  0  0  0  0  0  1  0 ]  [ 0  0  0  0  0  0  0  1  0  0 ]  [ 0  0  0  0  0  0  0  1  0  0 ]  [ 1  0  0  0  0  0  0  0  0  0 ]  [ 0  0  0  0  1  0  0  0  0  0 ]  [ 0  0  0  0  0  0  0  1  0  0 ]  [ 0  0  0  0  1  0  0  0  0  0 ]  [ 0  0  0  0  0  0  1  0  0  0 ]  [ 0  0  0  0  0  0  0  0  1  0 ]  [ 1  0  0  0  0  0  0  0  0  0 ]  [ 0  0  0  0  0  0  0  0  1  0 ]  [ 1  0  0  0  0  0  0  0  0  0 ]  [ 0  0  0  0  1  0  0  0  0  0 ]  [ 0  0  0  0  0  0  0  0  1  0 ]  [ 0  0  0  0  1  0  0  0  0  0 ]  [ 0  0  0  0  0  0  1  0  0  0 ]  [ 0  0  0  0  0  0  1  0  0  0 ]  [ 0  0  0  0  0  0  0  0  1  0 ]  [ 0  0  0  0  0  0  0  0  1  0 ]  [ 0  0  0  0  1  0  0  0  0  0 ]  [ 0  0  0  0  0  0  1  0  0  0 ]  [ 0  0  0  0  0  0  0  0  1  0 ]  [ 0  0  0  0  0  0  1  0  0  0 ]  [ 0  0  0  0  1  0  0  0  0  0 ]  [ 0  0  0  0  0  0  0  1  0  0 ]  [ 0  0  0  0  1  0  0  0  0  0 ]  [ 0  0  0  0  0  0  1  0  0  0 ]  [ 1  0  0  0  0  0  0  0  0  0 ]  [ 0  0  0  0  0  0  0  0  1  0 ]  [ 0  0  0  0  0  0  0  1  0  0 ]  [ 0  0  0  0  0  0  0  0  1  0 ]  [ 0  0  0  0  0  0  0  0  1  0 ]  [ 0  0  0  0  1  0  0  0  0  0 ]  [ 0  0  0  0  0  0  1  0  0  0 ]  [ 0  0  0  0  0  0  1  0  0  0 ]  [ 0  0  0  0  0  0  0  1  0  0 ]  [ 0  0  0  0  0  0  0  0  1  0 ]  [ 0  0  0  0  1  0  0  0  0  0 ]  [ 0  0  0  0  1  0  0  0  0  0 ]  [ 0  0  0  0  0  0  0  1  0  0 ] ];

ObjRequests = {  <1,1,7>, <2,1,3>, <3,1,5>, <4,1,3>, <5,1,9>, <6,1,18>, <7,1,6>, <8,1,22>, <9,1,5>, <10,1,2>, <11,1,25>, <12,1,2>, <13,1,6>, <14,1,5>, <15,1,4>, <16,1,2>, <19,1,1>, <20,1,6>, <21,1,4>, <22,1,1>, <23,1,10>, <24,1,4>, <25,1,3>, <26,1,1>, <27,1,3>, <28,1,4>, <29,1,5>, <30,1,6>, <31,1,4>, <32,1,4>, <33,1,5>, <34,1,16>, <37,1,22>, <38,1,2>, <39,1,1>, <40,1,4>, <41,1,8>, <42,1,8>, <43,1,8>, <44,1,3>, <45,1,2>, <46,1,5>, <47,1,1>, <48,1,2>, <50,1,3>, <51,1,1>, <52,1,10>, <53,1,3>, <54,1,13>, <55,1,2>, <57,1,2>, <58,1,4>, <59,1,2>, <62,1,6>, <63,1,6>, <64,1,1>, <65,1,1>, <66,1,11>, <67,1,3>, <69,1,1>, <70,1,2>, <71,1,2>, <72,1,3>, <73,1,1>, <75,1,2>, <76,1,6>, <77,1,1>, <78,1,2>, <79,1,4>, <80,1,2>, <81,1,1>, <82,1,4>, <83,1,2>, <84,1,3>, <85,1,1>, <86,1,1>, <87,1,1>, <88,1,1>, <89,1,11>, <90,1,3>, <93,1,3>, <94,1,3>, <95,1,1>, <96,1,12>, <99,1,2>, <100,1,6>, <101,1,2>, <102,1,4>, <103,1,2>, <104,1,2>, <105,1,5>, <106,1,2>, <107,1,1>, <108,1,2>, <110,1,5>, <111,1,1>, <112,1,5>, <113,1,2>, <114,1,2>, <116,1,1>, <117,1,2>, <119,1,3>, <120,1,3>, <121,1,1>, <122,1,2>, <124,1,1>, <125,1,2>, <126,1,2>, <127,1,2>, <128,1,2>, <129,1,6>, <130,1,2>, <131,1,3>, <132,1,1>, <133,1,6>, <135,1,1>, <136,1,2>, <137,1,1>, <138,1,10>, <139,1,1>, <140,1,5>, <141,1,3>, <142,1,1>, <143,1,3>, <144,1,1>, <146,1,4>, <147,1,1>, <149,1,1>, <151,1,4>, <152,1,4>, <153,1,1>, <154,1,2>, <155,1,7>, <156,1,1>, <158,1,5>, <159,1,1>, <160,1,5>, <161,1,2>, <162,1,1>, <163,1,2>, <164,1,6>, <165,1,1>, <166,1,4>, <168,1,6>, <169,1,1>, <171,1,2>, <172,1,1>, <173,1,1>, <174,1,2>, <175,1,2>, <176,1,4>, <177,1,1>, <179,1,1>, <180,1,3>, <181,1,2>, <182,1,1>, <183,1,1>, <184,1,5>, <186,1,2>, <188,1,1>, <189,1,2>, <190,1,4>, <191,1,4>, <192,1,1>, <193,1,1>, <194,1,4>, <195,1,2>, <198,1,1>, <199,1,5>, <200,1,5>, <201,1,2>, <202,1,8>, <203,1,2>, <204,1,2>, <205,1,5>, <206,1,1>, <207,1,5>, <208,1,2>, <209,1,1>, <211,1,2>, <212,1,1>, <213,1,2>, <214,1,1>, <215,1,1>, <216,1,2>, <217,1,1>, <218,1,1>, <219,1,2>, <220,1,1>, <222,1,1>, <223,1,2>, <224,1,2>, <225,1,2>, <227,1,3>, <228,1,3>, <229,1,1>, <232,1,1>, <233,1,6>, <235,1,3>, <237,1,2>, <238,1,1>, <240,1,3>, <247,1,3>, <248,1,1>, <249,1,2>, <250,1,1>, <251,1,1>, <253,1,1>, <254,1,2>, <255,1,1>, <256,1,2>, <258,1,1>, <260,1,1>, <261,1,3>, <262,1,3>, <263,1,4>, <266,1,4>, <267,1,1>, <271,1,6>, <273,1,2>, <274,1,1>, <276,1,4>, <277,1,1>, <278,1,1>, <280,1,1>, <281,1,1>, <282,1,2>, <283,1,1>, <285,1,1>, <287,1,1>, <288,1,5>, <289,1,3>, <291,1,4>, <293,1,5>, <294,1,1>, <296,1,3>, <297,1,1>, <301,1,3>, <302,1,2>, <303,1,3>, <304,1,1>, <305,1,2>, <306,1,4>, <307,1,1>, <309,1,1>, <310,1,3>, <312,1,4>, <313,1,1>, <314,1,2>, <315,1,1>, <316,1,3>, <317,1,1>, <318,1,2>, <320,1,1>, <321,1,3>, <323,1,1>, <325,1,3>, <326,1,4>, <328,1,3>, <331,1,1>, <332,1,6>, <333,1,3>, <334,1,1>, <337,1,3>, <340,1,3>, <345,1,2>, <346,1,1>, <347,1,2>, <348,1,2>, <349,1,1>, <350,1,1>, <352,1,1>, <356,1,1>, <359,1,3>, <361,1,1>, <362,1,5>, <363,1,1>, <366,1,2>, <367,1,1>, <369,1,2>, <370,1,3>, <371,1,1>, <373,1,1>, <374,1,6>, <375,1,1>, <376,1,1>, <377,1,2>, <378,1,5>, <381,1,1>, <382,1,1>, <383,1,1>, <384,1,2>, <386,1,2>, <388,1,1>, <390,1,3>, <391,1,1>, <392,1,2>, <396,1,1>, <397,1,1>, <398,1,1>, <399,1,1>, <400,1,1>, <401,1,3>, <402,1,3>, <403,1,1>, <404,1,2>, <405,1,1>, <406,1,3>, <407,1,4>, <408,1,4>, <409,1,3>, <411,1,1>, <412,1,1>, <413,1,1>, <414,1,3>, <415,1,1>, <419,1,1>, <420,1,1>, <421,1,1>, <422,1,2>, <423,1,1>, <424,1,1>, <425,1,6>, <427,1,3>, <428,1,2>, <429,1,1>, <430,1,1>, <431,1,2>, <433,1,3>, <437,1,1>, <440,1,1>, <442,1,1>, <447,1,1>, <448,1,1>, <449,1,1>, <451,1,1>, <452,1,1>, <453,1,4>, <454,1,1>, <455,1,5>, <459,1,3>, <460,1,1>, <461,1,1>, <463,1,1>, <464,1,3>, <465,1,2>, <467,1,1>, <468,1,5>, <469,1,2>, <471,1,1>, <473,1,2>, <474,1,1>, <475,1,4>, <476,1,1>, <477,1,2>, <478,1,1>, <479,1,2>, <483,1,1>, <484,1,2>, <485,1,1>, <486,1,2>, <488,1,1>, <496,1,1>, <497,1,1>, <499,1,2>, <500,1,2>, <501,1,1>, <502,1,1>, <504,1,2>, <506,1,4>, <507,1,2>, <509,1,8>, <510,1,1>, <511,1,2>, <512,1,1>, <513,1,3>, <514,1,1>, <515,1,1>, <518,1,1>, <520,1,3>, <521,1,2>, <523,1,2>, <524,1,1>, <527,1,1>, <530,1,1>, <531,1,1>, <532,1,1>, <535,1,1>, <536,1,1>, <537,1,1>, <538,1,1>, <540,1,1>, <543,1,2>, <545,1,1>, <548,1,2>, <549,1,1>, <551,1,1>, <552,1,1>, <557,1,1>, <558,1,1>, <561,1,2>, <562,1,4>, <563,1,2>, <564,1,1>, <565,1,1>, <566,1,3>, <567,1,2>, <568,1,2>, <569,1,2>, <570,1,1>, <571,1,1>, <572,1,1>, <573,1,1>, <574,1,1>, <575,1,2>, <576,1,2>, <577,1,1>, <578,1,1>, <580,1,1>, <582,1,2>, <583,1,5>, <584,1,1>, <585,1,1>, <589,1,2>, <590,1,1>, <591,1,1>, <596,1,2>, <597,1,1>, <598,1,2>, <601,1,1>, <603,1,2>, <605,1,1>, <606,1,1>, <607,1,3>, <610,1,2>, <611,1,1>, <612,1,3>, <613,1,1>, <614,1,2>, <615,1,1>, <617,1,1>, <618,1,1>, <621,1,2>, <622,1,1>, <623,1,1>, <624,1,1>, <626,1,1>, <627,1,4>, <628,1,3>, <631,1,1>, <637,1,2>, <640,1,5>, <643,1,1>, <644,1,7>, <647,1,1>, <649,1,3>, <652,1,1>, <653,1,2>, <654,1,1>, <655,1,1>, <658,1,1>, <659,1,1>, <660,1,2>, <662,1,1>, <664,1,1>, <668,1,1>, <671,1,2>, <673,1,1>, <674,1,5>, <677,1,2>, <678,1,1>, <679,1,4>, <682,1,3>, <683,1,1>, <684,1,2>, <685,1,1>, <689,1,1>, <690,1,2>, <691,1,1>, <692,1,5>, <693,1,1>, <694,1,4>, <696,1,3>, <697,1,1>, <698,1,1>, <700,1,3>, <701,1,1>, <703,1,1>, <704,1,1>, <708,1,1>, <709,1,1>, <710,1,5>, <711,1,1>, <712,1,1>, <713,1,2>, <714,1,2>, <715,1,1>, <716,1,1>, <717,1,1>, <718,1,1>, <719,1,1>, <720,1,2>, <722,1,1>, <723,1,1>, <724,1,2>, <725,1,1>, <726,1,1>, <727,1,1>, <730,1,3>, <732,1,1>, <733,1,1>, <734,1,1>, <736,1,3>, <740,1,1>, <742,1,1>, <743,1,3>, <744,1,1>, <745,1,3>, <747,1,1>, <748,1,1>, <752,1,2>, <754,1,1>, <755,1,2>, <756,1,1>, <758,1,1>, <759,1,2>, <761,1,1>, <763,1,1>, <765,1,1>, <766,1,1>, <767,1,1>, <768,1,1>, <769,1,7>, <773,1,1>, <775,1,1>, <776,1,1>, <779,1,1>, <780,1,1>, <783,1,1>, <784,1,1>, <785,1,6>, <789,1,2>, <791,1,1>, <792,1,2>, <793,1,1>, <794,1,1>, <796,1,1>, <797,1,1>, <798,1,2>, <799,1,3>, <800,1,1>, <802,1,1>, <803,1,1>, <809,1,1>, <811,1,3>, <812,1,4>, <813,1,1>, <815,1,1>, <816,1,1>, <817,1,2>, <818,1,2>, <819,1,1>, <820,1,1>, <822,1,1>, <823,1,1>, <824,1,1>, <825,1,5>, <826,1,1>, <827,1,4>, <829,1,2>, <830,1,2>, <832,1,2>, <834,1,2>, <835,1,1>, <836,1,1>, <839,1,1>, <841,1,1>, <843,1,1>, <845,1,2>, <846,1,1>, <848,1,2>, <849,1,1>, <850,1,1>, <851,1,1>, <853,1,1>, <854,1,2>, <855,1,2>, <859,1,2>, <860,1,4>, <861,1,1>, <863,1,1>, <864,1,2>, <865,1,1>, <867,1,1>, <868,1,1>, <869,1,1>, <873,1,1>, <875,1,3>, <877,1,2>, <878,1,2>, <880,1,4>, <881,1,3>, <882,1,2>, <888,1,1>, <890,1,1>, <891,1,4>, <893,1,1>, <894,1,1>, <895,1,1>, <896,1,1>, <897,1,1>, <898,1,2>, <899,1,1>, <900,1,1>, <901,1,1>, <902,1,1>, <909,1,1>, <910,1,1>, <911,1,3>, <914,1,2>, <915,1,1>, <916,1,1>, <922,1,1>, <923,1,4>, <924,1,2>, <925,1,1>, <926,1,1>, <927,1,2>, <928,1,3>, <930,1,1>, <931,1,3>, <933,1,1>, <934,1,1>, <935,1,1>, <936,1,1>, <937,1,1>, <938,1,2>, <939,1,1>, <940,1,1>, <942,1,2>, <944,1,5>, <945,1,1>, <948,1,1>, <949,1,1>, <950,1,1>, <951,1,1>, <952,1,1>, <953,1,2>, <958,1,3>, <961,1,1>, <964,1,1>, <966,1,3>, <967,1,1>, <968,1,1>, <969,1,1>, <971,1,2>, <972,1,2>, <973,1,1>, <976,1,1>, <977,1,1>, <981,1,1>, <982,1,3>, <983,1,1>, <984,1,2>, <988,1,1>, <990,1,1>, <992,1,2>, <995,1,2>, <996,1,3>, <997,1,1>, <1,5,16>, <2,5,15>, <3,5,7>, <4,5,34>, <5,5,15>, <6,5,1>, <7,5,16>, <8,5,1>, <9,5,8>, <10,5,6>, <11,5,8>, <12,5,20>, <13,5,10>, <14,5,1>, <15,5,2>, <17,5,4>, <18,5,1>, <19,5,11>, <20,5,5>, <21,5,6>, <22,5,10>, <23,5,1>, <24,5,1>, <25,5,3>, <26,5,10>, <27,5,12>, <28,5,5>, <29,5,6>, <30,5,11>, <31,5,5>, <32,5,2>, <33,5,1>, <35,5,5>, <36,5,15>, <37,5,7>, <38,5,12>, <40,5,3>, <41,5,2>, <42,5,3>, <43,5,2>, <44,5,6>, <45,5,7>, <46,5,5>, <47,5,8>, <48,5,10>, <49,5,6>, <50,5,1>, <52,5,4>, <53,5,4>, <54,5,1>, <55,5,2>, <56,5,1>, <57,5,7>, <58,5,3>, <59,5,5>, <60,5,3>, <61,5,2>, <62,5,2>, <63,5,1>, <64,5,2>, <66,5,4>, <67,5,10>, <68,5,11>, <69,5,5>, <70,5,2>, <71,5,11>, <72,5,1>, <73,5,4>, <74,5,3>, <75,5,1>, <76,5,7>, <77,5,1>, <78,5,1>, <79,5,1>, <80,5,3>, <81,5,3>, <82,5,2>, <83,5,1>, <85,5,2>, <86,5,3>, <87,5,3>, <88,5,10>, <89,5,1>, <90,5,1>, <91,5,4>, <92,5,3>, <93,5,6>, <94,5,1>, <95,5,3>, <96,5,1>, <97,5,6>, <98,5,2>, <99,5,3>, <100,5,2>, <101,5,6>, <102,5,2>, <104,5,3>, <105,5,1>, <106,5,2>, <107,5,5>, <108,5,3>, <110,5,2>, <112,5,1>, <114,5,4>, <116,5,4>, <118,5,6>, <119,5,6>, <120,5,1>, <121,5,6>, <122,5,4>, <123,5,1>, <124,5,1>, <125,5,3>, <127,5,3>, <128,5,3>, <129,5,1>, <130,5,3>, <131,5,2>, <133,5,5>, <134,5,1>, <135,5,1>, <136,5,7>, <137,5,1>, <138,5,3>, <139,5,1>, <141,5,1>, <142,5,1>, <143,5,3>, <145,5,3>, <146,5,3>, <147,5,1>, <148,5,7>, <149,5,3>, <150,5,5>, <151,5,3>, <153,5,3>, <154,5,4>, <156,5,2>, <157,5,1>, <158,5,3>, <159,5,5>, <160,5,3>, <161,5,1>, <163,5,7>, <164,5,2>, <165,5,5>, <166,5,1>, <167,5,2>, <168,5,1>, <169,5,3>, <170,5,3>, <171,5,3>, <172,5,4>, <173,5,2>, <174,5,1>, <175,5,1>, <176,5,2>, <177,5,1>, <179,5,4>, <180,5,1>, <182,5,4>, <183,5,1>, <184,5,2>, <186,5,1>, <188,5,4>, <190,5,2>, <191,5,2>, <192,5,1>, <193,5,1>, <194,5,1>, <195,5,1>, <196,5,4>, <197,5,1>, <198,5,1>, <199,5,1>, <200,5,1>, <201,5,3>, <202,5,5>, <203,5,1>, <204,5,1>, <205,5,5>, <206,5,1>, <207,5,1>, <208,5,1>, <209,5,1>, <211,5,1>, <212,5,1>, <213,5,2>, <214,5,1>, <215,5,1>, <216,5,1>, <217,5,1>, <218,5,4>, <219,5,1>, <220,5,3>, <222,5,1>, <223,5,3>, <225,5,1>, <228,5,1>, <229,5,3>, <230,5,1>, <231,5,4>, <232,5,1>, <233,5,2>, <234,5,2>, <235,5,2>, <236,5,2>, <237,5,1>, <238,5,4>, <240,5,3>, <241,5,2>, <242,5,2>, <243,5,2>, <244,5,1>, <245,5,1>, <247,5,2>, <249,5,5>, <251,5,1>, <252,5,5>, <254,5,3>, <255,5,1>, <257,5,2>, <258,5,1>, <259,5,2>, <260,5,1>, <262,5,1>, <263,5,1>, <266,5,1>, <269,5,3>, <270,5,3>, <271,5,3>, <272,5,3>, <273,5,2>, <274,5,1>, <275,5,1>, <276,5,1>, <277,5,3>, <278,5,1>, <279,5,2>, <281,5,1>, <282,5,1>, <283,5,1>, <284,5,2>, <285,5,2>, <286,5,5>, <289,5,2>, <291,5,2>, <292,5,2>, <293,5,1>, <295,5,2>, <297,5,1>, <298,5,1>, <299,5,1>, <301,5,1>, <302,5,3>, <303,5,1>, <305,5,8>, <306,5,1>, <308,5,5>, <309,5,6>, <310,5,4>, <312,5,2>, <313,5,5>, <314,5,2>, <315,5,1>, <316,5,1>, <317,5,1>, <319,5,2>, <320,5,1>, <321,5,1>, <322,5,1>, <323,5,1>, <324,5,1>, <325,5,1>, <326,5,1>, <328,5,4>, <329,5,1>, <330,5,1>, <332,5,1>, <333,5,3>, <334,5,4>, <336,5,6>, <337,5,3>, <338,5,4>, <339,5,1>, <341,5,2>, <342,5,2>, <343,5,1>, <344,5,2>, <345,5,2>, <346,5,2>, <347,5,1>, <348,5,1>, <351,5,7>, <352,5,1>, <353,5,3>, <355,5,3>, <357,5,3>, <359,5,4>, <362,5,2>, <364,5,6>, <365,5,1>, <366,5,4>, <368,5,2>, <369,5,5>, <370,5,2>, <371,5,1>, <372,5,1>, <375,5,1>, <376,5,1>, <377,5,1>, <379,5,2>, <380,5,2>, <382,5,1>, <383,5,3>, <384,5,5>, <385,5,3>, <387,5,6>, <388,5,4>, <390,5,1>, <391,5,4>, <392,5,1>, <393,5,1>, <394,5,4>, <397,5,1>, <399,5,2>, <400,5,2>, <402,5,1>, <403,5,2>, <404,5,3>, <405,5,4>, <406,5,1>, <408,5,1>, <409,5,1>, <410,5,1>, <411,5,1>, <412,5,1>, <413,5,4>, <414,5,1>, <415,5,1>, <416,5,3>, <417,5,1>, <418,5,1>, <419,5,1>, <420,5,1>, <421,5,1>, <422,5,1>, <423,5,1>, <424,5,2>, <425,5,6>, <427,5,2>, <428,5,1>, <429,5,2>, <431,5,1>, <432,5,3>, <435,5,2>, <440,5,2>, <444,5,2>, <446,5,1>, <447,5,1>, <449,5,1>, <452,5,2>, <453,5,1>, <456,5,1>, <457,5,2>, <458,5,1>, <459,5,3>, <460,5,1>, <463,5,1>, <464,5,1>, <465,5,1>, <466,5,1>, <467,5,2>, <468,5,1>, <469,5,1>, <470,5,1>, <471,5,2>, <472,5,1>, <473,5,1>, <475,5,2>, <476,5,1>, <477,5,1>, <479,5,2>, <480,5,1>, <481,5,1>, <483,5,1>, <484,5,1>, <485,5,3>, <486,5,1>, <487,5,2>, <489,5,1>, <492,5,2>, <493,5,1>, <494,5,1>, <495,5,1>, <496,5,3>, <498,5,1>, <500,5,5>, <501,5,3>, <502,5,7>, <503,5,1>, <504,5,2>, <506,5,2>, <509,5,1>, <511,5,2>, <513,5,1>, <515,5,2>, <516,5,3>, <519,5,1>, <521,5,2>, <522,5,2>, <523,5,1>, <526,5,3>, <527,5,1>, <528,5,1>, <530,5,4>, <531,5,2>, <532,5,1>, <533,5,3>, <536,5,1>, <537,5,2>, <541,5,1>, <542,5,2>, <544,5,2>, <545,5,1>, <546,5,2>, <549,5,1>, <550,5,1>, <552,5,1>, <553,5,1>, <554,5,1>, <556,5,3>, <557,5,1>, <558,5,1>, <560,5,1>, <562,5,1>, <563,5,2>, <564,5,2>, <566,5,1>, <567,5,3>, <568,5,1>, <569,5,1>, <570,5,1>, <572,5,2>, <573,5,1>, <574,5,2>, <575,5,1>, <576,5,1>, <578,5,1>, <579,5,2>, <580,5,1>, <581,5,1>, <582,5,1>, <584,5,1>, <585,5,1>, <587,5,2>, <588,5,1>, <589,5,1>, <590,5,2>, <591,5,1>, <593,5,2>, <596,5,1>, <597,5,1>, <598,5,2>, <600,5,3>, <601,5,2>, <603,5,2>, <604,5,1>, <606,5,1>, <607,5,1>, <609,5,1>, <611,5,1>, <612,5,1>, <614,5,1>, <615,5,2>, <616,5,1>, <617,5,1>, <618,5,1>, <619,5,1>, <620,5,1>, <621,5,2>, <622,5,2>, <623,5,1>, <624,5,2>, <625,5,1>, <626,5,1>, <627,5,3>, <628,5,2>, <631,5,1>, <632,5,1>, <633,5,1>, <634,5,1>, <636,5,1>, <637,5,1>, <639,5,1>, <640,5,1>, <641,5,2>, <642,5,1>, <643,5,2>, <645,5,1>, <649,5,1>, <652,5,1>, <653,5,1>, <655,5,1>, <656,5,2>, <659,5,1>, <662,5,1>, <664,5,1>, <666,5,1>, <667,5,4>, <668,5,1>, <670,5,1>, <671,5,1>, <673,5,1>, <674,5,1>, <675,5,1>, <676,5,1>, <680,5,2>, <682,5,2>, <683,5,3>, <686,5,4>, <689,5,1>, <690,5,1>, <691,5,1>, <692,5,1>, <695,5,1>, <696,5,3>, <697,5,2>, <699,5,5>, <701,5,1>, <702,5,2>, <703,5,4>, <704,5,4>, <706,5,4>, <708,5,1>, <709,5,1>, <712,5,1>, <713,5,1>, <714,5,2>, <715,5,2>, <716,5,2>, <717,5,1>, <718,5,3>, <720,5,3>, <723,5,2>, <724,5,1>, <725,5,1>, <726,5,1>, <727,5,1>, <728,5,2>, <731,5,2>, <732,5,1>, <733,5,2>, <734,5,1>, <736,5,1>, <737,5,4>, <739,5,1>, <740,5,1>, <741,5,4>, <742,5,5>, <745,5,2>, <747,5,2>, <754,5,1>, <755,5,1>, <756,5,2>, <757,5,3>, <761,5,1>, <763,5,1>, <764,5,1>, <765,5,5>, <766,5,1>, <767,5,2>, <769,5,1>, <770,5,1>, <771,5,2>, <772,5,1>, <774,5,1>, <775,5,1>, <777,5,1>, <778,5,1>, <780,5,2>, <781,5,1>, <782,5,1>, <784,5,1>, <786,5,1>, <788,5,1>, <789,5,1>, <792,5,3>, <793,5,1>, <795,5,1>, <797,5,1>, <802,5,1>, <803,5,1>, <804,5,3>, <807,5,1>, <808,5,1>, <810,5,1>, <814,5,1>, <816,5,2>, <818,5,1>, <820,5,2>, <823,5,2>, <825,5,3>, <826,5,2>, <828,5,1>, <829,5,1>, <832,5,1>, <834,5,3>, <837,5,2>, <838,5,1>, <839,5,2>, <840,5,2>, <841,5,2>, <844,5,1>, <846,5,3>, <847,5,1>, <848,5,1>, <850,5,2>, <851,5,1>, <854,5,2>, <855,5,2>, <856,5,2>, <858,5,1>, <859,5,1>, <860,5,1>, <861,5,2>, <864,5,1>, <865,5,3>, <868,5,1>, <869,5,1>, <872,5,1>, <874,5,1>, <876,5,1>, <877,5,1>, <878,5,1>, <879,5,2>, <881,5,4>, <882,5,1>, <884,5,1>, <885,5,2>, <891,5,1>, <892,5,1>, <896,5,1>, <897,5,2>, <899,5,1>, <902,5,1>, <903,5,2>, <904,5,1>, <907,5,2>, <908,5,2>, <913,5,2>, <915,5,1>, <916,5,1>, <920,5,1>, <923,5,1>, <924,5,1>, <925,5,2>, <926,5,1>, <927,5,2>, <929,5,1>, <937,5,1>, <938,5,2>, <942,5,1>, <945,5,1>, <946,5,1>, <948,5,1>, <950,5,1>, <951,5,1>, <953,5,1>, <954,5,1>, <955,5,2>, <960,5,1>, <961,5,1>, <965,5,1>, <966,5,1>, <967,5,1>, <969,5,3>, <972,5,1>, <975,5,1>, <979,5,1>, <980,5,1>, <984,5,7>, <986,5,1>, <987,5,4>, <988,5,1>, <990,5,2>, <991,5,1>, <992,5,3>, <993,5,2>, <995,5,2>, <996,5,1>, <998,5,2>, <999,5,1>, <1000,5,1>, <1,7,69>, <2,7,4>, <3,7,7>, <4,7,26>, <5,7,5>, <6,7,5>, <7,7,7>, <8,7,1>, <9,7,21>, <10,7,17>, <11,7,1>, <12,7,8>, <13,7,14>, <14,7,2>, <15,7,2>, <16,7,21>, <17,7,17>, <19,7,1>, <20,7,9>, <21,7,1>, <22,7,9>, <23,7,7>, <25,7,14>, <26,7,20>, <27,7,1>, <28,7,11>, <29,7,2>, <30,7,4>, <32,7,6>, <35,7,4>, <36,7,4>, <37,7,1>, <38,7,3>, <39,7,1>, <40,7,1>, <41,7,5>, <42,7,3>, <43,7,2>, <44,7,2>, <45,7,6>, <46,7,2>, <47,7,3>, <48,7,2>, <49,7,3>, <50,7,1>, <51,7,6>, <52,7,1>, <54,7,4>, <55,7,5>, <56,7,19>, <57,7,2>, <58,7,1>, <59,7,2>, <60,7,1>, <61,7,7>, <62,7,6>, <65,7,7>, <66,7,1>, <67,7,1>, <68,7,6>, <69,7,1>, <72,7,5>, <73,7,1>, <74,7,1>, <75,7,2>, <77,7,4>, <78,7,3>, <79,7,2>, <80,7,5>, <81,7,1>, <82,7,2>, <83,7,3>, <84,7,2>, <85,7,1>, <86,7,2>, <87,7,3>, <89,7,1>, <90,7,5>, <91,7,2>, <92,7,6>, <93,7,1>, <94,7,2>, <95,7,2>, <96,7,1>, <97,7,6>, <98,7,1>, <99,7,3>, <101,7,1>, <103,7,8>, <104,7,5>, <105,7,1>, <107,7,3>, <108,7,1>, <109,7,1>, <110,7,2>, <111,7,13>, <114,7,8>, <116,7,6>, <117,7,3>, <119,7,1>, <120,7,5>, <122,7,2>, <123,7,1>, <124,7,3>, <126,7,2>, <127,7,2>, <128,7,1>, <129,7,1>, <130,7,3>, <131,7,7>, <132,7,2>, <133,7,3>, <134,7,1>, <135,7,4>, <137,7,5>, <138,7,4>, <139,7,2>, <140,7,2>, <141,7,1>, <142,7,6>, <144,7,1>, <145,7,1>, <146,7,2>, <147,7,5>, <148,7,1>, <149,7,1>, <150,7,1>, <151,7,1>, <152,7,1>, <153,7,5>, <156,7,2>, <157,7,3>, <158,7,1>, <159,7,3>, <160,7,1>, <161,7,4>, <162,7,3>, <163,7,1>, <164,7,1>, <165,7,6>, <167,7,11>, <168,7,2>, <170,7,1>, <171,7,3>, <172,7,3>, <173,7,1>, <176,7,3>, <177,7,5>, <178,7,5>, <179,7,1>, <180,7,2>, <181,7,3>, <182,7,1>, <183,7,4>, <185,7,3>, <187,7,5>, <188,7,5>, <189,7,1>, <192,7,1>, <193,7,5>, <194,7,3>, <195,7,3>, <196,7,1>, <197,7,1>, <198,7,4>, <199,7,4>, <203,7,4>, <204,7,2>, <206,7,1>, <207,7,1>, <208,7,2>, <209,7,2>, <210,7,6>, <211,7,2>, <212,7,2>, <213,7,4>, <214,7,1>, <217,7,1>, <218,7,3>, <220,7,1>, <221,7,1>, <222,7,2>, <223,7,3>, <224,7,3>, <225,7,4>, <226,7,4>, <227,7,6>, <228,7,1>, <229,7,1>, <230,7,1>, <231,7,1>, <232,7,3>, <235,7,3>, <237,7,2>, <239,7,2>, <240,7,1>, <241,7,1>, <242,7,2>, <243,7,2>, <244,7,1>, <245,7,1>, <247,7,3>, <248,7,1>, <249,7,4>, <250,7,2>, <251,7,4>, <252,7,1>, <253,7,3>, <254,7,5>, <255,7,2>, <256,7,2>, <257,7,4>, <258,7,2>, <260,7,3>, <261,7,1>, <262,7,1>, <263,7,2>, <264,7,2>, <265,7,6>, <266,7,1>, <267,7,7>, <268,7,1>, <270,7,4>, <271,7,1>, <272,7,2>, <273,7,3>, <274,7,4>, <276,7,2>, <283,7,2>, <284,7,1>, <285,7,1>, <286,7,1>, <287,7,1>, <288,7,2>, <289,7,3>, <290,7,3>, <291,7,1>, <292,7,2>, <293,7,4>, <294,7,1>, <296,7,1>, <297,7,3>, <298,7,4>, <300,7,3>, <301,7,3>, <302,7,1>, <303,7,1>, <304,7,5>, <305,7,1>, <306,7,1>, <307,7,2>, <308,7,2>, <309,7,3>, <310,7,1>, <312,7,2>, <313,7,1>, <314,7,2>, <315,7,2>, <317,7,2>, <318,7,2>, <321,7,2>, <322,7,6>, <324,7,1>, <325,7,1>, <326,7,1>, <328,7,2>, <329,7,3>, <331,7,1>, <332,7,1>, <335,7,1>, <336,7,3>, <337,7,3>, <339,7,5>, <340,7,1>, <341,7,3>, <342,7,2>, <345,7,1>, <347,7,1>, <348,7,2>, <349,7,2>, <350,7,2>, <352,7,1>, <353,7,2>, <354,7,4>, <356,7,2>, <357,7,1>, <358,7,1>, <362,7,2>, <363,7,1>, <364,7,1>, <365,7,1>, <366,7,2>, <368,7,1>, <369,7,2>, <370,7,2>, <373,7,2>, <374,7,1>, <375,7,1>, <377,7,2>, <378,7,2>, <381,7,1>, <382,7,3>, <383,7,2>, <384,7,1>, <388,7,2>, <390,7,2>, <391,7,5>, <393,7,6>, <397,7,1>, <398,7,1>, <399,7,2>, <401,7,1>, <402,7,1>, <404,7,1>, <407,7,2>, <409,7,1>, <411,7,2>, <412,7,1>, <413,7,2>, <414,7,1>, <415,7,1>, <416,7,2>, <417,7,3>, <418,7,1>, <420,7,1>, <421,7,2>, <422,7,1>, <423,7,2>, <424,7,3>, <427,7,1>, <429,7,1>, <430,7,1>, <431,7,1>, <433,7,1>, <434,7,1>, <435,7,2>, <437,7,1>, <438,7,1>, <439,7,1>, <441,7,3>, <445,7,3>, <446,7,1>, <447,7,2>, <448,7,1>, <449,7,6>, <452,7,1>, <453,7,1>, <458,7,1>, <459,7,3>, <461,7,3>, <462,7,2>, <464,7,1>, <465,7,2>, <466,7,1>, <470,7,1>, <471,7,1>, <472,7,2>, <473,7,1>, <474,7,2>, <475,7,1>, <477,7,1>, <479,7,1>, <480,7,1>, <481,7,1>, <482,7,2>, <483,7,5>, <485,7,1>, <486,7,4>, <487,7,1>, <488,7,3>, <490,7,2>, <492,7,3>, <493,7,3>, <495,7,1>, <499,7,3>, <500,7,1>, <503,7,2>, <504,7,1>, <505,7,6>, <506,7,2>, <507,7,1>, <508,7,1>, <509,7,1>, <510,7,3>, <511,7,4>, <513,7,1>, <514,7,1>, <515,7,1>, <516,7,4>, <519,7,1>, <520,7,1>, <522,7,1>, <524,7,1>, <525,7,1>, <526,7,1>, <527,7,3>, <528,7,1>, <533,7,3>, <535,7,1>, <536,7,4>, <538,7,1>, <540,7,3>, <542,7,1>, <544,7,1>, <545,7,1>, <548,7,1>, <551,7,1>, <553,7,1>, <554,7,1>, <557,7,1>, <560,7,1>, <561,7,1>, <562,7,2>, <563,7,1>, <564,7,4>, <565,7,1>, <566,7,2>, <567,7,2>, <568,7,1>, <569,7,1>, <571,7,4>, <572,7,1>, <573,7,1>, <574,7,1>, <575,7,1>, <577,7,2>, <578,7,1>, <579,7,1>, <580,7,3>, <585,7,4>, <588,7,2>, <589,7,1>, <590,7,1>, <592,7,2>, <593,7,7>, <594,7,1>, <595,7,2>, <596,7,3>, <601,7,1>, <602,7,1>, <603,7,1>, <604,7,2>, <606,7,1>, <607,7,1>, <608,7,1>, <609,7,1>, <611,7,1>, <612,7,2>, <614,7,2>, <615,7,2>, <616,7,1>, <617,7,2>, <620,7,1>, <622,7,1>, <623,7,1>, <626,7,2>, <627,7,1>, <629,7,1>, <632,7,1>, <634,7,2>, <635,7,1>, <636,7,1>, <638,7,1>, <639,7,2>, <640,7,1>, <641,7,2>, <643,7,2>, <646,7,1>, <649,7,1>, <650,7,1>, <651,7,1>, <653,7,2>, <655,7,2>, <657,7,1>, <658,7,2>, <659,7,2>, <660,7,1>, <661,7,3>, <662,7,2>, <664,7,2>, <667,7,1>, <668,7,2>, <671,7,3>, <672,7,3>, <673,7,1>, <674,7,1>, <675,7,2>, <677,7,1>, <678,7,2>, <679,7,1>, <680,7,2>, <681,7,3>, <683,7,2>, <686,7,1>, <691,7,1>, <692,7,1>, <693,7,2>, <695,7,2>, <696,7,1>, <698,7,3>, <699,7,1>, <700,7,2>, <702,7,1>, <703,7,1>, <704,7,2>, <708,7,1>, <709,7,3>, <710,7,4>, <711,7,1>, <712,7,1>, <713,7,1>, <714,7,2>, <715,7,1>, <716,7,3>, <717,7,1>, <718,7,1>, <720,7,2>, <722,7,1>, <728,7,1>, <729,7,1>, <732,7,1>, <734,7,1>, <735,7,2>, <736,7,3>, <737,7,1>, <738,7,2>, <739,7,2>, <741,7,1>, <743,7,1>, <744,7,1>, <745,7,1>, <747,7,2>, <748,7,4>, <750,7,1>, <751,7,1>, <752,7,1>, <754,7,2>, <755,7,1>, <756,7,3>, <759,7,1>, <760,7,1>, <765,7,1>, <767,7,1>, <769,7,1>, <772,7,1>, <773,7,1>, <775,7,1>, <777,7,1>, <778,7,1>, <780,7,1>, <782,7,1>, <783,7,1>, <784,7,2>, <787,7,2>, <790,7,1>, <791,7,2>, <792,7,1>, <793,7,1>, <794,7,1>, <795,7,2>, <797,7,1>, <798,7,1>, <799,7,1>, <802,7,2>, <803,7,1>, <805,7,1>, <809,7,1>, <810,7,1>, <811,7,2>, <812,7,2>, <813,7,1>, <814,7,1>, <818,7,2>, <821,7,1>, <824,7,3>, <825,7,2>, <826,7,1>, <827,7,2>, <828,7,2>, <831,7,1>, <832,7,2>, <833,7,1>, <834,7,1>, <835,7,4>, <837,7,1>, <838,7,4>, <845,7,1>, <846,7,2>, <850,7,1>, <851,7,1>, <852,7,1>, <853,7,3>, <854,7,1>, <855,7,2>, <856,7,1>, <857,7,1>, <858,7,1>, <860,7,1>, <861,7,1>, <862,7,2>, <863,7,1>, <864,7,2>, <865,7,1>, <868,7,1>, <870,7,1>, <872,7,1>, <873,7,3>, <875,7,1>, <878,7,1>, <879,7,1>, <881,7,1>, <882,7,1>, <884,7,1>, <885,7,1>, <888,7,2>, <889,7,1>, <890,7,1>, <891,7,1>, <892,7,1>, <893,7,1>, <896,7,2>, <899,7,1>, <901,7,2>, <902,7,1>, <903,7,2>, <905,7,1>, <906,7,1>, <909,7,2>, <910,7,1>, <911,7,3>, <914,7,2>, <915,7,3>, <916,7,1>, <918,7,1>, <919,7,1>, <923,7,1>, <925,7,2>, <928,7,2>, <933,7,1>, <934,7,1>, <935,7,2>, <936,7,2>, <937,7,1>, <938,7,1>, <939,7,1>, <940,7,2>, <941,7,2>, <942,7,3>, <943,7,1>, <944,7,3>, <945,7,1>, <947,7,1>, <949,7,2>, <950,7,1>, <953,7,1>, <954,7,2>, <955,7,3>, <957,7,2>, <958,7,1>, <960,7,1>, <961,7,2>, <962,7,2>, <964,7,1>, <966,7,1>, <967,7,1>, <968,7,3>, <969,7,1>, <971,7,1>, <972,7,1>, <973,7,1>, <976,7,3>, <981,7,1>, <982,7,2>, <984,7,1>, <988,7,4>, <989,7,1>, <991,7,2>, <993,7,1>, <994,7,1>, <995,7,1>, <997,7,1>, <998,7,1>, <1,8,31>, <3,8,26>, <4,8,14>, <5,8,12>, <6,8,35>, <7,8,15>, <8,8,9>, <9,8,12>, <10,8,6>, <11,8,4>, <12,8,1>, <13,8,3>, <14,8,25>, <15,8,23>, <16,8,6>, <17,8,9>, <18,8,4>, <19,8,13>, <20,8,1>, <21,8,3>, <24,8,3>, <25,8,1>, <27,8,3>, <28,8,3>, <29,8,1>, <31,8,8>, <32,8,1>, <33,8,9>, <35,8,2>, <36,8,6>, <37,8,1>, <38,8,7>, <39,8,3>, <40,8,9>, <41,8,1>, <43,8,4>, <44,8,11>, <46,8,9>, <47,8,5>, <48,8,6>, <49,8,6>, <50,8,9>, <51,8,13>, <52,8,7>, <53,8,12>, <54,8,4>, <55,8,3>, <56,8,5>, <57,8,6>, <58,8,7>, <59,8,4>, <60,8,3>, <61,8,5>, <62,8,6>, <64,8,4>, <67,8,2>, <68,8,4>, <69,8,1>, <70,8,2>, <72,8,5>, <73,8,3>, <75,8,7>, <76,8,1>, <78,8,3>, <79,8,1>, <80,8,1>, <81,8,1>, <82,8,5>, <84,8,4>, <85,8,1>, <86,8,3>, <87,8,6>, <88,8,1>, <89,8,2>, <90,8,1>, <91,8,3>, <92,8,2>, <93,8,1>, <94,8,3>, <95,8,2>, <96,8,3>, <98,8,4>, <100,8,1>, <101,8,1>, <102,8,9>, <103,8,1>, <104,8,1>, <105,8,1>, <106,8,1>, <107,8,7>, <108,8,1>, <109,8,1>, <110,8,2>, <111,8,1>, <112,8,1>, <113,8,1>, <114,8,1>, <115,8,10>, <116,8,1>, <117,8,1>, <118,8,8>, <121,8,3>, <122,8,4>, <123,8,4>, <124,8,2>, <125,8,4>, <126,8,3>, <128,8,2>, <129,8,4>, <130,8,1>, <131,8,1>, <132,8,1>, <133,8,2>, <134,8,1>, <135,8,5>, <137,8,1>, <138,8,1>, <139,8,1>, <140,8,3>, <141,8,4>, <143,8,1>, <144,8,1>, <145,8,3>, <146,8,3>, <147,8,9>, <149,8,6>, <150,8,2>, <152,8,1>, <153,8,1>, <154,8,7>, <156,8,1>, <158,8,1>, <159,8,6>, <160,8,1>, <161,8,3>, <162,8,4>, <163,8,1>, <164,8,1>, <165,8,2>, <166,8,1>, <167,8,4>, <168,8,1>, <169,8,2>, <170,8,2>, <173,8,4>, <174,8,1>, <175,8,7>, <176,8,3>, <177,8,1>, <178,8,2>, <179,8,2>, <180,8,2>, <181,8,3>, <183,8,1>, <184,8,3>, <185,8,4>, <188,8,2>, <189,8,4>, <190,8,4>, <191,8,5>, <192,8,2>, <194,8,1>, <195,8,3>, <196,8,4>, <197,8,4>, <198,8,1>, <199,8,2>, <200,8,4>, <201,8,1>, <202,8,2>, <203,8,6>, <205,8,3>, <206,8,2>, <207,8,6>, <208,8,1>, <209,8,1>, <210,8,1>, <211,8,2>, <214,8,6>, <215,8,3>, <216,8,2>, <217,8,1>, <219,8,1>, <221,8,2>, <222,8,3>, <223,8,1>, <224,8,2>, <225,8,1>, <226,8,6>, <228,8,4>, <229,8,1>, <230,8,1>, <232,8,1>, <233,8,1>, <234,8,2>, <235,8,2>, <236,8,1>, <238,8,2>, <239,8,1>, <240,8,3>, <241,8,3>, <242,8,2>, <244,8,1>, <246,8,1>, <248,8,1>, <249,8,1>, <250,8,6>, <253,8,2>, <254,8,2>, <255,8,2>, <256,8,1>, <257,8,1>, <259,8,2>, <260,8,6>, <261,8,1>, <262,8,2>, <263,8,1>, <264,8,1>, <265,8,1>, <266,8,1>, <267,8,3>, <268,8,1>, <271,8,1>, <273,8,1>, <274,8,5>, <275,8,2>, <276,8,2>, <277,8,1>, <278,8,2>, <280,8,2>, <281,8,4>, <282,8,1>, <284,8,1>, <286,8,4>, <287,8,3>, <288,8,1>, <291,8,3>, <293,8,2>, <295,8,2>, <296,8,3>, <297,8,1>, <299,8,3>, <301,8,1>, <302,8,4>, <303,8,1>, <304,8,1>, <307,8,3>, <308,8,7>, <309,8,1>, <312,8,2>, <313,8,1>, <315,8,2>, <317,8,2>, <318,8,2>, <319,8,2>, <320,8,2>, <321,8,2>, <322,8,2>, <323,8,1>, <324,8,2>, <325,8,2>, <326,8,3>, <328,8,1>, <329,8,2>, <331,8,3>, <333,8,5>, <334,8,1>, <335,8,1>, <336,8,1>, <337,8,2>, <338,8,5>, <339,8,2>, <341,8,1>, <342,8,1>, <343,8,3>, <345,8,1>, <346,8,2>, <348,8,2>, <349,8,1>, <350,8,1>, <351,8,4>, <352,8,1>, <353,8,2>, <354,8,1>, <356,8,1>, <357,8,1>, <358,8,5>, <359,8,4>, <360,8,1>, <361,8,1>, <362,8,1>, <363,8,2>, <365,8,1>, <366,8,1>, <367,8,1>, <368,8,2>, <369,8,1>, <370,8,1>, <371,8,4>, <372,8,2>, <373,8,2>, <376,8,4>, <377,8,1>, <378,8,5>, <380,8,3>, <381,8,2>, <382,8,2>, <385,8,1>, <386,8,3>, <387,8,1>, <388,8,1>, <389,8,4>, <391,8,3>, <392,8,4>, <393,8,1>, <394,8,1>, <396,8,5>, <397,8,1>, <399,8,5>, <400,8,3>, <401,8,1>, <402,8,2>, <403,8,2>, <405,8,1>, <406,8,2>, <407,8,1>, <409,8,2>, <410,8,1>, <411,8,1>, <415,8,1>, <417,8,2>, <418,8,2>, <420,8,3>, <422,8,1>, <423,8,1>, <424,8,1>, <425,8,1>, <427,8,3>, <428,8,3>, <430,8,1>, <431,8,1>, <432,8,1>, <437,8,3>, <439,8,8>, <441,8,2>, <443,8,1>, <444,8,1>, <448,8,2>, <449,8,2>, <450,8,6>, <451,8,1>, <454,8,2>, <456,8,2>, <459,8,3>, <460,8,1>, <461,8,1>, <462,8,1>, <463,8,2>, <464,8,1>, <465,8,1>, <466,8,1>, <467,8,1>, <468,8,2>, <469,8,1>, <471,8,3>, <472,8,1>, <473,8,1>, <474,8,4>, <475,8,3>, <476,8,4>, <478,8,2>, <479,8,2>, <480,8,1>, <481,8,1>, <482,8,1>, <483,8,1>, <484,8,2>, <487,8,1>, <488,8,1>, <489,8,1>, <490,8,1>, <492,8,2>, <493,8,1>, <494,8,2>, <495,8,1>, <497,8,2>, <498,8,2>, <504,8,2>, <505,8,1>, <506,8,1>, <507,8,2>, <509,8,1>, <510,8,1>, <514,8,1>, <515,8,1>, <516,8,1>, <518,8,2>, <520,8,1>, <521,8,1>, <522,8,1>, <523,8,1>, <524,8,1>, <525,8,4>, <526,8,1>, <527,8,2>, <528,8,2>, <530,8,1>, <532,8,1>, <533,8,1>, <535,8,4>, <536,8,1>, <537,8,1>, <538,8,1>, <539,8,1>, <540,8,3>, <543,8,1>, <545,8,3>, <546,8,1>, <549,8,2>, <550,8,1>, <551,8,1>, <552,8,2>, <556,8,2>, <558,8,3>, <559,8,6>, <560,8,2>, <561,8,1>, <565,8,3>, <566,8,1>, <569,8,2>, <571,8,3>, <572,8,1>, <573,8,1>, <574,8,3>, <575,8,1>, <576,8,1>, <577,8,1>, <579,8,3>, <580,8,1>, <582,8,1>, <583,8,1>, <588,8,1>, <589,8,1>, <590,8,1>, <591,8,4>, <592,8,1>, <593,8,1>, <596,8,2>, <599,8,1>, <600,8,2>, <601,8,1>, <602,8,1>, <603,8,1>, <604,8,1>, <605,8,1>, <606,8,1>, <607,8,1>, <609,8,1>, <610,8,2>, <611,8,1>, <614,8,3>, <615,8,1>, <616,8,1>, <617,8,1>, <618,8,1>, <620,8,1>, <621,8,2>, <622,8,1>, <623,8,2>, <626,8,1>, <631,8,1>, <632,8,2>, <634,8,1>, <635,8,1>, <637,8,1>, <639,8,1>, <640,8,1>, <642,8,2>, <643,8,1>, <644,8,1>, <646,8,4>, <647,8,1>, <648,8,1>, <649,8,2>, <650,8,1>, <651,8,1>, <652,8,1>, <653,8,2>, <654,8,4>, <659,8,1>, <660,8,2>, <661,8,1>, <662,8,4>, <664,8,1>, <666,8,2>, <667,8,4>, <671,8,2>, <672,8,1>, <673,8,1>, <674,8,1>, <675,8,1>, <676,8,1>, <679,8,1>, <680,8,2>, <682,8,3>, <683,8,1>, <684,8,1>, <689,8,2>, <691,8,1>, <692,8,1>, <695,8,1>, <698,8,2>, <700,8,1>, <701,8,1>, <702,8,1>, <703,8,1>, <704,8,2>, <705,8,1>, <708,8,2>, <709,8,1>, <710,8,2>, <712,8,1>, <715,8,1>, <716,8,3>, <724,8,2>, <725,8,1>, <727,8,2>, <728,8,2>, <729,8,1>, <731,8,1>, <732,8,1>, <733,8,2>, <735,8,4>, <736,8,1>, <738,8,1>, <739,8,1>, <741,8,1>, <743,8,1>, <745,8,1>, <746,8,3>, <748,8,2>, <750,8,1>, <751,8,2>, <756,8,2>, <757,8,1>, <761,8,1>, <763,8,3>, <767,8,1>, <770,8,1>, <771,8,1>, <772,8,1>, <773,8,2>, <775,8,3>, <779,8,1>, <781,8,1>, <784,8,2>, <787,8,1>, <790,8,1>, <792,8,1>, <794,8,1>, <795,8,1>, <796,8,1>, <797,8,1>, <798,8,1>, <800,8,4>, <802,8,1>, <803,8,1>, <804,8,1>, <810,8,2>, <811,8,2>, <812,8,1>, <814,8,1>, <815,8,1>, <816,8,1>, <817,8,1>, <818,8,1>, <820,8,2>, <821,8,1>, <823,8,1>, <824,8,2>, <830,8,3>, <831,8,2>, <832,8,1>, <833,8,1>, <834,8,1>, <835,8,1>, <837,8,1>, <838,8,2>, <839,8,2>, <840,8,1>, <842,8,1>, <843,8,3>, <848,8,1>, <849,8,1>, <850,8,1>, <851,8,1>, <853,8,1>, <856,8,2>, <857,8,1>, <858,8,1>, <859,8,1>, <860,8,2>, <864,8,1>, <865,8,1>, <867,8,1>, <868,8,1>, <870,8,2>, <871,8,1>, <872,8,1>, <873,8,1>, <874,8,1>, <878,8,2>, <879,8,2>, <880,8,2>, <881,8,1>, <882,8,3>, <888,8,1>, <890,8,2>, <891,8,1>, <893,8,1>, <895,8,2>, <897,8,2>, <901,8,1>, <902,8,1>, <910,8,1>, <914,8,1>, <918,8,1>, <919,8,2>, <921,8,1>, <923,8,1>, <925,8,3>, <928,8,1>, <929,8,3>, <930,8,1>, <931,8,1>, <932,8,1>, <933,8,1>, <935,8,1>, <937,8,1>, <940,8,1>, <942,8,2>, <943,8,1>, <945,8,4>, <946,8,1>, <947,8,1>, <949,8,4>, <952,8,1>, <953,8,1>, <954,8,1>, <955,8,1>, <956,8,2>, <957,8,1>, <959,8,1>, <961,8,1>, <965,8,1>, <967,8,1>, <971,8,1>, <972,8,2>, <974,8,1>, <975,8,4>, <980,8,1>, <981,8,1>, <985,8,1>, <986,8,2>, <988,8,1>, <990,8,1>, <992,8,1>, <995,8,1>, <998,8,2>, <999,8,1>, <1,9,20>, <2,9,70>, <3,9,37>, <4,9,8>, <5,9,1>, <6,9,5>, <7,9,11>, <8,9,5>, <9,9,2>, <10,9,7>, <11,9,1>, <12,9,1>, <13,9,2>, <14,9,1>, <16,9,4>, <17,9,2>, <18,9,24>, <19,9,1>, <20,9,2>, <21,9,4>, <22,9,6>, <23,9,7>, <24,9,16>, <25,9,8>, <26,9,3>, <27,9,5>, <28,9,4>, <29,9,17>, <30,9,1>, <31,9,9>, <32,9,10>, <33,9,9>, <34,9,8>, <35,9,18>, <39,9,9>, <40,9,2>, <41,9,3>, <42,9,1>, <43,9,5>, <44,9,3>, <45,9,4>, <46,9,5>, <47,9,6>, <48,9,2>, <49,9,3>, <50,9,2>, <51,9,1>, <53,9,5>, <54,9,1>, <55,9,2>, <59,9,7>, <61,9,2>, <63,9,9>, <64,9,5>, <65,9,4>, <66,9,5>, <67,9,1>, <69,9,6>, <70,9,10>, <72,9,1>, <73,9,10>, <74,9,5>, <75,9,3>, <76,9,1>, <77,9,3>, <78,9,3>, <79,9,6>, <80,9,3>, <81,9,10>, <82,9,8>, <83,9,2>, <84,9,1>, <85,9,2>, <86,9,2>, <87,9,4>, <88,9,4>, <90,9,3>, <91,9,2>, <93,9,1>, <95,9,2>, <96,9,1>, <97,9,1>, <99,9,2>, <100,9,3>, <101,9,4>, <102,9,2>, <103,9,7>, <104,9,2>, <105,9,5>, <107,9,1>, <108,9,8>, <109,9,5>, <110,9,6>, <111,9,1>, <112,9,1>, <113,9,2>, <114,9,2>, <115,9,2>, <117,9,4>, <119,9,3>, <120,9,1>, <122,9,3>, <124,9,4>, <125,9,1>, <126,9,1>, <129,9,3>, <131,9,3>, <132,9,10>, <133,9,1>, <134,9,2>, <135,9,1>, <136,9,2>, <137,9,3>, <138,9,4>, <139,9,4>, <140,9,4>, <141,9,1>, <142,9,1>, <143,9,1>, <145,9,4>, <146,9,1>, <147,9,1>, <149,9,1>, <150,9,4>, <151,9,2>, <153,9,2>, <154,9,2>, <155,9,4>, <156,9,1>, <157,9,3>, <158,9,4>, <159,9,1>, <160,9,1>, <161,9,1>, <162,9,1>, <163,9,1>, <164,9,3>, <165,9,1>, <166,9,5>, <167,9,2>, <168,9,3>, <169,9,4>, <171,9,3>, <172,9,1>, <173,9,1>, <174,9,1>, <175,9,5>, <176,9,2>, <178,9,1>, <179,9,1>, <180,9,1>, <181,9,1>, <182,9,1>, <184,9,1>, <185,9,3>, <186,9,2>, <188,9,1>, <189,9,3>, <190,9,2>, <191,9,2>, <192,9,4>, <193,9,8>, <194,9,3>, <195,9,1>, <196,9,1>, <197,9,3>, <198,9,3>, <199,9,1>, <200,9,1>, <202,9,1>, <204,9,3>, <205,9,1>, <206,9,4>, <208,9,1>, <210,9,2>, <211,9,1>, <212,9,3>, <213,9,2>, <214,9,1>, <215,9,1>, <216,9,5>, <217,9,1>, <218,9,1>, <219,9,1>, <220,9,1>, <221,9,5>, <222,9,3>, <223,9,4>, <225,9,1>, <227,9,2>, <228,9,1>, <230,9,8>, <231,9,2>, <233,9,1>, <234,9,1>, <236,9,3>, <237,9,1>, <239,9,1>, <240,9,2>, <241,9,1>, <242,9,2>, <243,9,2>, <244,9,2>, <246,9,2>, <247,9,2>, <248,9,2>, <249,9,3>, <250,9,1>, <252,9,1>, <253,9,1>, <254,9,1>, <255,9,2>, <256,9,2>, <257,9,1>, <258,9,1>, <259,9,1>, <261,9,1>, <262,9,1>, <263,9,4>, <264,9,1>, <266,9,3>, <268,9,1>, <269,9,1>, <270,9,4>, <272,9,4>, <273,9,1>, <274,9,2>, <275,9,3>, <276,9,1>, <277,9,4>, <278,9,2>, <279,9,1>, <280,9,1>, <281,9,2>, <282,9,1>, <283,9,5>, <284,9,1>, <285,9,2>, <286,9,2>, <290,9,1>, <291,9,1>, <292,9,1>, <293,9,1>, <294,9,1>, <295,9,2>, <296,9,1>, <299,9,1>, <300,9,1>, <301,9,3>, <302,9,1>, <303,9,2>, <304,9,4>, <306,9,3>, <307,9,1>, <308,9,3>, <309,9,1>, <310,9,2>, <311,9,1>, <312,9,2>, <313,9,2>, <315,9,1>, <316,9,3>, <317,9,1>, <319,9,2>, <320,9,2>, <321,9,2>, <322,9,1>, <323,9,2>, <324,9,2>, <327,9,2>, <329,9,2>, <331,9,1>, <334,9,1>, <335,9,1>, <337,9,1>, <340,9,2>, <341,9,5>, <343,9,9>, <345,9,1>, <347,9,2>, <348,9,1>, <349,9,1>, <352,9,2>, <353,9,3>, <354,9,1>, <355,9,2>, <356,9,3>, <357,9,1>, <358,9,1>, <359,9,1>, <362,9,2>, <363,9,2>, <364,9,1>, <365,9,3>, <366,9,2>, <367,9,2>, <368,9,1>, <370,9,1>, <372,9,4>, <373,9,1>, <374,9,1>, <375,9,4>, <376,9,2>, <377,9,3>, <378,9,1>, <379,9,2>, <381,9,2>, <382,9,1>, <384,9,1>, <386,9,1>, <387,9,2>, <388,9,1>, <390,9,1>, <391,9,1>, <392,9,1>, <393,9,5>, <394,9,1>, <396,9,2>, <397,9,1>, <398,9,1>, <402,9,3>, <404,9,1>, <405,9,1>, <406,9,1>, <408,9,2>, <409,9,3>, <410,9,2>, <411,9,1>, <412,9,3>, <413,9,1>, <415,9,2>, <416,9,2>, <417,9,4>, <418,9,1>, <420,9,2>, <421,9,2>, <422,9,3>, <423,9,5>, <424,9,1>, <426,9,2>, <429,9,2>, <431,9,1>, <432,9,1>, <434,9,1>, <435,9,1>, <436,9,2>, <442,9,2>, <443,9,6>, <445,9,1>, <446,9,7>, <447,9,6>, <448,9,3>, <449,9,2>, <450,9,1>, <451,9,1>, <452,9,2>, <453,9,2>, <454,9,1>, <455,9,2>, <456,9,3>, <457,9,2>, <458,9,1>, <460,9,7>, <461,9,1>, <463,9,1>, <464,9,1>, <465,9,2>, <470,9,3>, <471,9,1>, <472,9,2>, <473,9,2>, <474,9,1>, <475,9,1>, <477,9,1>, <478,9,1>, <479,9,1>, <480,9,1>, <481,9,2>, <482,9,1>, <483,9,1>, <484,9,2>, <485,9,1>, <487,9,1>, <488,9,1>, <493,9,2>, <497,9,2>, <499,9,1>, <501,9,1>, <502,9,1>, <503,9,1>, <507,9,1>, <512,9,2>, <513,9,3>, <514,9,2>, <515,9,1>, <516,9,1>, <518,9,1>, <519,9,2>, <520,9,1>, <521,9,3>, <522,9,2>, <523,9,2>, <524,9,3>, <525,9,4>, <526,9,2>, <531,9,4>, <533,9,2>, <534,9,1>, <535,9,4>, <540,9,1>, <541,9,1>, <542,9,1>, <543,9,1>, <544,9,1>, <545,9,1>, <546,9,4>, <548,9,1>, <549,9,1>, <557,9,2>, <558,9,4>, <560,9,1>, <562,9,1>, <563,9,1>, <564,9,1>, <565,9,1>, <566,9,1>, <567,9,1>, <572,9,1>, <575,9,1>, <576,9,1>, <578,9,3>, <579,9,1>, <581,9,2>, <585,9,1>, <586,9,4>, <588,9,1>, <589,9,1>, <590,9,2>, <594,9,1>, <596,9,1>, <597,9,1>, <598,9,4>, <599,9,1>, <602,9,1>, <603,9,2>, <605,9,1>, <608,9,1>, <609,9,2>, <610,9,1>, <611,9,1>, <617,9,2>, <619,9,1>, <620,9,2>, <621,9,1>, <622,9,1>, <624,9,4>, <625,9,3>, <626,9,1>, <628,9,1>, <629,9,1>, <630,9,1>, <633,9,1>, <635,9,1>, <638,9,3>, <642,9,3>, <643,9,1>, <644,9,1>, <645,9,3>, <647,9,2>, <648,9,1>, <649,9,2>, <650,9,1>, <651,9,1>, <652,9,1>, <653,9,1>, <654,9,1>, <658,9,2>, <661,9,2>, <665,9,2>, <666,9,3>, <669,9,1>, <670,9,1>, <672,9,1>, <675,9,2>, <678,9,1>, <680,9,1>, <681,9,1>, <682,9,2>, <684,9,1>, <685,9,3>, <686,9,2>, <689,9,1>, <693,9,1>, <697,9,1>, <698,9,1>, <699,9,1>, <700,9,1>, <701,9,1>, <702,9,1>, <704,9,1>, <705,9,1>, <707,9,1>, <708,9,2>, <709,9,1>, <711,9,1>, <713,9,1>, <714,9,2>, <715,9,1>, <716,9,2>, <718,9,1>, <719,9,1>, <720,9,1>, <721,9,1>, <725,9,1>, <726,9,1>, <729,9,1>, <730,9,1>, <731,9,1>, <732,9,2>, <734,9,3>, <736,9,1>, <738,9,1>, <739,9,3>, <742,9,1>, <743,9,4>, <744,9,1>, <745,9,3>, <746,9,2>, <747,9,1>, <748,9,1>, <752,9,1>, <753,9,1>, <755,9,2>, <761,9,1>, <763,9,4>, <765,9,2>, <766,9,1>, <767,9,1>, <769,9,1>, <770,9,2>, <771,9,1>, <772,9,1>, <774,9,3>, <775,9,1>, <776,9,1>, <777,9,2>, <780,9,1>, <783,9,2>, <785,9,1>, <786,9,2>, <787,9,3>, <788,9,2>, <789,9,2>, <790,9,2>, <791,9,1>, <792,9,2>, <795,9,2>, <796,9,1>, <799,9,1>, <800,9,1>, <801,9,2>, <802,9,1>, <806,9,4>, <807,9,1>, <808,9,1>, <809,9,2>, <811,9,2>, <812,9,1>, <813,9,1>, <814,9,2>, <815,9,2>, <817,9,2>, <818,9,1>, <819,9,1>, <824,9,2>, <825,9,5>, <828,9,1>, <829,9,1>, <831,9,1>, <833,9,5>, <836,9,1>, <837,9,1>, <839,9,3>, <840,9,1>, <843,9,3>, <845,9,1>, <849,9,1>, <850,9,1>, <851,9,2>, <853,9,3>, <854,9,1>, <855,9,2>, <856,9,2>, <857,9,1>, <861,9,1>, <862,9,1>, <863,9,1>, <864,9,1>, <866,9,1>, <867,9,2>, <871,9,1>, <873,9,2>, <874,9,1>, <876,9,1>, <878,9,1>, <879,9,1>, <881,9,1>, <885,9,2>, <888,9,1>, <890,9,3>, <891,9,2>, <892,9,3>, <893,9,2>, <894,9,1>, <896,9,1>, <898,9,1>, <899,9,3>, <903,9,1>, <904,9,2>, <905,9,1>, <906,9,1>, <908,9,2>, <909,9,1>, <910,9,1>, <911,9,1>, <912,9,1>, <913,9,1>, <914,9,1>, <915,9,1>, <918,9,1>, <921,9,1>, <923,9,1>, <924,9,2>, <925,9,1>, <928,9,1>, <929,9,1>, <930,9,1>, <932,9,1>, <933,9,2>, <934,9,1>, <936,9,1>, <939,9,2>, <942,9,1>, <943,9,2>, <944,9,1>, <945,9,3>, <946,9,1>, <947,9,1>, <948,9,1>, <949,9,1>, <950,9,3>, <951,9,1>, <952,9,1>, <953,9,1>, <954,9,1>, <955,9,1>, <956,9,3>, <957,9,1>, <959,9,1>, <961,9,1>, <962,9,2>, <964,9,1>, <966,9,1>, <971,9,1>, <972,9,1>, <973,9,2>, <977,9,2>, <978,9,2>, <979,9,1>, <980,9,2>, <981,9,2>, <984,9,1>, <985,9,1>, <986,9,1>, <987,9,1>, <988,9,1>, <989,9,2>, <996,9,1>, <998,9,1>, <999,9,2>, <1000,9,1> };

MaxCacheStorageAtSingleAS= [ 1312.5  0  0  0  1312.5  0  1312.5  1312.5  1312.5  0 ] ;

MaxCacheStorage = 6562.5 ;
SolutionGap = 0.01 ;
