
ASes= { 1, 2, 3, 4, 5, 6, 7, 8, 9, 10 } ;


Objects= { 1, 2, 3, 4, 5, 6, 7, 8, 9, 10, 11, 12, 13, 14, 15, 16, 17, 18, 19, 20, 21, 22, 23, 24, 25, 26, 27, 28, 29, 30, 31, 32, 33, 34, 35, 36, 37, 38, 39, 40, 41, 42, 43, 44, 45, 46, 47, 48, 49, 50, 51, 52, 53, 54, 55, 56, 57, 58, 59, 60, 61, 62, 63, 64, 65, 66, 67, 68, 69, 70, 71, 72, 73, 74, 75, 76, 77, 78, 79, 80, 81, 82, 83, 84, 85, 86, 87, 88, 89, 90, 91, 92, 93, 94, 95, 96, 97, 98, 99, 100, 101, 102, 103, 104, 105, 106, 107, 108, 109, 110, 111, 112, 113, 114, 115, 116, 117, 118, 119, 120, 121, 122, 123, 124, 125, 126, 127, 128, 129, 130, 131, 132, 133, 134, 135, 136, 137, 138, 139, 140, 141, 142, 143, 144, 145, 146, 147, 148, 149, 150, 151, 152, 153, 154, 155, 156, 157, 158, 159, 160, 161, 162, 163, 164, 165, 166, 167, 168, 169, 170, 171, 172, 173, 174, 175, 176, 177, 178, 179, 180, 181, 182, 183, 184, 185, 186, 187, 188, 189, 190, 191, 192, 193, 194, 195, 196, 197, 198, 199, 200, 201, 202, 203, 204, 205, 206, 207, 208, 209, 210, 211, 212, 213, 214, 215, 216, 217, 218, 219, 220, 221, 222, 223, 224, 225, 226, 227, 228, 229, 230, 231, 232, 233, 234, 235, 236, 237, 238, 239, 240, 241, 242, 243, 244, 245, 246, 247, 248, 249, 250, 251, 252, 253, 254, 255, 256, 257, 258, 259, 260, 261, 262, 263, 264, 265, 266, 267, 268, 269, 270, 271, 272, 273, 274, 275, 276, 277, 278, 279, 280, 281, 282, 283, 284, 285, 286, 287, 288, 289, 290, 291, 292, 293, 294, 295, 296, 297, 298, 299, 300, 301, 302, 303, 304, 305, 306, 307, 308, 309, 310, 311, 312, 313, 314, 315, 316, 317, 318, 319, 320, 321, 322, 323, 324, 325, 326, 327, 328, 329, 330, 331, 332, 333, 334, 335, 336, 337, 338, 339, 340, 341, 342, 343, 344, 345, 346, 347, 348, 349, 350, 351, 352, 353, 354, 355, 356, 357, 358, 359, 360, 361, 362, 363, 364, 365, 366, 367, 368, 369, 370, 371, 372, 373, 374, 375, 376, 377, 378, 379, 380, 381, 382, 383, 384, 385, 386, 387, 388, 389, 390, 391, 392, 393, 394, 395, 396, 397, 398, 399, 400, 401, 402, 403, 404, 405, 406, 407, 408, 409, 410, 411, 412, 413, 414, 415, 416, 417, 418, 419, 420, 421, 422, 423, 424, 425, 426, 427, 428, 429, 430, 431, 432, 433, 434, 435, 436, 437, 438, 439, 440, 441, 442, 443, 444, 445, 446, 447, 448, 449, 450, 451, 452, 453, 454, 455, 456, 457, 458, 459, 460, 461, 462, 463, 464, 465, 466, 467, 468, 469, 470, 471, 472, 473, 474, 475, 476, 477, 478, 479, 480, 481, 482, 483, 484, 485, 486, 487, 488, 489, 490, 491, 492, 493, 494, 495, 496, 497, 498, 499, 500, 501, 502, 503, 504, 505, 506, 507, 508, 509, 510, 511, 512, 513, 514, 515, 516, 517, 518, 519, 520, 521, 522, 523, 524, 525, 526, 527, 528, 529, 530, 531, 532, 533, 534, 535, 536, 537, 538, 539, 540, 541, 542, 543, 544, 545, 546, 547, 548, 549, 550, 551, 552, 553, 554, 555, 556, 557, 558, 559, 560, 561, 562, 563, 564, 565, 566, 567, 568, 569, 570, 571, 572, 573, 574, 575, 576, 577, 578, 579, 580, 581, 582, 583, 584, 585, 586, 587, 588, 589, 590, 591, 592, 593, 594, 595, 596, 597, 598, 599, 600, 601, 602, 603, 604, 605, 606, 607, 608, 609, 610, 611, 612, 613, 614, 615, 616, 617, 618, 619, 620, 621, 622, 623, 624, 625, 626, 627, 628, 629, 630, 631, 632, 633, 634, 635, 636, 637, 638, 639, 640, 641, 642, 643, 644, 645, 646, 647, 648, 649, 650, 651, 652, 653, 654, 655, 656, 657, 658, 659, 660, 661, 662, 663, 664, 665, 666, 667, 668, 669, 670, 671, 672, 673, 674, 675, 676, 677, 678, 679, 680, 681, 682, 683, 684, 685, 686, 687, 688, 689, 690, 691, 692, 693, 694, 695, 696, 697, 698, 699, 700, 701, 702, 703, 704, 705, 706, 707, 708, 709, 710, 711, 712, 713, 714, 715, 716, 717, 718, 719, 720, 721, 722, 723, 724, 725, 726, 727, 728, 729, 730, 731, 732, 733, 734, 735, 736, 737, 738, 739, 740, 741, 742, 743, 744, 745, 746, 747, 748, 749, 750, 751, 752, 753, 754, 755, 756, 757, 758, 759, 760, 761, 762, 763, 764, 765, 766, 767, 768, 769, 770, 771, 772, 773, 774, 775, 776, 777, 778, 779, 780, 781, 782, 783, 784, 785, 786, 787, 788, 789, 790, 791, 792, 793, 794, 795, 796, 797, 798, 799, 800, 801, 802, 803, 804, 805, 806, 807, 808, 809, 810, 811, 812, 813, 814, 815, 816, 817, 818, 819, 820, 821, 822, 823, 824, 825, 826, 827, 828, 829, 830, 831, 832, 833, 834, 835, 836, 837, 838, 839, 840, 841, 842, 843, 844, 845, 846, 847, 848, 849, 850, 851, 852, 853, 854, 855, 856, 857, 858, 859, 860, 861, 862, 863, 864, 865, 866, 867, 868, 869, 870, 871, 872, 873, 874, 875, 876, 877, 878, 879, 880, 881, 882, 883, 884, 885, 886, 887, 888, 889, 890, 891, 892, 893, 894, 895, 896, 897, 898, 899, 900, 901, 902, 903, 904, 905, 906, 907, 908, 909, 910, 911, 912, 913, 914, 915, 916, 917, 918, 919, 920, 921, 922, 923, 924, 925, 926, 927, 928, 929, 930, 931, 932, 933, 934, 935, 936, 937, 938, 939, 940, 941, 942, 943, 944, 945, 946, 947, 948, 949, 950, 951, 952, 953, 954, 955, 956, 957, 958, 959, 960, 961, 962, 963, 964, 965, 966, 967, 968, 969, 970, 971, 972, 973, 974, 975, 976, 977, 978, 979, 980, 981, 982, 983, 984, 985, 986, 987, 988, 989, 990, 991, 992, 993, 994, 995, 996, 997, 998, 999, 1000 } ;


QualityLevels= { 0, 1, 2, 3, 4, 5 } ;

Arcs = { <1,2,490000>, <2,1,490000>,<2,3,490000>, <3,2,490000>,<1,4,490000>, <4,1,490000>,<3,5,490000>, <5,3,490000>,<5,6,490000>, <6,5,490000>,<3,7,490000>, <7,3,490000>,<7,8,490000>, <8,7,490000>,<5,9,490000>, <9,5,490000>,<3,10,490000>, <10,3,490000> }; 


RatePerQuality= [ 0  300  700  1500  2500  3500 ] ;


CacheSpacePerQuality= [ 10000  11.25  26.25  56.25  93.75  131.25 ] ;


UtilityPerQuality= [ 0  0.66874  0.795271  0.880112  0.945742  1 ] ;


ObjectsPublishedByProducers=[ [ 0  0  0  0  0  0  0  0  0  0 ]  [ 0  0  0  0  0  0  0  0  0  0 ]  [ 0  0  0  0  0  0  0  0  0  0 ]  [ 0  0  0  0  0  0  0  0  0  0 ]  [ 0  0  0  0  0  0  0  0  0  0 ]  [ 0  0  0  0  0  0  0  0  0  0 ]  [ 0  0  0  0  0  0  0  0  0  0 ]  [ 0  0  0  0  0  0  0  0  0  0 ]  [ 0  0  0  0  0  0  0  0  0  0 ]  [ 0  0  0  0  0  0  0  0  0  0 ]  [ 0  0  0  0  0  0  0  0  0  0 ]  [ 0  0  0  0  0  0  0  0  0  0 ]  [ 0  0  0  0  0  0  0  0  0  0 ]  [ 0  0  0  0  0  0  0  0  0  0 ]  [ 0  0  0  0  0  0  0  0  0  0 ]  [ 0  0  0  0  0  0  0  0  0  0 ]  [ 0  0  0  0  0  0  0  0  0  0 ]  [ 0  0  0  0  0  0  0  0  0  0 ]  [ 0  0  0  0  0  0  0  0  0  0 ]  [ 0  0  0  0  0  0  0  0  0  0 ]  [ 0  0  0  0  0  0  0  0  0  0 ]  [ 0  0  0  0  0  0  0  0  0  0 ]  [ 0  0  0  0  0  0  0  0  0  0 ]  [ 0  0  0  0  0  0  0  0  0  0 ]  [ 0  0  0  0  0  0  0  0  0  0 ]  [ 0  0  0  0  0  0  0  0  0  0 ]  [ 0  0  0  0  0  0  0  0  0  0 ]  [ 0  0  0  0  0  0  0  0  0  0 ]  [ 0  0  0  0  0  0  0  0  0  0 ]  [ 0  0  0  0  0  0  0  0  0  0 ]  [ 0  0  0  0  0  0  0  0  0  0 ]  [ 0  0  0  0  0  0  0  0  0  0 ]  [ 0  0  0  0  0  0  0  0  0  0 ]  [ 0  0  0  0  0  0  0  0  0  0 ]  [ 0  0  0  0  0  0  0  0  0  0 ]  [ 0  0  0  0  0  0  0  0  0  0 ]  [ 0  0  0  0  0  0  0  0  0  0 ]  [ 0  0  0  0  0  0  0  0  0  0 ]  [ 0  0  0  0  0  0  0  0  0  0 ]  [ 0  0  0  0  0  0  0  0  0  0 ]  [ 0  0  0  0  0  0  0  0  0  0 ]  [ 0  0  0  0  0  0  0  0  0  0 ]  [ 0  0  0  0  0  0  0  0  0  0 ]  [ 0  0  0  0  0  0  0  0  0  0 ]  [ 0  0  0  0  0  0  0  0  0  0 ]  [ 0  0  0  0  0  0  0  0  0  0 ]  [ 0  0  0  0  0  0  0  0  0  0 ]  [ 0  0  0  0  0  0  0  0  0  0 ]  [ 0  0  0  0  0  0  0  0  0  0 ]  [ 0  0  0  0  0  0  0  0  0  0 ]  [ 0  0  0  0  0  0  0  0  0  0 ]  [ 0  0  0  0  0  0  0  0  0  0 ]  [ 0  0  0  0  0  0  0  0  0  0 ]  [ 0  0  0  0  0  0  0  0  0  0 ]  [ 0  0  0  0  0  0  0  0  0  0 ]  [ 0  0  0  0  0  0  0  0  0  0 ]  [ 0  0  0  0  0  0  0  0  0  0 ]  [ 0  0  0  0  0  0  0  0  0  0 ]  [ 0  0  0  0  0  0  0  0  0  0 ]  [ 0  0  0  0  0  0  0  0  0  0 ]  [ 0  0  0  0  0  0  0  0  0  0 ]  [ 0  0  0  0  0  0  0  0  0  0 ]  [ 0  0  0  0  0  0  0  0  0  0 ]  [ 0  0  0  0  0  0  0  0  0  0 ]  [ 0  0  0  0  0  0  0  0  0  0 ]  [ 0  0  0  0  0  0  0  0  0  0 ]  [ 0  0  0  0  0  0  0  0  0  0 ]  [ 0  0  0  0  0  0  0  0  0  0 ]  [ 0  0  0  0  0  0  0  0  0  0 ]  [ 0  0  0  0  0  0  0  0  0  0 ]  [ 0  0  0  0  0  0  0  0  0  0 ]  [ 0  0  0  0  0  0  0  0  0  0 ]  [ 0  0  0  0  0  0  0  0  0  0 ]  [ 0  0  0  0  0  0  0  0  0  0 ]  [ 0  0  0  0  0  0  0  0  0  0 ]  [ 0  0  0  0  0  0  0  0  0  0 ]  [ 0  0  0  0  0  0  0  0  0  0 ]  [ 0  0  0  0  0  0  0  0  0  0 ]  [ 0  0  0  0  0  0  0  0  0  0 ]  [ 0  0  0  0  0  0  0  0  0  0 ]  [ 0  0  0  0  0  0  0  0  0  0 ]  [ 0  0  0  0  0  0  0  0  0  0 ]  [ 0  0  0  0  0  0  0  0  0  0 ]  [ 0  0  0  0  0  0  0  0  0  0 ]  [ 0  0  0  0  0  0  0  0  0  0 ]  [ 0  0  0  0  0  0  0  0  0  0 ]  [ 0  0  0  0  0  0  0  0  0  0 ]  [ 0  0  0  0  0  0  0  0  0  0 ]  [ 0  0  0  0  0  0  0  0  0  0 ]  [ 0  0  0  0  0  0  0  0  0  0 ]  [ 0  0  0  0  0  0  0  0  0  0 ]  [ 0  0  0  0  0  0  0  0  0  0 ]  [ 0  0  0  0  0  0  0  0  0  0 ]  [ 0  0  0  0  0  0  0  0  0  0 ]  [ 0  0  0  0  0  0  0  0  0  0 ]  [ 0  0  0  0  0  0  0  0  0  0 ]  [ 0  0  0  0  0  0  0  0  0  0 ]  [ 0  0  0  0  0  0  0  0  0  0 ]  [ 0  0  0  0  0  0  0  0  0  0 ]  [ 0  0  0  0  0  0  0  0  0  0 ]  [ 0  0  0  0  0  0  0  0  0  0 ]  [ 0  0  0  0  0  0  0  0  0  0 ]  [ 0  0  0  0  0  0  0  0  0  0 ]  [ 0  0  0  0  0  0  0  0  0  0 ]  [ 0  0  0  0  0  0  0  0  0  0 ]  [ 0  0  0  0  0  0  0  0  0  0 ]  [ 0  0  0  0  0  0  0  0  0  0 ]  [ 0  0  0  0  0  0  0  0  0  0 ]  [ 0  0  0  0  0  0  0  0  0  0 ]  [ 0  0  0  0  0  0  0  0  0  0 ]  [ 0  0  0  0  0  0  0  0  0  0 ]  [ 0  0  0  0  0  0  0  0  0  0 ]  [ 0  0  0  0  0  0  0  0  0  0 ]  [ 0  0  0  0  0  0  0  0  0  0 ]  [ 0  0  0  0  0  0  0  0  0  0 ]  [ 0  0  0  0  0  0  0  0  0  0 ]  [ 0  0  0  0  0  0  0  0  0  0 ]  [ 0  0  0  0  0  0  0  0  0  0 ]  [ 0  0  0  0  0  0  0  0  0  0 ]  [ 0  0  0  0  0  0  0  0  0  0 ]  [ 0  0  0  0  0  0  0  0  0  0 ]  [ 0  0  0  0  0  0  0  0  0  0 ]  [ 0  0  0  0  0  0  0  0  0  0 ]  [ 0  0  0  0  0  0  0  0  0  0 ]  [ 0  0  0  0  0  0  0  0  0  0 ]  [ 0  0  0  0  0  0  0  0  0  0 ]  [ 0  0  0  0  0  0  0  0  0  0 ]  [ 0  0  0  0  0  0  0  0  0  0 ]  [ 0  0  0  0  0  0  0  0  0  0 ]  [ 0  0  0  0  0  0  0  0  0  0 ]  [ 0  0  0  0  0  0  0  0  0  0 ]  [ 0  0  0  0  0  0  0  0  0  0 ]  [ 0  0  0  0  0  0  0  0  0  0 ]  [ 0  0  0  0  0  0  0  0  0  0 ]  [ 0  0  0  0  0  0  0  0  0  0 ]  [ 0  0  0  0  0  0  0  0  0  0 ]  [ 0  0  0  0  0  0  0  0  0  0 ]  [ 0  0  0  0  0  0  0  0  0  0 ]  [ 0  0  0  0  0  0  0  0  0  0 ]  [ 0  0  0  0  0  0  0  0  0  0 ]  [ 0  0  0  0  0  0  0  0  0  0 ]  [ 0  0  0  0  0  0  0  0  0  0 ]  [ 0  0  0  0  0  0  0  0  0  0 ]  [ 0  0  0  0  0  0  0  0  0  0 ]  [ 0  0  0  0  0  0  0  0  0  0 ]  [ 0  0  0  0  0  0  0  0  0  0 ]  [ 0  0  0  0  0  0  0  0  0  0 ]  [ 0  0  0  0  0  0  0  0  0  0 ]  [ 0  0  0  0  0  0  0  0  0  0 ]  [ 0  0  0  0  0  0  0  0  0  0 ]  [ 0  0  0  0  0  0  0  0  0  0 ]  [ 0  0  0  0  0  0  0  0  0  0 ]  [ 0  0  0  0  0  0  0  0  0  0 ]  [ 0  0  0  0  0  0  0  0  0  0 ]  [ 0  0  0  0  0  0  0  0  0  0 ]  [ 0  0  0  0  0  0  0  0  0  0 ]  [ 0  0  0  0  0  0  0  0  0  0 ]  [ 0  0  0  0  0  0  0  0  0  0 ]  [ 0  0  0  0  0  0  0  0  0  0 ]  [ 0  0  0  0  0  0  0  0  0  0 ]  [ 0  0  0  0  0  0  0  0  0  0 ]  [ 0  0  0  0  0  0  0  0  0  0 ]  [ 0  0  0  0  0  0  0  0  0  0 ]  [ 0  0  0  0  0  0  0  0  0  0 ]  [ 0  0  0  0  0  0  0  0  0  0 ]  [ 0  0  0  0  0  0  0  0  0  0 ]  [ 0  0  0  0  0  0  0  0  0  0 ]  [ 0  0  0  0  0  0  0  0  0  0 ]  [ 0  0  0  0  0  0  0  0  0  0 ]  [ 0  0  0  0  0  0  0  0  0  0 ]  [ 0  0  0  0  0  0  0  0  0  0 ]  [ 0  0  0  0  0  0  0  0  0  0 ]  [ 0  0  0  0  0  0  0  0  0  0 ]  [ 0  0  0  0  0  0  0  0  0  0 ]  [ 0  0  0  0  0  0  0  0  0  0 ]  [ 0  0  0  0  0  0  0  0  0  0 ]  [ 0  0  0  0  0  0  0  0  0  0 ]  [ 0  0  0  0  0  0  0  0  0  0 ]  [ 0  0  0  0  0  0  0  0  0  0 ]  [ 0  0  0  0  0  0  0  0  0  0 ]  [ 0  0  0  0  0  0  0  0  0  0 ]  [ 0  0  0  0  0  0  0  0  0  0 ]  [ 0  0  0  0  0  0  0  0  0  0 ]  [ 0  0  0  0  0  0  0  0  0  0 ]  [ 0  0  0  0  0  0  0  0  0  0 ]  [ 0  0  0  0  0  0  0  0  0  0 ]  [ 0  0  0  0  0  0  0  0  0  0 ]  [ 0  0  0  0  0  0  0  0  0  0 ]  [ 0  0  0  0  0  0  0  0  0  0 ]  [ 0  0  0  0  0  0  0  0  0  0 ]  [ 0  0  0  0  0  0  0  0  0  0 ]  [ 0  0  0  0  0  0  0  0  0  0 ]  [ 0  0  0  0  0  0  0  0  0  0 ]  [ 0  0  0  0  0  0  0  0  0  0 ]  [ 0  0  0  0  0  0  0  0  0  0 ]  [ 0  0  0  0  0  0  0  0  0  0 ]  [ 0  0  0  0  0  0  0  0  0  0 ]  [ 0  0  0  0  0  0  0  0  0  0 ]  [ 0  0  0  0  0  0  0  0  0  0 ]  [ 0  0  0  0  0  0  0  0  0  0 ]  [ 0  0  0  0  0  0  0  0  0  0 ]  [ 0  0  0  0  0  0  0  0  0  0 ]  [ 0  0  0  0  0  0  0  0  0  0 ]  [ 0  0  0  0  0  0  0  0  0  0 ]  [ 0  0  0  0  0  0  0  0  0  0 ]  [ 0  0  0  0  0  0  0  0  0  0 ]  [ 0  0  0  0  0  0  0  0  0  0 ]  [ 0  0  0  0  0  0  0  0  0  0 ]  [ 0  0  0  0  0  0  0  0  0  0 ]  [ 0  0  0  0  0  0  0  0  0  0 ]  [ 0  0  0  0  0  0  0  0  0  0 ]  [ 0  0  0  0  0  0  0  0  0  0 ]  [ 0  0  0  0  0  0  0  0  0  0 ]  [ 0  0  0  0  0  0  0  0  0  0 ]  [ 0  0  0  0  0  0  0  0  0  0 ]  [ 0  0  0  0  0  0  0  0  0  0 ]  [ 0  0  0  0  0  0  0  0  0  0 ]  [ 0  0  0  0  0  0  0  0  0  0 ]  [ 0  0  0  0  0  0  0  0  0  0 ]  [ 0  0  0  0  0  0  0  0  0  0 ]  [ 0  0  0  0  0  0  0  0  0  0 ]  [ 0  0  0  0  0  0  0  0  0  0 ]  [ 0  0  0  0  0  0  0  0  0  0 ]  [ 0  0  0  0  0  0  0  0  0  0 ]  [ 0  0  0  0  0  0  0  0  0  0 ]  [ 0  0  0  0  0  0  0  0  0  0 ]  [ 0  0  0  0  0  0  0  0  0  0 ]  [ 0  0  0  0  0  0  0  0  0  0 ]  [ 0  0  0  0  0  0  0  0  0  0 ]  [ 0  0  0  0  0  0  0  0  0  0 ]  [ 0  0  0  0  0  0  0  0  0  0 ]  [ 0  0  0  0  0  0  0  0  0  0 ]  [ 0  0  0  0  0  0  0  0  0  0 ]  [ 0  0  0  0  0  0  0  0  0  0 ]  [ 0  0  0  0  0  0  0  0  0  0 ]  [ 0  0  0  0  0  0  0  0  0  0 ]  [ 0  0  0  0  0  0  0  0  0  0 ]  [ 0  0  0  0  0  0  0  0  0  0 ]  [ 0  0  0  0  0  0  0  0  0  0 ]  [ 0  0  0  0  0  0  0  0  0  0 ]  [ 0  0  0  0  0  0  0  0  0  0 ]  [ 0  0  0  0  0  0  0  0  0  0 ]  [ 0  0  0  0  0  0  0  0  0  0 ]  [ 0  0  0  0  0  0  0  0  0  0 ]  [ 0  0  0  0  0  0  0  0  0  0 ]  [ 0  0  0  0  0  0  0  0  0  0 ]  [ 0  0  0  0  0  0  0  0  0  0 ]  [ 0  0  0  0  0  0  0  0  0  0 ]  [ 0  0  0  0  0  0  0  0  0  0 ]  [ 0  0  0  0  0  0  0  0  0  0 ]  [ 0  0  0  0  0  0  0  0  0  0 ]  [ 0  0  0  0  0  0  0  0  0  0 ]  [ 0  0  0  0  0  0  0  0  0  0 ]  [ 0  0  0  0  0  0  0  0  0  0 ]  [ 0  0  0  0  0  0  0  0  0  0 ]  [ 0  0  0  0  0  0  0  0  0  0 ]  [ 0  0  0  0  0  0  0  0  0  0 ]  [ 0  0  0  0  0  0  0  0  0  0 ]  [ 0  0  0  0  0  0  0  0  0  0 ]  [ 0  0  0  0  0  0  0  0  0  0 ]  [ 0  0  0  0  0  0  0  0  0  0 ]  [ 0  0  0  0  0  0  0  0  0  0 ]  [ 0  0  0  0  0  0  0  0  0  0 ]  [ 0  0  0  0  0  0  0  0  0  0 ]  [ 0  0  0  0  0  0  0  0  0  0 ]  [ 0  0  0  0  0  0  0  0  0  0 ]  [ 0  0  0  0  0  0  0  0  0  0 ]  [ 0  0  0  0  0  0  0  0  0  0 ]  [ 0  0  0  0  0  0  0  0  0  0 ]  [ 0  0  0  0  0  0  0  0  0  0 ]  [ 0  0  0  0  0  0  0  0  0  0 ]  [ 0  0  0  0  0  0  0  0  0  0 ]  [ 0  0  0  0  0  0  0  0  0  0 ]  [ 0  0  0  0  0  0  0  0  0  0 ]  [ 0  0  0  0  0  0  0  0  0  0 ]  [ 0  0  0  0  0  0  0  0  0  0 ]  [ 0  0  0  0  0  0  0  0  0  0 ]  [ 0  0  0  0  0  0  0  0  0  0 ]  [ 0  0  0  0  0  0  0  0  0  0 ]  [ 0  0  0  0  0  0  0  0  0  0 ]  [ 0  0  0  0  0  0  0  0  0  0 ]  [ 0  0  0  0  0  0  0  0  0  0 ]  [ 0  0  0  0  0  0  0  0  0  0 ]  [ 0  0  0  0  0  0  0  0  0  0 ]  [ 0  0  0  0  0  0  0  0  0  0 ]  [ 0  0  0  0  0  0  0  0  0  0 ]  [ 0  0  0  0  0  0  0  0  0  0 ]  [ 0  0  0  0  0  0  0  0  0  0 ]  [ 0  0  0  0  0  0  0  0  0  0 ]  [ 0  0  0  0  0  0  0  0  0  0 ]  [ 0  0  0  0  0  0  0  0  0  0 ]  [ 0  0  0  0  0  0  0  0  0  0 ]  [ 0  0  0  0  0  0  0  0  0  0 ]  [ 0  0  0  0  0  0  0  0  0  0 ]  [ 0  0  0  0  0  0  0  0  0  0 ]  [ 0  0  0  0  0  0  0  0  0  0 ]  [ 0  0  0  0  0  0  0  0  0  0 ]  [ 0  0  0  0  0  0  0  0  0  0 ]  [ 0  0  0  0  0  0  0  0  0  0 ]  [ 0  0  0  0  0  0  0  0  0  0 ]  [ 0  0  0  0  0  0  0  0  0  0 ]  [ 0  0  0  0  0  0  0  0  0  0 ]  [ 0  0  0  0  0  0  0  0  0  0 ]  [ 0  0  0  0  0  0  0  0  0  0 ]  [ 0  0  0  0  0  0  0  0  0  0 ]  [ 0  0  0  0  0  0  0  0  0  0 ]  [ 0  0  0  0  0  0  0  0  0  0 ]  [ 0  0  0  0  0  0  0  0  0  0 ]  [ 0  0  0  0  0  0  0  0  0  0 ]  [ 0  0  0  0  0  0  0  0  0  0 ]  [ 0  0  0  0  0  0  0  0  0  0 ]  [ 0  0  0  0  0  0  0  0  0  0 ]  [ 0  0  0  0  0  0  0  0  0  0 ]  [ 0  0  0  0  0  0  0  0  0  0 ]  [ 0  0  0  0  0  0  0  0  0  0 ]  [ 0  0  0  0  0  0  0  0  0  0 ]  [ 0  0  0  0  0  0  0  0  0  0 ]  [ 0  0  0  0  0  0  0  0  0  0 ]  [ 0  0  0  0  0  0  0  0  0  0 ]  [ 0  0  0  0  0  0  0  0  0  0 ]  [ 0  0  0  0  0  0  0  0  0  0 ]  [ 0  0  0  0  0  0  0  0  0  0 ]  [ 0  0  0  0  0  0  0  0  0  0 ]  [ 0  0  0  0  0  0  0  0  0  0 ]  [ 0  0  0  0  0  0  0  0  0  0 ]  [ 0  0  0  0  0  0  0  0  0  0 ]  [ 0  0  0  0  0  0  0  0  0  0 ]  [ 0  0  0  0  0  0  0  0  0  0 ]  [ 0  0  0  0  0  0  0  0  0  0 ]  [ 0  0  0  0  0  0  0  0  0  0 ]  [ 0  0  0  0  0  0  0  0  0  0 ]  [ 0  0  0  0  0  0  0  0  0  0 ]  [ 0  0  0  0  0  0  0  0  0  0 ]  [ 0  0  0  0  0  0  0  0  0  0 ]  [ 0  0  0  0  0  0  0  0  0  0 ]  [ 0  0  0  0  0  0  0  0  0  0 ]  [ 0  0  0  0  0  0  0  0  0  0 ]  [ 0  0  0  0  0  0  0  0  0  0 ]  [ 0  0  0  0  0  0  0  0  0  0 ]  [ 0  0  0  0  0  0  0  0  0  0 ]  [ 0  0  0  0  0  0  0  0  0  0 ]  [ 0  0  0  0  0  0  0  0  0  0 ]  [ 0  0  0  0  0  0  0  0  0  0 ]  [ 0  0  0  0  0  0  0  0  0  0 ]  [ 0  0  0  0  0  0  0  0  0  0 ]  [ 0  0  0  0  0  0  0  0  0  0 ]  [ 0  0  0  0  0  0  0  0  0  0 ]  [ 0  0  0  0  0  0  0  0  0  0 ]  [ 0  0  0  0  0  0  0  0  0  0 ]  [ 0  0  0  0  0  0  0  0  0  0 ]  [ 0  0  0  0  0  0  0  0  0  0 ]  [ 0  0  0  0  0  0  0  0  0  0 ]  [ 0  0  0  0  0  0  0  0  0  0 ]  [ 0  0  0  0  0  0  0  0  0  0 ]  [ 0  0  0  0  0  0  0  0  0  0 ]  [ 0  0  0  0  0  0  0  0  0  0 ]  [ 0  0  0  0  0  0  0  0  0  0 ]  [ 0  0  0  0  0  0  0  0  0  0 ]  [ 0  0  0  0  0  0  0  0  0  0 ]  [ 0  0  0  0  0  0  0  0  0  0 ]  [ 0  0  0  0  0  0  0  0  0  0 ]  [ 0  0  0  0  0  0  0  0  0  0 ]  [ 0  0  0  0  0  0  0  0  0  0 ]  [ 0  0  0  0  0  0  0  0  0  0 ]  [ 0  0  0  0  0  0  0  0  0  0 ]  [ 0  0  0  0  0  0  0  0  0  0 ]  [ 0  0  0  0  0  0  0  0  0  0 ]  [ 0  0  0  0  0  0  0  0  0  0 ]  [ 0  0  0  0  0  0  0  0  0  0 ]  [ 0  0  0  0  0  0  0  0  0  0 ]  [ 0  0  0  0  0  0  0  0  0  0 ]  [ 0  0  0  0  0  0  0  0  0  0 ]  [ 0  0  0  0  0  0  0  0  0  0 ]  [ 0  0  0  0  0  0  0  0  0  0 ]  [ 0  0  0  0  0  0  0  0  0  0 ]  [ 0  0  0  0  0  0  0  0  0  0 ]  [ 0  0  0  0  0  0  0  0  0  0 ]  [ 0  0  0  0  0  0  0  0  0  0 ]  [ 0  0  0  0  0  0  0  0  0  0 ]  [ 0  0  0  0  0  0  0  0  0  0 ]  [ 0  0  0  0  0  0  0  0  0  0 ]  [ 0  0  0  0  0  0  0  0  0  0 ]  [ 0  0  0  0  0  0  0  0  0  0 ]  [ 0  0  0  0  0  0  0  0  0  0 ]  [ 0  0  0  0  0  0  0  0  0  0 ]  [ 0  0  0  0  0  0  0  0  0  0 ]  [ 0  0  0  0  0  0  0  0  0  0 ]  [ 0  0  0  0  0  0  0  0  0  0 ]  [ 0  0  0  0  0  0  0  0  0  0 ]  [ 0  0  0  0  0  0  0  0  0  0 ]  [ 0  0  0  0  0  0  0  0  0  0 ]  [ 0  0  0  0  0  0  0  0  0  0 ]  [ 0  0  0  0  0  0  0  0  0  0 ]  [ 0  0  0  0  0  0  0  0  0  0 ]  [ 0  0  0  0  0  0  0  0  0  0 ]  [ 0  0  0  0  0  0  0  0  0  0 ]  [ 0  0  0  0  0  0  0  0  0  0 ]  [ 0  0  0  0  0  0  0  0  0  0 ]  [ 0  0  0  0  0  0  0  0  0  0 ]  [ 0  0  0  0  0  0  0  0  0  0 ]  [ 0  0  0  0  0  0  0  0  0  0 ]  [ 0  0  0  0  0  0  0  0  0  0 ]  [ 0  0  0  0  0  0  0  0  0  0 ]  [ 0  0  0  0  0  0  0  0  0  0 ]  [ 0  0  0  0  0  0  0  0  0  0 ]  [ 0  0  0  0  0  0  0  0  0  0 ]  [ 0  0  0  0  0  0  0  0  0  0 ]  [ 0  0  0  0  0  0  0  0  0  0 ]  [ 0  0  0  0  0  0  0  0  0  0 ]  [ 0  0  0  0  0  0  0  0  0  0 ]  [ 0  0  0  0  0  0  0  0  0  0 ]  [ 0  0  0  0  0  0  0  0  0  0 ]  [ 0  0  0  0  0  0  0  0  0  0 ]  [ 0  0  0  0  0  0  0  0  0  0 ]  [ 0  0  0  0  0  0  0  0  0  0 ]  [ 0  0  0  0  0  0  0  0  0  0 ]  [ 0  0  0  0  0  0  0  0  0  0 ]  [ 0  0  0  0  0  0  0  0  0  0 ]  [ 0  0  0  0  0  0  0  0  0  0 ]  [ 0  0  0  0  0  0  0  0  0  0 ]  [ 0  0  0  0  0  0  0  0  0  0 ]  [ 0  0  0  0  0  0  0  0  0  0 ]  [ 0  0  0  0  0  0  0  0  0  0 ]  [ 0  0  0  0  0  0  0  0  0  0 ]  [ 0  0  0  0  0  0  0  0  0  0 ]  [ 0  0  0  0  0  0  0  0  0  0 ]  [ 0  0  0  0  0  0  0  0  0  0 ]  [ 0  0  0  0  0  0  0  0  0  0 ]  [ 0  0  0  0  0  0  0  0  0  0 ]  [ 0  0  0  0  0  0  0  0  0  0 ]  [ 0  0  0  0  0  0  0  0  0  0 ]  [ 0  0  0  0  0  0  0  0  0  0 ]  [ 0  0  0  0  0  0  0  0  0  0 ]  [ 0  0  0  0  0  0  0  0  0  0 ]  [ 0  0  0  0  0  0  0  0  0  0 ]  [ 0  0  0  0  0  0  0  0  0  0 ]  [ 0  0  0  0  0  0  0  0  0  0 ]  [ 0  0  0  0  0  0  0  0  0  0 ]  [ 0  0  0  0  0  0  0  0  0  0 ]  [ 0  0  0  0  0  0  0  0  0  0 ]  [ 0  0  0  0  0  0  0  0  0  0 ]  [ 0  0  0  0  0  0  0  0  0  0 ]  [ 0  0  0  0  0  0  0  0  0  0 ]  [ 0  0  0  0  0  0  0  0  0  0 ]  [ 0  0  0  0  0  0  0  0  0  0 ]  [ 0  0  0  0  0  0  0  0  0  0 ]  [ 0  0  0  0  0  0  0  0  0  0 ]  [ 0  0  0  0  0  0  0  0  0  0 ]  [ 0  0  0  0  0  0  0  0  0  0 ]  [ 0  0  0  0  0  0  0  0  0  0 ]  [ 0  0  0  0  0  0  0  0  0  0 ]  [ 0  0  0  0  0  0  0  0  0  0 ]  [ 0  0  0  0  0  0  0  0  0  0 ]  [ 0  0  0  0  0  0  0  0  0  0 ]  [ 0  0  0  0  0  0  0  0  0  0 ]  [ 0  0  0  0  0  0  0  0  0  0 ]  [ 0  0  0  0  0  0  0  0  0  0 ]  [ 0  0  0  0  0  0  0  0  0  0 ]  [ 0  0  0  0  0  0  0  0  0  0 ]  [ 0  0  0  0  0  0  0  0  0  0 ]  [ 0  0  0  0  0  0  0  0  0  0 ]  [ 0  0  0  0  0  0  0  0  0  0 ]  [ 0  0  0  0  0  0  0  0  0  0 ]  [ 0  0  0  0  0  0  0  0  0  0 ]  [ 0  0  0  0  0  0  0  0  0  0 ]  [ 0  0  0  0  0  0  0  0  0  0 ]  [ 0  0  0  0  0  0  0  0  0  0 ]  [ 0  0  0  0  0  0  0  0  0  0 ]  [ 0  0  0  0  0  0  0  0  0  0 ]  [ 0  0  0  0  0  0  0  0  0  0 ]  [ 0  0  0  0  0  0  0  0  0  0 ]  [ 0  0  0  0  0  0  0  0  0  0 ]  [ 0  0  0  0  0  0  0  0  0  0 ]  [ 0  0  0  0  0  0  0  0  0  0 ]  [ 0  0  0  0  0  0  0  0  0  0 ]  [ 0  0  0  0  0  0  0  0  0  0 ]  [ 0  0  0  0  0  0  0  0  0  0 ]  [ 0  0  0  0  0  0  0  0  0  0 ]  [ 0  0  0  0  0  0  0  0  0  0 ]  [ 0  0  0  0  0  0  0  0  0  0 ]  [ 0  0  0  0  0  0  0  0  0  0 ]  [ 0  0  0  0  0  0  0  0  0  0 ]  [ 0  0  0  0  0  0  0  0  0  0 ]  [ 0  0  0  0  0  0  0  0  0  0 ]  [ 0  0  0  0  0  0  0  0  0  0 ]  [ 0  0  0  0  0  0  0  0  0  0 ]  [ 0  0  0  0  0  0  0  0  0  0 ]  [ 0  0  0  0  0  0  0  0  0  0 ]  [ 0  0  0  0  0  0  0  0  0  0 ]  [ 0  0  0  0  0  0  0  0  0  0 ]  [ 0  0  0  0  0  0  0  0  0  0 ]  [ 0  0  0  0  0  0  0  0  0  0 ]  [ 0  0  0  0  0  0  0  0  0  0 ]  [ 0  0  0  0  0  0  0  0  0  0 ]  [ 0  0  0  0  0  0  0  0  0  0 ]  [ 0  0  0  0  0  0  0  0  0  0 ]  [ 0  0  0  0  0  0  0  0  0  0 ]  [ 0  0  0  0  0  0  0  0  0  0 ]  [ 0  0  0  0  0  0  0  0  0  0 ]  [ 0  0  0  0  0  0  0  0  0  0 ]  [ 0  0  0  0  0  0  0  0  0  0 ]  [ 0  0  0  0  0  0  0  0  0  0 ]  [ 0  0  0  0  0  0  0  0  0  0 ]  [ 0  0  0  0  0  0  0  0  0  0 ]  [ 0  0  0  0  0  0  0  0  0  0 ]  [ 0  0  0  0  0  0  0  0  0  0 ]  [ 0  0  0  0  0  0  0  0  0  0 ]  [ 0  0  0  0  0  0  0  0  0  0 ]  [ 0  0  0  0  0  0  0  0  0  0 ]  [ 0  0  0  0  0  0  0  0  0  0 ]  [ 0  0  0  0  0  0  0  0  0  0 ]  [ 0  0  0  0  0  0  0  0  0  0 ]  [ 0  0  0  0  0  0  0  0  0  0 ]  [ 0  0  0  0  0  0  0  0  0  0 ]  [ 0  0  0  0  0  0  0  0  0  0 ]  [ 0  0  0  0  0  0  0  0  0  0 ]  [ 0  0  0  0  0  0  0  0  0  0 ]  [ 0  0  0  0  0  0  0  0  0  0 ]  [ 0  0  0  0  0  0  0  0  0  0 ]  [ 0  0  0  0  0  0  0  0  0  0 ]  [ 0  0  0  0  0  0  0  0  0  0 ]  [ 0  0  0  0  0  0  0  0  0  0 ]  [ 0  0  0  0  0  0  0  0  0  0 ]  [ 0  0  0  0  0  0  0  0  0  0 ]  [ 0  0  0  0  0  0  0  0  0  0 ]  [ 0  0  0  0  0  0  0  0  0  0 ]  [ 0  0  0  0  0  0  0  0  0  0 ]  [ 0  0  0  0  0  0  0  0  0  0 ]  [ 0  0  0  0  0  0  0  0  0  0 ]  [ 0  0  0  0  0  0  0  0  0  0 ]  [ 0  0  0  0  0  0  0  0  0  0 ]  [ 0  0  0  0  0  0  0  0  0  0 ]  [ 0  0  0  0  0  0  0  0  0  0 ]  [ 0  0  0  0  0  0  0  0  0  0 ]  [ 0  0  0  0  0  0  0  0  0  0 ]  [ 0  0  0  0  0  0  0  0  0  0 ]  [ 0  0  0  0  0  0  0  0  0  0 ]  [ 0  0  0  0  0  0  0  0  0  0 ]  [ 0  0  0  0  0  0  0  0  0  0 ]  [ 0  0  0  0  0  0  0  0  0  0 ]  [ 0  0  0  0  0  0  0  0  0  0 ]  [ 0  0  0  0  0  0  0  0  0  0 ]  [ 0  0  0  0  0  0  0  0  0  0 ]  [ 0  0  0  0  0  0  0  0  0  0 ]  [ 0  0  0  0  0  0  0  0  0  0 ]  [ 0  0  0  0  0  0  0  0  0  0 ]  [ 0  0  0  0  0  0  0  0  0  0 ]  [ 0  0  0  0  0  0  0  0  0  0 ]  [ 0  0  0  0  0  0  0  0  0  0 ]  [ 0  0  0  0  0  0  0  0  0  0 ]  [ 0  0  0  0  0  0  0  0  0  0 ]  [ 0  0  0  0  0  0  0  0  0  0 ]  [ 0  0  0  0  0  0  0  0  0  0 ]  [ 0  0  0  0  0  0  0  0  0  0 ]  [ 0  0  0  0  0  0  0  0  0  0 ]  [ 0  0  0  0  0  0  0  0  0  0 ]  [ 0  0  0  0  0  0  0  0  0  0 ]  [ 0  0  0  0  0  0  0  0  0  0 ]  [ 0  0  0  0  0  0  0  0  0  0 ]  [ 0  0  0  0  0  0  0  0  0  0 ]  [ 0  0  0  0  0  0  0  0  0  0 ]  [ 0  0  0  0  0  0  0  0  0  0 ]  [ 0  0  0  0  0  0  0  0  0  0 ]  [ 0  0  0  0  0  0  0  0  0  0 ]  [ 0  0  0  0  0  0  0  0  0  0 ]  [ 0  0  0  0  0  0  0  0  0  0 ]  [ 0  0  0  0  0  0  0  0  0  0 ]  [ 0  0  0  0  0  0  0  0  0  0 ]  [ 0  0  0  0  0  0  0  0  0  0 ]  [ 0  0  0  0  0  0  0  0  0  0 ]  [ 0  0  0  0  0  0  0  0  0  0 ]  [ 0  0  0  0  0  0  0  0  0  0 ]  [ 0  0  0  0  0  0  0  0  0  0 ]  [ 0  0  0  0  0  0  0  0  0  0 ]  [ 0  0  0  0  0  0  0  0  0  0 ]  [ 0  0  0  0  0  0  0  0  0  0 ]  [ 0  0  0  0  0  0  0  0  0  0 ]  [ 0  0  0  0  0  0  0  0  0  0 ]  [ 0  0  0  0  0  0  0  0  0  0 ]  [ 0  0  0  0  0  0  0  0  0  0 ]  [ 0  0  0  0  0  0  0  0  0  0 ]  [ 0  0  0  0  0  0  0  0  0  0 ]  [ 0  0  0  0  0  0  0  0  0  0 ]  [ 0  0  0  0  0  0  0  0  0  0 ]  [ 0  0  0  0  0  0  0  0  0  0 ]  [ 0  0  0  0  0  0  0  0  0  0 ]  [ 0  0  0  0  0  0  0  0  0  0 ]  [ 0  0  0  0  0  0  0  0  0  0 ]  [ 0  0  0  0  0  0  0  0  0  0 ]  [ 0  0  0  0  0  0  0  0  0  0 ]  [ 0  0  0  0  0  0  0  0  0  0 ]  [ 0  0  0  0  0  0  0  0  0  0 ]  [ 0  0  0  0  0  0  0  0  0  0 ]  [ 0  0  0  0  0  0  0  0  0  0 ]  [ 0  0  0  0  0  0  0  0  0  0 ]  [ 0  0  0  0  0  0  0  0  0  0 ]  [ 0  0  0  0  0  0  0  0  0  0 ]  [ 0  0  0  0  0  0  0  0  0  0 ]  [ 0  0  0  0  0  0  0  0  0  0 ]  [ 0  0  0  0  0  0  0  0  0  0 ]  [ 0  0  0  0  0  0  0  0  0  0 ]  [ 0  0  0  0  0  0  0  0  0  0 ]  [ 0  0  0  0  0  0  0  0  0  0 ]  [ 0  0  0  0  0  0  0  0  0  0 ]  [ 0  0  0  0  0  0  0  0  0  0 ]  [ 0  0  0  0  0  0  0  0  0  0 ]  [ 0  0  0  0  0  0  0  0  0  0 ]  [ 0  0  0  0  0  0  0  0  0  0 ]  [ 0  0  0  0  0  0  0  0  0  0 ]  [ 0  0  0  0  0  0  0  0  0  0 ]  [ 0  0  0  0  0  0  0  0  0  0 ]  [ 0  0  0  0  0  0  0  0  0  0 ]  [ 0  0  0  0  0  0  0  0  0  0 ]  [ 0  0  0  0  0  0  0  0  0  0 ]  [ 0  0  0  0  0  0  0  0  0  0 ]  [ 0  0  0  0  0  0  0  0  0  0 ]  [ 0  0  0  0  0  0  0  0  0  0 ]  [ 0  0  0  0  0  0  0  0  0  0 ]  [ 0  0  0  0  0  0  0  0  0  0 ]  [ 0  0  0  0  0  0  0  0  0  0 ]  [ 0  0  0  0  0  0  0  0  0  0 ]  [ 0  0  0  0  0  0  0  0  0  0 ]  [ 0  0  0  0  0  0  0  0  0  0 ]  [ 0  0  0  0  0  0  0  0  0  0 ]  [ 0  0  0  0  0  0  0  0  0  0 ]  [ 0  0  0  0  0  0  0  0  0  0 ]  [ 0  0  0  0  0  0  0  0  0  0 ]  [ 0  0  0  0  0  0  0  0  0  0 ]  [ 0  0  0  0  0  0  0  0  0  0 ]  [ 0  0  0  0  0  0  0  0  0  0 ]  [ 0  0  0  0  0  0  0  0  0  0 ]  [ 0  0  0  0  0  0  0  0  0  0 ]  [ 0  0  0  0  0  0  0  0  0  0 ]  [ 0  0  0  0  0  0  0  0  0  0 ]  [ 0  0  0  0  0  0  0  0  0  0 ]  [ 0  0  0  0  0  0  0  0  0  0 ]  [ 0  0  0  0  0  0  0  0  0  0 ]  [ 0  0  0  0  0  0  0  0  0  0 ]  [ 0  0  0  0  0  0  0  0  0  0 ]  [ 0  0  0  0  0  0  0  0  0  0 ]  [ 0  0  0  0  0  0  0  0  0  0 ]  [ 0  0  0  0  0  0  0  0  0  0 ]  [ 0  0  0  0  0  0  0  0  0  0 ]  [ 0  0  0  0  0  0  0  0  0  0 ]  [ 0  0  0  0  0  0  0  0  0  0 ]  [ 0  0  0  0  0  0  0  0  0  0 ]  [ 0  0  0  0  0  0  0  0  0  0 ]  [ 0  0  0  0  0  0  0  0  0  0 ]  [ 0  0  0  0  0  0  0  0  0  0 ]  [ 0  0  0  0  0  0  0  0  0  0 ]  [ 0  0  0  0  0  0  0  0  0  0 ]  [ 0  0  0  0  0  0  0  0  0  0 ]  [ 0  0  0  0  0  0  0  0  0  0 ]  [ 0  0  0  0  0  0  0  0  0  0 ]  [ 0  0  0  0  0  0  0  0  0  0 ]  [ 0  0  0  0  0  0  0  0  0  0 ]  [ 0  0  0  0  0  0  0  0  0  0 ]  [ 0  0  0  0  0  0  0  0  0  0 ]  [ 0  0  0  0  0  0  0  0  0  0 ]  [ 0  0  0  0  0  0  0  0  0  0 ]  [ 0  0  0  0  0  0  0  0  0  0 ]  [ 0  0  0  0  0  0  0  0  0  0 ]  [ 0  0  0  0  0  0  0  0  0  0 ]  [ 0  0  0  0  0  0  0  0  0  0 ]  [ 0  0  0  0  0  0  0  0  0  0 ]  [ 0  0  0  0  0  0  0  0  0  0 ]  [ 0  0  0  0  0  0  0  0  0  0 ]  [ 0  0  0  0  0  0  0  0  0  0 ]  [ 0  0  0  0  0  0  0  0  0  0 ]  [ 0  0  0  0  0  0  0  0  0  0 ]  [ 0  0  0  0  0  0  0  0  0  0 ]  [ 0  0  0  0  0  0  0  0  0  0 ]  [ 0  0  0  0  0  0  0  0  0  0 ]  [ 0  0  0  0  0  0  0  0  0  0 ]  [ 0  0  0  0  0  0  0  0  0  0 ]  [ 0  0  0  0  0  0  0  0  0  0 ]  [ 0  0  0  0  0  0  0  0  0  0 ]  [ 0  0  0  0  0  0  0  0  0  0 ]  [ 0  0  0  0  0  0  0  0  0  0 ]  [ 0  0  0  0  0  0  0  0  0  0 ]  [ 0  0  0  0  0  0  0  0  0  0 ]  [ 0  0  0  0  0  0  0  0  0  0 ]  [ 0  0  0  0  0  0  0  0  0  0 ]  [ 0  0  0  0  0  0  0  0  0  0 ]  [ 0  0  0  0  0  0  0  0  0  0 ]  [ 0  0  0  0  0  0  0  0  0  0 ]  [ 0  0  0  0  0  0  0  0  0  0 ]  [ 0  0  0  0  0  0  0  0  0  0 ]  [ 0  0  0  0  0  0  0  0  0  0 ]  [ 0  0  0  0  0  0  0  0  0  0 ]  [ 0  0  0  0  0  0  0  0  0  0 ]  [ 0  0  0  0  0  0  0  0  0  0 ]  [ 0  0  0  0  0  0  0  0  0  0 ]  [ 0  0  0  0  0  0  0  0  0  0 ]  [ 0  0  0  0  0  0  0  0  0  0 ]  [ 0  0  0  0  0  0  0  0  0  0 ]  [ 0  0  0  0  0  0  0  0  0  0 ]  [ 0  0  0  0  0  0  0  0  0  0 ]  [ 0  0  0  0  0  0  0  0  0  0 ]  [ 0  0  0  0  0  0  0  0  0  0 ]  [ 0  0  0  0  0  0  0  0  0  0 ]  [ 0  0  0  0  0  0  0  0  0  0 ]  [ 0  0  0  0  0  0  0  0  0  0 ]  [ 0  0  0  0  0  0  0  0  0  0 ]  [ 0  0  0  0  0  0  0  0  0  0 ]  [ 0  0  0  0  0  0  0  0  0  0 ]  [ 0  0  0  0  0  0  0  0  0  0 ]  [ 0  0  0  0  0  0  0  0  0  0 ]  [ 0  0  0  0  0  0  0  0  0  0 ]  [ 0  0  0  0  0  0  0  0  0  0 ]  [ 0  0  0  0  0  0  0  0  0  0 ]  [ 0  0  0  0  0  0  0  0  0  0 ]  [ 0  0  0  0  0  0  0  0  0  0 ]  [ 0  0  0  0  0  0  0  0  0  0 ]  [ 0  0  0  0  0  0  0  0  0  0 ]  [ 0  0  0  0  0  0  0  0  0  0 ]  [ 0  0  0  0  0  0  0  0  0  0 ]  [ 0  0  0  0  0  0  0  0  0  0 ]  [ 0  0  0  0  0  0  0  0  0  0 ]  [ 0  0  0  0  0  0  0  0  0  0 ]  [ 0  0  0  0  0  0  0  0  0  0 ]  [ 0  0  0  0  0  0  0  0  0  0 ]  [ 0  0  0  0  0  0  0  0  0  0 ]  [ 0  0  0  0  0  0  0  0  0  0 ]  [ 0  0  0  0  0  0  0  0  0  0 ]  [ 0  0  0  0  0  0  0  0  0  0 ]  [ 0  0  0  0  0  0  0  0  0  0 ]  [ 0  0  0  0  0  0  0  0  0  0 ]  [ 0  0  0  0  0  0  0  0  0  0 ]  [ 0  0  0  0  0  0  0  0  0  0 ]  [ 0  0  0  0  0  0  0  0  0  0 ]  [ 0  0  0  0  0  0  0  0  0  0 ]  [ 0  0  0  0  0  0  0  0  0  0 ]  [ 0  0  0  0  0  0  0  0  0  0 ]  [ 0  0  0  0  0  0  0  0  0  0 ]  [ 0  0  0  0  0  0  0  0  0  0 ]  [ 0  0  0  0  0  0  0  0  0  0 ]  [ 0  0  0  0  0  0  0  0  0  0 ]  [ 0  0  0  0  0  0  0  0  0  0 ]  [ 0  0  0  0  0  0  0  0  0  0 ]  [ 0  0  0  0  0  0  0  0  0  0 ]  [ 0  0  0  0  0  0  0  0  0  0 ]  [ 0  0  0  0  0  0  0  0  0  0 ]  [ 0  0  0  0  0  0  0  0  0  0 ]  [ 0  0  0  0  0  0  0  0  0  0 ]  [ 0  0  0  0  0  0  0  0  0  0 ]  [ 0  0  0  0  0  0  0  0  0  0 ]  [ 0  0  0  0  0  0  0  0  0  0 ]  [ 0  0  0  0  0  0  0  0  0  0 ]  [ 0  0  0  0  0  0  0  0  0  0 ]  [ 0  0  0  0  0  0  0  0  0  0 ]  [ 0  0  0  0  0  0  0  0  0  0 ]  [ 0  0  0  0  0  0  0  0  0  0 ]  [ 0  0  0  0  0  0  0  0  0  0 ]  [ 0  0  0  0  0  0  0  0  0  0 ]  [ 0  0  0  0  0  0  0  0  0  0 ]  [ 0  0  0  0  0  0  0  0  0  0 ]  [ 0  0  0  0  0  0  0  0  0  0 ]  [ 0  0  0  0  0  0  0  0  0  0 ]  [ 0  0  0  0  0  0  0  0  0  0 ]  [ 0  0  0  0  0  0  0  0  0  0 ]  [ 0  0  0  0  0  0  0  0  0  0 ]  [ 0  0  0  0  0  0  0  0  0  0 ]  [ 0  0  0  0  0  0  0  0  0  0 ]  [ 0  0  0  0  0  0  0  0  0  0 ]  [ 0  0  0  0  0  0  0  0  0  0 ]  [ 0  0  0  0  0  0  0  0  0  0 ]  [ 0  0  0  0  0  0  0  0  0  0 ]  [ 0  0  0  0  0  0  0  0  0  0 ]  [ 0  0  0  0  0  0  0  0  0  0 ]  [ 0  0  0  0  0  0  0  0  0  0 ]  [ 0  0  0  0  0  0  0  0  0  0 ]  [ 0  0  0  0  0  0  0  0  0  0 ]  [ 0  0  0  0  0  0  0  0  0  0 ]  [ 0  0  0  0  0  0  0  0  0  0 ]  [ 0  0  0  0  0  0  0  0  0  0 ]  [ 0  0  0  0  0  0  0  0  0  0 ]  [ 0  0  0  0  0  0  0  0  0  0 ]  [ 0  0  0  0  0  0  0  0  0  0 ]  [ 0  0  0  0  0  0  0  0  0  0 ]  [ 0  0  0  0  0  0  0  0  0  0 ]  [ 0  0  0  0  0  0  0  0  0  0 ]  [ 0  0  0  0  0  0  0  0  0  0 ]  [ 0  0  0  0  0  0  0  0  0  0 ]  [ 0  0  0  0  0  0  0  0  0  0 ]  [ 0  0  0  0  0  0  0  0  0  0 ]  [ 0  0  0  0  0  0  0  0  0  0 ]  [ 0  0  0  0  0  0  0  0  0  0 ]  [ 0  0  0  0  0  0  0  0  0  0 ]  [ 0  0  0  0  0  0  0  0  0  0 ]  [ 0  0  0  0  0  0  0  0  0  0 ]  [ 0  0  0  0  0  0  0  0  0  0 ]  [ 0  0  0  0  0  0  0  0  0  0 ]  [ 0  0  0  0  0  0  0  0  0  0 ]  [ 0  0  0  0  0  0  0  0  0  0 ]  [ 0  0  0  0  0  0  0  0  0  0 ]  [ 0  0  0  0  0  0  0  0  0  0 ]  [ 0  0  0  0  0  0  0  0  0  0 ]  [ 0  0  0  0  0  0  0  0  0  0 ]  [ 0  0  0  0  0  0  0  0  0  0 ]  [ 0  0  0  0  0  0  0  0  0  0 ]  [ 0  0  0  0  0  0  0  0  0  0 ]  [ 0  0  0  0  0  0  0  0  0  0 ]  [ 0  0  0  0  0  0  0  0  0  0 ]  [ 0  0  0  0  0  0  0  0  0  0 ]  [ 0  0  0  0  0  0  0  0  0  0 ]  [ 0  0  0  0  0  0  0  0  0  0 ]  [ 0  0  0  0  0  0  0  0  0  0 ]  [ 0  0  0  0  0  0  0  0  0  0 ]  [ 0  0  0  0  0  0  0  0  0  0 ]  [ 0  0  0  0  0  0  0  0  0  0 ]  [ 0  0  0  0  0  0  0  0  0  0 ]  [ 0  0  0  0  0  0  0  0  0  0 ]  [ 0  0  0  0  0  0  0  0  0  0 ]  [ 0  0  0  0  0  0  0  0  0  0 ]  [ 0  0  0  0  0  0  0  0  0  0 ]  [ 0  0  0  0  0  0  0  0  0  0 ]  [ 0  0  0  0  0  0  0  0  0  0 ]  [ 0  0  0  0  0  0  0  0  0  0 ]  [ 0  0  0  0  0  0  0  0  0  0 ]  [ 0  0  0  0  0  0  0  0  0  0 ]  [ 0  0  0  0  0  0  0  0  0  0 ]  [ 0  0  0  0  0  0  0  0  0  0 ]  [ 0  0  0  0  0  0  0  0  0  0 ]  [ 0  0  0  0  0  0  0  0  0  0 ]  [ 0  0  0  0  0  0  0  0  0  0 ]  [ 0  0  0  0  0  0  0  0  0  0 ]  [ 0  0  0  0  0  0  0  0  0  0 ]  [ 0  0  0  0  0  0  0  0  0  0 ]  [ 0  0  0  0  0  0  0  0  0  0 ]  [ 0  0  0  0  0  0  0  0  0  0 ]  [ 0  0  0  0  0  0  0  0  0  0 ]  [ 0  0  0  0  0  0  0  0  0  0 ]  [ 0  0  0  0  0  0  0  0  0  0 ]  [ 0  0  0  0  0  0  0  0  0  0 ]  [ 0  0  0  0  0  0  0  0  0  0 ]  [ 0  0  0  0  0  0  0  0  0  0 ]  [ 0  0  0  0  0  0  0  0  0  0 ]  [ 0  0  0  0  0  0  0  0  0  0 ]  [ 0  0  0  0  0  0  0  0  0  0 ]  [ 0  0  0  0  0  0  0  0  0  0 ]  [ 0  0  0  0  0  0  0  0  0  0 ]  [ 0  0  0  0  0  0  0  0  0  0 ]  [ 0  0  0  0  0  0  0  0  0  0 ]  [ 0  0  0  0  0  0  0  0  0  0 ]  [ 0  0  0  0  0  0  0  0  0  0 ]  [ 0  0  0  0  0  0  0  0  0  0 ]  [ 0  0  0  0  0  0  0  0  0  0 ]  [ 0  0  0  0  0  0  0  0  0  0 ]  [ 0  0  0  0  0  0  0  0  0  0 ]  [ 0  0  0  0  0  0  0  0  0  0 ]  [ 0  0  0  0  0  0  0  0  0  0 ]  [ 0  0  0  0  0  0  0  0  0  0 ]  [ 0  0  0  0  0  0  0  0  0  0 ]  [ 0  0  0  0  0  0  0  0  0  0 ]  [ 0  0  0  0  0  0  0  0  0  0 ]  [ 0  0  0  0  0  0  0  0  0  0 ]  [ 0  0  0  0  0  0  0  0  0  0 ]  [ 0  0  0  0  0  0  0  0  0  0 ]  [ 0  0  0  0  0  0  0  0  0  0 ]  [ 0  0  0  0  0  0  0  0  0  0 ]  [ 0  0  0  0  0  0  0  0  0  0 ]  [ 0  0  0  0  0  0  0  0  0  0 ]  [ 0  0  0  0  0  0  0  0  0  0 ]  [ 0  0  0  0  0  0  0  0  0  0 ]  [ 0  0  0  0  0  0  0  0  0  0 ]  [ 0  0  0  0  0  0  0  0  0  0 ]  [ 0  0  0  0  0  0  0  0  0  0 ]  [ 0  0  0  0  0  0  0  0  0  0 ]  [ 0  0  0  0  0  0  0  0  0  0 ]  [ 0  0  0  0  0  0  0  0  0  0 ]  [ 0  0  0  0  0  0  0  0  0  0 ]  [ 0  0  0  0  0  0  0  0  0  0 ]  [ 0  0  0  0  0  0  0  0  0  0 ]  [ 0  0  0  0  0  0  0  0  0  0 ]  [ 0  0  0  0  0  0  0  0  0  0 ]  [ 0  0  0  0  0  0  0  0  0  0 ]  [ 0  0  0  0  0  0  0  0  0  0 ]  [ 0  0  0  0  0  0  0  0  0  0 ]  [ 0  0  0  0  0  0  0  0  0  0 ]  [ 0  0  0  0  0  0  0  0  0  0 ]  [ 0  0  0  0  0  0  0  0  0  0 ]  [ 0  0  0  0  0  0  0  0  0  0 ]  [ 0  0  0  0  0  0  0  0  0  0 ]  [ 0  0  0  0  0  0  0  0  0  0 ]  [ 0  0  0  0  0  0  0  0  0  0 ]  [ 0  0  0  0  0  0  0  0  0  0 ]  [ 0  0  0  0  0  0  0  0  0  0 ]  [ 0  0  0  0  0  0  0  0  0  0 ]  [ 0  0  0  0  0  0  0  0  0  0 ]  [ 0  0  0  0  0  0  0  0  0  0 ]  [ 0  0  0  0  0  0  0  0  0  0 ]  [ 0  0  0  0  0  0  0  0  0  0 ]  [ 0  0  0  0  0  0  0  0  0  0 ]  [ 0  0  0  0  0  0  0  0  0  0 ]  [ 0  0  0  0  0  0  0  0  0  0 ]  [ 0  0  0  0  0  0  0  0  0  0 ]  [ 0  0  0  0  0  0  0  0  0  0 ]  [ 0  0  0  0  0  0  0  0  0  0 ]  [ 0  0  0  0  0  0  0  0  0  0 ]  [ 0  0  0  0  0  0  0  0  0  0 ]  [ 0  0  0  0  0  0  0  0  0  0 ]  [ 0  0  0  0  0  0  0  0  0  0 ]  [ 0  0  0  0  0  0  0  0  0  0 ]  [ 0  0  0  0  0  0  0  0  0  0 ]  [ 0  0  0  0  0  0  0  0  0  0 ]  [ 0  0  0  0  0  0  0  0  0  0 ]  [ 0  0  0  0  0  0  0  0  0  0 ]  [ 0  0  0  0  0  0  0  0  0  0 ]  [ 0  0  0  0  0  0  0  0  0  0 ]  [ 0  0  0  0  0  0  0  0  0  0 ]  [ 0  0  0  0  0  0  0  0  0  0 ]  [ 0  0  0  0  0  0  0  0  0  0 ]  [ 0  0  0  0  0  0  0  0  0  0 ]  [ 0  0  0  0  0  0  0  0  0  0 ]  [ 0  0  0  0  0  0  0  0  0  0 ]  [ 0  0  0  0  0  0  0  0  0  0 ]  [ 0  0  0  0  0  0  0  0  0  0 ]  [ 0  0  0  0  0  0  0  0  0  0 ]  [ 0  0  0  0  0  0  0  0  0  0 ]  [ 0  0  0  0  0  0  0  0  0  0 ]  [ 0  0  0  0  0  0  0  0  0  0 ]  [ 0  0  0  0  0  0  0  0  0  0 ]  [ 0  0  0  0  0  0  0  0  0  0 ]  [ 0  0  0  0  0  0  0  0  0  0 ]  [ 0  0  0  0  0  0  0  0  0  0 ]  [ 0  0  0  0  0  0  0  0  0  0 ]  [ 0  0  0  0  0  0  0  0  0  0 ]  [ 0  0  0  0  0  0  0  0  0  0 ]  [ 0  0  0  0  0  0  0  0  0  0 ]  [ 0  0  0  0  0  0  0  0  0  0 ]  [ 0  0  0  0  0  0  0  0  0  0 ]  [ 0  0  0  0  0  0  0  0  0  0 ]  [ 0  0  0  0  0  0  0  0  0  0 ]  [ 0  0  0  0  0  0  0  0  0  0 ]  [ 0  0  0  0  0  0  0  0  0  0 ]  [ 0  0  0  0  0  0  0  0  0  0 ]  [ 0  0  0  0  0  0  0  0  0  0 ]  [ 0  0  0  0  0  0  0  0  0  0 ]  [ 0  0  0  0  0  0  0  0  0  0 ]  [ 0  0  0  0  0  0  0  0  0  0 ]  [ 0  0  0  0  0  0  0  0  0  0 ]  [ 0  0  0  0  0  0  0  0  0  0 ]  [ 0  0  0  0  0  0  0  0  0  0 ]  [ 0  0  0  0  0  0  0  0  0  0 ]  [ 0  0  0  0  0  0  0  0  0  0 ]  [ 0  0  0  0  0  0  0  0  0  0 ]  [ 0  0  0  0  0  0  0  0  0  0 ]  [ 0  0  0  0  0  0  0  0  0  0 ]  [ 0  0  0  0  0  0  0  0  0  0 ]  [ 0  0  0  0  0  0  0  0  0  0 ]  [ 0  0  0  0  0  0  0  0  0  0 ]  [ 0  0  0  0  0  0  0  0  0  0 ]  [ 0  0  0  0  0  0  0  0  0  0 ]  [ 0  0  0  0  0  0  0  0  0  0 ]  [ 0  0  0  0  0  0  0  0  0  0 ]  [ 0  0  0  0  0  0  0  0  0  0 ]  [ 0  0  0  0  0  0  0  0  0  0 ]  [ 0  0  0  0  0  0  0  0  0  0 ]  [ 0  0  0  0  0  0  0  0  0  0 ]  [ 0  0  0  0  0  0  0  0  0  0 ]  [ 0  0  0  0  0  0  0  0  0  0 ]  [ 0  0  0  0  0  0  0  0  0  0 ]  [ 0  0  0  0  0  0  0  0  0  0 ]  [ 0  0  0  0  0  0  0  0  0  0 ]  [ 0  0  0  0  0  0  0  0  0  0 ]  [ 0  0  0  0  0  0  0  0  0  0 ]  [ 0  0  0  0  0  0  0  0  0  0 ]  [ 0  0  0  0  0  0  0  0  0  0 ]  [ 0  0  0  0  0  0  0  0  0  0 ]  [ 0  0  0  0  0  0  0  0  0  0 ]  [ 0  0  0  0  0  0  0  0  0  0 ]  [ 0  0  0  0  0  0  0  0  0  0 ]  [ 0  0  0  0  0  0  0  0  0  0 ]  [ 0  0  0  0  0  0  0  0  0  0 ]  [ 0  0  0  0  0  0  0  0  0  0 ]  [ 0  0  0  0  0  0  0  0  0  0 ]  [ 0  0  0  0  0  0  0  0  0  0 ]  [ 0  0  0  0  0  0  0  0  0  0 ]  [ 0  0  0  0  0  0  0  0  0  0 ]  [ 0  0  0  0  0  0  0  0  0  0 ]  [ 0  0  0  0  0  0  0  0  0  0 ]  [ 0  0  0  0  0  0  0  0  0  0 ]  [ 0  0  0  0  0  0  0  0  0  0 ]  [ 0  0  0  0  0  0  0  0  0  0 ]  [ 0  0  0  0  0  0  0  0  0  0 ]  [ 0  0  0  0  0  0  0  0  0  0 ]  [ 0  0  0  0  0  0  0  0  0  0 ]  [ 0  0  0  0  0  0  0  0  0  0 ]  [ 0  0  0  0  0  0  0  0  0  0 ]  [ 0  0  0  0  0  0  0  0  0  0 ]  [ 0  0  0  0  0  0  0  0  0  0 ]  [ 0  0  0  0  0  0  0  0  0  0 ]  [ 0  0  0  0  0  0  0  0  0  0 ]  [ 0  0  0  0  0  0  0  0  0  0 ]  [ 0  0  0  0  0  0  0  0  0  0 ]  [ 0  0  0  0  0  0  0  0  0  0 ]  [ 0  0  0  0  0  0  0  0  0  0 ]  [ 0  0  0  0  0  0  0  0  0  0 ]  [ 0  0  0  0  0  0  0  0  0  0 ] ];

ObjRequests = {  <1,4,76>, <2,4,49>, <3,4,130>, <4,4,59>, <5,4,49>, <6,4,1>, <7,4,52>, <8,4,48>, <9,4,10>, <11,4,8>, <12,4,4>, <13,4,14>, <14,4,21>, <15,4,4>, <16,4,16>, <17,4,39>, <18,4,16>, <19,4,16>, <20,4,2>, <21,4,25>, <22,4,2>, <23,4,3>, <25,4,3>, <26,4,2>, <27,4,34>, <28,4,1>, <29,4,12>, <30,4,21>, <31,4,27>, <32,4,10>, <33,4,13>, <35,4,6>, <36,4,10>, <37,4,1>, <39,4,14>, <40,4,3>, <41,4,9>, <42,4,1>, <43,4,3>, <44,4,11>, <45,4,6>, <46,4,6>, <47,4,2>, <48,4,4>, <49,4,4>, <52,4,7>, <53,4,8>, <54,4,9>, <55,4,10>, <56,4,3>, <57,4,1>, <58,4,3>, <59,4,1>, <60,4,11>, <61,4,1>, <62,4,2>, <63,4,5>, <64,4,5>, <66,4,8>, <67,4,1>, <68,4,6>, <69,4,5>, <70,4,6>, <71,4,1>, <72,4,1>, <73,4,2>, <75,4,5>, <76,4,6>, <77,4,6>, <78,4,1>, <79,4,11>, <80,4,3>, <81,4,1>, <82,4,3>, <83,4,1>, <84,4,4>, <85,4,1>, <86,4,3>, <87,4,1>, <88,4,2>, <90,4,3>, <92,4,4>, <93,4,10>, <94,4,3>, <95,4,3>, <96,4,1>, <100,4,2>, <101,4,5>, <102,4,2>, <103,4,5>, <104,4,1>, <105,4,1>, <107,4,3>, <108,4,1>, <110,4,5>, <111,4,2>, <113,4,1>, <114,4,3>, <115,4,1>, <116,4,3>, <117,4,3>, <118,4,1>, <119,4,6>, <120,4,2>, <122,4,2>, <123,4,7>, <126,4,3>, <127,4,4>, <128,4,4>, <129,4,2>, <130,4,1>, <132,4,1>, <134,4,1>, <135,4,2>, <136,4,1>, <137,4,6>, <140,4,3>, <141,4,4>, <142,4,1>, <144,4,1>, <145,4,1>, <146,4,1>, <147,4,1>, <148,4,1>, <149,4,2>, <150,4,1>, <151,4,4>, <153,4,2>, <154,4,1>, <156,4,2>, <157,4,4>, <159,4,5>, <162,4,1>, <163,4,1>, <164,4,1>, <165,4,3>, <166,4,2>, <167,4,1>, <170,4,2>, <173,4,3>, <175,4,1>, <176,4,4>, <179,4,3>, <181,4,2>, <184,4,1>, <185,4,2>, <189,4,1>, <190,4,2>, <191,4,3>, <192,4,1>, <202,4,1>, <203,4,1>, <204,4,1>, <205,4,1>, <206,4,1>, <211,4,2>, <213,4,2>, <215,4,1>, <217,4,1>, <218,4,1>, <219,4,1>, <220,4,1>, <221,4,2>, <223,4,1>, <224,4,2>, <225,4,2>, <227,4,1>, <228,4,2>, <229,4,1>, <230,4,1>, <233,4,3>, <234,4,2>, <236,4,1>, <237,4,1>, <238,4,2>, <243,4,1>, <244,4,2>, <246,4,1>, <248,4,5>, <249,4,1>, <250,4,1>, <252,4,1>, <253,4,3>, <256,4,1>, <258,4,3>, <259,4,1>, <260,4,2>, <264,4,1>, <268,4,2>, <269,4,2>, <270,4,1>, <275,4,1>, <276,4,1>, <277,4,1>, <279,4,1>, <280,4,1>, <281,4,2>, <283,4,1>, <284,4,1>, <289,4,5>, <291,4,1>, <292,4,1>, <294,4,1>, <296,4,1>, <297,4,1>, <299,4,1>, <301,4,1>, <302,4,2>, <303,4,1>, <305,4,1>, <308,4,1>, <310,4,1>, <311,4,1>, <315,4,1>, <316,4,2>, <318,4,1>, <319,4,1>, <320,4,1>, <321,4,2>, <323,4,1>, <324,4,1>, <328,4,1>, <329,4,1>, <330,4,1>, <331,4,1>, <332,4,1>, <335,4,2>, <337,4,1>, <340,4,1>, <342,4,1>, <344,4,2>, <349,4,1>, <350,4,1>, <352,4,1>, <354,4,1>, <358,4,1>, <362,4,1>, <363,4,1>, <365,4,1>, <368,4,1>, <375,4,2>, <376,4,1>, <377,4,2>, <378,4,1>, <379,4,1>, <380,4,1>, <381,4,1>, <382,4,2>, <383,4,2>, <390,4,1>, <391,4,1>, <393,4,1>, <395,4,2>, <397,4,1>, <412,4,1>, <413,4,2>, <414,4,1>, <415,4,2>, <417,4,1>, <419,4,1>, <420,4,1>, <422,4,1>, <425,4,1>, <429,4,1>, <431,4,1>, <432,4,1>, <433,4,1>, <435,4,1>, <439,4,1>, <440,4,3>, <446,4,1>, <450,4,1>, <455,4,1>, <457,4,1>, <458,4,2>, <459,4,1>, <460,4,1>, <464,4,1>, <466,4,1>, <472,4,1>, <476,4,1>, <482,4,1>, <483,4,1>, <485,4,1>, <488,4,1>, <493,4,1>, <494,4,1>, <499,4,1>, <502,4,1>, <503,4,1>, <504,4,1>, <505,4,1>, <511,4,1>, <512,4,1>, <518,4,1>, <527,4,2>, <528,4,1>, <529,4,1>, <531,4,1>, <533,4,1>, <538,4,1>, <541,4,3>, <550,4,1>, <556,4,1>, <565,4,1>, <569,4,1>, <571,4,1>, <579,4,1>, <580,4,1>, <582,4,1>, <588,4,1>, <589,4,1>, <591,4,1>, <592,4,1>, <600,4,1>, <602,4,1>, <617,4,2>, <633,4,1>, <635,4,1>, <637,4,1>, <645,4,2>, <650,4,2>, <654,4,1>, <658,4,1>, <663,4,1>, <672,4,1>, <687,4,2>, <692,4,1>, <696,4,1>, <698,4,1>, <700,4,1>, <709,4,1>, <710,4,1>, <728,4,1>, <735,4,1>, <738,4,1>, <744,4,1>, <746,4,1>, <752,4,1>, <760,4,1>, <766,4,1>, <767,4,1>, <776,4,1>, <794,4,2>, <795,4,1>, <802,4,1>, <803,4,1>, <804,4,1>, <807,4,1>, <816,4,1>, <817,4,1>, <820,4,2>, <841,4,1>, <847,4,1>, <863,4,1>, <869,4,1>, <871,4,1>, <876,4,1>, <878,4,1>, <884,4,1>, <902,4,1>, <903,4,1>, <905,4,1>, <906,4,1>, <911,4,1>, <919,4,1>, <920,4,1>, <922,4,1>, <931,4,2>, <943,4,1>, <944,4,1>, <951,4,1>, <955,4,1>, <960,4,1>, <991,4,1>, <994,4,1>, <998,4,1>, <1000,4,1>, <1,6,152>, <2,6,6>, <3,6,104>, <4,6,15>, <5,6,38>, <6,6,45>, <7,6,43>, <8,6,10>, <9,6,14>, <10,6,45>, <11,6,19>, <12,6,1>, <13,6,6>, <15,6,34>, <16,6,8>, <18,6,20>, <19,6,4>, <20,6,1>, <21,6,8>, <22,6,26>, <23,6,27>, <24,6,34>, <25,6,19>, <26,6,3>, <27,6,3>, <28,6,8>, <29,6,9>, <30,6,3>, <31,6,11>, <32,6,14>, <33,6,1>, <34,6,3>, <35,6,1>, <36,6,4>, <37,6,4>, <38,6,4>, <39,6,8>, <40,6,11>, <41,6,2>, <42,6,3>, <43,6,9>, <44,6,6>, <45,6,2>, <46,6,8>, <47,6,3>, <48,6,5>, <49,6,1>, <50,6,9>, <51,6,6>, <52,6,2>, <53,6,4>, <55,6,5>, <56,6,1>, <57,6,2>, <58,6,7>, <59,6,6>, <60,6,2>, <61,6,2>, <62,6,7>, <63,6,1>, <64,6,19>, <67,6,1>, <68,6,1>, <69,6,1>, <70,6,2>, <71,6,3>, <72,6,2>, <73,6,3>, <74,6,7>, <75,6,6>, <76,6,2>, <77,6,7>, <78,6,9>, <80,6,2>, <83,6,1>, <84,6,2>, <85,6,5>, <86,6,2>, <87,6,2>, <89,6,2>, <90,6,1>, <91,6,2>, <92,6,2>, <93,6,1>, <95,6,3>, <96,6,6>, <97,6,9>, <98,6,1>, <99,6,1>, <100,6,1>, <104,6,3>, <105,6,1>, <106,6,3>, <107,6,4>, <108,6,1>, <110,6,2>, <111,6,1>, <112,6,1>, <113,6,2>, <114,6,5>, <115,6,1>, <116,6,6>, <117,6,6>, <118,6,5>, <119,6,2>, <120,6,2>, <123,6,5>, <124,6,2>, <125,6,4>, <126,6,1>, <128,6,1>, <129,6,2>, <130,6,1>, <131,6,2>, <132,6,1>, <133,6,1>, <134,6,1>, <135,6,8>, <137,6,1>, <138,6,1>, <139,6,1>, <143,6,2>, <144,6,2>, <145,6,2>, <146,6,1>, <147,6,3>, <148,6,1>, <149,6,1>, <150,6,1>, <151,6,5>, <152,6,1>, <153,6,4>, <154,6,4>, <158,6,3>, <159,6,2>, <160,6,2>, <162,6,1>, <163,6,1>, <166,6,1>, <167,6,5>, <168,6,5>, <173,6,1>, <176,6,1>, <177,6,1>, <178,6,1>, <181,6,1>, <183,6,2>, <184,6,2>, <185,6,2>, <187,6,1>, <188,6,2>, <191,6,1>, <192,6,2>, <193,6,1>, <194,6,4>, <195,6,1>, <196,6,1>, <197,6,1>, <198,6,1>, <199,6,1>, <200,6,2>, <201,6,2>, <202,6,1>, <203,6,1>, <204,6,2>, <205,6,1>, <209,6,2>, <210,6,1>, <216,6,1>, <217,6,2>, <218,6,2>, <219,6,1>, <220,6,1>, <226,6,1>, <227,6,5>, <228,6,4>, <229,6,2>, <231,6,1>, <232,6,1>, <234,6,2>, <235,6,1>, <237,6,2>, <239,6,2>, <240,6,1>, <241,6,1>, <242,6,1>, <243,6,3>, <244,6,1>, <247,6,4>, <250,6,1>, <251,6,1>, <252,6,1>, <254,6,1>, <255,6,1>, <257,6,1>, <258,6,1>, <259,6,1>, <260,6,1>, <261,6,1>, <263,6,1>, <265,6,1>, <267,6,1>, <268,6,3>, <270,6,1>, <271,6,1>, <272,6,1>, <273,6,1>, <275,6,1>, <277,6,1>, <278,6,1>, <279,6,1>, <285,6,1>, <286,6,2>, <287,6,2>, <289,6,1>, <291,6,1>, <294,6,2>, <295,6,1>, <297,6,1>, <298,6,1>, <301,6,1>, <305,6,1>, <307,6,1>, <309,6,1>, <310,6,1>, <311,6,1>, <314,6,1>, <315,6,2>, <316,6,1>, <321,6,1>, <323,6,1>, <326,6,4>, <328,6,1>, <331,6,1>, <333,6,1>, <335,6,1>, <336,6,1>, <337,6,1>, <339,6,1>, <340,6,1>, <341,6,1>, <344,6,1>, <345,6,2>, <349,6,1>, <350,6,2>, <351,6,1>, <352,6,1>, <353,6,3>, <354,6,1>, <357,6,1>, <360,6,1>, <361,6,1>, <362,6,1>, <363,6,1>, <365,6,1>, <366,6,1>, <368,6,1>, <369,6,1>, <370,6,1>, <371,6,1>, <372,6,1>, <376,6,1>, <382,6,1>, <386,6,1>, <388,6,1>, <389,6,1>, <390,6,1>, <392,6,2>, <393,6,2>, <399,6,1>, <406,6,1>, <409,6,1>, <412,6,1>, <415,6,4>, <422,6,1>, <424,6,1>, <427,6,3>, <428,6,1>, <429,6,1>, <430,6,1>, <432,6,1>, <435,6,1>, <438,6,1>, <439,6,1>, <440,6,1>, <443,6,1>, <444,6,1>, <448,6,1>, <455,6,1>, <457,6,1>, <461,6,1>, <463,6,1>, <464,6,2>, <465,6,2>, <468,6,1>, <469,6,1>, <471,6,1>, <479,6,1>, <483,6,1>, <486,6,1>, <487,6,1>, <488,6,1>, <491,6,1>, <494,6,2>, <495,6,1>, <498,6,1>, <499,6,1>, <502,6,1>, <505,6,1>, <507,6,1>, <509,6,1>, <512,6,3>, <513,6,1>, <525,6,1>, <526,6,1>, <527,6,1>, <531,6,1>, <533,6,2>, <541,6,1>, <544,6,1>, <548,6,1>, <551,6,1>, <553,6,1>, <555,6,1>, <558,6,1>, <561,6,1>, <566,6,1>, <569,6,1>, <571,6,1>, <572,6,2>, <575,6,1>, <583,6,1>, <584,6,1>, <588,6,3>, <592,6,2>, <595,6,1>, <603,6,1>, <615,6,1>, <617,6,1>, <618,6,2>, <619,6,1>, <626,6,1>, <638,6,1>, <648,6,1>, <681,6,1>, <683,6,1>, <688,6,1>, <691,6,2>, <714,6,1>, <717,6,1>, <727,6,1>, <732,6,1>, <742,6,1>, <754,6,1>, <756,6,1>, <762,6,2>, <766,6,1>, <776,6,1>, <784,6,1>, <788,6,2>, <797,6,1>, <804,6,1>, <810,6,1>, <811,6,1>, <817,6,1>, <824,6,1>, <826,6,1>, <829,6,1>, <838,6,1>, <844,6,1>, <850,6,1>, <855,6,1>, <860,6,1>, <875,6,1>, <877,6,1>, <878,6,1>, <884,6,1>, <885,6,1>, <890,6,1>, <894,6,1>, <913,6,1>, <914,6,1>, <930,6,1>, <932,6,1>, <934,6,1>, <938,6,1>, <949,6,1>, <957,6,1>, <963,6,1>, <977,6,1>, <989,6,1>, <992,6,1>, <994,6,1>, <999,6,1>, <1,8,47>, <2,8,335>, <3,8,210>, <4,8,20>, <5,8,17>, <6,8,12>, <7,8,76>, <8,8,36>, <9,8,31>, <10,8,8>, <11,8,48>, <12,8,26>, <13,8,47>, <14,8,29>, <15,8,1>, <16,8,13>, <17,8,1>, <18,8,37>, <19,8,10>, <20,8,11>, <21,8,25>, <22,8,2>, <23,8,15>, <24,8,20>, <25,8,5>, <26,8,1>, <27,8,3>, <28,8,6>, <29,8,12>, <30,8,3>, <31,8,1>, <32,8,14>, <33,8,2>, <34,8,8>, <36,8,4>, <37,8,4>, <38,8,10>, <39,8,2>, <40,8,7>, <41,8,13>, <42,8,11>, <45,8,3>, <46,8,3>, <47,8,1>, <48,8,2>, <49,8,2>, <50,8,15>, <51,8,3>, <52,8,10>, <54,8,7>, <55,8,2>, <56,8,8>, <57,8,9>, <58,8,2>, <59,8,4>, <60,8,4>, <61,8,5>, <62,8,4>, <63,8,2>, <64,8,4>, <65,8,3>, <66,8,5>, <67,8,9>, <70,8,3>, <71,8,1>, <72,8,1>, <73,8,2>, <74,8,13>, <77,8,1>, <79,8,3>, <80,8,5>, <82,8,2>, <83,8,6>, <84,8,2>, <85,8,1>, <87,8,1>, <88,8,7>, <89,8,1>, <90,8,2>, <92,8,3>, <93,8,3>, <95,8,3>, <96,8,3>, <97,8,3>, <98,8,10>, <99,8,3>, <100,8,1>, <102,8,1>, <105,8,2>, <106,8,1>, <108,8,6>, <109,8,1>, <110,8,3>, <111,8,1>, <113,8,6>, <116,8,4>, <117,8,2>, <118,8,1>, <119,8,5>, <120,8,1>, <121,8,1>, <122,8,1>, <124,8,1>, <125,8,2>, <126,8,2>, <129,8,2>, <132,8,1>, <133,8,1>, <134,8,5>, <135,8,1>, <136,8,3>, <137,8,1>, <138,8,3>, <139,8,3>, <140,8,2>, <141,8,7>, <142,8,1>, <143,8,7>, <144,8,1>, <148,8,2>, <149,8,1>, <150,8,2>, <151,8,2>, <152,8,2>, <153,8,3>, <155,8,1>, <156,8,2>, <158,8,5>, <159,8,1>, <160,8,1>, <162,8,1>, <164,8,3>, <165,8,2>, <166,8,1>, <167,8,2>, <168,8,1>, <169,8,1>, <170,8,3>, <171,8,2>, <172,8,2>, <173,8,1>, <174,8,1>, <176,8,2>, <177,8,1>, <178,8,1>, <181,8,3>, <182,8,3>, <184,8,2>, <186,8,1>, <187,8,1>, <188,8,2>, <189,8,5>, <190,8,1>, <191,8,2>, <192,8,3>, <194,8,2>, <197,8,4>, <198,8,1>, <199,8,1>, <200,8,1>, <201,8,1>, <203,8,1>, <206,8,1>, <207,8,1>, <210,8,1>, <212,8,1>, <214,8,1>, <215,8,1>, <216,8,1>, <218,8,2>, <220,8,1>, <221,8,2>, <223,8,5>, <224,8,1>, <227,8,1>, <228,8,1>, <229,8,4>, <231,8,1>, <232,8,1>, <233,8,1>, <234,8,1>, <235,8,3>, <236,8,1>, <241,8,2>, <243,8,1>, <245,8,1>, <246,8,1>, <248,8,1>, <249,8,1>, <251,8,1>, <253,8,1>, <257,8,1>, <258,8,1>, <260,8,4>, <261,8,1>, <266,8,1>, <267,8,1>, <269,8,4>, <270,8,1>, <271,8,1>, <272,8,1>, <273,8,1>, <274,8,1>, <276,8,2>, <277,8,1>, <279,8,2>, <281,8,2>, <284,8,1>, <288,8,1>, <291,8,1>, <293,8,1>, <295,8,1>, <296,8,1>, <300,8,2>, <305,8,1>, <308,8,2>, <310,8,3>, <312,8,3>, <313,8,1>, <314,8,1>, <316,8,1>, <317,8,1>, <322,8,1>, <325,8,1>, <326,8,1>, <327,8,2>, <329,8,1>, <335,8,3>, <336,8,1>, <337,8,1>, <340,8,1>, <341,8,1>, <343,8,1>, <349,8,1>, <351,8,1>, <357,8,4>, <361,8,1>, <362,8,1>, <364,8,1>, <365,8,1>, <370,8,2>, <371,8,1>, <375,8,1>, <383,8,1>, <385,8,1>, <388,8,1>, <389,8,1>, <391,8,1>, <395,8,1>, <397,8,1>, <399,8,1>, <406,8,1>, <407,8,1>, <408,8,1>, <410,8,1>, <411,8,1>, <413,8,1>, <414,8,1>, <419,8,1>, <422,8,1>, <426,8,1>, <427,8,1>, <431,8,2>, <432,8,1>, <434,8,2>, <435,8,1>, <440,8,1>, <445,8,1>, <450,8,1>, <452,8,1>, <454,8,1>, <457,8,1>, <458,8,1>, <462,8,1>, <466,8,1>, <468,8,1>, <470,8,1>, <472,8,2>, <476,8,2>, <480,8,1>, <481,8,1>, <483,8,1>, <485,8,2>, <486,8,1>, <491,8,1>, <493,8,3>, <495,8,1>, <498,8,1>, <502,8,1>, <506,8,1>, <507,8,1>, <508,8,1>, <510,8,1>, <512,8,1>, <513,8,3>, <515,8,1>, <523,8,1>, <526,8,1>, <533,8,1>, <538,8,1>, <544,8,1>, <545,8,1>, <564,8,1>, <566,8,2>, <570,8,1>, <571,8,1>, <572,8,1>, <575,8,1>, <578,8,1>, <579,8,1>, <583,8,1>, <588,8,1>, <589,8,1>, <604,8,1>, <612,8,1>, <613,8,1>, <614,8,1>, <616,8,1>, <617,8,1>, <626,8,1>, <637,8,1>, <645,8,1>, <678,8,1>, <679,8,1>, <685,8,1>, <691,8,1>, <692,8,1>, <695,8,1>, <698,8,1>, <700,8,1>, <704,8,2>, <710,8,1>, <712,8,2>, <720,8,1>, <721,8,1>, <725,8,1>, <728,8,1>, <746,8,1>, <758,8,1>, <759,8,1>, <760,8,1>, <763,8,1>, <769,8,1>, <778,8,1>, <786,8,2>, <787,8,2>, <795,8,1>, <797,8,1>, <804,8,1>, <808,8,1>, <814,8,1>, <826,8,1>, <832,8,1>, <834,8,1>, <835,8,2>, <837,8,1>, <839,8,2>, <850,8,1>, <855,8,1>, <866,8,1>, <871,8,1>, <876,8,1>, <884,8,1>, <887,8,1>, <911,8,1>, <920,8,2>, <928,8,1>, <930,8,1>, <931,8,1>, <933,8,1>, <935,8,1>, <938,8,1>, <942,8,1>, <943,8,1>, <952,8,1>, <958,8,1>, <977,8,1>, <988,8,1>, <990,8,1>, <996,8,1>, <997,8,1>, <1,9,127>, <2,9,32>, <3,9,52>, <4,9,32>, <5,9,28>, <6,9,9>, <7,9,16>, <8,9,22>, <9,9,57>, <10,9,22>, <11,9,7>, <12,9,46>, <13,9,9>, <14,9,14>, <15,9,10>, <16,9,18>, <17,9,31>, <18,9,9>, <19,9,56>, <20,9,2>, <21,9,6>, <22,9,26>, <23,9,1>, <24,9,11>, <25,9,6>, <26,9,2>, <27,9,4>, <28,9,23>, <29,9,2>, <30,9,1>, <31,9,8>, <32,9,4>, <33,9,9>, <35,9,13>, <36,9,18>, <37,9,1>, <38,9,5>, <39,9,3>, <40,9,3>, <41,9,3>, <42,9,3>, <43,9,1>, <44,9,11>, <45,9,12>, <46,9,7>, <47,9,2>, <48,9,4>, <50,9,2>, <51,9,4>, <52,9,1>, <53,9,8>, <54,9,5>, <55,9,6>, <56,9,1>, <57,9,1>, <58,9,2>, <59,9,12>, <60,9,4>, <61,9,1>, <62,9,4>, <63,9,9>, <64,9,2>, <65,9,11>, <66,9,6>, <67,9,3>, <68,9,3>, <70,9,5>, <71,9,3>, <72,9,3>, <73,9,1>, <74,9,3>, <75,9,4>, <76,9,1>, <77,9,2>, <78,9,6>, <79,9,2>, <81,9,3>, <83,9,2>, <85,9,3>, <86,9,1>, <87,9,4>, <89,9,5>, <90,9,2>, <91,9,1>, <92,9,1>, <93,9,3>, <95,9,5>, <96,9,1>, <99,9,1>, <100,9,2>, <102,9,1>, <103,9,1>, <104,9,1>, <105,9,3>, <106,9,2>, <107,9,1>, <108,9,1>, <109,9,5>, <110,9,3>, <111,9,5>, <113,9,3>, <114,9,2>, <116,9,2>, <117,9,2>, <118,9,1>, <119,9,1>, <120,9,1>, <121,9,1>, <122,9,1>, <123,9,6>, <126,9,3>, <127,9,2>, <128,9,5>, <130,9,1>, <131,9,1>, <132,9,3>, <133,9,4>, <134,9,1>, <136,9,1>, <138,9,1>, <139,9,1>, <140,9,2>, <143,9,2>, <144,9,1>, <145,9,1>, <146,9,1>, <148,9,2>, <149,9,2>, <150,9,4>, <151,9,2>, <153,9,1>, <154,9,1>, <158,9,1>, <159,9,2>, <160,9,1>, <161,9,2>, <163,9,2>, <164,9,1>, <165,9,7>, <166,9,2>, <168,9,2>, <169,9,2>, <170,9,2>, <171,9,3>, <172,9,5>, <173,9,1>, <174,9,1>, <176,9,3>, <177,9,3>, <179,9,4>, <181,9,1>, <183,9,1>, <184,9,1>, <185,9,2>, <186,9,1>, <188,9,3>, <193,9,2>, <194,9,2>, <195,9,2>, <196,9,2>, <197,9,2>, <199,9,3>, <201,9,1>, <204,9,2>, <206,9,2>, <207,9,1>, <209,9,1>, <210,9,1>, <211,9,1>, <213,9,1>, <214,9,1>, <215,9,6>, <216,9,1>, <217,9,3>, <219,9,1>, <220,9,1>, <221,9,1>, <223,9,3>, <224,9,1>, <226,9,4>, <227,9,1>, <229,9,1>, <230,9,3>, <231,9,2>, <232,9,4>, <233,9,2>, <235,9,2>, <237,9,1>, <238,9,2>, <240,9,1>, <243,9,1>, <244,9,1>, <245,9,2>, <246,9,3>, <247,9,2>, <248,9,1>, <249,9,1>, <251,9,1>, <255,9,1>, <256,9,1>, <257,9,1>, <258,9,5>, <262,9,1>, <263,9,1>, <265,9,1>, <267,9,2>, <270,9,2>, <276,9,1>, <277,9,1>, <278,9,2>, <281,9,1>, <283,9,1>, <285,9,1>, <289,9,1>, <292,9,1>, <294,9,1>, <295,9,2>, <296,9,1>, <299,9,1>, <302,9,1>, <303,9,1>, <304,9,1>, <305,9,1>, <309,9,1>, <311,9,1>, <315,9,1>, <319,9,1>, <322,9,1>, <325,9,1>, <328,9,2>, <332,9,1>, <336,9,1>, <337,9,1>, <339,9,2>, <341,9,1>, <344,9,3>, <346,9,1>, <348,9,1>, <351,9,1>, <352,9,2>, <356,9,2>, <358,9,2>, <360,9,1>, <363,9,1>, <365,9,1>, <368,9,1>, <369,9,1>, <372,9,1>, <377,9,1>, <378,9,2>, <379,9,1>, <380,9,1>, <383,9,1>, <384,9,1>, <386,9,2>, <391,9,1>, <394,9,1>, <397,9,1>, <400,9,1>, <401,9,1>, <404,9,1>, <407,9,1>, <409,9,1>, <413,9,2>, <421,9,2>, <423,9,1>, <427,9,1>, <430,9,1>, <431,9,1>, <433,9,1>, <435,9,1>, <436,9,1>, <437,9,1>, <438,9,2>, <440,9,1>, <441,9,1>, <443,9,2>, <451,9,1>, <456,9,1>, <458,9,1>, <459,9,1>, <460,9,3>, <461,9,1>, <462,9,1>, <463,9,1>, <465,9,2>, <478,9,1>, <485,9,1>, <488,9,1>, <493,9,2>, <494,9,1>, <495,9,1>, <497,9,1>, <506,9,1>, <507,9,3>, <509,9,1>, <512,9,2>, <513,9,1>, <514,9,1>, <520,9,1>, <521,9,3>, <525,9,1>, <528,9,1>, <530,9,1>, <533,9,1>, <535,9,2>, <540,9,1>, <544,9,1>, <545,9,1>, <547,9,1>, <548,9,1>, <551,9,1>, <552,9,1>, <556,9,1>, <561,9,1>, <563,9,1>, <564,9,1>, <566,9,1>, <576,9,1>, <577,9,1>, <580,9,1>, <581,9,1>, <582,9,1>, <591,9,2>, <608,9,1>, <609,9,1>, <611,9,1>, <612,9,1>, <619,9,1>, <643,9,1>, <644,9,1>, <647,9,1>, <648,9,1>, <649,9,1>, <650,9,1>, <651,9,1>, <659,9,1>, <672,9,1>, <681,9,1>, <684,9,1>, <686,9,1>, <687,9,1>, <689,9,1>, <691,9,1>, <696,9,1>, <697,9,1>, <698,9,1>, <700,9,1>, <709,9,1>, <713,9,1>, <716,9,1>, <724,9,1>, <725,9,1>, <735,9,1>, <746,9,1>, <756,9,1>, <758,9,1>, <763,9,1>, <768,9,1>, <769,9,1>, <780,9,1>, <786,9,2>, <787,9,1>, <788,9,1>, <803,9,1>, <805,9,1>, <817,9,1>, <824,9,1>, <834,9,1>, <839,9,1>, <843,9,1>, <845,9,1>, <850,9,1>, <855,9,1>, <864,9,1>, <871,9,1>, <877,9,1>, <878,9,1>, <884,9,1>, <894,9,1>, <906,9,1>, <913,9,1>, <919,9,1>, <941,9,1>, <960,9,1>, <964,9,1>, <985,9,1>, <992,9,1>, <998,9,1>, <1000,9,1>, <1,10,406>, <2,10,109>, <3,10,19>, <4,10,41>, <5,10,13>, <6,10,57>, <7,10,10>, <8,10,15>, <9,10,19>, <10,10,4>, <11,10,32>, <12,10,25>, <13,10,2>, <14,10,19>, <15,10,2>, <16,10,5>, <17,10,4>, <18,10,3>, <19,10,1>, <20,10,8>, <21,10,7>, <22,10,12>, <23,10,2>, <24,10,1>, <25,10,4>, <26,10,9>, <27,10,25>, <28,10,17>, <29,10,16>, <30,10,3>, <31,10,18>, <32,10,3>, <33,10,3>, <35,10,3>, <36,10,2>, <37,10,15>, <38,10,2>, <39,10,2>, <40,10,13>, <42,10,1>, <43,10,1>, <44,10,7>, <45,10,3>, <47,10,1>, <48,10,18>, <49,10,15>, <50,10,3>, <51,10,13>, <53,10,1>, <54,10,2>, <55,10,1>, <56,10,5>, <58,10,9>, <59,10,11>, <60,10,3>, <61,10,2>, <62,10,3>, <63,10,4>, <64,10,1>, <66,10,3>, <67,10,3>, <69,10,13>, <70,10,3>, <71,10,1>, <72,10,2>, <74,10,1>, <76,10,2>, <78,10,1>, <79,10,1>, <80,10,1>, <81,10,10>, <82,10,5>, <83,10,3>, <84,10,3>, <85,10,2>, <86,10,2>, <87,10,1>, <88,10,7>, <89,10,2>, <90,10,3>, <91,10,4>, <92,10,4>, <93,10,5>, <94,10,1>, <95,10,4>, <96,10,1>, <98,10,2>, <99,10,2>, <100,10,1>, <101,10,1>, <102,10,2>, <103,10,4>, <108,10,1>, <109,10,4>, <111,10,2>, <112,10,8>, <114,10,2>, <115,10,2>, <117,10,1>, <118,10,2>, <119,10,2>, <120,10,1>, <121,10,4>, <122,10,1>, <124,10,2>, <125,10,2>, <126,10,1>, <127,10,1>, <129,10,2>, <130,10,2>, <131,10,1>, <133,10,8>, <134,10,1>, <135,10,1>, <137,10,3>, <139,10,1>, <141,10,2>, <143,10,2>, <144,10,2>, <145,10,1>, <146,10,1>, <147,10,2>, <149,10,3>, <150,10,2>, <151,10,3>, <152,10,2>, <153,10,1>, <154,10,1>, <155,10,1>, <156,10,1>, <157,10,1>, <159,10,4>, <160,10,1>, <161,10,4>, <162,10,1>, <167,10,1>, <168,10,1>, <169,10,1>, <170,10,3>, <171,10,1>, <173,10,1>, <175,10,1>, <176,10,1>, <178,10,1>, <179,10,4>, <180,10,1>, <182,10,4>, <183,10,1>, <185,10,2>, <186,10,5>, <188,10,1>, <189,10,1>, <191,10,3>, <194,10,1>, <196,10,2>, <197,10,1>, <198,10,2>, <199,10,1>, <200,10,3>, <201,10,4>, <204,10,1>, <205,10,1>, <207,10,2>, <209,10,4>, <210,10,1>, <211,10,1>, <213,10,2>, <215,10,4>, <218,10,2>, <219,10,1>, <220,10,1>, <221,10,2>, <224,10,1>, <225,10,1>, <226,10,2>, <227,10,1>, <229,10,1>, <230,10,1>, <231,10,1>, <232,10,2>, <233,10,2>, <235,10,1>, <236,10,3>, <239,10,1>, <240,10,1>, <241,10,1>, <242,10,2>, <244,10,1>, <246,10,1>, <247,10,3>, <248,10,1>, <250,10,2>, <251,10,1>, <254,10,3>, <256,10,1>, <257,10,2>, <259,10,1>, <262,10,1>, <265,10,2>, <266,10,1>, <267,10,1>, <268,10,1>, <271,10,1>, <273,10,2>, <274,10,1>, <275,10,1>, <276,10,1>, <277,10,1>, <279,10,1>, <280,10,1>, <281,10,1>, <282,10,1>, <283,10,1>, <284,10,2>, <286,10,1>, <288,10,1>, <289,10,3>, <290,10,1>, <291,10,1>, <294,10,1>, <296,10,1>, <301,10,1>, <302,10,1>, <307,10,1>, <308,10,4>, <309,10,1>, <310,10,2>, <311,10,1>, <313,10,1>, <315,10,1>, <316,10,4>, <318,10,1>, <322,10,1>, <325,10,1>, <328,10,1>, <329,10,1>, <330,10,1>, <331,10,1>, <337,10,2>, <338,10,1>, <339,10,1>, <342,10,1>, <343,10,1>, <344,10,2>, <345,10,1>, <346,10,1>, <347,10,1>, <349,10,1>, <353,10,1>, <355,10,1>, <357,10,1>, <358,10,1>, <364,10,1>, <366,10,1>, <372,10,1>, <380,10,1>, <384,10,2>, <386,10,1>, <388,10,1>, <392,10,2>, <393,10,5>, <397,10,3>, <403,10,1>, <414,10,1>, <417,10,1>, <420,10,1>, <421,10,1>, <423,10,2>, <431,10,1>, <434,10,1>, <435,10,1>, <438,10,1>, <440,10,2>, <444,10,1>, <447,10,2>, <451,10,2>, <454,10,1>, <456,10,1>, <461,10,1>, <464,10,1>, <471,10,1>, <472,10,1>, <477,10,1>, <479,10,1>, <481,10,1>, <483,10,2>, <486,10,3>, <488,10,1>, <491,10,3>, <493,10,1>, <494,10,1>, <497,10,1>, <504,10,1>, <505,10,1>, <507,10,1>, <509,10,1>, <515,10,1>, <517,10,2>, <519,10,1>, <521,10,1>, <527,10,1>, <530,10,1>, <531,10,1>, <532,10,1>, <536,10,1>, <540,10,1>, <541,10,1>, <543,10,1>, <545,10,1>, <555,10,1>, <556,10,1>, <565,10,1>, <568,10,1>, <571,10,1>, <572,10,1>, <575,10,1>, <577,10,2>, <583,10,2>, <587,10,1>, <588,10,2>, <591,10,1>, <603,10,1>, <608,10,1>, <623,10,1>, <626,10,1>, <631,10,1>, <633,10,1>, <637,10,1>, <641,10,1>, <643,10,1>, <646,10,1>, <651,10,1>, <654,10,1>, <655,10,1>, <659,10,1>, <660,10,1>, <663,10,1>, <664,10,2>, <669,10,1>, <679,10,2>, <687,10,1>, <691,10,1>, <692,10,1>, <696,10,1>, <698,10,1>, <700,10,1>, <712,10,1>, <713,10,1>, <718,10,1>, <720,10,1>, <721,10,1>, <724,10,1>, <725,10,1>, <735,10,1>, <736,10,1>, <741,10,1>, <742,10,2>, <746,10,1>, <756,10,1>, <762,10,2>, <764,10,1>, <770,10,1>, <780,10,2>, <788,10,1>, <797,10,1>, <803,10,1>, <804,10,1>, <805,10,1>, <811,10,1>, <828,10,1>, <830,10,2>, <847,10,1>, <852,10,1>, <870,10,1>, <877,10,1>, <882,10,1>, <898,10,1>, <914,10,1>, <919,10,1>, <933,10,1>, <938,10,1>, <939,10,1>, <942,10,1>, <943,10,1>, <956,10,1>, <976,10,1>, <977,10,1>, <979,10,1>, <988,10,1>, <1,1,97>, <2,1,316>, <3,1,1>, <4,1,44>, <5,1,167>, <6,1,45>, <7,1,58>, <8,1,12>, <9,1,18>, <10,1,2>, <11,1,31>, <12,1,18>, <13,1,3>, <14,1,31>, <15,1,7>, <16,1,15>, <17,1,2>, <18,1,17>, <19,1,34>, <20,1,18>, <21,1,10>, <22,1,5>, <23,1,5>, <24,1,8>, <25,1,8>, <26,1,11>, <27,1,11>, <28,1,5>, <29,1,4>, <30,1,1>, <31,1,7>, <32,1,17>, <33,1,4>, <34,1,18>, <35,1,6>, <36,1,3>, <37,1,6>, <38,1,10>, <39,1,6>, <41,1,8>, <42,1,4>, <43,1,6>, <44,1,14>, <45,1,1>, <46,1,6>, <47,1,5>, <49,1,11>, <50,1,10>, <51,1,5>, <52,1,5>, <53,1,7>, <54,1,12>, <55,1,2>, <57,1,2>, <58,1,1>, <59,1,3>, <61,1,1>, <63,1,2>, <64,1,2>, <65,1,1>, <67,1,2>, <68,1,3>, <69,1,1>, <70,1,6>, <71,1,1>, <72,1,2>, <73,1,1>, <74,1,3>, <75,1,5>, <76,1,2>, <77,1,5>, <78,1,1>, <79,1,1>, <80,1,8>, <81,1,2>, <82,1,4>, <83,1,5>, <84,1,6>, <85,1,2>, <86,1,3>, <87,1,1>, <88,1,1>, <90,1,3>, <91,1,2>, <92,1,6>, <94,1,5>, <95,1,3>, <97,1,1>, <100,1,1>, <101,1,1>, <102,1,3>, <103,1,1>, <104,1,1>, <105,1,1>, <106,1,3>, <109,1,4>, <110,1,2>, <111,1,3>, <112,1,1>, <113,1,1>, <114,1,5>, <115,1,2>, <116,1,1>, <118,1,1>, <119,1,2>, <120,1,2>, <121,1,1>, <123,1,1>, <125,1,1>, <126,1,4>, <128,1,6>, <129,1,1>, <130,1,3>, <131,1,1>, <132,1,4>, <133,1,2>, <135,1,1>, <136,1,2>, <137,1,1>, <138,1,2>, <139,1,1>, <142,1,2>, <143,1,1>, <144,1,1>, <145,1,1>, <147,1,3>, <148,1,1>, <151,1,3>, <152,1,6>, <155,1,6>, <157,1,1>, <158,1,2>, <159,1,1>, <160,1,1>, <161,1,5>, <162,1,1>, <163,1,1>, <164,1,1>, <166,1,3>, <169,1,4>, <170,1,1>, <171,1,1>, <172,1,6>, <173,1,1>, <174,1,1>, <175,1,2>, <176,1,2>, <177,1,2>, <179,1,1>, <180,1,1>, <182,1,2>, <183,1,1>, <184,1,1>, <188,1,1>, <189,1,2>, <190,1,3>, <192,1,2>, <193,1,1>, <194,1,2>, <196,1,1>, <198,1,1>, <199,1,1>, <200,1,1>, <201,1,1>, <203,1,7>, <206,1,2>, <207,1,6>, <209,1,1>, <210,1,1>, <213,1,4>, <217,1,1>, <220,1,1>, <221,1,1>, <223,1,1>, <226,1,2>, <228,1,2>, <230,1,1>, <234,1,1>, <235,1,1>, <237,1,1>, <239,1,3>, <240,1,1>, <243,1,1>, <247,1,1>, <248,1,1>, <250,1,3>, <251,1,1>, <252,1,3>, <256,1,1>, <257,1,1>, <260,1,3>, <263,1,1>, <268,1,2>, <271,1,1>, <273,1,1>, <274,1,1>, <275,1,1>, <276,1,1>, <279,1,2>, <280,1,1>, <282,1,2>, <288,1,1>, <290,1,3>, <291,1,2>, <294,1,1>, <297,1,1>, <299,1,1>, <301,1,1>, <303,1,1>, <304,1,1>, <305,1,1>, <307,1,1>, <308,1,1>, <309,1,1>, <310,1,1>, <312,1,1>, <318,1,1>, <319,1,1>, <321,1,1>, <322,1,1>, <323,1,1>, <324,1,1>, <325,1,1>, <328,1,1>, <329,1,2>, <331,1,1>, <332,1,1>, <333,1,1>, <335,1,1>, <336,1,1>, <340,1,1>, <341,1,1>, <342,1,1>, <345,1,3>, <347,1,1>, <348,1,1>, <349,1,1>, <354,1,2>, <355,1,1>, <358,1,1>, <360,1,1>, <363,1,1>, <368,1,1>, <370,1,1>, <376,1,1>, <377,1,1>, <379,1,1>, <381,1,1>, <384,1,1>, <386,1,1>, <387,1,1>, <389,1,1>, <390,1,1>, <392,1,1>, <395,1,1>, <397,1,1>, <402,1,2>, <403,1,1>, <404,1,1>, <405,1,1>, <407,1,1>, <410,1,1>, <412,1,1>, <413,1,1>, <415,1,2>, <418,1,1>, <419,1,2>, <420,1,1>, <423,1,1>, <425,1,1>, <427,1,1>, <429,1,1>, <431,1,1>, <432,1,2>, <441,1,1>, <443,1,1>, <444,1,2>, <449,1,1>, <451,1,1>, <454,1,2>, <456,1,1>, <457,1,1>, <459,1,1>, <461,1,1>, <462,1,1>, <463,1,1>, <464,1,1>, <465,1,1>, <466,1,2>, <469,1,1>, <470,1,1>, <480,1,1>, <481,1,1>, <482,1,1>, <485,1,2>, <489,1,1>, <495,1,1>, <499,1,1>, <512,1,1>, <513,1,1>, <515,1,1>, <517,1,2>, <523,1,1>, <524,1,1>, <525,1,1>, <528,1,1>, <530,1,1>, <531,1,1>, <538,1,1>, <540,1,1>, <543,1,1>, <544,1,1>, <547,1,2>, <555,1,1>, <556,1,1>, <557,1,1>, <558,1,1>, <561,1,1>, <564,1,1>, <566,1,1>, <568,1,1>, <572,1,1>, <582,1,1>, <588,1,1>, <591,1,1>, <599,1,1>, <600,1,2>, <602,1,1>, <609,1,1>, <611,1,2>, <612,1,1>, <614,1,1>, <615,1,1>, <616,1,1>, <626,1,1>, <630,1,1>, <645,1,1>, <647,1,1>, <648,1,2>, <654,1,2>, <659,1,2>, <663,1,1>, <666,1,1>, <672,1,1>, <675,1,1>, <677,1,1>, <680,1,1>, <683,1,1>, <685,1,1>, <687,1,1>, <689,1,1>, <697,1,1>, <701,1,1>, <704,1,1>, <712,1,1>, <717,1,1>, <732,1,1>, <738,1,1>, <749,1,1>, <752,1,1>, <753,1,1>, <754,1,1>, <756,1,2>, <760,1,1>, <765,1,1>, <768,1,1>, <776,1,1>, <785,1,1>, <786,1,1>, <787,1,1>, <789,1,1>, <794,1,1>, <795,1,1>, <806,1,1>, <807,1,1>, <808,1,1>, <809,1,1>, <816,1,2>, <822,1,1>, <829,1,2>, <840,1,1>, <858,1,1>, <860,1,1>, <875,1,1>, <884,1,1>, <887,1,1>, <891,1,1>, <902,1,1>, <905,1,1>, <907,1,1>, <944,1,1>, <954,1,1>, <962,1,1>, <983,1,1>, <985,1,1>, <992,1,1>, <998,1,1>, <1,2,120>, <2,2,1>, <3,2,78>, <4,2,184>, <5,2,16>, <6,2,9>, <7,2,2>, <8,2,10>, <9,2,13>, <10,2,64>, <11,2,10>, <12,2,37>, <13,2,20>, <14,2,4>, <15,2,10>, <16,2,39>, <17,2,33>, <18,2,1>, <19,2,1>, <23,2,22>, <24,2,5>, <25,2,6>, <26,2,13>, <27,2,2>, <28,2,4>, <29,2,7>, <30,2,2>, <31,2,5>, <32,2,4>, <33,2,10>, <34,2,8>, <35,2,16>, <37,2,2>, <38,2,1>, <39,2,10>, <40,2,4>, <42,2,1>, <43,2,9>, <44,2,1>, <45,2,6>, <46,2,1>, <47,2,15>, <48,2,1>, <49,2,6>, <50,2,3>, <51,2,2>, <52,2,2>, <53,2,6>, <54,2,2>, <56,2,8>, <57,2,6>, <58,2,1>, <59,2,4>, <61,2,13>, <62,2,2>, <63,2,5>, <64,2,1>, <65,2,2>, <66,2,2>, <67,2,1>, <68,2,2>, <69,2,1>, <70,2,3>, <71,2,3>, <72,2,1>, <73,2,2>, <75,2,1>, <76,2,2>, <77,2,2>, <78,2,4>, <79,2,3>, <81,2,5>, <82,2,1>, <83,2,3>, <84,2,5>, <85,2,1>, <87,2,1>, <88,2,1>, <89,2,2>, <91,2,8>, <92,2,2>, <93,2,2>, <94,2,2>, <95,2,5>, <96,2,1>, <97,2,1>, <98,2,1>, <99,2,4>, <100,2,8>, <101,2,2>, <102,2,1>, <103,2,2>, <105,2,5>, <106,2,4>, <107,2,3>, <108,2,6>, <109,2,1>, <110,2,5>, <111,2,1>, <112,2,1>, <114,2,2>, <115,2,1>, <116,2,1>, <117,2,2>, <118,2,2>, <119,2,3>, <120,2,4>, <123,2,1>, <124,2,2>, <125,2,1>, <126,2,6>, <127,2,2>, <128,2,1>, <129,2,1>, <130,2,4>, <131,2,1>, <132,2,2>, <133,2,1>, <134,2,4>, <135,2,2>, <136,2,1>, <137,2,1>, <138,2,1>, <139,2,2>, <141,2,2>, <142,2,1>, <143,2,1>, <144,2,4>, <147,2,5>, <148,2,1>, <150,2,2>, <152,2,1>, <153,2,1>, <154,2,1>, <156,2,1>, <157,2,1>, <158,2,1>, <159,2,5>, <160,2,1>, <161,2,3>, <162,2,3>, <164,2,1>, <168,2,1>, <170,2,1>, <171,2,1>, <172,2,1>, <174,2,1>, <175,2,2>, <176,2,1>, <179,2,2>, <182,2,1>, <183,2,1>, <185,2,2>, <186,2,1>, <187,2,2>, <190,2,2>, <193,2,1>, <195,2,1>, <196,2,1>, <198,2,1>, <199,2,1>, <200,2,2>, <203,2,1>, <204,2,1>, <205,2,1>, <206,2,2>, <207,2,3>, <208,2,1>, <209,2,1>, <210,2,1>, <212,2,2>, <213,2,2>, <217,2,2>, <218,2,1>, <221,2,1>, <222,2,1>, <223,2,2>, <225,2,1>, <226,2,1>, <228,2,2>, <230,2,2>, <231,2,1>, <233,2,3>, <235,2,1>, <238,2,1>, <241,2,1>, <245,2,1>, <246,2,3>, <247,2,2>, <250,2,3>, <251,2,3>, <253,2,2>, <256,2,1>, <257,2,1>, <260,2,1>, <261,2,1>, <263,2,1>, <264,2,1>, <265,2,2>, <266,2,4>, <268,2,3>, <269,2,3>, <270,2,1>, <271,2,1>, <272,2,1>, <274,2,4>, <277,2,1>, <278,2,2>, <280,2,4>, <281,2,1>, <283,2,3>, <284,2,1>, <289,2,1>, <290,2,4>, <291,2,1>, <293,2,1>, <294,2,1>, <297,2,2>, <298,2,2>, <299,2,1>, <300,2,1>, <303,2,1>, <305,2,1>, <306,2,1>, <311,2,3>, <320,2,1>, <322,2,1>, <323,2,1>, <324,2,1>, <326,2,1>, <329,2,2>, <330,2,1>, <334,2,1>, <335,2,1>, <345,2,1>, <347,2,2>, <348,2,1>, <349,2,1>, <350,2,1>, <351,2,1>, <352,2,4>, <358,2,1>, <368,2,1>, <369,2,2>, <371,2,1>, <375,2,1>, <376,2,1>, <377,2,1>, <383,2,1>, <385,2,1>, <387,2,1>, <388,2,1>, <392,2,2>, <394,2,1>, <395,2,1>, <397,2,1>, <401,2,2>, <411,2,1>, <415,2,1>, <420,2,1>, <421,2,1>, <422,2,1>, <425,2,2>, <426,2,1>, <434,2,1>, <436,2,1>, <440,2,2>, <451,2,1>, <452,2,1>, <453,2,1>, <457,2,1>, <459,2,1>, <462,2,1>, <465,2,1>, <468,2,1>, <472,2,1>, <473,2,3>, <483,2,1>, <486,2,1>, <490,2,1>, <491,2,1>, <493,2,1>, <495,2,1>, <503,2,1>, <507,2,1>, <508,2,1>, <510,2,1>, <512,2,1>, <513,2,1>, <519,2,1>, <521,2,1>, <523,2,1>, <531,2,1>, <535,2,1>, <537,2,1>, <538,2,2>, <539,2,1>, <540,2,1>, <544,2,1>, <546,2,1>, <547,2,1>, <553,2,2>, <558,2,1>, <559,2,1>, <564,2,1>, <566,2,1>, <568,2,1>, <569,2,1>, <570,2,2>, <571,2,1>, <579,2,1>, <581,2,1>, <582,2,1>, <583,2,1>, <584,2,1>, <587,2,1>, <590,2,1>, <591,2,1>, <592,2,2>, <595,2,1>, <600,2,1>, <603,2,1>, <606,2,1>, <621,2,1>, <630,2,1>, <636,2,1>, <641,2,1>, <645,2,1>, <650,2,1>, <651,2,1>, <652,2,1>, <660,2,1>, <663,2,1>, <669,2,1>, <679,2,1>, <680,2,1>, <684,2,1>, <685,2,1>, <686,2,1>, <689,2,1>, <691,2,1>, <695,2,1>, <698,2,1>, <700,2,1>, <706,2,1>, <709,2,1>, <716,2,1>, <725,2,2>, <726,2,2>, <735,2,1>, <741,2,1>, <744,2,1>, <749,2,1>, <754,2,1>, <755,2,1>, <756,2,4>, <764,2,1>, <765,2,1>, <768,2,1>, <778,2,1>, <787,2,2>, <791,2,1>, <794,2,1>, <804,2,1>, <807,2,1>, <826,2,1>, <828,2,1>, <830,2,1>, <832,2,1>, <835,2,1>, <836,2,1>, <839,2,1>, <845,2,1>, <855,2,2>, <860,2,1>, <866,2,1>, <868,2,1>, <869,2,1>, <882,2,1>, <884,2,2>, <902,2,1>, <903,2,1>, <914,2,1>, <920,2,1>, <932,2,1>, <949,2,1>, <950,2,1>, <951,2,1>, <965,2,2>, <978,2,1>, <981,2,1>, <983,2,1>, <985,2,1>, <994,2,1>, <996,2,1>, <1,7,269>, <2,7,80>, <3,7,89>, <4,7,25>, <5,7,13>, <6,7,83>, <7,7,23>, <8,7,3>, <9,7,23>, <10,7,26>, <11,7,4>, <12,7,9>, <13,7,43>, <14,7,5>, <15,7,35>, <16,7,3>, <18,7,7>, <19,7,15>, <20,7,23>, <21,7,8>, <23,7,11>, <24,7,16>, <25,7,29>, <26,7,25>, <27,7,1>, <28,7,11>, <29,7,6>, <30,7,10>, <31,7,2>, <32,7,5>, <33,7,2>, <34,7,18>, <35,7,6>, <36,7,16>, <37,7,7>, <38,7,8>, <39,7,2>, <40,7,8>, <42,7,1>, <45,7,11>, <46,7,3>, <47,7,2>, <48,7,8>, <49,7,6>, <50,7,3>, <51,7,1>, <52,7,2>, <53,7,3>, <54,7,2>, <55,7,2>, <56,7,8>, <57,7,2>, <58,7,3>, <59,7,5>, <60,7,2>, <61,7,8>, <62,7,1>, <63,7,7>, <64,7,1>, <65,7,5>, <66,7,5>, <67,7,10>, <68,7,6>, <69,7,8>, <70,7,7>, <71,7,5>, <72,7,10>, <73,7,2>, <75,7,4>, <76,7,4>, <78,7,3>, <79,7,1>, <81,7,4>, <82,7,3>, <83,7,1>, <85,7,1>, <86,7,4>, <87,7,5>, <88,7,2>, <89,7,8>, <90,7,1>, <94,7,2>, <95,7,1>, <96,7,4>, <97,7,3>, <98,7,1>, <99,7,5>, <101,7,1>, <102,7,1>, <105,7,1>, <107,7,5>, <108,7,1>, <109,7,3>, <110,7,1>, <111,7,1>, <112,7,4>, <114,7,2>, <115,7,1>, <116,7,1>, <118,7,3>, <120,7,1>, <121,7,1>, <123,7,2>, <125,7,2>, <126,7,1>, <127,7,1>, <128,7,1>, <129,7,8>, <130,7,2>, <131,7,1>, <132,7,1>, <133,7,2>, <134,7,4>, <135,7,1>, <137,7,1>, <139,7,1>, <140,7,1>, <141,7,2>, <142,7,3>, <143,7,1>, <144,7,3>, <145,7,1>, <146,7,1>, <147,7,3>, <149,7,2>, <150,7,1>, <151,7,2>, <152,7,1>, <153,7,3>, <154,7,3>, <155,7,2>, <156,7,2>, <157,7,1>, <158,7,3>, <159,7,1>, <160,7,3>, <161,7,2>, <162,7,2>, <163,7,2>, <164,7,1>, <165,7,2>, <168,7,2>, <169,7,2>, <174,7,2>, <175,7,1>, <176,7,5>, <177,7,1>, <178,7,2>, <180,7,1>, <182,7,5>, <183,7,2>, <184,7,3>, <185,7,1>, <186,7,1>, <188,7,2>, <189,7,3>, <190,7,1>, <191,7,1>, <193,7,4>, <195,7,2>, <196,7,2>, <197,7,2>, <199,7,2>, <202,7,5>, <203,7,1>, <204,7,4>, <205,7,1>, <206,7,5>, <207,7,1>, <209,7,1>, <210,7,3>, <211,7,1>, <216,7,1>, <218,7,1>, <219,7,1>, <220,7,1>, <221,7,4>, <222,7,2>, <223,7,1>, <224,7,2>, <225,7,3>, <228,7,1>, <231,7,1>, <232,7,2>, <233,7,1>, <234,7,1>, <235,7,2>, <236,7,1>, <238,7,1>, <239,7,2>, <241,7,2>, <242,7,1>, <243,7,1>, <244,7,1>, <246,7,2>, <248,7,1>, <249,7,1>, <250,7,3>, <251,7,1>, <253,7,3>, <254,7,1>, <256,7,1>, <257,7,1>, <260,7,1>, <261,7,1>, <265,7,1>, <267,7,1>, <268,7,1>, <269,7,1>, <272,7,1>, <275,7,1>, <279,7,2>, <280,7,1>, <281,7,3>, <286,7,2>, <288,7,4>, <289,7,2>, <292,7,1>, <293,7,1>, <294,7,1>, <295,7,1>, <298,7,1>, <301,7,1>, <303,7,2>, <304,7,1>, <305,7,1>, <306,7,1>, <308,7,3>, <312,7,2>, <314,7,1>, <315,7,1>, <316,7,1>, <317,7,1>, <318,7,1>, <321,7,1>, <323,7,2>, <325,7,1>, <327,7,1>, <329,7,3>, <330,7,1>, <332,7,1>, <334,7,1>, <335,7,1>, <336,7,1>, <340,7,1>, <341,7,2>, <343,7,1>, <347,7,1>, <348,7,1>, <353,7,1>, <354,7,1>, <355,7,1>, <357,7,1>, <362,7,2>, <363,7,1>, <365,7,1>, <369,7,1>, <370,7,2>, <372,7,2>, <376,7,1>, <379,7,1>, <382,7,1>, <383,7,1>, <384,7,1>, <387,7,1>, <390,7,1>, <392,7,1>, <393,7,1>, <398,7,3>, <400,7,1>, <405,7,1>, <406,7,1>, <408,7,1>, <409,7,1>, <417,7,4>, <418,7,1>, <420,7,2>, <421,7,1>, <422,7,2>, <424,7,1>, <425,7,1>, <427,7,1>, <428,7,1>, <433,7,1>, <434,7,1>, <436,7,1>, <437,7,1>, <440,7,1>, <443,7,1>, <444,7,1>, <445,7,1>, <446,7,1>, <450,7,1>, <452,7,1>, <455,7,1>, <457,7,2>, <459,7,1>, <460,7,1>, <463,7,1>, <464,7,1>, <465,7,2>, <466,7,1>, <469,7,1>, <479,7,1>, <482,7,2>, <488,7,2>, <489,7,1>, <490,7,1>, <494,7,1>, <504,7,1>, <505,7,1>, <506,7,1>, <509,7,1>, <510,7,1>, <511,7,1>, <512,7,1>, <514,7,1>, <515,7,1>, <516,7,1>, <518,7,1>, <519,7,1>, <520,7,1>, <527,7,1>, <529,7,3>, <540,7,1>, <544,7,2>, <554,7,1>, <555,7,1>, <556,7,1>, <558,7,1>, <576,7,2>, <582,7,1>, <586,7,1>, <587,7,1>, <588,7,1>, <591,7,1>, <592,7,1>, <595,7,1>, <603,7,1>, <608,7,1>, <621,7,1>, <635,7,1>, <645,7,1>, <648,7,1>, <660,7,1>, <661,7,1>, <666,7,1>, <669,7,1>, <676,7,1>, <677,7,1>, <680,7,1>, <685,7,1>, <691,7,1>, <692,7,2>, <696,7,1>, <698,7,1>, <700,7,2>, <701,7,1>, <708,7,1>, <714,7,1>, <717,7,1>, <725,7,2>, <726,7,1>, <735,7,1>, <737,7,1>, <738,7,1>, <740,7,1>, <746,7,1>, <756,7,1>, <762,7,1>, <765,7,1>, <768,7,1>, <769,7,1>, <775,7,1>, <777,7,1>, <785,7,1>, <788,7,1>, <793,7,1>, <794,7,1>, <799,7,1>, <804,7,1>, <814,7,1>, <817,7,1>, <822,7,1>, <835,7,1>, <841,7,1>, <847,7,1>, <857,7,1>, <858,7,1>, <862,7,1>, <863,7,1>, <866,7,1>, <885,7,1>, <886,7,1>, <887,7,1>, <894,7,1>, <899,7,1>, <911,7,1>, <914,7,1>, <920,7,1>, <930,7,1>, <942,7,1>, <952,7,1>, <956,7,1>, <958,7,1>, <960,7,1>, <975,7,1>, <977,7,1>, <994,7,1>, <1,5,522>, <2,5,55>, <3,5,47>, <4,5,118>, <5,5,26>, <6,5,103>, <7,5,18>, <8,5,5>, <9,5,29>, <10,5,5>, <11,5,32>, <12,5,20>, <13,5,18>, <14,5,12>, <15,5,21>, <16,5,20>, <17,5,12>, <18,5,2>, <19,5,12>, <20,5,10>, <21,5,4>, <22,5,16>, <23,5,9>, <24,5,2>, <25,5,8>, <26,5,8>, <27,5,1>, <28,5,3>, <29,5,4>, <30,5,28>, <31,5,1>, <32,5,10>, <33,5,6>, <34,5,2>, <35,5,1>, <36,5,1>, <37,5,5>, <38,5,11>, <39,5,6>, <40,5,1>, <41,5,2>, <42,5,7>, <43,5,14>, <44,5,7>, <48,5,4>, <49,5,7>, <50,5,2>, <52,5,3>, <53,5,2>, <54,5,5>, <55,5,6>, <57,5,2>, <58,5,2>, <59,5,3>, <60,5,7>, <61,5,6>, <62,5,5>, <63,5,4>, <64,5,1>, <65,5,3>, <66,5,1>, <67,5,2>, <68,5,4>, <70,5,2>, <71,5,2>, <72,5,8>, <73,5,3>, <74,5,1>, <75,5,6>, <76,5,1>, <77,5,4>, <78,5,3>, <79,5,8>, <80,5,4>, <81,5,9>, <82,5,3>, <84,5,1>, <85,5,1>, <86,5,1>, <87,5,2>, <88,5,3>, <89,5,2>, <91,5,4>, <92,5,2>, <93,5,1>, <94,5,3>, <96,5,5>, <97,5,1>, <98,5,2>, <99,5,8>, <100,5,2>, <101,5,1>, <102,5,3>, <103,5,3>, <104,5,8>, <106,5,2>, <107,5,2>, <109,5,1>, <110,5,5>, <111,5,1>, <112,5,1>, <113,5,1>, <114,5,2>, <115,5,3>, <116,5,2>, <117,5,1>, <118,5,1>, <119,5,1>, <121,5,2>, <122,5,3>, <125,5,1>, <127,5,2>, <128,5,1>, <129,5,1>, <131,5,1>, <133,5,1>, <134,5,2>, <135,5,1>, <136,5,2>, <137,5,2>, <138,5,2>, <139,5,1>, <141,5,1>, <142,5,1>, <143,5,1>, <144,5,2>, <145,5,4>, <146,5,1>, <147,5,1>, <148,5,5>, <149,5,1>, <151,5,3>, <152,5,1>, <153,5,1>, <155,5,1>, <156,5,1>, <157,5,1>, <158,5,3>, <159,5,1>, <160,5,1>, <161,5,2>, <162,5,1>, <163,5,2>, <164,5,1>, <165,5,3>, <166,5,1>, <169,5,1>, <173,5,3>, <174,5,3>, <175,5,1>, <176,5,1>, <177,5,1>, <182,5,1>, <183,5,1>, <184,5,3>, <185,5,1>, <186,5,1>, <187,5,4>, <188,5,1>, <189,5,2>, <190,5,1>, <191,5,2>, <194,5,1>, <195,5,1>, <196,5,1>, <199,5,1>, <202,5,1>, <203,5,1>, <205,5,2>, <206,5,3>, <212,5,2>, <216,5,1>, <218,5,1>, <222,5,1>, <223,5,1>, <225,5,1>, <227,5,4>, <229,5,3>, <230,5,1>, <232,5,4>, <233,5,1>, <235,5,1>, <237,5,1>, <240,5,1>, <243,5,1>, <244,5,3>, <245,5,1>, <248,5,1>, <249,5,1>, <251,5,1>, <252,5,1>, <253,5,1>, <256,5,2>, <257,5,1>, <258,5,1>, <260,5,1>, <263,5,1>, <264,5,1>, <269,5,1>, <273,5,1>, <274,5,2>, <275,5,1>, <276,5,1>, <277,5,1>, <279,5,1>, <280,5,1>, <281,5,1>, <282,5,1>, <284,5,1>, <285,5,1>, <286,5,1>, <288,5,3>, <299,5,1>, <301,5,2>, <302,5,2>, <303,5,1>, <304,5,1>, <305,5,1>, <306,5,2>, <308,5,1>, <314,5,1>, <315,5,1>, <316,5,1>, <318,5,1>, <325,5,1>, <328,5,1>, <331,5,1>, <335,5,2>, <336,5,1>, <340,5,1>, <345,5,1>, <349,5,1>, <350,5,2>, <353,5,1>, <355,5,1>, <356,5,2>, <363,5,1>, <364,5,1>, <370,5,1>, <371,5,1>, <375,5,1>, <376,5,1>, <377,5,1>, <379,5,2>, <381,5,1>, <384,5,1>, <386,5,1>, <388,5,1>, <389,5,1>, <390,5,1>, <394,5,1>, <399,5,2>, <401,5,1>, <404,5,1>, <406,5,2>, <409,5,1>, <422,5,2>, <428,5,1>, <429,5,1>, <432,5,1>, <435,5,3>, <445,5,1>, <447,5,1>, <450,5,1>, <451,5,2>, <452,5,1>, <454,5,1>, <455,5,1>, <457,5,1>, <459,5,1>, <460,5,1>, <466,5,3>, <482,5,1>, <485,5,1>, <488,5,1>, <495,5,1>, <498,5,2>, <501,5,1>, <502,5,1>, <503,5,1>, <504,5,1>, <505,5,2>, <510,5,1>, <511,5,1>, <512,5,1>, <515,5,1>, <516,5,2>, <517,5,1>, <520,5,1>, <521,5,1>, <528,5,1>, <533,5,1>, <538,5,1>, <544,5,1>, <553,5,1>, <558,5,1>, <561,5,2>, <564,5,1>, <566,5,1>, <568,5,1>, <583,5,1>, <590,5,1>, <592,5,1>, <600,5,1>, <603,5,1>, <615,5,1>, <623,5,1>, <635,5,1>, <641,5,1>, <643,5,1>, <649,5,1>, <661,5,1>, <670,5,1>, <671,5,1>, <679,5,1>, <680,5,1>, <685,5,1>, <688,5,1>, <691,5,1>, <692,5,1>, <695,5,1>, <698,5,1>, <712,5,1>, <719,5,1>, <737,5,1>, <743,5,2>, <746,5,1>, <753,5,1>, <755,5,1>, <756,5,1>, <759,5,1>, <763,5,1>, <766,5,1>, <777,5,1>, <778,5,1>, <782,5,1>, <784,5,1>, <787,5,1>, <794,5,1>, <803,5,1>, <807,5,1>, <816,5,2>, <822,5,2>, <826,5,1>, <827,5,1>, <841,5,1>, <850,5,1>, <854,5,1>, <862,5,1>, <877,5,1>, <882,5,1>, <883,5,2>, <887,5,1>, <890,5,1>, <898,5,1>, <903,5,1>, <906,5,1>, <913,5,1>, <914,5,2>, <930,5,1>, <944,5,1>, <949,5,1>, <951,5,1>, <954,5,1>, <958,5,1>, <960,5,1>, <964,5,1>, <980,5,1>, <989,5,1>, <992,5,1>, <1,3,378>, <2,3,71>, <3,3,24>, <4,3,29>, <5,3,76>, <6,3,5>, <7,3,22>, <8,3,95>, <9,3,12>, <10,3,31>, <11,3,6>, <12,3,3>, <13,3,8>, <14,3,12>, <15,3,23>, <16,3,2>, <17,3,10>, <18,3,3>, <20,3,18>, <21,3,10>, <23,3,10>, <24,3,2>, <25,3,1>, <26,3,9>, <27,3,8>, <28,3,1>, <29,3,16>, <30,3,2>, <32,3,1>, <33,3,8>, <34,3,4>, <35,3,1>, <36,3,1>, <37,3,2>, <38,3,3>, <39,3,2>, <40,3,6>, <41,3,21>, <42,3,17>, <43,3,1>, <44,3,5>, <45,3,1>, <46,3,9>, <47,3,1>, <48,3,9>, <49,3,3>, <50,3,9>, <51,3,1>, <52,3,1>, <53,3,1>, <54,3,5>, <55,3,5>, <56,3,3>, <57,3,5>, <58,3,2>, <59,3,4>, <60,3,8>, <61,3,2>, <62,3,2>, <63,3,4>, <65,3,15>, <66,3,2>, <67,3,3>, <68,3,1>, <69,3,1>, <71,3,9>, <72,3,1>, <73,3,2>, <74,3,1>, <75,3,2>, <76,3,2>, <77,3,1>, <78,3,1>, <79,3,4>, <80,3,5>, <81,3,2>, <83,3,1>, <84,3,1>, <85,3,3>, <86,3,6>, <87,3,6>, <88,3,2>, <89,3,1>, <90,3,1>, <91,3,2>, <93,3,4>, <95,3,2>, <96,3,1>, <97,3,2>, <98,3,4>, <99,3,1>, <102,3,5>, <105,3,1>, <106,3,1>, <107,3,2>, <108,3,3>, <109,3,1>, <110,3,2>, <111,3,6>, <112,3,3>, <114,3,3>, <115,3,3>, <116,3,1>, <117,3,1>, <120,3,6>, <121,3,2>, <122,3,7>, <123,3,2>, <124,3,1>, <125,3,2>, <126,3,1>, <127,3,1>, <128,3,2>, <129,3,2>, <130,3,1>, <131,3,2>, <132,3,1>, <135,3,1>, <136,3,2>, <138,3,4>, <139,3,5>, <142,3,1>, <143,3,1>, <145,3,1>, <146,3,4>, <148,3,2>, <149,3,1>, <150,3,1>, <152,3,3>, <153,3,2>, <154,3,1>, <157,3,4>, <158,3,1>, <159,3,1>, <160,3,5>, <161,3,1>, <163,3,1>, <164,3,7>, <165,3,1>, <168,3,2>, <171,3,1>, <172,3,1>, <173,3,4>, <175,3,1>, <177,3,1>, <179,3,4>, <181,3,1>, <184,3,1>, <186,3,1>, <187,3,2>, <188,3,2>, <190,3,1>, <192,3,1>, <193,3,1>, <194,3,1>, <195,3,2>, <196,3,3>, <197,3,2>, <198,3,1>, <199,3,1>, <202,3,4>, <203,3,3>, <205,3,1>, <207,3,1>, <208,3,1>, <209,3,1>, <210,3,5>, <212,3,1>, <215,3,1>, <216,3,1>, <219,3,1>, <220,3,2>, <221,3,1>, <222,3,2>, <223,3,1>, <225,3,1>, <227,3,1>, <228,3,1>, <229,3,4>, <230,3,2>, <231,3,2>, <236,3,2>, <237,3,2>, <239,3,3>, <240,3,2>, <241,3,2>, <242,3,2>, <246,3,2>, <247,3,1>, <249,3,1>, <251,3,1>, <252,3,1>, <253,3,1>, <256,3,2>, <258,3,1>, <261,3,1>, <262,3,1>, <263,3,2>, <265,3,1>, <267,3,3>, <268,3,1>, <269,3,1>, <270,3,1>, <272,3,1>, <276,3,1>, <277,3,1>, <279,3,1>, <280,3,1>, <281,3,1>, <284,3,3>, <285,3,4>, <286,3,1>, <290,3,2>, <291,3,2>, <294,3,1>, <296,3,1>, <297,3,1>, <298,3,1>, <299,3,1>, <300,3,1>, <301,3,2>, <302,3,1>, <303,3,1>, <305,3,1>, <308,3,3>, <312,3,4>, <316,3,1>, <317,3,3>, <319,3,1>, <321,3,1>, <324,3,2>, <326,3,1>, <328,3,2>, <329,3,1>, <335,3,1>, <337,3,1>, <339,3,1>, <349,3,1>, <351,3,1>, <354,3,1>, <355,3,1>, <356,3,2>, <358,3,1>, <360,3,1>, <361,3,1>, <363,3,2>, <364,3,1>, <365,3,1>, <368,3,2>, <376,3,2>, <378,3,1>, <379,3,2>, <380,3,1>, <381,3,2>, <386,3,1>, <388,3,1>, <389,3,1>, <391,3,1>, <393,3,1>, <396,3,2>, <399,3,2>, <402,3,1>, <403,3,1>, <404,3,1>, <406,3,2>, <410,3,1>, <412,3,1>, <413,3,1>, <414,3,1>, <417,3,1>, <419,3,1>, <421,3,1>, <422,3,1>, <429,3,2>, <433,3,1>, <435,3,2>, <437,3,1>, <447,3,2>, <452,3,1>, <454,3,2>, <455,3,4>, <460,3,1>, <463,3,1>, <467,3,1>, <477,3,1>, <480,3,1>, <481,3,1>, <482,3,1>, <483,3,1>, <485,3,2>, <489,3,1>, <490,3,1>, <495,3,1>, <496,3,1>, <505,3,1>, <506,3,1>, <507,3,1>, <509,3,1>, <510,3,1>, <511,3,3>, <512,3,1>, <523,3,2>, <527,3,3>, <536,3,1>, <538,3,1>, <541,3,1>, <544,3,2>, <547,3,1>, <548,3,1>, <550,3,1>, <551,3,1>, <553,3,1>, <556,3,1>, <558,3,1>, <559,3,1>, <561,3,1>, <566,3,1>, <570,3,1>, <575,3,2>, <578,3,1>, <580,3,1>, <582,3,1>, <583,3,1>, <584,3,1>, <590,3,1>, <591,3,1>, <597,3,1>, <599,3,1>, <602,3,2>, <605,3,1>, <607,3,1>, <608,3,1>, <613,3,1>, <626,3,1>, <629,3,1>, <632,3,1>, <638,3,1>, <645,3,2>, <651,3,1>, <654,3,2>, <664,3,1>, <672,3,1>, <676,3,1>, <680,3,1>, <681,3,1>, <685,3,1>, <687,3,1>, <698,3,1>, <700,3,1>, <704,3,1>, <706,3,1>, <716,3,3>, <720,3,1>, <724,3,1>, <725,3,2>, <726,3,1>, <756,3,1>, <759,3,1>, <763,3,1>, <764,3,1>, <765,3,1>, <792,3,1>, <794,3,1>, <797,3,1>, <799,3,1>, <803,3,1>, <817,3,1>, <827,3,1>, <863,3,1>, <866,3,1>, <883,3,1>, <914,3,1>, <933,3,1>, <934,3,1>, <958,3,1>, <965,3,1>, <966,3,1>, <980,3,1>, <981,3,1>, <985,3,1>, <1000,3,1> };

MaxCacheStorageAtSingleAS= [ 1312.5  1312.5  1312.5  1312.5  1312.5  1312.5  1312.5  1312.5  1312.5  1312.5 ] ;

MaxCacheStorage = 13125 ;
SolutionGap = 0.01 ;
