0.7372405895826358	0.794306037069532	0.9836181426013846	0.7249138415538589	1.039263583710603
0.7372405895826358	0.794306037069532	0.9836181426013846	0.7249138415538589	1.039263583710603
0.661065175119448	0.8041579536325858	1.055010600122299	0.7709978829557027	0.9743445349227119
0.661065175119448	0.8041579536325858	1.055010600122299	0.7709978829557027	0.9743445349227119
0.658084345495777	0.8553632821798973	1.079826605901315	0.6546097177915622	0.9756894171698245
0.658084345495777	0.8553632821798973	1.079826605901315	0.6546097177915622	0.9756894171698245
0.6766506278253123	0.8983042453152472	0.2202020405276188	0.5785876663538032	1.031054475172013
0.6766506278253123	0.8983042453152472	0.2202020405276188	0.5785876663538032	1.031054475172013
0.6528148283069111	0.8924361437067141	0.3188633781360581	0.5719846444327107	1.014401994931749
0.6528148283069111	0.8924361437067141	0.3188633781360581	0.5719846444327107	1.014401994931749
0.6423314599650031	0.8742669171436928	1.025113879239564	0.624098671800826	1.066900189927408
0.6423314599650031	0.8742669171436928	1.025113879239564	0.624098671800826	1.066900189927408
0.606082956192274	0.8317454402814566	1.203191509452558	0.5998827359462119	1.089073530313764
0.606082956192274	0.8317454402814566	1.203191509452558	0.5998827359462119	1.089073530313764
0.6704277435709155	0.7819954383203368	0.8299554844594842	0.6670533525724186	1.073944934391657
0.6704277435709155	0.7819954383203368	0.8299554844594842	0.6670533525724186	1.073944934391657
0.6497713741578354	0.7807103051125339	0.1090380460088739	0.6401165460070006	1.054865892464889
0.6497713741578354	0.7807103051125339	0.1090380460088739	0.6401165460070006	1.054865892464889
0.6771110055725783	0.8028627305829561	0.3901964969246589	0.7229826227315707	1.061818174981268
0.6771110055725783	0.8028627305829561	0.3901964969246589	0.7229826227315707	1.061818174981268
0.6965209541654176	0.8414654005862962	0.1929845928286128	0.7050114541081832	1.052960081365817
0.6965209541654176	0.8414654005862962	0.1929845928286128	0.7050114541081832	1.052960081365817
0.6709086504525733	0.8381159981298909	0.9684266594429541	0.793812532846358	1.069310883821182
0.6709086504525733	0.8381159981298909	0.9684266594429541	0.793812532846358	1.069310883821182
0.6899604524075046	0.8132236291219721	1.130242391140054	0.8028471598405506	1.031317087345958
0.6899604524075046	0.8132236291219721	1.130242391140054	0.8028471598405506	1.031317087345958
0.6783857159089497	0.741561193571891	0.6142586577162458	0.7416300642826671	1.044324145417902
0.6783857159089497	0.741561193571891	0.6142586577162458	0.7416300642826671	1.044324145417902
0.6554177699503544	0.7024414442450565	1.040921705070072	0.7333905819850935	1.046648688801332
0.6554177699503544	0.7024414442450565	1.040921705070072	0.7333905819850935	1.046648688801332
0.6683828438938954	0.6523450231430429	1.318066180499333	0.6261278348559791	1.048065987006686
0.6683828438938954	0.6523450231430429	1.318066180499333	0.6261278348559791	1.048065987006686
0.6746576895629698	0.6432183311431011	1.425863994004272	0.5250706214624835	1.056593224352442
0.6746576895629698	0.6432183311431011	1.425863994004272	0.5250706214624835	1.056593224352442
0.6944740888003931	0.569460539377353	1.386437207409724	0.5133197607175127	1.073503829980782
0.6944740888003931	0.569460539377353	1.386437207409724	0.5133197607175127	1.073503829980782
0.6931726617825261	0.5204205259208573	0.9192048047842192	0.551004310220955	1.073925488279327
0.6931726617825261	0.5204205259208573	0.9192048047842192	0.551004310220955	1.073925488279327
0.7839779413338083	0.4768108722628477	0.5954272687057327	0.5457000439309163	1.076195133949059
0.7839779413338083	0.4768108722628477	0.5954272687057327	0.5457000439309163	1.076195133949059
0.777825364703936	0.4238487701359758	1.133895460784095	0.5557811380619397	1.088655916084297
0.777825364703936	0.4238487701359758	1.133895460784095	0.5557811380619397	1.088655916084297
0.7890323412554771	0.4177038753281206	0.09364017428843316	0.5974720831081022	1.086794011098234
0.7890323412554771	0.4177038753281206	0.09364017428843316	0.5974720831081022	1.086794011098234
0.7921101338736152	0.4431532038959989	0.3178026956013217	0.6110125924413838	1.073787274134003
0.7921101338736152	0.4431532038959989	0.3178026956013217	0.6110125924413838	1.073787274134003
0.8180129705495359	0.4477164886192467	0.1671714565680281	0.6572330047188111	1.076787346067685
0.8180129705495359	0.4477164886192467	0.1671714565680281	0.6572330047188111	1.076787346067685
0.8289061853836944	0.4381635894821808	0.1458866048935779	0.6351211175363192	1.06664010245468
0.8289061853836944	0.4381635894821808	0.1458866048935779	0.6351211175363192	1.06664010245468
0.834658843301056	0.4359707651462336	0.8695615103438109	0.5537700912199855	1.059582488303689
0.834658843301056	0.4359707651462336	0.8695615103438109	0.5537700912199855	1.059582488303689
0.843996659778166	0.3951349943255595	0.8024293197146791	0.5362996730906634	1.060506989405637
0.843996659778166	0.3951349943255595	0.8024293197146791	0.5362996730906634	1.060506989405637
0.8607019971409382	0.4042839833459131	0.7796892130603812	0.5534015635178807	1.053732917302236
0.8607019971409382	0.4042839833459131	0.7796892130603812	0.5534015635178807	1.053732917302236
0.8164522226471369	0.3799342716806787	0.6046499895832026	0.5624289199529686	1.061250002684516
0.8164522226471369	0.3799342716806787	0.6046499895832026	0.5624289199529686	1.061250002684516
0.840433979952107	0.3596283658808954	1.248634095642504	0.5648609982092376	1.049761958003518
0.840433979952107	0.3596283658808954	1.248634095642504	0.5648609982092376	1.049761958003518
0.8326994392211806	0.4226094537553093	0.1848859561773988	0.6532480600169845	1.05083048628412
0.8326994392211806	0.4226094537553093	0.1848859561773988	0.6532480600169845	1.05083048628412
0.8143592700082239	0.4130429973664112	0.4762596682275316	0.6754835866703007	1.047638744353796
0.8143592700082239	0.4130429973664112	0.4762596682275316	0.6754835866703007	1.047638744353796
0.825939283333376	0.4327707021090744	0.2984645890703008	0.6541435393689681	1.035728009807579
0.825939283333376	0.4327707021090744	0.2984645890703008	0.6541435393689681	1.035728009807579
0.8031063010767372	0.4580706204028022	0.2347979365813143	0.6356193380443813	1.031997683347141
0.8031063010767372	0.4580706204028022	0.2347979365813143	0.6356193380443813	1.031997683347141
0.7945393677280732	0.4105895467310989	0.3901964969246589	0.7344558863434086	1.03689133504927
0.7945393677280732	0.4105895467310989	0.3901964969246589	0.7344558863434086	1.03689133504927
0.7906918783465365	0.384194661664604	0.2556764920274653	0.7109255960201526	1.049601285271176
0.7906918783465365	0.384194661664604	0.2556764920274653	0.7109255960201526	1.049601285271176
0.7963838578420378	0.3892693416564497	0.3901964969246589	0.6783359429886303	1.061441580001136
0.7963838578420378	0.3892693416564497	0.3901964969246589	0.6783359429886303	1.061441580001136
0.7753532225004587	0.3978219869375395	0.3901964969246589	0.6703483923870883	1.066903895223377
0.7753532225004587	0.3978219869375395	0.3901964969246589	0.6703483923870883	1.066903895223377
0.7854245971681103	0.429200741689286	0.3901964969246589	0.6303758159598026	1.066962728754392
0.7854245971681103	0.429200741689286	0.3901964969246589	0.6303758159598026	1.066962728754392
0.8021061379188174	0.4356097881803074	0.03457195206710387	0.5977952117525956	1.062853821782435
0.8021061379188174	0.4356097881803074	0.03457195206710387	0.5977952117525956	1.062853821782435
0.7744538071162725	0.4529111013281693	0.3762105307337947	0.6408044396406219	1.05553459115674
0.7744538071162725	0.4529111013281693	0.3762105307337947	0.6408044396406219	1.05553459115674
0.7757171551021125	0.4365257060641062	0.7306632175277079	0.7793412146539954	1.053086493867871
0.7757171551021125	0.4365257060641062	0.7306632175277079	0.7793412146539954	1.053086493867871
0.7787752434360056	0.4358475834655549	0.3494052979378769	0.8287298980251669	1.045567234966505
0.7787752434360056	0.4358475834655549	0.3494052979378769	0.8287298980251669	1.045567234966505
0.7778248479051466	0.479289200955288	0.6237259438945036	0.8044823916957504	1.052305965883196
0.7778248479051466	0.479289200955288	0.6237259438945036	0.8044823916957504	1.052305965883196
0.7471138838409843	0.4428809672501492	1.145366955293665	0.752909315120817	1.06070346441125
0.7471138838409843	0.4428809672501492	1.145366955293665	0.752909315120817	1.06070346441125
0.7312286567115204	0.421533962941763	0.04261064486934243	0.7177416557588647	1.052980195857265
0.7312286567115204	0.421533962941763	0.04261064486934243	0.7177416557588647	1.052980195857265
0.7306384284357519	0.4874485523039468	0.3011113008194251	0.6018604751212698	1.05626487606902
0.7306384284357519	0.4874485523039468	0.3011113008194251	0.6018604751212698	1.05626487606902
0.7173264927994757	0.5295054218868223	0.5260171640833846	0.5329831959112197	1.066222044293383
0.7173264927994757	0.5295054218868223	0.5260171640833846	0.5329831959112197	1.066222044293383
0.7139978469182258	0.476682521819556	0.1777461013895353	0.585144096626617	1.063064752503319
0.7139978469182258	0.476682521819556	0.1777461013895353	0.585144096626617	1.063064752503319
0.7402809868976946	0.4603933149026	0.3837562944005746	0.5616390995603318	1.059071069078562
0.7402809868976946	0.4603933149026	0.3837562944005746	0.5616390995603318	1.059071069078562
0.7458257396143277	0.454283532007774	0.2099028962552707	0.5099468868771428	1.057011295241374
0.7458257396143277	0.454283532007774	0.2099028962552707	0.5099468868771428	1.057011295241374
0.7346991265398175	0.45361074543125	0.2509780277522572	0.4881566577536036	1.048915452709129
0.7346991265398175	0.45361074543125	0.2509780277522572	0.4881566577536036	1.048915452709129
0.7461385032824913	0.4561727781259072	0.3960885298958144	0.50469714926755	1.046161212489594
0.7461385032824913	0.4561727781259072	0.3960885298958144	0.50469714926755	1.046161212489594
0.7092316940139233	0.4946959163809079	0.9150093451351062	0.562294937619214	1.045761085750722
0.7092316940139233	0.4946959163809079	0.9150093451351062	0.562294937619214	1.045761085750722
0.7301969097279415	0.4805734892103619	1.203267383221504	0.5104454369293434	1.048658425749497
0.7301969097279415	0.4805734892103619	1.203267383221504	0.5104454369293434	1.048658425749497
0.7198490192150835	0.5014492582506217	0.4022442362137408	0.5092392421660246	1.049963207433591
0.7198490192150835	0.5014492582506217	0.4022442362137408	0.5092392421660246	1.049963207433591
0.6776530269688599	0.4832463145979692	0.3674547741628559	0.5427904639792254	1.058379239184772
0.6776530269688599	0.4832463145979692	0.3674547741628559	0.5427904639792254	1.058379239184772
0.638834539711733	0.4323778227799585	0.2409112652442765	0.5541657161759166	1.06279959869561
0.638834539711733	0.4323778227799585	0.2409112652442765	0.5541657161759166	1.06279959869561
0.6543698827350867	0.4273989064496457	0.4764460036434685	0.6503066497525098	1.06476596836081
0.6543698827350867	0.4273989064496457	0.4764460036434685	0.6503066497525098	1.06476596836081
0.6570172960698695	0.4582136593574118	0.9054853700479049	0.6199145583115588	1.069237523172726
0.6570172960698695	0.4582136593574118	0.9054853700479049	0.6199145583115588	1.069237523172726
0.6573266454259803	0.4759895782086163	1.135688382628983	0.6098299769156468	1.065896334636623
0.6573266454259803	0.4759895782086163	1.135688382628983	0.6098299769156468	1.065896334636623
0.6340460283226058	0.4381709115209089	1.114953780855473	0.6545471234092426	1.061614997675321
0.6340460283226058	0.4381709115209089	1.114953780855473	0.6545471234092426	1.061614997675321
0.6601754263011225	0.3852569492922752	1.198847024395373	0.6881454873799211	1.061355753352623
0.6601754263011225	0.3852569492922752	1.198847024395373	0.6881454873799211	1.061355753352623
0.6494634342448873	0.3752511392388472	0.1424913926728511	0.7773935057041979	1.061890312470134
0.6494634342448873	0.3752511392388472	0.1424913926728511	0.7773935057041979	1.061890312470134
0.6625322620106701	0.3878361170488948	0.2338136516299833	0.8100869647824436	1.058036191222295
0.6625322620106701	0.3878361170488948	0.2338136516299833	0.8100869647824436	1.058036191222295
0.6636350844394603	0.4220768001117174	0.2588833929066806	0.846998935979521	1.048968849546849
0.6636350844394603	0.4220768001117174	0.2588833929066806	0.846998935979521	1.048968849546849
0.6687960651888751	0.4038304875174312	0.2252516172162804	0.8026893048786027	1.043759627617686
0.6687960651888751	0.4038304875174312	0.2252516172162804	0.8026893048786027	1.043759627617686
0.6785951628449258	0.4059851388880293	0.5526437267610953	0.8196552992813574	1.038954836849766
0.6785951628449258	0.4059851388880293	0.5526437267610953	0.8196552992813574	1.038954836849766
0.6860514081815182	0.365301224228226	1.036315815313221	0.7761926538588382	1.034570792752543
0.6860514081815182	0.365301224228226	1.036315815313221	0.7761926538588382	1.034570792752543
0.7154924896652922	0.3276170260508375	1.224886608760318	0.7360873371926884	1.029695405698388
0.7154924896652922	0.3276170260508375	1.224886608760318	0.7360873371926884	1.029695405698388
0.7046870597449274	0.3480527853612803	1.202083507237097	0.7120151156577612	1.027555241641561
0.7046870597449274	0.3480527853612803	1.202083507237097	0.7120151156577612	1.027555241641561
0.7103969079799842	0.351545588114148	0.4253342764729945	0.7333064260295565	1.028232887610647
0.7103969079799842	0.351545588114148	0.4253342764729945	0.7333064260295565	1.028232887610647
0.707772460687243	0.3078501013173505	1.306749890223302	0.6722820365468757	1.034540581450316
0.707772460687243	0.3078501013173505	1.306749890223302	0.6722820365468757	1.034540581450316
0.6958267249539727	0.3134434063123974	1.325527104646298	0.6455137066261125	1.035488857599277
0.6958267249539727	0.3134434063123974	1.325527104646298	0.6455137066261125	1.035488857599277
0.6793706878232424	0.3322124956152966	0.8936842026346834	0.6034894966072301	1.038830194232422
0.6793706878232424	0.3322124956152966	0.8936842026346834	0.6034894966072301	1.038830194232422
0.6852996448192404	0.3491985317640403	1.005886550497587	0.5748817954204396	1.037631664679799
0.6852996448192404	0.3491985317640403	1.005886550497587	0.5748817954204396	1.037631664679799
0.6643326054846908	0.3372506153046148	1.146742570390933	0.611469260214945	1.042909387326394
0.6643326054846908	0.3372506153046148	1.146742570390933	0.611469260214945	1.042909387326394
0.6586119858612659	0.3310047359242093	0.3901964969246589	0.5919262659161693	1.03714269814258
0.6586119858612659	0.3310047359242093	0.3901964969246589	0.5919262659161693	1.03714269814258
0.6396755243400157	0.2903022122758922	0.4464340264860447	0.5849245796400758	1.0391780744541
0.6396755243400157	0.2903022122758922	0.4464340264860447	0.5849245796400758	1.0391780744541
0.6290080654127146	0.2735151097064404	0.2448553873359289	0.5976194392310672	1.040499873525507
0.6290080654127146	0.2735151097064404	0.2448553873359289	0.5976194392310672	1.040499873525507
0.6456919057588941	0.3035683204671024	0.1846187686772529	0.5331545843506048	1.047487388978662
0.6456919057588941	0.3035683204671024	0.1846187686772529	0.5331545843506048	1.047487388978662
0.6706398236530413	0.2546361853591231	0.6023087406412578	0.5383550034881287	1.042565193063333
0.6706398236530413	0.2546361853591231	0.6023087406412578	0.5383550034881287	1.042565193063333
0.697163394795797	0.273218187925247	0.7013056617767357	0.527362837483874	1.043282692718424
0.697163394795797	0.273218187925247	0.7013056617767357	0.527362837483874	1.043282692718424
0.6810660157223686	0.2716835387807806	0.9231871107954607	0.5186732509706	1.04238542592917
0.6810660157223686	0.2716835387807806	0.9231871107954607	0.5186732509706	1.04238542592917
0.6635304863875676	0.2487731340226165	0.2325498974151944	0.4991570847346321	1.041424073501935
0.6635304863875676	0.2487731340226165	0.2325498974151944	0.4991570847346321	1.041424073501935
0.6954941506787237	0.236291489902247	0.6418523243796451	0.5122302377579014	1.036071391455485
0.6954941506787237	0.236291489902247	0.6418523243796451	0.5122302377579014	1.036071391455485
0.6694246242442002	0.1880236337955656	0.2537049461293641	0.5431670906076109	1.037795811126498
0.6694246242442002	0.1880236337955656	0.2537049461293641	0.5431670906076109	1.037795811126498
0.6642152122924815	0.2003062077951041	0.5836973823322075	0.5625929332268716	1.037827985313454
0.6642152122924815	0.2003062077951041	0.5836973823322075	0.5625929332268716	1.037827985313454
0.6688765120481669	0.1941627795105436	0.2207365199807333	0.569641278231146	1.041628644043252
0.6688765120481669	0.1941627795105436	0.2207365199807333	0.569641278231146	1.041628644043252
0.6775375442686933	0.1953000996190668	0.3393786820796688	0.5833829568954626	1.041610906111706
0.6775375442686933	0.1953000996190668	0.3393786820796688	0.5833829568954626	1.041610906111706
0.6293239587362279	0.1999977879030293	0.07834568061178189	0.5447297763881838	1.04106353333749
0.6293239587362279	0.1999977879030293	0.07834568061178189	0.5447297763881838	1.04106353333749
0.6587366347945836	0.2016281474056716	0.3901964969246589	0.5409313001195812	1.042913046888739
0.6587366347945836	0.2016281474056716	0.3901964969246589	0.5409313001195812	1.042913046888739
0.6561561541331471	0.1801539779447443	0.4015245655585503	0.5556504205280663	1.042936798743118
0.6561561541331471	0.1801539779447443	0.4015245655585503	0.5556504205280663	1.042936798743118
0.6515256511738685	0.1791114769843765	0.8257400122588897	0.5382245992016172	1.045422902808647
0.6515256511738685	0.1791114769843765	0.8257400122588897	0.5382245992016172	1.045422902808647
0.6325209356962277	0.1824227904430981	0.7440972597343937	0.5707404139226844	1.045772750018864
0.6325209356962277	0.1824227904430981	0.7440972597343937	0.5707404139226844	1.045772750018864
0.6240809605489522	0.1966719570010852	0.574801291071471	0.5659415861163606	1.050031292293238
0.6240809605489522	0.1966719570010852	0.574801291071471	0.5659415861163606	1.050031292293238
0.5947321318387888	0.2121149651457802	0.2236736382716313	0.5390827482523622	1.053044162716796
0.5947321318387888	0.2121149651457802	0.2236736382716313	0.5390827482523622	1.053044162716796
0.5707164803754676	0.2241533629283272	0.3068948111279889	0.5500581827138105	1.049694198605283
0.5707164803754676	0.2241533629283272	0.3068948111279889	0.5500581827138105	1.049694198605283
0.5876457106704998	0.2412056310308872	0.4852234977957711	0.5722323180261183	1.051025106442446
0.5876457106704998	0.2412056310308872	0.4852234977957711	0.5722323180261183	1.051025106442446
0.5912781816909046	0.2498886659430689	0.4633450954220699	0.5574239017792207	1.049111083123519
0.5912781816909046	0.2498886659430689	0.4633450954220699	0.5574239017792207	1.049111083123519
0.5728321486481874	0.246158959121665	0.6596197305663737	0.538461795826742	1.048588036463731
0.5728321486481874	0.246158959121665	0.6596197305663737	0.538461795826742	1.048588036463731
0.5916537883970411	0.2612143092311398	0.4896168858935843	0.5258992218947671	1.049043875133603
0.5916537883970411	0.2612143092311398	0.4896168858935843	0.5258992218947671	1.049043875133603
0.5959182854642506	0.2252748185353205	0.8936392385873365	0.5460848061505147	1.051672768565328
0.5959182854642506	0.2252748185353205	0.8936392385873365	0.5460848061505147	1.051672768565328
0.6142744622766225	0.2129664704945764	0.1094758729559687	0.5360658799215644	1.053113585936529
0.6142744622766225	0.2129664704945764	0.1094758729559687	0.5360658799215644	1.053113585936529
0.6128685479738406	0.2576211429913294	0.2729371123463124	0.5215260331017282	1.053582729007693
0.6128685479738406	0.2576211429913294	0.2729371123463124	0.5215260331017282	1.053582729007693
0.6079323862516539	0.2402105523475721	0.6902649059236788	0.5081816571316959	1.052329785182099
0.6079323862516539	0.2402105523475721	0.6902649059236788	0.5081816571316959	1.052329785182099
0.5982191150937903	0.2170007262470718	0.3710849560893754	0.5111956610574886	1.052474983831352
0.5982191150937903	0.2170007262470718	0.3710849560893754	0.5111956610574886	1.052474983831352
0.6087967445593453	0.2270346713976054	1.012003906414156	0.5025536860236851	1.056601194484108
0.6087967445593453	0.2270346713976054	1.012003906414156	0.5025536860236851	1.056601194484108
0.6016733222765789	0.2000825938942227	1.146364567124466	0.4555940587945004	1.05776265894312
0.6016733222765789	0.2000825938942227	1.146364567124466	0.4555940587945004	1.05776265894312
0.5962913008293999	0.2284179488914886	0.3743409833196309	0.4394296810570614	1.056093711741379
0.5962913008293999	0.2284179488914886	0.3743409833196309	0.4394296810570614	1.056093711741379
0.5925974700646233	0.2283754002015897	0.3259395741888552	0.4351658219631994	1.053695138096267
0.5925974700646233	0.2283754002015897	0.3259395741888552	0.4351658219631994	1.053695138096267
0.5959130776257381	0.25182633955589	0.2090602721163319	0.4483248705763236	1.052747891907037
0.5959130776257381	0.25182633955589	0.2090602721163319	0.4483248705763236	1.052747891907037
0.6057020266187458	0.2730711306482558	0.5154822474700451	0.4514489592408074	1.054592281546659
0.6057020266187458	0.2730711306482558	0.5154822474700451	0.4514489592408074	1.054592281546659
0.6181131155382645	0.3238671034751611	0.7453105065495913	0.4672655275973103	1.056336431918084
0.6181131155382645	0.3238671034751611	0.7453105065495913	0.4672655275973103	1.056336431918084
0.6031099860213071	0.300988000995222	0.3901964969246589	0.4579833440218035	1.054727926631073
0.6031099860213071	0.300988000995222	0.3901964969246589	0.4579833440218035	1.054727926631073
0.6083410205304086	0.3162422729283559	0.3688810004816442	0.4382344885483396	1.051829673857719
0.6083410205304086	0.3162422729283559	0.3688810004816442	0.4382344885483396	1.051829673857719
0.5952542981849667	0.2897588694819134	0.3901964969246589	0.4575187295727282	1.050624777179278
0.5952542981849667	0.2897588694819134	0.3901964969246589	0.4575187295727282	1.050624777179278
0.6008952236202341	0.2960222885852997	0.3901964969246589	0.4439776671431075	1.050681657598931
0.6008952236202341	0.2960222885852997	0.3901964969246589	0.4439776671431075	1.050681657598931
0.6280073407319102	0.292099540173451	0.3901964969246589	0.4245668662066861	1.05184438895622
0.6280073407319102	0.292099540173451	0.3901964969246589	0.4245668662066861	1.05184438895622
0.639448013120149	0.2899747351671703	0.4031119527439286	0.4172661543015362	1.051843296179557
0.639448013120149	0.2899747351671703	0.4031119527439286	0.4172661543015362	1.051843296179557
0.6320955861539213	0.2508256242568089	0.8481346186060427	0.4286105170304382	1.050296534253857
0.6320955861539213	0.2508256242568089	0.8481346186060427	0.4286105170304382	1.050296534253857
0.6294681715012921	0.2631682656940423	1.0775635158973	0.4457506804338623	1.049961871263523
0.6294681715012921	0.2631682656940423	1.0775635158973	0.4457506804338623	1.049961871263523
0.6308490459489107	0.2812769022580459	1.175576959353965	0.4403399751205684	1.048109079748899
0.6308490459489107	0.2812769022580459	1.175576959353965	0.4403399751205684	1.048109079748899
0.610454141932392	0.2709713104960472	0.6534811402376457	0.4263903634943387	1.047730748763518
0.610454141932392	0.2709713104960472	0.6534811402376457	0.4263903634943387	1.047730748763518
0.6214620782955689	0.2639548339174931	0.4229846915434638	0.4154336006906468	1.048933039895588
0.6214620782955689	0.2639548339174931	0.4229846915434638	0.4154336006906468	1.048933039895588
0.6280154197076019	0.2764320424105866	0.575613212425401	0.4042226658724304	1.048736131953554
0.6280154197076019	0.2764320424105866	0.575613212425401	0.4042226658724304	1.048736131953554
0.635269405045589	0.3080145245780653	0.5104554686143263	0.4274531711509711	1.047500979259868
0.635269405045589	0.3080145245780653	0.5104554686143263	0.4274531711509711	1.047500979259868
0.6227396927288112	0.264426874445684	1.189371060015399	0.4124952575711663	1.046690829279793
0.6227396927288112	0.264426874445684	1.189371060015399	0.4124952575711663	1.046690829279793
0.6292609351889098	0.2757743008805731	0.2539526103798032	0.4328373913207451	1.046289279834828
0.6292609351889098	0.2757743008805731	0.2539526103798032	0.4328373913207451	1.046289279834828
0.6361491865268331	0.2853347840048159	0.4726525076294321	0.4409436772855465	1.045646134930232
0.6361491865268331	0.2853347840048159	0.4726525076294321	0.4409436772855465	1.045646134930232
0.6525364693777349	0.2636743066497289	0.2369326036613352	0.4382129073734237	1.046338046506464
0.6525364693777349	0.2636743066497289	0.2369326036613352	0.4382129073734237	1.046338046506464
0.6227582267390631	0.2331879637137688	0.1999533299854417	0.4375071855561786	1.046301681925869
0.6227582267390631	0.2331879637137688	0.1999533299854417	0.4375071855561786	1.046301681925869
0.6193127248437752	0.2759105886460994	0.8294804219053206	0.445373029210589	1.04742978881574
0.6193127248437752	0.2759105886460994	0.8294804219053206	0.445373029210589	1.04742978881574
0.6167747978508796	0.305505473627165	0.4882699041031056	0.433751812706363	1.046767790946536
0.6167747978508796	0.305505473627165	0.4882699041031056	0.433751812706363	1.046767790946536
0.6147519147009304	0.3078129228553067	0.4279157990880316	0.429376815915414	1.046927089450093
0.6147519147009304	0.3078129228553067	0.4279157990880316	0.429376815915414	1.046927089450093
0.6366106989520416	0.3229820371522121	0.7680542623637243	0.4231381787733253	1.047996556054212
0.6366106989520416	0.3229820371522121	0.7680542623637243	0.4231381787733253	1.047996556054212
0.6301232964401147	0.3606169199266597	1.14500599073698	0.4344756418820103	1.047960366100794
0.6301232964401147	0.3606169199266597	1.14500599073698	0.4344756418820103	1.047960366100794
0.6429437664071088	0.3639031856153748	0.3901964969246589	0.4179799446991064	1.048369123319175
0.6429437664071088	0.3639031856153748	0.3901964969246589	0.4179799446991064	1.048369123319175
0.6471946806862192	0.3555901343233896	0.3087191218893812	0.4100589288263192	1.049022344430378
0.6471946806862192	0.3555901343233896	0.3087191218893812	0.4100589288263192	1.049022344430378
0.655925771899606	0.3539864946150633	0.07787423680016749	0.4044782959072181	1.050045811060595
0.655925771899606	0.3539864946150633	0.07787423680016749	0.4044782959072181	1.050045811060595
0.6570529710578825	0.3626647884862467	0.2208057251540829	0.4025354458539616	1.049720450542392
0.6570529710578825	0.3626647884862467	0.2208057251540829	0.4025354458539616	1.049720450542392
0.654914002568682	0.3428679566466943	0.2670015523850744	0.4131809850151656	1.047957821856784
0.654914002568682	0.3428679566466943	0.2670015523850744	0.4131809850151656	1.047957821856784
0.6544291790621732	0.3258366696247787	0.4662802334722544	0.4167147527885977	1.047158305354319
0.6544291790621732	0.3258366696247787	0.4662802334722544	0.4167147527885977	1.047158305354319
0.6661079308969223	0.3099618168044102	0.3525482241785378	0.4146521395182864	1.049189753231966
0.6661079308969223	0.3099618168044102	0.3525482241785378	0.4146521395182864	1.049189753231966
0.683640170656847	0.2976413297811466	0.3409305741767604	0.4075186369905642	1.048521005435798
0.683640170656847	0.2976413297811466	0.3409305741767604	0.4075186369905642	1.048521005435798
0.6693555836966448	0.2944032361801934	0.5970371700543878	0.3978602482549348	1.049767242039643
0.6693555836966448	0.2944032361801934	0.5970371700543878	0.3978602482549348	1.049767242039643
0.6591364707880205	0.2864323746590102	0.6646703343908852	0.3977381007206903	1.047369844179072
0.6591364707880205	0.2864323746590102	0.6646703343908852	0.3977381007206903	1.047369844179072
0.6554314644858164	0.3312752085266865	0.3285520704553298	0.4069888297449438	1.04655239143985
0.6554314644858164	0.3312752085266865	0.3285520704553298	0.4069888297449438	1.04655239143985
0.6473515507893093	0.3638888208932991	0.3485464865620386	0.4070648069250236	1.045393343264387
0.6473515507893093	0.3638888208932991	0.3485464865620386	0.4070648069250236	1.045393343264387
0.652671803750254	0.3488304311644423	0.2594009903704766	0.3920498295830391	1.046709177107266
0.652671803750254	0.3488304311644423	0.2594009903704766	0.3920498295830391	1.046709177107266
0.6545866650343369	0.3610966073916971	0.3214077198340486	0.3909240742158041	1.047095254672033
0.6545866650343369	0.3610966073916971	0.3214077198340486	0.3909240742158041	1.047095254672033
0.6682629824902769	0.3603895283676908	0.5771461144637211	0.4019881418465858	1.043749096317345
0.6682629824902769	0.3603895283676908	0.5771461144637211	0.4019881418465858	1.043749096317345
0.6836201891770495	0.3591365794987252	0.8832857993502937	0.4140844031890792	1.04530501726758
0.6836201891770495	0.3591365794987252	0.8832857993502937	0.4140844031890792	1.04530501726758
0.6911951715499659	0.3549811165638658	1.173380770361524	0.413741195949331	1.04655878142339
0.6911951715499659	0.3549811165638658	1.173380770361524	0.413741195949331	1.04655878142339
0.6884605026599563	0.3303858611690808	1.189300053710762	0.4149325317991288	1.045961286488202
0.6884605026599563	0.3303858611690808	1.189300053710762	0.4149325317991288	1.045961286488202
0.6797233795663429	0.3142929083325086	0.6684371570334643	0.4088160171532532	1.046975998794586
0.6797233795663429	0.3142929083325086	0.6684371570334643	0.4088160171532532	1.046975998794586
0.6860295878417696	0.3034112159236206	0.5886889996904149	0.4127639186985849	1.046671183650313
0.6860295878417696	0.3034112159236206	0.5886889996904149	0.4127639186985849	1.046671183650313
0.6877879648196035	0.3001096844345157	0.6540453287718766	0.4195700229977294	1.04676494233359
0.6877879648196035	0.3001096844345157	0.6540453287718766	0.4195700229977294	1.04676494233359
0.6774027040900723	0.3169768462047396	0.360187032898368	0.414366830952601	1.044600946464536
0.6774027040900723	0.3169768462047396	0.360187032898368	0.414366830952601	1.044600946464536
0.6780167314453468	0.3172325072245697	0.76069722663026	0.403541504952839	1.047249678206481
0.6780167314453468	0.3172325072245697	0.76069722663026	0.403541504952839	1.047249678206481
0.6505732774352658	0.3246121709863309	0.6888346449263928	0.4033463179770259	1.047503233476625
0.6505732774352658	0.3246121709863309	0.6888346449263928	0.4033463179770259	1.047503233476625
0.6374258661918525	0.2978582152688212	0.9309829509289725	0.3989038043698243	1.047520004444668
0.6374258661918525	0.2978582152688212	0.9309829509289725	0.3989038043698243	1.047520004444668
0.6402121686609663	0.2805396156511784	0.3151922668535305	0.4028750544506926	1.048541409162157
0.6402121686609663	0.2805396156511784	0.3151922668535305	0.4028750544506926	1.048541409162157
0.6232362520974083	0.2968564004513238	0.3083389970947094	0.4020892610040495	1.047488439403275
0.6232362520974083	0.2968564004513238	0.3083389970947094	0.4020892610040495	1.047488439403275
0.6219054713465098	0.2897677704414937	0.3283269693041029	0.3923770423786194	1.044890998449299
0.6219054713465098	0.2897677704414937	0.3283269693041029	0.3923770423786194	1.044890998449299
0.6484050336458795	0.2843077179425327	0.3901964969246589	0.39895666344101	1.041971577841632
0.6484050336458795	0.2843077179425327	0.3901964969246589	0.39895666344101	1.041971577841632
0.6481249193112266	0.2926237108597736	0.2496168968213874	0.4024506371789798	1.043209415983803
0.6481249193112266	0.2926237108597736	0.2496168968213874	0.4024506371789798	1.043209415983803
0.6595702186241028	0.2804969249365066	0.5497262059074703	0.4023460983649509	1.040789964919776
0.6595702186241028	0.2804969249365066	0.5497262059074703	0.4023460983649509	1.040789964919776
0.6559671216339088	0.2996383030272893	0.1784331444243483	0.4044586698395464	1.042139769430802
0.6559671216339088	0.2996383030272893	0.1784331444243483	0.4044586698395464	1.042139769430802
0.6504081585245377	0.2754400442167034	0.2340003743143398	0.3985623474041914	1.043690147467568
0.6504081585245377	0.2754400442167034	0.2340003743143398	0.3985623474041914	1.043690147467568
0.6594693406882881	0.2794678537639205	0.2449084495814559	0.4035809776168514	1.044935186380704
0.6594693406882881	0.2794678537639205	0.2449084495814559	0.4035809776168514	1.044935186380704
0.6523161760108817	0.2787735230288859	0.4640340992150176	0.3993677370088522	1.047871440610031
0.6523161760108817	0.2787735230288859	0.4640340992150176	0.3993677370088522	1.047871440610031
0.65183107799616	0.2524923160419575	0.375212737845819	0.4061802026549106	1.04916213737914
0.65183107799616	0.2524923160419575	0.375212737845819	0.4061802026549106	1.04916213737914
0.6330788227811679	0.2147982071693829	1.327513402108585	0.405396872511983	1.047721193359892
0.6330788227811679	0.2147982071693829	1.327513402108585	0.405396872511983	1.047721193359892
0.6411615810658099	0.2535509026718464	0.9631883272307762	0.4044726174465811	1.045355243386553
0.6411615810658099	0.2535509026718464	0.9631883272307762	0.4044726174465811	1.045355243386553
0.6372399803076163	0.2947219107200938	1.236468825596589	0.401757809764568	1.045100296254654
0.6372399803076163	0.2947219107200938	1.236468825596589	0.401757809764568	1.045100296254654
0.6340100530915774	0.3044730155825841	0.4594675016241221	0.3995486636925601	1.045546134363316
0.6340100530915774	0.3044730155825841	0.4594675016241221	0.3995486636925601	1.045546134363316
0.6278373160389815	0.292197676781365	1.232155916477171	0.4032070510874742	1.045615444449548
0.6278373160389815	0.292197676781365	1.232155916477171	0.4032070510874742	1.045615444449548
0.6410243836055957	0.3179544953852573	0.1510136956562952	0.4045857708346666	1.044059795718144
0.6410243836055957	0.3179544953852573	0.1510136956562952	0.4045857708346666	1.044059795718144
0.6551492366609571	0.3017102054996148	0.1831011734976093	0.4046724767772905	1.04484156471388
0.6551492366609571	0.3017102054996148	0.1831011734976093	0.4046724767772905	1.04484156471388
0.6550552834559604	0.3003419574038604	0.249489730105408	0.4051446393051718	1.044042668916514
0.6550552834559604	0.3003419574038604	0.249489730105408	0.4051446393051718	1.044042668916514
0.6381238680011271	0.295572039897534	0.3638007963374473	0.4033547184394119	1.043143325476133
0.6381238680011271	0.295572039897534	0.3638007963374473	0.4033547184394119	1.043143325476133
0.6413576197164886	0.2851616570564778	1.208293358571832	0.4024843143115668	1.04445132752014
0.6413576197164886	0.2851616570564778	1.208293358571832	0.4024843143115668	1.04445132752014
0.6503800868127989	0.3086270664682096	1.210229611808248	0.4007013273065071	1.046029062917721
0.6503800868127989	0.3086270664682096	1.210229611808248	0.4007013273065071	1.046029062917721
0.665085143182453	0.3520449032790811	1.147744024500128	0.3963987307027745	1.046080302572598
0.665085143182453	0.3520449032790811	1.147744024500128	0.3963987307027745	1.046080302572598
0.6465132857973928	0.3218000749822866	1.262796232252783	0.3976220915994832	1.046030815195679
0.6465132857973928	0.3218000749822866	1.262796232252783	0.3976220915994832	1.046030815195679
0.6321364756360784	0.2881634326581257	0.1742219388455756	0.3991506645835333	1.046622130638475
0.6321364756360784	0.2881634326581257	0.1742219388455756	0.3991506645835333	1.046622130638475
0.6298288029684618	0.3002940077047986	0.331187484822896	0.4021140789798905	1.047934723348344
0.6298288029684618	0.3002940077047986	0.331187484822896	0.4021140789798905	1.047934723348344
0.634459351897898	0.3006775891553764	1.136558273736762	0.4056275557672857	1.050211937013751
0.634459351897898	0.3006775891553764	1.136558273736762	0.4056275557672857	1.050211937013751
0.617944905717839	0.3387400870351179	0.1373255259103696	0.4065563610042364	1.052069578004096
0.617944905717839	0.3387400870351179	0.1373255259103696	0.4065563610042364	1.052069578004096
0.624609532270172	0.3056972331156617	0.182080160334717	0.4091649250523922	1.052069312477102
0.624609532270172	0.3056972331156617	0.182080160334717	0.4091649250523922	1.052069312477102
0.6126319124788745	0.3036068366962941	0.3041575737991772	0.4089574730228139	1.054176186747349
0.6126319124788745	0.3036068366962941	0.3041575737991772	0.4089574730228139	1.054176186747349
0.6058018707324618	0.2886607766476685	0.2318527504557716	0.4078160916275456	1.053790871654738
0.6058018707324618	0.2886607766476685	0.2318527504557716	0.4078160916275456	1.053790871654738
0.5902596650844345	0.280728220691313	0.252892433966944	0.4097174457924185	1.053200907088667
0.5902596650844345	0.280728220691313	0.252892433966944	0.4097174457924185	1.053200907088667
0.5870081965298648	0.2711897071001672	0.8818019376962282	0.4113908114602532	1.054396812860798
0.5870081965298648	0.2711897071001672	0.8818019376962282	0.4113908114602532	1.054396812860798
0.5843569250776858	0.2775729333220208	0.737590409213069	0.4139304975432201	1.053788634932511
0.5843569250776858	0.2775729333220208	0.737590409213069	0.4139304975432201	1.053788634932511
0.5940160682756297	0.2694960734261623	0.6686403460991804	0.4115240732237787	1.053162700494198
0.5940160682756297	0.2694960734261623	0.6686403460991804	0.4115240732237787	1.053162700494198
0.5892512487723665	0.2626117239182262	0.6479096986979979	0.4152424602816825	1.054136109596979
0.5892512487723665	0.2626117239182262	0.6479096986979979	0.4152424602816825	1.054136109596979
0.6022250430832587	0.253539057103681	0.4192077630949405	0.414774045036843	1.054439266742425
0.6022250430832587	0.253539057103681	0.4192077630949405	0.414774045036843	1.054439266742425
0.5996133694197341	0.236826887883663	0.1727442493079955	0.4195015005671408	1.054383789242071
0.5996133694197341	0.236826887883663	0.1727442493079955	0.4195015005671408	1.054383789242071
0.6124983370229706	0.2278174251104147	0.5014880887002002	0.4198897150067291	1.053646146598876
0.6124983370229706	0.2278174251104147	0.5014880887002002	0.4198897150067291	1.053646146598876
0.6188373130156	0.2156039333911459	0.2722355186219883	0.4179934718406483	1.055170197468281
0.6188373130156	0.2156039333911459	0.2722355186219883	0.4179934718406483	1.055170197468281
0.6165320672765247	0.2369837652456537	0.3130264487375633	0.4157173563832151	1.053411201120829
0.6165320672765247	0.2369837652456537	0.3130264487375633	0.4157173563832151	1.053411201120829
0.6204644605613276	0.2208608036098668	1.028125567726069	0.4162099989867162	1.052840946456798
0.6204644605613276	0.2208608036098668	1.028125567726069	0.4162099989867162	1.052840946456798
0.6420037419192191	0.2352471025577772	1.210189657875469	0.4182020327605804	1.052816961131268
0.6420037419192191	0.2352471025577772	1.210189657875469	0.4182020327605804	1.052816961131268
0.6478871861971555	0.2384900334552048	0.694336906157654	0.4197093137174918	1.052259308919195
0.6478871861971555	0.2384900334552048	0.694336906157654	0.4197093137174918	1.052259308919195
0.6265690824475498	0.2268054251193274	0.2080016046137339	0.4188459237582928	1.052690009823798
0.6265690824475498	0.2268054251193274	0.2080016046137339	0.4188459237582928	1.052690009823798
0.631755254680474	0.2125334039101998	0.1799107082030559	0.4174378006781593	1.052482065751194
0.631755254680474	0.2125334039101998	0.1799107082030559	0.4174378006781593	1.052482065751194
0.6109446683704033	0.2024183888831764	0.1665875994816222	0.4191147633671811	1.051880216996449
0.6109446683704033	0.2024183888831764	0.1665875994816222	0.4191147633671811	1.051880216996449
0.5921344056126223	0.2019687793071385	0.3901964969246589	0.4204338413496908	1.050181363672789
0.5921344056126223	0.2019687793071385	0.3901964969246589	0.4204338413496908	1.050181363672789
0.5830586274269677	0.2339121959178764	0.4250141052826735	0.4236345824266204	1.051682768625567
0.5830586274269677	0.2339121959178764	0.4250141052826735	0.4236345824266204	1.051682768625567
0.5882757476460929	0.2413785885586256	0.2974861686586751	0.4242059193080936	1.050769487476337
0.5882757476460929	0.2413785885586256	0.2974861686586751	0.4242059193080936	1.050769487476337
0.5764806193545355	0.2622495822296511	0.234640883816519	0.4238208797169478	1.052135708425825
0.5764806193545355	0.2622495822296511	0.234640883816519	0.4238208797169478	1.052135708425825
0.5781677449414681	0.2634181384468277	0.7826675164498172	0.4227045346431031	1.051385890872936
0.5781677449414681	0.2634181384468277	0.7826675164498172	0.4227045346431031	1.051385890872936
0.5780158610873788	0.2411403830410003	0.2822211118943366	0.4226316751809778	1.05212777223309
0.5780158610873788	0.2411403830410003	0.2822211118943366	0.4226316751809778	1.05212777223309
0.5635096550377784	0.2743709257307185	0.4899656702111094	0.4234851479144819	1.051260783917305
0.5635096550377784	0.2743709257307185	0.4899656702111094	0.4234851479144819	1.051260783917305
0.562542191925019	0.2672192669981525	0.4018202499853439	0.4249706543739872	1.051193873883006
0.562542191925019	0.2672192669981525	0.4018202499853439	0.4249706543739872	1.051193873883006
0.5679388463954633	0.2563406385859742	0.3569162982306581	0.4247503139114352	1.05045821409235
0.5679388463954633	0.2563406385859742	0.3569162982306581	0.4247503139114352	1.05045821409235
0.5782240645709188	0.2452316038229994	0.2148820868274354	0.4235309560365241	1.048992257779285
0.5782240645709188	0.2452316038229994	0.2148820868274354	0.4235309560365241	1.048992257779285
0.5787440893715632	0.2459002818847701	0.6137763724822474	0.42130844816542	1.048972118944634
0.5787440893715632	0.2459002818847701	0.6137763724822474	0.42130844816542	1.048972118944634
0.5935982643825767	0.2222333599324466	0.9396451858267506	0.4224359445706861	1.049414985886397
0.5935982643825767	0.2222333599324466	0.9396451858267506	0.4224359445706861	1.049414985886397
0.5738660823748322	0.226649272950112	1.334912821737799	0.4252297801755454	1.050141892174094
0.5738660823748322	0.226649272950112	1.334912821737799	0.4252297801755454	1.050141892174094
0.5707147348580552	0.2189039756445779	1.188502813315698	0.4198067315016773	1.048913951188221
0.5707147348580552	0.2189039756445779	1.188502813315698	0.4198067315016773	1.048913951188221
0.5698726147684658	0.2106926161122704	1.15600376265932	0.4203842137310502	1.049839472722652
0.5698726147684658	0.2106926161122704	1.15600376265932	0.4203842137310502	1.049839472722652
0.5703077842213498	0.2162880731137378	0.9232139457623655	0.4185480840973146	1.050710613148259
0.5703077842213498	0.2162880731137378	0.9232139457623655	0.4185480840973146	1.050710613148259
0.5733583163529696	0.2180795648760289	0.4989446276256416	0.41812450668275	1.050922046765357
0.5733583163529696	0.2180795648760289	0.4989446276256416	0.41812450668275	1.050922046765357
0.5726516746276262	0.2081915915060125	1.07068801641814	0.4160017203247258	1.050849578651494
0.5726516746276262	0.2081915915060125	1.07068801641814	0.4160017203247258	1.050849578651494
0.5693812261308313	0.2046681439203066	1.221448989786945	0.4158119653703169	1.049638142629555
0.5693812261308313	0.2046681439203066	1.221448989786945	0.4158119653703169	1.049638142629555
0.5652443869651878	0.201778377241055	0.2400999311931207	0.4175721690145523	1.048444028414622
0.5652443869651878	0.201778377241055	0.2400999311931207	0.4175721690145523	1.048444028414622
0.5579510508882244	0.2101127029274085	0.2145579018189496	0.4197782022127977	1.047561652886903
0.5579510508882244	0.2101127029274085	0.2145579018189496	0.4197782022127977	1.047561652886903
0.5758762911113106	0.212753731229183	0.352282448750537	0.4197116242940848	1.048119949726707
0.5758762911113106	0.212753731229183	0.352282448750537	0.4197116242940848	1.048119949726707
0.5826378284441284	0.2229417060469353	0.1474331549005305	0.4224484578399662	1.048805477654353
0.5826378284441284	0.2229417060469353	0.1474331549005305	0.4224484578399662	1.048805477654353
0.5675676068808164	0.2205991095811505	0.4439025199097325	0.4221846067773004	1.047591131361668
0.5675676068808164	0.2205991095811505	0.4439025199097325	0.4221846067773004	1.047591131361668
0.585572782158307	0.2491923476220107	0.8532512459061417	0.4219173796290152	1.048679387408987
0.585572782158307	0.2491923476220107	0.8532512459061417	0.4219173796290152	1.048679387408987
0.5843995061850378	0.2228718095140477	0.7300352708093378	0.4236157712661152	1.049609837627064
0.5843995061850378	0.2228718095140477	0.7300352708093378	0.4236157712661152	1.049609837627064
0.5832350082280011	0.2190822674235055	1.290095895551655	0.4246690753146503	1.049864858348855
0.5832350082280011	0.2190822674235055	1.290095895551655	0.4246690753146503	1.049864858348855
0.5977167047255127	0.2034308563034762	1.139907640122962	0.4259543748855641	1.050637204653694
0.5977167047255127	0.2034308563034762	1.139907640122962	0.4259543748855641	1.050637204653694
0.6005965992434789	0.1926302928219999	0.2765784326217776	0.4287696081226727	1.050809751400862
0.6005965992434789	0.1926302928219999	0.2765784326217776	0.4287696081226727	1.050809751400862
0.6134825616146647	0.1798048775866269	0.3901964969246589	0.423572566842316	1.049090565960733
0.6134825616146647	0.1798048775866269	0.3901964969246589	0.423572566842316	1.049090565960733
0.6192983683587098	0.1846621119393837	0.3901964969246589	0.4255313926151411	1.049095036643809
0.6192983683587098	0.1846621119393837	0.3901964969246589	0.4255313926151411	1.049095036643809
0.6225526844123067	0.1900403354255692	0.2281281154779786	0.4221731110735871	1.049204576239029
0.6225526844123067	0.1900403354255692	0.2281281154779786	0.4221731110735871	1.049204576239029
0.6219110671761374	0.1951040863942974	0.5187479681085527	0.4212947154516849	1.050338190897131
0.6219110671761374	0.1951040863942974	0.5187479681085527	0.4212947154516849	1.050338190897131
0.6137419129768084	0.188802846487524	0.8641218240035814	0.4216224300528312	1.051959714223271
0.6137419129768084	0.188802846487524	0.8641218240035814	0.4216224300528312	1.051959714223271
0.608628738004439	0.1909064859655096	1.031912897007949	0.4221892856307272	1.052637838793908
0.608628738004439	0.1909064859655096	1.031912897007949	0.4221892856307272	1.052637838793908
0.6148746883802565	0.1870528169696751	0.2287123192301213	0.4199161085029208	1.054229781574492
0.6148746883802565	0.1870528169696751	0.2287123192301213	0.4199161085029208	1.054229781574492
0.6083940581669395	0.1714631292306426	0.6495722580102534	0.4231582332899679	1.054073401547333
0.6083940581669395	0.1714631292306426	0.6495722580102534	0.4231582332899679	1.054073401547333
0.6148590116789724	0.16543121412325	1.058786069459049	0.4231733193692265	1.052577675961665
0.6148590116789724	0.16543121412325	1.058786069459049	0.4231733193692265	1.052577675961665
0.6163429426016589	0.1698524998524889	1.110394301620795	0.4192157265617397	1.051915173517006
0.6163429426016589	0.1698524998524889	1.110394301620795	0.4192157265617397	1.051915173517006
0.6345944225841627	0.1674775034462369	1.216884659894668	0.4222371903479399	1.051141994801551
0.6345944225841627	0.1674775034462369	1.216884659894668	0.4222371903479399	1.051141994801551
0.6558147522215388	0.1677498673694968	0.3171586071616302	0.4207401412031197	1.050609406986281
0.6558147522215388	0.1677498673694968	0.3171586071616302	0.4207401412031197	1.050609406986281
0.6545528993894084	0.1624099758411994	0.54584430853636	0.4241945054143877	1.049488002124239
0.6545528993894084	0.1624099758411994	0.54584430853636	0.4241945054143877	1.049488002124239
0.6535429443784196	0.1645196584519056	0.3189006933502125	0.4262235357911676	1.049140702038324
0.6535429443784196	0.1645196584519056	0.3189006933502125	0.4262235357911676	1.049140702038324
0.6266843260760803	0.1509376139188394	0.2264842658130735	0.429282008729742	1.048235760808457
0.6266843260760803	0.1509376139188394	0.2264842658130735	0.429282008729742	1.048235760808457
0.6245262322191364	0.1498079863937206	0.06306518371024436	0.4325609434343243	1.047773473084095
0.6245262322191364	0.1498079863937206	0.06306518371024436	0.4325609434343243	1.047773473084095
0.6381260561802178	0.1639862957958489	0.1422601654265346	0.4325217358360441	1.047137792152941
0.6381260561802178	0.1639862957958489	0.1422601654265346	0.4325217358360441	1.047137792152941
0.6526885884241724	0.1557390027144752	0.4242171995971384	0.4327376394303127	1.047519306050587
0.6526885884241724	0.1557390027144752	0.4242171995971384	0.4327376394303127	1.047519306050587
0.6450042519796999	0.1637329901037804	0.1528330353817072	0.429531320724646	1.047903685034568
0.6450042519796999	0.1637329901037804	0.1528330353817072	0.429531320724646	1.047903685034568
0.6482857605418941	0.1656066780132091	0.8445966800942288	0.428931360261565	1.04878947817317
0.6482857605418941	0.1656066780132091	0.8445966800942288	0.428931360261565	1.04878947817317
0.6602626901029208	0.1643368316419011	0.2170886986709402	0.4307789322165091	1.04908259266588
0.6602626901029208	0.1643368316419011	0.2170886986709402	0.4307789322165091	1.04908259266588
0.6658942357256048	0.1630218318106668	0.1905032191113471	0.4345218320145506	1.04823235309375
0.6658942357256048	0.1630218318106668	0.1905032191113471	0.4345218320145506	1.04823235309375
0.6663015045801307	0.1701241596473736	0.3894362918082474	0.4381442613519623	1.046960057099936
0.6663015045801307	0.1701241596473736	0.3894362918082474	0.4381442613519623	1.046960057099936
0.6741852242183872	0.1830840132765937	0.1043516953861254	0.4377738504394408	1.045739722109223
0.6741852242183872	0.1830840132765937	0.1043516953861254	0.4377738504394408	1.045739722109223
0.6666101515034343	0.1623539756725414	0.3901964969246589	0.438544498599902	1.046464792047596
0.6666101515034343	0.1623539756725414	0.3901964969246589	0.438544498599902	1.046464792047596
0.6648564223031315	0.1541628396325139	0.6023207438801867	0.4336904341592243	1.047233399170429
0.6648564223031315	0.1541628396325139	0.6023207438801867	0.4336904341592243	1.047233399170429
0.6665994497210666	0.1536565090370166	0.3901964969246589	0.4349960509253178	1.047218984676459
0.6665994497210666	0.1536565090370166	0.3901964969246589	0.4349960509253178	1.047218984676459
0.6699166732759202	0.1708230047411476	0.3901964969246589	0.434592104366919	1.046359844172896
0.6699166732759202	0.1708230047411476	0.3901964969246589	0.434592104366919	1.046359844172896
0.6623379611887985	0.1666921890443021	0.3901964969246589	0.4379165237918908	1.045531015694156
0.6623379611887985	0.1666921890443021	0.3901964969246589	0.4379165237918908	1.045531015694156
0.6533221421382404	0.1609657275390544	0.5367021087968793	0.4384892255288826	1.045479722380828
0.6533221421382404	0.1609657275390544	0.5367021087968793	0.4384892255288826	1.045479722380828
0.6494975255862884	0.1537730033107975	0.3109724744648949	0.4413446996688132	1.045132612062623
0.6494975255862884	0.1537730033107975	0.3109724744648949	0.4413446996688132	1.045132612062623
0.6508424556070943	0.145401940411157	0.5342849837444716	0.4424907816519483	1.045357245515156
0.6508424556070943	0.145401940411157	0.5342849837444716	0.4424907816519483	1.045357245515156
0.6583605147893254	0.1360855646678455	0.2255115575810936	0.4430639788249121	1.046453490024107
0.6583605147893254	0.1360855646678455	0.2255115575810936	0.4430639788249121	1.046453490024107
0.6607756259502073	0.1301783060162683	0.2241979319009186	0.4435547618611276	1.046416367112941
0.6607756259502073	0.1301783060162683	0.2241979319009186	0.4435547618611276	1.046416367112941
0.6498775528935883	0.1273710014232434	0.9928898140348547	0.442845523064465	1.046557316818028
0.6498775528935883	0.1273710014232434	0.9928898140348547	0.442845523064465	1.046557316818028
0.6661878666151313	0.1234469972142997	1.354891070242874	0.4430715136744803	1.046289757482495
0.6661878666151313	0.1234469972142997	1.354891070242874	0.4430715136744803	1.046289757482495
0.6661286474801479	0.121490586318696	1.028313856016734	0.4451752306163247	1.046754067497661
0.6661286474801479	0.121490586318696	1.028313856016734	0.4451752306163247	1.046754067497661
0.6733032196265766	0.1218679008169327	0.5442002698924585	0.4450494831137171	1.046525189790241
0.6733032196265766	0.1218679008169327	0.5442002698924585	0.4450494831137171	1.046525189790241
0.6680422264260989	0.1234795535105414	0.1791230686391501	0.4457846043767338	1.047470469289657
0.6680422264260989	0.1234795535105414	0.1791230686391501	0.4457846043767338	1.047470469289657
0.6745909432477074	0.1200919923174735	0.5956952014359095	0.4448683514904305	1.048215439925728
0.6745909432477074	0.1200919923174735	0.5956952014359095	0.4448683514904305	1.048215439925728
0.6860745100054046	0.1253558974462261	0.7360051511179811	0.4451648986541903	1.046956564852613
0.6860745100054046	0.1253558974462261	0.7360051511179811	0.4451648986541903	1.046956564852613
0.7110655536496668	0.1343665221735965	1.14092127809723	0.445997675840211	1.046557488588407
0.7110655536496668	0.1343665221735965	1.14092127809723	0.445997675840211	1.046557488588407
0.7153784939096772	0.1373071899603021	1.182543597646245	0.4445620219729067	1.047213524892833
0.7153784939096772	0.1373071899603021	1.182543597646245	0.4445620219729067	1.047213524892833
0.7219033219594173	0.1516211436339412	0.3901964969246589	0.445542920917488	1.047107737699949
0.7219033219594173	0.1516211436339412	0.3901964969246589	0.445542920917488	1.047107737699949
0.7215501096172987	0.1523122534786167	0.2792881518707602	0.4428242231079397	1.045419132349426
0.7215501096172987	0.1523122534786167	0.2792881518707602	0.4428242231079397	1.045419132349426
0.7164296794188892	0.1698715041343198	0.5096033172658438	0.4409197402900407	1.044718905697307
0.7164296794188892	0.1698715041343198	0.5096033172658438	0.4409197402900407	1.044718905697307
0.7095321155079195	0.1689588028158982	0.3392153992544037	0.4418954466561344	1.04583358007476
0.7095321155079195	0.1689588028158982	0.3392153992544037	0.4418954466561344	1.04583358007476
0.7149397987830758	0.1763211738331933	0.4684405104011665	0.4423432954071002	1.046321724136513
0.7149397987830758	0.1763211738331933	0.4684405104011665	0.4423432954071002	1.046321724136513
0.7094091221962473	0.1678523050517148	0.5365951096935136	0.4441699076395432	1.046363006448932
0.7094091221962473	0.1678523050517148	0.5365951096935136	0.4441699076395432	1.046363006448932
0.6955074782296066	0.1428003787293066	0.4875054618626962	0.4467106128606766	1.046476750895762
0.6955074782296066	0.1428003787293066	0.4875054618626962	0.4467106128606766	1.046476750895762
0.6993129086617687	0.1452319167862961	0.4332765374319258	0.4486588490537759	1.046865290711542
0.6993129086617687	0.1452319167862961	0.4332765374319258	0.4486588490537759	1.046865290711542
0.6903860933834299	0.1468928035964283	0.702661944191979	0.4459343111730858	1.048350891294281
0.6903860933834299	0.1468928035964283	0.702661944191979	0.4459343111730858	1.048350891294281
0.7009511459505259	0.1463106325308582	1.170178672076832	0.4449331711748637	1.049705638143899
0.7009511459505259	0.1463106325308582	1.170178672076832	0.4449331711748637	1.049705638143899
0.6990676287179101	0.1397417561169846	0.9150390452566585	0.4431061890518924	1.050071109324532
0.6990676287179101	0.1397417561169846	0.9150390452566585	0.4431061890518924	1.050071109324532
0.6930496609437558	0.1311163080225563	1.060615949854935	0.440767309685011	1.050248532415035
0.6930496609437558	0.1311163080225563	1.060615949854935	0.440767309685011	1.050248532415035
0.6840468298620531	0.1292794369379713	1.135837421235411	0.4393285893150292	1.049587414212302
0.6840468298620531	0.1292794369379713	1.135837421235411	0.4393285893150292	1.049587414212302
0.6804034549265834	0.1238993434064288	1.157650129279751	0.4395558298667877	1.049520285587185
0.6804034549265834	0.1238993434064288	1.157650129279751	0.4395558298667877	1.049520285587185
0.6760082126862944	0.1323773122789003	0.255120447029058	0.439275071198484	1.049818646967756
0.6760082126862944	0.1323773122789003	0.255120447029058	0.439275071198484	1.049818646967756
0.6676854493290142	0.1426646227365893	0.2747190667412316	0.437212463392021	1.050144126732381
0.6676854493290142	0.1426646227365893	0.2747190667412316	0.437212463392021	1.050144126732381
0.6652767127426462	0.1353880761557472	0.3901964969246589	0.4377848562068248	1.049443875720858
0.6652767127426462	0.1353880761557472	0.3901964969246589	0.4377848562068248	1.049443875720858
0.6756937005782044	0.124651510811134	0.5321412920588541	0.4352734307116463	1.048246164994283
0.6756937005782044	0.124651510811134	0.5321412920588541	0.4352734307116463	1.048246164994283
0.685255495900029	0.125918467452917	0.7079717493135966	0.4342246759748069	1.048066901706525
0.685255495900029	0.125918467452917	0.7079717493135966	0.4342246759748069	1.048066901706525
0.696650822939496	0.1237067311707974	0.09719656654300012	0.4354150907268835	1.047316836486613
0.696650822939496	0.1237067311707974	0.09719656654300012	0.4354150907268835	1.047316836486613
0.6904812945204079	0.1331322650987105	0.255483369523973	0.4356206824646845	1.046790684505463
0.6904812945204079	0.1331322650987105	0.255483369523973	0.4356206824646845	1.046790684505463
0.6939335116975236	0.1332665344919514	0.2805680295719055	0.4332735290395958	1.047810413196685
0.6939335116975236	0.1332665344919514	0.2805680295719055	0.4332735290395958	1.047810413196685
0.6813737494567538	0.1312296902451882	0.1597062577114252	0.4321879555243925	1.047955472420148
0.6813737494567538	0.1312296902451882	0.1597062577114252	0.4321879555243925	1.047955472420148
0.6762465446901126	0.1503865894884203	0.1752285133953633	0.4296814764005003	1.047467361004753
0.6762465446901126	0.1503865894884203	0.1752285133953633	0.4296814764005003	1.047467361004753
0.6639235997048129	0.1296841807355267	0.3901964969246589	0.4296206236058796	1.047905143453286
0.6639235997048129	0.1296841807355267	0.3901964969246589	0.4296206236058796	1.047905143453286
0.6565237981835736	0.1219608161526254	0.1751747678302079	0.4310932892831956	1.046778238660359
0.6565237981835736	0.1219608161526254	0.1751747678302079	0.4310932892831956	1.046778238660359
0.6623216560287613	0.1341661982382895	0.2185378894032874	0.4316742950294252	1.045901858697019
0.6623216560287613	0.1341661982382895	0.2185378894032874	0.4316742950294252	1.045901858697019
0.6577186079436801	0.1434007943483689	0.325613018028831	0.4318940480788157	1.045559670413655
0.6577186079436801	0.1434007943483689	0.325613018028831	0.4318940480788157	1.045559670413655
0.6501092236127832	0.1349798732821808	0.3901964969246589	0.4306431828397751	1.046314825608486
0.6501092236127832	0.1349798732821808	0.3901964969246589	0.4306431828397751	1.046314825608486
0.6468230752646751	0.1297172883063084	0.3636253690455295	0.4315927508364922	1.046334723421147
0.6468230752646751	0.1297172883063084	0.3636253690455295	0.4315927508364922	1.046334723421147
0.6349490727639318	0.1366670302185527	0.4229649859199836	0.4299006292303282	1.045936829320476
0.6349490727639318	0.1366670302185527	0.4229649859199836	0.4299006292303282	1.045936829320476
0.6446061211629489	0.1425947970539353	0.8374284448786318	0.4300520088014052	1.045332131461767
0.6446061211629489	0.1425947970539353	0.8374284448786318	0.4300520088014052	1.045332131461767
0.6538044754617229	0.1403548057406352	0.2535408568951368	0.4326079758511036	1.045022408474318
0.6538044754617229	0.1403548057406352	0.2535408568951368	0.4326079758511036	1.045022408474318
0.6360050026592008	0.1553610319655462	0.3610011075346182	0.4320980207937558	1.046177107059109
0.6360050026592008	0.1553610319655462	0.3610011075346182	0.4320980207937558	1.046177107059109
0.6237034059051155	0.1741948997477425	0.2485170571510657	0.4312282569766152	1.045326634021637
0.6237034059051155	0.1741948997477425	0.2485170571510657	0.4312282569766152	1.045326634021637
0.6206333513955512	0.1899132110829352	0.843466003023006	0.4309796515717842	1.045283467308395
0.6206333513955512	0.1899132110829352	0.843466003023006	0.4309796515717842	1.045283467308395
0.6097685152898566	0.1917580970906851	0.7602770490624897	0.4317693713056026	1.044308854113954
0.6097685152898566	0.1917580970906851	0.7602770490624897	0.4317693713056026	1.044308854113954
0.6053217598568774	0.1751963037968238	0.8939329815389219	0.4321204951338694	1.042676443436909
0.6053217598568774	0.1751963037968238	0.8939329815389219	0.4321204951338694	1.042676443436909
0.607476907819953	0.16644396828861	0.8361607931527043	0.4307550401447171	1.041699316258544
0.607476907819953	0.16644396828861	0.8361607931527043	0.4307550401447171	1.041699316258544
0.609683447493684	0.1767855680515147	1.063123146973143	0.4281201109046405	1.041908588076624
0.609683447493684	0.1767855680515147	1.063123146973143	0.4281201109046405	1.041908588076624
0.6091253421849621	0.1852749790627024	0.8723417929154005	0.4266688353753676	1.041678857272509
0.6091253421849621	0.1852749790627024	0.8723417929154005	0.4266688353753676	1.041678857272509
0.6139798421984914	0.1821212291248588	1.181922288015102	0.4265027204393941	1.04193226411169
0.6139798421984914	0.1821212291248588	1.181922288015102	0.4265027204393941	1.04193226411169
0.6120041874921135	0.1768936166169812	0.3645646718677057	0.4282049272123974	1.042159895675818
0.6120041874921135	0.1768936166169812	0.3645646718677057	0.4282049272123974	1.042159895675818
0.6107383447803051	0.1752354785743465	0.3037042945238756	0.429105914352019	1.042723488807673
0.6107383447803051	0.1752354785743465	0.3037042945238756	0.429105914352019	1.042723488807673
0.6060615575583035	0.1821380217997931	0.8310733526259572	0.4286388676882995	1.043038636499791
0.6060615575583035	0.1821380217997931	0.8310733526259572	0.4286388676882995	1.043038636499791
0.5968004926283078	0.1924046989816957	0.5055652214942838	0.4286831894239861	1.042290950488312
0.5968004926283078	0.1924046989816957	0.5055652214942838	0.4286831894239861	1.042290950488312
0.5981236263166954	0.2228609748824472	0.9089698457017742	0.4298078438602443	1.041965780154439
0.5981236263166954	0.2228609748824472	0.9089698457017742	0.4298078438602443	1.041965780154439
0.5922987521440825	0.2364780533385465	0.8443734216795725	0.4265700095537805	1.042261142678573
0.5922987521440825	0.2364780533385465	0.8443734216795725	0.4265700095537805	1.042261142678573
0.5799926292911003	0.2579050447044788	0.8985272796403638	0.4271182951995577	1.043263364181819
0.5799926292911003	0.2579050447044788	0.8985272796403638	0.4271182951995577	1.043263364181819
0.5872743159398649	0.2440554884904468	0.4723895242120685	0.4239111026044735	1.043315534089979
0.5872743159398649	0.2440554884904468	0.4723895242120685	0.4239111026044735	1.043315534089979
0.5898507203742401	0.2541325360738754	0.3683131563115502	0.4252371416372278	1.042800855807472
0.5898507203742401	0.2541325360738754	0.3683131563115502	0.4252371416372278	1.042800855807472
0.5960250509190028	0.2467656590162934	1.148156732453947	0.4246163150109765	1.044848445134709
0.5960250509190028	0.2467656590162934	1.148156732453947	0.4246163150109765	1.044848445134709
0.5995028909829874	0.2337855894710888	0.2025096692642225	0.4252424905318885	1.045348587780706
0.5995028909829874	0.2337855894710888	0.2025096692642225	0.4252424905318885	1.045348587780706
0.595722178076691	0.2133235908386746	0.2526604506949227	0.4237838877304181	1.044421363527352
0.595722178076691	0.2133235908386746	0.2526604506949227	0.4237838877304181	1.044421363527352
0.5999988771431007	0.2106224848462531	0.1051409189366275	0.4262927100609019	1.046004268632892
0.5999988771431007	0.2106224848462531	0.1051409189366275	0.4262927100609019	1.046004268632892
0.6003992215981804	0.2065225942165402	0.3136832685503603	0.4251920123345543	1.04657815803323
0.6003992215981804	0.2065225942165402	0.3136832685503603	0.4251920123345543	1.04657815803323
0.5888243747822985	0.1984511319960985	0.2369259619656972	0.4238407757570288	1.047158731398505
0.5888243747822985	0.1984511319960985	0.2369259619656972	0.4238407757570288	1.047158731398505
0.5937697098034157	0.1899913862755169	0.3901964969246589	0.4237334933685856	1.04717503391061
0.5937697098034157	0.1899913862755169	0.3901964969246589	0.4237334933685856	1.04717503391061
0.5731252951463592	0.1948912702028428	0.5475016251750122	0.4243929197118146	1.046736204022411
0.5731252951463592	0.1948912702028428	0.5475016251750122	0.4243929197118146	1.046736204022411
0.5507366708357931	0.2031977205517759	0.5766142469200798	0.4239600841310745	1.046983858346064
0.5507366708357931	0.2031977205517759	0.5766142469200798	0.4239600841310745	1.046983858346064
0.5602971170068096	0.2066378563836555	0.6910808000442057	0.4223627870497672	1.047762596509574
0.5602971170068096	0.2066378563836555	0.6910808000442057	0.4223627870497672	1.047762596509574
0.5570743328369545	0.2073922612024172	1.064499530185306	0.4239660247192671	1.04784099308695
0.5570743328369545	0.2073922612024172	1.064499530185306	0.4239660247192671	1.04784099308695
0.5618336156258915	0.2103289594143071	1.180786887248486	0.4257457409073117	1.048627078017456
0.5618336156258915	0.2103289594143071	1.180786887248486	0.4257457409073117	1.048627078017456
0.5654922070552155	0.211456013245296	0.5969289739490062	0.4275631910051624	1.048996135840882
0.5654922070552155	0.211456013245296	0.5969289739490062	0.4275631910051624	1.048996135840882
0.5792513201359407	0.1940191125011882	0.9295284798381896	0.4259666370996191	1.049340161827768
0.5792513201359407	0.1940191125011882	0.9295284798381896	0.4259666370996191	1.049340161827768
0.5733706433169693	0.1966508654743765	0.3179184717242219	0.4255258930517758	1.049578773181867
0.5733706433169693	0.1966508654743765	0.3179184717242219	0.4255258930517758	1.049578773181867
0.5768504350870916	0.2108826855918102	0.2137451136303022	0.4252859916621295	1.049165946367447
0.5768504350870916	0.2108826855918102	0.2137451136303022	0.4252859916621295	1.049165946367447
0.591158111624569	0.2114903009959236	0.4069167041238842	0.4240616334968459	1.050119673092965
0.591158111624569	0.2114903009959236	0.4069167041238842	0.4240616334968459	1.050119673092965
0.5848778361048201	0.2126717238030757	0.8310213971549455	0.4256568115806851	1.049418517481178
0.5848778361048201	0.2126717238030757	0.8310213971549455	0.4256568115806851	1.049418517481178
0.5970595971121249	0.2228515262505481	0.9872444581567925	0.4275156494680818	1.048821663283414
0.5970595971121249	0.2228515262505481	0.9872444581567925	0.4275156494680818	1.048821663283414
0.5967369591992215	0.215099411770369	0.6056264342334973	0.4282037929979364	1.047499642246466
0.5967369591992215	0.215099411770369	0.6056264342334973	0.4282037929979364	1.047499642246466
0.5856050973121133	0.2268342977804605	0.3974381593468863	0.4277450379044709	1.04635645941852
0.5856050973121133	0.2268342977804605	0.3974381593468863	0.4277450379044709	1.04635645941852
0.5786258076951233	0.2071204615493171	0.4675350546686722	0.4265394579679759	1.045619414828772
0.5786258076951233	0.2071204615493171	0.4675350546686722	0.4265394579679759	1.045619414828772
0.5752230419554146	0.2104169676346613	1.258320407819905	0.4257491571223413	1.045832691853038
0.5752230419554146	0.2104169676346613	1.258320407819905	0.4257491571223413	1.045832691853038
0.5720808156314988	0.2014600650892521	0.2776900453224275	0.4266833664200591	1.045260788538801
0.5720808156314988	0.2014600650892521	0.2776900453224275	0.4266833664200591	1.045260788538801
0.5708019358337656	0.1874819360083705	0.208048195281884	0.4269754037148754	1.045589351947451
0.5708019358337656	0.1874819360083705	0.208048195281884	0.4269754037148754	1.045589351947451
0.5714020379639388	0.1911729589289512	0.5115638333664552	0.4290425041257189	1.046989450081002
0.5714020379639388	0.1911729589289512	0.5115638333664552	0.4290425041257189	1.046989450081002
0.571014723230009	0.1956567577880215	0.304377996095239	0.4304493334239464	1.047336146782136
0.571014723230009	0.1956567577880215	0.304377996095239	0.4304493334239464	1.047336146782136
0.5726517666529473	0.1821568470837837	0.5814538060956582	0.4287582954776974	1.047613585604021
0.5726517666529473	0.1821568470837837	0.5814538060956582	0.4287582954776974	1.047613585604021
