0.2727046486985756	0.2807544521646999	0.2703627697979717	0.275436352586181	0.1418882061692958
0.2727046486985756	0.2807544521646999	0.2703627697979717	0.275436352586181	0.1418882061692958
0.2799773362083396	0.2311703948501352	0.271111445313626	0.1981688864051263	0.1621073297932222
0.2799773362083396	0.2311703948501352	0.271111445313626	0.1981688864051263	0.1621073297932222
0.2711735019976207	0.1647523586854508	0.1249995	0.1807380600060087	0.1547768534389487
0.2711735019976207	0.1647523586854508	0.1249995	0.1807380600060087	0.1547768534389487
0.2773997175443578	0.1460042569655937	0.1339639930238315	0.2105220530209668	0.159034140600503
0.2773997175443578	0.1460042569655937	0.1339639930238315	0.2105220530209668	0.159034140600503
0.2856135332843928	0.1468873704102596	0.2727095698918308	0.2284453154018009	0.1515085019959763
0.2856135332843928	0.1468873704102596	0.2727095698918308	0.2284453154018009	0.1515085019959763
0.3006790094819201	0.133893911073718	0.3849995	0.1998527270870255	0.1465078738537527
0.3006790094819201	0.133893911073718	0.3849995	0.1998527270870255	0.1465078738537527
0.2807603378355304	0.1354660572899558	0.1249995	0.1639106811937735	0.1498244028015269
0.2807603378355304	0.1354660572899558	0.1249995	0.1639106811937735	0.1498244028015269
0.2793231811143235	0.1695160451591295	0.1249995	0.1333028948643622	0.1511109617414036
0.2793231811143235	0.1695160451591295	0.1249995	0.1333028948643622	0.1511109617414036
0.274705154981943	0.1846292136484481	0.05999950000000001	0.09785556901961769	0.1579901699996921
0.274705154981943	0.1846292136484481	0.05999950000000001	0.09785556901961769	0.1579901699996921
0.2770262621224822	0.1932180794039547	0.2956796635613771	0.08464799738041591	0.162374309925232
0.2770262621224822	0.1932180794039547	0.2956796635613771	0.08464799738041591	0.162374309925232
0.3047638703199549	0.2102571087680919	0.3749995	0.08143622996944939	0.1642431402962186
0.3047638703199549	0.2102571087680919	0.3749995	0.08143622996944939	0.1642431402962186
0.3037515800585243	0.1628917603954102	0.1249995	0.07474857650360284	0.1648259865956532
0.3037515800585243	0.1628917603954102	0.1249995	0.07474857650360284	0.1648259865956532
0.3015270116630898	0.1784160171026625	0.1326890921248422	0.08074127616716634	0.1648292864082822
0.3015270116630898	0.1784160171026625	0.1326890921248422	0.08074127616716634	0.1648292864082822
0.312610711848389	0.1872053822956732	0.1890842742055949	0.08385989751726912	0.1620323662545318
0.312610711848389	0.1872053822956732	0.1890842742055949	0.08385989751726912	0.1620323662545318
0.3159221448788311	0.1880714005281252	0.3849995	0.06960506979617682	0.1658314980114959
0.3159221448788311	0.1880714005281252	0.3849995	0.06960506979617682	0.1658314980114959
0.3296075875955923	0.1874134326116992	0.1232142559427292	0.0714859668245303	0.1657799958303822
0.3296075875955923	0.1874134326116992	0.1232142559427292	0.0714859668245303	0.1657799958303822
0.3296113702055193	0.1693292123019165	0.1249995	0.07947059976938194	0.169931034292511
0.3296113702055193	0.1693292123019165	0.1249995	0.07947059976938194	0.169931034292511
0.3252809596156032	0.1794053197811746	0.0599995	0.07860495959551325	0.1686805927643809
0.3252809596156032	0.1794053197811746	0.0599995	0.07860495959551325	0.1686805927643809
0.3236832688538523	0.1742463080279129	0.1325960316144998	0.08615730796899268	0.1689628679529169
0.3236832688538523	0.1742463080279129	0.1325960316144998	0.08615730796899268	0.1689628679529169
0.3331498522098941	0.1401803466189195	0.1495637846979948	0.08511845142656534	0.1687755013237828
0.3331498522098941	0.1401803466189195	0.1495637846979948	0.08511845142656534	0.1687755013237828
0.3054077246081895	0.1149184962451557	0.1228098661519906	0.0795600820157385	0.1706788848625863
0.3054077246081895	0.1149184962451557	0.1228098661519906	0.0795600820157385	0.1706788848625863
0.2963241150743485	0.114189277459224	0.1037809661859952	0.07544097261713784	0.168051753621524
0.2963241150743485	0.114189277459224	0.1037809661859952	0.07544097261713784	0.168051753621524
0.3037926418086593	0.1080369434411273	0.0599995	0.07530936617678989	0.1676274460231734
0.3037926418086593	0.1080369434411273	0.0599995	0.07530936617678989	0.1676274460231734
0.3097259187366176	0.1183680225714488	0.1533367137440282	0.07587739863896405	0.1698537967448348
0.3097259187366176	0.1183680225714488	0.1533367137440282	0.07587739863896405	0.1698537967448348
0.3041584248065765	0.112344787440586	0.1233219735357361	0.07077845785902975	0.1678267395908498
0.3041584248065765	0.112344787440586	0.1233219735357361	0.07077845785902975	0.1678267395908498
0.3076498629782061	0.114592692411867	0.176623275511207	0.06800233393419917	0.1678279217614949
0.3076498629782061	0.114592692411867	0.176623275511207	0.06800233393419917	0.1678279217614949
0.2957404641920898	0.1231940060544304	0.03336181866042148	0.07127566607171153	0.169633903392323
0.2957404641920898	0.1231940060544304	0.03336181866042148	0.07127566607171153	0.169633903392323
0.2904042040434583	0.1184318341814187	0.1249995	0.07664339689208334	0.1709845644676271
0.2904042040434583	0.1184318341814187	0.1249995	0.07664339689208334	0.1709845644676271
0.2880642129010709	0.1392775564746178	0.302144022607589	0.07270782416251508	0.1700703858525362
0.2880642129010709	0.1392775564746178	0.302144022607589	0.07270782416251508	0.1700703858525362
0.2786144374304765	0.1375067306321286	0.3386916064422654	0.06631506686418148	0.1688168259309019
0.2786144374304765	0.1375067306321286	0.3386916064422654	0.06631506686418148	0.1688168259309019
0.2829038154234225	0.1533092068302826	0.2306194252190181	0.06722952057229002	0.1692894758029707
0.2829038154234225	0.1533092068302826	0.2306194252190181	0.06722952057229002	0.1692894758029707
0.2875348832118911	0.1431679678665483	0.3749995	0.06764882383912053	0.1693305159036247
0.2875348832118911	0.1431679678665483	0.3749995	0.06764882383912053	0.1693305159036247
0.2813688791073173	0.1476865411333619	0.1249995	0.06822256894941679	0.1712719135668748
0.2813688791073173	0.1476865411333619	0.1249995	0.06822256894941679	0.1712719135668748
0.2786317447955167	0.1535980147521875	0.2177417301063138	0.07013090829381283	0.1725538733981813
0.2786317447955167	0.1535980147521875	0.2177417301063138	0.07013090829381283	0.1725538733981813
0.2744419625888272	0.1399173880408267	0.103897540967927	0.06856834603930981	0.1732061913647227
0.2744419625888272	0.1399173880408267	0.103897540967927	0.06856834603930981	0.1732061913647227
0.2666122130948468	0.141080388446749	0.07105686219793365	0.06751184736489312	0.1746625330618065
0.2666122130948468	0.141080388446749	0.07105686219793365	0.06751184736489312	0.1746625330618065
