#descent	dspsa_orig	dspsa_enhanced
0.3773792143134733	0.3767739748186959	0.3764992859291756
0.3770360850380585	0.3769983767155336	0.376174680762419
0.3768993283894175	0.3767910181576956	0.375997282917544
0.3770439535754774	0.3769242432556722	0.3761040817767536
0.3769336392307202	0.3768835407020192	0.3759774395975305
0.3768938964858717	0.3769327696809865	0.3758790301784456
0.3768612685245217	0.3769197115605117	0.3757480861268288
0.3769970617733496	0.3768810451980951	0.3757422597995542
0.3769966310413503	0.3768902487577173	0.3757413465128269
0.3770027878044427	0.3768511415636538	0.3757230411419368
0.3770309084595541	0.3768800208744731	0.3756080633966157
0.3770308227561868	0.3768889874206065	0.3755872725380871
0.3770358256086616	0.3769394138819276	0.3756183063171508
0.3770397165330276	0.3769154868062251	0.3756355009009413
0.3770518321014018	0.3768977308092432	0.3756595893494563
0.3770330173895701	0.3768978473176074	0.3756048426662213
0.3770422592859799	0.3768881527831158	0.3755896090118708
0.3770264813858296	0.3768906782395658	0.3756248130372964
0.3770359145138472	0.3768787310717563	0.3756577160064675
0.3770287515516956	0.3768961995920017	0.3756456225055566
0.3770154191657427	0.3769032796687055	0.3755801904917364
0.3770120068644155	0.3768871553340827	0.3755756098771587
0.3770230197177475	0.3769082229031054	0.3755745729206217
0.3770270439455914	0.3769091620717013	0.3755838890950436
0.3770219525881049	0.3769180710833639	0.375570082487066
0.3770136848941246	0.3769100231161541	0.3755716181959
0.3770173205012038	0.3769087951939428	0.375590902401598
0.3770108226975936	0.3769050034528062	0.3756283370171201
0.3769922588993765	0.3769079784519634	0.3756651669265848
0.3769809833266359	0.3769048921440293	0.3756782323933231
0.3769750866619535	0.3769124884080675	0.3756669956458112
0.3769695572463058	0.3769271709862591	0.3756806752148767
0.3769616135119584	0.3769343259366467	0.3757093715684932
0.3769550133626732	0.3769218389325242	0.3757416415092356
0.3769520391431279	0.3769279519664539	0.375789666542114
0.3769478454405623	0.3769214736345592	0.3758138566221336
0.3769385353791523	0.3769108950618314	0.375865050231513
0.3769334671382178	0.3769107702455142	0.375892018197739
0.3769154796883086	0.376905307721923	0.3758896325904758
0.3769185631269134	0.3769029024078424	0.3758708790887706
0.3769406495458977	0.376903163021684	0.3758791613601127
0.3769450842138735	0.3769023641788405	0.3759125486997092
0.3769477941868822	0.3769109277560353	0.3759494522518761
0.376945378201537	0.3768932947776777	0.3759913591505275
0.3769494782193878	0.3768955038018293	0.3760481259264722
0.3769628708943881	0.3768970041289145	0.3761119018831258
0.376943892382988	0.3769102471861101	0.3762040391124072
0.3769531619656139	0.3769162885630696	0.376280672274072
0.3769608193367409	0.3769122339607605	0.3763571074683872
0.3769524121296861	0.3769226647033593	0.3764347839095642
0.3769605259597636	0.3769205178231282	0.3765235782469827
0.3769580861690317	0.3769371928331721	0.3766042041442826
0.3769511065590848	0.3769415564359504	0.3766717131116142
0.3769428608481256	0.3769396140261927	0.3767355537705844
0.3769428449127163	0.3769403259767732	0.3768196110791141
0.376941668456349	0.3769425393669247	0.3768907621509374
0.3769367483456687	0.3769492206687328	0.3769646751858807
0.3769346892581805	0.3769577169330275	0.3770384098115533
0.3769367309534286	0.3769619060447376	0.377110114310333
0.3769243866590047	0.3769637189221808	0.3771780139512898
0.3769311971499807	0.3769676092292226	0.3772477644247337
0.3769262115053462	0.3769681471647559	0.3773187998415172
0.3769232814356849	0.376965245452218	0.3773857115568227
0.376922298455052	0.376969253202443	0.3774669616378145
0.3769164259350749	0.3769730522038336	0.3775363322107027
0.3769088124037676	0.3769786077248768	0.3775976469712055
0.3769082457924545	0.3769801554623767	0.3776549359215124
0.3769114983866902	0.3769779201992837	0.3777141038597713
0.3769139070661408	0.3769708376508879	0.3777854745778354
0.3769190329033189	0.376973898172859	0.3778498011950959
0.3769203374163168	0.3769772780206533	0.3779171133116975
0.3769279177072166	0.3769718465874775	0.377980457128152
0.3769250264596751	0.3769792255559067	0.3780427030634034
0.3769235275769172	0.3769770876126147	0.3781112814097135
0.3769194738337169	0.3769734105404389	0.3781792978300712
0.3769110934310868	0.3769714612646816	0.3782395087162639
0.3769092852351595	0.3769679099735715	0.378295069400083
0.3769079971606423	0.3769735182094949	0.3783542816346254
0.3769090879840238	0.3769622677907377	0.3784184103740326
0.3769057577798228	0.3769657812093815	0.37847736435851
0.3769089071601877	0.3769744462506163	0.3785407633230828
0.3769042541805612	0.3769752269044554	0.3786055550112651
0.3769021855926538	0.3769696219771619	0.3786738179178546
0.3769003746300505	0.3769620414667881	0.3787276883101274
0.3768970185967717	0.3769636966270737	0.378781231253107
0.3768931376048652	0.3769592280143647	0.3788374345529314
0.3768921976586992	0.3769566623277895	0.3788863325933222
0.3768974016047044	0.376958452311473	0.3789304230106038
0.3769003204264662	0.3769501927253511	0.3789786516410359
0.3768962522561293	0.3769449803961968	0.3790214313186845
0.3768996436252935	0.3769492471327465	0.3790702969143822
0.3769019299275598	0.3769529145870721	0.3791161847380773
0.376902630813175	0.3769471554304977	0.3791669534069911
0.3769042847716504	0.3769445207777414	0.379216671902494
0.3769055361407865	0.3769466551504844	0.3792711042143994
0.376910253848697	0.3769479582552685	0.3793211677450935
0.3769086971989836	0.3769555526984584	0.3793749254366039
0.3769064398504477	0.376953362538337	0.3794207004466412
0.376907082795391	0.376953136916316	0.3794603166592753
0.3769119415172606	0.3769494864453502	0.3795088606742006
0.3769138607270014	0.3769543932557978	0.3795524402118517
0.376912605799067	0.3769538860999849	0.3795949050021088
0.3769069502762686	0.3769553772615581	0.3796319974506563
0.3769111187358607	0.3769550793711083	0.3796735783651093
0.3769132076733109	0.3769490133346712	0.3797108211500602
0.3769169817112147	0.3769485010223221	0.3797438067472756
0.3769142787056341	0.3769464225040402	0.3797750870348315
0.3769128812641362	0.3769439290330342	0.3798009842838463
0.376911567132946	0.3769414210470066	0.3798310069853948
0.3769063492665934	0.3769417045406213	0.3798520311105711
0.3769037801957658	0.3769389933808833	0.3798798401097013
0.3769037738970026	0.3769419102900297	0.3799144082970757
0.3769006457107937	0.3769409469324243	0.3799431075007262
0.3769007938184307	0.3769374995430271	0.3799761652165222
0.3769015853663807	0.3769371204731593	0.3800086489929381
0.3769022487255506	0.3769355442544151	0.3800376369472307
0.3769046501639731	0.3769367275026237	0.3800685740333031
0.3769051366874151	0.3769397467170467	0.3801045522449042
0.3768990497155958	0.3769371796997532	0.3801343386889832
0.3768962965192525	0.3769385939136264	0.380165808985468
0.3768979940252061	0.3769453842252211	0.3801915495607024
0.3768991209722566	0.3769509295003997	0.3802192745929925
0.3768974074759569	0.3769522273850507	0.3802414466689554
0.3769062191584241	0.376955586999252	0.3802644080516214
0.3769086739443509	0.3769563203557943	0.3802844908425222
0.3769046780476154	0.3769495308452758	0.3803025337634437
0.376900266714288	0.3769500888261992	0.380325508067154
0.3768964839691678	0.3769541457867425	0.3803419227768063
0.3768964211648159	0.3769586535306129	0.3803662796853489
0.3769000667323401	0.3769592842905972	0.3803946724913292
0.3769054490530243	0.3769591584404007	0.3804178077128206
0.3769072319662576	0.3769583405543754	0.380442078553355
0.3769029971384222	0.3769575616224526	0.3804702583452806
0.3769009981002019	0.3769578524619134	0.3804948505238972
0.3769049355994178	0.3769569868369116	0.3805213701262109
0.3769035978689463	0.3769561487652424	0.3805470240582092
0.3769034111747912	0.3769561097722161	0.3805682845819096
0.3769040547189393	0.376953760465028	0.3805845734225308
0.3769080114828982	0.3769547214523392	0.3806050462632161
0.3769106715700599	0.3769579978862992	0.3806240187788325
0.3769083176860533	0.3769611921848331	0.3806430758881295
0.3769063766133312	0.3769639349795434	0.3806560799999845
0.3769067729703719	0.376962685259785	0.3806741109234063
0.376907818549271	0.3769621730084338	0.3806951506649264
0.3769082625722183	0.376967314142221	0.3807202459153757
0.3769087000867294	0.3769664913476446	0.3807467944526048
0.376908713249157	0.376965136615837	0.3807718988499682
0.3769090103139573	0.3769660918980866	0.3807975176609765
0.3769134723752885	0.376969501363552	0.3808163263196825
0.3769122533272476	0.3769685141438195	0.3808403759830976
0.3769106136209456	0.3769705344789237	0.3808600612932849
0.3769145271003337	0.3769685738163682	0.380877716873166
0.3769151999611409	0.3769632645172161	0.3808928489548188
0.3769124160713541	0.376962463366548	0.3809144524733717
0.3769159215716964	0.3769647475059471	0.3809286451162688
0.3769167105798886	0.376962111296232	0.3809475286600137
0.3769099060127644	0.3769618920240889	0.3809639664798865
0.3769101535180875	0.3769596574580412	0.3809779107476832
0.3769110357057308	0.3769587824850464	0.3809922010440578
0.3769113399624175	0.3769575663066956	0.3810051709441846
0.3769187495705865	0.376954879373251	0.3810199129464027
0.3769252049897424	0.3769534779662178	0.3810366872695129
0.3769306668102943	0.3769481706339779	0.3810488255780471
0.3769347948183056	0.376946331570215	0.3810638703051923
0.3769369014653386	0.376944302425172	0.3810755786075622
0.3769394814552577	0.3769406537602138	0.3810883014058628
0.3769425774179475	0.3769446608611459	0.3811025425714807
0.3769431407245811	0.376944110778539	0.3811143120726331
0.3769449099616594	0.3769434892462332	0.3811266665801369
0.3769512941893287	0.3769428915821358	0.3811425607790546
0.3769554116772679	0.3769440850962512	0.3811560981030896
0.3769572339018749	0.3769461341226745	0.3811715893814208
0.3769589510163012	0.3769442665531386	0.3811850967917182
0.3769639145844063	0.3769449230445602	0.3812032077137298
0.3769658781889786	0.3769453955270196	0.3812145133075171
0.3769682483969907	0.376944019502498	0.381228037748836
0.376970940757526	0.3769413168228964	0.3812405623394733
0.3769744821085286	0.3769450495716957	0.3812524882391177
0.3769772705334651	0.3769488226755199	0.3812638044479679
0.376978935643433	0.3769530729549669	0.3812758584262863
0.376983057688019	0.3769508449646723	0.3812853878764759
0.3769868123436431	0.3769516717288487	0.3812992730014411
0.3769889634648145	0.3769484783826762	0.3813110126535927
0.3769914501886713	0.3769500084957685	0.3813217147714846
0.3769926964919226	0.376950925522706	0.3813369857283003
0.3769989694216489	0.3769496145099012	0.3813533574170882
0.3770007274062284	0.3769483552824522	0.3813686313392484
0.3770032115200963	0.3769476164636385	0.3813851652815717
0.3770047202666653	0.3769471548811019	0.3813973888116877
0.3770049451684699	0.3769493014447209	0.3814126821255425
0.3770043071127764	0.3769502937158745	0.3814281497623491
0.3770065869860275	0.3769490356856211	0.3814430299314083
0.377009796318713	0.37695162644221	0.3814564530441813
0.3770099610212213	0.3769503072329172	0.3814711212206345
0.3770119607239391	0.3769467344092573	0.3814815979604531
0.3770137013007657	0.376947546019056	0.3814935930306593
0.3770144295535813	0.3769462254048206	0.3815023632899127
0.3770156317520275	0.3769468853470851	0.3815144682661074
0.3770199257995893	0.3769486200603301	0.3815243437036574
0.3770203673563778	0.3769483204153166	0.3815355513694949
0.3770188508405556	0.3769501306197829	0.3815488332170865
0.3770211533941908	0.3769478726743445	0.3815638834368021
0.3770219056321825	0.3769500088837074	0.3815770313182208
0.377022821088618	0.3769507387953003	0.3815899802606922
0.3770256696610539	0.3769535046654769	0.3816024639355139
0.3770286048578377	0.3769555313688869	0.3816171366573853
0.3770311460660986	0.3769567767885307	0.3816289661725736
0.3770322294209598	0.3769556563466088	0.3816428147271684
0.3770354444362906	0.3769553090702086	0.3816525941445807
0.3770384635239241	0.3769571696842263	0.3816635916989617
0.3770399710979697	0.3769549466483585	0.3816742274394114
0.377043506473117	0.3769560366067001	0.381685163712791
0.3770459118779885	0.376956591903473	0.3816935348772368
0.3770496660603703	0.3769563914506713	0.3817052897081326
0.3770536957146469	0.3769556551173781	0.3817201346163993
0.3770567387753121	0.376957522289023	0.3817310566736493
0.3770583297342975	0.3769566542263615	0.3817417277470586
0.377057896357394	0.3769557902216482	0.3817510220434792
0.3770588522967274	0.3769561422842611	0.3817609885540925
0.3770629428878929	0.3769541422353775	0.3817680825414871
0.3770663390131095	0.3769536901158844	0.381775113720475
0.3770688005562203	0.3769541806898772	0.3817837729343035
0.3770684521388608	0.3769556940102553	0.3817950633797282
0.3770703811364055	0.3769547619991093	0.3818036289491356
0.3770706701267414	0.376956518259823	0.3818164830468261
0.3770742486505277	0.3769600959164993	0.3818269286362637
0.3770789032027193	0.3769578473114268	0.3818382019411335
0.3770830875959161	0.3769555517063932	0.3818487807338707
0.3770847832915832	0.3769545400425481	0.3818609541633128
0.3770858795857774	0.3769516701906547	0.3818735589635439
0.3770879181185423	0.3769534025997503	0.3818869324132733
0.377089100931419	0.3769538671822104	0.3819005566016217
0.3770914764116611	0.3769530724320621	0.381913681464101
0.3770929399536493	0.3769542376578536	0.3819237512160383
0.3770913632223365	0.3769531529843702	0.3819351355138358
0.3770931940378003	0.3769509753696998	0.3819507354378291
0.3770957565456078	0.3769500304604194	0.3819647638597213
0.3770996863245727	0.376950156443954	0.3819770525216062
0.3771024272333569	0.376950792256928	0.3819897391114836
0.3771055254516092	0.376952326512288	0.3820039553285006
0.3771058833929722	0.3769515766098192	0.382015875252308
0.3771058801703416	0.3769540827851416	0.3820292773400955
0.377106286218269	0.3769564000230269	0.3820424047971387
0.3771078368219051	0.3769568251789067	0.3820509492865217
0.3771097140399031	0.3769565197399535	0.382059832782389
0.3771103392475863	0.3769569741728253	0.3820704942872427
0.3771127097473989	0.3769546718075485	0.3820829082214799
0.3771151250034038	0.3769543652620837	0.3820923227804434
0.3771178130588511	0.3769543324791904	0.3821032392591823
0.3771218326194596	0.376953394251802	0.3821127783308956
0.3771241041583813	0.3769570248520683	0.3821211070433617
0.3771260094588818	0.3769541001555412	0.3821296930928831
0.3771276610913292	0.3769547753865905	0.382138457874368
0.3771295808245447	0.3769537568351325	0.3821455131895257
0.3771303528208809	0.3769519390852437	0.3821509121274511
0.3771335872424764	0.3769521859452137	0.3821589550122243
0.3771357117755558	0.3769519181711559	0.3821668275757305
0.3771364191430721	0.3769514753678151	0.3821723166447203
0.3771393454293485	0.3769533134374129	0.3821805014505504
0.3771415615260713	0.3769512358752397	0.3821837119738882
0.377143012814976	0.3769490025786826	0.382191061074478
0.3771421780180314	0.3769510002518608	0.3821991916599989
0.3771415257006544	0.3769509314198712	0.3822094263502316
0.3771413720175604	0.376950608006321	0.3822169270083513
0.3771435204021316	0.376950603785856	0.3822256642352589
0.3771455159174854	0.376950714793324	0.3822316902204324
0.3771486037223422	0.3769514782871806	0.3822400181939257
0.3771492590626053	0.3769528050760191	0.382249011520552
0.3771501824790001	0.3769493902531806	0.3822578760881955
0.3771527754292134	0.3769484454226978	0.3822638123563932
0.3771544938446538	0.376949001861827	0.3822711177671445
0.3771564445209038	0.3769459031069274	0.3822759672949663
0.3771573977541649	0.376946646221711	0.3822838800313227
0.3771588060476155	0.3769474573841745	0.3822915427412873
0.3771556014617763	0.3769480596920963	0.382297412023297
0.3771576628262872	0.3769481923429274	0.3823039707083938
0.3771594264301599	0.3769476855445936	0.3823113933647061
0.3771609509582187	0.3769462250980508	0.3823220041114145
0.3771622534328709	0.3769463167807503	0.382328285938107
0.3771637333405483	0.3769469580131903	0.3823350270457051
0.3771631989492192	0.3769468022494458	0.3823432509113459
0.377165356761244	0.3769462428097837	0.3823517001837895
0.3771660130961262	0.3769469422154552	0.3823582896382506
0.3771670640877436	0.3769476052321733	0.3823667199618836
0.3771670085148031	0.3769473964165139	0.3823715170314812
0.3771643984017877	0.3769459328655688	0.3823766714922944
0.3771667047074805	0.3769487889371668	0.3823808356023437
0.3771673987315357	0.3769485233234862	0.3823839390143549
0.3771694588687985	0.376947748875468	0.3823874071927845
0.3771696092531651	0.3769463432699602	0.3823917900802493
0.3771710647004741	0.376948436280704	0.3823948707488786
0.3771721315630453	0.3769506954577393	0.3824007658400685
0.3771753904357568	0.3769515311573802	0.3824048617022464
0.3771780598751475	0.3769514484187139	0.3824089370208824
0.3771784049630791	0.376951821379605	0.3824134967140795
0.3771777315500476	0.3769520640006322	0.3824186339229469
0.3771803775547038	0.3769511852692272	0.3824243814501583
0.3771812478070616	0.3769508710273295	0.3824304879163951
0.377183318914924	0.3769504657480393	0.3824324097778563
0.3771852413024563	0.3769508226102476	0.3824377889803086
0.3771874501707186	0.3769515417356503	0.3824413373348894
0.3771871412776449	0.3769504905722868	0.382444612798678
0.3771881604918839	0.3769502509156951	0.3824504768053867
0.3771895659848368	0.3769500449556829	0.3824562739680825
0.3771916243547375	0.3769496086790465	0.3824618977496435
0.377192206966516	0.376950703967612	0.3824666781535178
0.3771918162617908	0.3769493960921856	0.3824742987702364
0.3771946872564744	0.3769484279104817	0.3824806089060075
0.3771960883860712	0.3769469346931028	0.3824872413597955
0.3771967280326253	0.3769474136394698	0.3824939761194349
0.3771983384240751	0.3769468546549858	0.382502199563826
0.3771991011718011	0.376946723206856	0.3825088889042488
0.377199735870833	0.3769477598106654	0.3825155371020781
0.377198675953914	0.3769468649518459	0.3825222952373138
0.3772006045599341	0.3769468449910612	0.3825300195341018
0.3772012371522347	0.3769455269980716	0.3825394874299541
0.3772015308552918	0.3769449152851891	0.3825454343330941
0.377203219039027	0.3769440591458976	0.38255280300519
0.3772034817217486	0.3769432481584145	0.3825587439540933
0.3772054039941235	0.3769426394775287	0.3825670127918037
0.3772061069102974	0.376941368556977	0.3825752268415265
0.3772071332503892	0.3769393351135787	0.3825808381363301
0.3772068693005803	0.3769390577155891	0.3825869038107025
0.3772086572881606	0.376938022527157	0.3825938442949067
0.3772099413609755	0.3769394556199698	0.3826001798637693
0.3772123705574494	0.3769385392028887	0.3826062203006749
0.3772147041768129	0.3769386281267174	0.3826121168738287
0.3772175570299635	0.3769388033539084	0.3826185812452917
0.3772170999289842	0.3769384489108937	0.3826240182743644
0.3772182029506348	0.3769394543277865	0.3826302496714314
0.3772197088609278	0.3769398798455842	0.3826363571860949
0.3772199286034569	0.3769418900171901	0.3826421163695723
0.3772205941600423	0.376942629593882	0.3826499783966532
0.3772233995302572	0.3769406579592197	0.3826568955244838
0.377223847263682	0.3769412265676674	0.3826640152400261
0.3772241866213849	0.3769395820436706	0.3826713222196487
0.3772232701354825	0.3769382287464411	0.3826788561836802
0.377223751805897	0.3769382218004373	0.3826843059292813
0.377223873231103	0.3769389012763942	0.3826902227791098
0.377224563604328	0.3769390477603979	0.3826979700295453
0.3772259906081761	0.3769392015560037	0.3827042061939886
0.3772272653923052	0.3769402304577164	0.3827122549605398
0.3772287397064819	0.3769405550039433	0.382717692217707
0.3772300725096355	0.3769408468786954	0.3827242781712024
0.3772303778556874	0.376941967451532	0.3827305801378222
0.3772313359918865	0.3769422119043491	0.3827356210216052
0.3772301969307811	0.3769408061423191	0.382738837857109
0.3772307764807028	0.376940960983727	0.3827438851639171
0.3772305733472706	0.3769405771390608	0.3827487357082071
0.3772310090249317	0.3769410627015826	0.3827530801352763
0.3772331835456216	0.3769430763582142	0.3827575268165804
0.3772349289199167	0.3769421524500799	0.3827625991931183
0.377236832661595	0.3769429492621719	0.3827656892110707
0.3772360569299472	0.3769414056915683	0.3827692152936417
0.3772365040630086	0.3769425485696827	0.3827749082187948
0.3772391911314695	0.3769429260201218	0.382778844371355
0.377240718070631	0.3769428570448956	0.3827836241709704
0.3772428382533394	0.3769422083720206	0.3827857762653457
0.3772437440432356	0.3769444730659868	0.3827903553171134
0.3772443505801784	0.3769444179795571	0.3827942538306126
0.377245178260144	0.3769459256324434	0.3827994637458753
0.3772467128503972	0.3769481870763254	0.3828055245436577
0.3772474685270631	0.376949185297636	0.3828114801464788
0.377247871042621	0.3769503050222408	0.382816891180775
0.3772480626664306	0.3769506975836842	0.3828222434033074
0.3772510313779089	0.3769533193035061	0.3828276106571565
0.3772500599295024	0.3769542950614287	0.3828298417837698
0.3772509792596299	0.3769544270985925	0.382832799306891
0.3772515638980634	0.3769570591383951	0.3828370782608354
0.3772531676235681	0.3769578040331469	0.3828421380065569
0.37725387399157	0.3769588520768663	0.382846289597806
0.3772526505735958	0.3769603549113471	0.3828514427859623
0.3772516291972066	0.3769611448841752	0.3828544765986236
0.3772526483124232	0.3769626483607408	0.3828596889438973
0.3772528480119334	0.3769638677531401	0.3828621703635047
0.3772521705787785	0.3769659159101492	0.3828636300671217
0.3772515845092224	0.3769665250789941	0.3828664491831691
0.3772534491882741	0.3769675427810809	0.3828678520825186
0.3772547448749511	0.3769666647105872	0.3828672572302394
0.3772555646049279	0.3769682716818955	0.3828668030335357
0.3772559308703037	0.3769698263539883	0.3828680874032669
0.3772569633770022	0.37697223081535	0.382867122419004
0.3772575254879016	0.3769731582558588	0.3828663813851549
0.3772582878164172	0.3769733706189254	0.3828655015311321
0.3772589277954164	0.3769756781112711	0.3828662640020756
0.3772607063284101	0.3769757808797929	0.3828638830848861
0.3772615169162959	0.3769774718278578	0.3828624729391595
0.3772619032620649	0.3769776595781038	0.3828631331364261
0.377262165863523	0.3769815343652775	0.3828623703343271
0.3772630064216538	0.3769828246298024	0.3828602542796004
0.3772635867774432	0.3769847308023888	0.3828599820709435
0.3772637057268344	0.3769879236011846	0.382858454844789
0.3772643549025961	0.3769896268452608	0.3828578932247839
0.3772646676747395	0.3769912525928261	0.382857062568526
0.3772646088273058	0.3769934568542488	0.3828571074001862
0.3772654998093458	0.3769935980912238	0.3828581868668451
0.3772640266371282	0.3769941408120974	0.3828584190561624
0.3772651963314316	0.3769967063364467	0.382858720828938
0.3772656684106171	0.3769988593903644	0.3828598468715774
0.3772654016640544	0.3769996733738324	0.3828616953953069
0.3772649629096144	0.3770008889039229	0.3828627144518585
0.3772652617648696	0.3770027746969896	0.3828631035887635
0.3772667735672538	0.3770030350600719	0.3828621212271653
0.377268218432191	0.3770031941960805	0.3828622783174298
0.3772698832285005	0.3770040560525808	0.3828626589504356
0.3772702455797516	0.3770047340288233	0.3828642863682188
0.3772712596012192	0.3770062762499924	0.3828667239228259
0.3772720825967792	0.3770080413728267	0.3828665395784301
0.3772719205436992	0.3770113554161593	0.3828673498129448
0.3772716320589888	0.3770116335919907	0.3828670647198434
0.3772708276968653	0.3770130720302497	0.3828668556536872
0.3772720258614638	0.3770130308994573	0.3828653640770167
0.3772728970322758	0.3770145600261861	0.3828659424587212
0.3772738673853818	0.3770145213929496	0.3828644478174519
0.3772751776047766	0.3770153974198116	0.3828660608260148
0.3772752396193474	0.3770157621751675	0.3828668025201842
0.3772757921451179	0.3770156529260245	0.3828659776796742
0.3772765971127426	0.3770151011185738	0.3828663690014956
0.3772787172373073	0.3770157671795786	0.3828641741465166
0.3772787003236778	0.3770163302330163	0.3828624355740117
0.3772789982002895	0.3770165634718347	0.3828601814502297
0.3772785502821664	0.3770183387660865	0.3828600883378716
0.3772788464801198	0.3770203737714956	0.382858563569945
0.3772804433259787	0.3770196835837258	0.3828593862729738
0.3772808150895458	0.3770205240986572	0.3828602861920918
0.3772818104785222	0.3770247554411364	0.3828608913888597
0.3772826855912987	0.3770270852220217	0.3828588913814199
0.3772838368569472	0.3770284856463074	0.3828606978446506
0.3772842870842644	0.3770283235107293	0.3828603413912296
0.3772865147666855	0.377029562381371	0.3828608126845232
0.3772881225209423	0.3770304817780781	0.3828595532306732
0.3772886496768015	0.3770332969872041	0.382858407840538
0.3772916122301249	0.3770357309704409	0.3828576548555296
0.3772910339093474	0.3770376499458988	0.3828565522690759
0.3772927183943752	0.3770397454498132	0.3828561143927538
0.3772936814863362	0.3770420658570947	0.382856575390919
0.3772940177125703	0.3770423283560679	0.3828584724773978
0.3772950767796592	0.3770427250413809	0.3828581492802248
0.3772957701759513	0.3770438669253489	0.3828574726676288
0.3772960526640985	0.3770434062078444	0.3828581489939065
0.3772948970449548	0.3770443730705656	0.3828578442658901
0.3772956772060988	0.3770451376423538	0.3828575378748541
0.3772969347915114	0.3770464396537128	0.3828594223837211
0.3772982288002329	0.3770472963125819	0.3828601796981803
0.3772987372905952	0.3770475447585993	0.3828603877814788
0.377299750315808	0.3770501031889553	0.3828598730323771
0.3772989124219296	0.3770519720625419	0.3828589460383766
0.3772979319373828	0.3770517822730415	0.3828567966699593
0.3772990652315827	0.3770533999934869	0.3828571174741523
0.3772999900250102	0.3770554129845072	0.382855427732297
0.3773003758966835	0.3770558892257634	0.3828551174711708
0.3773027872208009	0.3770569146834966	0.382854215292652
0.377304058264523	0.3770586503287117	0.3828526018029353
0.3773054797654698	0.3770603472111372	0.3828497597800573
0.3773069119545853	0.3770603324581755	0.3828474262349829
0.3773088293006142	0.3770621074597288	0.3828468014652555
0.377309783067718	0.3770623701643703	0.3828442927950588
0.3773102281538994	0.3770636284976249	0.3828440154449647
0.3773125223258667	0.3770636213303891	0.3828452972977113
0.3773134791200398	0.3770633402687362	0.3828466789528004
0.3773139916541186	0.377063796442823	0.3828474675533331
0.3773140803891619	0.3770646559551125	0.3828489402758313
0.3773146930924095	0.3770661864857908	0.3828497701415152
0.3773151864646423	0.3770668569517265	0.3828521112580239
0.3773162090671051	0.3770681720480407	0.3828526579248649
0.3773166510307654	0.3770701619776105	0.3828544419658549
0.3773164156083697	0.3770721187577424	0.3828566435212774
0.3773160198949703	0.3770732324901571	0.3828595419214641
0.37731692929448	0.3770744095357572	0.3828631201281613
0.3773186238428931	0.3770755309477337	0.3828659853416857
0.3773190075766762	0.3770756432490735	0.3828679995351565
0.3773198810278628	0.3770765426777127	0.3828692112133188
0.3773202527752662	0.3770781386145771	0.3828719195412965
0.3773201322365815	0.3770796997531713	0.382874607636249
0.3773199867974394	0.3770788426081021	0.3828774513339099
0.3773212691728736	0.3770808760052418	0.3828801802225942
0.3773214876981843	0.377082510807341	0.3828840765316236
0.3773228303527547	0.3770838070547422	0.3828866370264751
0.3773226706675992	0.3770845213778936	0.3828890726771514
0.3773230054166218	0.37708537334301	0.3828906674028177
0.3773221266497148	0.377086174858821	0.3828938196779673
0.3773225783123705	0.3770864033619814	0.3828958609511848
0.3773229349956074	0.377086872833551	0.3828978713498518
0.3773234614675084	0.3770880635938341	0.3828976859369042
0.3773232369601336	0.3770880284864828	0.3828989760926126
0.3773241363738601	0.3770887028790725	0.3828994556245744
0.3773255151682869	0.3770888669702547	0.3829000301770864
0.3773238756563591	0.3770896289260057	0.3829008177878387
0.3773247855352017	0.3770915660534722	0.3829020411259864
0.3773265301151877	0.377092677464037	0.3829028725856596
0.3773272299797902	0.3770943887974291	0.3829043753079893
0.377328860486945	0.3770954643910598	0.3829057038838097
0.3773298418784522	0.3770974554884706	0.3829070090026647
0.3773289126719318	0.3770979465279501	0.3829091734682715
0.3773305888071442	0.3770998753256201	0.3829114560858999
0.3773305586173353	0.3771005897518995	0.3829122980225236
0.3773303204568754	0.3771016070443577	0.3829144118498838
0.3773290076061177	0.3771029141145047	0.3829161260531327
0.3773295332130921	0.3771026461033349	0.3829175524795522
0.3773300229463696	0.377103667194063	0.3829201884566896
0.3773314750122984	0.3771047350716855	0.3829222801823466
0.3773322262716234	0.3771063719372832	0.3829239818598759
0.3773325781310914	0.3771074836031978	0.382926510220528
0.377333530548282	0.3771076607116884	0.3829299400550568
0.3773340443803114	0.3771070456161801	0.3829331172671779
0.3773344033438856	0.3771080121342589	0.3829356149879933
0.3773358191570871	0.377108009911736	0.3829376896651452
0.377335721706657	0.3771096847189909	0.3829390712220181
0.3773353848247779	0.3771109969034356	0.3829409838874194
0.377335047978594	0.377112559234504	0.3829414467950378
0.3773343405868611	0.3771133253862639	0.3829425335129912
0.3773344906788684	0.3771130691730061	0.3829452129006238
0.3773342365432467	0.3771137295601046	0.3829466140450155
0.3773354663851873	0.3771132890256509	0.3829481261194968
0.377336558916083	0.3771150949740405	0.3829511692278059
0.3773378958168242	0.3771164639169341	0.3829533967933495
0.3773379977252023	0.3771168064110084	0.3829577027285347
0.3773384396108216	0.3771168524290491	0.3829613809734144
0.3773392352854962	0.3771165093700686	0.3829646301013272
0.377339348144444	0.3771170783703616	0.3829683527794673
0.3773395738304979	0.3771179344871859	0.3829716129265802
0.3773386876419881	0.3771184773158606	0.3829742409660483
0.3773390793262674	0.3771189039545774	0.382976996003746
0.3773407824391457	0.3771190118430634	0.3829802183721162
0.3773410684148296	0.3771206349227846	0.382983165177192
0.3773416779445633	0.3771215685272624	0.3829866263852564
0.3773422021371928	0.3771234191663049	0.3829913899112758
0.3773437156641622	0.3771236451214163	0.3829951286746361
0.3773446699165469	0.3771259558205	0.3829989199190235
0.377344875200929	0.3771262600412368	0.3830035243487979
0.3773442141923395	0.3771276886451419	0.3830064142085412
0.3773436539230085	0.3771276175972317	0.3830101332486268
0.3773438888475624	0.3771292610367872	0.3830129402420659
0.3773443327006538	0.3771295158123622	0.383017320855094
0.3773442407606582	0.377130134950343	0.3830206455522072
0.3773451790629867	0.37713064711494	0.383023503307913
0.3773460714351449	0.3771307774261144	0.3830256323783442
0.3773461053031182	0.3771321022345312	0.3830287061981248
0.3773465237702788	0.3771320235806953	0.3830313453891347
0.3773466252222722	0.3771315897192136	0.3830351513843705
0.3773475663734187	0.3771317501104778	0.3830382607084897
0.3773473938405103	0.3771314264006254	0.3830410657494085
0.3773480273349056	0.377133041128996	0.3830454658356145
0.3773478147132451	0.3771322096369633	0.3830488429144435
0.377349569832705	0.3771324727652132	0.383051661129735
0.3773497600004806	0.3771326620621149	0.3830555530080193
0.3773500556200852	0.3771343332858963	0.3830601574273493
0.3773507037648646	0.3771355586288642	0.3830625689818331
0.3773523615465656	0.3771365278587532	0.3830666865998478
0.3773537723311837	0.3771358309471706	0.3830691522797662
0.3773538931505579	0.3771360896298023	0.383072433431046
0.3773539131417416	0.3771376011648189	0.3830747716088527
0.3773541686112609	0.3771389834892139	0.383077872222796
0.3773545343238797	0.3771387730507669	0.3830805499167989
0.3773540676778621	0.3771396960888843	0.3830833393369584
0.3773535111469664	0.3771391414102635	0.3830851577804126
0.3773540863983158	0.3771399718910988	0.3830885546258721
0.3773548121864931	0.3771410577054127	0.3830916404161215
0.3773552032675999	0.3771416506604437	0.3830941105464629
0.377355432500675	0.377141912783049	0.3830970732096565
0.3773554984405948	0.3771420525021844	0.3830995098148631
0.3773559150683091	0.3771437012051885	0.3831020398620892
0.377356824009778	0.3771440074807982	0.3831038723754926
0.3773567052478699	0.377144990852576	0.3831064081568943
0.377357353333045	0.3771454430171567	0.3831082561760911
0.3773573107106728	0.3771460455702791	0.3831093737922505
0.377358559078512	0.3771467150008853	0.383111332800394
0.3773591785057727	0.3771482695331608	0.3831121320674694
0.3773597604578023	0.3771499395450344	0.3831148774833548
0.3773606047325957	0.3771502338251657	0.3831162039878446
0.3773617547606535	0.3771505511243725	0.3831178265772185
0.3773628454631649	0.3771520274131637	0.3831194177277014
0.3773629759748692	0.3771530612155323	0.3831220109086931
0.3773633491371404	0.3771530372491413	0.3831240591649276
0.3773639432916742	0.3771533164009681	0.3831258893822103
0.3773635923170252	0.3771545778343848	0.383127092473117
0.3773634607078209	0.3771556652219779	0.3831286584027607
0.3773633352975115	0.3771567124521097	0.3831299356136201
0.3773638697238016	0.3771565098760388	0.3831312262073145
0.3773645012188865	0.3771575980399633	0.3831313470915803
0.3773641937002752	0.3771586169887715	0.3831313095917086
0.3773638178984068	0.3771590150739981	0.3831307336501295
0.3773632239939602	0.3771597815202304	0.3831317080981371
0.3773636976717161	0.3771595273115945	0.3831332605707285
0.3773645727455694	0.3771606080740771	0.3831350375348187
0.3773651566930887	0.3771609656985392	0.3831350729930795
0.3773639453925285	0.3771627228622203	0.3831354050765051
0.3773631300730523	0.3771635896303869	0.3831364365104991
0.3773626203527888	0.3771650270966992	0.3831372718741946
0.377362405662924	0.3771667194858506	0.3831372228315666
0.3773627669235966	0.3771659365868019	0.3831373012862069
0.3773632913695706	0.3771675423066574	0.3831364965471681
0.3773626595794385	0.3771685034881711	0.3831376067964969
0.3773630511750475	0.3771697163015642	0.3831385610922798
0.3773630110290573	0.3771695027932565	0.3831395026954351
0.377362623524559	0.3771703977376812	0.3831409377572147
0.3773630655648325	0.3771708945236262	0.3831423343710035
0.377362540462178	0.3771711260347127	0.3831438345162106
0.3773637156973605	0.3771717846426155	0.3831460371545439
0.3773630864028678	0.3771723165791497	0.3831470653084091
0.3773629904858607	0.3771728914293124	0.3831502230141377
0.3773635033492269	0.3771737704612386	0.3831526706678621
0.3773636560036291	0.3771747280990764	0.3831545166488819
0.3773641204974449	0.3771741259882962	0.3831563299073864
0.3773647305596645	0.3771752226692688	0.3831577173082499
0.3773651095245126	0.3771760378707459	0.3831597021426072
0.3773650762222525	0.3771760358422436	0.3831618467372686
0.3773648962204821	0.3771750552765705	0.3831640184478295
0.3773656915736708	0.3771760694463548	0.3831659489550557
0.3773649503447488	0.3771768554304663	0.3831678544408118
0.3773642507382207	0.3771777025667418	0.3831700233118938
0.3773646656057696	0.3771781082597023	0.3831710754929331
0.3773651260782488	0.3771780348583945	0.3831740635096545
0.3773657215962546	0.3771773157359138	0.3831764587416987
0.3773659107606218	0.3771783598916858	0.3831784875423428
0.3773668796170112	0.3771789367272572	0.3831809308481672
0.3773676759851494	0.3771789970291451	0.3831827465446173
0.3773682005734655	0.3771796128317371	0.3831833568876901
0.3773689309198317	0.3771804758072044	0.3831850183102464
0.3773695706508047	0.3771809568758463	0.3831881797150181
0.3773704870268108	0.3771823234018999	0.3831908325921936
0.3773712009994655	0.3771821867208123	0.3831935100919205
0.3773709969614985	0.3771833650187498	0.3831961351032134
0.3773710513256223	0.3771833075359791	0.3831990781236114
0.3773705562152437	0.3771837718035584	0.3832019405722741
0.3773699260716367	0.3771841659090603	0.3832046875903732
0.377370153953164	0.3771841259448623	0.3832071146001108
0.3773699007611589	0.3771845064582499	0.3832095121223876
0.377370711186392	0.3771855884123215	0.3832129438229243
0.3773713959850167	0.3771858278614244	0.3832167511032879
0.3773714979671625	0.3771865014814898	0.3832187399244008
0.3773722583152784	0.3771870731173715	0.3832218258012313
0.3773731429995176	0.3771875078195639	0.3832245125759407
0.3773737151345067	0.3771880695590462	0.3832278432863013
0.3773735992703953	0.3771881523875776	0.3832304031711155
0.3773733635076993	0.3771895094888186	0.3832325779860218
0.3773734351008623	0.3771901873113076	0.3832352923974979
0.3773732566825374	0.3771898548547566	0.3832383163676055
0.3773732732899584	0.3771912056082887	0.3832410913852644
0.377373864056572	0.3771916160091957	0.3832442699837834
0.3773739090380318	0.3771917943303164	0.3832466754942213
0.3773739913738487	0.3771923274306903	0.3832495595657379
0.3773741928318858	0.3771925255085877	0.3832530174253784
0.3773747075130918	0.3771933413935674	0.3832553359132376
0.3773741833862617	0.377192471770899	0.3832589468410551
0.3773741514610857	0.3771927025850917	0.3832621499800749
0.37737453467422	0.3771939399853075	0.3832655301373196
0.3773745464517139	0.3771949948054251	0.3832686760987754
0.3773750204299716	0.3771947642827487	0.3832709253802875
0.3773752522810724	0.3771946762583162	0.383273784993226
0.3773755736377979	0.3771952238609141	0.383276355784212
0.3773755669772829	0.3771954990042484	0.3832794926175204
0.3773750987158961	0.3771955688452715	0.3832822062151677
0.37737503358878	0.3771965672789117	0.3832847263801417
0.3773758231240298	0.3771961225759262	0.3832875800796761
0.3773756972635016	0.3771956452987494	0.3832901551733485
0.3773762206499958	0.3771956313350933	0.3832922551910177
0.3773760130645739	0.3771955812180013	0.3832949533509034
0.377375772266019	0.3771958948499782	0.3832974445212037
0.3773758520381939	0.3771957631552757	0.3832999471016586
0.3773765892010943	0.377195955436902	0.3833021591402171
0.3773769086402501	0.3771966342789278	0.3833046860117651
0.3773765575503391	0.3771971819156595	0.3833077045997301
0.3773763107761844	0.3771980184088072	0.3833112617156872
0.3773772104505334	0.3771982498493609	0.3833139324832522
0.3773779307211962	0.3771988342518379	0.3833164764761224
0.3773780313661173	0.37719895578343	0.3833195376885616
0.3773786549144662	0.3771991776899958	0.3833221269812557
0.3773788315120787	0.3772001705964281	0.3833257965517896
0.3773801515607359	0.3772003945555793	0.3833283709012487
0.3773808170414163	0.3772015182129363	0.3833304945216508
0.3773810415450478	0.377202131414658	0.3833325602355857
0.3773820590562733	0.377201953983109	0.3833351676478445
0.3773822921010552	0.3772021331294093	0.3833373632224136
0.3773821846054781	0.3772023188402259	0.3833396704207854
0.3773815045421427	0.3772024310878194	0.3833417450343979
0.3773826461681259	0.3772037631839257	0.3833444655300339
0.3773829886024411	0.3772040288581274	0.3833464102222969
0.3773835991722012	0.377204561474615	0.3833485480838976
0.3773841082083155	0.3772048899692421	0.3833512617995564
0.3773839876715671	0.3772046887796953	0.3833536352086759
0.377383947683617	0.3772042520671315	0.3833559628501024
0.3773842403734695	0.3772039003687776	0.3833582394776565
0.3773832017879195	0.3772058288487198	0.3833599568580076
0.3773830444050775	0.3772070394829315	0.383362766159326
0.3773831017686419	0.3772061851098502	0.3833643261371926
0.377383409897047	0.3772062575270207	0.3833653646605785
0.3773834172119901	0.3772069399793154	0.383367628905623
0.3773831161461129	0.3772075026923047	0.3833696427313912
0.377383223099423	0.3772073126440956	0.3833724862910928
0.3773836349328447	0.3772071889202716	0.3833751581992229
0.3773841291697848	0.3772066207201247	0.3833778417551968
0.3773841456824186	0.3772077035581697	0.3833795700489921
0.3773843259450549	0.3772082723529275	0.383382410856865
0.3773840828799555	0.3772080505789237	0.3833852767005128
0.3773847813077807	0.3772083349947914	0.383387306662175
0.3773850616215134	0.3772091274213513	0.383389612173111
0.3773846910719595	0.3772086293266231	0.3833915494267088
0.3773839711673993	0.377208772449571	0.3833934277721081
0.3773840150906793	0.3772091256844273	0.3833955475028106
0.3773843263208275	0.3772089563344413	0.3833980790142123
0.3773846026891028	0.3772094086343855	0.3834002997431363
0.3773851353693674	0.3772092209615338	0.3834020391071989
0.3773853072385515	0.3772092432624446	0.383403515287272
0.3773856789686378	0.3772099246477902	0.3834059593219692
0.3773858218705576	0.3772102273135425	0.3834072640691998
0.3773854681603731	0.3772108302629777	0.383409783144667
0.3773861470316413	0.3772119936050748	0.3834127696818787
0.3773859901736015	0.3772115065377898	0.3834152294467421
0.3773861426869357	0.3772117399515745	0.3834167041399066
0.3773863225938708	0.3772124741021939	0.383418692463444
0.3773870184603146	0.3772133540271747	0.383420799167233
0.3773873251470222	0.3772136974467342	0.3834228087053914
0.3773877599090891	0.3772134439411289	0.3834253502848344
0.37738866904504	0.377214491844701	0.3834278565570494
0.377388616096523	0.3772137280903441	0.3834298587912699
0.3773883738914077	0.3772137306773352	0.3834321219607089
0.3773883079791479	0.3772143892483256	0.3834343637753147
0.3773871502541493	0.3772150056573601	0.383436983590991
0.3773874365111709	0.3772149862258015	0.3834392191121753
0.3773882810255859	0.3772145168999368	0.3834413381135875
0.3773885106733061	0.3772148847072576	0.3834432983952717
0.3773877550236856	0.3772159606503838	0.3834449968070933
0.3773880887110866	0.3772160482120219	0.3834481063362337
0.3773881207756551	0.3772158126505095	0.3834492335833112
0.3773885515941141	0.3772158976260672	0.3834510259263838
0.3773895177550068	0.3772162410567627	0.383453669618678
0.377389239276538	0.3772165724302475	0.3834559794502765
0.3773901758043775	0.3772162051938015	0.383457748278478
0.3773899173639794	0.377217272763294	0.3834589426084986
0.3773906154705827	0.3772180107343523	0.3834605479753678
0.3773916859926306	0.3772182656527846	0.3834631879810984
0.3773914485378073	0.3772183396292274	0.3834644612222891
0.377391139495009	0.3772190570335208	0.3834666327618909
0.3773915135577227	0.3772191712646235	0.3834675610177237
0.3773917667784296	0.377219762063134	0.3834702133750589
0.3773915689560647	0.3772200337502338	0.3834709270029752
0.3773907698554011	0.3772195508414544	0.3834726256692189
0.3773904123393098	0.3772200683734607	0.3834744215810446
0.3773902978832953	0.377220392114815	0.3834756720075363
0.3773908074555894	0.3772208036674743	0.3834767904630416
0.3773906653532163	0.3772210406029664	0.3834774353715716
0.377390714370855	0.3772211049900497	0.3834778788388979
0.3773913583581638	0.3772212987892202	0.3834781537248257
0.3773915103956781	0.3772218853671742	0.3834781467923732
0.3773915706966428	0.3772230921417841	0.3834776759657271
0.3773912708225183	0.3772241069182575	0.3834778965476522
0.3773910525576857	0.3772241154056589	0.3834776360446368
0.377391373814118	0.3772243928432756	0.3834775317962217
0.3773908180685026	0.3772240759325621	0.3834774276408807
0.3773912139303347	0.3772246214947704	0.3834767289968838
0.3773916607284049	0.3772246834383598	0.3834764166207029
0.3773916115487048	0.3772252126731503	0.3834762272541394
0.377391250177197	0.3772256986758445	0.3834756818243916
0.3773915320621558	0.3772254532643838	0.3834754609003587
0.3773909538647586	0.3772261202168961	0.3834744705565422
0.3773913884513386	0.3772273159654715	0.3834738122712532
0.3773918842277575	0.3772268682161543	0.3834736088032661
0.3773928334146677	0.3772276577588474	0.3834736566914118
0.3773924360567069	0.3772276322827443	0.3834743878444518
0.3773928985564711	0.3772281970075559	0.3834753148270298
0.3773924889985801	0.3772278502342667	0.383475513500724
0.3773923910399128	0.3772283500951586	0.3834758806810571
0.3773925889584575	0.3772291057544036	0.3834776220584554
0.3773920631398632	0.3772295222817721	0.3834774428500379
0.3773928138003969	0.377230491268101	0.3834775950194157
0.3773936213872021	0.377231451346103	0.3834781552638507
0.3773943514782447	0.3772314608865003	0.3834789051184936
0.3773950444105197	0.3772314519277674	0.3834792939310689
0.377395042446955	0.3772319361953952	0.3834806268076422
0.3773951922598145	0.3772317070854116	0.3834816396031171
0.3773946299942621	0.3772326079196736	0.3834826958121974
0.3773941512935529	0.3772321429047893	0.3834832913273201
0.3773943233311255	0.3772320618099506	0.3834844341718188
0.3773951370789215	0.3772334012069839	0.383484772478429
0.3773956931327139	0.3772334495225766	0.3834843057978286
0.377395914182092	0.3772342880779739	0.3834829633713779
0.3773974427048604	0.3772340593220579	0.3834832879216888
0.3773974207254077	0.3772344693628629	0.3834831266565755
0.3773972451481428	0.3772346151833165	0.383482524151247
0.3773970611217996	0.377235168344801	0.383481549872687
0.3773979464604996	0.3772351052172519	0.3834814017581831
0.3773978609951565	0.377234990715834	0.3834819319234388
0.3773979986126831	0.3772358932908415	0.383481509548985
0.3773974497391285	0.3772360327562497	0.3834810464193074
0.3773976740028475	0.3772366797530512	0.3834819513577949
0.377397110812298	0.3772367954069762	0.3834821260898144
0.3773966266574471	0.3772370684728179	0.3834823605971998
0.3773968145010754	0.3772371222727287	0.3834822748006826
0.3773967082437216	0.3772380188685543	0.3834826082511074
0.3773978950856054	0.3772377730525789	0.3834833959600785
0.3773974152803782	0.3772386640827202	0.3834834968407167
0.3773972323270941	0.3772390222813528	0.3834844106141895
0.3773975277918841	0.3772396511343968	0.3834849515994443
0.3773979826106413	0.3772401421158101	0.3834854237655669
0.3773979341512785	0.3772403879935421	0.3834862327623865
0.3773985849020783	0.3772404295766443	0.3834870416143612
0.3773989300374678	0.377240817126786	0.3834884677930791
0.3773981291479745	0.3772412775828254	0.3834892433879979
0.3773983824882096	0.3772417271005866	0.3834901023435338
0.3773994022835375	0.3772419920913149	0.3834911711664635
0.3774003974699706	0.3772423331988483	0.3834925012749069
0.3774005931452414	0.3772419190400478	0.3834932982198628
0.3774016285646621	0.3772422201443894	0.3834932140952148
0.377401915579367	0.3772430039943058	0.3834933550988959
0.3774022603263568	0.3772438665779758	0.383495158351321
0.3774016445676756	0.3772439936951664	0.3834963801621094
0.3774009578229093	0.3772443702967921	0.3834979923242409
0.3774005341943036	0.3772456661823758	0.3834989481596335
0.3774005951768502	0.3772460260534225	0.3835005636057724
0.3774013936514535	0.377245992670044	0.383502801856634
0.3774007013422864	0.3772465225821519	0.383504114772608
0.37740096032786	0.3772467699228671	0.3835055670838494
0.3774011307145856	0.3772475033100745	0.3835071816428479
0.3774013371284368	0.3772470842652768	0.3835082089507856
0.3774017793212239	0.3772474092994305	0.3835089284704615
0.3774013809257216	0.3772485210593536	0.3835105312806195
0.3774012863756172	0.3772488384602734	0.3835110436326756
0.3774018292851453	0.377248767266517	0.3835117942915196
0.3774014171082652	0.3772489481699636	0.3835135960673655
0.3774012237519423	0.3772483742492885	0.3835145385820692
0.3774014113613289	0.3772489250984757	0.3835157542480592
0.3774017566860681	0.3772493652932327	0.3835176490311054
0.3774017449464273	0.3772496338205652	0.383518394305611
0.3774010312970874	0.3772500843736574	0.3835196684513181
0.3774009847872224	0.3772508229049505	0.3835214535586658
0.3774013928487836	0.3772509426730211	0.3835228268772233
0.3774018557207874	0.3772512384854165	0.3835238897220896
0.3774015325884764	0.3772513089342175	0.3835259274583492
0.3774007905495012	0.3772519188570259	0.3835275416039108
0.3774006784354823	0.377251238239821	0.3835295678894534
0.377400810689281	0.3772510317141643	0.3835313686554847
0.3774007383620877	0.3772514799391459	0.3835326195343793
0.3774005614786585	0.377251716653541	0.3835345563122489
0.3774007300951444	0.3772519421036673	0.3835358905699876
0.3774010769149717	0.3772514762987098	0.3835381217016086
0.3774014191502618	0.3772517377072441	0.3835386854947586
0.3774011057819544	0.3772516570479162	0.3835397418669256
0.3774010513954992	0.3772515802539006	0.3835405090926733
0.377401267155789	0.3772517792023138	0.3835405383256316
0.377401794201633	0.3772519371473591	0.3835411955978185
0.3774020281123335	0.3772513391888781	0.3835423232008854
0.377401585496428	0.3772518844154714	0.3835437306833034
0.377401755238213	0.3772528547911906	0.3835443431471716
0.3774019716131015	0.3772528216185175	0.3835461591660039
0.3774028828108122	0.3772529629082491	0.3835470915281955
0.3774025531614871	0.3772527623573825	0.3835490626258672
0.3774022281345443	0.3772527281499957	0.3835496387884766
0.3774021402894423	0.3772535159391962	0.3835510319962855
0.3774020516169266	0.3772538002959923	0.383553033627874
0.3774012729064821	0.3772546007096063	0.383553734630719
0.3774011061140109	0.3772552074606915	0.3835551505944744
0.3774009497935669	0.3772558050566316	0.3835557228550638
0.3774012894092625	0.3772559305812697	0.3835566021312814
0.3774020546844068	0.3772559085193384	0.3835577373989197
0.3774016192255072	0.3772559362101082	0.3835586349386535
0.377402100484043	0.377255562339205	0.3835597246046671
0.3774019541330689	0.3772559378056443	0.3835617976510036
0.3774019698844447	0.3772558987767962	0.3835634918905736
0.37740188998906	0.3772558759448105	0.3835653438856974
0.377402044211287	0.3772559096493848	0.3835665692330863
0.3774030955810086	0.3772560413028839	0.383568577605475
0.3774026625640593	0.3772557664675226	0.3835707239363657
0.3774031487339208	0.3772565909252485	0.3835717038156564
0.3774037459696199	0.3772569059668108	0.3835737289761623
0.3774028316831241	0.3772567113996019	0.3835756096771694
0.3774032438762318	0.3772576988936288	0.3835776234816667
0.3774024169892392	0.3772573119954052	0.383578868281681
0.3774023941197373	0.3772582953531055	0.3835803111525802
0.3774027829758513	0.3772580452899219	0.3835821981462088
0.377403148495365	0.3772584043110802	0.3835826988341562
0.3774030005122405	0.3772586497457714	0.3835840421366224
0.3774032157220093	0.3772585549460663	0.3835841941845991
0.3774034611226736	0.3772588782726491	0.3835847981801579
0.3774037838219617	0.3772591623454949	0.3835850157564603
0.3774038537150289	0.3772589684810298	0.3835855614291865
0.3774039723340469	0.3772595156026012	0.3835856733103498
0.3774041219138912	0.3772597649284275	0.383584977854363
0.3774041398885769	0.3772602123569128	0.3835843639242674
0.3774043193948748	0.3772602629299903	0.3835847267646496
0.3774046160361861	0.3772602392810952	0.383583606985741
0.3774050960986092	0.3772600868845422	0.3835829706028892
0.3774053367709609	0.3772604356705045	0.3835812729040305
0.3774057980442842	0.3772597516195944	0.3835807239301127
0.3774068064740665	0.3772600455212376	0.3835802791190641
0.3774060834662645	0.3772598140643438	0.3835789061068064
0.3774059610661208	0.3772600067070858	0.3835778561941279
0.3774058680044924	0.377260459541077	0.3835772597940971
0.3774060539129435	0.3772604020175209	0.3835764444379565
0.3774060240297673	0.3772610809202125	0.3835758498759226
0.3774059371889944	0.3772610961028483	0.3835748595893101
0.377405260724009	0.3772618091296325	0.3835749450396113
0.3774054736278375	0.3772625044572209	0.3835739392016994
0.3774052838909945	0.3772627133812083	0.3835726634797044
0.377405406703145	0.3772631262015649	0.3835710555450382
0.3774060456865386	0.3772632952215578	0.3835690012192605
0.3774063756176872	0.3772635730653863	0.3835677004433508
0.3774059938468747	0.377263994755495	0.3835660368885929
0.3774063358155885	0.3772638691928442	0.383564714997588
0.3774068135138668	0.3772646129332651	0.3835642758289126
0.3774071900748122	0.3772649969295268	0.3835639228620557
0.3774072440653493	0.3772649873020119	0.3835640067594168
0.3774077200232048	0.3772649253191946	0.3835631926297521
0.3774082279801508	0.3772649166439391	0.3835627542691176
0.3774091702708451	0.3772649477501973	0.3835627681953505
0.3774087652969251	0.3772649047135838	0.3835622038981152
0.3774087713442632	0.3772652912154174	0.3835630247327267
0.3774084215029716	0.3772660246162644	0.3835631062291956
0.3774083767254524	0.377265611628102	0.3835629662915057
0.3774086352266213	0.377266265502464	0.3835628280828576
0.3774088559131321	0.3772663081226386	0.3835626728174666
0.3774089697944667	0.3772660435246561	0.3835624881903554
0.3774087443686437	0.3772661644962424	0.3835619595157095
0.3774089704196165	0.3772667226596256	0.3835606729366987
0.3774099050531364	0.3772672963771005	0.383559955260953
0.3774096373543709	0.3772680913905981	0.3835584153921787
0.3774109142609606	0.3772683302449802	0.3835571861459957
0.3774115135173481	0.3772687731070992	0.383556840832522
0.3774116884092493	0.3772691535695151	0.3835571278681282
0.377411804533878	0.3772694733524099	0.3835578252396941
0.377411872933053	0.3772693480697733	0.3835577960542045
0.3774122325636711	0.3772696095867393	0.3835574181196734
0.3774122779207068	0.3772693898792575	0.3835571709993654
0.3774123164959996	0.3772699942848977	0.3835568066569971
0.3774128800128487	0.3772705027563833	0.3835563990891929
0.3774133885402103	0.3772709573649727	0.3835560287085328
0.3774132798485094	0.3772715334943015	0.3835555276307848
0.3774137694141555	0.3772718204937768	0.383553509564869
0.3774136032449485	0.3772724032528996	0.383552367059124
0.3774134028885954	0.3772730929502964	0.3835507419571538
0.3774137851256237	0.3772733775246734	0.3835495418519332
0.3774139479738998	0.377273983030235	0.3835495692649016
0.3774140588820866	0.3772732910557393	0.3835489334586311
0.3774137369432637	0.3772732563951118	0.3835482527240899
0.3774135486151057	0.3772734137796731	0.3835474172931441
0.3774140971746832	0.3772738621194771	0.3835463346994006
0.3774144118751581	0.3772734695464571	0.3835449168724403
0.3774145448803917	0.3772744388876955	0.3835439396411492
0.3774151097305036	0.3772757599487093	0.3835420562013282
0.3774152391156597	0.3772755944599863	0.383541102037229
0.3774148699431968	0.3772760589951983	0.3835390557197653
0.3774146199856634	0.3772757504899175	0.3835362872593819
0.3774147150724556	0.3772763225352911	0.3835334879651732
0.3774156025124297	0.3772765222558133	0.3835315673660142
0.3774160766005128	0.3772774329944888	0.3835290727575561
0.3774161458309073	0.377278224719823	0.3835261465266019
0.3774168996158113	0.3772784920670063	0.3835227807537789
0.3774161197628816	0.3772785634863547	0.383518650275115
0.3774158665008931	0.3772784452219333	0.3835147859207279
0.3774154178737579	0.3772785986721543	0.3835096863795875
0.3774147514852462	0.3772786241858529	0.3835052521117064
0.3774148020344352	0.3772789973545561	0.3835005377740295
0.3774143728208589	0.3772792505797702	0.383496362007842
0.3774140911755943	0.3772799233373125	0.3834914024975373
0.3774143205506335	0.3772796792033005	0.3834870264407725
0.3774139955373028	0.3772804004423633	0.3834833192010899
0.3774143633272709	0.3772806921377528	0.3834783511635028
0.3774146995788781	0.3772803235623312	0.3834737163792845
0.3774147271482166	0.3772807403865557	0.3834696938746374
0.3774146966795721	0.3772804741619105	0.3834651963765906
0.377415092122516	0.3772803768998327	0.3834613133234094
0.3774153424405799	0.3772804131923474	0.3834571269400892
0.3774159404673324	0.3772807564553459	0.3834543789466844
0.3774159098661969	0.3772809348885066	0.383451408635724
0.3774152767178259	0.3772806223829422	0.3834482285785425
0.3774151360955227	0.3772807398095996	0.3834452344501467
0.3774154290953532	0.3772812703064035	0.3834418915759247
0.377415565630671	0.3772809728527645	0.3834385509696752
0.3774155186261217	0.3772808655320385	0.3834347643161199
0.3774154877950141	0.3772807731254902	0.3834318493852836
0.3774154211193079	0.3772805202042191	0.3834290141442021
0.3774155602336844	0.3772807350332746	0.3834265887883308
0.3774157640707305	0.3772815472086146	0.3834248007391489
0.3774158777324041	0.377281984998009	0.3834228419761179
0.3774159094969831	0.3772822608668779	0.3834207744740015
0.3774148409238242	0.3772821576731068	0.3834196149019701
0.3774157780444626	0.3772822800909115	0.3834187148765239
0.3774159909751471	0.3772820831344277	0.3834180310912617
0.3774159661000328	0.377282534481548	0.3834173472430131
0.377416254596222	0.3772826691278582	0.3834164336798304
0.3774164118165585	0.3772827867448757	0.3834159340883357
0.3774166748239741	0.3772827930609299	0.3834156926351707
0.3774168270107808	0.3772826726177554	0.38341467792074
0.3774166265569869	0.3772834719863765	0.3834142020808265
0.3774168109508673	0.3772840982464274	0.3834140611455235
0.3774175470037087	0.3772850698845229	0.3834133789236343
0.3774182922486757	0.3772852698390422	0.3834121651387988
0.3774184409193904	0.3772849993468674	0.3834113986686591
0.3774186443544841	0.3772857203204738	0.3834107851602034
0.3774184326420272	0.3772865690985102	0.3834103877362568
0.3774176541483844	0.3772865770119667	0.3834100320382851
0.3774178546847816	0.3772873831596814	0.3834098771312092
0.3774177816292389	0.3772875091914906	0.3834106248376281
0.3774180253586156	0.3772872676266428	0.3834116782954448
0.3774179827998676	0.3772876873645103	0.3834121267155326
0.3774176513652295	0.3772879999363002	0.3834133411981369
0.3774172500472239	0.3772883335718548	0.3834139848459163
0.3774172367919386	0.3772882502928353	0.3834151825980529
0.3774171352239029	0.3772878152779072	0.3834159651338725
0.3774170537632709	0.3772882589805548	0.383417159402148
