
ASes= { 1, 2 } ;


Objects= { 1, 2, 3, 4, 5, 6, 7, 8, 9, 10, 11, 12, 13, 14, 15, 16, 17, 18, 19, 20, 21, 22, 23, 24, 25, 26, 27, 28, 29, 30, 31, 32, 33, 34, 35, 36, 37, 38, 39, 40, 41, 42, 43, 44, 45, 46, 47, 48, 49, 50, 51, 52, 53, 54, 55, 56, 57, 58, 59, 60, 61, 62, 63, 64, 65, 66, 67, 68, 69, 70, 71, 72, 73, 74, 75, 76, 77, 78, 79, 80, 81, 82, 83, 84, 85, 86, 87, 88, 89, 90, 91, 92, 93, 94, 95, 96, 97, 98, 99, 100, 101, 102, 103, 104, 105, 106, 107, 108, 109, 110, 111, 112, 113, 114, 115, 116, 117, 118, 119, 120, 121, 122, 123, 124, 125, 126, 127, 128, 129, 130, 131, 132, 133, 134, 135, 136, 137, 138, 139, 140, 141, 142, 143, 144, 145, 146, 147, 148, 149, 150, 151, 152, 153, 154, 155, 156, 157, 158, 159, 160, 161, 162, 163, 164, 165, 166, 167, 168, 169, 170, 171, 172, 173, 174, 175, 176, 177, 178, 179, 180, 181, 182, 183, 184, 185, 186, 187, 188, 189, 190, 191, 192, 193, 194, 195, 196, 197, 198, 199, 200, 201, 202, 203, 204, 205, 206, 207, 208, 209, 210, 211, 212, 213, 214, 215, 216, 217, 218, 219, 220, 221, 222, 223, 224, 225, 226, 227, 228, 229, 230, 231, 232, 233, 234, 235, 236, 237, 238, 239, 240, 241, 242, 243, 244, 245, 246, 247, 248, 249, 250, 251, 252, 253, 254, 255, 256, 257, 258, 259, 260, 261, 262, 263, 264, 265, 266, 267, 268, 269, 270, 271, 272, 273, 274, 275, 276, 277, 278, 279, 280, 281, 282, 283, 284, 285, 286, 287, 288, 289, 290, 291, 292, 293, 294, 295, 296, 297, 298, 299, 300, 301, 302, 303, 304, 305, 306, 307, 308, 309, 310, 311, 312, 313, 314, 315, 316, 317, 318, 319, 320, 321, 322, 323, 324, 325, 326, 327, 328, 329, 330, 331, 332, 333, 334, 335, 336, 337, 338, 339, 340, 341, 342, 343, 344, 345, 346, 347, 348, 349, 350, 351, 352, 353, 354, 355, 356, 357, 358, 359, 360, 361, 362, 363, 364, 365, 366, 367, 368, 369, 370, 371, 372, 373, 374, 375, 376, 377, 378, 379, 380, 381, 382, 383, 384, 385, 386, 387, 388, 389, 390, 391, 392, 393, 394, 395, 396, 397, 398, 399, 400, 401, 402, 403, 404, 405, 406, 407, 408, 409, 410, 411, 412, 413, 414, 415, 416, 417, 418, 419, 420, 421, 422, 423, 424, 425, 426, 427, 428, 429, 430, 431, 432, 433, 434, 435, 436, 437, 438, 439, 440, 441, 442, 443, 444, 445, 446, 447, 448, 449, 450, 451, 452, 453, 454, 455, 456, 457, 458, 459, 460, 461, 462, 463, 464, 465, 466, 467, 468, 469, 470, 471, 472, 473, 474, 475, 476, 477, 478, 479, 480, 481, 482, 483, 484, 485, 486, 487, 488, 489, 490, 491, 492, 493, 494, 495, 496, 497, 498, 499, 500, 501, 502, 503, 504, 505, 506, 507, 508, 509, 510, 511, 512, 513, 514, 515, 516, 517, 518, 519, 520, 521, 522, 523, 524, 525, 526, 527, 528, 529, 530, 531, 532, 533, 534, 535, 536, 537, 538, 539, 540, 541, 542, 543, 544, 545, 546, 547, 548, 549, 550, 551, 552, 553, 554, 555, 556, 557, 558, 559, 560, 561, 562, 563, 564, 565, 566, 567, 568, 569, 570, 571, 572, 573, 574, 575, 576, 577, 578, 579, 580, 581, 582, 583, 584, 585, 586, 587, 588, 589, 590, 591, 592, 593, 594, 595, 596, 597, 598, 599, 600, 601, 602, 603, 604, 605, 606, 607, 608, 609, 610, 611, 612, 613, 614, 615, 616, 617, 618, 619, 620, 621, 622, 623, 624, 625, 626, 627, 628, 629, 630, 631, 632, 633, 634, 635, 636, 637, 638, 639, 640, 641, 642, 643, 644, 645, 646, 647, 648, 649, 650, 651, 652, 653, 654, 655, 656, 657, 658, 659, 660, 661, 662, 663, 664, 665, 666, 667, 668, 669, 670, 671, 672, 673, 674, 675, 676, 677, 678, 679, 680, 681, 682, 683, 684, 685, 686, 687, 688, 689, 690, 691, 692, 693, 694, 695, 696, 697, 698, 699, 700, 701, 702, 703, 704, 705, 706, 707, 708, 709, 710, 711, 712, 713, 714, 715, 716, 717, 718, 719, 720, 721, 722, 723, 724, 725, 726, 727, 728, 729, 730, 731, 732, 733, 734, 735, 736, 737, 738, 739, 740, 741, 742, 743, 744, 745, 746, 747, 748, 749, 750, 751, 752, 753, 754, 755, 756, 757, 758, 759, 760, 761, 762, 763, 764, 765, 766, 767, 768, 769, 770, 771, 772, 773, 774, 775, 776, 777, 778, 779, 780, 781, 782, 783, 784, 785, 786, 787, 788, 789, 790, 791, 792, 793, 794, 795, 796, 797, 798, 799, 800, 801, 802, 803, 804, 805, 806, 807, 808, 809, 810, 811, 812, 813, 814, 815, 816, 817, 818, 819, 820, 821, 822, 823, 824, 825, 826, 827, 828, 829, 830, 831, 832, 833, 834, 835, 836, 837, 838, 839, 840, 841, 842, 843, 844, 845, 846, 847, 848, 849, 850, 851, 852, 853, 854, 855, 856, 857, 858, 859, 860, 861, 862, 863, 864, 865, 866, 867, 868, 869, 870, 871, 872, 873, 874, 875, 876, 877, 878, 879, 880, 881, 882, 883, 884, 885, 886, 887, 888, 889, 890, 891, 892, 893, 894, 895, 896, 897, 898, 899, 900, 901, 902, 903, 904, 905, 906, 907, 908, 909, 910, 911, 912, 913, 914, 915, 916, 917, 918, 919, 920, 921, 922, 923, 924, 925, 926, 927, 928, 929, 930, 931, 932, 933, 934, 935, 936, 937, 938, 939, 940, 941, 942, 943, 944, 945, 946, 947, 948, 949, 950, 951, 952, 953, 954, 955, 956, 957, 958, 959, 960, 961, 962, 963, 964, 965, 966, 967, 968, 969, 970, 971, 972, 973, 974, 975, 976, 977, 978, 979, 980, 981, 982, 983, 984, 985, 986, 987, 988, 989, 990, 991, 992, 993, 994, 995, 996, 997, 998, 999, 1000 } ;


QualityLevels= { 0, 1, 2 } ;

Arcs = {<1, 2, 490000> };


RatePerQuality= [ 0  300  3500 ] ;


CacheSpacePerQuality= [ 10000  11.25  131.25 ] ;


UtilityPerQuality= [ 0  0.2  1 ] ;


ObjectsPublishedByProducers=[ [ 1  0 ]  [ 1  0 ]  [ 1  0 ]  [ 1  0 ]  [ 1  0 ]  [ 1  0 ]  [ 1  0 ]  [ 1  0 ]  [ 1  0 ]  [ 1  0 ]  [ 1  0 ]  [ 1  0 ]  [ 1  0 ]  [ 1  0 ]  [ 1  0 ]  [ 1  0 ]  [ 1  0 ]  [ 1  0 ]  [ 1  0 ]  [ 1  0 ]  [ 1  0 ]  [ 1  0 ]  [ 1  0 ]  [ 1  0 ]  [ 1  0 ]  [ 1  0 ]  [ 1  0 ]  [ 1  0 ]  [ 1  0 ]  [ 1  0 ]  [ 1  0 ]  [ 1  0 ]  [ 1  0 ]  [ 1  0 ]  [ 1  0 ]  [ 1  0 ]  [ 1  0 ]  [ 1  0 ]  [ 1  0 ]  [ 1  0 ]  [ 1  0 ]  [ 1  0 ]  [ 1  0 ]  [ 1  0 ]  [ 1  0 ]  [ 1  0 ]  [ 1  0 ]  [ 1  0 ]  [ 1  0 ]  [ 1  0 ]  [ 1  0 ]  [ 1  0 ]  [ 1  0 ]  [ 1  0 ]  [ 1  0 ]  [ 1  0 ]  [ 1  0 ]  [ 1  0 ]  [ 1  0 ]  [ 1  0 ]  [ 1  0 ]  [ 1  0 ]  [ 1  0 ]  [ 1  0 ]  [ 1  0 ]  [ 1  0 ]  [ 1  0 ]  [ 1  0 ]  [ 1  0 ]  [ 1  0 ]  [ 1  0 ]  [ 1  0 ]  [ 1  0 ]  [ 1  0 ]  [ 1  0 ]  [ 1  0 ]  [ 1  0 ]  [ 1  0 ]  [ 1  0 ]  [ 1  0 ]  [ 1  0 ]  [ 1  0 ]  [ 1  0 ]  [ 1  0 ]  [ 1  0 ]  [ 1  0 ]  [ 1  0 ]  [ 1  0 ]  [ 1  0 ]  [ 1  0 ]  [ 1  0 ]  [ 1  0 ]  [ 1  0 ]  [ 1  0 ]  [ 1  0 ]  [ 1  0 ]  [ 1  0 ]  [ 1  0 ]  [ 1  0 ]  [ 1  0 ]  [ 1  0 ]  [ 1  0 ]  [ 1  0 ]  [ 1  0 ]  [ 1  0 ]  [ 1  0 ]  [ 1  0 ]  [ 1  0 ]  [ 1  0 ]  [ 1  0 ]  [ 1  0 ]  [ 1  0 ]  [ 1  0 ]  [ 1  0 ]  [ 1  0 ]  [ 1  0 ]  [ 1  0 ]  [ 1  0 ]  [ 1  0 ]  [ 1  0 ]  [ 1  0 ]  [ 1  0 ]  [ 1  0 ]  [ 1  0 ]  [ 1  0 ]  [ 1  0 ]  [ 1  0 ]  [ 1  0 ]  [ 1  0 ]  [ 1  0 ]  [ 1  0 ]  [ 1  0 ]  [ 1  0 ]  [ 1  0 ]  [ 1  0 ]  [ 1  0 ]  [ 1  0 ]  [ 1  0 ]  [ 1  0 ]  [ 1  0 ]  [ 1  0 ]  [ 1  0 ]  [ 1  0 ]  [ 1  0 ]  [ 1  0 ]  [ 1  0 ]  [ 1  0 ]  [ 1  0 ]  [ 1  0 ]  [ 1  0 ]  [ 1  0 ]  [ 1  0 ]  [ 1  0 ]  [ 1  0 ]  [ 1  0 ]  [ 1  0 ]  [ 1  0 ]  [ 1  0 ]  [ 1  0 ]  [ 1  0 ]  [ 1  0 ]  [ 1  0 ]  [ 1  0 ]  [ 1  0 ]  [ 1  0 ]  [ 1  0 ]  [ 1  0 ]  [ 1  0 ]  [ 1  0 ]  [ 1  0 ]  [ 1  0 ]  [ 1  0 ]  [ 1  0 ]  [ 1  0 ]  [ 1  0 ]  [ 1  0 ]  [ 1  0 ]  [ 1  0 ]  [ 1  0 ]  [ 1  0 ]  [ 1  0 ]  [ 1  0 ]  [ 1  0 ]  [ 1  0 ]  [ 1  0 ]  [ 1  0 ]  [ 1  0 ]  [ 1  0 ]  [ 1  0 ]  [ 1  0 ]  [ 1  0 ]  [ 1  0 ]  [ 1  0 ]  [ 1  0 ]  [ 1  0 ]  [ 1  0 ]  [ 1  0 ]  [ 1  0 ]  [ 1  0 ]  [ 1  0 ]  [ 1  0 ]  [ 1  0 ]  [ 1  0 ]  [ 1  0 ]  [ 1  0 ]  [ 1  0 ]  [ 1  0 ]  [ 1  0 ]  [ 1  0 ]  [ 1  0 ]  [ 1  0 ]  [ 1  0 ]  [ 1  0 ]  [ 1  0 ]  [ 1  0 ]  [ 1  0 ]  [ 1  0 ]  [ 1  0 ]  [ 1  0 ]  [ 1  0 ]  [ 1  0 ]  [ 1  0 ]  [ 1  0 ]  [ 1  0 ]  [ 1  0 ]  [ 1  0 ]  [ 1  0 ]  [ 1  0 ]  [ 1  0 ]  [ 1  0 ]  [ 1  0 ]  [ 1  0 ]  [ 1  0 ]  [ 1  0 ]  [ 1  0 ]  [ 1  0 ]  [ 1  0 ]  [ 1  0 ]  [ 1  0 ]  [ 1  0 ]  [ 1  0 ]  [ 1  0 ]  [ 1  0 ]  [ 1  0 ]  [ 1  0 ]  [ 1  0 ]  [ 1  0 ]  [ 1  0 ]  [ 1  0 ]  [ 1  0 ]  [ 1  0 ]  [ 1  0 ]  [ 1  0 ]  [ 1  0 ]  [ 1  0 ]  [ 1  0 ]  [ 1  0 ]  [ 1  0 ]  [ 1  0 ]  [ 1  0 ]  [ 1  0 ]  [ 1  0 ]  [ 1  0 ]  [ 1  0 ]  [ 1  0 ]  [ 1  0 ]  [ 1  0 ]  [ 1  0 ]  [ 1  0 ]  [ 1  0 ]  [ 1  0 ]  [ 1  0 ]  [ 1  0 ]  [ 1  0 ]  [ 1  0 ]  [ 1  0 ]  [ 1  0 ]  [ 1  0 ]  [ 1  0 ]  [ 1  0 ]  [ 1  0 ]  [ 1  0 ]  [ 1  0 ]  [ 1  0 ]  [ 1  0 ]  [ 1  0 ]  [ 1  0 ]  [ 1  0 ]  [ 1  0 ]  [ 1  0 ]  [ 1  0 ]  [ 1  0 ]  [ 1  0 ]  [ 1  0 ]  [ 1  0 ]  [ 1  0 ]  [ 1  0 ]  [ 1  0 ]  [ 1  0 ]  [ 1  0 ]  [ 1  0 ]  [ 1  0 ]  [ 1  0 ]  [ 1  0 ]  [ 1  0 ]  [ 1  0 ]  [ 1  0 ]  [ 1  0 ]  [ 1  0 ]  [ 1  0 ]  [ 1  0 ]  [ 1  0 ]  [ 1  0 ]  [ 1  0 ]  [ 1  0 ]  [ 1  0 ]  [ 1  0 ]  [ 1  0 ]  [ 1  0 ]  [ 1  0 ]  [ 1  0 ]  [ 1  0 ]  [ 1  0 ]  [ 1  0 ]  [ 1  0 ]  [ 1  0 ]  [ 1  0 ]  [ 1  0 ]  [ 1  0 ]  [ 1  0 ]  [ 1  0 ]  [ 1  0 ]  [ 1  0 ]  [ 1  0 ]  [ 1  0 ]  [ 1  0 ]  [ 1  0 ]  [ 1  0 ]  [ 1  0 ]  [ 1  0 ]  [ 1  0 ]  [ 1  0 ]  [ 1  0 ]  [ 1  0 ]  [ 1  0 ]  [ 1  0 ]  [ 1  0 ]  [ 1  0 ]  [ 1  0 ]  [ 1  0 ]  [ 1  0 ]  [ 1  0 ]  [ 1  0 ]  [ 1  0 ]  [ 1  0 ]  [ 1  0 ]  [ 1  0 ]  [ 1  0 ]  [ 1  0 ]  [ 1  0 ]  [ 1  0 ]  [ 1  0 ]  [ 1  0 ]  [ 1  0 ]  [ 1  0 ]  [ 1  0 ]  [ 1  0 ]  [ 1  0 ]  [ 1  0 ]  [ 1  0 ]  [ 1  0 ]  [ 1  0 ]  [ 1  0 ]  [ 1  0 ]  [ 1  0 ]  [ 1  0 ]  [ 1  0 ]  [ 1  0 ]  [ 1  0 ]  [ 1  0 ]  [ 1  0 ]  [ 1  0 ]  [ 1  0 ]  [ 1  0 ]  [ 1  0 ]  [ 1  0 ]  [ 1  0 ]  [ 1  0 ]  [ 1  0 ]  [ 1  0 ]  [ 1  0 ]  [ 1  0 ]  [ 1  0 ]  [ 1  0 ]  [ 1  0 ]  [ 1  0 ]  [ 1  0 ]  [ 1  0 ]  [ 1  0 ]  [ 1  0 ]  [ 1  0 ]  [ 1  0 ]  [ 1  0 ]  [ 1  0 ]  [ 1  0 ]  [ 1  0 ]  [ 1  0 ]  [ 1  0 ]  [ 1  0 ]  [ 1  0 ]  [ 1  0 ]  [ 1  0 ]  [ 1  0 ]  [ 1  0 ]  [ 1  0 ]  [ 1  0 ]  [ 1  0 ]  [ 1  0 ]  [ 1  0 ]  [ 1  0 ]  [ 1  0 ]  [ 1  0 ]  [ 1  0 ]  [ 1  0 ]  [ 1  0 ]  [ 1  0 ]  [ 1  0 ]  [ 1  0 ]  [ 1  0 ]  [ 1  0 ]  [ 1  0 ]  [ 1  0 ]  [ 1  0 ]  [ 1  0 ]  [ 1  0 ]  [ 1  0 ]  [ 1  0 ]  [ 1  0 ]  [ 1  0 ]  [ 1  0 ]  [ 1  0 ]  [ 1  0 ]  [ 1  0 ]  [ 1  0 ]  [ 1  0 ]  [ 1  0 ]  [ 1  0 ]  [ 1  0 ]  [ 1  0 ]  [ 1  0 ]  [ 1  0 ]  [ 1  0 ]  [ 1  0 ]  [ 1  0 ]  [ 1  0 ]  [ 1  0 ]  [ 1  0 ]  [ 1  0 ]  [ 1  0 ]  [ 1  0 ]  [ 1  0 ]  [ 1  0 ]  [ 1  0 ]  [ 1  0 ]  [ 1  0 ]  [ 1  0 ]  [ 1  0 ]  [ 1  0 ]  [ 1  0 ]  [ 1  0 ]  [ 1  0 ]  [ 1  0 ]  [ 1  0 ]  [ 1  0 ]  [ 1  0 ]  [ 1  0 ]  [ 1  0 ]  [ 1  0 ]  [ 1  0 ]  [ 1  0 ]  [ 1  0 ]  [ 1  0 ]  [ 1  0 ]  [ 1  0 ]  [ 1  0 ]  [ 1  0 ]  [ 1  0 ]  [ 1  0 ]  [ 1  0 ]  [ 1  0 ]  [ 1  0 ]  [ 1  0 ]  [ 1  0 ]  [ 1  0 ]  [ 1  0 ]  [ 1  0 ]  [ 1  0 ]  [ 1  0 ]  [ 1  0 ]  [ 1  0 ]  [ 1  0 ]  [ 1  0 ]  [ 1  0 ]  [ 1  0 ]  [ 1  0 ]  [ 1  0 ]  [ 1  0 ]  [ 1  0 ]  [ 1  0 ]  [ 1  0 ]  [ 1  0 ]  [ 1  0 ]  [ 1  0 ]  [ 1  0 ]  [ 1  0 ]  [ 1  0 ]  [ 1  0 ]  [ 1  0 ]  [ 1  0 ]  [ 1  0 ]  [ 1  0 ]  [ 1  0 ]  [ 1  0 ]  [ 1  0 ]  [ 1  0 ]  [ 1  0 ]  [ 1  0 ]  [ 1  0 ]  [ 1  0 ]  [ 1  0 ]  [ 1  0 ]  [ 1  0 ]  [ 1  0 ]  [ 1  0 ]  [ 1  0 ]  [ 1  0 ]  [ 1  0 ]  [ 1  0 ]  [ 1  0 ]  [ 1  0 ]  [ 1  0 ]  [ 1  0 ]  [ 1  0 ]  [ 1  0 ]  [ 1  0 ]  [ 1  0 ]  [ 1  0 ]  [ 1  0 ]  [ 1  0 ]  [ 1  0 ]  [ 1  0 ]  [ 1  0 ]  [ 1  0 ]  [ 1  0 ]  [ 1  0 ]  [ 1  0 ]  [ 1  0 ]  [ 1  0 ]  [ 1  0 ]  [ 1  0 ]  [ 1  0 ]  [ 1  0 ]  [ 1  0 ]  [ 1  0 ]  [ 1  0 ]  [ 1  0 ]  [ 1  0 ]  [ 1  0 ]  [ 1  0 ]  [ 1  0 ]  [ 1  0 ]  [ 1  0 ]  [ 1  0 ]  [ 1  0 ]  [ 1  0 ]  [ 1  0 ]  [ 1  0 ]  [ 1  0 ]  [ 1  0 ]  [ 1  0 ]  [ 1  0 ]  [ 1  0 ]  [ 1  0 ]  [ 1  0 ]  [ 1  0 ]  [ 1  0 ]  [ 1  0 ]  [ 1  0 ]  [ 1  0 ]  [ 1  0 ]  [ 1  0 ]  [ 1  0 ]  [ 1  0 ]  [ 1  0 ]  [ 1  0 ]  [ 1  0 ]  [ 1  0 ]  [ 1  0 ]  [ 1  0 ]  [ 1  0 ]  [ 1  0 ]  [ 1  0 ]  [ 1  0 ]  [ 1  0 ]  [ 1  0 ]  [ 1  0 ]  [ 1  0 ]  [ 1  0 ]  [ 1  0 ]  [ 1  0 ]  [ 1  0 ]  [ 1  0 ]  [ 1  0 ]  [ 1  0 ]  [ 1  0 ]  [ 1  0 ]  [ 1  0 ]  [ 1  0 ]  [ 1  0 ]  [ 1  0 ]  [ 1  0 ]  [ 1  0 ]  [ 1  0 ]  [ 1  0 ]  [ 1  0 ]  [ 1  0 ]  [ 1  0 ]  [ 1  0 ]  [ 1  0 ]  [ 1  0 ]  [ 1  0 ]  [ 1  0 ]  [ 1  0 ]  [ 1  0 ]  [ 1  0 ]  [ 1  0 ]  [ 1  0 ]  [ 1  0 ]  [ 1  0 ]  [ 1  0 ]  [ 1  0 ]  [ 1  0 ]  [ 1  0 ]  [ 1  0 ]  [ 1  0 ]  [ 1  0 ]  [ 1  0 ]  [ 1  0 ]  [ 1  0 ]  [ 1  0 ]  [ 1  0 ]  [ 1  0 ]  [ 1  0 ]  [ 1  0 ]  [ 1  0 ]  [ 1  0 ]  [ 1  0 ]  [ 1  0 ]  [ 1  0 ]  [ 1  0 ]  [ 1  0 ]  [ 1  0 ]  [ 1  0 ]  [ 1  0 ]  [ 1  0 ]  [ 1  0 ]  [ 1  0 ]  [ 1  0 ]  [ 1  0 ]  [ 1  0 ]  [ 1  0 ]  [ 1  0 ]  [ 1  0 ]  [ 1  0 ]  [ 1  0 ]  [ 1  0 ]  [ 1  0 ]  [ 1  0 ]  [ 1  0 ]  [ 1  0 ]  [ 1  0 ]  [ 1  0 ]  [ 1  0 ]  [ 1  0 ]  [ 1  0 ]  [ 1  0 ]  [ 1  0 ]  [ 1  0 ]  [ 1  0 ]  [ 1  0 ]  [ 1  0 ]  [ 1  0 ]  [ 1  0 ]  [ 1  0 ]  [ 1  0 ]  [ 1  0 ]  [ 1  0 ]  [ 1  0 ]  [ 1  0 ]  [ 1  0 ]  [ 1  0 ]  [ 1  0 ]  [ 1  0 ]  [ 1  0 ]  [ 1  0 ]  [ 1  0 ]  [ 1  0 ]  [ 1  0 ]  [ 1  0 ]  [ 1  0 ]  [ 1  0 ]  [ 1  0 ]  [ 1  0 ]  [ 1  0 ]  [ 1  0 ]  [ 1  0 ]  [ 1  0 ]  [ 1  0 ]  [ 1  0 ]  [ 1  0 ]  [ 1  0 ]  [ 1  0 ]  [ 1  0 ]  [ 1  0 ]  [ 1  0 ]  [ 1  0 ]  [ 1  0 ]  [ 1  0 ]  [ 1  0 ]  [ 1  0 ]  [ 1  0 ]  [ 1  0 ]  [ 1  0 ]  [ 1  0 ]  [ 1  0 ]  [ 1  0 ]  [ 1  0 ]  [ 1  0 ]  [ 1  0 ]  [ 1  0 ]  [ 1  0 ]  [ 1  0 ]  [ 1  0 ]  [ 1  0 ]  [ 1  0 ]  [ 1  0 ]  [ 1  0 ]  [ 1  0 ]  [ 1  0 ]  [ 1  0 ]  [ 1  0 ]  [ 1  0 ]  [ 1  0 ]  [ 1  0 ]  [ 1  0 ]  [ 1  0 ]  [ 1  0 ]  [ 1  0 ]  [ 1  0 ]  [ 1  0 ]  [ 1  0 ]  [ 1  0 ]  [ 1  0 ]  [ 1  0 ]  [ 1  0 ]  [ 1  0 ]  [ 1  0 ]  [ 1  0 ]  [ 1  0 ]  [ 1  0 ]  [ 1  0 ]  [ 1  0 ]  [ 1  0 ]  [ 1  0 ]  [ 1  0 ]  [ 1  0 ]  [ 1  0 ]  [ 1  0 ]  [ 1  0 ]  [ 1  0 ]  [ 1  0 ]  [ 1  0 ]  [ 1  0 ]  [ 1  0 ]  [ 1  0 ]  [ 1  0 ]  [ 1  0 ]  [ 1  0 ]  [ 1  0 ]  [ 1  0 ]  [ 1  0 ]  [ 1  0 ]  [ 1  0 ]  [ 1  0 ]  [ 1  0 ]  [ 1  0 ]  [ 1  0 ]  [ 1  0 ]  [ 1  0 ]  [ 1  0 ]  [ 1  0 ]  [ 1  0 ]  [ 1  0 ]  [ 1  0 ]  [ 1  0 ]  [ 1  0 ]  [ 1  0 ]  [ 1  0 ]  [ 1  0 ]  [ 1  0 ]  [ 1  0 ]  [ 1  0 ]  [ 1  0 ]  [ 1  0 ]  [ 1  0 ]  [ 1  0 ]  [ 1  0 ]  [ 1  0 ]  [ 1  0 ]  [ 1  0 ]  [ 1  0 ]  [ 1  0 ]  [ 1  0 ]  [ 1  0 ]  [ 1  0 ]  [ 1  0 ]  [ 1  0 ]  [ 1  0 ]  [ 1  0 ]  [ 1  0 ]  [ 1  0 ]  [ 1  0 ]  [ 1  0 ]  [ 1  0 ]  [ 1  0 ]  [ 1  0 ]  [ 1  0 ]  [ 1  0 ]  [ 1  0 ]  [ 1  0 ]  [ 1  0 ]  [ 1  0 ]  [ 1  0 ]  [ 1  0 ]  [ 1  0 ]  [ 1  0 ]  [ 1  0 ]  [ 1  0 ]  [ 1  0 ]  [ 1  0 ]  [ 1  0 ]  [ 1  0 ]  [ 1  0 ]  [ 1  0 ]  [ 1  0 ]  [ 1  0 ]  [ 1  0 ]  [ 1  0 ]  [ 1  0 ]  [ 1  0 ]  [ 1  0 ]  [ 1  0 ]  [ 1  0 ]  [ 1  0 ]  [ 1  0 ]  [ 1  0 ]  [ 1  0 ]  [ 1  0 ]  [ 1  0 ]  [ 1  0 ]  [ 1  0 ]  [ 1  0 ]  [ 1  0 ]  [ 1  0 ]  [ 1  0 ]  [ 1  0 ]  [ 1  0 ]  [ 1  0 ]  [ 1  0 ]  [ 1  0 ]  [ 1  0 ]  [ 1  0 ]  [ 1  0 ]  [ 1  0 ]  [ 1  0 ]  [ 1  0 ]  [ 1  0 ]  [ 1  0 ]  [ 1  0 ]  [ 1  0 ]  [ 1  0 ]  [ 1  0 ]  [ 1  0 ]  [ 1  0 ]  [ 1  0 ]  [ 1  0 ]  [ 1  0 ]  [ 1  0 ]  [ 1  0 ]  [ 1  0 ]  [ 1  0 ]  [ 1  0 ]  [ 1  0 ]  [ 1  0 ]  [ 1  0 ]  [ 1  0 ]  [ 1  0 ]  [ 1  0 ]  [ 1  0 ]  [ 1  0 ]  [ 1  0 ]  [ 1  0 ]  [ 1  0 ]  [ 1  0 ]  [ 1  0 ]  [ 1  0 ]  [ 1  0 ]  [ 1  0 ]  [ 1  0 ]  [ 1  0 ]  [ 1  0 ]  [ 1  0 ]  [ 1  0 ]  [ 1  0 ]  [ 1  0 ]  [ 1  0 ]  [ 1  0 ]  [ 1  0 ]  [ 1  0 ]  [ 1  0 ]  [ 1  0 ]  [ 1  0 ]  [ 1  0 ]  [ 1  0 ]  [ 1  0 ]  [ 1  0 ]  [ 1  0 ]  [ 1  0 ]  [ 1  0 ]  [ 1  0 ]  [ 1  0 ]  [ 1  0 ]  [ 1  0 ]  [ 1  0 ]  [ 1  0 ]  [ 1  0 ]  [ 1  0 ]  [ 1  0 ]  [ 1  0 ]  [ 1  0 ]  [ 1  0 ]  [ 1  0 ]  [ 1  0 ]  [ 1  0 ]  [ 1  0 ]  [ 1  0 ]  [ 1  0 ]  [ 1  0 ]  [ 1  0 ]  [ 1  0 ]  [ 1  0 ]  [ 1  0 ]  [ 1  0 ]  [ 1  0 ]  [ 1  0 ]  [ 1  0 ]  [ 1  0 ]  [ 1  0 ]  [ 1  0 ]  [ 1  0 ]  [ 1  0 ]  [ 1  0 ]  [ 1  0 ]  [ 1  0 ]  [ 1  0 ]  [ 1  0 ]  [ 1  0 ]  [ 1  0 ]  [ 1  0 ]  [ 1  0 ]  [ 1  0 ]  [ 1  0 ]  [ 1  0 ]  [ 1  0 ]  [ 1  0 ]  [ 1  0 ]  [ 1  0 ]  [ 1  0 ]  [ 1  0 ]  [ 1  0 ]  [ 1  0 ]  [ 1  0 ]  [ 1  0 ]  [ 1  0 ]  [ 1  0 ]  [ 1  0 ]  [ 1  0 ]  [ 1  0 ]  [ 1  0 ]  [ 1  0 ] ];

ObjRequests = {  <1,2,323>, <2,2,154>, <3,2,102>, <4,2,89>, <5,2,54>, <6,2,64>, <7,2,43>, <8,2,45>, <9,2,29>, <10,2,34>, <11,2,33>, <12,2,22>, <13,2,26>, <14,2,26>, <15,2,26>, <16,2,21>, <17,2,22>, <18,2,13>, <19,2,14>, <20,2,18>, <21,2,10>, <22,2,18>, <23,2,9>, <24,2,14>, <25,2,16>, <26,2,16>, <27,2,8>, <28,2,14>, <29,2,11>, <30,2,9>, <31,2,15>, <32,2,18>, <33,2,16>, <34,2,9>, <35,2,15>, <36,2,6>, <37,2,9>, <38,2,13>, <39,2,10>, <40,2,9>, <41,2,7>, <42,2,11>, <43,2,4>, <44,2,5>, <45,2,11>, <46,2,10>, <47,2,6>, <48,2,10>, <49,2,7>, <50,2,5>, <51,2,2>, <52,2,16>, <53,2,5>, <54,2,8>, <55,2,8>, <56,2,6>, <57,2,6>, <58,2,4>, <59,2,3>, <60,2,2>, <61,2,7>, <62,2,4>, <63,2,7>, <64,2,5>, <65,2,5>, <66,2,6>, <67,2,4>, <68,2,5>, <69,2,9>, <70,2,6>, <71,2,3>, <72,2,4>, <73,2,1>, <74,2,5>, <75,2,8>, <76,2,1>, <77,2,4>, <78,2,4>, <79,2,3>, <80,2,6>, <81,2,4>, <82,2,3>, <83,2,4>, <84,2,4>, <85,2,3>, <86,2,3>, <87,2,6>, <88,2,4>, <89,2,1>, <90,2,3>, <91,2,3>, <92,2,4>, <93,2,2>, <94,2,7>, <95,2,2>, <96,2,4>, <97,2,5>, <98,2,4>, <99,2,7>, <100,2,2>, <101,2,1>, <102,2,2>, <103,2,1>, <104,2,2>, <105,2,2>, <106,2,5>, <107,2,6>, <108,2,4>, <109,2,4>, <110,2,2>, <111,2,3>, <112,2,5>, <114,2,2>, <115,2,4>, <116,2,1>, <117,2,2>, <118,2,3>, <119,2,2>, <120,2,4>, <121,2,1>, <122,2,5>, <124,2,3>, <125,2,1>, <126,2,5>, <127,2,1>, <128,2,3>, <129,2,3>, <131,2,2>, <132,2,2>, <133,2,1>, <134,2,3>, <135,2,2>, <136,2,2>, <137,2,1>, <139,2,4>, <140,2,1>, <142,2,1>, <143,2,1>, <144,2,3>, <145,2,3>, <146,2,1>, <147,2,3>, <148,2,3>, <149,2,1>, <150,2,6>, <151,2,2>, <152,2,2>, <153,2,3>, <154,2,3>, <155,2,1>, <156,2,2>, <157,2,2>, <158,2,1>, <160,2,3>, <161,2,1>, <163,2,2>, <164,2,1>, <165,2,1>, <166,2,4>, <167,2,1>, <168,2,2>, <169,2,1>, <170,2,2>, <171,2,1>, <172,2,1>, <174,2,4>, <176,2,3>, <177,2,1>, <178,2,2>, <179,2,3>, <180,2,1>, <181,2,1>, <182,2,1>, <183,2,1>, <186,2,1>, <187,2,5>, <188,2,4>, <191,2,2>, <192,2,2>, <193,2,1>, <194,2,2>, <195,2,2>, <196,2,3>, <197,2,3>, <198,2,2>, <199,2,2>, <200,2,2>, <201,2,2>, <202,2,2>, <203,2,4>, <204,2,1>, <205,2,1>, <206,2,2>, <207,2,2>, <209,2,2>, <211,2,1>, <213,2,2>, <214,2,1>, <215,2,3>, <216,2,2>, <217,2,1>, <218,2,3>, <219,2,2>, <220,2,5>, <221,2,3>, <222,2,1>, <223,2,1>, <225,2,1>, <226,2,1>, <227,2,2>, <228,2,1>, <229,2,2>, <230,2,3>, <231,2,1>, <234,2,1>, <236,2,1>, <237,2,1>, <238,2,4>, <239,2,1>, <240,2,2>, <242,2,2>, <243,2,1>, <244,2,1>, <245,2,2>, <247,2,1>, <248,2,1>, <249,2,1>, <250,2,3>, <251,2,3>, <252,2,1>, <253,2,2>, <254,2,3>, <257,2,1>, <258,2,1>, <259,2,4>, <260,2,2>, <261,2,1>, <263,2,3>, <264,2,1>, <266,2,1>, <267,2,1>, <268,2,1>, <272,2,1>, <274,2,1>, <275,2,1>, <276,2,1>, <277,2,2>, <278,2,1>, <279,2,1>, <280,2,2>, <281,2,1>, <282,2,2>, <284,2,1>, <285,2,2>, <286,2,1>, <287,2,3>, <288,2,1>, <289,2,2>, <290,2,3>, <292,2,3>, <293,2,1>, <297,2,4>, <299,2,2>, <301,2,1>, <302,2,2>, <303,2,1>, <304,2,1>, <305,2,3>, <306,2,3>, <307,2,2>, <310,2,1>, <311,2,2>, <313,2,2>, <315,2,1>, <316,2,1>, <317,2,2>, <319,2,3>, <320,2,2>, <321,2,1>, <323,2,3>, <325,2,1>, <327,2,1>, <328,2,3>, <329,2,1>, <330,2,1>, <331,2,1>, <332,2,1>, <333,2,1>, <334,2,1>, <335,2,2>, <337,2,1>, <339,2,1>, <340,2,3>, <341,2,2>, <343,2,2>, <345,2,3>, <346,2,1>, <347,2,1>, <349,2,2>, <350,2,1>, <351,2,1>, <352,2,1>, <353,2,1>, <354,2,1>, <356,2,1>, <358,2,1>, <363,2,1>, <364,2,2>, <366,2,2>, <367,2,2>, <368,2,1>, <369,2,1>, <371,2,2>, <372,2,2>, <378,2,1>, <379,2,4>, <382,2,1>, <383,2,2>, <384,2,1>, <386,2,1>, <388,2,1>, <389,2,2>, <390,2,1>, <391,2,1>, <394,2,1>, <397,2,1>, <399,2,1>, <400,2,3>, <402,2,1>, <404,2,1>, <405,2,2>, <407,2,2>, <408,2,2>, <413,2,1>, <415,2,3>, <416,2,2>, <417,2,1>, <421,2,1>, <423,2,1>, <425,2,1>, <426,2,1>, <427,2,3>, <429,2,2>, <430,2,3>, <432,2,2>, <435,2,3>, <440,2,2>, <442,2,1>, <443,2,1>, <444,2,2>, <445,2,1>, <448,2,2>, <451,2,2>, <452,2,2>, <456,2,1>, <457,2,1>, <459,2,1>, <461,2,1>, <462,2,1>, <464,2,1>, <466,2,1>, <467,2,2>, <468,2,1>, <469,2,1>, <471,2,1>, <472,2,1>, <473,2,1>, <477,2,2>, <478,2,1>, <480,2,1>, <481,2,2>, <484,2,1>, <486,2,1>, <492,2,2>, <493,2,1>, <494,2,3>, <495,2,3>, <496,2,1>, <497,2,1>, <498,2,1>, <499,2,2>, <500,2,1>, <502,2,1>, <504,2,1>, <506,2,2>, <507,2,1>, <508,2,1>, <510,2,1>, <512,2,3>, <513,2,3>, <514,2,1>, <515,2,1>, <517,2,2>, <520,2,2>, <521,2,2>, <522,2,1>, <523,2,1>, <524,2,2>, <527,2,1>, <535,2,2>, <538,2,1>, <540,2,1>, <544,2,1>, <545,2,1>, <547,2,1>, <548,2,1>, <553,2,1>, <555,2,1>, <559,2,1>, <560,2,1>, <561,2,1>, <563,2,1>, <568,2,2>, <571,2,2>, <573,2,2>, <574,2,2>, <578,2,1>, <580,2,1>, <582,2,1>, <583,2,1>, <584,2,1>, <595,2,1>, <596,2,1>, <602,2,1>, <604,2,1>, <606,2,2>, <608,2,1>, <609,2,1>, <613,2,1>, <616,2,1>, <617,2,1>, <619,2,1>, <621,2,1>, <622,2,2>, <625,2,1>, <627,2,1>, <634,2,1>, <635,2,1>, <642,2,1>, <647,2,1>, <649,2,1>, <650,2,2>, <651,2,1>, <655,2,1>, <659,2,1>, <662,2,1>, <664,2,1>, <665,2,1>, <668,2,2>, <672,2,1>, <681,2,2>, <684,2,1>, <692,2,1>, <696,2,1>, <698,2,1>, <699,2,1>, <700,2,2>, <701,2,1>, <702,2,1>, <706,2,1>, <710,2,1>, <711,2,1>, <715,2,1>, <716,2,1>, <721,2,1>, <723,2,1>, <724,2,1>, <726,2,1>, <738,2,1>, <739,2,2>, <741,2,1>, <742,2,2>, <743,2,1>, <750,2,1>, <754,2,1>, <755,2,3>, <761,2,1>, <763,2,1>, <764,2,1>, <765,2,1>, <770,2,2>, <779,2,1>, <786,2,1>, <787,2,1>, <789,2,1>, <791,2,1>, <795,2,1>, <797,2,2>, <798,2,4>, <799,2,2>, <801,2,1>, <802,2,1>, <804,2,1>, <805,2,1>, <806,2,2>, <807,2,2>, <808,2,1>, <812,2,1>, <816,2,1>, <818,2,2>, <819,2,1>, <821,2,2>, <822,2,1>, <831,2,1>, <833,2,1>, <834,2,1>, <835,2,1>, <838,2,1>, <839,2,1>, <840,2,1>, <849,2,1>, <852,2,1>, <858,2,1>, <859,2,1>, <860,2,1>, <861,2,1>, <863,2,1>, <869,2,1>, <870,2,1>, <871,2,1>, <872,2,1>, <875,2,2>, <878,2,1>, <882,2,1>, <883,2,1>, <885,2,1>, <892,2,1>, <894,2,2>, <895,2,1>, <896,2,1>, <898,2,1>, <902,2,1>, <907,2,1>, <908,2,2>, <909,2,1>, <912,2,2>, <915,2,1>, <916,2,1>, <921,2,1>, <922,2,1>, <925,2,1>, <926,2,1>, <931,2,1>, <932,2,1>, <938,2,1>, <943,2,1>, <946,2,2>, <950,2,1>, <954,2,1>, <957,2,1>, <959,2,1>, <960,2,1>, <968,2,1>, <969,2,3>, <972,2,1>, <977,2,1>, <984,2,2>, <987,2,1>, <991,2,2> };

MaxCacheStorageAtSingleAS= [ 0  1312.5 ] ;

MaxCacheStorage = 1312.5 ;
TimeLimit = 7200 ;
SolutionGap = 0.01 ;
