
ASes= { 1, 2, 3, 4, 5, 6, 7, 8, 9, 10 } ;


Objects= { 1, 2, 3, 4, 5, 6, 7, 8, 9, 10, 11, 12, 13, 14, 15, 16, 17, 18, 19, 20, 21, 22, 23, 24, 25, 26, 27, 28, 29, 30, 31, 32, 33, 34, 35, 36, 37, 38, 39, 40, 41, 42, 43, 44, 45, 46, 47, 48, 49, 50, 51, 52, 53, 54, 55, 56, 57, 58, 59, 60, 61, 62, 63, 64, 65, 66, 67, 68, 69, 70, 71, 72, 73, 74, 75, 76, 77, 78, 79, 80, 81, 82, 83, 84, 85, 86, 87, 88, 89, 90, 91, 92, 93, 94, 95, 96, 97, 98, 99, 100, 101, 102, 103, 104, 105, 106, 107, 108, 109, 110, 111, 112, 113, 114, 115, 116, 117, 118, 119, 120, 121, 122, 123, 124, 125, 126, 127, 128, 129, 130, 131, 132, 133, 134, 135, 136, 137, 138, 139, 140, 141, 142, 143, 144, 145, 146, 147, 148, 149, 150, 151, 152, 153, 154, 155, 156, 157, 158, 159, 160, 161, 162, 163, 164, 165, 166, 167, 168, 169, 170, 171, 172, 173, 174, 175, 176, 177, 178, 179, 180, 181, 182, 183, 184, 185, 186, 187, 188, 189, 190, 191, 192, 193, 194, 195, 196, 197, 198, 199, 200, 201, 202, 203, 204, 205, 206, 207, 208, 209, 210, 211, 212, 213, 214, 215, 216, 217, 218, 219, 220, 221, 222, 223, 224, 225, 226, 227, 228, 229, 230, 231, 232, 233, 234, 235, 236, 237, 238, 239, 240, 241, 242, 243, 244, 245, 246, 247, 248, 249, 250, 251, 252, 253, 254, 255, 256, 257, 258, 259, 260, 261, 262, 263, 264, 265, 266, 267, 268, 269, 270, 271, 272, 273, 274, 275, 276, 277, 278, 279, 280, 281, 282, 283, 284, 285, 286, 287, 288, 289, 290, 291, 292, 293, 294, 295, 296, 297, 298, 299, 300, 301, 302, 303, 304, 305, 306, 307, 308, 309, 310, 311, 312, 313, 314, 315, 316, 317, 318, 319, 320, 321, 322, 323, 324, 325, 326, 327, 328, 329, 330, 331, 332, 333, 334, 335, 336, 337, 338, 339, 340, 341, 342, 343, 344, 345, 346, 347, 348, 349, 350, 351, 352, 353, 354, 355, 356, 357, 358, 359, 360, 361, 362, 363, 364, 365, 366, 367, 368, 369, 370, 371, 372, 373, 374, 375, 376, 377, 378, 379, 380, 381, 382, 383, 384, 385, 386, 387, 388, 389, 390, 391, 392, 393, 394, 395, 396, 397, 398, 399, 400, 401, 402, 403, 404, 405, 406, 407, 408, 409, 410, 411, 412, 413, 414, 415, 416, 417, 418, 419, 420, 421, 422, 423, 424, 425, 426, 427, 428, 429, 430, 431, 432, 433, 434, 435, 436, 437, 438, 439, 440, 441, 442, 443, 444, 445, 446, 447, 448, 449, 450, 451, 452, 453, 454, 455, 456, 457, 458, 459, 460, 461, 462, 463, 464, 465, 466, 467, 468, 469, 470, 471, 472, 473, 474, 475, 476, 477, 478, 479, 480, 481, 482, 483, 484, 485, 486, 487, 488, 489, 490, 491, 492, 493, 494, 495, 496, 497, 498, 499, 500, 501, 502, 503, 504, 505, 506, 507, 508, 509, 510, 511, 512, 513, 514, 515, 516, 517, 518, 519, 520, 521, 522, 523, 524, 525, 526, 527, 528, 529, 530, 531, 532, 533, 534, 535, 536, 537, 538, 539, 540, 541, 542, 543, 544, 545, 546, 547, 548, 549, 550, 551, 552, 553, 554, 555, 556, 557, 558, 559, 560, 561, 562, 563, 564, 565, 566, 567, 568, 569, 570, 571, 572, 573, 574, 575, 576, 577, 578, 579, 580, 581, 582, 583, 584, 585, 586, 587, 588, 589, 590, 591, 592, 593, 594, 595, 596, 597, 598, 599, 600, 601, 602, 603, 604, 605, 606, 607, 608, 609, 610, 611, 612, 613, 614, 615, 616, 617, 618, 619, 620, 621, 622, 623, 624, 625, 626, 627, 628, 629, 630, 631, 632, 633, 634, 635, 636, 637, 638, 639, 640, 641, 642, 643, 644, 645, 646, 647, 648, 649, 650, 651, 652, 653, 654, 655, 656, 657, 658, 659, 660, 661, 662, 663, 664, 665, 666, 667, 668, 669, 670, 671, 672, 673, 674, 675, 676, 677, 678, 679, 680, 681, 682, 683, 684, 685, 686, 687, 688, 689, 690, 691, 692, 693, 694, 695, 696, 697, 698, 699, 700, 701, 702, 703, 704, 705, 706, 707, 708, 709, 710, 711, 712, 713, 714, 715, 716, 717, 718, 719, 720, 721, 722, 723, 724, 725, 726, 727, 728, 729, 730, 731, 732, 733, 734, 735, 736, 737, 738, 739, 740, 741, 742, 743, 744, 745, 746, 747, 748, 749, 750, 751, 752, 753, 754, 755, 756, 757, 758, 759, 760, 761, 762, 763, 764, 765, 766, 767, 768, 769, 770, 771, 772, 773, 774, 775, 776, 777, 778, 779, 780, 781, 782, 783, 784, 785, 786, 787, 788, 789, 790, 791, 792, 793, 794, 795, 796, 797, 798, 799, 800, 801, 802, 803, 804, 805, 806, 807, 808, 809, 810, 811, 812, 813, 814, 815, 816, 817, 818, 819, 820, 821, 822, 823, 824, 825, 826, 827, 828, 829, 830, 831, 832, 833, 834, 835, 836, 837, 838, 839, 840, 841, 842, 843, 844, 845, 846, 847, 848, 849, 850, 851, 852, 853, 854, 855, 856, 857, 858, 859, 860, 861, 862, 863, 864, 865, 866, 867, 868, 869, 870, 871, 872, 873, 874, 875, 876, 877, 878, 879, 880, 881, 882, 883, 884, 885, 886, 887, 888, 889, 890, 891, 892, 893, 894, 895, 896, 897, 898, 899, 900, 901, 902, 903, 904, 905, 906, 907, 908, 909, 910, 911, 912, 913, 914, 915, 916, 917, 918, 919, 920, 921, 922, 923, 924, 925, 926, 927, 928, 929, 930, 931, 932, 933, 934, 935, 936, 937, 938, 939, 940, 941, 942, 943, 944, 945, 946, 947, 948, 949, 950, 951, 952, 953, 954, 955, 956, 957, 958, 959, 960, 961, 962, 963, 964, 965, 966, 967, 968, 969, 970, 971, 972, 973, 974, 975, 976, 977, 978, 979, 980, 981, 982, 983, 984, 985, 986, 987, 988, 989, 990, 991, 992, 993, 994, 995, 996, 997, 998, 999, 1000 } ;


QualityLevels= { 0, 1, 2, 3, 4, 5 } ;

Arcs = { <1,2,490000>, <2,1,490000>,<2,3,490000>, <3,2,490000>,<3,4,490000>, <4,3,490000>,<2,5,490000>, <5,2,490000>,<2,6,490000>, <6,2,490000>,<5,7,490000>, <7,5,490000>,<7,8,490000>, <8,7,490000>,<8,9,490000>, <9,8,490000>,<7,10,490000>, <10,7,490000> }; 


RatePerQuality= [ 0  300  700  1500  2500  3500 ] ;


CacheSpacePerQuality= [ 10000  11.25  26.25  56.25  93.75  131.25 ] ;


UtilityPerQuality= [ 0  0.2  0.4  0.6  0.8  1 ] ;


ObjectsPublishedByProducers=[ [ 0  0  0  1  0  0  0  0  0  0 ]  [ 0  0  0  0  0  1  0  0  0  0 ]  [ 0  0  0  1  0  0  0  0  0  0 ]  [ 0  0  0  0  0  0  0  0  1  0 ]  [ 0  0  0  0  0  0  0  0  1  0 ]  [ 1  0  0  0  0  0  0  0  0  0 ]  [ 1  0  0  0  0  0  0  0  0  0 ]  [ 0  0  0  0  0  0  0  0  0  1 ]  [ 0  0  0  1  0  0  0  0  0  0 ]  [ 0  0  0  1  0  0  0  0  0  0 ]  [ 0  0  0  0  0  0  0  0  0  1 ]  [ 0  0  0  0  0  1  0  0  0  0 ]  [ 0  0  0  0  0  0  0  0  0  1 ]  [ 0  0  0  0  0  1  0  0  0  0 ]  [ 0  0  0  0  0  0  0  0  1  0 ]  [ 1  0  0  0  0  0  0  0  0  0 ]  [ 0  0  0  0  0  0  0  0  1  0 ]  [ 0  0  0  0  0  0  0  0  0  1 ]  [ 0  0  0  0  0  1  0  0  0  0 ]  [ 0  0  0  0  0  0  0  0  1  0 ]  [ 0  0  0  0  0  0  0  0  1  0 ]  [ 1  0  0  0  0  0  0  0  0  0 ]  [ 0  0  0  0  0  0  0  0  1  0 ]  [ 0  0  0  0  0  1  0  0  0  0 ]  [ 0  0  0  1  0  0  0  0  0  0 ]  [ 1  0  0  0  0  0  0  0  0  0 ]  [ 0  0  0  0  0  0  0  0  0  1 ]  [ 0  0  0  0  0  1  0  0  0  0 ]  [ 0  0  0  0  0  0  0  0  1  0 ]  [ 0  0  0  0  0  0  0  0  0  1 ]  [ 0  0  0  0  0  0  0  0  1  0 ]  [ 0  0  0  0  0  0  0  0  0  1 ]  [ 0  0  0  1  0  0  0  0  0  0 ]  [ 0  0  0  0  0  0  0  0  0  1 ]  [ 0  0  0  0  0  1  0  0  0  0 ]  [ 0  0  0  0  0  0  0  0  0  1 ]  [ 0  0  0  0  0  0  0  0  0  1 ]  [ 1  0  0  0  0  0  0  0  0  0 ]  [ 1  0  0  0  0  0  0  0  0  0 ]  [ 0  0  0  1  0  0  0  0  0  0 ]  [ 0  0  0  0  0  0  0  0  0  1 ]  [ 0  0  0  0  0  1  0  0  0  0 ]  [ 0  0  0  0  0  0  0  0  1  0 ]  [ 0  0  0  1  0  0  0  0  0  0 ]  [ 0  0  0  0  0  1  0  0  0  0 ]  [ 0  0  0  1  0  0  0  0  0  0 ]  [ 0  0  0  1  0  0  0  0  0  0 ]  [ 0  0  0  0  0  1  0  0  0  0 ]  [ 0  0  0  0  0  1  0  0  0  0 ]  [ 0  0  0  0  0  0  0  0  0  1 ]  [ 0  0  0  0  0  0  0  0  1  0 ]  [ 0  0  0  0  0  0  0  0  0  1 ]  [ 0  0  0  0  0  0  0  0  0  1 ]  [ 0  0  0  0  0  0  0  0  0  1 ]  [ 0  0  0  0  0  0  0  0  1  0 ]  [ 1  0  0  0  0  0  0  0  0  0 ]  [ 0  0  0  0  0  0  0  0  0  1 ]  [ 0  0  0  0  0  0  0  0  0  1 ]  [ 0  0  0  0  0  0  0  0  0  1 ]  [ 0  0  0  0  0  1  0  0  0  0 ]  [ 0  0  0  0  0  0  0  0  1  0 ]  [ 0  0  0  1  0  0  0  0  0  0 ]  [ 0  0  0  0  0  0  0  0  0  1 ]  [ 0  0  0  0  0  1  0  0  0  0 ]  [ 0  0  0  1  0  0  0  0  0  0 ]  [ 1  0  0  0  0  0  0  0  0  0 ]  [ 0  0  0  0  0  0  0  0  0  1 ]  [ 0  0  0  0  0  0  0  0  0  1 ]  [ 1  0  0  0  0  0  0  0  0  0 ]  [ 0  0  0  0  0  0  0  0  0  1 ]  [ 0  0  0  0  0  1  0  0  0  0 ]  [ 1  0  0  0  0  0  0  0  0  0 ]  [ 0  0  0  1  0  0  0  0  0  0 ]  [ 0  0  0  0  0  0  0  0  1  0 ]  [ 0  0  0  0  0  0  0  0  0  1 ]  [ 1  0  0  0  0  0  0  0  0  0 ]  [ 0  0  0  0  0  0  0  0  1  0 ]  [ 1  0  0  0  0  0  0  0  0  0 ]  [ 0  0  0  0  0  0  0  0  1  0 ]  [ 0  0  0  1  0  0  0  0  0  0 ]  [ 0  0  0  0  0  0  0  0  0  1 ]  [ 0  0  0  0  0  0  0  0  0  1 ]  [ 0  0  0  0  0  1  0  0  0  0 ]  [ 0  0  0  0  0  0  0  0  0  1 ]  [ 0  0  0  1  0  0  0  0  0  0 ]  [ 1  0  0  0  0  0  0  0  0  0 ]  [ 0  0  0  0  0  1  0  0  0  0 ]  [ 1  0  0  0  0  0  0  0  0  0 ]  [ 1  0  0  0  0  0  0  0  0  0 ]  [ 0  0  0  0  0  1  0  0  0  0 ]  [ 0  0  0  0  0  0  0  0  1  0 ]  [ 1  0  0  0  0  0  0  0  0  0 ]  [ 1  0  0  0  0  0  0  0  0  0 ]  [ 0  0  0  0  0  0  0  0  0  1 ]  [ 0  0  0  1  0  0  0  0  0  0 ]  [ 0  0  0  0  0  0  0  0  0  1 ]  [ 0  0  0  0  0  0  0  0  0  1 ]  [ 0  0  0  1  0  0  0  0  0  0 ]  [ 0  0  0  0  0  1  0  0  0  0 ]  [ 0  0  0  0  0  1  0  0  0  0 ]  [ 0  0  0  0  0  0  0  0  1  0 ]  [ 0  0  0  0  0  1  0  0  0  0 ]  [ 0  0  0  0  0  1  0  0  0  0 ]  [ 0  0  0  0  0  0  0  0  1  0 ]  [ 0  0  0  0  0  0  0  0  0  1 ]  [ 0  0  0  0  0  1  0  0  0  0 ]  [ 0  0  0  0  0  1  0  0  0  0 ]  [ 0  0  0  0  0  0  0  0  1  0 ]  [ 0  0  0  1  0  0  0  0  0  0 ]  [ 0  0  0  1  0  0  0  0  0  0 ]  [ 0  0  0  0  0  0  0  0  0  1 ]  [ 0  0  0  0  0  1  0  0  0  0 ]  [ 0  0  0  0  0  1  0  0  0  0 ]  [ 1  0  0  0  0  0  0  0  0  0 ]  [ 0  0  0  0  0  1  0  0  0  0 ]  [ 0  0  0  0  0  1  0  0  0  0 ]  [ 1  0  0  0  0  0  0  0  0  0 ]  [ 0  0  0  0  0  0  0  0  1  0 ]  [ 0  0  0  0  0  0  0  0  1  0 ]  [ 1  0  0  0  0  0  0  0  0  0 ]  [ 0  0  0  0  0  0  0  0  1  0 ]  [ 0  0  0  0  0  1  0  0  0  0 ]  [ 0  0  0  0  0  0  0  0  1  0 ]  [ 0  0  0  1  0  0  0  0  0  0 ]  [ 0  0  0  0  0  0  0  0  1  0 ]  [ 0  0  0  0  0  0  0  0  1  0 ]  [ 1  0  0  0  0  0  0  0  0  0 ]  [ 1  0  0  0  0  0  0  0  0  0 ]  [ 0  0  0  0  0  0  0  0  1  0 ]  [ 0  0  0  0  0  0  0  0  0  1 ]  [ 0  0  0  1  0  0  0  0  0  0 ]  [ 0  0  0  0  0  1  0  0  0  0 ]  [ 0  0  0  0  0  1  0  0  0  0 ]  [ 0  0  0  1  0  0  0  0  0  0 ]  [ 0  0  0  1  0  0  0  0  0  0 ]  [ 0  0  0  1  0  0  0  0  0  0 ]  [ 0  0  0  1  0  0  0  0  0  0 ]  [ 0  0  0  0  0  1  0  0  0  0 ]  [ 0  0  0  1  0  0  0  0  0  0 ]  [ 0  0  0  1  0  0  0  0  0  0 ]  [ 0  0  0  0  0  0  0  0  1  0 ]  [ 1  0  0  0  0  0  0  0  0  0 ]  [ 0  0  0  0  0  1  0  0  0  0 ]  [ 0  0  0  0  0  0  0  0  1  0 ]  [ 0  0  0  1  0  0  0  0  0  0 ]  [ 0  0  0  1  0  0  0  0  0  0 ]  [ 0  0  0  0  0  0  0  0  0  1 ]  [ 0  0  0  1  0  0  0  0  0  0 ]  [ 1  0  0  0  0  0  0  0  0  0 ]  [ 0  0  0  0  0  1  0  0  0  0 ]  [ 0  0  0  0  0  0  0  0  1  0 ]  [ 1  0  0  0  0  0  0  0  0  0 ]  [ 0  0  0  1  0  0  0  0  0  0 ]  [ 0  0  0  1  0  0  0  0  0  0 ]  [ 0  0  0  0  0  0  0  0  0  1 ]  [ 0  0  0  0  0  1  0  0  0  0 ]  [ 0  0  0  0  0  0  0  0  0  1 ]  [ 1  0  0  0  0  0  0  0  0  0 ]  [ 0  0  0  1  0  0  0  0  0  0 ]  [ 0  0  0  0  0  0  0  0  1  0 ]  [ 0  0  0  0  0  0  0  0  0  1 ]  [ 0  0  0  0  0  1  0  0  0  0 ]  [ 0  0  0  1  0  0  0  0  0  0 ]  [ 1  0  0  0  0  0  0  0  0  0 ]  [ 0  0  0  0  0  1  0  0  0  0 ]  [ 1  0  0  0  0  0  0  0  0  0 ]  [ 0  0  0  0  0  0  0  0  0  1 ]  [ 0  0  0  0  0  0  0  0  0  1 ]  [ 1  0  0  0  0  0  0  0  0  0 ]  [ 0  0  0  1  0  0  0  0  0  0 ]  [ 0  0  0  0  0  0  0  0  0  1 ]  [ 0  0  0  0  0  0  0  0  1  0 ]  [ 0  0  0  0  0  0  0  0  0  1 ]  [ 0  0  0  1  0  0  0  0  0  0 ]  [ 1  0  0  0  0  0  0  0  0  0 ]  [ 0  0  0  1  0  0  0  0  0  0 ]  [ 0  0  0  0  0  0  0  0  1  0 ]  [ 0  0  0  1  0  0  0  0  0  0 ]  [ 0  0  0  1  0  0  0  0  0  0 ]  [ 0  0  0  0  0  1  0  0  0  0 ]  [ 0  0  0  0  0  1  0  0  0  0 ]  [ 0  0  0  0  0  1  0  0  0  0 ]  [ 0  0  0  0  0  0  0  0  0  1 ]  [ 1  0  0  0  0  0  0  0  0  0 ]  [ 1  0  0  0  0  0  0  0  0  0 ]  [ 0  0  0  0  0  0  0  0  0  1 ]  [ 0  0  0  0  0  0  0  0  0  1 ]  [ 0  0  0  0  0  0  0  0  0  1 ]  [ 0  0  0  0  0  1  0  0  0  0 ]  [ 0  0  0  0  0  0  0  0  0  1 ]  [ 0  0  0  0  0  0  0  0  0  1 ]  [ 0  0  0  1  0  0  0  0  0  0 ]  [ 0  0  0  0  0  0  0  0  1  0 ]  [ 0  0  0  0  0  0  0  0  0  1 ]  [ 0  0  0  0  0  0  0  0  1  0 ]  [ 0  0  0  0  0  1  0  0  0  0 ]  [ 0  0  0  1  0  0  0  0  0  0 ]  [ 0  0  0  1  0  0  0  0  0  0 ]  [ 0  0  0  1  0  0  0  0  0  0 ]  [ 1  0  0  0  0  0  0  0  0  0 ]  [ 0  0  0  0  0  1  0  0  0  0 ]  [ 0  0  0  1  0  0  0  0  0  0 ]  [ 0  0  0  0  0  0  0  0  0  1 ]  [ 1  0  0  0  0  0  0  0  0  0 ]  [ 0  0  0  0  0  0  0  0  0  1 ]  [ 0  0  0  0  0  0  0  0  1  0 ]  [ 0  0  0  0  0  0  0  0  0  1 ]  [ 0  0  0  0  0  0  0  0  0  1 ]  [ 0  0  0  0  0  0  0  0  0  1 ]  [ 0  0  0  0  0  1  0  0  0  0 ]  [ 1  0  0  0  0  0  0  0  0  0 ]  [ 0  0  0  0  0  0  0  0  1  0 ]  [ 1  0  0  0  0  0  0  0  0  0 ]  [ 0  0  0  1  0  0  0  0  0  0 ]  [ 0  0  0  0  0  0  0  0  1  0 ]  [ 0  0  0  0  0  1  0  0  0  0 ]  [ 0  0  0  0  0  1  0  0  0  0 ]  [ 0  0  0  0  0  0  0  0  0  1 ]  [ 0  0  0  0  0  0  0  0  1  0 ]  [ 0  0  0  1  0  0  0  0  0  0 ]  [ 0  0  0  1  0  0  0  0  0  0 ]  [ 0  0  0  0  0  0  0  0  0  1 ]  [ 0  0  0  0  0  1  0  0  0  0 ]  [ 0  0  0  0  0  0  0  0  1  0 ]  [ 0  0  0  1  0  0  0  0  0  0 ]  [ 1  0  0  0  0  0  0  0  0  0 ]  [ 0  0  0  0  0  1  0  0  0  0 ]  [ 0  0  0  0  0  0  0  0  0  1 ]  [ 1  0  0  0  0  0  0  0  0  0 ]  [ 0  0  0  0  0  0  0  0  1  0 ]  [ 0  0  0  0  0  0  0  0  0  1 ]  [ 0  0  0  0  0  0  0  0  0  1 ]  [ 0  0  0  0  0  0  0  0  0  1 ]  [ 1  0  0  0  0  0  0  0  0  0 ]  [ 0  0  0  0  0  0  0  0  1  0 ]  [ 0  0  0  0  0  0  0  0  0  1 ]  [ 1  0  0  0  0  0  0  0  0  0 ]  [ 0  0  0  1  0  0  0  0  0  0 ]  [ 0  0  0  1  0  0  0  0  0  0 ]  [ 0  0  0  0  0  1  0  0  0  0 ]  [ 0  0  0  0  0  1  0  0  0  0 ]  [ 0  0  0  0  0  1  0  0  0  0 ]  [ 0  0  0  0  0  0  0  0  1  0 ]  [ 1  0  0  0  0  0  0  0  0  0 ]  [ 1  0  0  0  0  0  0  0  0  0 ]  [ 1  0  0  0  0  0  0  0  0  0 ]  [ 1  0  0  0  0  0  0  0  0  0 ]  [ 1  0  0  0  0  0  0  0  0  0 ]  [ 0  0  0  0  0  0  0  0  0  1 ]  [ 0  0  0  0  0  0  0  0  0  1 ]  [ 1  0  0  0  0  0  0  0  0  0 ]  [ 0  0  0  0  0  1  0  0  0  0 ]  [ 0  0  0  1  0  0  0  0  0  0 ]  [ 0  0  0  1  0  0  0  0  0  0 ]  [ 0  0  0  1  0  0  0  0  0  0 ]  [ 0  0  0  0  0  0  0  0  1  0 ]  [ 0  0  0  0  0  1  0  0  0  0 ]  [ 0  0  0  1  0  0  0  0  0  0 ]  [ 1  0  0  0  0  0  0  0  0  0 ]  [ 0  0  0  1  0  0  0  0  0  0 ]  [ 1  0  0  0  0  0  0  0  0  0 ]  [ 0  0  0  0  0  1  0  0  0  0 ]  [ 0  0  0  0  0  0  0  0  1  0 ]  [ 0  0  0  1  0  0  0  0  0  0 ]  [ 1  0  0  0  0  0  0  0  0  0 ]  [ 1  0  0  0  0  0  0  0  0  0 ]  [ 0  0  0  1  0  0  0  0  0  0 ]  [ 0  0  0  0  0  0  0  0  1  0 ]  [ 0  0  0  0  0  0  0  0  1  0 ]  [ 0  0  0  1  0  0  0  0  0  0 ]  [ 0  0  0  0  0  0  0  0  0  1 ]  [ 0  0  0  0  0  0  0  0  1  0 ]  [ 0  0  0  0  0  1  0  0  0  0 ]  [ 0  0  0  1  0  0  0  0  0  0 ]  [ 0  0  0  0  0  1  0  0  0  0 ]  [ 0  0  0  0  0  0  0  0  1  0 ]  [ 0  0  0  0  0  1  0  0  0  0 ]  [ 0  0  0  0  0  0  0  0  1  0 ]  [ 0  0  0  0  0  1  0  0  0  0 ]  [ 0  0  0  1  0  0  0  0  0  0 ]  [ 0  0  0  0  0  1  0  0  0  0 ]  [ 0  0  0  0  0  0  0  0  1  0 ]  [ 1  0  0  0  0  0  0  0  0  0 ]  [ 0  0  0  0  0  1  0  0  0  0 ]  [ 0  0  0  0  0  1  0  0  0  0 ]  [ 0  0  0  0  0  0  0  0  0  1 ]  [ 0  0  0  0  0  0  0  0  0  1 ]  [ 0  0  0  1  0  0  0  0  0  0 ]  [ 0  0  0  0  0  0  0  0  0  1 ]  [ 0  0  0  0  0  0  0  0  1  0 ]  [ 0  0  0  1  0  0  0  0  0  0 ]  [ 0  0  0  0  0  1  0  0  0  0 ]  [ 1  0  0  0  0  0  0  0  0  0 ]  [ 0  0  0  0  0  0  0  0  0  1 ]  [ 0  0  0  0  0  0  0  0  1  0 ]  [ 0  0  0  0  0  0  0  0  0  1 ]  [ 0  0  0  0  0  0  0  0  1  0 ]  [ 0  0  0  0  0  0  0  0  1  0 ]  [ 0  0  0  0  0  0  0  0  1  0 ]  [ 0  0  0  0  0  1  0  0  0  0 ]  [ 1  0  0  0  0  0  0  0  0  0 ]  [ 0  0  0  0  0  1  0  0  0  0 ]  [ 1  0  0  0  0  0  0  0  0  0 ]  [ 1  0  0  0  0  0  0  0  0  0 ]  [ 0  0  0  0  0  0  0  0  1  0 ]  [ 1  0  0  0  0  0  0  0  0  0 ]  [ 1  0  0  0  0  0  0  0  0  0 ]  [ 1  0  0  0  0  0  0  0  0  0 ]  [ 0  0  0  0  0  0  0  0  0  1 ]  [ 1  0  0  0  0  0  0  0  0  0 ]  [ 1  0  0  0  0  0  0  0  0  0 ]  [ 0  0  0  0  0  0  0  0  0  1 ]  [ 1  0  0  0  0  0  0  0  0  0 ]  [ 0  0  0  0  0  0  0  0  0  1 ]  [ 0  0  0  0  0  0  0  0  1  0 ]  [ 0  0  0  0  0  0  0  0  0  1 ]  [ 0  0  0  0  0  0  0  0  0  1 ]  [ 0  0  0  0  0  1  0  0  0  0 ]  [ 0  0  0  0  0  0  0  0  1  0 ]  [ 1  0  0  0  0  0  0  0  0  0 ]  [ 0  0  0  0  0  0  0  0  1  0 ]  [ 0  0  0  0  0  1  0  0  0  0 ]  [ 0  0  0  0  0  0  0  0  1  0 ]  [ 1  0  0  0  0  0  0  0  0  0 ]  [ 0  0  0  0  0  0  0  0  1  0 ]  [ 0  0  0  0  0  0  0  0  0  1 ]  [ 1  0  0  0  0  0  0  0  0  0 ]  [ 0  0  0  1  0  0  0  0  0  0 ]  [ 0  0  0  0  0  1  0  0  0  0 ]  [ 0  0  0  0  0  0  0  0  0  1 ]  [ 0  0  0  1  0  0  0  0  0  0 ]  [ 1  0  0  0  0  0  0  0  0  0 ]  [ 0  0  0  1  0  0  0  0  0  0 ]  [ 0  0  0  0  0  0  0  0  1  0 ]  [ 0  0  0  0  0  0  0  0  1  0 ]  [ 0  0  0  1  0  0  0  0  0  0 ]  [ 0  0  0  1  0  0  0  0  0  0 ]  [ 0  0  0  1  0  0  0  0  0  0 ]  [ 0  0  0  1  0  0  0  0  0  0 ]  [ 0  0  0  0  0  1  0  0  0  0 ]  [ 1  0  0  0  0  0  0  0  0  0 ]  [ 0  0  0  0  0  1  0  0  0  0 ]  [ 0  0  0  0  0  0  0  0  0  1 ]  [ 0  0  0  0  0  1  0  0  0  0 ]  [ 0  0  0  0  0  0  0  0  1  0 ]  [ 1  0  0  0  0  0  0  0  0  0 ]  [ 0  0  0  0  0  0  0  0  1  0 ]  [ 0  0  0  0  0  0  0  0  1  0 ]  [ 0  0  0  0  0  0  0  0  1  0 ]  [ 0  0  0  0  0  1  0  0  0  0 ]  [ 0  0  0  0  0  1  0  0  0  0 ]  [ 0  0  0  0  0  0  0  0  1  0 ]  [ 0  0  0  0  0  0  0  0  0  1 ]  [ 1  0  0  0  0  0  0  0  0  0 ]  [ 1  0  0  0  0  0  0  0  0  0 ]  [ 0  0  0  0  0  0  0  0  1  0 ]  [ 0  0  0  0  0  0  0  0  0  1 ]  [ 0  0  0  0  0  1  0  0  0  0 ]  [ 0  0  0  0  0  1  0  0  0  0 ]  [ 0  0  0  0  0  0  0  0  1  0 ]  [ 1  0  0  0  0  0  0  0  0  0 ]  [ 0  0  0  1  0  0  0  0  0  0 ]  [ 1  0  0  0  0  0  0  0  0  0 ]  [ 0  0  0  0  0  1  0  0  0  0 ]  [ 0  0  0  1  0  0  0  0  0  0 ]  [ 0  0  0  1  0  0  0  0  0  0 ]  [ 0  0  0  0  0  0  0  0  1  0 ]  [ 0  0  0  0  0  0  0  0  0  1 ]  [ 0  0  0  1  0  0  0  0  0  0 ]  [ 0  0  0  0  0  0  0  0  1  0 ]  [ 0  0  0  0  0  1  0  0  0  0 ]  [ 0  0  0  0  0  0  0  0  0  1 ]  [ 0  0  0  0  0  1  0  0  0  0 ]  [ 0  0  0  1  0  0  0  0  0  0 ]  [ 0  0  0  1  0  0  0  0  0  0 ]  [ 1  0  0  0  0  0  0  0  0  0 ]  [ 0  0  0  0  0  1  0  0  0  0 ]  [ 0  0  0  1  0  0  0  0  0  0 ]  [ 1  0  0  0  0  0  0  0  0  0 ]  [ 0  0  0  1  0  0  0  0  0  0 ]  [ 0  0  0  1  0  0  0  0  0  0 ]  [ 0  0  0  0  0  0  0  0  1  0 ]  [ 1  0  0  0  0  0  0  0  0  0 ]  [ 0  0  0  0  0  0  0  0  0  1 ]  [ 0  0  0  0  0  1  0  0  0  0 ]  [ 0  0  0  0  0  1  0  0  0  0 ]  [ 0  0  0  0  0  1  0  0  0  0 ]  [ 0  0  0  0  0  0  0  0  0  1 ]  [ 0  0  0  0  0  0  0  0  0  1 ]  [ 0  0  0  0  0  1  0  0  0  0 ]  [ 0  0  0  0  0  1  0  0  0  0 ]  [ 0  0  0  0  0  0  0  0  1  0 ]  [ 0  0  0  0  0  0  0  0  0  1 ]  [ 0  0  0  0  0  1  0  0  0  0 ]  [ 0  0  0  0  0  0  0  0  1  0 ]  [ 0  0  0  0  0  0  0  0  0  1 ]  [ 0  0  0  0  0  1  0  0  0  0 ]  [ 0  0  0  1  0  0  0  0  0  0 ]  [ 0  0  0  1  0  0  0  0  0  0 ]  [ 0  0  0  0  0  0  0  0  1  0 ]  [ 0  0  0  0  0  0  0  0  1  0 ]  [ 0  0  0  0  0  0  0  0  0  1 ]  [ 0  0  0  0  0  0  0  0  0  1 ]  [ 0  0  0  1  0  0  0  0  0  0 ]  [ 1  0  0  0  0  0  0  0  0  0 ]  [ 0  0  0  1  0  0  0  0  0  0 ]  [ 1  0  0  0  0  0  0  0  0  0 ]  [ 0  0  0  0  0  0  0  0  1  0 ]  [ 0  0  0  0  0  0  0  0  0  1 ]  [ 0  0  0  0  0  0  0  0  0  1 ]  [ 0  0  0  1  0  0  0  0  0  0 ]  [ 0  0  0  0  0  0  0  0  0  1 ]  [ 0  0  0  1  0  0  0  0  0  0 ]  [ 0  0  0  0  0  1  0  0  0  0 ]  [ 0  0  0  0  0  0  0  0  1  0 ]  [ 1  0  0  0  0  0  0  0  0  0 ]  [ 1  0  0  0  0  0  0  0  0  0 ]  [ 0  0  0  0  0  0  0  0  0  1 ]  [ 0  0  0  1  0  0  0  0  0  0 ]  [ 0  0  0  1  0  0  0  0  0  0 ]  [ 0  0  0  0  0  1  0  0  0  0 ]  [ 0  0  0  0  0  0  0  0  1  0 ]  [ 1  0  0  0  0  0  0  0  0  0 ]  [ 0  0  0  1  0  0  0  0  0  0 ]  [ 0  0  0  0  0  1  0  0  0  0 ]  [ 0  0  0  0  0  1  0  0  0  0 ]  [ 0  0  0  1  0  0  0  0  0  0 ]  [ 0  0  0  0  0  1  0  0  0  0 ]  [ 0  0  0  0  0  0  0  0  0  1 ]  [ 0  0  0  1  0  0  0  0  0  0 ]  [ 0  0  0  0  0  1  0  0  0  0 ]  [ 1  0  0  0  0  0  0  0  0  0 ]  [ 0  0  0  1  0  0  0  0  0  0 ]  [ 0  0  0  0  0  0  0  0  1  0 ]  [ 1  0  0  0  0  0  0  0  0  0 ]  [ 0  0  0  0  0  0  0  0  0  1 ]  [ 0  0  0  0  0  0  0  0  0  1 ]  [ 1  0  0  0  0  0  0  0  0  0 ]  [ 0  0  0  0  0  0  0  0  0  1 ]  [ 0  0  0  1  0  0  0  0  0  0 ]  [ 0  0  0  0  0  0  0  0  1  0 ]  [ 0  0  0  0  0  0  0  0  1  0 ]  [ 0  0  0  1  0  0  0  0  0  0 ]  [ 0  0  0  0  0  0  0  0  1  0 ]  [ 0  0  0  0  0  0  0  0  1  0 ]  [ 0  0  0  0  0  0  0  0  0  1 ]  [ 0  0  0  1  0  0  0  0  0  0 ]  [ 0  0  0  0  0  0  0  0  1  0 ]  [ 0  0  0  0  0  0  0  0  0  1 ]  [ 0  0  0  0  0  0  0  0  1  0 ]  [ 0  0  0  0  0  1  0  0  0  0 ]  [ 1  0  0  0  0  0  0  0  0  0 ]  [ 0  0  0  0  0  1  0  0  0  0 ]  [ 0  0  0  1  0  0  0  0  0  0 ]  [ 0  0  0  0  0  0  0  0  1  0 ]  [ 0  0  0  0  0  0  0  0  1  0 ]  [ 0  0  0  0  0  1  0  0  0  0 ]  [ 1  0  0  0  0  0  0  0  0  0 ]  [ 0  0  0  0  0  0  0  0  1  0 ]  [ 0  0  0  0  0  0  0  0  1  0 ]  [ 1  0  0  0  0  0  0  0  0  0 ]  [ 0  0  0  0  0  0  0  0  0  1 ]  [ 0  0  0  0  0  0  0  0  1  0 ]  [ 1  0  0  0  0  0  0  0  0  0 ]  [ 0  0  0  0  0  0  0  0  0  1 ]  [ 1  0  0  0  0  0  0  0  0  0 ]  [ 0  0  0  1  0  0  0  0  0  0 ]  [ 0  0  0  0  0  0  0  0  1  0 ]  [ 0  0  0  0  0  1  0  0  0  0 ]  [ 0  0  0  0  0  1  0  0  0  0 ]  [ 0  0  0  0  0  0  0  0  1  0 ]  [ 0  0  0  0  0  1  0  0  0  0 ]  [ 0  0  0  1  0  0  0  0  0  0 ]  [ 1  0  0  0  0  0  0  0  0  0 ]  [ 1  0  0  0  0  0  0  0  0  0 ]  [ 0  0  0  0  0  0  0  0  1  0 ]  [ 0  0  0  0  0  0  0  0  1  0 ]  [ 0  0  0  0  0  1  0  0  0  0 ]  [ 0  0  0  0  0  0  0  0  1  0 ]  [ 0  0  0  1  0  0  0  0  0  0 ]  [ 0  0  0  1  0  0  0  0  0  0 ]  [ 0  0  0  1  0  0  0  0  0  0 ]  [ 0  0  0  0  0  0  0  0  0  1 ]  [ 1  0  0  0  0  0  0  0  0  0 ]  [ 0  0  0  0  0  1  0  0  0  0 ]  [ 0  0  0  1  0  0  0  0  0  0 ]  [ 0  0  0  0  0  0  0  0  1  0 ]  [ 0  0  0  1  0  0  0  0  0  0 ]  [ 0  0  0  1  0  0  0  0  0  0 ]  [ 0  0  0  0  0  1  0  0  0  0 ]  [ 0  0  0  0  0  1  0  0  0  0 ]  [ 0  0  0  0  0  0  0  0  1  0 ]  [ 0  0  0  1  0  0  0  0  0  0 ]  [ 0  0  0  0  0  0  0  0  0  1 ]  [ 1  0  0  0  0  0  0  0  0  0 ]  [ 0  0  0  1  0  0  0  0  0  0 ]  [ 1  0  0  0  0  0  0  0  0  0 ]  [ 1  0  0  0  0  0  0  0  0  0 ]  [ 0  0  0  0  0  0  0  0  1  0 ]  [ 0  0  0  0  0  0  0  0  1  0 ]  [ 1  0  0  0  0  0  0  0  0  0 ]  [ 1  0  0  0  0  0  0  0  0  0 ]  [ 0  0  0  0  0  1  0  0  0  0 ]  [ 0  0  0  0  0  0  0  0  1  0 ]  [ 0  0  0  0  0  0  0  0  0  1 ]  [ 0  0  0  0  0  0  0  0  1  0 ]  [ 0  0  0  0  0  1  0  0  0  0 ]  [ 1  0  0  0  0  0  0  0  0  0 ]  [ 0  0  0  1  0  0  0  0  0  0 ]  [ 1  0  0  0  0  0  0  0  0  0 ]  [ 0  0  0  0  0  1  0  0  0  0 ]  [ 0  0  0  0  0  1  0  0  0  0 ]  [ 0  0  0  1  0  0  0  0  0  0 ]  [ 0  0  0  1  0  0  0  0  0  0 ]  [ 0  0  0  0  0  0  0  0  1  0 ]  [ 1  0  0  0  0  0  0  0  0  0 ]  [ 0  0  0  0  0  0  0  0  0  1 ]  [ 0  0  0  0  0  0  0  0  0  1 ]  [ 0  0  0  0  0  0  0  0  0  1 ]  [ 0  0  0  1  0  0  0  0  0  0 ]  [ 0  0  0  0  0  1  0  0  0  0 ]  [ 0  0  0  0  0  1  0  0  0  0 ]  [ 0  0  0  0  0  0  0  0  1  0 ]  [ 0  0  0  0  0  0  0  0  0  1 ]  [ 0  0  0  0  0  0  0  0  1  0 ]  [ 0  0  0  1  0  0  0  0  0  0 ]  [ 0  0  0  0  0  0  0  0  0  1 ]  [ 0  0  0  0  0  1  0  0  0  0 ]  [ 0  0  0  0  0  0  0  0  1  0 ]  [ 0  0  0  0  0  0  0  0  1  0 ]  [ 1  0  0  0  0  0  0  0  0  0 ]  [ 0  0  0  0  0  0  0  0  1  0 ]  [ 0  0  0  0  0  0  0  0  1  0 ]  [ 0  0  0  0  0  1  0  0  0  0 ]  [ 0  0  0  0  0  1  0  0  0  0 ]  [ 0  0  0  0  0  1  0  0  0  0 ]  [ 1  0  0  0  0  0  0  0  0  0 ]  [ 0  0  0  0  0  1  0  0  0  0 ]  [ 1  0  0  0  0  0  0  0  0  0 ]  [ 0  0  0  0  0  1  0  0  0  0 ]  [ 0  0  0  0  0  0  0  0  1  0 ]  [ 0  0  0  0  0  1  0  0  0  0 ]  [ 0  0  0  0  0  1  0  0  0  0 ]  [ 0  0  0  0  0  0  0  0  0  1 ]  [ 0  0  0  0  0  0  0  0  0  1 ]  [ 1  0  0  0  0  0  0  0  0  0 ]  [ 0  0  0  0  0  0  0  0  1  0 ]  [ 0  0  0  0  0  0  0  0  1  0 ]  [ 1  0  0  0  0  0  0  0  0  0 ]  [ 0  0  0  1  0  0  0  0  0  0 ]  [ 0  0  0  1  0  0  0  0  0  0 ]  [ 1  0  0  0  0  0  0  0  0  0 ]  [ 0  0  0  0  0  1  0  0  0  0 ]  [ 0  0  0  0  0  0  0  0  0  1 ]  [ 0  0  0  1  0  0  0  0  0  0 ]  [ 0  0  0  0  0  0  0  0  0  1 ]  [ 0  0  0  0  0  0  0  0  1  0 ]  [ 1  0  0  0  0  0  0  0  0  0 ]  [ 0  0  0  0  0  0  0  0  0  1 ]  [ 0  0  0  0  0  0  0  0  1  0 ]  [ 0  0  0  0  0  0  0  0  0  1 ]  [ 0  0  0  0  0  0  0  0  1  0 ]  [ 0  0  0  0  0  0  0  0  1  0 ]  [ 0  0  0  1  0  0  0  0  0  0 ]  [ 0  0  0  0  0  0  0  0  0  1 ]  [ 0  0  0  0  0  0  0  0  0  1 ]  [ 0  0  0  0  0  0  0  0  0  1 ]  [ 0  0  0  0  0  1  0  0  0  0 ]  [ 0  0  0  0  0  0  0  0  1  0 ]  [ 0  0  0  0  0  1  0  0  0  0 ]  [ 1  0  0  0  0  0  0  0  0  0 ]  [ 1  0  0  0  0  0  0  0  0  0 ]  [ 1  0  0  0  0  0  0  0  0  0 ]  [ 0  0  0  1  0  0  0  0  0  0 ]  [ 1  0  0  0  0  0  0  0  0  0 ]  [ 0  0  0  0  0  1  0  0  0  0 ]  [ 0  0  0  0  0  0  0  0  1  0 ]  [ 0  0  0  0  0  1  0  0  0  0 ]  [ 0  0  0  0  0  1  0  0  0  0 ]  [ 0  0  0  0  0  0  0  0  1  0 ]  [ 0  0  0  1  0  0  0  0  0  0 ]  [ 0  0  0  0  0  1  0  0  0  0 ]  [ 0  0  0  0  0  0  0  0  1  0 ]  [ 0  0  0  0  0  1  0  0  0  0 ]  [ 1  0  0  0  0  0  0  0  0  0 ]  [ 0  0  0  0  0  0  0  0  0  1 ]  [ 0  0  0  0  0  0  0  0  1  0 ]  [ 0  0  0  1  0  0  0  0  0  0 ]  [ 0  0  0  1  0  0  0  0  0  0 ]  [ 0  0  0  0  0  1  0  0  0  0 ]  [ 0  0  0  0  0  1  0  0  0  0 ]  [ 0  0  0  1  0  0  0  0  0  0 ]  [ 1  0  0  0  0  0  0  0  0  0 ]  [ 0  0  0  1  0  0  0  0  0  0 ]  [ 0  0  0  0  0  0  0  0  1  0 ]  [ 1  0  0  0  0  0  0  0  0  0 ]  [ 0  0  0  0  0  1  0  0  0  0 ]  [ 1  0  0  0  0  0  0  0  0  0 ]  [ 0  0  0  1  0  0  0  0  0  0 ]  [ 1  0  0  0  0  0  0  0  0  0 ]  [ 0  0  0  0  0  1  0  0  0  0 ]  [ 1  0  0  0  0  0  0  0  0  0 ]  [ 1  0  0  0  0  0  0  0  0  0 ]  [ 1  0  0  0  0  0  0  0  0  0 ]  [ 1  0  0  0  0  0  0  0  0  0 ]  [ 0  0  0  0  0  1  0  0  0  0 ]  [ 1  0  0  0  0  0  0  0  0  0 ]  [ 1  0  0  0  0  0  0  0  0  0 ]  [ 0  0  0  0  0  1  0  0  0  0 ]  [ 0  0  0  0  0  1  0  0  0  0 ]  [ 0  0  0  0  0  0  0  0  1  0 ]  [ 1  0  0  0  0  0  0  0  0  0 ]  [ 0  0  0  0  0  1  0  0  0  0 ]  [ 0  0  0  1  0  0  0  0  0  0 ]  [ 1  0  0  0  0  0  0  0  0  0 ]  [ 0  0  0  0  0  0  0  0  0  1 ]  [ 0  0  0  1  0  0  0  0  0  0 ]  [ 1  0  0  0  0  0  0  0  0  0 ]  [ 0  0  0  0  0  1  0  0  0  0 ]  [ 1  0  0  0  0  0  0  0  0  0 ]  [ 0  0  0  0  0  0  0  0  1  0 ]  [ 0  0  0  1  0  0  0  0  0  0 ]  [ 1  0  0  0  0  0  0  0  0  0 ]  [ 1  0  0  0  0  0  0  0  0  0 ]  [ 0  0  0  0  0  0  0  0  1  0 ]  [ 0  0  0  1  0  0  0  0  0  0 ]  [ 0  0  0  0  0  0  0  0  1  0 ]  [ 0  0  0  0  0  1  0  0  0  0 ]  [ 0  0  0  0  0  0  0  0  0  1 ]  [ 0  0  0  1  0  0  0  0  0  0 ]  [ 0  0  0  1  0  0  0  0  0  0 ]  [ 0  0  0  1  0  0  0  0  0  0 ]  [ 0  0  0  0  0  0  0  0  0  1 ]  [ 0  0  0  0  0  0  0  0  1  0 ]  [ 0  0  0  1  0  0  0  0  0  0 ]  [ 1  0  0  0  0  0  0  0  0  0 ]  [ 0  0  0  0  0  0  0  0  1  0 ]  [ 0  0  0  0  0  0  0  0  0  1 ]  [ 0  0  0  0  0  1  0  0  0  0 ]  [ 1  0  0  0  0  0  0  0  0  0 ]  [ 1  0  0  0  0  0  0  0  0  0 ]  [ 1  0  0  0  0  0  0  0  0  0 ]  [ 1  0  0  0  0  0  0  0  0  0 ]  [ 1  0  0  0  0  0  0  0  0  0 ]  [ 1  0  0  0  0  0  0  0  0  0 ]  [ 0  0  0  0  0  0  0  0  1  0 ]  [ 0  0  0  0  0  0  0  0  0  1 ]  [ 0  0  0  1  0  0  0  0  0  0 ]  [ 0  0  0  0  0  0  0  0  0  1 ]  [ 0  0  0  0  0  1  0  0  0  0 ]  [ 0  0  0  0  0  0  0  0  0  1 ]  [ 0  0  0  0  0  0  0  0  0  1 ]  [ 0  0  0  0  0  0  0  0  0  1 ]  [ 1  0  0  0  0  0  0  0  0  0 ]  [ 0  0  0  1  0  0  0  0  0  0 ]  [ 0  0  0  0  0  0  0  0  1  0 ]  [ 0  0  0  0  0  0  0  0  0  1 ]  [ 1  0  0  0  0  0  0  0  0  0 ]  [ 0  0  0  1  0  0  0  0  0  0 ]  [ 0  0  0  0  0  0  0  0  0  1 ]  [ 1  0  0  0  0  0  0  0  0  0 ]  [ 0  0  0  1  0  0  0  0  0  0 ]  [ 0  0  0  1  0  0  0  0  0  0 ]  [ 0  0  0  0  0  0  0  0  1  0 ]  [ 0  0  0  0  0  0  0  0  0  1 ]  [ 1  0  0  0  0  0  0  0  0  0 ]  [ 0  0  0  0  0  0  0  0  1  0 ]  [ 0  0  0  0  0  0  0  0  1  0 ]  [ 0  0  0  0  0  0  0  0  0  1 ]  [ 0  0  0  0  0  1  0  0  0  0 ]  [ 0  0  0  0  0  0  0  0  0  1 ]  [ 0  0  0  1  0  0  0  0  0  0 ]  [ 0  0  0  0  0  1  0  0  0  0 ]  [ 0  0  0  1  0  0  0  0  0  0 ]  [ 0  0  0  0  0  0  0  0  1  0 ]  [ 0  0  0  0  0  1  0  0  0  0 ]  [ 0  0  0  1  0  0  0  0  0  0 ]  [ 1  0  0  0  0  0  0  0  0  0 ]  [ 0  0  0  0  0  0  0  0  1  0 ]  [ 0  0  0  0  0  0  0  0  1  0 ]  [ 0  0  0  0  0  0  0  0  1  0 ]  [ 0  0  0  1  0  0  0  0  0  0 ]  [ 0  0  0  0  0  1  0  0  0  0 ]  [ 1  0  0  0  0  0  0  0  0  0 ]  [ 0  0  0  0  0  0  0  0  1  0 ]  [ 1  0  0  0  0  0  0  0  0  0 ]  [ 0  0  0  0  0  1  0  0  0  0 ]  [ 0  0  0  0  0  0  0  0  1  0 ]  [ 0  0  0  0  0  0  0  0  1  0 ]  [ 1  0  0  0  0  0  0  0  0  0 ]  [ 0  0  0  1  0  0  0  0  0  0 ]  [ 0  0  0  0  0  0  0  0  0  1 ]  [ 0  0  0  0  0  0  0  0  1  0 ]  [ 0  0  0  0  0  0  0  0  0  1 ]  [ 0  0  0  0  0  0  0  0  0  1 ]  [ 0  0  0  0  0  1  0  0  0  0 ]  [ 0  0  0  0  0  0  0  0  0  1 ]  [ 0  0  0  0  0  0  0  0  1  0 ]  [ 0  0  0  1  0  0  0  0  0  0 ]  [ 0  0  0  1  0  0  0  0  0  0 ]  [ 1  0  0  0  0  0  0  0  0  0 ]  [ 0  0  0  1  0  0  0  0  0  0 ]  [ 0  0  0  0  0  0  0  0  0  1 ]  [ 1  0  0  0  0  0  0  0  0  0 ]  [ 0  0  0  0  0  1  0  0  0  0 ]  [ 1  0  0  0  0  0  0  0  0  0 ]  [ 1  0  0  0  0  0  0  0  0  0 ]  [ 0  0  0  0  0  0  0  0  1  0 ]  [ 0  0  0  1  0  0  0  0  0  0 ]  [ 1  0  0  0  0  0  0  0  0  0 ]  [ 1  0  0  0  0  0  0  0  0  0 ]  [ 0  0  0  0  0  0  0  0  1  0 ]  [ 0  0  0  0  0  1  0  0  0  0 ]  [ 1  0  0  0  0  0  0  0  0  0 ]  [ 0  0  0  1  0  0  0  0  0  0 ]  [ 0  0  0  0  0  0  0  0  0  1 ]  [ 0  0  0  1  0  0  0  0  0  0 ]  [ 0  0  0  0  0  1  0  0  0  0 ]  [ 0  0  0  0  0  1  0  0  0  0 ]  [ 0  0  0  0  0  0  0  0  1  0 ]  [ 0  0  0  0  0  0  0  0  1  0 ]  [ 0  0  0  0  0  0  0  0  1  0 ]  [ 0  0  0  0  0  1  0  0  0  0 ]  [ 1  0  0  0  0  0  0  0  0  0 ]  [ 1  0  0  0  0  0  0  0  0  0 ]  [ 1  0  0  0  0  0  0  0  0  0 ]  [ 0  0  0  0  0  0  0  0  0  1 ]  [ 1  0  0  0  0  0  0  0  0  0 ]  [ 1  0  0  0  0  0  0  0  0  0 ]  [ 0  0  0  0  0  0  0  0  0  1 ]  [ 1  0  0  0  0  0  0  0  0  0 ]  [ 0  0  0  0  0  0  0  0  0  1 ]  [ 1  0  0  0  0  0  0  0  0  0 ]  [ 0  0  0  0  0  1  0  0  0  0 ]  [ 0  0  0  1  0  0  0  0  0  0 ]  [ 0  0  0  0  0  0  0  0  0  1 ]  [ 0  0  0  0  0  0  0  0  1  0 ]  [ 0  0  0  0  0  0  0  0  1  0 ]  [ 0  0  0  0  0  0  0  0  1  0 ]  [ 0  0  0  0  0  0  0  0  0  1 ]  [ 0  0  0  1  0  0  0  0  0  0 ]  [ 0  0  0  0  0  0  0  0  1  0 ]  [ 0  0  0  0  0  1  0  0  0  0 ]  [ 1  0  0  0  0  0  0  0  0  0 ]  [ 0  0  0  0  0  0  0  0  0  1 ]  [ 0  0  0  0  0  1  0  0  0  0 ]  [ 0  0  0  0  0  0  0  0  0  1 ]  [ 0  0  0  1  0  0  0  0  0  0 ]  [ 0  0  0  0  0  1  0  0  0  0 ]  [ 0  0  0  0  0  1  0  0  0  0 ]  [ 0  0  0  0  0  0  0  0  1  0 ]  [ 1  0  0  0  0  0  0  0  0  0 ]  [ 0  0  0  1  0  0  0  0  0  0 ]  [ 0  0  0  0  0  1  0  0  0  0 ]  [ 1  0  0  0  0  0  0  0  0  0 ]  [ 0  0  0  0  0  1  0  0  0  0 ]  [ 0  0  0  0  0  0  0  0  1  0 ]  [ 0  0  0  0  0  1  0  0  0  0 ]  [ 0  0  0  0  0  0  0  0  1  0 ]  [ 0  0  0  0  0  0  0  0  1  0 ]  [ 0  0  0  1  0  0  0  0  0  0 ]  [ 0  0  0  1  0  0  0  0  0  0 ]  [ 0  0  0  0  0  0  0  0  0  1 ]  [ 0  0  0  1  0  0  0  0  0  0 ]  [ 0  0  0  0  0  1  0  0  0  0 ]  [ 1  0  0  0  0  0  0  0  0  0 ]  [ 0  0  0  1  0  0  0  0  0  0 ]  [ 1  0  0  0  0  0  0  0  0  0 ]  [ 0  0  0  0  0  0  0  0  0  1 ]  [ 0  0  0  0  0  0  0  0  1  0 ]  [ 0  0  0  0  0  0  0  0  0  1 ]  [ 0  0  0  0  0  0  0  0  0  1 ]  [ 0  0  0  0  0  0  0  0  1  0 ]  [ 0  0  0  0  0  0  0  0  0  1 ]  [ 0  0  0  0  0  1  0  0  0  0 ]  [ 0  0  0  0  0  1  0  0  0  0 ]  [ 0  0  0  0  0  0  0  0  0  1 ]  [ 0  0  0  0  0  0  0  0  0  1 ]  [ 0  0  0  0  0  0  0  0  0  1 ]  [ 0  0  0  0  0  1  0  0  0  0 ]  [ 0  0  0  0  0  0  0  0  1  0 ]  [ 0  0  0  0  0  1  0  0  0  0 ]  [ 0  0  0  0  0  0  0  0  0  1 ]  [ 0  0  0  0  0  0  0  0  0  1 ]  [ 0  0  0  1  0  0  0  0  0  0 ]  [ 0  0  0  0  0  0  0  0  0  1 ]  [ 1  0  0  0  0  0  0  0  0  0 ]  [ 1  0  0  0  0  0  0  0  0  0 ]  [ 0  0  0  0  0  0  0  0  1  0 ]  [ 0  0  0  1  0  0  0  0  0  0 ]  [ 0  0  0  0  0  1  0  0  0  0 ]  [ 0  0  0  0  0  0  0  0  1  0 ]  [ 1  0  0  0  0  0  0  0  0  0 ]  [ 0  0  0  0  0  0  0  0  1  0 ]  [ 0  0  0  1  0  0  0  0  0  0 ]  [ 0  0  0  0  0  1  0  0  0  0 ]  [ 0  0  0  1  0  0  0  0  0  0 ]  [ 0  0  0  0  0  0  0  0  1  0 ]  [ 0  0  0  0  0  0  0  0  1  0 ]  [ 0  0  0  1  0  0  0  0  0  0 ]  [ 1  0  0  0  0  0  0  0  0  0 ]  [ 0  0  0  1  0  0  0  0  0  0 ]  [ 0  0  0  0  0  1  0  0  0  0 ]  [ 1  0  0  0  0  0  0  0  0  0 ]  [ 1  0  0  0  0  0  0  0  0  0 ]  [ 0  0  0  0  0  0  0  0  1  0 ]  [ 0  0  0  0  0  0  0  0  1  0 ]  [ 0  0  0  0  0  0  0  0  0  1 ]  [ 0  0  0  0  0  0  0  0  0  1 ]  [ 0  0  0  0  0  0  0  0  0  1 ]  [ 0  0  0  1  0  0  0  0  0  0 ]  [ 1  0  0  0  0  0  0  0  0  0 ]  [ 0  0  0  1  0  0  0  0  0  0 ]  [ 0  0  0  0  0  1  0  0  0  0 ]  [ 0  0  0  0  0  1  0  0  0  0 ]  [ 0  0  0  0  0  1  0  0  0  0 ]  [ 0  0  0  1  0  0  0  0  0  0 ]  [ 0  0  0  0  0  0  0  0  0  1 ]  [ 0  0  0  1  0  0  0  0  0  0 ]  [ 0  0  0  0  0  1  0  0  0  0 ]  [ 0  0  0  0  0  0  0  0  0  1 ]  [ 0  0  0  0  0  0  0  0  0  1 ]  [ 0  0  0  1  0  0  0  0  0  0 ]  [ 0  0  0  1  0  0  0  0  0  0 ]  [ 0  0  0  0  0  0  0  0  0  1 ]  [ 1  0  0  0  0  0  0  0  0  0 ]  [ 1  0  0  0  0  0  0  0  0  0 ]  [ 0  0  0  0  0  1  0  0  0  0 ]  [ 0  0  0  0  0  1  0  0  0  0 ]  [ 1  0  0  0  0  0  0  0  0  0 ]  [ 1  0  0  0  0  0  0  0  0  0 ]  [ 0  0  0  1  0  0  0  0  0  0 ]  [ 0  0  0  0  0  0  0  0  1  0 ]  [ 0  0  0  0  0  1  0  0  0  0 ]  [ 0  0  0  0  0  0  0  0  0  1 ]  [ 0  0  0  0  0  0  0  0  1  0 ]  [ 0  0  0  0  0  0  0  0  0  1 ]  [ 1  0  0  0  0  0  0  0  0  0 ]  [ 1  0  0  0  0  0  0  0  0  0 ]  [ 1  0  0  0  0  0  0  0  0  0 ]  [ 0  0  0  0  0  1  0  0  0  0 ]  [ 0  0  0  1  0  0  0  0  0  0 ]  [ 1  0  0  0  0  0  0  0  0  0 ]  [ 0  0  0  0  0  1  0  0  0  0 ]  [ 1  0  0  0  0  0  0  0  0  0 ]  [ 0  0  0  1  0  0  0  0  0  0 ]  [ 0  0  0  1  0  0  0  0  0  0 ]  [ 0  0  0  0  0  0  0  0  0  1 ]  [ 0  0  0  0  0  1  0  0  0  0 ]  [ 0  0  0  1  0  0  0  0  0  0 ]  [ 1  0  0  0  0  0  0  0  0  0 ]  [ 0  0  0  0  0  1  0  0  0  0 ]  [ 0  0  0  0  0  0  0  0  1  0 ]  [ 0  0  0  0  0  0  0  0  1  0 ]  [ 0  0  0  0  0  0  0  0  0  1 ]  [ 0  0  0  0  0  0  0  0  0  1 ]  [ 0  0  0  1  0  0  0  0  0  0 ]  [ 1  0  0  0  0  0  0  0  0  0 ]  [ 0  0  0  0  0  0  0  0  1  0 ]  [ 0  0  0  0  0  0  0  0  1  0 ]  [ 0  0  0  0  0  1  0  0  0  0 ]  [ 0  0  0  0  0  0  0  0  0  1 ]  [ 0  0  0  0  0  1  0  0  0  0 ]  [ 0  0  0  1  0  0  0  0  0  0 ]  [ 1  0  0  0  0  0  0  0  0  0 ]  [ 1  0  0  0  0  0  0  0  0  0 ]  [ 0  0  0  0  0  0  0  0  1  0 ]  [ 0  0  0  0  0  0  0  0  0  1 ]  [ 0  0  0  0  0  0  0  0  0  1 ]  [ 0  0  0  0  0  1  0  0  0  0 ]  [ 0  0  0  0  0  0  0  0  1  0 ]  [ 0  0  0  0  0  0  0  0  0  1 ]  [ 0  0  0  0  0  0  0  0  0  1 ]  [ 0  0  0  0  0  0  0  0  1  0 ]  [ 0  0  0  0  0  1  0  0  0  0 ]  [ 0  0  0  0  0  1  0  0  0  0 ]  [ 1  0  0  0  0  0  0  0  0  0 ]  [ 1  0  0  0  0  0  0  0  0  0 ]  [ 0  0  0  0  0  0  0  0  1  0 ]  [ 0  0  0  0  0  0  0  0  0  1 ]  [ 0  0  0  0  0  1  0  0  0  0 ]  [ 0  0  0  0  0  1  0  0  0  0 ]  [ 0  0  0  1  0  0  0  0  0  0 ]  [ 0  0  0  0  0  1  0  0  0  0 ]  [ 0  0  0  0  0  0  0  0  0  1 ]  [ 0  0  0  0  0  1  0  0  0  0 ]  [ 0  0  0  0  0  0  0  0  0  1 ]  [ 1  0  0  0  0  0  0  0  0  0 ]  [ 0  0  0  1  0  0  0  0  0  0 ]  [ 0  0  0  0  0  1  0  0  0  0 ]  [ 0  0  0  0  0  1  0  0  0  0 ]  [ 0  0  0  0  0  0  0  0  0  1 ]  [ 0  0  0  0  0  0  0  0  0  1 ]  [ 0  0  0  0  0  0  0  0  0  1 ]  [ 0  0  0  0  0  0  0  0  1  0 ]  [ 1  0  0  0  0  0  0  0  0  0 ]  [ 0  0  0  0  0  1  0  0  0  0 ]  [ 0  0  0  0  0  1  0  0  0  0 ]  [ 0  0  0  0  0  1  0  0  0  0 ]  [ 0  0  0  1  0  0  0  0  0  0 ]  [ 0  0  0  0  0  0  0  0  1  0 ]  [ 0  0  0  0  0  0  0  0  0  1 ]  [ 1  0  0  0  0  0  0  0  0  0 ]  [ 0  0  0  0  0  0  0  0  1  0 ]  [ 0  0  0  1  0  0  0  0  0  0 ]  [ 0  0  0  0  0  1  0  0  0  0 ]  [ 0  0  0  0  0  0  0  0  0  1 ]  [ 0  0  0  0  0  0  0  0  0  1 ]  [ 0  0  0  0  0  0  0  0  1  0 ]  [ 1  0  0  0  0  0  0  0  0  0 ]  [ 0  0  0  0  0  0  0  0  0  1 ]  [ 1  0  0  0  0  0  0  0  0  0 ]  [ 0  0  0  1  0  0  0  0  0  0 ]  [ 0  0  0  0  0  0  0  0  0  1 ]  [ 0  0  0  1  0  0  0  0  0  0 ]  [ 0  0  0  1  0  0  0  0  0  0 ]  [ 0  0  0  0  0  0  0  0  0  1 ]  [ 0  0  0  0  0  0  0  0  0  1 ]  [ 0  0  0  1  0  0  0  0  0  0 ]  [ 0  0  0  1  0  0  0  0  0  0 ]  [ 0  0  0  1  0  0  0  0  0  0 ]  [ 1  0  0  0  0  0  0  0  0  0 ]  [ 0  0  0  1  0  0  0  0  0  0 ]  [ 0  0  0  0  0  0  0  0  0  1 ]  [ 1  0  0  0  0  0  0  0  0  0 ]  [ 0  0  0  1  0  0  0  0  0  0 ]  [ 1  0  0  0  0  0  0  0  0  0 ]  [ 1  0  0  0  0  0  0  0  0  0 ]  [ 0  0  0  0  0  1  0  0  0  0 ]  [ 0  0  0  0  0  0  0  0  1  0 ]  [ 0  0  0  0  0  0  0  0  0  1 ]  [ 0  0  0  0  0  0  0  0  1  0 ]  [ 0  0  0  0  0  0  0  0  0  1 ]  [ 1  0  0  0  0  0  0  0  0  0 ]  [ 0  0  0  1  0  0  0  0  0  0 ]  [ 0  0  0  0  0  0  0  0  0  1 ]  [ 1  0  0  0  0  0  0  0  0  0 ]  [ 0  0  0  1  0  0  0  0  0  0 ]  [ 0  0  0  0  0  1  0  0  0  0 ]  [ 0  0  0  1  0  0  0  0  0  0 ]  [ 0  0  0  0  0  1  0  0  0  0 ]  [ 1  0  0  0  0  0  0  0  0  0 ]  [ 0  0  0  1  0  0  0  0  0  0 ]  [ 0  0  0  0  0  0  0  0  0  1 ]  [ 1  0  0  0  0  0  0  0  0  0 ]  [ 0  0  0  0  0  0  0  0  0  1 ]  [ 1  0  0  0  0  0  0  0  0  0 ]  [ 0  0  0  0  0  0  0  0  0  1 ]  [ 0  0  0  0  0  0  0  0  1  0 ]  [ 0  0  0  0  0  0  0  0  1  0 ]  [ 1  0  0  0  0  0  0  0  0  0 ]  [ 1  0  0  0  0  0  0  0  0  0 ]  [ 0  0  0  0  0  0  0  0  1  0 ]  [ 1  0  0  0  0  0  0  0  0  0 ]  [ 1  0  0  0  0  0  0  0  0  0 ]  [ 0  0  0  0  0  0  0  0  0  1 ]  [ 0  0  0  0  0  0  0  0  0  1 ]  [ 1  0  0  0  0  0  0  0  0  0 ]  [ 0  0  0  0  0  0  0  0  0  1 ]  [ 0  0  0  0  0  1  0  0  0  0 ]  [ 0  0  0  1  0  0  0  0  0  0 ]  [ 1  0  0  0  0  0  0  0  0  0 ]  [ 0  0  0  1  0  0  0  0  0  0 ]  [ 0  0  0  0  0  0  0  0  0  1 ]  [ 0  0  0  1  0  0  0  0  0  0 ]  [ 1  0  0  0  0  0  0  0  0  0 ]  [ 1  0  0  0  0  0  0  0  0  0 ]  [ 1  0  0  0  0  0  0  0  0  0 ]  [ 0  0  0  1  0  0  0  0  0  0 ]  [ 0  0  0  0  0  0  0  0  0  1 ]  [ 1  0  0  0  0  0  0  0  0  0 ]  [ 1  0  0  0  0  0  0  0  0  0 ]  [ 0  0  0  0  0  0  0  0  0  1 ]  [ 0  0  0  0  0  0  0  0  0  1 ]  [ 0  0  0  0  0  0  0  0  0  1 ]  [ 0  0  0  1  0  0  0  0  0  0 ]  [ 0  0  0  1  0  0  0  0  0  0 ]  [ 0  0  0  0  0  0  0  0  0  1 ]  [ 0  0  0  0  0  1  0  0  0  0 ]  [ 0  0  0  0  0  0  0  0  1  0 ]  [ 0  0  0  1  0  0  0  0  0  0 ]  [ 1  0  0  0  0  0  0  0  0  0 ]  [ 0  0  0  1  0  0  0  0  0  0 ]  [ 0  0  0  0  0  0  0  0  1  0 ]  [ 0  0  0  0  0  0  0  0  1  0 ]  [ 0  0  0  0  0  1  0  0  0  0 ]  [ 0  0  0  0  0  1  0  0  0  0 ]  [ 0  0  0  0  0  1  0  0  0  0 ]  [ 0  0  0  0  0  1  0  0  0  0 ]  [ 0  0  0  0  0  1  0  0  0  0 ]  [ 0  0  0  0  0  0  0  0  0  1 ]  [ 0  0  0  1  0  0  0  0  0  0 ]  [ 0  0  0  0  0  1  0  0  0  0 ]  [ 0  0  0  0  0  0  0  0  0  1 ]  [ 0  0  0  0  0  0  0  0  0  1 ]  [ 1  0  0  0  0  0  0  0  0  0 ]  [ 0  0  0  0  0  0  0  0  0  1 ]  [ 0  0  0  0  0  0  0  0  0  1 ]  [ 1  0  0  0  0  0  0  0  0  0 ]  [ 0  0  0  1  0  0  0  0  0  0 ] ];

ObjRequests = {  <1,1,12>, <2,1,53>, <3,1,30>, <4,1,36>, <5,1,44>, <6,1,29>, <7,1,9>, <8,1,22>, <9,1,20>, <10,1,2>, <11,1,3>, <13,1,21>, <14,1,4>, <15,1,11>, <16,1,7>, <17,1,5>, <18,1,3>, <19,1,20>, <20,1,1>, <21,1,1>, <22,1,5>, <23,1,1>, <25,1,7>, <26,1,6>, <27,1,4>, <28,1,4>, <29,1,4>, <30,1,3>, <31,1,2>, <32,1,1>, <33,1,12>, <34,1,4>, <35,1,4>, <37,1,7>, <38,1,2>, <39,1,1>, <40,1,2>, <41,1,1>, <45,1,3>, <47,1,6>, <48,1,2>, <49,1,4>, <50,1,2>, <51,1,6>, <52,1,1>, <53,1,1>, <55,1,1>, <56,1,2>, <57,1,1>, <59,1,1>, <60,1,3>, <61,1,5>, <62,1,2>, <63,1,1>, <64,1,1>, <65,1,1>, <67,1,1>, <69,1,1>, <70,1,5>, <71,1,4>, <72,1,7>, <73,1,2>, <75,1,1>, <79,1,2>, <80,1,1>, <82,1,2>, <83,1,1>, <85,1,1>, <86,1,1>, <87,1,1>, <88,1,2>, <89,1,2>, <94,1,1>, <95,1,3>, <96,1,1>, <97,1,2>, <98,1,2>, <103,1,1>, <104,1,1>, <106,1,2>, <107,1,1>, <108,1,2>, <110,1,2>, <112,1,1>, <113,1,1>, <114,1,2>, <115,1,1>, <116,1,2>, <118,1,1>, <119,1,3>, <121,1,1>, <122,1,1>, <125,1,3>, <127,1,1>, <128,1,1>, <130,1,1>, <131,1,1>, <134,1,1>, <136,1,1>, <138,1,1>, <141,1,1>, <143,1,2>, <145,1,1>, <146,1,1>, <147,1,2>, <149,1,4>, <151,1,1>, <152,1,1>, <155,1,3>, <156,1,2>, <157,1,1>, <159,1,1>, <162,1,2>, <163,1,4>, <164,1,1>, <173,1,2>, <174,1,1>, <175,1,1>, <177,1,1>, <178,1,1>, <182,1,2>, <184,1,1>, <189,1,1>, <194,1,1>, <196,1,1>, <201,1,1>, <204,1,2>, <208,1,1>, <212,1,1>, <216,1,2>, <221,1,1>, <226,1,1>, <228,1,1>, <230,1,1>, <235,1,1>, <236,1,1>, <237,1,1>, <250,1,1>, <252,1,1>, <255,1,2>, <256,1,1>, <264,1,1>, <265,1,2>, <267,1,1>, <268,1,1>, <275,1,1>, <276,1,1>, <283,1,1>, <285,1,1>, <286,1,2>, <291,1,1>, <294,1,1>, <314,1,1>, <315,1,1>, <316,1,1>, <318,1,2>, <319,1,1>, <320,1,1>, <322,1,2>, <324,1,1>, <335,1,2>, <339,1,1>, <340,1,1>, <344,1,1>, <345,1,1>, <347,1,1>, <348,1,2>, <351,1,1>, <363,1,1>, <366,1,1>, <374,1,1>, <376,1,1>, <377,1,1>, <385,1,1>, <393,1,2>, <405,1,1>, <420,1,1>, <422,1,1>, <424,1,1>, <426,1,1>, <427,1,1>, <431,1,1>, <432,1,1>, <462,1,1>, <464,1,1>, <468,1,1>, <471,1,1>, <472,1,2>, <484,1,1>, <493,1,1>, <502,1,1>, <526,1,1>, <530,1,1>, <546,1,1>, <551,1,1>, <553,1,1>, <579,1,1>, <582,1,1>, <587,1,1>, <593,1,1>, <600,1,1>, <614,1,1>, <627,1,3>, <641,1,1>, <678,1,1>, <680,1,1>, <684,1,1>, <686,1,1>, <706,1,1>, <712,1,1>, <727,1,1>, <736,1,1>, <741,1,1>, <773,1,1>, <781,1,1>, <802,1,1>, <839,1,1>, <843,1,1>, <859,1,1>, <864,1,1>, <870,1,1>, <875,1,1>, <899,1,1>, <911,1,1>, <941,1,1>, <947,1,1>, <976,1,1>, <980,1,2>, <986,1,1>, <1,4,272>, <2,4,14>, <3,4,80>, <4,4,24>, <5,4,5>, <7,4,9>, <8,4,1>, <9,4,18>, <10,4,9>, <11,4,16>, <12,4,5>, <13,4,1>, <14,4,8>, <15,4,10>, <18,4,5>, <19,4,7>, <20,4,1>, <21,4,13>, <22,4,10>, <23,4,6>, <25,4,4>, <26,4,1>, <27,4,1>, <28,4,3>, <29,4,8>, <30,4,12>, <31,4,17>, <32,4,2>, <33,4,4>, <34,4,4>, <36,4,1>, <38,4,2>, <39,4,2>, <40,4,1>, <42,4,2>, <43,4,3>, <44,4,4>, <45,4,8>, <46,4,3>, <47,4,3>, <48,4,2>, <49,4,3>, <52,4,5>, <53,4,2>, <54,4,2>, <55,4,7>, <56,4,1>, <57,4,2>, <59,4,1>, <62,4,1>, <63,4,2>, <65,4,2>, <66,4,1>, <67,4,1>, <68,4,1>, <69,4,1>, <70,4,1>, <71,4,1>, <72,4,1>, <73,4,1>, <74,4,1>, <77,4,2>, <79,4,1>, <80,4,2>, <81,4,1>, <82,4,3>, <84,4,1>, <85,4,1>, <87,4,2>, <88,4,1>, <90,4,1>, <93,4,1>, <97,4,1>, <98,4,1>, <100,4,1>, <101,4,2>, <102,4,2>, <103,4,2>, <104,4,1>, <106,4,1>, <108,4,2>, <109,4,1>, <113,4,1>, <114,4,3>, <115,4,2>, <116,4,1>, <119,4,2>, <120,4,1>, <121,4,1>, <123,4,1>, <130,4,1>, <135,4,2>, <136,4,1>, <138,4,1>, <140,4,1>, <143,4,1>, <144,4,1>, <147,4,1>, <148,4,1>, <149,4,1>, <152,4,2>, <154,4,1>, <155,4,1>, <156,4,1>, <157,4,2>, <158,4,2>, <160,4,1>, <161,4,1>, <164,4,1>, <166,4,2>, <174,4,1>, <176,4,1>, <177,4,1>, <180,4,1>, <182,4,1>, <183,4,1>, <188,4,1>, <189,4,1>, <193,4,1>, <194,4,1>, <195,4,1>, <197,4,1>, <198,4,1>, <203,4,1>, <208,4,1>, <209,4,1>, <215,4,1>, <216,4,1>, <224,4,2>, <225,4,1>, <226,4,1>, <227,4,2>, <230,4,1>, <233,4,1>, <234,4,2>, <235,4,1>, <236,4,1>, <238,4,1>, <239,4,1>, <250,4,1>, <252,4,1>, <255,4,1>, <256,4,1>, <258,4,1>, <263,4,1>, <264,4,1>, <268,4,1>, <271,4,1>, <272,4,1>, <275,4,1>, <279,4,1>, <287,4,1>, <289,4,1>, <294,4,2>, <297,4,2>, <299,4,1>, <310,4,2>, <314,4,1>, <315,4,1>, <318,4,1>, <319,4,1>, <322,4,1>, <323,4,2>, <324,4,1>, <329,4,1>, <335,4,1>, <339,4,1>, <340,4,1>, <346,4,1>, <348,4,1>, <349,4,1>, <352,4,1>, <353,4,1>, <357,4,1>, <366,4,1>, <367,4,1>, <373,4,2>, <377,4,1>, <380,4,1>, <389,4,1>, <392,4,1>, <404,4,1>, <406,4,1>, <413,4,1>, <418,4,1>, <419,4,1>, <420,4,1>, <430,4,1>, <434,4,2>, <439,4,1>, <443,4,1>, <446,4,1>, <462,4,1>, <464,4,1>, <468,4,1>, <474,4,1>, <485,4,1>, <488,4,1>, <490,4,1>, <493,4,1>, <510,4,1>, <519,4,1>, <554,4,1>, <555,4,1>, <566,4,1>, <584,4,1>, <585,4,1>, <600,4,1>, <605,4,1>, <613,4,1>, <641,4,1>, <654,4,1>, <671,4,1>, <680,4,1>, <685,4,1>, <688,4,1>, <690,4,1>, <701,4,1>, <707,4,1>, <719,4,1>, <731,4,1>, <736,4,1>, <754,4,1>, <802,4,2>, <826,4,1>, <830,4,1>, <840,4,1>, <856,4,1>, <859,4,1>, <870,4,1>, <896,4,1>, <935,4,1>, <957,4,1>, <968,4,1>, <989,4,1>, <1,6,117>, <2,6,114>, <3,6,1>, <4,6,57>, <5,6,12>, <6,6,5>, <7,6,18>, <8,6,6>, <9,6,2>, <10,6,6>, <11,6,3>, <12,6,12>, <13,6,14>, <14,6,28>, <15,6,5>, <16,6,13>, <17,6,3>, <18,6,1>, <19,6,4>, <20,6,7>, <21,6,4>, <23,6,3>, <24,6,2>, <25,6,3>, <26,6,1>, <27,6,17>, <28,6,3>, <29,6,2>, <30,6,2>, <32,6,4>, <33,6,3>, <34,6,1>, <35,6,5>, <36,6,5>, <37,6,4>, <38,6,2>, <39,6,7>, <40,6,9>, <41,6,3>, <42,6,3>, <43,6,1>, <44,6,1>, <45,6,6>, <46,6,1>, <47,6,5>, <48,6,3>, <50,6,4>, <52,6,1>, <53,6,1>, <54,6,2>, <56,6,4>, <59,6,1>, <60,6,2>, <61,6,6>, <62,6,1>, <63,6,2>, <66,6,2>, <69,6,1>, <71,6,1>, <72,6,1>, <73,6,4>, <76,6,5>, <78,6,2>, <79,6,2>, <81,6,2>, <83,6,2>, <84,6,3>, <86,6,2>, <87,6,1>, <88,6,1>, <90,6,1>, <91,6,1>, <92,6,1>, <93,6,1>, <96,6,2>, <97,6,1>, <99,6,2>, <102,6,2>, <103,6,1>, <104,6,1>, <105,6,1>, <108,6,1>, <109,6,1>, <110,6,1>, <112,6,1>, <114,6,1>, <115,6,7>, <116,6,1>, <117,6,2>, <119,6,3>, <120,6,1>, <121,6,1>, <123,6,2>, <124,6,2>, <125,6,1>, <126,6,1>, <128,6,1>, <129,6,1>, <130,6,3>, <132,6,1>, <135,6,2>, <139,6,1>, <141,6,4>, <148,6,1>, <151,6,1>, <152,6,1>, <157,6,1>, <158,6,1>, <159,6,1>, <160,6,1>, <162,6,1>, <163,6,1>, <164,6,2>, <168,6,1>, <169,6,1>, <174,6,1>, <175,6,1>, <177,6,1>, <179,6,1>, <182,6,1>, <185,6,1>, <188,6,1>, <191,6,1>, <194,6,2>, <196,6,2>, <201,6,1>, <203,6,1>, <212,6,2>, <214,6,1>, <216,6,1>, <219,6,1>, <222,6,1>, <224,6,1>, <226,6,1>, <227,6,1>, <232,6,2>, <236,6,1>, <244,6,1>, <250,6,1>, <252,6,1>, <254,6,1>, <256,6,1>, <257,6,1>, <258,6,1>, <259,6,1>, <265,6,1>, <267,6,1>, <272,6,1>, <273,6,1>, <275,6,1>, <276,6,1>, <277,6,1>, <279,6,1>, <283,6,1>, <285,6,1>, <288,6,1>, <291,6,1>, <297,6,1>, <302,6,1>, <306,6,1>, <309,6,1>, <320,6,1>, <321,6,1>, <322,6,1>, <324,6,1>, <329,6,1>, <335,6,1>, <337,6,1>, <340,6,1>, <346,6,1>, <347,6,1>, <348,6,1>, <350,6,1>, <357,6,1>, <362,6,1>, <364,6,1>, <366,6,1>, <375,6,2>, <377,6,1>, <385,6,1>, <387,6,1>, <393,6,1>, <396,6,1>, <404,6,1>, <406,6,1>, <407,6,1>, <410,6,1>, <415,6,1>, <420,6,1>, <446,6,1>, <462,6,1>, <463,6,4>, <464,6,1>, <468,6,2>, <471,6,1>, <473,6,1>, <476,6,1>, <478,6,1>, <484,6,1>, <489,6,1>, <490,6,1>, <491,6,1>, <494,6,1>, <505,6,1>, <519,6,2>, <530,6,1>, <536,6,1>, <539,6,1>, <557,6,1>, <568,6,1>, <593,6,1>, <597,6,1>, <598,6,1>, <601,6,1>, <627,6,1>, <631,6,1>, <655,6,1>, <660,6,1>, <673,6,1>, <688,6,1>, <689,6,1>, <701,6,1>, <706,6,1>, <707,6,1>, <734,6,1>, <735,6,1>, <738,6,1>, <745,6,1>, <761,6,1>, <764,6,1>, <765,6,1>, <810,6,1>, <821,6,1>, <828,6,1>, <859,6,1>, <868,6,1>, <876,6,1>, <879,6,1>, <896,6,1>, <897,6,1>, <905,6,1>, <910,6,1>, <911,6,1>, <918,6,1>, <932,6,1>, <934,6,1>, <943,6,1>, <1,9,48>, <2,9,11>, <3,9,69>, <4,9,5>, <5,9,12>, <6,9,53>, <7,9,14>, <8,9,35>, <9,9,5>, <10,9,27>, <11,9,12>, <12,9,10>, <13,9,2>, <14,9,5>, <15,9,22>, <16,9,6>, <17,9,3>, <20,9,18>, <21,9,7>, <22,9,1>, <23,9,2>, <24,9,10>, <26,9,9>, <27,9,1>, <28,9,5>, <29,9,1>, <30,9,2>, <31,9,3>, <32,9,9>, <33,9,3>, <34,9,1>, <36,9,5>, <38,9,1>, <39,9,6>, <40,9,2>, <41,9,3>, <42,9,2>, <43,9,10>, <45,9,2>, <46,9,3>, <47,9,2>, <50,9,3>, <51,9,7>, <52,9,1>, <53,9,1>, <55,9,1>, <56,9,5>, <58,9,1>, <59,9,1>, <60,9,2>, <61,9,1>, <63,9,1>, <64,9,3>, <65,9,2>, <66,9,1>, <67,9,1>, <71,9,1>, <72,9,1>, <73,9,1>, <74,9,1>, <75,9,1>, <77,9,2>, <78,9,3>, <79,9,1>, <80,9,3>, <82,9,1>, <83,9,1>, <85,9,2>, <87,9,1>, <88,9,2>, <89,9,1>, <90,9,2>, <93,9,1>, <95,9,1>, <96,9,2>, <97,9,1>, <99,9,3>, <100,9,1>, <101,9,1>, <102,9,1>, <103,9,4>, <104,9,1>, <105,9,1>, <106,9,2>, <109,9,2>, <110,9,2>, <113,9,1>, <115,9,2>, <116,9,2>, <117,9,1>, <118,9,1>, <121,9,1>, <122,9,1>, <123,9,1>, <125,9,1>, <127,9,3>, <128,9,2>, <129,9,1>, <130,9,1>, <132,9,1>, <134,9,2>, <138,9,1>, <139,9,1>, <140,9,1>, <141,9,1>, <142,9,1>, <143,9,2>, <147,9,2>, <149,9,2>, <150,9,1>, <151,9,1>, <152,9,1>, <153,9,1>, <156,9,2>, <159,9,1>, <161,9,2>, <162,9,3>, <163,9,1>, <164,9,3>, <167,9,1>, <168,9,2>, <171,9,1>, <174,9,1>, <176,9,2>, <177,9,1>, <179,9,1>, <180,9,1>, <182,9,1>, <183,9,1>, <184,9,1>, <185,9,1>, <188,9,2>, <191,9,1>, <195,9,1>, <196,9,1>, <201,9,1>, <203,9,1>, <204,9,1>, <208,9,1>, <209,9,1>, <212,9,2>, <214,9,1>, <215,9,1>, <218,9,1>, <219,9,1>, <222,9,1>, <225,9,1>, <229,9,1>, <232,9,1>, <235,9,2>, <236,9,1>, <239,9,1>, <242,9,1>, <244,9,1>, <247,9,2>, <249,9,1>, <255,9,1>, <256,9,2>, <260,9,2>, <263,9,1>, <265,9,1>, <268,9,1>, <271,9,1>, <273,9,2>, <275,9,1>, <277,9,1>, <286,9,1>, <287,9,1>, <289,9,2>, <290,9,1>, <291,9,1>, <294,9,1>, <296,9,1>, <297,9,1>, <303,9,1>, <317,9,1>, <320,9,1>, <322,9,1>, <329,9,2>, <336,9,1>, <337,9,1>, <339,9,1>, <345,9,1>, <347,9,1>, <348,9,1>, <350,9,1>, <353,9,1>, <355,9,1>, <356,9,1>, <363,9,1>, <368,9,1>, <383,9,1>, <385,9,1>, <392,9,2>, <393,9,1>, <406,9,1>, <407,9,1>, <419,9,2>, <430,9,1>, <434,9,1>, <443,9,1>, <446,9,1>, <450,9,1>, <454,9,1>, <459,9,1>, <462,9,1>, <469,9,1>, <472,9,1>, <484,9,1>, <488,9,1>, <494,9,1>, <507,9,1>, <513,9,1>, <519,9,1>, <520,9,1>, <526,9,1>, <536,9,1>, <539,9,1>, <552,9,1>, <553,9,1>, <557,9,1>, <598,9,1>, <600,9,1>, <604,9,1>, <617,9,1>, <618,9,1>, <631,9,1>, <634,9,1>, <645,9,1>, <677,9,1>, <678,9,1>, <685,9,1>, <692,9,1>, <704,9,1>, <716,9,1>, <719,9,1>, <724,9,1>, <749,9,1>, <765,9,1>, <773,9,1>, <779,9,1>, <787,9,1>, <797,9,1>, <849,9,1>, <852,9,1>, <855,9,1>, <875,9,1>, <890,9,1>, <899,9,1>, <918,9,1>, <947,9,1>, <968,9,1>, <1,10,83>, <2,10,71>, <3,10,7>, <4,10,25>, <5,10,51>, <6,10,5>, <7,10,31>, <8,10,13>, <9,10,29>, <10,10,10>, <11,10,11>, <12,10,15>, <13,10,3>, <14,10,1>, <16,10,2>, <17,10,14>, <18,10,21>, <19,10,1>, <20,10,2>, <22,10,3>, <23,10,4>, <24,10,6>, <25,10,18>, <27,10,2>, <28,10,2>, <29,10,3>, <31,10,2>, <32,10,4>, <33,10,1>, <34,10,1>, <35,10,1>, <36,10,1>, <37,10,4>, <38,10,4>, <39,10,1>, <40,10,2>, <41,10,3>, <43,10,2>, <44,10,2>, <45,10,4>, <46,10,2>, <48,10,1>, <50,10,1>, <51,10,2>, <53,10,1>, <54,10,5>, <55,10,1>, <57,10,2>, <58,10,5>, <60,10,3>, <61,10,2>, <62,10,9>, <63,10,1>, <65,10,1>, <66,10,3>, <68,10,4>, <69,10,5>, <71,10,3>, <72,10,2>, <73,10,1>, <74,10,6>, <75,10,3>, <77,10,1>, <79,10,2>, <83,10,1>, <84,10,1>, <85,10,1>, <88,10,3>, <89,10,2>, <90,10,1>, <93,10,3>, <94,10,1>, <97,10,1>, <100,10,1>, <101,10,2>, <102,10,1>, <103,10,1>, <104,10,1>, <105,10,3>, <108,10,1>, <109,10,1>, <110,10,1>, <114,10,1>, <115,10,1>, <117,10,2>, <119,10,1>, <120,10,1>, <121,10,1>, <122,10,2>, <123,10,2>, <124,10,1>, <130,10,1>, <131,10,1>, <135,10,3>, <136,10,1>, <137,10,1>, <138,10,1>, <141,10,1>, <143,10,2>, <146,10,2>, <147,10,1>, <148,10,2>, <149,10,1>, <151,10,1>, <152,10,1>, <153,10,1>, <154,10,1>, <155,10,1>, <156,10,1>, <158,10,1>, <160,10,1>, <161,10,3>, <162,10,1>, <163,10,1>, <164,10,1>, <170,10,1>, <174,10,1>, <176,10,1>, <178,10,1>, <180,10,1>, <181,10,2>, <183,10,1>, <184,10,1>, <185,10,1>, <189,10,2>, <191,10,1>, <193,10,1>, <194,10,2>, <195,10,2>, <199,10,1>, <203,10,1>, <204,10,1>, <206,10,1>, <207,10,1>, <209,10,1>, <211,10,3>, <212,10,1>, <213,10,1>, <216,10,2>, <221,10,3>, <224,10,2>, <225,10,1>, <229,10,1>, <234,10,1>, <237,10,1>, <239,10,1>, <242,10,1>, <249,10,2>, <250,10,2>, <256,10,1>, <259,10,2>, <264,10,1>, <265,10,1>, <267,10,1>, <268,10,1>, <271,10,1>, <286,10,1>, <287,10,1>, <288,10,1>, <291,10,1>, <292,10,1>, <300,10,1>, <302,10,1>, <309,10,1>, <317,10,1>, <319,10,1>, <327,10,1>, <328,10,1>, <335,10,2>, <337,10,1>, <340,10,1>, <341,10,1>, <344,10,1>, <347,10,1>, <348,10,2>, <349,10,2>, <351,10,1>, <357,10,1>, <371,10,1>, <374,10,1>, <375,10,1>, <382,10,2>, <385,10,1>, <386,10,1>, <389,10,1>, <401,10,1>, <404,10,1>, <406,10,1>, <407,10,1>, <416,10,1>, <419,10,2>, <422,10,1>, <423,10,1>, <424,10,1>, <430,10,1>, <431,10,1>, <441,10,1>, <443,10,1>, <445,10,1>, <446,10,1>, <454,10,1>, <459,10,2>, <463,10,1>, <471,10,1>, <472,10,2>, <484,10,1>, <486,10,1>, <496,10,1>, <510,10,2>, <513,10,1>, <516,10,1>, <519,10,1>, <529,10,1>, <551,10,1>, <554,10,2>, <584,10,2>, <586,10,1>, <598,10,1>, <604,10,1>, <605,10,1>, <611,10,1>, <613,10,1>, <642,10,1>, <645,10,1>, <653,10,1>, <654,10,1>, <667,10,1>, <673,10,1>, <684,10,1>, <704,10,1>, <710,10,1>, <716,10,1>, <738,10,1>, <743,10,1>, <773,10,1>, <779,10,1>, <795,10,1>, <806,10,1>, <835,10,1>, <865,10,1>, <868,10,1>, <899,10,1>, <941,10,1>, <957,10,1>, <976,10,1> };

MaxCacheStorageAtSingleAS= [ 262.5  0  0  262.5  0  262.5  0  0  262.5  262.5 ] ;

MaxCacheStorage = 1312.5 ;
SolutionGap = 0.01 ;
