
ASes= { 1, 2, 3, 4, 5, 6, 7, 8, 9, 10 } ;


Objects= { 1, 2, 3, 4, 5, 6, 7, 8, 9, 10, 11, 12, 13, 14, 15, 16, 17, 18, 19, 20, 21, 22, 23, 24, 25, 26, 27, 28, 29, 30, 31, 32, 33, 34, 35, 36, 37, 38, 39, 40, 41, 42, 43, 44, 45, 46, 47, 48, 49, 50, 51, 52, 53, 54, 55, 56, 57, 58, 59, 60, 61, 62, 63, 64, 65, 66, 67, 68, 69, 70, 71, 72, 73, 74, 75, 76, 77, 78, 79, 80, 81, 82, 83, 84, 85, 86, 87, 88, 89, 90, 91, 92, 93, 94, 95, 96, 97, 98, 99, 100, 101, 102, 103, 104, 105, 106, 107, 108, 109, 110, 111, 112, 113, 114, 115, 116, 117, 118, 119, 120, 121, 122, 123, 124, 125, 126, 127, 128, 129, 130, 131, 132, 133, 134, 135, 136, 137, 138, 139, 140, 141, 142, 143, 144, 145, 146, 147, 148, 149, 150, 151, 152, 153, 154, 155, 156, 157, 158, 159, 160, 161, 162, 163, 164, 165, 166, 167, 168, 169, 170, 171, 172, 173, 174, 175, 176, 177, 178, 179, 180, 181, 182, 183, 184, 185, 186, 187, 188, 189, 190, 191, 192, 193, 194, 195, 196, 197, 198, 199, 200, 201, 202, 203, 204, 205, 206, 207, 208, 209, 210, 211, 212, 213, 214, 215, 216, 217, 218, 219, 220, 221, 222, 223, 224, 225, 226, 227, 228, 229, 230, 231, 232, 233, 234, 235, 236, 237, 238, 239, 240, 241, 242, 243, 244, 245, 246, 247, 248, 249, 250, 251, 252, 253, 254, 255, 256, 257, 258, 259, 260, 261, 262, 263, 264, 265, 266, 267, 268, 269, 270, 271, 272, 273, 274, 275, 276, 277, 278, 279, 280, 281, 282, 283, 284, 285, 286, 287, 288, 289, 290, 291, 292, 293, 294, 295, 296, 297, 298, 299, 300, 301, 302, 303, 304, 305, 306, 307, 308, 309, 310, 311, 312, 313, 314, 315, 316, 317, 318, 319, 320, 321, 322, 323, 324, 325, 326, 327, 328, 329, 330, 331, 332, 333, 334, 335, 336, 337, 338, 339, 340, 341, 342, 343, 344, 345, 346, 347, 348, 349, 350, 351, 352, 353, 354, 355, 356, 357, 358, 359, 360, 361, 362, 363, 364, 365, 366, 367, 368, 369, 370, 371, 372, 373, 374, 375, 376, 377, 378, 379, 380, 381, 382, 383, 384, 385, 386, 387, 388, 389, 390, 391, 392, 393, 394, 395, 396, 397, 398, 399, 400, 401, 402, 403, 404, 405, 406, 407, 408, 409, 410, 411, 412, 413, 414, 415, 416, 417, 418, 419, 420, 421, 422, 423, 424, 425, 426, 427, 428, 429, 430, 431, 432, 433, 434, 435, 436, 437, 438, 439, 440, 441, 442, 443, 444, 445, 446, 447, 448, 449, 450, 451, 452, 453, 454, 455, 456, 457, 458, 459, 460, 461, 462, 463, 464, 465, 466, 467, 468, 469, 470, 471, 472, 473, 474, 475, 476, 477, 478, 479, 480, 481, 482, 483, 484, 485, 486, 487, 488, 489, 490, 491, 492, 493, 494, 495, 496, 497, 498, 499, 500, 501, 502, 503, 504, 505, 506, 507, 508, 509, 510, 511, 512, 513, 514, 515, 516, 517, 518, 519, 520, 521, 522, 523, 524, 525, 526, 527, 528, 529, 530, 531, 532, 533, 534, 535, 536, 537, 538, 539, 540, 541, 542, 543, 544, 545, 546, 547, 548, 549, 550, 551, 552, 553, 554, 555, 556, 557, 558, 559, 560, 561, 562, 563, 564, 565, 566, 567, 568, 569, 570, 571, 572, 573, 574, 575, 576, 577, 578, 579, 580, 581, 582, 583, 584, 585, 586, 587, 588, 589, 590, 591, 592, 593, 594, 595, 596, 597, 598, 599, 600, 601, 602, 603, 604, 605, 606, 607, 608, 609, 610, 611, 612, 613, 614, 615, 616, 617, 618, 619, 620, 621, 622, 623, 624, 625, 626, 627, 628, 629, 630, 631, 632, 633, 634, 635, 636, 637, 638, 639, 640, 641, 642, 643, 644, 645, 646, 647, 648, 649, 650, 651, 652, 653, 654, 655, 656, 657, 658, 659, 660, 661, 662, 663, 664, 665, 666, 667, 668, 669, 670, 671, 672, 673, 674, 675, 676, 677, 678, 679, 680, 681, 682, 683, 684, 685, 686, 687, 688, 689, 690, 691, 692, 693, 694, 695, 696, 697, 698, 699, 700, 701, 702, 703, 704, 705, 706, 707, 708, 709, 710, 711, 712, 713, 714, 715, 716, 717, 718, 719, 720, 721, 722, 723, 724, 725, 726, 727, 728, 729, 730, 731, 732, 733, 734, 735, 736, 737, 738, 739, 740, 741, 742, 743, 744, 745, 746, 747, 748, 749, 750, 751, 752, 753, 754, 755, 756, 757, 758, 759, 760, 761, 762, 763, 764, 765, 766, 767, 768, 769, 770, 771, 772, 773, 774, 775, 776, 777, 778, 779, 780, 781, 782, 783, 784, 785, 786, 787, 788, 789, 790, 791, 792, 793, 794, 795, 796, 797, 798, 799, 800, 801, 802, 803, 804, 805, 806, 807, 808, 809, 810, 811, 812, 813, 814, 815, 816, 817, 818, 819, 820, 821, 822, 823, 824, 825, 826, 827, 828, 829, 830, 831, 832, 833, 834, 835, 836, 837, 838, 839, 840, 841, 842, 843, 844, 845, 846, 847, 848, 849, 850, 851, 852, 853, 854, 855, 856, 857, 858, 859, 860, 861, 862, 863, 864, 865, 866, 867, 868, 869, 870, 871, 872, 873, 874, 875, 876, 877, 878, 879, 880, 881, 882, 883, 884, 885, 886, 887, 888, 889, 890, 891, 892, 893, 894, 895, 896, 897, 898, 899, 900, 901, 902, 903, 904, 905, 906, 907, 908, 909, 910, 911, 912, 913, 914, 915, 916, 917, 918, 919, 920, 921, 922, 923, 924, 925, 926, 927, 928, 929, 930, 931, 932, 933, 934, 935, 936, 937, 938, 939, 940, 941, 942, 943, 944, 945, 946, 947, 948, 949, 950, 951, 952, 953, 954, 955, 956, 957, 958, 959, 960, 961, 962, 963, 964, 965, 966, 967, 968, 969, 970, 971, 972, 973, 974, 975, 976, 977, 978, 979, 980, 981, 982, 983, 984, 985, 986, 987, 988, 989, 990, 991, 992, 993, 994, 995, 996, 997, 998, 999, 1000 } ;


QualityLevels= { 0, 1, 2, 3, 4, 5 } ;

Arcs = { <1,2,490000>, <2,1,490000>,<1,3,490000>, <3,1,490000>,<1,4,490000>, <4,1,490000>,<2,5,490000>, <5,2,490000>,<5,6,490000>, <6,5,490000>,<1,7,490000>, <7,1,490000>,<6,8,490000>, <8,6,490000>,<8,9,490000>, <9,8,490000>,<6,10,490000>, <10,6,490000> }; 


RatePerQuality= [ 0  300  700  1500  2500  3500 ] ;


CacheSpacePerQuality= [ 10000  11.25  26.25  56.25  93.75  131.25 ] ;


UtilityPerQuality= [ 0  0.66874  0.795271  0.880112  0.945742  1 ] ;


ObjectsPublishedByProducers=[ [ 0  0  1  0  0  0  0  0  0  0 ]  [ 0  0  0  0  0  0  0  0  0  1 ]  [ 0  0  0  0  0  0  0  0  1  0 ]  [ 0  0  0  1  0  0  0  0  0  0 ]  [ 0  0  0  0  0  0  1  0  0  0 ]  [ 0  0  0  0  0  0  1  0  0  0 ]  [ 0  0  0  0  0  0  0  0  1  0 ]  [ 0  0  0  0  0  0  0  0  1  0 ]  [ 0  0  1  0  0  0  0  0  0  0 ]  [ 0  0  1  0  0  0  0  0  0  0 ]  [ 0  0  0  0  0  0  0  0  0  1 ]  [ 0  0  0  0  0  0  1  0  0  0 ]  [ 0  0  0  0  0  0  0  0  1  0 ]  [ 0  0  1  0  0  0  0  0  0  0 ]  [ 0  0  0  0  0  0  1  0  0  0 ]  [ 0  0  0  0  0  0  0  0  1  0 ]  [ 0  0  0  1  0  0  0  0  0  0 ]  [ 0  0  0  0  0  0  0  0  0  1 ]  [ 0  0  0  0  0  0  0  0  0  1 ]  [ 0  0  1  0  0  0  0  0  0  0 ]  [ 0  0  1  0  0  0  0  0  0  0 ]  [ 0  0  0  0  0  0  1  0  0  0 ]  [ 0  0  0  0  0  0  0  0  0  1 ]  [ 0  0  0  1  0  0  0  0  0  0 ]  [ 0  0  0  1  0  0  0  0  0  0 ]  [ 0  0  0  0  0  0  1  0  0  0 ]  [ 0  0  1  0  0  0  0  0  0  0 ]  [ 0  0  0  1  0  0  0  0  0  0 ]  [ 0  0  0  0  0  0  1  0  0  0 ]  [ 0  0  0  0  0  0  1  0  0  0 ]  [ 0  0  0  1  0  0  0  0  0  0 ]  [ 0  0  0  1  0  0  0  0  0  0 ]  [ 0  0  0  1  0  0  0  0  0  0 ]  [ 0  0  0  0  0  0  1  0  0  0 ]  [ 0  0  0  1  0  0  0  0  0  0 ]  [ 0  0  1  0  0  0  0  0  0  0 ]  [ 0  0  0  0  0  0  0  0  0  1 ]  [ 0  0  0  0  0  0  1  0  0  0 ]  [ 0  0  0  0  0  0  0  0  1  0 ]  [ 0  0  1  0  0  0  0  0  0  0 ]  [ 0  0  0  0  0  0  0  0  0  1 ]  [ 0  0  0  0  0  0  0  0  0  1 ]  [ 0  0  1  0  0  0  0  0  0  0 ]  [ 0  0  0  1  0  0  0  0  0  0 ]  [ 0  0  0  0  0  0  0  0  1  0 ]  [ 0  0  0  0  0  0  0  0  1  0 ]  [ 0  0  0  0  0  0  0  0  0  1 ]  [ 0  0  0  0  0  0  1  0  0  0 ]  [ 0  0  0  0  0  0  0  0  0  1 ]  [ 0  0  0  0  0  0  0  0  1  0 ]  [ 0  0  0  1  0  0  0  0  0  0 ]  [ 0  0  0  0  0  0  1  0  0  0 ]  [ 0  0  0  0  0  0  0  0  0  1 ]  [ 0  0  0  0  0  0  0  0  0  1 ]  [ 0  0  0  0  0  0  1  0  0  0 ]  [ 0  0  0  0  0  0  1  0  0  0 ]  [ 0  0  1  0  0  0  0  0  0  0 ]  [ 0  0  0  1  0  0  0  0  0  0 ]  [ 0  0  0  0  0  0  0  0  1  0 ]  [ 0  0  0  0  0  0  1  0  0  0 ]  [ 0  0  1  0  0  0  0  0  0  0 ]  [ 0  0  0  0  0  0  1  0  0  0 ]  [ 0  0  0  0  0  0  0  0  1  0 ]  [ 0  0  0  0  0  0  0  0  1  0 ]  [ 0  0  0  1  0  0  0  0  0  0 ]  [ 0  0  0  0  0  0  1  0  0  0 ]  [ 0  0  0  0  0  0  1  0  0  0 ]  [ 0  0  0  0  0  0  0  0  1  0 ]  [ 0  0  0  0  0  0  1  0  0  0 ]  [ 0  0  0  1  0  0  0  0  0  0 ]  [ 0  0  0  0  0  0  1  0  0  0 ]  [ 0  0  1  0  0  0  0  0  0  0 ]  [ 0  0  1  0  0  0  0  0  0  0 ]  [ 0  0  0  0  0  0  0  0  1  0 ]  [ 0  0  0  0  0  0  0  0  0  1 ]  [ 0  0  0  0  0  0  1  0  0  0 ]  [ 0  0  0  1  0  0  0  0  0  0 ]  [ 0  0  1  0  0  0  0  0  0  0 ]  [ 0  0  0  0  0  0  1  0  0  0 ]  [ 0  0  0  0  0  0  0  0  0  1 ]  [ 0  0  0  0  0  0  0  0  1  0 ]  [ 0  0  0  0  0  0  1  0  0  0 ]  [ 0  0  0  0  0  0  0  0  0  1 ]  [ 0  0  0  1  0  0  0  0  0  0 ]  [ 0  0  0  0  0  0  1  0  0  0 ]  [ 0  0  0  0  0  0  0  0  0  1 ]  [ 0  0  0  0  0  0  1  0  0  0 ]  [ 0  0  0  0  0  0  1  0  0  0 ]  [ 0  0  0  1  0  0  0  0  0  0 ]  [ 0  0  0  0  0  0  1  0  0  0 ]  [ 0  0  0  0  0  0  0  0  0  1 ]  [ 0  0  1  0  0  0  0  0  0  0 ]  [ 0  0  0  0  0  0  0  0  1  0 ]  [ 0  0  0  0  0  0  0  0  0  1 ]  [ 0  0  0  0  0  0  0  0  0  1 ]  [ 0  0  0  0  0  0  0  0  1  0 ]  [ 0  0  0  0  0  0  0  0  0  1 ]  [ 0  0  0  0  0  0  1  0  0  0 ]  [ 0  0  0  0  0  0  1  0  0  0 ]  [ 0  0  0  0  0  0  1  0  0  0 ]  [ 0  0  1  0  0  0  0  0  0  0 ]  [ 0  0  0  0  0  0  0  0  0  1 ]  [ 0  0  0  0  0  0  1  0  0  0 ]  [ 0  0  1  0  0  0  0  0  0  0 ]  [ 0  0  0  0  0  0  1  0  0  0 ]  [ 0  0  0  0  0  0  1  0  0  0 ]  [ 0  0  0  1  0  0  0  0  0  0 ]  [ 0  0  0  1  0  0  0  0  0  0 ]  [ 0  0  0  0  0  0  1  0  0  0 ]  [ 0  0  0  0  0  0  0  0  1  0 ]  [ 0  0  0  0  0  0  0  0  1  0 ]  [ 0  0  0  0  0  0  1  0  0  0 ]  [ 0  0  1  0  0  0  0  0  0  0 ]  [ 0  0  0  1  0  0  0  0  0  0 ]  [ 0  0  1  0  0  0  0  0  0  0 ]  [ 0  0  0  0  0  0  1  0  0  0 ]  [ 0  0  0  0  0  0  0  0  0  1 ]  [ 0  0  0  0  0  0  0  0  1  0 ]  [ 0  0  0  0  0  0  0  0  1  0 ]  [ 0  0  0  0  0  0  0  0  0  1 ]  [ 0  0  0  1  0  0  0  0  0  0 ]  [ 0  0  0  0  0  0  0  0  0  1 ]  [ 0  0  0  0  0  0  0  0  1  0 ]  [ 0  0  1  0  0  0  0  0  0  0 ]  [ 0  0  1  0  0  0  0  0  0  0 ]  [ 0  0  1  0  0  0  0  0  0  0 ]  [ 0  0  0  0  0  0  0  0  1  0 ]  [ 0  0  0  1  0  0  0  0  0  0 ]  [ 0  0  1  0  0  0  0  0  0  0 ]  [ 0  0  0  0  0  0  0  0  1  0 ]  [ 0  0  0  1  0  0  0  0  0  0 ]  [ 0  0  1  0  0  0  0  0  0  0 ]  [ 0  0  1  0  0  0  0  0  0  0 ]  [ 0  0  0  0  0  0  1  0  0  0 ]  [ 0  0  1  0  0  0  0  0  0  0 ]  [ 0  0  0  1  0  0  0  0  0  0 ]  [ 0  0  0  0  0  0  0  0  1  0 ]  [ 0  0  0  0  0  0  1  0  0  0 ]  [ 0  0  0  1  0  0  0  0  0  0 ]  [ 0  0  0  0  0  0  1  0  0  0 ]  [ 0  0  1  0  0  0  0  0  0  0 ]  [ 0  0  0  1  0  0  0  0  0  0 ]  [ 0  0  0  0  0  0  1  0  0  0 ]  [ 0  0  1  0  0  0  0  0  0  0 ]  [ 0  0  1  0  0  0  0  0  0  0 ]  [ 0  0  0  0  0  0  0  0  0  1 ]  [ 0  0  0  0  0  0  1  0  0  0 ]  [ 0  0  0  1  0  0  0  0  0  0 ]  [ 0  0  0  0  0  0  0  0  1  0 ]  [ 0  0  0  0  0  0  0  0  0  1 ]  [ 0  0  1  0  0  0  0  0  0  0 ]  [ 0  0  1  0  0  0  0  0  0  0 ]  [ 0  0  1  0  0  0  0  0  0  0 ]  [ 0  0  0  0  0  0  0  0  1  0 ]  [ 0  0  1  0  0  0  0  0  0  0 ]  [ 0  0  0  0  0  0  0  0  1  0 ]  [ 0  0  0  0  0  0  0  0  1  0 ]  [ 0  0  0  0  0  0  1  0  0  0 ]  [ 0  0  0  1  0  0  0  0  0  0 ]  [ 0  0  0  0  0  0  0  0  0  1 ]  [ 0  0  0  0  0  0  0  0  1  0 ]  [ 0  0  0  0  0  0  1  0  0  0 ]  [ 0  0  0  1  0  0  0  0  0  0 ]  [ 0  0  0  0  0  0  0  0  1  0 ]  [ 0  0  0  1  0  0  0  0  0  0 ]  [ 0  0  0  0  0  0  1  0  0  0 ]  [ 0  0  0  1  0  0  0  0  0  0 ]  [ 0  0  0  0  0  0  0  0  1  0 ]  [ 0  0  1  0  0  0  0  0  0  0 ]  [ 0  0  0  1  0  0  0  0  0  0 ]  [ 0  0  0  0  0  0  0  0  0  1 ]  [ 0  0  0  0  0  0  0  0  0  1 ]  [ 0  0  0  1  0  0  0  0  0  0 ]  [ 0  0  0  0  0  0  0  0  0  1 ]  [ 0  0  0  1  0  0  0  0  0  0 ]  [ 0  0  0  0  0  0  0  0  0  1 ]  [ 0  0  0  0  0  0  0  0  1  0 ]  [ 0  0  0  0  0  0  1  0  0  0 ]  [ 0  0  0  1  0  0  0  0  0  0 ]  [ 0  0  1  0  0  0  0  0  0  0 ]  [ 0  0  0  0  0  0  0  0  0  1 ]  [ 0  0  1  0  0  0  0  0  0  0 ]  [ 0  0  0  0  0  0  0  0  0  1 ]  [ 0  0  0  0  0  0  0  0  0  1 ]  [ 0  0  0  0  0  0  1  0  0  0 ]  [ 0  0  1  0  0  0  0  0  0  0 ]  [ 0  0  0  0  0  0  0  0  0  1 ]  [ 0  0  0  0  0  0  0  0  0  1 ]  [ 0  0  0  0  0  0  0  0  1  0 ]  [ 0  0  0  0  0  0  1  0  0  0 ]  [ 0  0  0  1  0  0  0  0  0  0 ]  [ 0  0  0  1  0  0  0  0  0  0 ]  [ 0  0  0  1  0  0  0  0  0  0 ]  [ 0  0  0  0  0  0  0  0  1  0 ]  [ 0  0  0  0  0  0  1  0  0  0 ]  [ 0  0  1  0  0  0  0  0  0  0 ]  [ 0  0  1  0  0  0  0  0  0  0 ]  [ 0  0  0  0  0  0  0  0  1  0 ]  [ 0  0  0  1  0  0  0  0  0  0 ]  [ 0  0  0  0  0  0  1  0  0  0 ]  [ 0  0  0  1  0  0  0  0  0  0 ]  [ 0  0  0  0  0  0  0  0  0  1 ]  [ 0  0  0  0  0  0  0  0  0  1 ]  [ 0  0  1  0  0  0  0  0  0  0 ]  [ 0  0  0  1  0  0  0  0  0  0 ]  [ 0  0  0  1  0  0  0  0  0  0 ]  [ 0  0  0  0  0  0  0  0  0  1 ]  [ 0  0  0  0  0  0  0  0  1  0 ]  [ 0  0  0  1  0  0  0  0  0  0 ]  [ 0  0  0  1  0  0  0  0  0  0 ]  [ 0  0  0  0  0  0  0  0  1  0 ]  [ 0  0  0  0  0  0  0  0  0  1 ]  [ 0  0  0  0  0  0  0  0  0  1 ]  [ 0  0  0  1  0  0  0  0  0  0 ]  [ 0  0  0  0  0  0  0  0  0  1 ]  [ 0  0  0  0  0  0  0  0  1  0 ]  [ 0  0  0  0  0  0  1  0  0  0 ]  [ 0  0  0  0  0  0  0  0  0  1 ]  [ 0  0  0  1  0  0  0  0  0  0 ]  [ 0  0  0  0  0  0  0  0  1  0 ]  [ 0  0  1  0  0  0  0  0  0  0 ]  [ 0  0  1  0  0  0  0  0  0  0 ]  [ 0  0  0  0  0  0  0  0  0  1 ]  [ 0  0  0  1  0  0  0  0  0  0 ]  [ 0  0  0  0  0  0  0  0  1  0 ]  [ 0  0  0  0  0  0  0  0  1  0 ]  [ 0  0  0  0  0  0  0  0  0  1 ]  [ 0  0  0  1  0  0  0  0  0  0 ]  [ 0  0  0  1  0  0  0  0  0  0 ]  [ 0  0  0  1  0  0  0  0  0  0 ]  [ 0  0  0  0  0  0  0  0  0  1 ]  [ 0  0  0  0  0  0  0  0  1  0 ]  [ 0  0  0  0  0  0  0  0  0  1 ]  [ 0  0  0  0  0  0  0  0  0  1 ]  [ 0  0  1  0  0  0  0  0  0  0 ]  [ 0  0  0  0  0  0  1  0  0  0 ]  [ 0  0  1  0  0  0  0  0  0  0 ]  [ 0  0  1  0  0  0  0  0  0  0 ]  [ 0  0  1  0  0  0  0  0  0  0 ]  [ 0  0  0  0  0  0  0  0  0  1 ]  [ 0  0  0  0  0  0  0  0  1  0 ]  [ 0  0  0  0  0  0  0  0  0  1 ]  [ 0  0  0  1  0  0  0  0  0  0 ]  [ 0  0  0  0  0  0  0  0  1  0 ]  [ 0  0  0  0  0  0  0  0  1  0 ]  [ 0  0  0  1  0  0  0  0  0  0 ]  [ 0  0  0  0  0  0  1  0  0  0 ]  [ 0  0  0  1  0  0  0  0  0  0 ]  [ 0  0  1  0  0  0  0  0  0  0 ]  [ 0  0  0  1  0  0  0  0  0  0 ]  [ 0  0  0  0  0  0  0  0  0  1 ]  [ 0  0  0  0  0  0  1  0  0  0 ]  [ 0  0  0  0  0  0  0  0  0  1 ]  [ 0  0  0  0  0  0  1  0  0  0 ]  [ 0  0  0  1  0  0  0  0  0  0 ]  [ 0  0  0  0  0  0  0  0  1  0 ]  [ 0  0  0  0  0  0  0  0  0  1 ]  [ 0  0  1  0  0  0  0  0  0  0 ]  [ 0  0  0  0  0  0  0  0  1  0 ]  [ 0  0  1  0  0  0  0  0  0  0 ]  [ 0  0  1  0  0  0  0  0  0  0 ]  [ 0  0  0  0  0  0  0  0  0  1 ]  [ 0  0  1  0  0  0  0  0  0  0 ]  [ 0  0  0  1  0  0  0  0  0  0 ]  [ 0  0  0  0  0  0  0  0  0  1 ]  [ 0  0  0  0  0  0  1  0  0  0 ]  [ 0  0  1  0  0  0  0  0  0  0 ]  [ 0  0  1  0  0  0  0  0  0  0 ]  [ 0  0  0  1  0  0  0  0  0  0 ]  [ 0  0  0  0  0  0  0  0  1  0 ]  [ 0  0  1  0  0  0  0  0  0  0 ]  [ 0  0  0  0  0  0  0  0  0  1 ]  [ 0  0  0  1  0  0  0  0  0  0 ]  [ 0  0  0  0  0  0  0  0  0  1 ]  [ 0  0  0  0  0  0  0  0  0  1 ]  [ 0  0  0  1  0  0  0  0  0  0 ]  [ 0  0  0  1  0  0  0  0  0  0 ]  [ 0  0  0  0  0  0  1  0  0  0 ]  [ 0  0  1  0  0  0  0  0  0  0 ]  [ 0  0  0  0  0  0  0  0  1  0 ]  [ 0  0  1  0  0  0  0  0  0  0 ]  [ 0  0  1  0  0  0  0  0  0  0 ]  [ 0  0  0  0  0  0  0  0  0  1 ]  [ 0  0  0  1  0  0  0  0  0  0 ]  [ 0  0  0  0  0  0  1  0  0  0 ]  [ 0  0  0  0  0  0  1  0  0  0 ]  [ 0  0  0  1  0  0  0  0  0  0 ]  [ 0  0  1  0  0  0  0  0  0  0 ]  [ 0  0  0  0  0  0  0  0  0  1 ]  [ 0  0  0  0  0  0  0  0  0  1 ]  [ 0  0  0  0  0  0  0  0  0  1 ]  [ 0  0  1  0  0  0  0  0  0  0 ]  [ 0  0  0  1  0  0  0  0  0  0 ]  [ 0  0  0  0  0  0  0  0  1  0 ]  [ 0  0  0  0  0  0  0  0  0  1 ]  [ 0  0  0  0  0  0  1  0  0  0 ]  [ 0  0  0  0  0  0  0  0  1  0 ]  [ 0  0  0  0  0  0  0  0  1  0 ]  [ 0  0  0  1  0  0  0  0  0  0 ]  [ 0  0  0  0  0  0  1  0  0  0 ]  [ 0  0  0  1  0  0  0  0  0  0 ]  [ 0  0  0  1  0  0  0  0  0  0 ]  [ 0  0  1  0  0  0  0  0  0  0 ]  [ 0  0  0  1  0  0  0  0  0  0 ]  [ 0  0  0  0  0  0  0  0  0  1 ]  [ 0  0  0  0  0  0  1  0  0  0 ]  [ 0  0  0  0  0  0  0  0  1  0 ]  [ 0  0  0  0  0  0  0  0  1  0 ]  [ 0  0  0  0  0  0  0  0  0  1 ]  [ 0  0  0  1  0  0  0  0  0  0 ]  [ 0  0  0  1  0  0  0  0  0  0 ]  [ 0  0  0  1  0  0  0  0  0  0 ]  [ 0  0  0  1  0  0  0  0  0  0 ]  [ 0  0  0  0  0  0  0  0  0  1 ]  [ 0  0  0  0  0  0  0  0  0  1 ]  [ 0  0  0  1  0  0  0  0  0  0 ]  [ 0  0  0  1  0  0  0  0  0  0 ]  [ 0  0  0  0  0  0  1  0  0  0 ]  [ 0  0  0  0  0  0  1  0  0  0 ]  [ 0  0  0  0  0  0  1  0  0  0 ]  [ 0  0  0  1  0  0  0  0  0  0 ]  [ 0  0  1  0  0  0  0  0  0  0 ]  [ 0  0  0  1  0  0  0  0  0  0 ]  [ 0  0  1  0  0  0  0  0  0  0 ]  [ 0  0  0  0  0  0  1  0  0  0 ]  [ 0  0  1  0  0  0  0  0  0  0 ]  [ 0  0  1  0  0  0  0  0  0  0 ]  [ 0  0  0  0  0  0  0  0  1  0 ]  [ 0  0  0  1  0  0  0  0  0  0 ]  [ 0  0  0  0  0  0  0  0  1  0 ]  [ 0  0  0  0  0  0  1  0  0  0 ]  [ 0  0  0  0  0  0  0  0  0  1 ]  [ 0  0  1  0  0  0  0  0  0  0 ]  [ 0  0  0  0  0  0  1  0  0  0 ]  [ 0  0  0  0  0  0  0  0  1  0 ]  [ 0  0  1  0  0  0  0  0  0  0 ]  [ 0  0  0  0  0  0  0  0  0  1 ]  [ 0  0  1  0  0  0  0  0  0  0 ]  [ 0  0  0  0  0  0  0  0  1  0 ]  [ 0  0  0  0  0  0  0  0  0  1 ]  [ 0  0  0  0  0  0  0  0  0  1 ]  [ 0  0  0  1  0  0  0  0  0  0 ]  [ 0  0  1  0  0  0  0  0  0  0 ]  [ 0  0  0  0  0  0  1  0  0  0 ]  [ 0  0  0  0  0  0  0  0  0  1 ]  [ 0  0  0  1  0  0  0  0  0  0 ]  [ 0  0  0  0  0  0  0  0  0  1 ]  [ 0  0  1  0  0  0  0  0  0  0 ]  [ 0  0  0  0  0  0  0  0  0  1 ]  [ 0  0  1  0  0  0  0  0  0  0 ]  [ 0  0  0  1  0  0  0  0  0  0 ]  [ 0  0  0  0  0  0  0  0  0  1 ]  [ 0  0  0  0  0  0  0  0  0  1 ]  [ 0  0  0  0  0  0  0  0  0  1 ]  [ 0  0  0  0  0  0  0  0  0  1 ]  [ 0  0  0  0  0  0  0  0  1  0 ]  [ 0  0  0  0  0  0  0  0  1  0 ]  [ 0  0  1  0  0  0  0  0  0  0 ]  [ 0  0  0  0  0  0  1  0  0  0 ]  [ 0  0  1  0  0  0  0  0  0  0 ]  [ 0  0  0  0  0  0  0  0  1  0 ]  [ 0  0  0  0  0  0  0  0  1  0 ]  [ 0  0  0  1  0  0  0  0  0  0 ]  [ 0  0  1  0  0  0  0  0  0  0 ]  [ 0  0  0  0  0  0  0  0  0  1 ]  [ 0  0  0  0  0  0  0  0  0  1 ]  [ 0  0  0  0  0  0  1  0  0  0 ]  [ 0  0  0  0  0  0  1  0  0  0 ]  [ 0  0  0  0  0  0  0  0  0  1 ]  [ 0  0  0  0  0  0  1  0  0  0 ]  [ 0  0  0  1  0  0  0  0  0  0 ]  [ 0  0  0  1  0  0  0  0  0  0 ]  [ 0  0  0  1  0  0  0  0  0  0 ]  [ 0  0  1  0  0  0  0  0  0  0 ]  [ 0  0  0  0  0  0  0  0  1  0 ]  [ 0  0  0  0  0  0  1  0  0  0 ]  [ 0  0  0  0  0  0  1  0  0  0 ]  [ 0  0  1  0  0  0  0  0  0  0 ]  [ 0  0  0  1  0  0  0  0  0  0 ]  [ 0  0  1  0  0  0  0  0  0  0 ]  [ 0  0  1  0  0  0  0  0  0  0 ]  [ 0  0  0  1  0  0  0  0  0  0 ]  [ 0  0  0  0  0  0  0  0  0  1 ]  [ 0  0  0  1  0  0  0  0  0  0 ]  [ 0  0  0  0  0  0  1  0  0  0 ]  [ 0  0  0  0  0  0  0  0  1  0 ]  [ 0  0  0  1  0  0  0  0  0  0 ]  [ 0  0  1  0  0  0  0  0  0  0 ]  [ 0  0  0  0  0  0  1  0  0  0 ]  [ 0  0  0  0  0  0  1  0  0  0 ]  [ 0  0  0  0  0  0  0  0  1  0 ]  [ 0  0  0  0  0  0  1  0  0  0 ]  [ 0  0  0  0  0  0  0  0  1  0 ]  [ 0  0  0  0  0  0  0  0  1  0 ]  [ 0  0  0  1  0  0  0  0  0  0 ]  [ 0  0  0  0  0  0  1  0  0  0 ]  [ 0  0  0  0  0  0  1  0  0  0 ]  [ 0  0  0  1  0  0  0  0  0  0 ]  [ 0  0  0  0  0  0  1  0  0  0 ]  [ 0  0  0  0  0  0  1  0  0  0 ]  [ 0  0  0  0  0  0  0  0  0  1 ]  [ 0  0  0  0  0  0  0  0  0  1 ]  [ 0  0  0  1  0  0  0  0  0  0 ]  [ 0  0  0  0  0  0  0  0  1  0 ]  [ 0  0  1  0  0  0  0  0  0  0 ]  [ 0  0  1  0  0  0  0  0  0  0 ]  [ 0  0  0  0  0  0  1  0  0  0 ]  [ 0  0  0  0  0  0  0  0  0  1 ]  [ 0  0  1  0  0  0  0  0  0  0 ]  [ 0  0  0  0  0  0  0  0  1  0 ]  [ 0  0  0  0  0  0  0  0  0  1 ]  [ 0  0  0  1  0  0  0  0  0  0 ]  [ 0  0  0  0  0  0  0  0  1  0 ]  [ 0  0  0  0  0  0  0  0  0  1 ]  [ 0  0  0  1  0  0  0  0  0  0 ]  [ 0  0  0  0  0  0  0  0  1  0 ]  [ 0  0  0  0  0  0  0  0  1  0 ]  [ 0  0  0  0  0  0  1  0  0  0 ]  [ 0  0  0  0  0  0  0  0  0  1 ]  [ 0  0  0  0  0  0  0  0  0  1 ]  [ 0  0  0  0  0  0  0  0  0  1 ]  [ 0  0  0  0  0  0  1  0  0  0 ]  [ 0  0  1  0  0  0  0  0  0  0 ]  [ 0  0  0  1  0  0  0  0  0  0 ]  [ 0  0  0  1  0  0  0  0  0  0 ]  [ 0  0  0  0  0  0  1  0  0  0 ]  [ 0  0  0  0  0  0  0  0  1  0 ]  [ 0  0  1  0  0  0  0  0  0  0 ]  [ 0  0  0  0  0  0  0  0  1  0 ]  [ 0  0  0  0  0  0  0  0  1  0 ]  [ 0  0  0  1  0  0  0  0  0  0 ]  [ 0  0  0  0  0  0  1  0  0  0 ]  [ 0  0  1  0  0  0  0  0  0  0 ]  [ 0  0  0  0  0  0  0  0  1  0 ]  [ 0  0  1  0  0  0  0  0  0  0 ]  [ 0  0  0  0  0  0  0  0  0  1 ]  [ 0  0  0  0  0  0  0  0  0  1 ]  [ 0  0  0  0  0  0  0  0  1  0 ]  [ 0  0  0  1  0  0  0  0  0  0 ]  [ 0  0  0  0  0  0  0  0  0  1 ]  [ 0  0  0  0  0  0  0  0  0  1 ]  [ 0  0  1  0  0  0  0  0  0  0 ]  [ 0  0  0  0  0  0  0  0  1  0 ]  [ 0  0  0  0  0  0  0  0  0  1 ]  [ 0  0  0  0  0  0  0  0  1  0 ]  [ 0  0  0  0  0  0  0  0  1  0 ]  [ 0  0  0  0  0  0  1  0  0  0 ]  [ 0  0  0  0  0  0  0  0  0  1 ]  [ 0  0  0  0  0  0  0  0  0  1 ]  [ 0  0  0  1  0  0  0  0  0  0 ]  [ 0  0  0  0  0  0  0  0  0  1 ]  [ 0  0  0  0  0  0  1  0  0  0 ]  [ 0  0  1  0  0  0  0  0  0  0 ]  [ 0  0  0  1  0  0  0  0  0  0 ]  [ 0  0  1  0  0  0  0  0  0  0 ]  [ 0  0  0  0  0  0  0  0  0  1 ]  [ 0  0  0  0  0  0  0  0  0  1 ]  [ 0  0  1  0  0  0  0  0  0  0 ]  [ 0  0  0  0  0  0  0  0  1  0 ]  [ 0  0  0  0  0  0  1  0  0  0 ]  [ 0  0  1  0  0  0  0  0  0  0 ]  [ 0  0  0  1  0  0  0  0  0  0 ]  [ 0  0  0  1  0  0  0  0  0  0 ]  [ 0  0  0  0  0  0  0  0  1  0 ]  [ 0  0  1  0  0  0  0  0  0  0 ]  [ 0  0  1  0  0  0  0  0  0  0 ]  [ 0  0  0  0  0  0  1  0  0  0 ]  [ 0  0  1  0  0  0  0  0  0  0 ]  [ 0  0  0  0  0  0  0  0  1  0 ]  [ 0  0  0  0  0  0  0  0  1  0 ]  [ 0  0  0  0  0  0  0  0  0  1 ]  [ 0  0  0  1  0  0  0  0  0  0 ]  [ 0  0  0  1  0  0  0  0  0  0 ]  [ 0  0  0  0  0  0  1  0  0  0 ]  [ 0  0  0  1  0  0  0  0  0  0 ]  [ 0  0  0  0  0  0  1  0  0  0 ]  [ 0  0  0  1  0  0  0  0  0  0 ]  [ 0  0  0  0  0  0  0  0  1  0 ]  [ 0  0  0  0  0  0  0  0  1  0 ]  [ 0  0  0  0  0  0  0  0  0  1 ]  [ 0  0  0  0  0  0  0  0  0  1 ]  [ 0  0  0  0  0  0  1  0  0  0 ]  [ 0  0  0  0  0  0  1  0  0  0 ]  [ 0  0  0  0  0  0  0  0  0  1 ]  [ 0  0  0  0  0  0  0  0  1  0 ]  [ 0  0  0  0  0  0  1  0  0  0 ]  [ 0  0  0  1  0  0  0  0  0  0 ]  [ 0  0  0  1  0  0  0  0  0  0 ]  [ 0  0  1  0  0  0  0  0  0  0 ]  [ 0  0  0  0  0  0  0  0  0  1 ]  [ 0  0  1  0  0  0  0  0  0  0 ]  [ 0  0  0  0  0  0  0  0  1  0 ]  [ 0  0  0  0  0  0  1  0  0  0 ]  [ 0  0  0  0  0  0  0  0  0  1 ]  [ 0  0  0  0  0  0  0  0  1  0 ]  [ 0  0  0  0  0  0  0  0  0  1 ]  [ 0  0  1  0  0  0  0  0  0  0 ]  [ 0  0  0  0  0  0  1  0  0  0 ]  [ 0  0  0  0  0  0  1  0  0  0 ]  [ 0  0  0  1  0  0  0  0  0  0 ]  [ 0  0  0  0  0  0  1  0  0  0 ]  [ 0  0  0  1  0  0  0  0  0  0 ]  [ 0  0  0  0  0  0  1  0  0  0 ]  [ 0  0  1  0  0  0  0  0  0  0 ]  [ 0  0  0  0  0  0  1  0  0  0 ]  [ 0  0  0  0  0  0  1  0  0  0 ]  [ 0  0  0  1  0  0  0  0  0  0 ]  [ 0  0  0  1  0  0  0  0  0  0 ]  [ 0  0  0  0  0  0  0  0  1  0 ]  [ 0  0  0  0  0  0  0  0  1  0 ]  [ 0  0  0  0  0  0  1  0  0  0 ]  [ 0  0  0  0  0  0  0  0  1  0 ]  [ 0  0  0  1  0  0  0  0  0  0 ]  [ 0  0  0  1  0  0  0  0  0  0 ]  [ 0  0  1  0  0  0  0  0  0  0 ]  [ 0  0  0  1  0  0  0  0  0  0 ]  [ 0  0  0  0  0  0  1  0  0  0 ]  [ 0  0  0  0  0  0  0  0  0  1 ]  [ 0  0  0  0  0  0  0  0  0  1 ]  [ 0  0  0  0  0  0  1  0  0  0 ]  [ 0  0  0  0  0  0  0  0  0  1 ]  [ 0  0  0  0  0  0  1  0  0  0 ]  [ 0  0  0  0  0  0  0  0  0  1 ]  [ 0  0  0  0  0  0  1  0  0  0 ]  [ 0  0  0  0  0  0  0  0  1  0 ]  [ 0  0  0  0  0  0  0  0  0  1 ]  [ 0  0  0  1  0  0  0  0  0  0 ]  [ 0  0  1  0  0  0  0  0  0  0 ]  [ 0  0  0  0  0  0  0  0  1  0 ]  [ 0  0  0  0  0  0  1  0  0  0 ]  [ 0  0  0  1  0  0  0  0  0  0 ]  [ 0  0  1  0  0  0  0  0  0  0 ]  [ 0  0  0  1  0  0  0  0  0  0 ]  [ 0  0  0  0  0  0  1  0  0  0 ]  [ 0  0  0  0  0  0  1  0  0  0 ]  [ 0  0  0  0  0  0  0  0  0  1 ]  [ 0  0  0  0  0  0  1  0  0  0 ]  [ 0  0  0  0  0  0  0  0  1  0 ]  [ 0  0  0  0  0  0  0  0  0  1 ]  [ 0  0  0  0  0  0  0  0  1  0 ]  [ 0  0  0  0  0  0  1  0  0  0 ]  [ 0  0  0  0  0  0  0  0  1  0 ]  [ 0  0  0  0  0  0  0  0  1  0 ]  [ 0  0  0  0  0  0  0  0  1  0 ]  [ 0  0  0  0  0  0  0  0  1  0 ]  [ 0  0  0  0  0  0  1  0  0  0 ]  [ 0  0  0  0  0  0  0  0  1  0 ]  [ 0  0  0  0  0  0  0  0  1  0 ]  [ 0  0  0  0  0  0  0  0  0  1 ]  [ 0  0  0  0  0  0  0  0  1  0 ]  [ 0  0  0  0  0  0  0  0  0  1 ]  [ 0  0  0  0  0  0  0  0  1  0 ]  [ 0  0  0  0  0  0  0  0  0  1 ]  [ 0  0  0  0  0  0  0  0  1  0 ]  [ 0  0  0  1  0  0  0  0  0  0 ]  [ 0  0  0  1  0  0  0  0  0  0 ]  [ 0  0  0  0  0  0  0  0  1  0 ]  [ 0  0  0  0  0  0  0  0  0  1 ]  [ 0  0  0  0  0  0  1  0  0  0 ]  [ 0  0  1  0  0  0  0  0  0  0 ]  [ 0  0  0  0  0  0  0  0  0  1 ]  [ 0  0  0  0  0  0  1  0  0  0 ]  [ 0  0  0  0  0  0  1  0  0  0 ]  [ 0  0  1  0  0  0  0  0  0  0 ]  [ 0  0  0  0  0  0  1  0  0  0 ]  [ 0  0  0  0  0  0  0  0  1  0 ]  [ 0  0  0  0  0  0  1  0  0  0 ]  [ 0  0  0  1  0  0  0  0  0  0 ]  [ 0  0  0  0  0  0  0  0  1  0 ]  [ 0  0  1  0  0  0  0  0  0  0 ]  [ 0  0  0  0  0  0  1  0  0  0 ]  [ 0  0  0  0  0  0  0  0  0  1 ]  [ 0  0  0  0  0  0  0  0  1  0 ]  [ 0  0  0  0  0  0  1  0  0  0 ]  [ 0  0  0  0  0  0  0  0  1  0 ]  [ 0  0  0  0  0  0  0  0  1  0 ]  [ 0  0  0  1  0  0  0  0  0  0 ]  [ 0  0  0  1  0  0  0  0  0  0 ]  [ 0  0  0  0  0  0  0  0  0  1 ]  [ 0  0  0  1  0  0  0  0  0  0 ]  [ 0  0  1  0  0  0  0  0  0  0 ]  [ 0  0  0  0  0  0  0  0  0  1 ]  [ 0  0  0  0  0  0  1  0  0  0 ]  [ 0  0  0  1  0  0  0  0  0  0 ]  [ 0  0  0  0  0  0  1  0  0  0 ]  [ 0  0  0  0  0  0  0  0  1  0 ]  [ 0  0  1  0  0  0  0  0  0  0 ]  [ 0  0  0  0  0  0  0  0  1  0 ]  [ 0  0  0  0  0  0  0  0  1  0 ]  [ 0  0  0  0  0  0  0  0  0  1 ]  [ 0  0  0  1  0  0  0  0  0  0 ]  [ 0  0  0  0  0  0  0  0  1  0 ]  [ 0  0  0  1  0  0  0  0  0  0 ]  [ 0  0  0  0  0  0  1  0  0  0 ]  [ 0  0  1  0  0  0  0  0  0  0 ]  [ 0  0  0  0  0  0  0  0  1  0 ]  [ 0  0  0  0  0  0  0  0  0  1 ]  [ 0  0  0  1  0  0  0  0  0  0 ]  [ 0  0  0  1  0  0  0  0  0  0 ]  [ 0  0  0  0  0  0  0  0  0  1 ]  [ 0  0  0  0  0  0  0  0  1  0 ]  [ 0  0  0  0  0  0  0  0  0  1 ]  [ 0  0  1  0  0  0  0  0  0  0 ]  [ 0  0  0  0  0  0  0  0  0  1 ]  [ 0  0  0  0  0  0  0  0  1  0 ]  [ 0  0  0  1  0  0  0  0  0  0 ]  [ 0  0  0  0  0  0  1  0  0  0 ]  [ 0  0  0  0  0  0  0  0  1  0 ]  [ 0  0  0  0  0  0  0  0  1  0 ]  [ 0  0  1  0  0  0  0  0  0  0 ]  [ 0  0  0  0  0  0  0  0  1  0 ]  [ 0  0  1  0  0  0  0  0  0  0 ]  [ 0  0  0  0  0  0  0  0  0  1 ]  [ 0  0  0  0  0  0  1  0  0  0 ]  [ 0  0  0  0  0  0  0  0  0  1 ]  [ 0  0  0  0  0  0  0  0  1  0 ]  [ 0  0  0  0  0  0  0  0  1  0 ]  [ 0  0  0  1  0  0  0  0  0  0 ]  [ 0  0  0  0  0  0  1  0  0  0 ]  [ 0  0  1  0  0  0  0  0  0  0 ]  [ 0  0  1  0  0  0  0  0  0  0 ]  [ 0  0  0  0  0  0  0  0  1  0 ]  [ 0  0  0  1  0  0  0  0  0  0 ]  [ 0  0  0  0  0  0  0  0  1  0 ]  [ 0  0  0  1  0  0  0  0  0  0 ]  [ 0  0  0  0  0  0  0  0  1  0 ]  [ 0  0  0  0  0  0  0  0  1  0 ]  [ 0  0  0  1  0  0  0  0  0  0 ]  [ 0  0  1  0  0  0  0  0  0  0 ]  [ 0  0  0  1  0  0  0  0  0  0 ]  [ 0  0  0  0  0  0  1  0  0  0 ]  [ 0  0  1  0  0  0  0  0  0  0 ]  [ 0  0  1  0  0  0  0  0  0  0 ]  [ 0  0  1  0  0  0  0  0  0  0 ]  [ 0  0  0  0  0  0  1  0  0  0 ]  [ 0  0  0  0  0  0  0  0  0  1 ]  [ 0  0  0  1  0  0  0  0  0  0 ]  [ 0  0  1  0  0  0  0  0  0  0 ]  [ 0  0  0  0  0  0  0  0  1  0 ]  [ 0  0  0  0  0  0  0  0  0  1 ]  [ 0  0  0  0  0  0  0  0  0  1 ]  [ 0  0  0  0  0  0  0  0  1  0 ]  [ 0  0  0  1  0  0  0  0  0  0 ]  [ 0  0  0  0  0  0  0  0  0  1 ]  [ 0  0  1  0  0  0  0  0  0  0 ]  [ 0  0  0  0  0  0  0  0  1  0 ]  [ 0  0  1  0  0  0  0  0  0  0 ]  [ 0  0  0  1  0  0  0  0  0  0 ]  [ 0  0  0  0  0  0  1  0  0  0 ]  [ 0  0  0  1  0  0  0  0  0  0 ]  [ 0  0  1  0  0  0  0  0  0  0 ]  [ 0  0  0  1  0  0  0  0  0  0 ]  [ 0  0  0  0  0  0  0  0  0  1 ]  [ 0  0  0  0  0  0  1  0  0  0 ]  [ 0  0  0  0  0  0  1  0  0  0 ]  [ 0  0  0  1  0  0  0  0  0  0 ]  [ 0  0  0  0  0  0  0  0  1  0 ]  [ 0  0  0  1  0  0  0  0  0  0 ]  [ 0  0  0  0  0  0  1  0  0  0 ]  [ 0  0  0  0  0  0  0  0  0  1 ]  [ 0  0  0  0  0  0  0  0  0  1 ]  [ 0  0  1  0  0  0  0  0  0  0 ]  [ 0  0  0  0  0  0  0  0  1  0 ]  [ 0  0  0  0  0  0  0  0  0  1 ]  [ 0  0  0  1  0  0  0  0  0  0 ]  [ 0  0  0  1  0  0  0  0  0  0 ]  [ 0  0  0  0  0  0  1  0  0  0 ]  [ 0  0  0  0  0  0  0  0  0  1 ]  [ 0  0  0  1  0  0  0  0  0  0 ]  [ 0  0  0  0  0  0  0  0  0  1 ]  [ 0  0  0  0  0  0  0  0  1  0 ]  [ 0  0  1  0  0  0  0  0  0  0 ]  [ 0  0  0  0  0  0  0  0  0  1 ]  [ 0  0  1  0  0  0  0  0  0  0 ]  [ 0  0  1  0  0  0  0  0  0  0 ]  [ 0  0  0  0  0  0  0  0  1  0 ]  [ 0  0  1  0  0  0  0  0  0  0 ]  [ 0  0  0  1  0  0  0  0  0  0 ]  [ 0  0  1  0  0  0  0  0  0  0 ]  [ 0  0  0  0  0  0  1  0  0  0 ]  [ 0  0  0  0  0  0  0  0  0  1 ]  [ 0  0  0  0  0  0  0  0  0  1 ]  [ 0  0  1  0  0  0  0  0  0  0 ]  [ 0  0  1  0  0  0  0  0  0  0 ]  [ 0  0  0  0  0  0  0  0  0  1 ]  [ 0  0  1  0  0  0  0  0  0  0 ]  [ 0  0  0  1  0  0  0  0  0  0 ]  [ 0  0  1  0  0  0  0  0  0  0 ]  [ 0  0  1  0  0  0  0  0  0  0 ]  [ 0  0  1  0  0  0  0  0  0  0 ]  [ 0  0  0  0  0  0  0  0  1  0 ]  [ 0  0  0  0  0  0  0  0  1  0 ]  [ 0  0  0  0  0  0  0  0  1  0 ]  [ 0  0  0  0  0  0  0  0  0  1 ]  [ 0  0  0  0  0  0  0  0  1  0 ]  [ 0  0  0  1  0  0  0  0  0  0 ]  [ 0  0  0  0  0  0  0  0  1  0 ]  [ 0  0  0  0  0  0  0  0  0  1 ]  [ 0  0  0  0  0  0  0  0  1  0 ]  [ 0  0  0  1  0  0  0  0  0  0 ]  [ 0  0  1  0  0  0  0  0  0  0 ]  [ 0  0  0  0  0  0  0  0  0  1 ]  [ 0  0  0  0  0  0  1  0  0  0 ]  [ 0  0  0  1  0  0  0  0  0  0 ]  [ 0  0  0  0  0  0  0  0  1  0 ]  [ 0  0  0  0  0  0  1  0  0  0 ]  [ 0  0  0  0  0  0  1  0  0  0 ]  [ 0  0  1  0  0  0  0  0  0  0 ]  [ 0  0  0  1  0  0  0  0  0  0 ]  [ 0  0  0  0  0  0  1  0  0  0 ]  [ 0  0  1  0  0  0  0  0  0  0 ]  [ 0  0  0  0  0  0  0  0  0  1 ]  [ 0  0  0  0  0  0  1  0  0  0 ]  [ 0  0  0  0  0  0  0  0  1  0 ]  [ 0  0  0  0  0  0  0  0  1  0 ]  [ 0  0  0  0  0  0  0  0  1  0 ]  [ 0  0  0  0  0  0  0  0  1  0 ]  [ 0  0  0  0  0  0  0  0  1  0 ]  [ 0  0  0  1  0  0  0  0  0  0 ]  [ 0  0  0  0  0  0  0  0  0  1 ]  [ 0  0  1  0  0  0  0  0  0  0 ]  [ 0  0  0  0  0  0  0  0  0  1 ]  [ 0  0  0  0  0  0  0  0  0  1 ]  [ 0  0  0  0  0  0  0  0  0  1 ]  [ 0  0  1  0  0  0  0  0  0  0 ]  [ 0  0  1  0  0  0  0  0  0  0 ]  [ 0  0  0  0  0  0  0  0  0  1 ]  [ 0  0  0  0  0  0  1  0  0  0 ]  [ 0  0  0  1  0  0  0  0  0  0 ]  [ 0  0  0  0  0  0  0  0  0  1 ]  [ 0  0  1  0  0  0  0  0  0  0 ]  [ 0  0  0  0  0  0  1  0  0  0 ]  [ 0  0  0  0  0  0  1  0  0  0 ]  [ 0  0  1  0  0  0  0  0  0  0 ]  [ 0  0  0  1  0  0  0  0  0  0 ]  [ 0  0  0  0  0  0  0  0  1  0 ]  [ 0  0  0  0  0  0  0  0  0  1 ]  [ 0  0  1  0  0  0  0  0  0  0 ]  [ 0  0  0  0  0  0  1  0  0  0 ]  [ 0  0  1  0  0  0  0  0  0  0 ]  [ 0  0  0  0  0  0  0  0  0  1 ]  [ 0  0  1  0  0  0  0  0  0  0 ]  [ 0  0  1  0  0  0  0  0  0  0 ]  [ 0  0  0  1  0  0  0  0  0  0 ]  [ 0  0  0  0  0  0  0  0  1  0 ]  [ 0  0  0  1  0  0  0  0  0  0 ]  [ 0  0  1  0  0  0  0  0  0  0 ]  [ 0  0  0  0  0  0  0  0  1  0 ]  [ 0  0  0  0  0  0  0  0  0  1 ]  [ 0  0  0  0  0  0  0  0  0  1 ]  [ 0  0  0  1  0  0  0  0  0  0 ]  [ 0  0  0  0  0  0  1  0  0  0 ]  [ 0  0  0  1  0  0  0  0  0  0 ]  [ 0  0  0  0  0  0  1  0  0  0 ]  [ 0  0  0  1  0  0  0  0  0  0 ]  [ 0  0  0  1  0  0  0  0  0  0 ]  [ 0  0  0  0  0  0  0  0  1  0 ]  [ 0  0  0  0  0  0  0  0  0  1 ]  [ 0  0  0  0  0  0  1  0  0  0 ]  [ 0  0  1  0  0  0  0  0  0  0 ]  [ 0  0  0  0  0  0  0  0  1  0 ]  [ 0  0  0  0  0  0  1  0  0  0 ]  [ 0  0  0  0  0  0  0  0  0  1 ]  [ 0  0  0  0  0  0  0  0  1  0 ]  [ 0  0  0  0  0  0  0  0  0  1 ]  [ 0  0  0  0  0  0  0  0  1  0 ]  [ 0  0  0  0  0  0  1  0  0  0 ]  [ 0  0  0  0  0  0  0  0  0  1 ]  [ 0  0  0  0  0  0  0  0  0  1 ]  [ 0  0  0  1  0  0  0  0  0  0 ]  [ 0  0  1  0  0  0  0  0  0  0 ]  [ 0  0  0  1  0  0  0  0  0  0 ]  [ 0  0  0  0  0  0  1  0  0  0 ]  [ 0  0  1  0  0  0  0  0  0  0 ]  [ 0  0  0  1  0  0  0  0  0  0 ]  [ 0  0  0  0  0  0  1  0  0  0 ]  [ 0  0  1  0  0  0  0  0  0  0 ]  [ 0  0  0  0  0  0  0  0  0  1 ]  [ 0  0  0  0  0  0  0  0  1  0 ]  [ 0  0  0  1  0  0  0  0  0  0 ]  [ 0  0  0  1  0  0  0  0  0  0 ]  [ 0  0  0  1  0  0  0  0  0  0 ]  [ 0  0  0  1  0  0  0  0  0  0 ]  [ 0  0  0  0  0  0  0  0  1  0 ]  [ 0  0  0  0  0  0  1  0  0  0 ]  [ 0  0  0  0  0  0  1  0  0  0 ]  [ 0  0  1  0  0  0  0  0  0  0 ]  [ 0  0  0  0  0  0  0  0  0  1 ]  [ 0  0  0  1  0  0  0  0  0  0 ]  [ 0  0  0  1  0  0  0  0  0  0 ]  [ 0  0  1  0  0  0  0  0  0  0 ]  [ 0  0  0  0  0  0  0  0  0  1 ]  [ 0  0  0  0  0  0  1  0  0  0 ]  [ 0  0  0  0  0  0  0  0  0  1 ]  [ 0  0  0  0  0  0  0  0  0  1 ]  [ 0  0  0  0  0  0  0  0  0  1 ]  [ 0  0  0  0  0  0  0  0  0  1 ]  [ 0  0  0  0  0  0  0  0  0  1 ]  [ 0  0  0  0  0  0  0  0  0  1 ]  [ 0  0  0  0  0  0  0  0  0  1 ]  [ 0  0  1  0  0  0  0  0  0  0 ]  [ 0  0  0  0  0  0  1  0  0  0 ]  [ 0  0  0  0  0  0  1  0  0  0 ]  [ 0  0  0  0  0  0  0  0  0  1 ]  [ 0  0  0  0  0  0  0  0  1  0 ]  [ 0  0  0  0  0  0  0  0  1  0 ]  [ 0  0  0  0  0  0  0  0  1  0 ]  [ 0  0  0  1  0  0  0  0  0  0 ]  [ 0  0  0  0  0  0  0  0  0  1 ]  [ 0  0  0  0  0  0  0  0  1  0 ]  [ 0  0  0  0  0  0  1  0  0  0 ]  [ 0  0  0  0  0  0  1  0  0  0 ]  [ 0  0  0  0  0  0  0  0  0  1 ]  [ 0  0  0  0  0  0  1  0  0  0 ]  [ 0  0  1  0  0  0  0  0  0  0 ]  [ 0  0  1  0  0  0  0  0  0  0 ]  [ 0  0  0  0  0  0  0  0  1  0 ]  [ 0  0  0  0  0  0  1  0  0  0 ]  [ 0  0  0  0  0  0  0  0  0  1 ]  [ 0  0  1  0  0  0  0  0  0  0 ]  [ 0  0  0  0  0  0  1  0  0  0 ]  [ 0  0  0  0  0  0  0  0  1  0 ]  [ 0  0  1  0  0  0  0  0  0  0 ]  [ 0  0  1  0  0  0  0  0  0  0 ]  [ 0  0  0  0  0  0  1  0  0  0 ]  [ 0  0  0  1  0  0  0  0  0  0 ]  [ 0  0  1  0  0  0  0  0  0  0 ]  [ 0  0  0  1  0  0  0  0  0  0 ]  [ 0  0  0  0  0  0  0  0  1  0 ]  [ 0  0  0  0  0  0  1  0  0  0 ]  [ 0  0  1  0  0  0  0  0  0  0 ]  [ 0  0  1  0  0  0  0  0  0  0 ]  [ 0  0  0  0  0  0  0  0  0  1 ]  [ 0  0  0  0  0  0  0  0  1  0 ]  [ 0  0  1  0  0  0  0  0  0  0 ]  [ 0  0  0  0  0  0  0  0  0  1 ]  [ 0  0  1  0  0  0  0  0  0  0 ]  [ 0  0  0  1  0  0  0  0  0  0 ]  [ 0  0  0  0  0  0  0  0  0  1 ]  [ 0  0  0  0  0  0  0  0  1  0 ]  [ 0  0  0  1  0  0  0  0  0  0 ]  [ 0  0  0  0  0  0  0  0  0  1 ]  [ 0  0  0  0  0  0  1  0  0  0 ]  [ 0  0  0  0  0  0  0  0  0  1 ]  [ 0  0  0  0  0  0  0  0  0  1 ]  [ 0  0  0  0  0  0  1  0  0  0 ]  [ 0  0  0  0  0  0  0  0  1  0 ]  [ 0  0  0  0  0  0  1  0  0  0 ]  [ 0  0  0  0  0  0  0  0  0  1 ]  [ 0  0  0  0  0  0  0  0  1  0 ]  [ 0  0  0  0  0  0  0  0  1  0 ]  [ 0  0  0  0  0  0  0  0  0  1 ]  [ 0  0  0  0  0  0  0  0  0  1 ]  [ 0  0  0  1  0  0  0  0  0  0 ]  [ 0  0  0  1  0  0  0  0  0  0 ]  [ 0  0  0  0  0  0  0  0  1  0 ]  [ 0  0  0  0  0  0  0  0  1  0 ]  [ 0  0  0  0  0  0  1  0  0  0 ]  [ 0  0  0  0  0  0  1  0  0  0 ]  [ 0  0  0  0  0  0  1  0  0  0 ]  [ 0  0  0  0  0  0  0  0  0  1 ]  [ 0  0  0  0  0  0  0  0  1  0 ]  [ 0  0  0  0  0  0  1  0  0  0 ]  [ 0  0  1  0  0  0  0  0  0  0 ]  [ 0  0  0  0  0  0  0  0  0  1 ]  [ 0  0  0  0  0  0  1  0  0  0 ]  [ 0  0  1  0  0  0  0  0  0  0 ]  [ 0  0  0  1  0  0  0  0  0  0 ]  [ 0  0  0  0  0  0  0  0  1  0 ]  [ 0  0  1  0  0  0  0  0  0  0 ]  [ 0  0  1  0  0  0  0  0  0  0 ]  [ 0  0  0  1  0  0  0  0  0  0 ]  [ 0  0  0  0  0  0  0  0  0  1 ]  [ 0  0  0  0  0  0  0  0  1  0 ]  [ 0  0  0  0  0  0  0  0  0  1 ]  [ 0  0  0  0  0  0  1  0  0  0 ]  [ 0  0  0  0  0  0  1  0  0  0 ]  [ 0  0  0  0  0  0  1  0  0  0 ]  [ 0  0  0  0  0  0  1  0  0  0 ]  [ 0  0  0  0  0  0  1  0  0  0 ]  [ 0  0  0  0  0  0  0  0  0  1 ]  [ 0  0  0  0  0  0  0  0  0  1 ]  [ 0  0  0  0  0  0  1  0  0  0 ]  [ 0  0  0  0  0  0  0  0  1  0 ]  [ 0  0  0  1  0  0  0  0  0  0 ]  [ 0  0  0  1  0  0  0  0  0  0 ]  [ 0  0  0  0  0  0  1  0  0  0 ]  [ 0  0  0  0  0  0  1  0  0  0 ]  [ 0  0  0  0  0  0  1  0  0  0 ]  [ 0  0  0  0  0  0  0  0  0  1 ]  [ 0  0  1  0  0  0  0  0  0  0 ]  [ 0  0  0  0  0  0  0  0  1  0 ]  [ 0  0  0  0  0  0  0  0  0  1 ]  [ 0  0  0  0  0  0  0  0  1  0 ]  [ 0  0  0  0  0  0  1  0  0  0 ]  [ 0  0  0  1  0  0  0  0  0  0 ]  [ 0  0  0  0  0  0  1  0  0  0 ]  [ 0  0  0  0  0  0  0  0  0  1 ]  [ 0  0  0  0  0  0  0  0  0  1 ]  [ 0  0  0  0  0  0  0  0  1  0 ]  [ 0  0  0  0  0  0  0  0  0  1 ]  [ 0  0  0  0  0  0  0  0  0  1 ]  [ 0  0  0  0  0  0  0  0  0  1 ]  [ 0  0  0  1  0  0  0  0  0  0 ]  [ 0  0  0  0  0  0  1  0  0  0 ]  [ 0  0  0  0  0  0  0  0  1  0 ]  [ 0  0  0  1  0  0  0  0  0  0 ]  [ 0  0  0  0  0  0  0  0  1  0 ]  [ 0  0  0  0  0  0  1  0  0  0 ]  [ 0  0  0  1  0  0  0  0  0  0 ]  [ 0  0  0  0  0  0  1  0  0  0 ]  [ 0  0  1  0  0  0  0  0  0  0 ]  [ 0  0  0  1  0  0  0  0  0  0 ]  [ 0  0  0  0  0  0  1  0  0  0 ]  [ 0  0  1  0  0  0  0  0  0  0 ]  [ 0  0  1  0  0  0  0  0  0  0 ]  [ 0  0  0  1  0  0  0  0  0  0 ]  [ 0  0  0  0  0  0  0  0  0  1 ]  [ 0  0  0  0  0  0  1  0  0  0 ]  [ 0  0  0  1  0  0  0  0  0  0 ]  [ 0  0  0  0  0  0  0  0  0  1 ]  [ 0  0  0  1  0  0  0  0  0  0 ]  [ 0  0  0  0  0  0  1  0  0  0 ]  [ 0  0  0  0  0  0  0  0  1  0 ]  [ 0  0  0  0  0  0  0  0  1  0 ]  [ 0  0  0  0  0  0  1  0  0  0 ]  [ 0  0  0  0  0  0  0  0  1  0 ]  [ 0  0  0  0  0  0  1  0  0  0 ]  [ 0  0  0  0  0  0  0  0  1  0 ]  [ 0  0  0  0  0  0  1  0  0  0 ]  [ 0  0  0  0  0  0  0  0  0  1 ]  [ 0  0  0  0  0  0  0  0  1  0 ]  [ 0  0  1  0  0  0  0  0  0  0 ]  [ 0  0  1  0  0  0  0  0  0  0 ]  [ 0  0  0  0  0  0  0  0  0  1 ]  [ 0  0  0  1  0  0  0  0  0  0 ]  [ 0  0  1  0  0  0  0  0  0  0 ]  [ 0  0  0  1  0  0  0  0  0  0 ]  [ 0  0  0  0  0  0  1  0  0  0 ]  [ 0  0  0  0  0  0  0  0  0  1 ]  [ 0  0  0  1  0  0  0  0  0  0 ]  [ 0  0  0  0  0  0  0  0  1  0 ]  [ 0  0  0  0  0  0  0  0  0  1 ]  [ 0  0  1  0  0  0  0  0  0  0 ]  [ 0  0  0  0  0  0  0  0  1  0 ]  [ 0  0  0  0  0  0  0  0  0  1 ]  [ 0  0  0  0  0  0  1  0  0  0 ]  [ 0  0  0  0  0  0  1  0  0  0 ]  [ 0  0  0  1  0  0  0  0  0  0 ]  [ 0  0  0  0  0  0  0  0  0  1 ]  [ 0  0  0  0  0  0  0  0  0  1 ]  [ 0  0  1  0  0  0  0  0  0  0 ]  [ 0  0  0  0  0  0  1  0  0  0 ]  [ 0  0  0  0  0  0  1  0  0  0 ]  [ 0  0  0  0  0  0  0  0  1  0 ]  [ 0  0  1  0  0  0  0  0  0  0 ]  [ 0  0  0  1  0  0  0  0  0  0 ]  [ 0  0  0  1  0  0  0  0  0  0 ]  [ 0  0  0  0  0  0  1  0  0  0 ]  [ 0  0  0  0  0  0  0  0  1  0 ]  [ 0  0  0  0  0  0  0  0  0  1 ]  [ 0  0  0  0  0  0  0  0  1  0 ]  [ 0  0  0  0  0  0  0  0  1  0 ]  [ 0  0  1  0  0  0  0  0  0  0 ]  [ 0  0  0  1  0  0  0  0  0  0 ]  [ 0  0  0  0  0  0  0  0  1  0 ]  [ 0  0  0  1  0  0  0  0  0  0 ]  [ 0  0  0  0  0  0  1  0  0  0 ]  [ 0  0  0  0  0  0  0  0  0  1 ]  [ 0  0  1  0  0  0  0  0  0  0 ]  [ 0  0  0  0  0  0  0  0  0  1 ]  [ 0  0  1  0  0  0  0  0  0  0 ]  [ 0  0  0  1  0  0  0  0  0  0 ]  [ 0  0  0  0  0  0  0  0  0  1 ]  [ 0  0  0  1  0  0  0  0  0  0 ]  [ 0  0  0  0  0  0  1  0  0  0 ]  [ 0  0  0  0  0  0  1  0  0  0 ]  [ 0  0  0  0  0  0  0  0  0  1 ]  [ 0  0  0  0  0  0  0  0  0  1 ]  [ 0  0  0  1  0  0  0  0  0  0 ]  [ 0  0  0  0  0  0  1  0  0  0 ]  [ 0  0  0  0  0  0  0  0  0  1 ]  [ 0  0  0  0  0  0  1  0  0  0 ]  [ 0  0  0  1  0  0  0  0  0  0 ]  [ 0  0  0  0  0  0  0  0  1  0 ]  [ 0  0  0  1  0  0  0  0  0  0 ]  [ 0  0  0  0  0  0  1  0  0  0 ]  [ 0  0  1  0  0  0  0  0  0  0 ]  [ 0  0  0  0  0  0  0  0  0  1 ]  [ 0  0  0  0  0  0  0  0  1  0 ]  [ 0  0  0  0  0  0  0  0  0  1 ]  [ 0  0  0  0  0  0  0  0  0  1 ]  [ 0  0  0  1  0  0  0  0  0  0 ]  [ 0  0  0  0  0  0  1  0  0  0 ]  [ 0  0  0  0  0  0  1  0  0  0 ]  [ 0  0  0  0  0  0  0  0  1  0 ]  [ 0  0  0  0  0  0  0  0  0  1 ]  [ 0  0  0  1  0  0  0  0  0  0 ]  [ 0  0  0  1  0  0  0  0  0  0 ]  [ 0  0  0  0  0  0  0  0  1  0 ] ];

ObjRequests = {  <1,3,50>, <2,3,18>, <3,3,22>, <4,3,9>, <5,3,46>, <6,3,52>, <7,3,15>, <8,3,82>, <9,3,13>, <10,3,5>, <11,3,68>, <12,3,4>, <13,3,14>, <14,3,13>, <15,3,11>, <16,3,3>, <17,3,0>, <18,3,1>, <19,3,2>, <20,3,14>, <21,3,8>, <22,3,1>, <23,3,15>, <24,3,8>, <25,3,4>, <26,3,1>, <27,3,5>, <28,3,6>, <29,3,6>, <30,3,9>, <31,3,5>, <32,3,8>, <33,3,11>, <34,3,19>, <35,3,0>, <36,3,0>, <37,3,18>, <38,3,2>, <39,3,3>, <40,3,7>, <41,3,13>, <42,3,15>, <43,3,8>, <44,3,3>, <45,3,3>, <46,3,5>, <47,3,1>, <48,3,2>, <49,3,0>, <50,3,4>, <51,3,0>, <52,3,14>, <53,3,2>, <54,3,12>, <55,3,4>, <56,3,0>, <57,3,4>, <58,3,4>, <59,3,2>, <60,3,1>, <61,3,0>, <62,3,6>, <63,3,6>, <64,3,1>, <65,3,1>, <66,3,13>, <67,3,2>, <68,3,0>, <69,3,2>, <70,3,2>, <71,3,2>, <72,3,2>, <73,3,0>, <74,3,0>, <75,3,2>, <76,3,4>, <77,3,1>, <78,3,2>, <79,3,4>, <80,3,3>, <81,3,1>, <82,3,2>, <83,3,2>, <84,3,4>, <85,3,3>, <86,3,1>, <87,3,1>, <88,3,0>, <89,3,8>, <90,3,3>, <91,3,1>, <92,3,1>, <93,3,3>, <94,3,4>, <95,3,1>, <96,3,10>, <97,3,0>, <98,3,0>, <99,3,2>, <100,3,3>, <101,3,1>, <102,3,3>, <103,3,1>, <104,3,1>, <105,3,3>, <106,3,6>, <107,3,1>, <108,3,2>, <109,3,1>, <110,3,3>, <111,3,1>, <112,3,7>, <113,3,3>, <114,3,1>, <115,3,0>, <116,3,0>, <117,3,1>, <118,3,0>, <119,3,1>, <120,3,3>, <121,3,1>, <122,3,2>, <123,3,0>, <124,3,0>, <125,3,1>, <126,3,3>, <127,3,1>, <128,3,4>, <129,3,2>, <130,3,0>, <131,3,2>, <132,3,0>, <133,3,1>, <134,3,1>, <135,3,0>, <136,3,1>, <137,3,1>, <138,3,1>, <139,3,0>, <140,3,2>, <141,3,1>, <142,3,1>, <143,3,3>, <144,3,2>, <145,3,0>, <146,3,2>, <147,3,1>, <148,3,0>, <149,3,0>, <150,3,0>, <151,3,2>, <152,3,5>, <153,3,0>, <154,3,1>, <155,3,4>, <156,3,1>, <157,3,0>, <158,3,2>, <159,3,0>, <160,3,4>, <161,3,1>, <162,3,1>, <163,3,1>, <164,3,3>, <165,3,1>, <166,3,2>, <167,3,0>, <168,3,2>, <169,3,1>, <170,3,0>, <171,3,1>, <172,3,1>, <173,3,0>, <174,3,4>, <175,3,0>, <176,3,3>, <177,3,0>, <178,3,0>, <179,3,0>, <180,3,2>, <181,3,2>, <182,3,1>, <183,3,1>, <184,3,2>, <185,3,0>, <186,3,2>, <187,3,0>, <188,3,0>, <189,3,1>, <190,3,2>, <191,3,1>, <192,3,0>, <193,3,1>, <194,3,1>, <195,3,1>, <196,3,0>, <197,3,0>, <198,3,1>, <199,3,3>, <200,3,2>, <201,3,1>, <202,3,3>, <203,3,1>, <204,3,1>, <205,3,1>, <206,3,0>, <207,3,2>, <208,3,1>, <209,3,1>, <210,3,0>, <211,3,1>, <212,3,0>, <213,3,1>, <214,3,0>, <215,3,1>, <216,3,2>, <217,3,1>, <218,3,1>, <219,3,3>, <220,3,1>, <221,3,0>, <222,3,0>, <223,3,1>, <224,3,0>, <225,3,2>, <226,3,0>, <227,3,1>, <228,3,1>, <229,3,1>, <230,3,0>, <231,3,0>, <232,3,0>, <233,3,2>, <234,3,0>, <235,3,1>, <236,3,0>, <237,3,1>, <238,3,1>, <239,3,0>, <240,3,2>, <241,3,0>, <242,3,0>, <243,3,0>, <244,3,0>, <245,3,0>, <246,3,0>, <247,3,1>, <248,3,0>, <249,3,0>, <250,3,1>, <251,3,0>, <252,3,0>, <253,3,1>, <254,3,1>, <255,3,1>, <256,3,0>, <257,3,0>, <258,3,1>, <259,3,0>, <260,3,0>, <261,3,3>, <262,3,1>, <263,3,3>, <264,3,0>, <265,3,0>, <266,3,2>, <267,3,0>, <268,3,0>, <269,3,0>, <270,3,0>, <271,3,2>, <272,3,0>, <273,3,1>, <274,3,0>, <275,3,0>, <276,3,2>, <277,3,1>, <278,3,1>, <279,3,0>, <280,3,1>, <281,3,0>, <282,3,1>, <283,3,0>, <284,3,0>, <285,3,1>, <286,3,0>, <287,3,1>, <288,3,1>, <289,3,2>, <290,3,1>, <291,3,1>, <292,3,0>, <293,3,2>, <294,3,1>, <295,3,0>, <296,3,1>, <297,3,1>, <298,3,0>, <299,3,0>, <300,3,0>, <301,3,0>, <302,3,1>, <303,3,2>, <304,3,0>, <305,3,1>, <306,3,2>, <307,3,2>, <308,3,0>, <309,3,0>, <310,3,1>, <311,3,1>, <312,3,1>, <313,3,1>, <314,3,0>, <315,3,0>, <316,3,1>, <317,3,1>, <318,3,1>, <319,3,0>, <320,3,1>, <321,3,1>, <322,3,0>, <323,3,1>, <324,3,0>, <325,3,1>, <326,3,1>, <327,3,0>, <328,3,1>, <329,3,0>, <330,3,0>, <331,3,1>, <332,3,3>, <333,3,1>, <334,3,1>, <335,3,0>, <336,3,0>, <337,3,1>, <338,3,0>, <339,3,0>, <340,3,2>, <341,3,0>, <342,3,0>, <343,3,0>, <344,3,0>, <345,3,2>, <346,3,0>, <347,3,2>, <348,3,1>, <349,3,1>, <350,3,1>, <351,3,0>, <352,3,1>, <353,3,0>, <354,3,0>, <355,3,0>, <356,3,0>, <357,3,0>, <358,3,0>, <359,3,1>, <360,3,0>, <361,3,1>, <362,3,0>, <363,3,0>, <364,3,0>, <365,3,0>, <366,3,1>, <367,3,1>, <368,3,0>, <369,3,1>, <370,3,0>, <371,3,0>, <372,3,0>, <373,3,0>, <374,3,0>, <375,3,0>, <376,3,0>, <377,3,0>, <378,3,1>, <379,3,0>, <380,3,0>, <381,3,0>, <382,3,1>, <383,3,1>, <384,3,1>, <385,3,0>, <386,3,1>, <387,3,0>, <388,3,0>, <389,3,0>, <390,3,1>, <391,3,0>, <392,3,1>, <393,3,0>, <394,3,0>, <395,3,1>, <396,3,0>, <397,3,1>, <398,3,1>, <399,3,0>, <400,3,1>, <401,3,1>, <402,3,1>, <403,3,0>, <404,3,0>, <405,3,0>, <406,3,0>, <407,3,1>, <408,3,3>, <409,3,0>, <410,3,0>, <411,3,0>, <412,3,0>, <413,3,0>, <414,3,1>, <415,3,1>, <416,3,0>, <417,3,0>, <418,3,0>, <419,3,1>, <420,3,0>, <421,3,1>, <422,3,0>, <423,3,0>, <424,3,0>, <425,3,2>, <426,3,0>, <427,3,1>, <428,3,0>, <429,3,1>, <430,3,1>, <431,3,0>, <432,3,0>, <433,3,2>, <434,3,0>, <435,3,0>, <436,3,0>, <437,3,0>, <438,3,0>, <439,3,0>, <440,3,1>, <441,3,0>, <442,3,0>, <443,3,0>, <444,3,0>, <445,3,0>, <446,3,0>, <447,3,0>, <448,3,0>, <449,3,0>, <450,3,0>, <451,3,1>, <452,3,1>, <453,3,1>, <454,3,0>, <455,3,1>, <456,3,0>, <457,3,0>, <458,3,0>, <459,3,0>, <460,3,0>, <461,3,0>, <462,3,0>, <463,3,0>, <464,3,2>, <465,3,0>, <466,3,0>, <467,3,1>, <468,3,1>, <469,3,2>, <470,3,0>, <471,3,0>, <472,3,0>, <473,3,0>, <474,3,0>, <475,3,0>, <476,3,0>, <477,3,3>, <478,3,1>, <479,3,0>, <480,3,0>, <481,3,0>, <482,3,0>, <483,3,0>, <484,3,1>, <485,3,0>, <486,3,0>, <487,3,0>, <488,3,0>, <489,3,0>, <490,3,0>, <491,3,0>, <492,3,0>, <493,3,0>, <494,3,0>, <495,3,1>, <496,3,1>, <497,3,0>, <498,3,0>, <499,3,1>, <500,3,0>, <501,3,0>, <502,3,0>, <503,3,0>, <504,3,1>, <505,3,0>, <506,3,2>, <507,3,1>, <508,3,0>, <509,3,3>, <510,3,0>, <511,3,0>, <512,3,2>, <513,3,2>, <514,3,0>, <515,3,1>, <516,3,0>, <517,3,1>, <518,3,0>, <519,3,0>, <520,3,2>, <521,3,1>, <522,3,0>, <523,3,1>, <524,3,1>, <525,3,0>, <526,3,0>, <527,3,1>, <528,3,0>, <529,3,0>, <530,3,0>, <531,3,0>, <532,3,1>, <533,3,0>, <534,3,1>, <535,3,0>, <536,3,0>, <537,3,1>, <538,3,0>, <539,3,0>, <540,3,0>, <541,3,0>, <542,3,0>, <543,3,1>, <544,3,0>, <545,3,0>, <546,3,0>, <547,3,0>, <548,3,2>, <549,3,0>, <550,3,0>, <551,3,0>, <552,3,0>, <553,3,0>, <554,3,0>, <555,3,1>, <556,3,0>, <557,3,0>, <558,3,0>, <559,3,0>, <560,3,0>, <561,3,0>, <562,3,1>, <563,3,2>, <564,3,0>, <565,3,0>, <566,3,0>, <567,3,0>, <568,3,1>, <569,3,1>, <570,3,0>, <571,3,0>, <572,3,0>, <573,3,1>, <574,3,1>, <575,3,0>, <576,3,0>, <577,3,0>, <578,3,0>, <579,3,0>, <580,3,0>, <581,3,0>, <582,3,2>, <583,3,2>, <584,3,1>, <585,3,0>, <586,3,0>, <587,3,0>, <588,3,0>, <589,3,1>, <590,3,0>, <591,3,0>, <592,3,0>, <593,3,0>, <594,3,0>, <595,3,0>, <596,3,1>, <597,3,0>, <598,3,0>, <599,3,0>, <600,3,0>, <601,3,1>, <602,3,0>, <603,3,0>, <604,3,0>, <605,3,1>, <606,3,0>, <607,3,0>, <608,3,0>, <609,3,0>, <610,3,0>, <611,3,0>, <612,3,0>, <613,3,2>, <614,3,0>, <615,3,0>, <616,3,0>, <617,3,0>, <618,3,0>, <619,3,0>, <620,3,0>, <621,3,1>, <622,3,0>, <623,3,1>, <624,3,0>, <625,3,0>, <626,3,0>, <627,3,1>, <628,3,1>, <629,3,0>, <630,3,0>, <631,3,0>, <632,3,0>, <633,3,0>, <634,3,0>, <635,3,0>, <636,3,0>, <637,3,0>, <638,3,0>, <639,3,0>, <640,3,1>, <641,3,0>, <642,3,0>, <643,3,0>, <644,3,0>, <645,3,0>, <646,3,0>, <647,3,1>, <648,3,0>, <649,3,1>, <650,3,1>, <651,3,0>, <652,3,1>, <653,3,0>, <654,3,0>, <655,3,1>, <656,3,0>, <657,3,0>, <658,3,0>, <659,3,0>, <660,3,0>, <661,3,0>, <662,3,0>, <663,3,0>, <664,3,0>, <665,3,0>, <666,3,0>, <667,3,0>, <668,3,0>, <669,3,0>, <670,3,0>, <671,3,1>, <672,3,0>, <673,3,1>, <674,3,0>, <675,3,0>, <676,3,0>, <677,3,1>, <678,3,0>, <679,3,1>, <680,3,0>, <681,3,0>, <682,3,1>, <683,3,0>, <684,3,0>, <685,3,0>, <686,3,0>, <687,3,0>, <688,3,0>, <689,3,0>, <690,3,0>, <691,3,0>, <692,3,1>, <693,3,0>, <694,3,0>, <695,3,0>, <696,3,2>, <697,3,0>, <698,3,0>, <699,3,0>, <700,3,1>, <701,3,0>, <702,3,0>, <703,3,0>, <704,3,0>, <705,3,0>, <706,3,0>, <707,3,0>, <708,3,0>, <709,3,0>, <710,3,1>, <711,3,0>, <712,3,1>, <713,3,1>, <714,3,0>, <715,3,0>, <716,3,0>, <717,3,1>, <718,3,0>, <719,3,0>, <720,3,0>, <721,3,0>, <722,3,0>, <723,3,0>, <724,3,1>, <725,3,0>, <726,3,0>, <727,3,1>, <728,3,0>, <729,3,0>, <730,3,0>, <731,3,0>, <732,3,0>, <733,3,0>, <734,3,0>, <735,3,0>, <736,3,0>, <737,3,0>, <738,3,0>, <739,3,0>, <740,3,0>, <741,3,0>, <742,3,0>, <743,3,0>, <744,3,1>, <745,3,0>, <746,3,0>, <747,3,0>, <748,3,0>, <749,3,0>, <750,3,0>, <751,3,0>, <752,3,1>, <753,3,0>, <754,3,1>, <755,3,1>, <756,3,0>, <757,3,0>, <758,3,0>, <759,3,0>, <760,3,0>, <761,3,0>, <762,3,0>, <763,3,0>, <764,3,0>, <765,3,0>, <766,3,0>, <767,3,0>, <768,3,0>, <769,3,1>, <770,3,0>, <771,3,0>, <772,3,0>, <773,3,1>, <774,3,0>, <775,3,0>, <776,3,1>, <777,3,0>, <778,3,0>, <779,3,1>, <780,3,0>, <781,3,0>, <782,3,0>, <783,3,0>, <784,3,0>, <785,3,1>, <786,3,0>, <787,3,0>, <788,3,0>, <789,3,1>, <790,3,0>, <791,3,0>, <792,3,0>, <793,3,0>, <794,3,0>, <795,3,0>, <796,3,0>, <797,3,0>, <798,3,2>, <799,3,2>, <800,3,0>, <801,3,0>, <802,3,0>, <803,3,1>, <804,3,0>, <805,3,0>, <806,3,0>, <807,3,0>, <808,3,1>, <809,3,0>, <810,3,0>, <811,3,0>, <812,3,1>, <813,3,0>, <814,3,0>, <815,3,0>, <816,3,0>, <817,3,0>, <818,3,2>, <819,3,1>, <820,3,0>, <821,3,0>, <822,3,2>, <823,3,0>, <824,3,0>, <825,3,0>, <826,3,1>, <827,3,0>, <828,3,0>, <829,3,0>, <830,3,0>, <831,3,0>, <832,3,0>, <833,3,0>, <834,3,1>, <835,3,0>, <836,3,0>, <837,3,0>, <838,3,0>, <839,3,0>, <840,3,0>, <841,3,1>, <842,3,0>, <843,3,0>, <844,3,0>, <845,3,0>, <846,3,0>, <847,3,0>, <848,3,1>, <849,3,0>, <850,3,0>, <851,3,0>, <852,3,0>, <853,3,0>, <854,3,0>, <855,3,1>, <856,3,0>, <857,3,0>, <858,3,0>, <859,3,0>, <860,3,0>, <861,3,0>, <862,3,0>, <863,3,1>, <864,3,0>, <865,3,0>, <866,3,0>, <867,3,0>, <868,3,0>, <869,3,1>, <870,3,0>, <871,3,0>, <872,3,0>, <873,3,0>, <874,3,0>, <875,3,2>, <876,3,0>, <877,3,0>, <878,3,0>, <879,3,0>, <880,3,0>, <881,3,1>, <882,3,1>, <883,3,0>, <884,3,0>, <885,3,0>, <886,3,1>, <887,3,0>, <888,3,0>, <889,3,0>, <890,3,0>, <891,3,0>, <892,3,0>, <893,3,0>, <894,3,1>, <895,3,1>, <896,3,0>, <897,3,0>, <898,3,1>, <899,3,0>, <900,3,1>, <901,3,0>, <902,3,0>, <903,3,0>, <904,3,0>, <905,3,0>, <906,3,0>, <907,3,0>, <908,3,0>, <909,3,0>, <910,3,0>, <911,3,0>, <912,3,0>, <913,3,0>, <914,3,0>, <915,3,0>, <916,3,1>, <917,3,0>, <918,3,0>, <919,3,0>, <920,3,0>, <921,3,0>, <922,3,1>, <923,3,0>, <924,3,0>, <925,3,0>, <926,3,1>, <927,3,0>, <928,3,1>, <929,3,0>, <930,3,0>, <931,3,1>, <932,3,0>, <933,3,1>, <934,3,0>, <935,3,0>, <936,3,0>, <937,3,0>, <938,3,2>, <939,3,1>, <940,3,0>, <941,3,0>, <942,3,0>, <943,3,0>, <944,3,0>, <945,3,0>, <946,3,0>, <947,3,0>, <948,3,0>, <949,3,0>, <950,3,0>, <951,3,2>, <952,3,1>, <953,3,0>, <954,3,0>, <955,3,0>, <956,3,0>, <957,3,0>, <958,3,0>, <959,3,0>, <960,3,0>, <961,3,0>, <962,3,0>, <963,3,0>, <964,3,0>, <965,3,0>, <966,3,1>, <967,3,0>, <968,3,1>, <969,3,0>, <970,3,0>, <971,3,0>, <972,3,0>, <973,3,0>, <974,3,0>, <975,3,0>, <976,3,0>, <977,3,0>, <978,3,0>, <979,3,0>, <980,3,0>, <981,3,0>, <982,3,1>, <983,3,0>, <984,3,1>, <985,3,0>, <986,3,0>, <987,3,0>, <988,3,0>, <989,3,0>, <990,3,0>, <991,3,0>, <992,3,1>, <993,3,0>, <994,3,0>, <995,3,0>, <996,3,1>, <997,3,0>, <998,3,0>, <999,3,0>, <1000,3,0>, <1,4,120>, <2,4,97>, <3,4,33>, <4,4,98>, <5,4,73>, <6,4,2>, <7,4,40>, <8,4,5>, <9,4,20>, <10,4,18>, <11,4,21>, <12,4,57>, <13,4,23>, <14,4,3>, <15,4,4>, <16,4,0>, <17,4,8>, <18,4,1>, <19,4,21>, <20,4,11>, <21,4,12>, <22,4,23>, <23,4,2>, <24,4,1>, <25,4,5>, <26,4,14>, <27,4,17>, <28,4,7>, <29,4,7>, <30,4,17>, <31,4,6>, <32,4,5>, <33,4,2>, <34,4,0>, <35,4,5>, <36,4,18>, <37,4,5>, <38,4,12>, <39,4,0>, <40,4,5>, <41,4,3>, <42,4,5>, <43,4,2>, <44,4,6>, <45,4,9>, <46,4,5>, <47,4,7>, <48,4,12>, <49,4,7>, <50,4,2>, <51,4,0>, <52,4,6>, <53,4,3>, <54,4,1>, <55,4,3>, <56,4,0>, <57,4,12>, <58,4,3>, <59,4,4>, <60,4,6>, <61,4,2>, <62,4,2>, <63,4,1>, <64,4,3>, <65,4,1>, <66,4,5>, <67,4,7>, <68,4,8>, <69,4,8>, <70,4,2>, <71,4,10>, <72,4,1>, <73,4,2>, <74,4,3>, <75,4,1>, <76,4,4>, <77,4,2>, <78,4,1>, <79,4,1>, <80,4,4>, <81,4,3>, <82,4,1>, <83,4,2>, <84,4,0>, <85,4,4>, <86,4,2>, <87,4,3>, <88,4,4>, <89,4,1>, <90,4,0>, <91,4,5>, <92,4,4>, <93,4,5>, <94,4,1>, <95,4,2>, <96,4,1>, <97,4,5>, <98,4,3>, <99,4,3>, <100,4,1>, <101,4,2>, <102,4,2>, <103,4,0>, <104,4,2>, <105,4,1>, <106,4,4>, <107,4,3>, <108,4,3>, <109,4,0>, <110,4,1>, <111,4,0>, <112,4,1>, <113,4,0>, <114,4,2>, <115,4,0>, <116,4,2>, <117,4,0>, <118,4,6>, <119,4,3>, <120,4,1>, <121,4,6>, <122,4,3>, <123,4,1>, <124,4,0>, <125,4,2>, <126,4,1>, <127,4,2>, <128,4,4>, <129,4,0>, <130,4,1>, <131,4,1>, <132,4,0>, <133,4,1>, <134,4,1>, <135,4,1>, <136,4,3>, <137,4,0>, <138,4,0>, <139,4,1>, <140,4,0>, <141,4,0>, <142,4,1>, <143,4,2>, <144,4,1>, <145,4,2>, <146,4,1>, <147,4,0>, <148,4,5>, <149,4,2>, <150,4,5>, <151,4,1>, <152,4,0>, <153,4,1>, <154,4,2>, <155,4,0>, <156,4,2>, <157,4,1>, <158,4,1>, <159,4,3>, <160,4,2>, <161,4,1>, <162,4,0>, <163,4,4>, <164,4,1>, <165,4,2>, <166,4,0>, <167,4,1>, <168,4,1>, <169,4,3>, <170,4,3>, <171,4,2>, <172,4,3>, <173,4,1>, <174,4,2>, <175,4,0>, <176,4,1>, <177,4,0>, <178,4,0>, <179,4,1>, <180,4,1>, <181,4,0>, <182,4,2>, <183,4,1>, <184,4,1>, <185,4,0>, <186,4,1>, <187,4,1>, <188,4,2>, <189,4,0>, <190,4,1>, <191,4,1>, <192,4,1>, <193,4,1>, <194,4,0>, <195,4,0>, <196,4,2>, <197,4,1>, <198,4,0>, <199,4,0>, <200,4,0>, <201,4,2>, <202,4,1>, <203,4,1>, <204,4,1>, <205,4,1>, <206,4,0>, <207,4,0>, <208,4,0>, <209,4,1>, <210,4,0>, <211,4,0>, <212,4,0>, <213,4,1>, <214,4,0>, <215,4,1>, <216,4,0>, <217,4,1>, <218,4,3>, <219,4,1>, <220,4,5>, <221,4,0>, <222,4,1>, <223,4,1>, <224,4,0>, <225,4,1>, <226,4,0>, <227,4,0>, <228,4,0>, <229,4,4>, <230,4,0>, <231,4,3>, <232,4,0>, <233,4,1>, <234,4,0>, <235,4,1>, <236,4,2>, <237,4,0>, <238,4,4>, <239,4,0>, <240,4,2>, <241,4,1>, <242,4,1>, <243,4,1>, <244,4,1>, <245,4,3>, <246,4,0>, <247,4,1>, <248,4,0>, <249,4,1>, <250,4,0>, <251,4,1>, <252,4,2>, <253,4,0>, <254,4,2>, <255,4,1>, <256,4,0>, <257,4,1>, <258,4,1>, <259,4,3>, <260,4,0>, <261,4,0>, <262,4,1>, <263,4,1>, <264,4,0>, <265,4,0>, <266,4,1>, <267,4,0>, <268,4,0>, <269,4,0>, <270,4,0>, <271,4,1>, <272,4,1>, <273,4,1>, <274,4,0>, <275,4,1>, <276,4,0>, <277,4,1>, <278,4,1>, <279,4,1>, <280,4,0>, <281,4,0>, <282,4,1>, <283,4,0>, <284,4,3>, <285,4,2>, <286,4,1>, <287,4,0>, <288,4,0>, <289,4,1>, <290,4,1>, <291,4,0>, <292,4,2>, <293,4,0>, <294,4,0>, <295,4,0>, <296,4,0>, <297,4,1>, <298,4,1>, <299,4,1>, <300,4,0>, <301,4,0>, <302,4,1>, <303,4,1>, <304,4,0>, <305,4,5>, <306,4,1>, <307,4,0>, <308,4,2>, <309,4,1>, <310,4,1>, <311,4,0>, <312,4,0>, <313,4,4>, <314,4,0>, <315,4,0>, <316,4,0>, <317,4,0>, <318,4,0>, <319,4,1>, <320,4,1>, <321,4,0>, <322,4,0>, <323,4,1>, <324,4,0>, <325,4,0>, <326,4,0>, <327,4,0>, <328,4,1>, <329,4,0>, <330,4,1>, <331,4,0>, <332,4,0>, <333,4,1>, <334,4,2>, <335,4,0>, <336,4,2>, <337,4,2>, <338,4,2>, <339,4,0>, <340,4,0>, <341,4,1>, <342,4,1>, <343,4,0>, <344,4,1>, <345,4,2>, <346,4,1>, <347,4,1>, <348,4,0>, <349,4,0>, <350,4,1>, <351,4,3>, <352,4,1>, <353,4,2>, <354,4,0>, <355,4,3>, <356,4,0>, <357,4,1>, <358,4,0>, <359,4,1>, <360,4,0>, <361,4,0>, <362,4,0>, <363,4,0>, <364,4,2>, <365,4,0>, <366,4,2>, <367,4,0>, <368,4,1>, <369,4,2>, <370,4,0>, <371,4,0>, <372,4,0>, <373,4,0>, <374,4,0>, <375,4,0>, <376,4,0>, <377,4,0>, <378,4,0>, <379,4,2>, <380,4,0>, <381,4,0>, <382,4,1>, <383,4,2>, <384,4,1>, <385,4,1>, <386,4,0>, <387,4,1>, <388,4,1>, <389,4,0>, <390,4,0>, <391,4,1>, <392,4,0>, <393,4,0>, <394,4,2>, <395,4,1>, <396,4,0>, <397,4,1>, <398,4,0>, <399,4,0>, <400,4,2>, <401,4,0>, <402,4,0>, <403,4,1>, <404,4,0>, <405,4,2>, <406,4,0>, <407,4,0>, <408,4,1>, <409,4,0>, <410,4,0>, <411,4,0>, <412,4,0>, <413,4,2>, <414,4,0>, <415,4,0>, <416,4,1>, <417,4,1>, <418,4,0>, <419,4,1>, <420,4,0>, <421,4,0>, <422,4,0>, <423,4,0>, <424,4,0>, <425,4,2>, <426,4,0>, <427,4,1>, <428,4,0>, <429,4,2>, <430,4,0>, <431,4,0>, <432,4,2>, <433,4,0>, <434,4,0>, <435,4,2>, <436,4,0>, <437,4,0>, <438,4,1>, <439,4,0>, <440,4,2>, <441,4,0>, <442,4,0>, <443,4,0>, <444,4,2>, <445,4,0>, <446,4,0>, <447,4,0>, <448,4,0>, <449,4,0>, <450,4,0>, <451,4,0>, <452,4,1>, <453,4,0>, <454,4,0>, <455,4,0>, <456,4,0>, <457,4,1>, <458,4,1>, <459,4,0>, <460,4,0>, <461,4,0>, <462,4,0>, <463,4,0>, <464,4,0>, <465,4,0>, <466,4,1>, <467,4,3>, <468,4,0>, <469,4,1>, <470,4,0>, <471,4,1>, <472,4,0>, <473,4,0>, <474,4,0>, <475,4,0>, <476,4,0>, <477,4,1>, <478,4,0>, <479,4,0>, <480,4,1>, <481,4,1>, <482,4,0>, <483,4,0>, <484,4,0>, <485,4,1>, <486,4,0>, <487,4,0>, <488,4,0>, <489,4,0>, <490,4,0>, <491,4,1>, <492,4,1>, <493,4,1>, <494,4,1>, <495,4,2>, <496,4,1>, <497,4,0>, <498,4,1>, <499,4,0>, <500,4,1>, <501,4,1>, <502,4,1>, <503,4,0>, <504,4,1>, <505,4,0>, <506,4,1>, <507,4,0>, <508,4,0>, <509,4,1>, <510,4,0>, <511,4,0>, <512,4,1>, <513,4,0>, <514,4,0>, <515,4,2>, <516,4,0>, <517,4,1>, <518,4,0>, <519,4,0>, <520,4,0>, <521,4,1>, <522,4,1>, <523,4,1>, <524,4,0>, <525,4,0>, <526,4,0>, <527,4,1>, <528,4,0>, <529,4,1>, <530,4,1>, <531,4,0>, <532,4,0>, <533,4,1>, <534,4,0>, <535,4,0>, <536,4,0>, <537,4,1>, <538,4,0>, <539,4,0>, <540,4,0>, <541,4,0>, <542,4,0>, <543,4,0>, <544,4,1>, <545,4,0>, <546,4,0>, <547,4,0>, <548,4,0>, <549,4,0>, <550,4,0>, <551,4,0>, <552,4,1>, <553,4,0>, <554,4,0>, <555,4,0>, <556,4,2>, <557,4,1>, <558,4,0>, <559,4,0>, <560,4,2>, <561,4,0>, <562,4,0>, <563,4,1>, <564,4,0>, <565,4,0>, <566,4,0>, <567,4,0>, <568,4,0>, <569,4,0>, <570,4,0>, <571,4,0>, <572,4,0>, <573,4,1>, <574,4,2>, <575,4,0>, <576,4,0>, <577,4,0>, <578,4,0>, <579,4,0>, <580,4,1>, <581,4,0>, <582,4,1>, <583,4,0>, <584,4,1>, <585,4,0>, <586,4,0>, <587,4,0>, <588,4,0>, <589,4,1>, <590,4,0>, <591,4,0>, <592,4,0>, <593,4,0>, <594,4,0>, <595,4,0>, <596,4,0>, <597,4,0>, <598,4,0>, <599,4,0>, <600,4,1>, <601,4,1>, <602,4,0>, <603,4,0>, <604,4,1>, <605,4,0>, <606,4,1>, <607,4,0>, <608,4,0>, <609,4,0>, <610,4,0>, <611,4,0>, <612,4,0>, <613,4,1>, <614,4,0>, <615,4,1>, <616,4,1>, <617,4,0>, <618,4,0>, <619,4,1>, <620,4,1>, <621,4,1>, <622,4,1>, <623,4,1>, <624,4,1>, <625,4,1>, <626,4,0>, <627,4,1>, <628,4,1>, <629,4,0>, <630,4,0>, <631,4,0>, <632,4,0>, <633,4,0>, <634,4,0>, <635,4,0>, <636,4,0>, <637,4,0>, <638,4,0>, <639,4,0>, <640,4,0>, <641,4,0>, <642,4,0>, <643,4,0>, <644,4,0>, <645,4,0>, <646,4,0>, <647,4,0>, <648,4,0>, <649,4,0>, <650,4,1>, <651,4,0>, <652,4,1>, <653,4,0>, <654,4,0>, <655,4,0>, <656,4,1>, <657,4,0>, <658,4,0>, <659,4,0>, <660,4,0>, <661,4,0>, <662,4,0>, <663,4,0>, <664,4,0>, <665,4,0>, <666,4,0>, <667,4,0>, <668,4,0>, <669,4,0>, <670,4,0>, <671,4,0>, <672,4,0>, <673,4,0>, <674,4,0>, <675,4,0>, <676,4,1>, <677,4,0>, <678,4,0>, <679,4,0>, <680,4,0>, <681,4,0>, <682,4,0>, <683,4,1>, <684,4,0>, <685,4,0>, <686,4,0>, <687,4,0>, <688,4,0>, <689,4,0>, <690,4,0>, <691,4,0>, <692,4,0>, <693,4,0>, <694,4,0>, <695,4,0>, <696,4,2>, <697,4,0>, <698,4,0>, <699,4,1>, <700,4,0>, <701,4,0>, <702,4,1>, <703,4,1>, <704,4,0>, <705,4,0>, <706,4,3>, <707,4,0>, <708,4,0>, <709,4,0>, <710,4,0>, <711,4,0>, <712,4,0>, <713,4,1>, <714,4,0>, <715,4,1>, <716,4,1>, <717,4,1>, <718,4,0>, <719,4,0>, <720,4,0>, <721,4,0>, <722,4,0>, <723,4,1>, <724,4,0>, <725,4,0>, <726,4,0>, <727,4,0>, <728,4,0>, <729,4,0>, <730,4,0>, <731,4,1>, <732,4,0>, <733,4,0>, <734,4,0>, <735,4,0>, <736,4,0>, <737,4,0>, <738,4,0>, <739,4,1>, <740,4,0>, <741,4,1>, <742,4,3>, <743,4,0>, <744,4,0>, <745,4,0>, <746,4,0>, <747,4,0>, <748,4,0>, <749,4,0>, <750,4,0>, <751,4,0>, <752,4,0>, <753,4,0>, <754,4,0>, <755,4,0>, <756,4,0>, <757,4,2>, <758,4,0>, <759,4,0>, <760,4,0>, <761,4,0>, <762,4,0>, <763,4,0>, <764,4,1>, <765,4,1>, <766,4,0>, <767,4,0>, <768,4,0>, <769,4,0>, <770,4,1>, <771,4,0>, <772,4,0>, <773,4,0>, <774,4,0>, <775,4,0>, <776,4,0>, <777,4,1>, <778,4,0>, <779,4,0>, <780,4,0>, <781,4,1>, <782,4,0>, <783,4,0>, <784,4,0>, <785,4,0>, <786,4,0>, <787,4,0>, <788,4,0>, <789,4,0>, <790,4,0>, <791,4,0>, <792,4,0>, <793,4,0>, <794,4,0>, <795,4,0>, <796,4,0>, <797,4,1>, <798,4,0>, <799,4,0>, <800,4,0>, <801,4,0>, <802,4,0>, <803,4,1>, <804,4,2>, <805,4,0>, <806,4,0>, <807,4,2>, <808,4,2>, <809,4,0>, <810,4,0>, <811,4,0>, <812,4,0>, <813,4,0>, <814,4,0>, <815,4,0>, <816,4,0>, <817,4,0>, <818,4,1>, <819,4,0>, <820,4,0>, <821,4,0>, <822,4,0>, <823,4,0>, <824,4,0>, <825,4,0>, <826,4,1>, <827,4,0>, <828,4,0>, <829,4,0>, <830,4,0>, <831,4,0>, <832,4,0>, <833,4,0>, <834,4,1>, <835,4,0>, <836,4,0>, <837,4,1>, <838,4,0>, <839,4,0>, <840,4,1>, <841,4,1>, <842,4,0>, <843,4,0>, <844,4,1>, <845,4,0>, <846,4,1>, <847,4,1>, <848,4,1>, <849,4,0>, <850,4,0>, <851,4,0>, <852,4,0>, <853,4,0>, <854,4,0>, <855,4,1>, <856,4,0>, <857,4,0>, <858,4,1>, <859,4,0>, <860,4,0>, <861,4,0>, <862,4,0>, <863,4,0>, <864,4,0>, <865,4,0>, <866,4,0>, <867,4,0>, <868,4,0>, <869,4,1>, <870,4,0>, <871,4,0>, <872,4,0>, <873,4,0>, <874,4,0>, <875,4,0>, <876,4,1>, <877,4,0>, <878,4,0>, <879,4,0>, <880,4,0>, <881,4,1>, <882,4,0>, <883,4,0>, <884,4,0>, <885,4,1>, <886,4,1>, <887,4,0>, <888,4,0>, <889,4,0>, <890,4,0>, <891,4,0>, <892,4,0>, <893,4,0>, <894,4,1>, <895,4,0>, <896,4,0>, <897,4,0>, <898,4,0>, <899,4,0>, <900,4,0>, <901,4,0>, <902,4,0>, <903,4,0>, <904,4,0>, <905,4,0>, <906,4,0>, <907,4,3>, <908,4,1>, <909,4,0>, <910,4,0>, <911,4,0>, <912,4,0>, <913,4,0>, <914,4,0>, <915,4,0>, <916,4,1>, <917,4,0>, <918,4,0>, <919,4,0>, <920,4,1>, <921,4,0>, <922,4,0>, <923,4,0>, <924,4,0>, <925,4,0>, <926,4,1>, <927,4,0>, <928,4,0>, <929,4,0>, <930,4,0>, <931,4,0>, <932,4,0>, <933,4,0>, <934,4,0>, <935,4,0>, <936,4,0>, <937,4,0>, <938,4,2>, <939,4,0>, <940,4,0>, <941,4,0>, <942,4,0>, <943,4,0>, <944,4,0>, <945,4,0>, <946,4,1>, <947,4,0>, <948,4,0>, <949,4,0>, <950,4,0>, <951,4,1>, <952,4,0>, <953,4,0>, <954,4,0>, <955,4,0>, <956,4,0>, <957,4,0>, <958,4,0>, <959,4,0>, <960,4,1>, <961,4,0>, <962,4,0>, <963,4,0>, <964,4,0>, <965,4,0>, <966,4,0>, <967,4,0>, <968,4,0>, <969,4,1>, <970,4,0>, <971,4,0>, <972,4,0>, <973,4,0>, <974,4,0>, <975,4,0>, <976,4,0>, <977,4,0>, <978,4,0>, <979,4,0>, <980,4,0>, <981,4,0>, <982,4,0>, <983,4,0>, <984,4,2>, <985,4,0>, <986,4,0>, <987,4,1>, <988,4,0>, <989,4,0>, <990,4,0>, <991,4,0>, <992,4,1>, <993,4,1>, <994,4,0>, <995,4,0>, <996,4,0>, <997,4,0>, <998,4,0>, <999,4,0>, <1000,4,0>, <1,7,520>, <2,7,25>, <3,7,31>, <4,7,76>, <5,7,25>, <6,7,14>, <7,7,17>, <8,7,5>, <9,7,52>, <10,7,53>, <11,7,3>, <12,7,22>, <13,7,34>, <14,7,6>, <15,7,7>, <16,7,38>, <17,7,29>, <18,7,1>, <19,7,1>, <20,7,18>, <21,7,2>, <22,7,21>, <23,7,11>, <24,7,0>, <25,7,20>, <26,7,29>, <27,7,2>, <28,7,14>, <29,7,2>, <30,7,6>, <31,7,0>, <32,7,11>, <33,7,1>, <34,7,0>, <35,7,4>, <36,7,5>, <37,7,1>, <38,7,3>, <39,7,2>, <40,7,1>, <41,7,8>, <42,7,6>, <43,7,2>, <44,7,2>, <45,7,7>, <46,7,2>, <47,7,2>, <48,7,3>, <49,7,4>, <50,7,2>, <51,7,5>, <52,7,2>, <53,7,0>, <54,7,4>, <55,7,8>, <56,7,15>, <57,7,3>, <58,7,1>, <59,7,1>, <60,7,3>, <61,7,10>, <62,7,6>, <63,7,0>, <64,7,0>, <65,7,9>, <66,7,1>, <67,7,1>, <68,7,4>, <69,7,1>, <70,7,0>, <71,7,0>, <72,7,4>, <73,7,1>, <74,7,1>, <75,7,2>, <76,7,0>, <77,7,5>, <78,7,4>, <79,7,2>, <80,7,7>, <81,7,1>, <82,7,1>, <83,7,4>, <84,7,3>, <85,7,3>, <86,7,2>, <87,7,3>, <88,7,0>, <89,7,1>, <90,7,4>, <91,7,3>, <92,7,8>, <93,7,1>, <94,7,3>, <95,7,1>, <96,7,0>, <97,7,6>, <98,7,1>, <99,7,3>, <100,7,0>, <101,7,0>, <102,7,0>, <103,7,3>, <104,7,3>, <105,7,1>, <106,7,1>, <107,7,2>, <108,7,1>, <109,7,2>, <110,7,1>, <111,7,11>, <112,7,1>, <113,7,1>, <114,7,4>, <115,7,0>, <116,7,2>, <117,7,1>, <118,7,0>, <119,7,0>, <120,7,5>, <121,7,0>, <122,7,1>, <123,7,1>, <124,7,2>, <125,7,0>, <126,7,3>, <127,7,1>, <128,7,1>, <129,7,0>, <130,7,1>, <131,7,5>, <132,7,1>, <133,7,1>, <134,7,2>, <135,7,3>, <136,7,0>, <137,7,2>, <138,7,1>, <139,7,1>, <140,7,1>, <141,7,0>, <142,7,4>, <143,7,0>, <144,7,3>, <145,7,1>, <146,7,1>, <147,7,4>, <148,7,1>, <149,7,1>, <150,7,1>, <151,7,1>, <152,7,1>, <153,7,2>, <154,7,0>, <155,7,0>, <156,7,2>, <157,7,3>, <158,7,0>, <159,7,1>, <160,7,1>, <161,7,2>, <162,7,2>, <163,7,1>, <164,7,0>, <165,7,3>, <166,7,0>, <167,7,4>, <168,7,1>, <169,7,0>, <170,7,1>, <171,7,2>, <172,7,2>, <173,7,0>, <174,7,0>, <175,7,0>, <176,7,2>, <177,7,2>, <178,7,5>, <179,7,0>, <180,7,2>, <181,7,2>, <182,7,1>, <183,7,3>, <184,7,0>, <185,7,1>, <186,7,0>, <187,7,6>, <188,7,3>, <189,7,0>, <190,7,0>, <191,7,0>, <192,7,1>, <193,7,2>, <194,7,1>, <195,7,1>, <196,7,1>, <197,7,1>, <198,7,2>, <199,7,2>, <200,7,0>, <201,7,0>, <202,7,0>, <203,7,2>, <204,7,1>, <205,7,0>, <206,7,0>, <207,7,0>, <208,7,0>, <209,7,2>, <210,7,1>, <211,7,1>, <212,7,1>, <213,7,2>, <214,7,0>, <215,7,0>, <216,7,0>, <217,7,1>, <218,7,3>, <219,7,0>, <220,7,1>, <221,7,1>, <222,7,1>, <223,7,1>, <224,7,0>, <225,7,5>, <226,7,1>, <227,7,1>, <228,7,1>, <229,7,1>, <230,7,1>, <231,7,1>, <232,7,1>, <233,7,0>, <234,7,0>, <235,7,1>, <236,7,0>, <237,7,1>, <238,7,0>, <239,7,2>, <240,7,0>, <241,7,0>, <242,7,1>, <243,7,1>, <244,7,1>, <245,7,3>, <246,7,0>, <247,7,1>, <248,7,0>, <249,7,1>, <250,7,2>, <251,7,3>, <252,7,1>, <253,7,2>, <254,7,3>, <255,7,1>, <256,7,0>, <257,7,2>, <258,7,2>, <259,7,1>, <260,7,1>, <261,7,1>, <262,7,0>, <263,7,2>, <264,7,2>, <265,7,3>, <266,7,1>, <267,7,2>, <268,7,1>, <269,7,0>, <270,7,0>, <271,7,0>, <272,7,1>, <273,7,1>, <274,7,1>, <275,7,0>, <276,7,1>, <277,7,0>, <278,7,0>, <279,7,0>, <280,7,0>, <281,7,0>, <282,7,0>, <283,7,1>, <284,7,1>, <285,7,2>, <286,7,0>, <287,7,1>, <288,7,0>, <289,7,2>, <290,7,5>, <291,7,0>, <292,7,1>, <293,7,1>, <294,7,1>, <295,7,0>, <296,7,0>, <297,7,4>, <298,7,3>, <299,7,0>, <300,7,3>, <301,7,0>, <302,7,0>, <303,7,0>, <304,7,1>, <305,7,0>, <306,7,1>, <307,7,2>, <308,7,1>, <309,7,0>, <310,7,0>, <311,7,0>, <312,7,0>, <313,7,1>, <314,7,0>, <315,7,1>, <316,7,0>, <317,7,1>, <318,7,1>, <319,7,0>, <320,7,0>, <321,7,1>, <322,7,0>, <323,7,0>, <324,7,0>, <325,7,0>, <326,7,0>, <327,7,0>, <328,7,1>, <329,7,1>, <330,7,0>, <331,7,1>, <332,7,1>, <333,7,0>, <334,7,0>, <335,7,2>, <336,7,1>, <337,7,2>, <338,7,0>, <339,7,1>, <340,7,1>, <341,7,1>, <342,7,1>, <343,7,0>, <344,7,0>, <345,7,1>, <346,7,0>, <347,7,1>, <348,7,0>, <349,7,1>, <350,7,3>, <351,7,0>, <352,7,1>, <353,7,1>, <354,7,3>, <355,7,0>, <356,7,0>, <357,7,0>, <358,7,0>, <359,7,0>, <360,7,0>, <361,7,0>, <362,7,0>, <363,7,0>, <364,7,0>, <365,7,0>, <366,7,1>, <367,7,0>, <368,7,1>, <369,7,1>, <370,7,0>, <371,7,0>, <372,7,0>, <373,7,0>, <374,7,0>, <375,7,0>, <376,7,0>, <377,7,0>, <378,7,0>, <379,7,0>, <380,7,0>, <381,7,0>, <382,7,2>, <383,7,1>, <384,7,0>, <385,7,0>, <386,7,0>, <387,7,0>, <388,7,1>, <389,7,0>, <390,7,1>, <391,7,1>, <392,7,0>, <393,7,0>, <394,7,0>, <395,7,1>, <396,7,0>, <397,7,1>, <398,7,0>, <399,7,0>, <400,7,0>, <401,7,0>, <402,7,0>, <403,7,0>, <404,7,0>, <405,7,0>, <406,7,0>, <407,7,1>, <408,7,0>, <409,7,0>, <410,7,0>, <411,7,1>, <412,7,0>, <413,7,1>, <414,7,0>, <415,7,0>, <416,7,1>, <417,7,1>, <418,7,0>, <419,7,0>, <420,7,0>, <421,7,1>, <422,7,0>, <423,7,0>, <424,7,0>, <425,7,0>, <426,7,0>, <427,7,0>, <428,7,0>, <429,7,1>, <430,7,2>, <431,7,0>, <432,7,0>, <433,7,1>, <434,7,0>, <435,7,2>, <436,7,0>, <437,7,0>, <438,7,1>, <439,7,0>, <440,7,0>, <441,7,1>, <442,7,0>, <443,7,0>, <444,7,0>, <445,7,2>, <446,7,0>, <447,7,0>, <448,7,1>, <449,7,1>, <450,7,0>, <451,7,0>, <452,7,0>, <453,7,0>, <454,7,0>, <455,7,0>, <456,7,0>, <457,7,0>, <458,7,1>, <459,7,0>, <460,7,0>, <461,7,1>, <462,7,2>, <463,7,0>, <464,7,1>, <465,7,0>, <466,7,2>, <467,7,0>, <468,7,0>, <469,7,0>, <470,7,0>, <471,7,0>, <472,7,1>, <473,7,0>, <474,7,1>, <475,7,0>, <476,7,0>, <477,7,1>, <478,7,0>, <479,7,0>, <480,7,0>, <481,7,0>, <482,7,1>, <483,7,1>, <484,7,0>, <485,7,0>, <486,7,1>, <487,7,0>, <488,7,0>, <489,7,0>, <490,7,1>, <491,7,0>, <492,7,1>, <493,7,2>, <494,7,1>, <495,7,3>, <496,7,0>, <497,7,0>, <498,7,0>, <499,7,1>, <500,7,0>, <501,7,0>, <502,7,0>, <503,7,0>, <504,7,1>, <505,7,2>, <506,7,1>, <507,7,0>, <508,7,2>, <509,7,0>, <510,7,1>, <511,7,1>, <512,7,0>, <513,7,1>, <514,7,0>, <515,7,1>, <516,7,0>, <517,7,0>, <518,7,0>, <519,7,0>, <520,7,0>, <521,7,0>, <522,7,0>, <523,7,0>, <524,7,1>, <525,7,1>, <526,7,0>, <527,7,2>, <528,7,0>, <529,7,0>, <530,7,0>, <531,7,0>, <532,7,0>, <533,7,1>, <534,7,0>, <535,7,0>, <536,7,0>, <537,7,0>, <538,7,1>, <539,7,0>, <540,7,1>, <541,7,0>, <542,7,0>, <543,7,0>, <544,7,1>, <545,7,0>, <546,7,0>, <547,7,0>, <548,7,1>, <549,7,0>, <550,7,0>, <551,7,0>, <552,7,0>, <553,7,0>, <554,7,0>, <555,7,0>, <556,7,0>, <557,7,0>, <558,7,0>, <559,7,0>, <560,7,1>, <561,7,0>, <562,7,0>, <563,7,1>, <564,7,1>, <565,7,1>, <566,7,0>, <567,7,0>, <568,7,0>, <569,7,0>, <570,7,0>, <571,7,1>, <572,7,0>, <573,7,1>, <574,7,1>, <575,7,0>, <576,7,0>, <577,7,0>, <578,7,0>, <579,7,0>, <580,7,1>, <581,7,0>, <582,7,1>, <583,7,0>, <584,7,0>, <585,7,1>, <586,7,0>, <587,7,0>, <588,7,0>, <589,7,1>, <590,7,0>, <591,7,0>, <592,7,2>, <593,7,1>, <594,7,0>, <595,7,1>, <596,7,1>, <597,7,0>, <598,7,0>, <599,7,0>, <600,7,0>, <601,7,0>, <602,7,0>, <603,7,0>, <604,7,2>, <605,7,0>, <606,7,1>, <607,7,0>, <608,7,1>, <609,7,0>, <610,7,0>, <611,7,0>, <612,7,0>, <613,7,0>, <614,7,0>, <615,7,1>, <616,7,1>, <617,7,0>, <618,7,0>, <619,7,0>, <620,7,1>, <621,7,0>, <622,7,0>, <623,7,1>, <624,7,0>, <625,7,0>, <626,7,1>, <627,7,0>, <628,7,0>, <629,7,0>, <630,7,0>, <631,7,0>, <632,7,0>, <633,7,0>, <634,7,1>, <635,7,1>, <636,7,0>, <637,7,0>, <638,7,0>, <639,7,0>, <640,7,0>, <641,7,0>, <642,7,0>, <643,7,0>, <644,7,0>, <645,7,0>, <646,7,0>, <647,7,0>, <648,7,0>, <649,7,0>, <650,7,2>, <651,7,1>, <652,7,0>, <653,7,0>, <654,7,0>, <655,7,2>, <656,7,0>, <657,7,1>, <658,7,0>, <659,7,1>, <660,7,0>, <661,7,0>, <662,7,1>, <663,7,0>, <664,7,1>, <665,7,0>, <666,7,0>, <667,7,0>, <668,7,1>, <669,7,0>, <670,7,0>, <671,7,1>, <672,7,1>, <673,7,0>, <674,7,0>, <675,7,0>, <676,7,0>, <677,7,1>, <678,7,0>, <679,7,0>, <680,7,0>, <681,7,2>, <682,7,0>, <683,7,1>, <684,7,0>, <685,7,0>, <686,7,0>, <687,7,0>, <688,7,0>, <689,7,0>, <690,7,0>, <691,7,0>, <692,7,0>, <693,7,1>, <694,7,0>, <695,7,0>, <696,7,0>, <697,7,0>, <698,7,0>, <699,7,0>, <700,7,1>, <701,7,0>, <702,7,0>, <703,7,0>, <704,7,0>, <705,7,0>, <706,7,0>, <707,7,0>, <708,7,0>, <709,7,0>, <710,7,1>, <711,7,0>, <712,7,0>, <713,7,1>, <714,7,0>, <715,7,0>, <716,7,1>, <717,7,0>, <718,7,0>, <719,7,0>, <720,7,0>, <721,7,0>, <722,7,0>, <723,7,0>, <724,7,0>, <725,7,0>, <726,7,0>, <727,7,0>, <728,7,0>, <729,7,0>, <730,7,0>, <731,7,0>, <732,7,0>, <733,7,0>, <734,7,0>, <735,7,1>, <736,7,0>, <737,7,0>, <738,7,1>, <739,7,1>, <740,7,0>, <741,7,0>, <742,7,0>, <743,7,0>, <744,7,1>, <745,7,0>, <746,7,0>, <747,7,0>, <748,7,0>, <749,7,0>, <750,7,0>, <751,7,1>, <752,7,0>, <753,7,0>, <754,7,1>, <755,7,1>, <756,7,1>, <757,7,0>, <758,7,0>, <759,7,0>, <760,7,1>, <761,7,0>, <762,7,0>, <763,7,0>, <764,7,0>, <765,7,0>, <766,7,0>, <767,7,0>, <768,7,0>, <769,7,0>, <770,7,0>, <771,7,0>, <772,7,0>, <773,7,0>, <774,7,0>, <775,7,0>, <776,7,0>, <777,7,0>, <778,7,0>, <779,7,0>, <780,7,0>, <781,7,0>, <782,7,0>, <783,7,0>, <784,7,1>, <785,7,0>, <786,7,0>, <787,7,1>, <788,7,0>, <789,7,0>, <790,7,0>, <791,7,2>, <792,7,0>, <793,7,0>, <794,7,0>, <795,7,1>, <796,7,0>, <797,7,0>, <798,7,1>, <799,7,1>, <800,7,0>, <801,7,0>, <802,7,0>, <803,7,0>, <804,7,0>, <805,7,1>, <806,7,0>, <807,7,0>, <808,7,0>, <809,7,0>, <810,7,0>, <811,7,0>, <812,7,0>, <813,7,0>, <814,7,0>, <815,7,0>, <816,7,0>, <817,7,0>, <818,7,1>, <819,7,0>, <820,7,0>, <821,7,1>, <822,7,0>, <823,7,0>, <824,7,0>, <825,7,0>, <826,7,0>, <827,7,0>, <828,7,1>, <829,7,0>, <830,7,0>, <831,7,0>, <832,7,0>, <833,7,0>, <834,7,0>, <835,7,1>, <836,7,0>, <837,7,0>, <838,7,1>, <839,7,0>, <840,7,0>, <841,7,0>, <842,7,0>, <843,7,0>, <844,7,0>, <845,7,0>, <846,7,1>, <847,7,0>, <848,7,0>, <849,7,0>, <850,7,0>, <851,7,0>, <852,7,1>, <853,7,0>, <854,7,0>, <855,7,1>, <856,7,0>, <857,7,0>, <858,7,1>, <859,7,0>, <860,7,0>, <861,7,0>, <862,7,1>, <863,7,0>, <864,7,0>, <865,7,0>, <866,7,0>, <867,7,0>, <868,7,0>, <869,7,0>, <870,7,0>, <871,7,0>, <872,7,0>, <873,7,0>, <874,7,0>, <875,7,0>, <876,7,0>, <877,7,0>, <878,7,0>, <879,7,0>, <880,7,0>, <881,7,0>, <882,7,0>, <883,7,1>, <884,7,0>, <885,7,1>, <886,7,0>, <887,7,0>, <888,7,0>, <889,7,0>, <890,7,0>, <891,7,0>, <892,7,0>, <893,7,0>, <894,7,0>, <895,7,0>, <896,7,0>, <897,7,0>, <898,7,0>, <899,7,0>, <900,7,1>, <901,7,0>, <902,7,0>, <903,7,0>, <904,7,0>, <905,7,0>, <906,7,0>, <907,7,1>, <908,7,0>, <909,7,1>, <910,7,0>, <911,7,0>, <912,7,0>, <913,7,0>, <914,7,0>, <915,7,1>, <916,7,1>, <917,7,0>, <918,7,0>, <919,7,0>, <920,7,0>, <921,7,0>, <922,7,0>, <923,7,0>, <924,7,0>, <925,7,0>, <926,7,0>, <927,7,0>, <928,7,0>, <929,7,0>, <930,7,0>, <931,7,0>, <932,7,0>, <933,7,1>, <934,7,0>, <935,7,1>, <936,7,0>, <937,7,0>, <938,7,1>, <939,7,1>, <940,7,0>, <941,7,2>, <942,7,0>, <943,7,0>, <944,7,0>, <945,7,0>, <946,7,0>, <947,7,0>, <948,7,0>, <949,7,0>, <950,7,0>, <951,7,0>, <952,7,0>, <953,7,0>, <954,7,1>, <955,7,0>, <956,7,0>, <957,7,1>, <958,7,0>, <959,7,0>, <960,7,1>, <961,7,0>, <962,7,1>, <963,7,0>, <964,7,0>, <965,7,0>, <966,7,0>, <967,7,0>, <968,7,2>, <969,7,1>, <970,7,0>, <971,7,0>, <972,7,0>, <973,7,0>, <974,7,0>, <975,7,0>, <976,7,0>, <977,7,0>, <978,7,0>, <979,7,0>, <980,7,0>, <981,7,0>, <982,7,0>, <983,7,0>, <984,7,0>, <985,7,0>, <986,7,0>, <987,7,0>, <988,7,1>, <989,7,0>, <990,7,0>, <991,7,1>, <992,7,0>, <993,7,0>, <994,7,1>, <995,7,0>, <996,7,0>, <997,7,0>, <998,7,0>, <999,7,0>, <1000,7,0>, <1,9,237>, <2,9,2>, <3,9,121>, <4,9,40>, <5,9,59>, <6,9,103>, <7,9,37>, <8,9,34>, <9,9,28>, <10,9,20>, <11,9,12>, <12,9,4>, <13,9,7>, <14,9,67>, <15,9,65>, <16,9,11>, <17,9,15>, <18,9,9>, <19,9,25>, <20,9,3>, <21,9,6>, <22,9,1>, <23,9,0>, <24,9,7>, <25,9,2>, <26,9,0>, <27,9,4>, <28,9,5>, <29,9,1>, <30,9,0>, <31,9,9>, <32,9,2>, <33,9,19>, <34,9,0>, <35,9,2>, <36,9,7>, <37,9,1>, <38,9,8>, <39,9,6>, <40,9,15>, <41,9,1>, <42,9,0>, <43,9,4>, <44,9,11>, <45,9,0>, <46,9,11>, <47,9,4>, <48,9,8>, <49,9,9>, <50,9,12>, <51,9,12>, <52,9,10>, <53,9,8>, <54,9,4>, <55,9,5>, <56,9,4>, <57,9,10>, <58,9,6>, <59,9,4>, <60,9,5>, <61,9,8>, <62,9,5>, <63,9,0>, <64,9,4>, <65,9,0>, <66,9,0>, <67,9,1>, <68,9,3>, <69,9,1>, <70,9,2>, <71,9,0>, <72,9,4>, <73,9,2>, <74,9,0>, <75,9,6>, <76,9,0>, <77,9,0>, <78,9,4>, <79,9,1>, <80,9,1>, <81,9,1>, <82,9,2>, <83,9,0>, <84,9,6>, <85,9,2>, <86,9,2>, <87,9,7>, <88,9,1>, <89,9,2>, <90,9,1>, <91,9,4>, <92,9,2>, <93,9,1>, <94,9,4>, <95,9,2>, <96,9,2>, <97,9,0>, <98,9,5>, <99,9,1>, <100,9,1>, <101,9,0>, <102,9,7>, <103,9,1>, <104,9,1>, <105,9,1>, <106,9,3>, <107,9,4>, <108,9,1>, <109,9,2>, <110,9,1>, <111,9,1>, <112,9,1>, <113,9,1>, <114,9,1>, <115,9,8>, <116,9,0>, <117,9,0>, <118,9,8>, <119,9,0>, <120,9,0>, <121,9,3>, <122,9,3>, <123,9,4>, <124,9,1>, <125,9,3>, <126,9,3>, <127,9,0>, <128,9,3>, <129,9,2>, <130,9,0>, <131,9,0>, <132,9,0>, <133,9,0>, <134,9,1>, <135,9,4>, <136,9,0>, <137,9,0>, <138,9,0>, <139,9,0>, <140,9,1>, <141,9,1>, <142,9,0>, <143,9,1>, <144,9,4>, <145,9,3>, <146,9,1>, <147,9,6>, <148,9,0>, <149,9,4>, <150,9,2>, <151,9,0>, <152,9,1>, <153,9,0>, <154,9,4>, <155,9,0>, <156,9,1>, <157,9,0>, <158,9,1>, <159,9,3>, <160,9,1>, <161,9,2>, <162,9,2>, <163,9,1>, <164,9,0>, <165,9,1>, <166,9,1>, <167,9,1>, <168,9,0>, <169,9,2>, <170,9,2>, <171,9,0>, <172,9,0>, <173,9,1>, <174,9,2>, <175,9,2>, <176,9,2>, <177,9,0>, <178,9,2>, <179,9,1>, <180,9,1>, <181,9,2>, <182,9,0>, <183,9,1>, <184,9,1>, <185,9,1>, <186,9,0>, <187,9,0>, <188,9,1>, <189,9,1>, <190,9,2>, <191,9,2>, <192,9,1>, <193,9,0>, <194,9,0>, <195,9,1>, <196,9,2>, <197,9,3>, <198,9,1>, <199,9,2>, <200,9,1>, <201,9,1>, <202,9,1>, <203,9,4>, <204,9,0>, <205,9,1>, <206,9,1>, <207,9,2>, <208,9,0>, <209,9,1>, <210,9,0>, <211,9,1>, <212,9,0>, <213,9,0>, <214,9,2>, <215,9,3>, <216,9,1>, <217,9,1>, <218,9,0>, <219,9,1>, <220,9,0>, <221,9,1>, <222,9,1>, <223,9,0>, <224,9,0>, <225,9,1>, <226,9,2>, <227,9,0>, <228,9,1>, <229,9,1>, <230,9,1>, <231,9,0>, <232,9,0>, <233,9,0>, <234,9,0>, <235,9,1>, <236,9,1>, <237,9,0>, <238,9,2>, <239,9,2>, <240,9,1>, <241,9,1>, <242,9,1>, <243,9,0>, <244,9,1>, <245,9,1>, <246,9,2>, <247,9,0>, <248,9,0>, <249,9,0>, <250,9,5>, <251,9,0>, <252,9,0>, <253,9,2>, <254,9,1>, <255,9,1>, <256,9,0>, <257,9,0>, <258,9,0>, <259,9,2>, <260,9,2>, <261,9,1>, <262,9,1>, <263,9,1>, <264,9,1>, <265,9,1>, <266,9,0>, <267,9,1>, <268,9,1>, <269,9,0>, <270,9,0>, <271,9,0>, <272,9,0>, <273,9,0>, <274,9,1>, <275,9,1>, <276,9,1>, <277,9,0>, <278,9,2>, <279,9,0>, <280,9,2>, <281,9,2>, <282,9,1>, <283,9,0>, <284,9,1>, <285,9,0>, <286,9,1>, <287,9,3>, <288,9,0>, <289,9,0>, <290,9,0>, <291,9,1>, <292,9,0>, <293,9,1>, <294,9,0>, <295,9,0>, <296,9,1>, <297,9,1>, <298,9,0>, <299,9,5>, <300,9,0>, <301,9,0>, <302,9,1>, <303,9,0>, <304,9,0>, <305,9,0>, <306,9,0>, <307,9,3>, <308,9,2>, <309,9,0>, <310,9,0>, <311,9,0>, <312,9,0>, <313,9,0>, <314,9,0>, <315,9,1>, <316,9,0>, <317,9,1>, <318,9,1>, <319,9,1>, <320,9,1>, <321,9,1>, <322,9,0>, <323,9,1>, <324,9,1>, <325,9,1>, <326,9,1>, <327,9,0>, <328,9,0>, <329,9,0>, <330,9,0>, <331,9,3>, <332,9,0>, <333,9,2>, <334,9,0>, <335,9,2>, <336,9,0>, <337,9,1>, <338,9,3>, <339,9,0>, <340,9,0>, <341,9,0>, <342,9,0>, <343,9,1>, <344,9,0>, <345,9,1>, <346,9,1>, <347,9,0>, <348,9,1>, <349,9,1>, <350,9,1>, <351,9,1>, <352,9,0>, <353,9,1>, <354,9,1>, <355,9,0>, <356,9,0>, <357,9,0>, <358,9,1>, <359,9,1>, <360,9,1>, <361,9,1>, <362,9,0>, <363,9,0>, <364,9,0>, <365,9,0>, <366,9,1>, <367,9,1>, <368,9,1>, <369,9,0>, <370,9,0>, <371,9,1>, <372,9,1>, <373,9,0>, <374,9,0>, <375,9,0>, <376,9,1>, <377,9,0>, <378,9,1>, <379,9,1>, <380,9,0>, <381,9,0>, <382,9,1>, <383,9,0>, <384,9,0>, <385,9,0>, <386,9,1>, <387,9,0>, <388,9,0>, <389,9,6>, <390,9,0>, <391,9,0>, <392,9,2>, <393,9,0>, <394,9,1>, <395,9,0>, <396,9,1>, <397,9,1>, <398,9,0>, <399,9,1>, <400,9,3>, <401,9,0>, <402,9,0>, <403,9,1>, <404,9,0>, <405,9,1>, <406,9,0>, <407,9,0>, <408,9,0>, <409,9,0>, <410,9,0>, <411,9,0>, <412,9,0>, <413,9,0>, <414,9,0>, <415,9,1>, <416,9,0>, <417,9,1>, <418,9,1>, <419,9,0>, <420,9,1>, <421,9,0>, <422,9,0>, <423,9,0>, <424,9,0>, <425,9,0>, <426,9,0>, <427,9,1>, <428,9,1>, <429,9,0>, <430,9,1>, <431,9,0>, <432,9,0>, <433,9,0>, <434,9,0>, <435,9,0>, <436,9,0>, <437,9,1>, <438,9,0>, <439,9,1>, <440,9,0>, <441,9,0>, <442,9,0>, <443,9,0>, <444,9,1>, <445,9,0>, <446,9,0>, <447,9,0>, <448,9,1>, <449,9,0>, <450,9,2>, <451,9,0>, <452,9,0>, <453,9,0>, <454,9,0>, <455,9,0>, <456,9,0>, <457,9,0>, <458,9,0>, <459,9,0>, <460,9,0>, <461,9,0>, <462,9,1>, <463,9,0>, <464,9,1>, <465,9,0>, <466,9,2>, <467,9,1>, <468,9,0>, <469,9,1>, <470,9,0>, <471,9,1>, <472,9,1>, <473,9,0>, <474,9,1>, <475,9,0>, <476,9,1>, <477,9,0>, <478,9,1>, <479,9,0>, <480,9,1>, <481,9,0>, <482,9,1>, <483,9,0>, <484,9,1>, <485,9,0>, <486,9,0>, <487,9,0>, <488,9,0>, <489,9,0>, <490,9,1>, <491,9,0>, <492,9,0>, <493,9,1>, <494,9,3>, <495,9,2>, <496,9,0>, <497,9,1>, <498,9,1>, <499,9,0>, <500,9,0>, <501,9,0>, <502,9,0>, <503,9,0>, <504,9,1>, <505,9,0>, <506,9,0>, <507,9,1>, <508,9,1>, <509,9,0>, <510,9,0>, <511,9,0>, <512,9,0>, <513,9,0>, <514,9,0>, <515,9,1>, <516,9,0>, <517,9,0>, <518,9,0>, <519,9,0>, <520,9,0>, <521,9,0>, <522,9,1>, <523,9,0>, <524,9,0>, <525,9,2>, <526,9,0>, <527,9,1>, <528,9,0>, <529,9,0>, <530,9,0>, <531,9,0>, <532,9,1>, <533,9,0>, <534,9,0>, <535,9,1>, <536,9,0>, <537,9,0>, <538,9,0>, <539,9,1>, <540,9,1>, <541,9,0>, <542,9,0>, <543,9,0>, <544,9,0>, <545,9,0>, <546,9,0>, <547,9,0>, <548,9,0>, <549,9,0>, <550,9,0>, <551,9,0>, <552,9,2>, <553,9,0>, <554,9,0>, <555,9,0>, <556,9,1>, <557,9,0>, <558,9,1>, <559,9,4>, <560,9,3>, <561,9,0>, <562,9,0>, <563,9,0>, <564,9,0>, <565,9,1>, <566,9,0>, <567,9,0>, <568,9,0>, <569,9,1>, <570,9,0>, <571,9,1>, <572,9,0>, <573,9,1>, <574,9,2>, <575,9,0>, <576,9,0>, <577,9,0>, <578,9,0>, <579,9,0>, <580,9,0>, <581,9,0>, <582,9,1>, <583,9,0>, <584,9,0>, <585,9,0>, <586,9,0>, <587,9,0>, <588,9,0>, <589,9,1>, <590,9,0>, <591,9,0>, <592,9,1>, <593,9,0>, <594,9,0>, <595,9,0>, <596,9,1>, <597,9,0>, <598,9,0>, <599,9,0>, <600,9,1>, <601,9,0>, <602,9,0>, <603,9,0>, <604,9,1>, <605,9,1>, <606,9,1>, <607,9,0>, <608,9,0>, <609,9,1>, <610,9,0>, <611,9,0>, <612,9,0>, <613,9,0>, <614,9,0>, <615,9,1>, <616,9,1>, <617,9,0>, <618,9,0>, <619,9,0>, <620,9,1>, <621,9,1>, <622,9,0>, <623,9,2>, <624,9,0>, <625,9,0>, <626,9,0>, <627,9,0>, <628,9,0>, <629,9,0>, <630,9,0>, <631,9,0>, <632,9,1>, <633,9,0>, <634,9,0>, <635,9,1>, <636,9,0>, <637,9,0>, <638,9,0>, <639,9,0>, <640,9,0>, <641,9,0>, <642,9,1>, <643,9,0>, <644,9,0>, <645,9,0>, <646,9,2>, <647,9,1>, <648,9,0>, <649,9,0>, <650,9,1>, <651,9,1>, <652,9,0>, <653,9,0>, <654,9,0>, <655,9,0>, <656,9,0>, <657,9,0>, <658,9,0>, <659,9,0>, <660,9,0>, <661,9,0>, <662,9,1>, <663,9,0>, <664,9,0>, <665,9,0>, <666,9,1>, <667,9,0>, <668,9,0>, <669,9,0>, <670,9,0>, <671,9,1>, <672,9,0>, <673,9,0>, <674,9,0>, <675,9,0>, <676,9,1>, <677,9,0>, <678,9,0>, <679,9,0>, <680,9,0>, <681,9,0>, <682,9,1>, <683,9,0>, <684,9,0>, <685,9,0>, <686,9,0>, <687,9,1>, <688,9,0>, <689,9,0>, <690,9,0>, <691,9,0>, <692,9,0>, <693,9,0>, <694,9,0>, <695,9,0>, <696,9,0>, <697,9,0>, <698,9,0>, <699,9,0>, <700,9,0>, <701,9,1>, <702,9,0>, <703,9,0>, <704,9,0>, <705,9,0>, <706,9,0>, <707,9,0>, <708,9,1>, <709,9,0>, <710,9,0>, <711,9,0>, <712,9,0>, <713,9,0>, <714,9,0>, <715,9,0>, <716,9,1>, <717,9,0>, <718,9,0>, <719,9,0>, <720,9,0>, <721,9,0>, <722,9,0>, <723,9,0>, <724,9,1>, <725,9,0>, <726,9,0>, <727,9,2>, <728,9,0>, <729,9,0>, <730,9,0>, <731,9,0>, <732,9,0>, <733,9,0>, <734,9,0>, <735,9,1>, <736,9,0>, <737,9,0>, <738,9,1>, <739,9,0>, <740,9,0>, <741,9,0>, <742,9,0>, <743,9,0>, <744,9,0>, <745,9,0>, <746,9,2>, <747,9,0>, <748,9,0>, <749,9,0>, <750,9,1>, <751,9,2>, <752,9,0>, <753,9,0>, <754,9,0>, <755,9,0>, <756,9,1>, <757,9,1>, <758,9,0>, <759,9,0>, <760,9,0>, <761,9,0>, <762,9,0>, <763,9,1>, <764,9,0>, <765,9,0>, <766,9,0>, <767,9,0>, <768,9,0>, <769,9,0>, <770,9,0>, <771,9,0>, <772,9,0>, <773,9,2>, <774,9,0>, <775,9,1>, <776,9,0>, <777,9,0>, <778,9,0>, <779,9,1>, <780,9,0>, <781,9,1>, <782,9,0>, <783,9,0>, <784,9,1>, <785,9,0>, <786,9,0>, <787,9,0>, <788,9,0>, <789,9,0>, <790,9,0>, <791,9,0>, <792,9,0>, <793,9,0>, <794,9,0>, <795,9,0>, <796,9,0>, <797,9,1>, <798,9,1>, <799,9,0>, <800,9,0>, <801,9,0>, <802,9,0>, <803,9,1>, <804,9,1>, <805,9,0>, <806,9,0>, <807,9,0>, <808,9,0>, <809,9,0>, <810,9,0>, <811,9,0>, <812,9,0>, <813,9,0>, <814,9,0>, <815,9,0>, <816,9,0>, <817,9,0>, <818,9,1>, <819,9,0>, <820,9,0>, <821,9,1>, <822,9,0>, <823,9,0>, <824,9,0>, <825,9,0>, <826,9,0>, <827,9,0>, <828,9,0>, <829,9,0>, <830,9,1>, <831,9,1>, <832,9,0>, <833,9,0>, <834,9,0>, <835,9,0>, <836,9,0>, <837,9,0>, <838,9,1>, <839,9,0>, <840,9,0>, <841,9,0>, <842,9,0>, <843,9,0>, <844,9,0>, <845,9,0>, <846,9,0>, <847,9,0>, <848,9,0>, <849,9,0>, <850,9,0>, <851,9,0>, <852,9,0>, <853,9,0>, <854,9,0>, <855,9,0>, <856,9,0>, <857,9,0>, <858,9,1>, <859,9,0>, <860,9,0>, <861,9,0>, <862,9,0>, <863,9,0>, <864,9,0>, <865,9,0>, <866,9,0>, <867,9,0>, <868,9,0>, <869,9,0>, <870,9,1>, <871,9,0>, <872,9,0>, <873,9,0>, <874,9,0>, <875,9,0>, <876,9,0>, <877,9,0>, <878,9,1>, <879,9,0>, <880,9,0>, <881,9,0>, <882,9,1>, <883,9,0>, <884,9,0>, <885,9,0>, <886,9,0>, <887,9,0>, <888,9,0>, <889,9,0>, <890,9,0>, <891,9,0>, <892,9,0>, <893,9,0>, <894,9,0>, <895,9,1>, <896,9,0>, <897,9,0>, <898,9,0>, <899,9,0>, <900,9,0>, <901,9,0>, <902,9,0>, <903,9,0>, <904,9,0>, <905,9,0>, <906,9,0>, <907,9,0>, <908,9,0>, <909,9,0>, <910,9,0>, <911,9,0>, <912,9,0>, <913,9,0>, <914,9,0>, <915,9,0>, <916,9,0>, <917,9,0>, <918,9,0>, <919,9,1>, <920,9,0>, <921,9,0>, <922,9,0>, <923,9,0>, <924,9,0>, <925,9,0>, <926,9,0>, <927,9,0>, <928,9,0>, <929,9,1>, <930,9,0>, <931,9,0>, <932,9,0>, <933,9,1>, <934,9,0>, <935,9,0>, <936,9,0>, <937,9,0>, <938,9,0>, <939,9,0>, <940,9,0>, <941,9,0>, <942,9,0>, <943,9,0>, <944,9,0>, <945,9,0>, <946,9,1>, <947,9,0>, <948,9,0>, <949,9,0>, <950,9,0>, <951,9,0>, <952,9,1>, <953,9,0>, <954,9,0>, <955,9,0>, <956,9,1>, <957,9,0>, <958,9,0>, <959,9,0>, <960,9,0>, <961,9,0>, <962,9,0>, <963,9,0>, <964,9,0>, <965,9,0>, <966,9,0>, <967,9,0>, <968,9,0>, <969,9,0>, <970,9,0>, <971,9,0>, <972,9,0>, <973,9,0>, <974,9,0>, <975,9,1>, <976,9,0>, <977,9,0>, <978,9,0>, <979,9,0>, <980,9,1>, <981,9,1>, <982,9,0>, <983,9,0>, <984,9,0>, <985,9,0>, <986,9,0>, <987,9,0>, <988,9,0>, <989,9,0>, <990,9,0>, <991,9,0>, <992,9,0>, <993,9,0>, <994,9,0>, <995,9,0>, <996,9,0>, <997,9,0>, <998,9,0>, <999,9,0>, <1000,9,0>, <1,10,152>, <2,10,442>, <3,10,170>, <4,10,22>, <5,10,5>, <6,10,13>, <7,10,29>, <8,10,21>, <9,10,5>, <10,10,23>, <11,10,4>, <12,10,3>, <13,10,4>, <14,10,1>, <15,10,0>, <16,10,6>, <17,10,4>, <18,10,53>, <19,10,3>, <20,10,5>, <21,10,7>, <22,10,13>, <23,10,11>, <24,10,35>, <25,10,11>, <26,10,4>, <27,10,7>, <28,10,5>, <29,10,20>, <30,10,1>, <31,10,10>, <32,10,19>, <33,10,19>, <34,10,9>, <35,10,19>, <36,10,1>, <37,10,0>, <38,10,0>, <39,10,20>, <40,10,4>, <41,10,5>, <42,10,2>, <43,10,5>, <44,10,3>, <45,10,5>, <46,10,5>, <47,10,5>, <48,10,2>, <49,10,4>, <50,10,3>, <51,10,1>, <52,10,0>, <53,10,3>, <54,10,1>, <55,10,3>, <56,10,0>, <57,10,0>, <58,10,0>, <59,10,6>, <60,10,0>, <61,10,3>, <62,10,0>, <63,10,10>, <64,10,6>, <65,10,5>, <66,10,5>, <67,10,1>, <68,10,0>, <69,10,10>, <70,10,9>, <71,10,0>, <72,10,1>, <73,10,5>, <74,10,5>, <75,10,2>, <76,10,1>, <77,10,4>, <78,10,4>, <79,10,7>, <80,10,4>, <81,10,11>, <82,10,4>, <83,10,4>, <84,10,2>, <85,10,4>, <86,10,2>, <87,10,4>, <88,10,2>, <89,10,0>, <90,10,3>, <91,10,2>, <92,10,0>, <93,10,1>, <94,10,0>, <95,10,2>, <96,10,1>, <97,10,1>, <98,10,0>, <99,10,2>, <100,10,1>, <101,10,1>, <102,10,2>, <103,10,3>, <104,10,1>, <105,10,3>, <106,10,1>, <107,10,1>, <108,10,6>, <109,10,8>, <110,10,4>, <111,10,1>, <112,10,2>, <113,10,3>, <114,10,1>, <115,10,2>, <116,10,0>, <117,10,2>, <118,10,0>, <119,10,1>, <120,10,1>, <121,10,0>, <122,10,2>, <123,10,0>, <124,10,2>, <125,10,1>, <126,10,1>, <127,10,0>, <128,10,1>, <129,10,1>, <130,10,0>, <131,10,2>, <132,10,4>, <133,10,0>, <134,10,3>, <135,10,1>, <136,10,1>, <137,10,1>, <138,10,1>, <139,10,3>, <140,10,1>, <141,10,0>, <142,10,1>, <143,10,1>, <144,10,1>, <145,10,3>, <146,10,0>, <147,10,1>, <148,10,0>, <149,10,1>, <150,10,3>, <151,10,1>, <152,10,0>, <153,10,1>, <154,10,1>, <155,10,2>, <156,10,1>, <157,10,3>, <158,10,2>, <159,10,0>, <160,10,1>, <161,10,1>, <162,10,1>, <163,10,0>, <164,10,1>, <165,10,0>, <166,10,3>, <167,10,1>, <168,10,1>, <169,10,3>, <170,10,1>, <171,10,2>, <172,10,0>, <173,10,0>, <174,10,1>, <175,10,1>, <176,10,2>, <177,10,0>, <178,10,1>, <179,10,0>, <180,10,1>, <181,10,0>, <182,10,1>, <183,10,0>, <184,10,0>, <185,10,1>, <186,10,3>, <187,10,0>, <188,10,0>, <189,10,1>, <190,10,1>, <191,10,1>, <192,10,2>, <193,10,4>, <194,10,1>, <195,10,1>, <196,10,0>, <197,10,3>, <198,10,2>, <199,10,0>, <200,10,0>, <201,10,0>, <202,10,0>, <203,10,0>, <204,10,2>, <205,10,0>, <206,10,1>, <207,10,0>, <208,10,0>, <209,10,0>, <210,10,0>, <211,10,0>, <212,10,1>, <213,10,1>, <214,10,1>, <215,10,0>, <216,10,4>, <217,10,1>, <218,10,1>, <219,10,1>, <220,10,2>, <221,10,3>, <222,10,1>, <223,10,2>, <224,10,0>, <225,10,1>, <226,10,0>, <227,10,0>, <228,10,0>, <229,10,0>, <230,10,5>, <231,10,1>, <232,10,0>, <233,10,0>, <234,10,0>, <235,10,0>, <236,10,2>, <237,10,0>, <238,10,0>, <239,10,1>, <240,10,1>, <241,10,0>, <242,10,1>, <243,10,1>, <244,10,2>, <245,10,1>, <246,10,3>, <247,10,1>, <248,10,0>, <249,10,1>, <250,10,1>, <251,10,0>, <252,10,0>, <253,10,1>, <254,10,1>, <255,10,1>, <256,10,0>, <257,10,1>, <258,10,1>, <259,10,1>, <260,10,0>, <261,10,1>, <262,10,0>, <263,10,4>, <264,10,1>, <265,10,0>, <266,10,1>, <267,10,0>, <268,10,3>, <269,10,0>, <270,10,0>, <271,10,0>, <272,10,1>, <273,10,0>, <274,10,0>, <275,10,2>, <276,10,0>, <277,10,2>, <278,10,1>, <279,10,1>, <280,10,1>, <281,10,1>, <282,10,1>, <283,10,2>, <284,10,1>, <285,10,2>, <286,10,1>, <287,10,0>, <288,10,0>, <289,10,0>, <290,10,1>, <291,10,0>, <292,10,1>, <293,10,0>, <294,10,1>, <295,10,0>, <296,10,0>, <297,10,0>, <298,10,0>, <299,10,1>, <300,10,1>, <301,10,0>, <302,10,0>, <303,10,1>, <304,10,1>, <305,10,0>, <306,10,1>, <307,10,1>, <308,10,1>, <309,10,0>, <310,10,0>, <311,10,3>, <312,10,0>, <313,10,1>, <314,10,0>, <315,10,0>, <316,10,1>, <317,10,0>, <318,10,0>, <319,10,1>, <320,10,1>, <321,10,1>, <322,10,0>, <323,10,2>, <324,10,1>, <325,10,0>, <326,10,0>, <327,10,2>, <328,10,0>, <329,10,1>, <330,10,0>, <331,10,1>, <332,10,0>, <333,10,0>, <334,10,0>, <335,10,1>, <336,10,0>, <337,10,0>, <338,10,0>, <339,10,0>, <340,10,2>, <341,10,2>, <342,10,0>, <343,10,3>, <344,10,0>, <345,10,1>, <346,10,0>, <347,10,3>, <348,10,0>, <349,10,1>, <350,10,0>, <351,10,0>, <352,10,1>, <353,10,2>, <354,10,1>, <355,10,2>, <356,10,0>, <357,10,0>, <358,10,0>, <359,10,0>, <360,10,0>, <361,10,0>, <362,10,0>, <363,10,0>, <364,10,0>, <365,10,2>, <366,10,1>, <367,10,2>, <368,10,1>, <369,10,0>, <370,10,0>, <371,10,0>, <372,10,2>, <373,10,0>, <374,10,0>, <375,10,1>, <376,10,1>, <377,10,0>, <378,10,0>, <379,10,3>, <380,10,0>, <381,10,0>, <382,10,1>, <383,10,0>, <384,10,0>, <385,10,0>, <386,10,0>, <387,10,0>, <388,10,0>, <389,10,0>, <390,10,0>, <391,10,0>, <392,10,0>, <393,10,0>, <394,10,0>, <395,10,1>, <396,10,0>, <397,10,1>, <398,10,1>, <399,10,0>, <400,10,0>, <401,10,0>, <402,10,1>, <403,10,0>, <404,10,0>, <405,10,0>, <406,10,0>, <407,10,0>, <408,10,1>, <409,10,0>, <410,10,0>, <411,10,0>, <412,10,1>, <413,10,0>, <414,10,0>, <415,10,1>, <416,10,1>, <417,10,2>, <418,10,0>, <419,10,0>, <420,10,1>, <421,10,2>, <422,10,0>, <423,10,1>, <424,10,0>, <425,10,0>, <426,10,1>, <427,10,0>, <428,10,0>, <429,10,1>, <430,10,0>, <431,10,0>, <432,10,0>, <433,10,0>, <434,10,0>, <435,10,1>, <436,10,1>, <437,10,0>, <438,10,1>, <439,10,0>, <440,10,1>, <441,10,0>, <442,10,1>, <443,10,2>, <444,10,0>, <445,10,1>, <446,10,1>, <447,10,1>, <448,10,2>, <449,10,0>, <450,10,1>, <451,10,0>, <452,10,1>, <453,10,0>, <454,10,0>, <455,10,0>, <456,10,0>, <457,10,1>, <458,10,1>, <459,10,0>, <460,10,0>, <461,10,0>, <462,10,0>, <463,10,0>, <464,10,1>, <465,10,0>, <466,10,0>, <467,10,0>, <468,10,0>, <469,10,0>, <470,10,0>, <471,10,0>, <472,10,1>, <473,10,1>, <474,10,0>, <475,10,0>, <476,10,0>, <477,10,1>, <478,10,1>, <479,10,0>, <480,10,1>, <481,10,1>, <482,10,0>, <483,10,0>, <484,10,1>, <485,10,0>, <486,10,0>, <487,10,0>, <488,10,0>, <489,10,0>, <490,10,0>, <491,10,1>, <492,10,0>, <493,10,1>, <494,10,0>, <495,10,1>, <496,10,0>, <497,10,1>, <498,10,0>, <499,10,0>, <500,10,0>, <501,10,0>, <502,10,0>, <503,10,0>, <504,10,0>, <505,10,0>, <506,10,0>, <507,10,0>, <508,10,0>, <509,10,0>, <510,10,0>, <511,10,0>, <512,10,2>, <513,10,2>, <514,10,0>, <515,10,1>, <516,10,0>, <517,10,0>, <518,10,0>, <519,10,0>, <520,10,1>, <521,10,1>, <522,10,1>, <523,10,1>, <524,10,2>, <525,10,2>, <526,10,0>, <527,10,0>, <528,10,0>, <529,10,0>, <530,10,0>, <531,10,0>, <532,10,0>, <533,10,0>, <534,10,2>, <535,10,1>, <536,10,0>, <537,10,0>, <538,10,0>, <539,10,0>, <540,10,0>, <541,10,0>, <542,10,0>, <543,10,0>, <544,10,1>, <545,10,0>, <546,10,0>, <547,10,0>, <548,10,1>, <549,10,0>, <550,10,0>, <551,10,0>, <552,10,0>, <553,10,0>, <554,10,0>, <555,10,1>, <556,10,0>, <557,10,1>, <558,10,1>, <559,10,0>, <560,10,1>, <561,10,0>, <562,10,0>, <563,10,1>, <564,10,0>, <565,10,0>, <566,10,0>, <567,10,0>, <568,10,0>, <569,10,0>, <570,10,0>, <571,10,0>, <572,10,0>, <573,10,0>, <574,10,0>, <575,10,0>, <576,10,0>, <577,10,0>, <578,10,1>, <579,10,0>, <580,10,0>, <581,10,0>, <582,10,0>, <583,10,0>, <584,10,0>, <585,10,0>, <586,10,0>, <587,10,0>, <588,10,0>, <589,10,0>, <590,10,0>, <591,10,0>, <592,10,0>, <593,10,0>, <594,10,0>, <595,10,0>, <596,10,0>, <597,10,0>, <598,10,0>, <599,10,0>, <600,10,0>, <601,10,0>, <602,10,0>, <603,10,0>, <604,10,0>, <605,10,1>, <606,10,0>, <607,10,0>, <608,10,1>, <609,10,1>, <610,10,0>, <611,10,0>, <612,10,0>, <613,10,0>, <614,10,0>, <615,10,0>, <616,10,0>, <617,10,0>, <618,10,0>, <619,10,1>, <620,10,2>, <621,10,0>, <622,10,0>, <623,10,0>, <624,10,1>, <625,10,3>, <626,10,0>, <627,10,0>, <628,10,0>, <629,10,0>, <630,10,1>, <631,10,0>, <632,10,0>, <633,10,0>, <634,10,0>, <635,10,1>, <636,10,0>, <637,10,0>, <638,10,0>, <639,10,0>, <640,10,0>, <641,10,0>, <642,10,2>, <643,10,0>, <644,10,0>, <645,10,1>, <646,10,0>, <647,10,2>, <648,10,0>, <649,10,0>, <650,10,2>, <651,10,2>, <652,10,1>, <653,10,0>, <654,10,0>, <655,10,0>, <656,10,0>, <657,10,0>, <658,10,0>, <659,10,0>, <660,10,0>, <661,10,0>, <662,10,0>, <663,10,0>, <664,10,0>, <665,10,1>, <666,10,1>, <667,10,0>, <668,10,0>, <669,10,1>, <670,10,0>, <671,10,0>, <672,10,0>, <673,10,0>, <674,10,0>, <675,10,0>, <676,10,0>, <677,10,0>, <678,10,0>, <679,10,0>, <680,10,0>, <681,10,1>, <682,10,0>, <683,10,0>, <684,10,0>, <685,10,1>, <686,10,0>, <687,10,1>, <688,10,0>, <689,10,0>, <690,10,0>, <691,10,0>, <692,10,0>, <693,10,0>, <694,10,0>, <695,10,0>, <696,10,0>, <697,10,0>, <698,10,0>, <699,10,0>, <700,10,0>, <701,10,1>, <702,10,0>, <703,10,0>, <704,10,0>, <705,10,0>, <706,10,0>, <707,10,0>, <708,10,1>, <709,10,0>, <710,10,0>, <711,10,0>, <712,10,0>, <713,10,0>, <714,10,0>, <715,10,0>, <716,10,0>, <717,10,0>, <718,10,0>, <719,10,0>, <720,10,0>, <721,10,0>, <722,10,0>, <723,10,0>, <724,10,0>, <725,10,0>, <726,10,0>, <727,10,0>, <728,10,0>, <729,10,0>, <730,10,0>, <731,10,0>, <732,10,0>, <733,10,0>, <734,10,0>, <735,10,0>, <736,10,0>, <737,10,0>, <738,10,0>, <739,10,2>, <740,10,0>, <741,10,0>, <742,10,1>, <743,10,0>, <744,10,2>, <745,10,0>, <746,10,1>, <747,10,0>, <748,10,0>, <749,10,0>, <750,10,0>, <751,10,0>, <752,10,0>, <753,10,0>, <754,10,0>, <755,10,1>, <756,10,0>, <757,10,0>, <758,10,0>, <759,10,0>, <760,10,0>, <761,10,0>, <762,10,0>, <763,10,1>, <764,10,0>, <765,10,0>, <766,10,0>, <767,10,0>, <768,10,0>, <769,10,0>, <770,10,1>, <771,10,0>, <772,10,0>, <773,10,0>, <774,10,0>, <775,10,0>, <776,10,1>, <777,10,1>, <778,10,0>, <779,10,0>, <780,10,0>, <781,10,0>, <782,10,0>, <783,10,0>, <784,10,0>, <785,10,0>, <786,10,1>, <787,10,1>, <788,10,1>, <789,10,1>, <790,10,0>, <791,10,0>, <792,10,0>, <793,10,0>, <794,10,0>, <795,10,1>, <796,10,0>, <797,10,0>, <798,10,0>, <799,10,1>, <800,10,0>, <801,10,1>, <802,10,0>, <803,10,0>, <804,10,0>, <805,10,1>, <806,10,2>, <807,10,2>, <808,10,2>, <809,10,0>, <810,10,0>, <811,10,0>, <812,10,0>, <813,10,0>, <814,10,0>, <815,10,1>, <816,10,0>, <817,10,0>, <818,10,0>, <819,10,1>, <820,10,0>, <821,10,0>, <822,10,1>, <823,10,0>, <824,10,0>, <825,10,0>, <826,10,0>, <827,10,0>, <828,10,0>, <829,10,0>, <830,10,0>, <831,10,0>, <832,10,0>, <833,10,2>, <834,10,0>, <835,10,0>, <836,10,0>, <837,10,0>, <838,10,0>, <839,10,1>, <840,10,1>, <841,10,0>, <842,10,0>, <843,10,0>, <844,10,0>, <845,10,0>, <846,10,0>, <847,10,0>, <848,10,0>, <849,10,0>, <850,10,0>, <851,10,0>, <852,10,0>, <853,10,0>, <854,10,0>, <855,10,1>, <856,10,0>, <857,10,0>, <858,10,0>, <859,10,0>, <860,10,0>, <861,10,0>, <862,10,0>, <863,10,1>, <864,10,0>, <865,10,0>, <866,10,0>, <867,10,1>, <868,10,0>, <869,10,0>, <870,10,0>, <871,10,0>, <872,10,0>, <873,10,0>, <874,10,0>, <875,10,0>, <876,10,1>, <877,10,0>, <878,10,0>, <879,10,0>, <880,10,0>, <881,10,0>, <882,10,0>, <883,10,0>, <884,10,0>, <885,10,1>, <886,10,0>, <887,10,0>, <888,10,0>, <889,10,0>, <890,10,0>, <891,10,0>, <892,10,1>, <893,10,0>, <894,10,1>, <895,10,0>, <896,10,0>, <897,10,0>, <898,10,0>, <899,10,0>, <900,10,1>, <901,10,0>, <902,10,0>, <903,10,0>, <904,10,0>, <905,10,0>, <906,10,0>, <907,10,0>, <908,10,1>, <909,10,1>, <910,10,0>, <911,10,0>, <912,10,1>, <913,10,0>, <914,10,0>, <915,10,0>, <916,10,0>, <917,10,0>, <918,10,0>, <919,10,0>, <920,10,0>, <921,10,0>, <922,10,0>, <923,10,0>, <924,10,0>, <925,10,0>, <926,10,1>, <927,10,0>, <928,10,0>, <929,10,0>, <930,10,0>, <931,10,0>, <932,10,0>, <933,10,1>, <934,10,0>, <935,10,0>, <936,10,0>, <937,10,0>, <938,10,0>, <939,10,1>, <940,10,0>, <941,10,0>, <942,10,0>, <943,10,0>, <944,10,0>, <945,10,0>, <946,10,1>, <947,10,0>, <948,10,0>, <949,10,0>, <950,10,0>, <951,10,1>, <952,10,1>, <953,10,0>, <954,10,0>, <955,10,0>, <956,10,1>, <957,10,1>, <958,10,0>, <959,10,0>, <960,10,0>, <961,10,0>, <962,10,1>, <963,10,0>, <964,10,0>, <965,10,0>, <966,10,0>, <967,10,0>, <968,10,0>, <969,10,0>, <970,10,0>, <971,10,0>, <972,10,0>, <973,10,1>, <974,10,0>, <975,10,0>, <976,10,0>, <977,10,0>, <978,10,1>, <979,10,0>, <980,10,1>, <981,10,1>, <982,10,0>, <983,10,0>, <984,10,0>, <985,10,1>, <986,10,0>, <987,10,0>, <988,10,0>, <989,10,0>, <990,10,0>, <991,10,0>, <992,10,0>, <993,10,0>, <994,10,0>, <995,10,0>, <996,10,0>, <997,10,0>, <998,10,0>, <999,10,0>, <1000,10,0> };

MaxCacheStorageAtSingleAS= [ 0  0  1312.5  1312.5  0  0  1312.5  0  1312.5  1312.5 ] ;

MaxCacheStorage = 6562.5 ;
Strategy = 0 ;
