
ASes= { 1, 2, 3, 4, 5, 6, 7, 8, 9, 10 } ;


Objects= { 1, 2, 3, 4, 5, 6, 7, 8, 9, 10, 11, 12, 13, 14, 15, 16, 17, 18, 19, 20, 21, 22, 23, 24, 25, 26, 27, 28, 29, 30, 31, 32, 33, 34, 35, 36, 37, 38, 39, 40, 41, 42, 43, 44, 45, 46, 47, 48, 49, 50, 51, 52, 53, 54, 55, 56, 57, 58, 59, 60, 61, 62, 63, 64, 65, 66, 67, 68, 69, 70, 71, 72, 73, 74, 75, 76, 77, 78, 79, 80, 81, 82, 83, 84, 85, 86, 87, 88, 89, 90, 91, 92, 93, 94, 95, 96, 97, 98, 99, 100, 101, 102, 103, 104, 105, 106, 107, 108, 109, 110, 111, 112, 113, 114, 115, 116, 117, 118, 119, 120, 121, 122, 123, 124, 125, 126, 127, 128, 129, 130, 131, 132, 133, 134, 135, 136, 137, 138, 139, 140, 141, 142, 143, 144, 145, 146, 147, 148, 149, 150, 151, 152, 153, 154, 155, 156, 157, 158, 159, 160, 161, 162, 163, 164, 165, 166, 167, 168, 169, 170, 171, 172, 173, 174, 175, 176, 177, 178, 179, 180, 181, 182, 183, 184, 185, 186, 187, 188, 189, 190, 191, 192, 193, 194, 195, 196, 197, 198, 199, 200, 201, 202, 203, 204, 205, 206, 207, 208, 209, 210, 211, 212, 213, 214, 215, 216, 217, 218, 219, 220, 221, 222, 223, 224, 225, 226, 227, 228, 229, 230, 231, 232, 233, 234, 235, 236, 237, 238, 239, 240, 241, 242, 243, 244, 245, 246, 247, 248, 249, 250, 251, 252, 253, 254, 255, 256, 257, 258, 259, 260, 261, 262, 263, 264, 265, 266, 267, 268, 269, 270, 271, 272, 273, 274, 275, 276, 277, 278, 279, 280, 281, 282, 283, 284, 285, 286, 287, 288, 289, 290, 291, 292, 293, 294, 295, 296, 297, 298, 299, 300, 301, 302, 303, 304, 305, 306, 307, 308, 309, 310, 311, 312, 313, 314, 315, 316, 317, 318, 319, 320, 321, 322, 323, 324, 325, 326, 327, 328, 329, 330, 331, 332, 333, 334, 335, 336, 337, 338, 339, 340, 341, 342, 343, 344, 345, 346, 347, 348, 349, 350, 351, 352, 353, 354, 355, 356, 357, 358, 359, 360, 361, 362, 363, 364, 365, 366, 367, 368, 369, 370, 371, 372, 373, 374, 375, 376, 377, 378, 379, 380, 381, 382, 383, 384, 385, 386, 387, 388, 389, 390, 391, 392, 393, 394, 395, 396, 397, 398, 399, 400, 401, 402, 403, 404, 405, 406, 407, 408, 409, 410, 411, 412, 413, 414, 415, 416, 417, 418, 419, 420, 421, 422, 423, 424, 425, 426, 427, 428, 429, 430, 431, 432, 433, 434, 435, 436, 437, 438, 439, 440, 441, 442, 443, 444, 445, 446, 447, 448, 449, 450, 451, 452, 453, 454, 455, 456, 457, 458, 459, 460, 461, 462, 463, 464, 465, 466, 467, 468, 469, 470, 471, 472, 473, 474, 475, 476, 477, 478, 479, 480, 481, 482, 483, 484, 485, 486, 487, 488, 489, 490, 491, 492, 493, 494, 495, 496, 497, 498, 499, 500, 501, 502, 503, 504, 505, 506, 507, 508, 509, 510, 511, 512, 513, 514, 515, 516, 517, 518, 519, 520, 521, 522, 523, 524, 525, 526, 527, 528, 529, 530, 531, 532, 533, 534, 535, 536, 537, 538, 539, 540, 541, 542, 543, 544, 545, 546, 547, 548, 549, 550, 551, 552, 553, 554, 555, 556, 557, 558, 559, 560, 561, 562, 563, 564, 565, 566, 567, 568, 569, 570, 571, 572, 573, 574, 575, 576, 577, 578, 579, 580, 581, 582, 583, 584, 585, 586, 587, 588, 589, 590, 591, 592, 593, 594, 595, 596, 597, 598, 599, 600, 601, 602, 603, 604, 605, 606, 607, 608, 609, 610, 611, 612, 613, 614, 615, 616, 617, 618, 619, 620, 621, 622, 623, 624, 625, 626, 627, 628, 629, 630, 631, 632, 633, 634, 635, 636, 637, 638, 639, 640, 641, 642, 643, 644, 645, 646, 647, 648, 649, 650, 651, 652, 653, 654, 655, 656, 657, 658, 659, 660, 661, 662, 663, 664, 665, 666, 667, 668, 669, 670, 671, 672, 673, 674, 675, 676, 677, 678, 679, 680, 681, 682, 683, 684, 685, 686, 687, 688, 689, 690, 691, 692, 693, 694, 695, 696, 697, 698, 699, 700, 701, 702, 703, 704, 705, 706, 707, 708, 709, 710, 711, 712, 713, 714, 715, 716, 717, 718, 719, 720, 721, 722, 723, 724, 725, 726, 727, 728, 729, 730, 731, 732, 733, 734, 735, 736, 737, 738, 739, 740, 741, 742, 743, 744, 745, 746, 747, 748, 749, 750, 751, 752, 753, 754, 755, 756, 757, 758, 759, 760, 761, 762, 763, 764, 765, 766, 767, 768, 769, 770, 771, 772, 773, 774, 775, 776, 777, 778, 779, 780, 781, 782, 783, 784, 785, 786, 787, 788, 789, 790, 791, 792, 793, 794, 795, 796, 797, 798, 799, 800, 801, 802, 803, 804, 805, 806, 807, 808, 809, 810, 811, 812, 813, 814, 815, 816, 817, 818, 819, 820, 821, 822, 823, 824, 825, 826, 827, 828, 829, 830, 831, 832, 833, 834, 835, 836, 837, 838, 839, 840, 841, 842, 843, 844, 845, 846, 847, 848, 849, 850, 851, 852, 853, 854, 855, 856, 857, 858, 859, 860, 861, 862, 863, 864, 865, 866, 867, 868, 869, 870, 871, 872, 873, 874, 875, 876, 877, 878, 879, 880, 881, 882, 883, 884, 885, 886, 887, 888, 889, 890, 891, 892, 893, 894, 895, 896, 897, 898, 899, 900, 901, 902, 903, 904, 905, 906, 907, 908, 909, 910, 911, 912, 913, 914, 915, 916, 917, 918, 919, 920, 921, 922, 923, 924, 925, 926, 927, 928, 929, 930, 931, 932, 933, 934, 935, 936, 937, 938, 939, 940, 941, 942, 943, 944, 945, 946, 947, 948, 949, 950, 951, 952, 953, 954, 955, 956, 957, 958, 959, 960, 961, 962, 963, 964, 965, 966, 967, 968, 969, 970, 971, 972, 973, 974, 975, 976, 977, 978, 979, 980, 981, 982, 983, 984, 985, 986, 987, 988, 989, 990, 991, 992, 993, 994, 995, 996, 997, 998, 999, 1000 } ;


QualityLevels= { 0, 1, 2, 3, 4, 5 } ;

Arcs = { <1,2,490000>, <2,1,490000>,<2,3,490000>, <3,2,490000>,<1,4,490000>, <4,1,490000>,<1,5,490000>, <5,1,490000>,<1,6,490000>, <6,1,490000>,<5,7,490000>, <7,5,490000>,<1,8,490000>, <8,1,490000>,<5,9,490000>, <9,5,490000>,<8,10,490000>, <10,8,490000> }; 


RatePerQuality= [ 0  300  700  1500  2500  3500 ] ;


CacheSpacePerQuality= [ 10000  11.25  26.25  56.25  93.75  131.25 ] ;


UtilityPerQuality= [ 0  0.2  0.4  0.6  0.8  1 ] ;


ObjectsPublishedByProducers=[ [ 0  0  0  1  0  0  0  0  0  0 ]  [ 0  0  0  0  0  1  0  0  0  0 ]  [ 0  0  0  1  0  0  0  0  0  0 ]  [ 0  0  0  0  0  0  1  0  0  0 ]  [ 0  0  0  0  0  0  1  0  0  0 ]  [ 0  0  1  0  0  0  0  0  0  0 ]  [ 0  0  1  0  0  0  0  0  0  0 ]  [ 0  0  0  0  0  0  0  0  1  0 ]  [ 0  0  0  1  0  0  0  0  0  0 ]  [ 0  0  0  1  0  0  0  0  0  0 ]  [ 0  0  0  0  0  0  0  0  1  0 ]  [ 0  0  0  0  0  1  0  0  0  0 ]  [ 0  0  0  0  0  0  0  0  1  0 ]  [ 0  0  0  0  0  1  0  0  0  0 ]  [ 0  0  0  0  0  0  1  0  0  0 ]  [ 0  0  1  0  0  0  0  0  0  0 ]  [ 0  0  0  0  0  0  1  0  0  0 ]  [ 0  0  0  0  0  0  0  0  1  0 ]  [ 0  0  0  0  0  1  0  0  0  0 ]  [ 0  0  0  0  0  0  1  0  0  0 ]  [ 0  0  0  0  0  0  1  0  0  0 ]  [ 0  0  1  0  0  0  0  0  0  0 ]  [ 0  0  0  0  0  0  1  0  0  0 ]  [ 0  0  0  0  0  1  0  0  0  0 ]  [ 0  0  0  1  0  0  0  0  0  0 ]  [ 0  0  1  0  0  0  0  0  0  0 ]  [ 0  0  0  0  0  0  0  0  1  0 ]  [ 0  0  0  0  0  1  0  0  0  0 ]  [ 0  0  0  0  0  0  1  0  0  0 ]  [ 0  0  0  0  0  0  0  0  1  0 ]  [ 0  0  0  0  0  0  1  0  0  0 ]  [ 0  0  0  0  0  0  0  0  1  0 ]  [ 0  0  0  1  0  0  0  0  0  0 ]  [ 0  0  0  0  0  0  0  0  1  0 ]  [ 0  0  0  0  0  1  0  0  0  0 ]  [ 0  0  0  0  0  0  0  0  1  0 ]  [ 0  0  0  0  0  0  0  0  1  0 ]  [ 0  0  1  0  0  0  0  0  0  0 ]  [ 0  0  1  0  0  0  0  0  0  0 ]  [ 0  0  0  1  0  0  0  0  0  0 ]  [ 0  0  0  0  0  0  0  0  1  0 ]  [ 0  0  0  0  0  1  0  0  0  0 ]  [ 0  0  0  0  0  0  1  0  0  0 ]  [ 0  0  0  1  0  0  0  0  0  0 ]  [ 0  0  0  0  0  1  0  0  0  0 ]  [ 0  0  0  1  0  0  0  0  0  0 ]  [ 0  0  0  1  0  0  0  0  0  0 ]  [ 0  0  0  0  0  1  0  0  0  0 ]  [ 0  0  0  0  0  1  0  0  0  0 ]  [ 0  0  0  0  0  0  0  0  1  0 ]  [ 0  0  0  0  0  0  1  0  0  0 ]  [ 0  0  0  0  0  0  0  0  1  0 ]  [ 0  0  0  0  0  0  0  0  1  0 ]  [ 0  0  0  0  0  0  0  0  1  0 ]  [ 0  0  0  0  0  0  1  0  0  0 ]  [ 0  0  1  0  0  0  0  0  0  0 ]  [ 0  0  0  0  0  0  0  0  1  0 ]  [ 0  0  0  0  0  0  0  0  1  0 ]  [ 0  0  0  0  0  0  0  0  1  0 ]  [ 0  0  0  0  0  1  0  0  0  0 ]  [ 0  0  0  0  0  0  1  0  0  0 ]  [ 0  0  0  1  0  0  0  0  0  0 ]  [ 0  0  0  0  0  0  0  0  1  0 ]  [ 0  0  0  0  0  1  0  0  0  0 ]  [ 0  0  0  1  0  0  0  0  0  0 ]  [ 0  0  1  0  0  0  0  0  0  0 ]  [ 0  0  0  0  0  0  0  0  1  0 ]  [ 0  0  0  0  0  0  0  0  1  0 ]  [ 0  0  1  0  0  0  0  0  0  0 ]  [ 0  0  0  0  0  0  0  0  1  0 ]  [ 0  0  0  0  0  1  0  0  0  0 ]  [ 0  0  1  0  0  0  0  0  0  0 ]  [ 0  0  0  1  0  0  0  0  0  0 ]  [ 0  0  0  0  0  0  1  0  0  0 ]  [ 0  0  0  0  0  0  0  0  1  0 ]  [ 0  0  1  0  0  0  0  0  0  0 ]  [ 0  0  0  0  0  0  1  0  0  0 ]  [ 0  0  1  0  0  0  0  0  0  0 ]  [ 0  0  0  0  0  0  1  0  0  0 ]  [ 0  0  0  1  0  0  0  0  0  0 ]  [ 0  0  0  0  0  0  0  0  1  0 ]  [ 0  0  0  0  0  0  0  0  1  0 ]  [ 0  0  0  0  0  1  0  0  0  0 ]  [ 0  0  0  0  0  0  0  0  1  0 ]  [ 0  0  0  1  0  0  0  0  0  0 ]  [ 0  0  1  0  0  0  0  0  0  0 ]  [ 0  0  0  0  0  1  0  0  0  0 ]  [ 0  0  1  0  0  0  0  0  0  0 ]  [ 0  0  1  0  0  0  0  0  0  0 ]  [ 0  0  0  0  0  1  0  0  0  0 ]  [ 0  0  0  0  0  0  1  0  0  0 ]  [ 0  0  1  0  0  0  0  0  0  0 ]  [ 0  0  1  0  0  0  0  0  0  0 ]  [ 0  0  0  0  0  0  0  0  1  0 ]  [ 0  0  0  1  0  0  0  0  0  0 ]  [ 0  0  0  0  0  0  0  0  1  0 ]  [ 0  0  0  0  0  0  0  0  1  0 ]  [ 0  0  0  1  0  0  0  0  0  0 ]  [ 0  0  0  0  0  1  0  0  0  0 ]  [ 0  0  0  0  0  1  0  0  0  0 ]  [ 0  0  0  0  0  0  1  0  0  0 ]  [ 0  0  0  0  0  1  0  0  0  0 ]  [ 0  0  0  0  0  1  0  0  0  0 ]  [ 0  0  0  0  0  0  1  0  0  0 ]  [ 0  0  0  0  0  0  0  0  1  0 ]  [ 0  0  0  0  0  1  0  0  0  0 ]  [ 0  0  0  0  0  1  0  0  0  0 ]  [ 0  0  0  0  0  0  1  0  0  0 ]  [ 0  0  0  1  0  0  0  0  0  0 ]  [ 0  0  0  1  0  0  0  0  0  0 ]  [ 0  0  0  0  0  0  0  0  1  0 ]  [ 0  0  0  0  0  1  0  0  0  0 ]  [ 0  0  0  0  0  1  0  0  0  0 ]  [ 0  0  1  0  0  0  0  0  0  0 ]  [ 0  0  0  0  0  1  0  0  0  0 ]  [ 0  0  0  0  0  1  0  0  0  0 ]  [ 0  0  1  0  0  0  0  0  0  0 ]  [ 0  0  0  0  0  0  1  0  0  0 ]  [ 0  0  0  0  0  0  1  0  0  0 ]  [ 0  0  1  0  0  0  0  0  0  0 ]  [ 0  0  0  0  0  0  1  0  0  0 ]  [ 0  0  0  0  0  1  0  0  0  0 ]  [ 0  0  0  0  0  0  1  0  0  0 ]  [ 0  0  0  1  0  0  0  0  0  0 ]  [ 0  0  0  0  0  0  1  0  0  0 ]  [ 0  0  0  0  0  0  1  0  0  0 ]  [ 0  0  1  0  0  0  0  0  0  0 ]  [ 0  0  1  0  0  0  0  0  0  0 ]  [ 0  0  0  0  0  0  1  0  0  0 ]  [ 0  0  0  0  0  0  0  0  1  0 ]  [ 0  0  0  1  0  0  0  0  0  0 ]  [ 0  0  0  0  0  1  0  0  0  0 ]  [ 0  0  0  0  0  1  0  0  0  0 ]  [ 0  0  0  1  0  0  0  0  0  0 ]  [ 0  0  0  1  0  0  0  0  0  0 ]  [ 0  0  0  1  0  0  0  0  0  0 ]  [ 0  0  0  1  0  0  0  0  0  0 ]  [ 0  0  0  0  0  1  0  0  0  0 ]  [ 0  0  0  1  0  0  0  0  0  0 ]  [ 0  0  0  1  0  0  0  0  0  0 ]  [ 0  0  0  0  0  0  1  0  0  0 ]  [ 0  0  1  0  0  0  0  0  0  0 ]  [ 0  0  0  0  0  1  0  0  0  0 ]  [ 0  0  0  0  0  0  1  0  0  0 ]  [ 0  0  0  1  0  0  0  0  0  0 ]  [ 0  0  0  1  0  0  0  0  0  0 ]  [ 0  0  0  0  0  0  0  0  1  0 ]  [ 0  0  0  1  0  0  0  0  0  0 ]  [ 0  0  1  0  0  0  0  0  0  0 ]  [ 0  0  0  0  0  1  0  0  0  0 ]  [ 0  0  0  0  0  0  1  0  0  0 ]  [ 0  0  1  0  0  0  0  0  0  0 ]  [ 0  0  0  1  0  0  0  0  0  0 ]  [ 0  0  0  1  0  0  0  0  0  0 ]  [ 0  0  0  0  0  0  0  0  1  0 ]  [ 0  0  0  0  0  1  0  0  0  0 ]  [ 0  0  0  0  0  0  0  0  1  0 ]  [ 0  0  1  0  0  0  0  0  0  0 ]  [ 0  0  0  1  0  0  0  0  0  0 ]  [ 0  0  0  0  0  0  1  0  0  0 ]  [ 0  0  0  0  0  0  0  0  1  0 ]  [ 0  0  0  0  0  1  0  0  0  0 ]  [ 0  0  0  1  0  0  0  0  0  0 ]  [ 0  0  1  0  0  0  0  0  0  0 ]  [ 0  0  0  0  0  1  0  0  0  0 ]  [ 0  0  1  0  0  0  0  0  0  0 ]  [ 0  0  0  0  0  0  0  0  1  0 ]  [ 0  0  0  0  0  0  0  0  1  0 ]  [ 0  0  1  0  0  0  0  0  0  0 ]  [ 0  0  0  1  0  0  0  0  0  0 ]  [ 0  0  0  0  0  0  0  0  1  0 ]  [ 0  0  0  0  0  0  1  0  0  0 ]  [ 0  0  0  0  0  0  0  0  1  0 ]  [ 0  0  0  1  0  0  0  0  0  0 ]  [ 0  0  1  0  0  0  0  0  0  0 ]  [ 0  0  0  1  0  0  0  0  0  0 ]  [ 0  0  0  0  0  0  1  0  0  0 ]  [ 0  0  0  1  0  0  0  0  0  0 ]  [ 0  0  0  1  0  0  0  0  0  0 ]  [ 0  0  0  0  0  1  0  0  0  0 ]  [ 0  0  0  0  0  1  0  0  0  0 ]  [ 0  0  0  0  0  1  0  0  0  0 ]  [ 0  0  0  0  0  0  0  0  1  0 ]  [ 0  0  1  0  0  0  0  0  0  0 ]  [ 0  0  1  0  0  0  0  0  0  0 ]  [ 0  0  0  0  0  0  0  0  1  0 ]  [ 0  0  0  0  0  0  0  0  1  0 ]  [ 0  0  0  0  0  0  0  0  1  0 ]  [ 0  0  0  0  0  1  0  0  0  0 ]  [ 0  0  0  0  0  0  0  0  1  0 ]  [ 0  0  0  0  0  0  0  0  1  0 ]  [ 0  0  0  1  0  0  0  0  0  0 ]  [ 0  0  0  0  0  0  1  0  0  0 ]  [ 0  0  0  0  0  0  0  0  1  0 ]  [ 0  0  0  0  0  0  1  0  0  0 ]  [ 0  0  0  0  0  1  0  0  0  0 ]  [ 0  0  0  1  0  0  0  0  0  0 ]  [ 0  0  0  1  0  0  0  0  0  0 ]  [ 0  0  0  1  0  0  0  0  0  0 ]  [ 0  0  1  0  0  0  0  0  0  0 ]  [ 0  0  0  0  0  1  0  0  0  0 ]  [ 0  0  0  1  0  0  0  0  0  0 ]  [ 0  0  0  0  0  0  0  0  1  0 ]  [ 0  0  1  0  0  0  0  0  0  0 ]  [ 0  0  0  0  0  0  0  0  1  0 ]  [ 0  0  0  0  0  0  1  0  0  0 ]  [ 0  0  0  0  0  0  0  0  1  0 ]  [ 0  0  0  0  0  0  0  0  1  0 ]  [ 0  0  0  0  0  0  0  0  1  0 ]  [ 0  0  0  0  0  1  0  0  0  0 ]  [ 0  0  1  0  0  0  0  0  0  0 ]  [ 0  0  0  0  0  0  1  0  0  0 ]  [ 0  0  1  0  0  0  0  0  0  0 ]  [ 0  0  0  1  0  0  0  0  0  0 ]  [ 0  0  0  0  0  0  1  0  0  0 ]  [ 0  0  0  0  0  1  0  0  0  0 ]  [ 0  0  0  0  0  1  0  0  0  0 ]  [ 0  0  0  0  0  0  0  0  1  0 ]  [ 0  0  0  0  0  0  1  0  0  0 ]  [ 0  0  0  1  0  0  0  0  0  0 ]  [ 0  0  0  1  0  0  0  0  0  0 ]  [ 0  0  0  0  0  0  0  0  1  0 ]  [ 0  0  0  0  0  1  0  0  0  0 ]  [ 0  0  0  0  0  0  1  0  0  0 ]  [ 0  0  0  1  0  0  0  0  0  0 ]  [ 0  0  1  0  0  0  0  0  0  0 ]  [ 0  0  0  0  0  1  0  0  0  0 ]  [ 0  0  0  0  0  0  0  0  1  0 ]  [ 0  0  1  0  0  0  0  0  0  0 ]  [ 0  0  0  0  0  0  1  0  0  0 ]  [ 0  0  0  0  0  0  0  0  1  0 ]  [ 0  0  0  0  0  0  0  0  1  0 ]  [ 0  0  0  0  0  0  0  0  1  0 ]  [ 0  0  1  0  0  0  0  0  0  0 ]  [ 0  0  0  0  0  0  1  0  0  0 ]  [ 0  0  0  0  0  0  0  0  1  0 ]  [ 0  0  1  0  0  0  0  0  0  0 ]  [ 0  0  0  1  0  0  0  0  0  0 ]  [ 0  0  0  1  0  0  0  0  0  0 ]  [ 0  0  0  0  0  1  0  0  0  0 ]  [ 0  0  0  0  0  1  0  0  0  0 ]  [ 0  0  0  0  0  1  0  0  0  0 ]  [ 0  0  0  0  0  0  1  0  0  0 ]  [ 0  0  1  0  0  0  0  0  0  0 ]  [ 0  0  1  0  0  0  0  0  0  0 ]  [ 0  0  1  0  0  0  0  0  0  0 ]  [ 0  0  1  0  0  0  0  0  0  0 ]  [ 0  0  1  0  0  0  0  0  0  0 ]  [ 0  0  0  0  0  0  0  0  1  0 ]  [ 0  0  0  0  0  0  0  0  1  0 ]  [ 0  0  1  0  0  0  0  0  0  0 ]  [ 0  0  0  0  0  1  0  0  0  0 ]  [ 0  0  0  1  0  0  0  0  0  0 ]  [ 0  0  0  1  0  0  0  0  0  0 ]  [ 0  0  0  1  0  0  0  0  0  0 ]  [ 0  0  0  0  0  0  1  0  0  0 ]  [ 0  0  0  0  0  1  0  0  0  0 ]  [ 0  0  0  1  0  0  0  0  0  0 ]  [ 0  0  1  0  0  0  0  0  0  0 ]  [ 0  0  0  1  0  0  0  0  0  0 ]  [ 0  0  1  0  0  0  0  0  0  0 ]  [ 0  0  0  0  0  1  0  0  0  0 ]  [ 0  0  0  0  0  0  1  0  0  0 ]  [ 0  0  0  1  0  0  0  0  0  0 ]  [ 0  0  1  0  0  0  0  0  0  0 ]  [ 0  0  1  0  0  0  0  0  0  0 ]  [ 0  0  0  1  0  0  0  0  0  0 ]  [ 0  0  0  0  0  0  1  0  0  0 ]  [ 0  0  0  0  0  0  1  0  0  0 ]  [ 0  0  0  1  0  0  0  0  0  0 ]  [ 0  0  0  0  0  0  0  0  1  0 ]  [ 0  0  0  0  0  0  1  0  0  0 ]  [ 0  0  0  0  0  1  0  0  0  0 ]  [ 0  0  0  1  0  0  0  0  0  0 ]  [ 0  0  0  0  0  1  0  0  0  0 ]  [ 0  0  0  0  0  0  1  0  0  0 ]  [ 0  0  0  0  0  1  0  0  0  0 ]  [ 0  0  0  0  0  0  1  0  0  0 ]  [ 0  0  0  0  0  1  0  0  0  0 ]  [ 0  0  0  1  0  0  0  0  0  0 ]  [ 0  0  0  0  0  1  0  0  0  0 ]  [ 0  0  0  0  0  0  1  0  0  0 ]  [ 0  0  1  0  0  0  0  0  0  0 ]  [ 0  0  0  0  0  1  0  0  0  0 ]  [ 0  0  0  0  0  1  0  0  0  0 ]  [ 0  0  0  0  0  0  0  0  1  0 ]  [ 0  0  0  0  0  0  0  0  1  0 ]  [ 0  0  0  1  0  0  0  0  0  0 ]  [ 0  0  0  0  0  0  0  0  1  0 ]  [ 0  0  0  0  0  0  1  0  0  0 ]  [ 0  0  0  1  0  0  0  0  0  0 ]  [ 0  0  0  0  0  1  0  0  0  0 ]  [ 0  0  1  0  0  0  0  0  0  0 ]  [ 0  0  0  0  0  0  0  0  1  0 ]  [ 0  0  0  0  0  0  1  0  0  0 ]  [ 0  0  0  0  0  0  0  0  1  0 ]  [ 0  0  0  0  0  0  1  0  0  0 ]  [ 0  0  0  0  0  0  1  0  0  0 ]  [ 0  0  0  0  0  0  1  0  0  0 ]  [ 0  0  0  0  0  1  0  0  0  0 ]  [ 0  0  1  0  0  0  0  0  0  0 ]  [ 0  0  0  0  0  1  0  0  0  0 ]  [ 0  0  1  0  0  0  0  0  0  0 ]  [ 0  0  1  0  0  0  0  0  0  0 ]  [ 0  0  0  0  0  0  1  0  0  0 ]  [ 0  0  1  0  0  0  0  0  0  0 ]  [ 0  0  1  0  0  0  0  0  0  0 ]  [ 0  0  1  0  0  0  0  0  0  0 ]  [ 0  0  0  0  0  0  0  0  1  0 ]  [ 0  0  1  0  0  0  0  0  0  0 ]  [ 0  0  1  0  0  0  0  0  0  0 ]  [ 0  0  0  0  0  0  0  0  1  0 ]  [ 0  0  1  0  0  0  0  0  0  0 ]  [ 0  0  0  0  0  0  0  0  1  0 ]  [ 0  0  0  0  0  0  1  0  0  0 ]  [ 0  0  0  0  0  0  0  0  1  0 ]  [ 0  0  0  0  0  0  0  0  1  0 ]  [ 0  0  0  0  0  1  0  0  0  0 ]  [ 0  0  0  0  0  0  1  0  0  0 ]  [ 0  0  1  0  0  0  0  0  0  0 ]  [ 0  0  0  0  0  0  1  0  0  0 ]  [ 0  0  0  0  0  1  0  0  0  0 ]  [ 0  0  0  0  0  0  1  0  0  0 ]  [ 0  0  1  0  0  0  0  0  0  0 ]  [ 0  0  0  0  0  0  1  0  0  0 ]  [ 0  0  0  0  0  0  0  0  1  0 ]  [ 0  0  1  0  0  0  0  0  0  0 ]  [ 0  0  0  1  0  0  0  0  0  0 ]  [ 0  0  0  0  0  1  0  0  0  0 ]  [ 0  0  0  0  0  0  0  0  1  0 ]  [ 0  0  0  1  0  0  0  0  0  0 ]  [ 0  0  1  0  0  0  0  0  0  0 ]  [ 0  0  0  1  0  0  0  0  0  0 ]  [ 0  0  0  0  0  0  1  0  0  0 ]  [ 0  0  0  0  0  0  1  0  0  0 ]  [ 0  0  0  1  0  0  0  0  0  0 ]  [ 0  0  0  1  0  0  0  0  0  0 ]  [ 0  0  0  1  0  0  0  0  0  0 ]  [ 0  0  0  1  0  0  0  0  0  0 ]  [ 0  0  0  0  0  1  0  0  0  0 ]  [ 0  0  1  0  0  0  0  0  0  0 ]  [ 0  0  0  0  0  1  0  0  0  0 ]  [ 0  0  0  0  0  0  0  0  1  0 ]  [ 0  0  0  0  0  1  0  0  0  0 ]  [ 0  0  0  0  0  0  1  0  0  0 ]  [ 0  0  1  0  0  0  0  0  0  0 ]  [ 0  0  0  0  0  0  1  0  0  0 ]  [ 0  0  0  0  0  0  1  0  0  0 ]  [ 0  0  0  0  0  0  1  0  0  0 ]  [ 0  0  0  0  0  1  0  0  0  0 ]  [ 0  0  0  0  0  1  0  0  0  0 ]  [ 0  0  0  0  0  0  1  0  0  0 ]  [ 0  0  0  0  0  0  0  0  1  0 ]  [ 0  0  1  0  0  0  0  0  0  0 ]  [ 0  0  1  0  0  0  0  0  0  0 ]  [ 0  0  0  0  0  0  1  0  0  0 ]  [ 0  0  0  0  0  0  0  0  1  0 ]  [ 0  0  0  0  0  1  0  0  0  0 ]  [ 0  0  0  0  0  1  0  0  0  0 ]  [ 0  0  0  0  0  0  1  0  0  0 ]  [ 0  0  1  0  0  0  0  0  0  0 ]  [ 0  0  0  1  0  0  0  0  0  0 ]  [ 0  0  1  0  0  0  0  0  0  0 ]  [ 0  0  0  0  0  1  0  0  0  0 ]  [ 0  0  0  1  0  0  0  0  0  0 ]  [ 0  0  0  1  0  0  0  0  0  0 ]  [ 0  0  0  0  0  0  1  0  0  0 ]  [ 0  0  0  0  0  0  0  0  1  0 ]  [ 0  0  0  1  0  0  0  0  0  0 ]  [ 0  0  0  0  0  0  1  0  0  0 ]  [ 0  0  0  0  0  1  0  0  0  0 ]  [ 0  0  0  0  0  0  0  0  1  0 ]  [ 0  0  0  0  0  1  0  0  0  0 ]  [ 0  0  0  1  0  0  0  0  0  0 ]  [ 0  0  0  1  0  0  0  0  0  0 ]  [ 0  0  1  0  0  0  0  0  0  0 ]  [ 0  0  0  0  0  1  0  0  0  0 ]  [ 0  0  0  1  0  0  0  0  0  0 ]  [ 0  0  1  0  0  0  0  0  0  0 ]  [ 0  0  0  1  0  0  0  0  0  0 ]  [ 0  0  0  1  0  0  0  0  0  0 ]  [ 0  0  0  0  0  0  1  0  0  0 ]  [ 0  0  1  0  0  0  0  0  0  0 ]  [ 0  0  0  0  0  0  0  0  1  0 ]  [ 0  0  0  0  0  1  0  0  0  0 ]  [ 0  0  0  0  0  1  0  0  0  0 ]  [ 0  0  0  0  0  1  0  0  0  0 ]  [ 0  0  0  0  0  0  0  0  1  0 ]  [ 0  0  0  0  0  0  0  0  1  0 ]  [ 0  0  0  0  0  1  0  0  0  0 ]  [ 0  0  0  0  0  1  0  0  0  0 ]  [ 0  0  0  0  0  0  1  0  0  0 ]  [ 0  0  0  0  0  0  0  0  1  0 ]  [ 0  0  0  0  0  1  0  0  0  0 ]  [ 0  0  0  0  0  0  1  0  0  0 ]  [ 0  0  0  0  0  0  0  0  1  0 ]  [ 0  0  0  0  0  1  0  0  0  0 ]  [ 0  0  0  1  0  0  0  0  0  0 ]  [ 0  0  0  1  0  0  0  0  0  0 ]  [ 0  0  0  0  0  0  1  0  0  0 ]  [ 0  0  0  0  0  0  1  0  0  0 ]  [ 0  0  0  0  0  0  0  0  1  0 ]  [ 0  0  0  0  0  0  0  0  1  0 ]  [ 0  0  0  1  0  0  0  0  0  0 ]  [ 0  0  1  0  0  0  0  0  0  0 ]  [ 0  0  0  1  0  0  0  0  0  0 ]  [ 0  0  1  0  0  0  0  0  0  0 ]  [ 0  0  0  0  0  0  1  0  0  0 ]  [ 0  0  0  0  0  0  0  0  1  0 ]  [ 0  0  0  0  0  0  0  0  1  0 ]  [ 0  0  0  1  0  0  0  0  0  0 ]  [ 0  0  0  0  0  0  0  0  1  0 ]  [ 0  0  0  1  0  0  0  0  0  0 ]  [ 0  0  0  0  0  1  0  0  0  0 ]  [ 0  0  0  0  0  0  1  0  0  0 ]  [ 0  0  1  0  0  0  0  0  0  0 ]  [ 0  0  1  0  0  0  0  0  0  0 ]  [ 0  0  0  0  0  0  0  0  1  0 ]  [ 0  0  0  1  0  0  0  0  0  0 ]  [ 0  0  0  1  0  0  0  0  0  0 ]  [ 0  0  0  0  0  1  0  0  0  0 ]  [ 0  0  0  0  0  0  1  0  0  0 ]  [ 0  0  1  0  0  0  0  0  0  0 ]  [ 0  0  0  1  0  0  0  0  0  0 ]  [ 0  0  0  0  0  1  0  0  0  0 ]  [ 0  0  0  0  0  1  0  0  0  0 ]  [ 0  0  0  1  0  0  0  0  0  0 ]  [ 0  0  0  0  0  1  0  0  0  0 ]  [ 0  0  0  0  0  0  0  0  1  0 ]  [ 0  0  0  1  0  0  0  0  0  0 ]  [ 0  0  0  0  0  1  0  0  0  0 ]  [ 0  0  1  0  0  0  0  0  0  0 ]  [ 0  0  0  1  0  0  0  0  0  0 ]  [ 0  0  0  0  0  0  1  0  0  0 ]  [ 0  0  1  0  0  0  0  0  0  0 ]  [ 0  0  0  0  0  0  0  0  1  0 ]  [ 0  0  0  0  0  0  0  0  1  0 ]  [ 0  0  1  0  0  0  0  0  0  0 ]  [ 0  0  0  0  0  0  0  0  1  0 ]  [ 0  0  0  1  0  0  0  0  0  0 ]  [ 0  0  0  0  0  0  1  0  0  0 ]  [ 0  0  0  0  0  0  1  0  0  0 ]  [ 0  0  0  1  0  0  0  0  0  0 ]  [ 0  0  0  0  0  0  1  0  0  0 ]  [ 0  0  0  0  0  0  1  0  0  0 ]  [ 0  0  0  0  0  0  0  0  1  0 ]  [ 0  0  0  1  0  0  0  0  0  0 ]  [ 0  0  0  0  0  0  1  0  0  0 ]  [ 0  0  0  0  0  0  0  0  1  0 ]  [ 0  0  0  0  0  0  1  0  0  0 ]  [ 0  0  0  0  0  1  0  0  0  0 ]  [ 0  0  1  0  0  0  0  0  0  0 ]  [ 0  0  0  0  0  1  0  0  0  0 ]  [ 0  0  0  1  0  0  0  0  0  0 ]  [ 0  0  0  0  0  0  1  0  0  0 ]  [ 0  0  0  0  0  0  1  0  0  0 ]  [ 0  0  0  0  0  1  0  0  0  0 ]  [ 0  0  1  0  0  0  0  0  0  0 ]  [ 0  0  0  0  0  0  1  0  0  0 ]  [ 0  0  0  0  0  0  1  0  0  0 ]  [ 0  0  1  0  0  0  0  0  0  0 ]  [ 0  0  0  0  0  0  0  0  1  0 ]  [ 0  0  0  0  0  0  1  0  0  0 ]  [ 0  0  1  0  0  0  0  0  0  0 ]  [ 0  0  0  0  0  0  0  0  1  0 ]  [ 0  0  1  0  0  0  0  0  0  0 ]  [ 0  0  0  1  0  0  0  0  0  0 ]  [ 0  0  0  0  0  0  1  0  0  0 ]  [ 0  0  0  0  0  1  0  0  0  0 ]  [ 0  0  0  0  0  1  0  0  0  0 ]  [ 0  0  0  0  0  0  1  0  0  0 ]  [ 0  0  0  0  0  1  0  0  0  0 ]  [ 0  0  0  1  0  0  0  0  0  0 ]  [ 0  0  1  0  0  0  0  0  0  0 ]  [ 0  0  1  0  0  0  0  0  0  0 ]  [ 0  0  0  0  0  0  1  0  0  0 ]  [ 0  0  0  0  0  0  1  0  0  0 ]  [ 0  0  0  0  0  1  0  0  0  0 ]  [ 0  0  0  0  0  0  1  0  0  0 ]  [ 0  0  0  1  0  0  0  0  0  0 ]  [ 0  0  0  1  0  0  0  0  0  0 ]  [ 0  0  0  1  0  0  0  0  0  0 ]  [ 0  0  0  0  0  0  0  0  1  0 ]  [ 0  0  1  0  0  0  0  0  0  0 ]  [ 0  0  0  0  0  1  0  0  0  0 ]  [ 0  0  0  1  0  0  0  0  0  0 ]  [ 0  0  0  0  0  0  1  0  0  0 ]  [ 0  0  0  1  0  0  0  0  0  0 ]  [ 0  0  0  1  0  0  0  0  0  0 ]  [ 0  0  0  0  0  1  0  0  0  0 ]  [ 0  0  0  0  0  1  0  0  0  0 ]  [ 0  0  0  0  0  0  1  0  0  0 ]  [ 0  0  0  1  0  0  0  0  0  0 ]  [ 0  0  0  0  0  0  0  0  1  0 ]  [ 0  0  1  0  0  0  0  0  0  0 ]  [ 0  0  0  1  0  0  0  0  0  0 ]  [ 0  0  1  0  0  0  0  0  0  0 ]  [ 0  0  1  0  0  0  0  0  0  0 ]  [ 0  0  0  0  0  0  1  0  0  0 ]  [ 0  0  0  0  0  0  1  0  0  0 ]  [ 0  0  1  0  0  0  0  0  0  0 ]  [ 0  0  1  0  0  0  0  0  0  0 ]  [ 0  0  0  0  0  1  0  0  0  0 ]  [ 0  0  0  0  0  0  1  0  0  0 ]  [ 0  0  0  0  0  0  0  0  1  0 ]  [ 0  0  0  0  0  0  1  0  0  0 ]  [ 0  0  0  0  0  1  0  0  0  0 ]  [ 0  0  1  0  0  0  0  0  0  0 ]  [ 0  0  0  1  0  0  0  0  0  0 ]  [ 0  0  1  0  0  0  0  0  0  0 ]  [ 0  0  0  0  0  1  0  0  0  0 ]  [ 0  0  0  0  0  1  0  0  0  0 ]  [ 0  0  0  1  0  0  0  0  0  0 ]  [ 0  0  0  1  0  0  0  0  0  0 ]  [ 0  0  0  0  0  0  1  0  0  0 ]  [ 0  0  1  0  0  0  0  0  0  0 ]  [ 0  0  0  0  0  0  0  0  1  0 ]  [ 0  0  0  0  0  0  0  0  1  0 ]  [ 0  0  0  0  0  0  0  0  1  0 ]  [ 0  0  0  1  0  0  0  0  0  0 ]  [ 0  0  0  0  0  1  0  0  0  0 ]  [ 0  0  0  0  0  1  0  0  0  0 ]  [ 0  0  0  0  0  0  1  0  0  0 ]  [ 0  0  0  0  0  0  0  0  1  0 ]  [ 0  0  0  0  0  0  1  0  0  0 ]  [ 0  0  0  1  0  0  0  0  0  0 ]  [ 0  0  0  0  0  0  0  0  1  0 ]  [ 0  0  0  0  0  1  0  0  0  0 ]  [ 0  0  0  0  0  0  1  0  0  0 ]  [ 0  0  0  0  0  0  1  0  0  0 ]  [ 0  0  1  0  0  0  0  0  0  0 ]  [ 0  0  0  0  0  0  1  0  0  0 ]  [ 0  0  0  0  0  0  1  0  0  0 ]  [ 0  0  0  0  0  1  0  0  0  0 ]  [ 0  0  0  0  0  1  0  0  0  0 ]  [ 0  0  0  0  0  1  0  0  0  0 ]  [ 0  0  1  0  0  0  0  0  0  0 ]  [ 0  0  0  0  0  1  0  0  0  0 ]  [ 0  0  1  0  0  0  0  0  0  0 ]  [ 0  0  0  0  0  1  0  0  0  0 ]  [ 0  0  0  0  0  0  1  0  0  0 ]  [ 0  0  0  0  0  1  0  0  0  0 ]  [ 0  0  0  0  0  1  0  0  0  0 ]  [ 0  0  0  0  0  0  0  0  1  0 ]  [ 0  0  0  0  0  0  0  0  1  0 ]  [ 0  0  1  0  0  0  0  0  0  0 ]  [ 0  0  0  0  0  0  1  0  0  0 ]  [ 0  0  0  0  0  0  1  0  0  0 ]  [ 0  0  1  0  0  0  0  0  0  0 ]  [ 0  0  0  1  0  0  0  0  0  0 ]  [ 0  0  0  1  0  0  0  0  0  0 ]  [ 0  0  1  0  0  0  0  0  0  0 ]  [ 0  0  0  0  0  1  0  0  0  0 ]  [ 0  0  0  0  0  0  0  0  1  0 ]  [ 0  0  0  1  0  0  0  0  0  0 ]  [ 0  0  0  0  0  0  0  0  1  0 ]  [ 0  0  0  0  0  0  1  0  0  0 ]  [ 0  0  1  0  0  0  0  0  0  0 ]  [ 0  0  0  0  0  0  0  0  1  0 ]  [ 0  0  0  0  0  0  1  0  0  0 ]  [ 0  0  0  0  0  0  0  0  1  0 ]  [ 0  0  0  0  0  0  1  0  0  0 ]  [ 0  0  0  0  0  0  1  0  0  0 ]  [ 0  0  0  1  0  0  0  0  0  0 ]  [ 0  0  0  0  0  0  0  0  1  0 ]  [ 0  0  0  0  0  0  0  0  1  0 ]  [ 0  0  0  0  0  0  0  0  1  0 ]  [ 0  0  0  0  0  1  0  0  0  0 ]  [ 0  0  0  0  0  0  1  0  0  0 ]  [ 0  0  0  0  0  1  0  0  0  0 ]  [ 0  0  1  0  0  0  0  0  0  0 ]  [ 0  0  1  0  0  0  0  0  0  0 ]  [ 0  0  1  0  0  0  0  0  0  0 ]  [ 0  0  0  1  0  0  0  0  0  0 ]  [ 0  0  1  0  0  0  0  0  0  0 ]  [ 0  0  0  0  0  1  0  0  0  0 ]  [ 0  0  0  0  0  0  1  0  0  0 ]  [ 0  0  0  0  0  1  0  0  0  0 ]  [ 0  0  0  0  0  1  0  0  0  0 ]  [ 0  0  0  0  0  0  1  0  0  0 ]  [ 0  0  0  1  0  0  0  0  0  0 ]  [ 0  0  0  0  0  1  0  0  0  0 ]  [ 0  0  0  0  0  0  1  0  0  0 ]  [ 0  0  0  0  0  1  0  0  0  0 ]  [ 0  0  1  0  0  0  0  0  0  0 ]  [ 0  0  0  0  0  0  0  0  1  0 ]  [ 0  0  0  0  0  0  1  0  0  0 ]  [ 0  0  0  1  0  0  0  0  0  0 ]  [ 0  0  0  1  0  0  0  0  0  0 ]  [ 0  0  0  0  0  1  0  0  0  0 ]  [ 0  0  0  0  0  1  0  0  0  0 ]  [ 0  0  0  1  0  0  0  0  0  0 ]  [ 0  0  1  0  0  0  0  0  0  0 ]  [ 0  0  0  1  0  0  0  0  0  0 ]  [ 0  0  0  0  0  0  1  0  0  0 ]  [ 0  0  1  0  0  0  0  0  0  0 ]  [ 0  0  0  0  0  1  0  0  0  0 ]  [ 0  0  1  0  0  0  0  0  0  0 ]  [ 0  0  0  1  0  0  0  0  0  0 ]  [ 0  0  1  0  0  0  0  0  0  0 ]  [ 0  0  0  0  0  1  0  0  0  0 ]  [ 0  0  1  0  0  0  0  0  0  0 ]  [ 0  0  1  0  0  0  0  0  0  0 ]  [ 0  0  1  0  0  0  0  0  0  0 ]  [ 0  0  1  0  0  0  0  0  0  0 ]  [ 0  0  0  0  0  1  0  0  0  0 ]  [ 0  0  1  0  0  0  0  0  0  0 ]  [ 0  0  1  0  0  0  0  0  0  0 ]  [ 0  0  0  0  0  1  0  0  0  0 ]  [ 0  0  0  0  0  1  0  0  0  0 ]  [ 0  0  0  0  0  0  1  0  0  0 ]  [ 0  0  1  0  0  0  0  0  0  0 ]  [ 0  0  0  0  0  1  0  0  0  0 ]  [ 0  0  0  1  0  0  0  0  0  0 ]  [ 0  0  1  0  0  0  0  0  0  0 ]  [ 0  0  0  0  0  0  0  0  1  0 ]  [ 0  0  0  1  0  0  0  0  0  0 ]  [ 0  0  1  0  0  0  0  0  0  0 ]  [ 0  0  0  0  0  1  0  0  0  0 ]  [ 0  0  1  0  0  0  0  0  0  0 ]  [ 0  0  0  0  0  0  1  0  0  0 ]  [ 0  0  0  1  0  0  0  0  0  0 ]  [ 0  0  1  0  0  0  0  0  0  0 ]  [ 0  0  1  0  0  0  0  0  0  0 ]  [ 0  0  0  0  0  0  1  0  0  0 ]  [ 0  0  0  1  0  0  0  0  0  0 ]  [ 0  0  0  0  0  0  1  0  0  0 ]  [ 0  0  0  0  0  1  0  0  0  0 ]  [ 0  0  0  0  0  0  0  0  1  0 ]  [ 0  0  0  1  0  0  0  0  0  0 ]  [ 0  0  0  1  0  0  0  0  0  0 ]  [ 0  0  0  1  0  0  0  0  0  0 ]  [ 0  0  0  0  0  0  0  0  1  0 ]  [ 0  0  0  0  0  0  1  0  0  0 ]  [ 0  0  0  1  0  0  0  0  0  0 ]  [ 0  0  1  0  0  0  0  0  0  0 ]  [ 0  0  0  0  0  0  1  0  0  0 ]  [ 0  0  0  0  0  0  0  0  1  0 ]  [ 0  0  0  0  0  1  0  0  0  0 ]  [ 0  0  1  0  0  0  0  0  0  0 ]  [ 0  0  1  0  0  0  0  0  0  0 ]  [ 0  0  1  0  0  0  0  0  0  0 ]  [ 0  0  1  0  0  0  0  0  0  0 ]  [ 0  0  1  0  0  0  0  0  0  0 ]  [ 0  0  1  0  0  0  0  0  0  0 ]  [ 0  0  0  0  0  0  1  0  0  0 ]  [ 0  0  0  0  0  0  0  0  1  0 ]  [ 0  0  0  1  0  0  0  0  0  0 ]  [ 0  0  0  0  0  0  0  0  1  0 ]  [ 0  0  0  0  0  1  0  0  0  0 ]  [ 0  0  0  0  0  0  0  0  1  0 ]  [ 0  0  0  0  0  0  0  0  1  0 ]  [ 0  0  0  0  0  0  0  0  1  0 ]  [ 0  0  1  0  0  0  0  0  0  0 ]  [ 0  0  0  1  0  0  0  0  0  0 ]  [ 0  0  0  0  0  0  1  0  0  0 ]  [ 0  0  0  0  0  0  0  0  1  0 ]  [ 0  0  1  0  0  0  0  0  0  0 ]  [ 0  0  0  1  0  0  0  0  0  0 ]  [ 0  0  0  0  0  0  0  0  1  0 ]  [ 0  0  1  0  0  0  0  0  0  0 ]  [ 0  0  0  1  0  0  0  0  0  0 ]  [ 0  0  0  1  0  0  0  0  0  0 ]  [ 0  0  0  0  0  0  1  0  0  0 ]  [ 0  0  0  0  0  0  0  0  1  0 ]  [ 0  0  1  0  0  0  0  0  0  0 ]  [ 0  0  0  0  0  0  1  0  0  0 ]  [ 0  0  0  0  0  0  1  0  0  0 ]  [ 0  0  0  0  0  0  0  0  1  0 ]  [ 0  0  0  0  0  1  0  0  0  0 ]  [ 0  0  0  0  0  0  0  0  1  0 ]  [ 0  0  0  1  0  0  0  0  0  0 ]  [ 0  0  0  0  0  1  0  0  0  0 ]  [ 0  0  0  1  0  0  0  0  0  0 ]  [ 0  0  0  0  0  0  1  0  0  0 ]  [ 0  0  0  0  0  1  0  0  0  0 ]  [ 0  0  0  1  0  0  0  0  0  0 ]  [ 0  0  1  0  0  0  0  0  0  0 ]  [ 0  0  0  0  0  0  1  0  0  0 ]  [ 0  0  0  0  0  0  1  0  0  0 ]  [ 0  0  0  0  0  0  1  0  0  0 ]  [ 0  0  0  1  0  0  0  0  0  0 ]  [ 0  0  0  0  0  1  0  0  0  0 ]  [ 0  0  1  0  0  0  0  0  0  0 ]  [ 0  0  0  0  0  0  1  0  0  0 ]  [ 0  0  1  0  0  0  0  0  0  0 ]  [ 0  0  0  0  0  1  0  0  0  0 ]  [ 0  0  0  0  0  0  1  0  0  0 ]  [ 0  0  0  0  0  0  1  0  0  0 ]  [ 0  0  1  0  0  0  0  0  0  0 ]  [ 0  0  0  1  0  0  0  0  0  0 ]  [ 0  0  0  0  0  0  0  0  1  0 ]  [ 0  0  0  0  0  0  1  0  0  0 ]  [ 0  0  0  0  0  0  0  0  1  0 ]  [ 0  0  0  0  0  0  0  0  1  0 ]  [ 0  0  0  0  0  1  0  0  0  0 ]  [ 0  0  0  0  0  0  0  0  1  0 ]  [ 0  0  0  0  0  0  1  0  0  0 ]  [ 0  0  0  1  0  0  0  0  0  0 ]  [ 0  0  0  1  0  0  0  0  0  0 ]  [ 0  0  1  0  0  0  0  0  0  0 ]  [ 0  0  0  1  0  0  0  0  0  0 ]  [ 0  0  0  0  0  0  0  0  1  0 ]  [ 0  0  1  0  0  0  0  0  0  0 ]  [ 0  0  0  0  0  1  0  0  0  0 ]  [ 0  0  1  0  0  0  0  0  0  0 ]  [ 0  0  1  0  0  0  0  0  0  0 ]  [ 0  0  0  0  0  0  1  0  0  0 ]  [ 0  0  0  1  0  0  0  0  0  0 ]  [ 0  0  1  0  0  0  0  0  0  0 ]  [ 0  0  1  0  0  0  0  0  0  0 ]  [ 0  0  0  0  0  0  1  0  0  0 ]  [ 0  0  0  0  0  1  0  0  0  0 ]  [ 0  0  1  0  0  0  0  0  0  0 ]  [ 0  0  0  1  0  0  0  0  0  0 ]  [ 0  0  0  0  0  0  0  0  1  0 ]  [ 0  0  0  1  0  0  0  0  0  0 ]  [ 0  0  0  0  0  1  0  0  0  0 ]  [ 0  0  0  0  0  1  0  0  0  0 ]  [ 0  0  0  0  0  0  1  0  0  0 ]  [ 0  0  0  0  0  0  1  0  0  0 ]  [ 0  0  0  0  0  0  1  0  0  0 ]  [ 0  0  0  0  0  1  0  0  0  0 ]  [ 0  0  1  0  0  0  0  0  0  0 ]  [ 0  0  1  0  0  0  0  0  0  0 ]  [ 0  0  1  0  0  0  0  0  0  0 ]  [ 0  0  0  0  0  0  0  0  1  0 ]  [ 0  0  1  0  0  0  0  0  0  0 ]  [ 0  0  1  0  0  0  0  0  0  0 ]  [ 0  0  0  0  0  0  0  0  1  0 ]  [ 0  0  1  0  0  0  0  0  0  0 ]  [ 0  0  0  0  0  0  0  0  1  0 ]  [ 0  0  1  0  0  0  0  0  0  0 ]  [ 0  0  0  0  0  1  0  0  0  0 ]  [ 0  0  0  1  0  0  0  0  0  0 ]  [ 0  0  0  0  0  0  0  0  1  0 ]  [ 0  0  0  0  0  0  1  0  0  0 ]  [ 0  0  0  0  0  0  1  0  0  0 ]  [ 0  0  0  0  0  0  1  0  0  0 ]  [ 0  0  0  0  0  0  0  0  1  0 ]  [ 0  0  0  1  0  0  0  0  0  0 ]  [ 0  0  0  0  0  0  1  0  0  0 ]  [ 0  0  0  0  0  1  0  0  0  0 ]  [ 0  0  1  0  0  0  0  0  0  0 ]  [ 0  0  0  0  0  0  0  0  1  0 ]  [ 0  0  0  0  0  1  0  0  0  0 ]  [ 0  0  0  0  0  0  0  0  1  0 ]  [ 0  0  0  1  0  0  0  0  0  0 ]  [ 0  0  0  0  0  1  0  0  0  0 ]  [ 0  0  0  0  0  1  0  0  0  0 ]  [ 0  0  0  0  0  0  1  0  0  0 ]  [ 0  0  1  0  0  0  0  0  0  0 ]  [ 0  0  0  1  0  0  0  0  0  0 ]  [ 0  0  0  0  0  1  0  0  0  0 ]  [ 0  0  1  0  0  0  0  0  0  0 ]  [ 0  0  0  0  0  1  0  0  0  0 ]  [ 0  0  0  0  0  0  1  0  0  0 ]  [ 0  0  0  0  0  1  0  0  0  0 ]  [ 0  0  0  0  0  0  1  0  0  0 ]  [ 0  0  0  0  0  0  1  0  0  0 ]  [ 0  0  0  1  0  0  0  0  0  0 ]  [ 0  0  0  1  0  0  0  0  0  0 ]  [ 0  0  0  0  0  0  0  0  1  0 ]  [ 0  0  0  1  0  0  0  0  0  0 ]  [ 0  0  0  0  0  1  0  0  0  0 ]  [ 0  0  1  0  0  0  0  0  0  0 ]  [ 0  0  0  1  0  0  0  0  0  0 ]  [ 0  0  1  0  0  0  0  0  0  0 ]  [ 0  0  0  0  0  0  0  0  1  0 ]  [ 0  0  0  0  0  0  1  0  0  0 ]  [ 0  0  0  0  0  0  0  0  1  0 ]  [ 0  0  0  0  0  0  0  0  1  0 ]  [ 0  0  0  0  0  0  1  0  0  0 ]  [ 0  0  0  0  0  0  0  0  1  0 ]  [ 0  0  0  0  0  1  0  0  0  0 ]  [ 0  0  0  0  0  1  0  0  0  0 ]  [ 0  0  0  0  0  0  0  0  1  0 ]  [ 0  0  0  0  0  0  0  0  1  0 ]  [ 0  0  0  0  0  0  0  0  1  0 ]  [ 0  0  0  0  0  1  0  0  0  0 ]  [ 0  0  0  0  0  0  1  0  0  0 ]  [ 0  0  0  0  0  1  0  0  0  0 ]  [ 0  0  0  0  0  0  0  0  1  0 ]  [ 0  0  0  0  0  0  0  0  1  0 ]  [ 0  0  0  1  0  0  0  0  0  0 ]  [ 0  0  0  0  0  0  0  0  1  0 ]  [ 0  0  1  0  0  0  0  0  0  0 ]  [ 0  0  1  0  0  0  0  0  0  0 ]  [ 0  0  0  0  0  0  1  0  0  0 ]  [ 0  0  0  1  0  0  0  0  0  0 ]  [ 0  0  0  0  0  1  0  0  0  0 ]  [ 0  0  0  0  0  0  1  0  0  0 ]  [ 0  0  1  0  0  0  0  0  0  0 ]  [ 0  0  0  0  0  0  1  0  0  0 ]  [ 0  0  0  1  0  0  0  0  0  0 ]  [ 0  0  0  0  0  1  0  0  0  0 ]  [ 0  0  0  1  0  0  0  0  0  0 ]  [ 0  0  0  0  0  0  1  0  0  0 ]  [ 0  0  0  0  0  0  1  0  0  0 ]  [ 0  0  0  1  0  0  0  0  0  0 ]  [ 0  0  1  0  0  0  0  0  0  0 ]  [ 0  0  0  1  0  0  0  0  0  0 ]  [ 0  0  0  0  0  1  0  0  0  0 ]  [ 0  0  1  0  0  0  0  0  0  0 ]  [ 0  0  1  0  0  0  0  0  0  0 ]  [ 0  0  0  0  0  0  1  0  0  0 ]  [ 0  0  0  0  0  0  1  0  0  0 ]  [ 0  0  0  0  0  0  0  0  1  0 ]  [ 0  0  0  0  0  0  0  0  1  0 ]  [ 0  0  0  0  0  0  0  0  1  0 ]  [ 0  0  0  1  0  0  0  0  0  0 ]  [ 0  0  1  0  0  0  0  0  0  0 ]  [ 0  0  0  1  0  0  0  0  0  0 ]  [ 0  0  0  0  0  1  0  0  0  0 ]  [ 0  0  0  0  0  1  0  0  0  0 ]  [ 0  0  0  0  0  1  0  0  0  0 ]  [ 0  0  0  1  0  0  0  0  0  0 ]  [ 0  0  0  0  0  0  0  0  1  0 ]  [ 0  0  0  1  0  0  0  0  0  0 ]  [ 0  0  0  0  0  1  0  0  0  0 ]  [ 0  0  0  0  0  0  0  0  1  0 ]  [ 0  0  0  0  0  0  0  0  1  0 ]  [ 0  0  0  1  0  0  0  0  0  0 ]  [ 0  0  0  1  0  0  0  0  0  0 ]  [ 0  0  0  0  0  0  0  0  1  0 ]  [ 0  0  1  0  0  0  0  0  0  0 ]  [ 0  0  1  0  0  0  0  0  0  0 ]  [ 0  0  0  0  0  1  0  0  0  0 ]  [ 0  0  0  0  0  1  0  0  0  0 ]  [ 0  0  1  0  0  0  0  0  0  0 ]  [ 0  0  1  0  0  0  0  0  0  0 ]  [ 0  0  0  1  0  0  0  0  0  0 ]  [ 0  0  0  0  0  0  1  0  0  0 ]  [ 0  0  0  0  0  1  0  0  0  0 ]  [ 0  0  0  0  0  0  0  0  1  0 ]  [ 0  0  0  0  0  0  1  0  0  0 ]  [ 0  0  0  0  0  0  0  0  1  0 ]  [ 0  0  1  0  0  0  0  0  0  0 ]  [ 0  0  1  0  0  0  0  0  0  0 ]  [ 0  0  1  0  0  0  0  0  0  0 ]  [ 0  0  0  0  0  1  0  0  0  0 ]  [ 0  0  0  1  0  0  0  0  0  0 ]  [ 0  0  1  0  0  0  0  0  0  0 ]  [ 0  0  0  0  0  1  0  0  0  0 ]  [ 0  0  1  0  0  0  0  0  0  0 ]  [ 0  0  0  1  0  0  0  0  0  0 ]  [ 0  0  0  1  0  0  0  0  0  0 ]  [ 0  0  0  0  0  0  0  0  1  0 ]  [ 0  0  0  0  0  1  0  0  0  0 ]  [ 0  0  0  1  0  0  0  0  0  0 ]  [ 0  0  1  0  0  0  0  0  0  0 ]  [ 0  0  0  0  0  1  0  0  0  0 ]  [ 0  0  0  0  0  0  1  0  0  0 ]  [ 0  0  0  0  0  0  1  0  0  0 ]  [ 0  0  0  0  0  0  0  0  1  0 ]  [ 0  0  0  0  0  0  0  0  1  0 ]  [ 0  0  0  1  0  0  0  0  0  0 ]  [ 0  0  1  0  0  0  0  0  0  0 ]  [ 0  0  0  0  0  0  1  0  0  0 ]  [ 0  0  0  0  0  0  1  0  0  0 ]  [ 0  0  0  0  0  1  0  0  0  0 ]  [ 0  0  0  0  0  0  0  0  1  0 ]  [ 0  0  0  0  0  1  0  0  0  0 ]  [ 0  0  0  1  0  0  0  0  0  0 ]  [ 0  0  1  0  0  0  0  0  0  0 ]  [ 0  0  1  0  0  0  0  0  0  0 ]  [ 0  0  0  0  0  0  1  0  0  0 ]  [ 0  0  0  0  0  0  0  0  1  0 ]  [ 0  0  0  0  0  0  0  0  1  0 ]  [ 0  0  0  0  0  1  0  0  0  0 ]  [ 0  0  0  0  0  0  1  0  0  0 ]  [ 0  0  0  0  0  0  0  0  1  0 ]  [ 0  0  0  0  0  0  0  0  1  0 ]  [ 0  0  0  0  0  0  1  0  0  0 ]  [ 0  0  0  0  0  1  0  0  0  0 ]  [ 0  0  0  0  0  1  0  0  0  0 ]  [ 0  0  1  0  0  0  0  0  0  0 ]  [ 0  0  1  0  0  0  0  0  0  0 ]  [ 0  0  0  0  0  0  1  0  0  0 ]  [ 0  0  0  0  0  0  0  0  1  0 ]  [ 0  0  0  0  0  1  0  0  0  0 ]  [ 0  0  0  0  0  1  0  0  0  0 ]  [ 0  0  0  1  0  0  0  0  0  0 ]  [ 0  0  0  0  0  1  0  0  0  0 ]  [ 0  0  0  0  0  0  0  0  1  0 ]  [ 0  0  0  0  0  1  0  0  0  0 ]  [ 0  0  0  0  0  0  0  0  1  0 ]  [ 0  0  1  0  0  0  0  0  0  0 ]  [ 0  0  0  1  0  0  0  0  0  0 ]  [ 0  0  0  0  0  1  0  0  0  0 ]  [ 0  0  0  0  0  1  0  0  0  0 ]  [ 0  0  0  0  0  0  0  0  1  0 ]  [ 0  0  0  0  0  0  0  0  1  0 ]  [ 0  0  0  0  0  0  0  0  1  0 ]  [ 0  0  0  0  0  0  1  0  0  0 ]  [ 0  0  1  0  0  0  0  0  0  0 ]  [ 0  0  0  0  0  1  0  0  0  0 ]  [ 0  0  0  0  0  1  0  0  0  0 ]  [ 0  0  0  0  0  1  0  0  0  0 ]  [ 0  0  0  1  0  0  0  0  0  0 ]  [ 0  0  0  0  0  0  1  0  0  0 ]  [ 0  0  0  0  0  0  0  0  1  0 ]  [ 0  0  1  0  0  0  0  0  0  0 ]  [ 0  0  0  0  0  0  1  0  0  0 ]  [ 0  0  0  1  0  0  0  0  0  0 ]  [ 0  0  0  0  0  1  0  0  0  0 ]  [ 0  0  0  0  0  0  0  0  1  0 ]  [ 0  0  0  0  0  0  0  0  1  0 ]  [ 0  0  0  0  0  0  1  0  0  0 ]  [ 0  0  1  0  0  0  0  0  0  0 ]  [ 0  0  0  0  0  0  0  0  1  0 ]  [ 0  0  1  0  0  0  0  0  0  0 ]  [ 0  0  0  1  0  0  0  0  0  0 ]  [ 0  0  0  0  0  0  0  0  1  0 ]  [ 0  0  0  1  0  0  0  0  0  0 ]  [ 0  0  0  1  0  0  0  0  0  0 ]  [ 0  0  0  0  0  0  0  0  1  0 ]  [ 0  0  0  0  0  0  0  0  1  0 ]  [ 0  0  0  1  0  0  0  0  0  0 ]  [ 0  0  0  1  0  0  0  0  0  0 ]  [ 0  0  0  1  0  0  0  0  0  0 ]  [ 0  0  1  0  0  0  0  0  0  0 ]  [ 0  0  0  1  0  0  0  0  0  0 ]  [ 0  0  0  0  0  0  0  0  1  0 ]  [ 0  0  1  0  0  0  0  0  0  0 ]  [ 0  0  0  1  0  0  0  0  0  0 ]  [ 0  0  1  0  0  0  0  0  0  0 ]  [ 0  0  1  0  0  0  0  0  0  0 ]  [ 0  0  0  0  0  1  0  0  0  0 ]  [ 0  0  0  0  0  0  1  0  0  0 ]  [ 0  0  0  0  0  0  0  0  1  0 ]  [ 0  0  0  0  0  0  1  0  0  0 ]  [ 0  0  0  0  0  0  0  0  1  0 ]  [ 0  0  1  0  0  0  0  0  0  0 ]  [ 0  0  0  1  0  0  0  0  0  0 ]  [ 0  0  0  0  0  0  0  0  1  0 ]  [ 0  0  1  0  0  0  0  0  0  0 ]  [ 0  0  0  1  0  0  0  0  0  0 ]  [ 0  0  0  0  0  1  0  0  0  0 ]  [ 0  0  0  1  0  0  0  0  0  0 ]  [ 0  0  0  0  0  1  0  0  0  0 ]  [ 0  0  1  0  0  0  0  0  0  0 ]  [ 0  0  0  1  0  0  0  0  0  0 ]  [ 0  0  0  0  0  0  0  0  1  0 ]  [ 0  0  1  0  0  0  0  0  0  0 ]  [ 0  0  0  0  0  0  0  0  1  0 ]  [ 0  0  1  0  0  0  0  0  0  0 ]  [ 0  0  0  0  0  0  0  0  1  0 ]  [ 0  0  0  0  0  0  1  0  0  0 ]  [ 0  0  0  0  0  0  1  0  0  0 ]  [ 0  0  1  0  0  0  0  0  0  0 ]  [ 0  0  1  0  0  0  0  0  0  0 ]  [ 0  0  0  0  0  0  1  0  0  0 ]  [ 0  0  1  0  0  0  0  0  0  0 ]  [ 0  0  1  0  0  0  0  0  0  0 ]  [ 0  0  0  0  0  0  0  0  1  0 ]  [ 0  0  0  0  0  0  0  0  1  0 ]  [ 0  0  1  0  0  0  0  0  0  0 ]  [ 0  0  0  0  0  0  0  0  1  0 ]  [ 0  0  0  0  0  1  0  0  0  0 ]  [ 0  0  0  1  0  0  0  0  0  0 ]  [ 0  0  1  0  0  0  0  0  0  0 ]  [ 0  0  0  1  0  0  0  0  0  0 ]  [ 0  0  0  0  0  0  0  0  1  0 ]  [ 0  0  0  1  0  0  0  0  0  0 ]  [ 0  0  1  0  0  0  0  0  0  0 ]  [ 0  0  1  0  0  0  0  0  0  0 ]  [ 0  0  1  0  0  0  0  0  0  0 ]  [ 0  0  0  1  0  0  0  0  0  0 ]  [ 0  0  0  0  0  0  0  0  1  0 ]  [ 0  0  1  0  0  0  0  0  0  0 ]  [ 0  0  1  0  0  0  0  0  0  0 ]  [ 0  0  0  0  0  0  0  0  1  0 ]  [ 0  0  0  0  0  0  0  0  1  0 ]  [ 0  0  0  0  0  0  0  0  1  0 ]  [ 0  0  0  1  0  0  0  0  0  0 ]  [ 0  0  0  1  0  0  0  0  0  0 ]  [ 0  0  0  0  0  0  0  0  1  0 ]  [ 0  0  0  0  0  1  0  0  0  0 ]  [ 0  0  0  0  0  0  1  0  0  0 ]  [ 0  0  0  1  0  0  0  0  0  0 ]  [ 0  0  1  0  0  0  0  0  0  0 ]  [ 0  0  0  1  0  0  0  0  0  0 ]  [ 0  0  0  0  0  0  1  0  0  0 ]  [ 0  0  0  0  0  0  1  0  0  0 ]  [ 0  0  0  0  0  1  0  0  0  0 ]  [ 0  0  0  0  0  1  0  0  0  0 ]  [ 0  0  0  0  0  1  0  0  0  0 ]  [ 0  0  0  0  0  1  0  0  0  0 ]  [ 0  0  0  0  0  1  0  0  0  0 ]  [ 0  0  0  0  0  0  0  0  1  0 ]  [ 0  0  0  1  0  0  0  0  0  0 ]  [ 0  0  0  0  0  1  0  0  0  0 ]  [ 0  0  0  0  0  0  0  0  1  0 ]  [ 0  0  0  0  0  0  0  0  1  0 ]  [ 0  0  1  0  0  0  0  0  0  0 ]  [ 0  0  0  0  0  0  0  0  1  0 ]  [ 0  0  0  0  0  0  0  0  1  0 ]  [ 0  0  1  0  0  0  0  0  0  0 ]  [ 0  0  0  1  0  0  0  0  0  0 ] ];

ObjRequests = {  <1,3,181>, <2,3,62>, <3,3,75>, <4,3,71>, <5,3,24>, <6,3,30>, <7,3,41>, <8,3,28>, <9,3,23>, <10,3,37>, <11,3,11>, <12,3,24>, <13,3,11>, <14,3,34>, <15,3,18>, <16,3,28>, <17,3,10>, <18,3,9>, <19,3,2>, <20,3,11>, <21,3,1>, <22,3,10>, <23,3,3>, <24,3,13>, <25,3,6>, <26,3,15>, <27,3,4>, <28,3,22>, <29,3,9>, <30,3,8>, <31,3,1>, <32,3,7>, <33,3,2>, <34,3,9>, <35,3,7>, <36,3,14>, <37,3,4>, <38,3,18>, <39,3,18>, <40,3,3>, <41,3,6>, <42,3,8>, <43,3,2>, <45,3,6>, <46,3,6>, <47,3,7>, <48,3,2>, <49,3,8>, <50,3,5>, <51,3,7>, <52,3,1>, <54,3,4>, <55,3,6>, <56,3,1>, <57,3,3>, <58,3,1>, <60,3,7>, <61,3,7>, <62,3,9>, <63,3,1>, <64,3,3>, <65,3,2>, <67,3,1>, <68,3,3>, <69,3,6>, <70,3,1>, <71,3,4>, <72,3,1>, <73,3,5>, <74,3,4>, <75,3,3>, <76,3,3>, <77,3,1>, <78,3,1>, <79,3,5>, <82,3,2>, <83,3,1>, <84,3,3>, <85,3,2>, <86,3,5>, <87,3,4>, <88,3,5>, <89,3,1>, <90,3,1>, <91,3,2>, <92,3,6>, <94,3,2>, <97,3,3>, <98,3,1>, <99,3,3>, <103,3,4>, <104,3,4>, <105,3,2>, <106,3,1>, <108,3,1>, <109,3,2>, <110,3,1>, <111,3,4>, <112,3,1>, <113,3,5>, <114,3,2>, <115,3,5>, <116,3,3>, <117,3,3>, <118,3,1>, <119,3,1>, <120,3,1>, <121,3,1>, <122,3,1>, <123,3,1>, <124,3,1>, <125,3,2>, <128,3,2>, <130,3,1>, <131,3,1>, <133,3,2>, <134,3,2>, <135,3,1>, <136,3,1>, <139,3,1>, <140,3,1>, <141,3,1>, <142,3,1>, <143,3,3>, <144,3,1>, <146,3,1>, <147,3,2>, <148,3,1>, <149,3,3>, <150,3,3>, <151,3,1>, <152,3,2>, <154,3,5>, <156,3,1>, <158,3,1>, <159,3,1>, <161,3,5>, <162,3,2>, <163,3,1>, <164,3,2>, <166,3,1>, <167,3,2>, <169,3,1>, <171,3,1>, <172,3,2>, <173,3,4>, <174,3,2>, <175,3,2>, <176,3,1>, <177,3,1>, <178,3,1>, <182,3,6>, <183,3,1>, <184,3,1>, <187,3,1>, <189,3,1>, <191,3,1>, <192,3,2>, <194,3,1>, <195,3,2>, <196,3,1>, <197,3,1>, <198,3,2>, <199,3,3>, <200,3,1>, <202,3,1>, <203,3,1>, <204,3,1>, <208,3,1>, <211,3,2>, <212,3,4>, <215,3,1>, <216,3,1>, <217,3,1>, <218,3,3>, <219,3,1>, <220,3,1>, <225,3,1>, <226,3,4>, <228,3,2>, <230,3,3>, <231,3,1>, <232,3,2>, <233,3,1>, <235,3,6>, <236,3,1>, <237,3,1>, <238,3,1>, <239,3,2>, <242,3,1>, <244,3,1>, <245,3,1>, <247,3,1>, <249,3,1>, <250,3,2>, <252,3,1>, <255,3,1>, <256,3,2>, <260,3,1>, <263,3,1>, <264,3,1>, <265,3,1>, <267,3,1>, <268,3,1>, <270,3,1>, <271,3,1>, <272,3,1>, <279,3,1>, <284,3,1>, <287,3,1>, <288,3,1>, <292,3,1>, <293,3,1>, <294,3,1>, <295,3,2>, <297,3,2>, <299,3,1>, <303,3,1>, <309,3,1>, <310,3,1>, <311,3,1>, <312,3,2>, <316,3,1>, <317,3,1>, <318,3,2>, <319,3,1>, <320,3,2>, <321,3,1>, <322,3,1>, <328,3,2>, <329,3,1>, <330,3,1>, <332,3,1>, <333,3,2>, <335,3,1>, <337,3,1>, <340,3,2>, <342,3,1>, <344,3,1>, <346,3,1>, <347,3,4>, <348,3,1>, <349,3,1>, <350,3,1>, <354,3,3>, <357,3,1>, <358,3,2>, <359,3,2>, <362,3,1>, <364,3,1>, <365,3,1>, <366,3,1>, <368,3,1>, <371,3,1>, <373,3,4>, <375,3,2>, <377,3,1>, <380,3,1>, <381,3,1>, <384,3,1>, <392,3,1>, <394,3,1>, <397,3,1>, <400,3,1>, <408,3,1>, <413,3,2>, <415,3,1>, <416,3,1>, <417,3,2>, <419,3,1>, <423,3,1>, <424,3,2>, <431,3,1>, <432,3,1>, <434,3,1>, <435,3,1>, <439,3,1>, <440,3,1>, <441,3,1>, <446,3,2>, <448,3,1>, <454,3,2>, <462,3,3>, <463,3,1>, <464,3,1>, <467,3,2>, <468,3,2>, <472,3,1>, <480,3,1>, <486,3,1>, <492,3,1>, <496,3,1>, <503,3,1>, <505,3,1>, <510,3,1>, <511,3,1>, <512,3,1>, <518,3,1>, <519,3,1>, <520,3,1>, <524,3,1>, <526,3,1>, <529,3,2>, <535,3,1>, <546,3,1>, <551,3,1>, <555,3,1>, <560,3,1>, <561,3,1>, <563,3,1>, <571,3,1>, <573,3,1>, <575,3,1>, <583,3,1>, <584,3,1>, <587,3,1>, <588,3,1>, <593,3,1>, <597,3,1>, <598,3,2>, <600,3,2>, <601,3,1>, <604,3,3>, <609,3,1>, <614,3,1>, <615,3,1>, <617,3,1>, <626,3,1>, <627,3,1>, <628,3,1>, <629,3,2>, <631,3,1>, <632,3,3>, <640,3,1>, <646,3,1>, <648,3,1>, <660,3,1>, <668,3,1>, <670,3,1>, <673,3,1>, <678,3,2>, <685,3,1>, <699,3,1>, <701,3,2>, <703,3,1>, <707,3,1>, <716,3,2>, <718,3,1>, <721,3,1>, <722,3,1>, <724,3,1>, <728,3,1>, <734,3,1>, <738,3,1>, <741,3,1>, <743,3,1>, <744,3,1>, <746,3,1>, <751,3,1>, <753,3,1>, <760,3,1>, <762,3,1>, <768,3,1>, <769,3,1>, <773,3,1>, <791,3,1>, <792,3,1>, <795,3,1>, <802,3,3>, <810,3,1>, <818,3,1>, <819,3,1>, <821,3,1>, <823,3,1>, <835,3,1>, <843,3,1>, <852,3,1>, <856,3,2>, <876,3,1>, <879,3,1>, <885,3,1>, <889,3,1>, <899,3,2>, <906,3,1>, <907,3,1>, <923,3,1>, <925,3,1>, <926,3,1>, <931,3,1>, <934,3,1>, <937,3,1>, <941,3,1>, <957,3,1>, <959,3,1>, <965,3,1>, <968,3,1>, <978,3,1>, <987,3,1>, <996,3,1>, <1,4,20>, <2,4,58>, <3,4,80>, <4,4,38>, <5,4,18>, <6,4,88>, <7,4,48>, <8,4,64>, <9,4,5>, <10,4,9>, <11,4,2>, <12,4,12>, <13,4,16>, <14,4,5>, <15,4,29>, <16,4,14>, <17,4,23>, <18,4,27>, <19,4,26>, <20,4,8>, <21,4,12>, <22,4,2>, <24,4,12>, <25,4,2>, <26,4,3>, <27,4,15>, <28,4,2>, <29,4,1>, <30,4,1>, <31,4,1>, <32,4,3>, <33,4,2>, <34,4,2>, <35,4,11>, <36,4,7>, <37,4,10>, <38,4,7>, <39,4,13>, <40,4,15>, <41,4,9>, <42,4,1>, <43,4,2>, <44,4,2>, <45,4,4>, <46,4,1>, <48,4,10>, <49,4,1>, <50,4,2>, <51,4,3>, <52,4,2>, <53,4,6>, <54,4,3>, <55,4,5>, <56,4,1>, <57,4,3>, <58,4,3>, <59,4,3>, <60,4,3>, <61,4,4>, <63,4,5>, <64,4,1>, <65,4,1>, <66,4,1>, <67,4,4>, <68,4,12>, <69,4,3>, <70,4,4>, <72,4,6>, <73,4,7>, <74,4,2>, <75,4,5>, <76,4,3>, <77,4,4>, <78,4,1>, <79,4,3>, <80,4,2>, <81,4,5>, <82,4,1>, <83,4,3>, <84,4,4>, <85,4,1>, <86,4,1>, <87,4,1>, <89,4,6>, <90,4,4>, <93,4,2>, <94,4,6>, <97,4,1>, <98,4,3>, <99,4,3>, <100,4,1>, <101,4,2>, <102,4,2>, <104,4,1>, <106,4,5>, <107,4,1>, <108,4,1>, <109,4,1>, <110,4,5>, <112,4,2>, <113,4,1>, <118,4,1>, <119,4,8>, <120,4,2>, <121,4,3>, <124,4,1>, <125,4,2>, <127,4,3>, <128,4,2>, <129,4,3>, <130,4,2>, <132,4,2>, <133,4,1>, <134,4,1>, <135,4,1>, <138,4,6>, <139,4,1>, <141,4,1>, <143,4,4>, <144,4,2>, <146,4,2>, <147,4,4>, <149,4,1>, <150,4,1>, <151,4,1>, <153,4,1>, <154,4,1>, <155,4,4>, <159,4,2>, <161,4,1>, <162,4,1>, <163,4,2>, <164,4,3>, <166,4,1>, <171,4,1>, <172,4,1>, <173,4,1>, <174,4,1>, <175,4,1>, <176,4,1>, <177,4,1>, <180,4,3>, <181,4,1>, <183,4,2>, <185,4,1>, <188,4,2>, <191,4,1>, <192,4,1>, <193,4,2>, <194,4,5>, <196,4,4>, <197,4,1>, <198,4,2>, <200,4,1>, <201,4,4>, <202,4,1>, <205,4,2>, <206,4,2>, <207,4,1>, <209,4,6>, <211,4,1>, <212,4,2>, <213,4,1>, <214,4,1>, <216,4,2>, <217,4,3>, <219,4,1>, <220,4,2>, <221,4,7>, <222,4,1>, <224,4,4>, <226,4,4>, <227,4,1>, <229,4,1>, <230,4,1>, <232,4,3>, <234,4,1>, <236,4,4>, <237,4,1>, <238,4,1>, <240,4,1>, <242,4,1>, <243,4,3>, <246,4,1>, <247,4,1>, <248,4,2>, <249,4,3>, <250,4,2>, <252,4,1>, <253,4,1>, <255,4,2>, <256,4,1>, <258,4,1>, <259,4,1>, <260,4,1>, <262,4,1>, <263,4,1>, <264,4,1>, <265,4,1>, <266,4,1>, <268,4,2>, <269,4,1>, <271,4,1>, <273,4,1>, <275,4,2>, <276,4,2>, <280,4,1>, <283,4,1>, <286,4,4>, <287,4,1>, <288,4,1>, <290,4,1>, <291,4,1>, <292,4,1>, <293,4,1>, <294,4,2>, <297,4,1>, <300,4,1>, <304,4,1>, <309,4,1>, <310,4,4>, <313,4,1>, <315,4,1>, <318,4,1>, <319,4,1>, <321,4,2>, <322,4,3>, <323,4,1>, <324,4,1>, <325,4,1>, <328,4,1>, <329,4,1>, <335,4,1>, <336,4,1>, <339,4,2>, <340,4,1>, <345,4,3>, <347,4,2>, <348,4,5>, <353,4,1>, <354,4,1>, <355,4,1>, <357,4,2>, <359,4,1>, <361,4,1>, <363,4,1>, <365,4,1>, <366,4,1>, <367,4,1>, <368,4,1>, <369,4,1>, <371,4,1>, <372,4,1>, <374,4,1>, <376,4,1>, <380,4,1>, <384,4,1>, <386,4,2>, <391,4,2>, <393,4,1>, <394,4,1>, <395,4,1>, <397,4,1>, <398,4,1>, <403,4,1>, <404,4,1>, <405,4,2>, <406,4,1>, <407,4,1>, <408,4,1>, <410,4,1>, <412,4,1>, <414,4,1>, <416,4,1>, <418,4,2>, <419,4,2>, <422,4,2>, <426,4,1>, <428,4,1>, <431,4,1>, <438,4,1>, <441,4,1>, <443,4,2>, <444,4,1>, <446,4,1>, <450,4,1>, <457,4,1>, <462,4,1>, <463,4,2>, <467,4,1>, <468,4,1>, <469,4,3>, <471,4,4>, <472,4,2>, <473,4,1>, <483,4,1>, <491,4,1>, <493,4,1>, <494,4,1>, <495,4,1>, <496,4,2>, <503,4,1>, <504,4,1>, <514,4,1>, <519,4,1>, <520,4,1>, <529,4,1>, <539,4,1>, <541,4,1>, <546,4,1>, <552,4,1>, <554,4,1>, <557,4,1>, <564,4,1>, <567,4,1>, <568,4,1>, <574,4,1>, <575,4,1>, <580,4,2>, <585,4,1>, <587,4,1>, <589,4,1>, <592,4,1>, <596,4,1>, <598,4,1>, <601,4,1>, <612,4,1>, <613,4,1>, <614,4,2>, <617,4,1>, <618,4,1>, <619,4,1>, <623,4,1>, <626,4,1>, <627,4,3>, <628,4,1>, <631,4,1>, <632,4,2>, <639,4,1>, <641,4,4>, <643,4,1>, <645,4,1>, <646,4,2>, <648,4,1>, <649,4,1>, <650,4,1>, <653,4,1>, <654,4,1>, <660,4,1>, <673,4,1>, <675,4,1>, <679,4,2>, <680,4,1>, <684,4,1>, <688,4,1>, <696,4,1>, <704,4,1>, <722,4,1>, <724,4,1>, <725,4,1>, <726,4,1>, <735,4,1>, <741,4,1>, <743,4,1>, <765,4,1>, <773,4,2>, <791,4,1>, <792,4,1>, <796,4,2>, <818,4,1>, <819,4,1>, <821,4,1>, <828,4,3>, <834,4,2>, <843,4,1>, <844,4,1>, <849,4,1>, <851,4,1>, <852,4,1>, <856,4,1>, <859,4,1>, <861,4,1>, <865,4,1>, <868,4,1>, <870,4,1>, <882,4,1>, <902,4,1>, <904,4,1>, <906,4,1>, <909,4,1>, <911,4,1>, <918,4,1>, <920,4,1>, <921,4,1>, <926,4,1>, <943,4,1>, <947,4,1>, <948,4,1>, <965,4,1>, <969,4,1>, <983,4,1>, <985,4,1>, <988,4,1>, <996,4,1>, <1,6,22>, <2,6,85>, <3,6,148>, <4,6,65>, <5,6,10>, <6,6,51>, <7,6,35>, <8,6,9>, <9,6,39>, <10,6,47>, <11,6,37>, <12,6,8>, <13,6,22>, <14,6,6>, <15,6,12>, <16,6,21>, <17,6,12>, <18,6,13>, <19,6,3>, <20,6,8>, <21,6,26>, <22,6,5>, <23,6,12>, <24,6,12>, <25,6,23>, <26,6,2>, <27,6,3>, <29,6,17>, <30,6,2>, <31,6,26>, <32,6,7>, <34,6,4>, <35,6,3>, <36,6,4>, <37,6,4>, <38,6,1>, <39,6,2>, <41,6,2>, <42,6,1>, <43,6,18>, <44,6,3>, <45,6,11>, <46,6,6>, <47,6,10>, <48,6,3>, <49,6,3>, <51,6,5>, <52,6,3>, <54,6,2>, <55,6,4>, <56,6,6>, <57,6,4>, <58,6,1>, <59,6,2>, <60,6,1>, <61,6,8>, <62,6,6>, <63,6,8>, <64,6,2>, <65,6,1>, <66,6,12>, <69,6,8>, <70,6,7>, <71,6,1>, <72,6,3>, <73,6,5>, <76,6,2>, <77,6,4>, <78,6,4>, <80,6,3>, <81,6,1>, <82,6,3>, <83,6,1>, <85,6,1>, <86,6,2>, <87,6,1>, <88,6,1>, <89,6,2>, <90,6,2>, <92,6,1>, <94,6,1>, <95,6,2>, <96,6,3>, <97,6,1>, <98,6,5>, <99,6,2>, <100,6,4>, <101,6,3>, <103,6,5>, <105,6,5>, <106,6,5>, <108,6,4>, <109,6,3>, <112,6,1>, <114,6,1>, <115,6,2>, <116,6,1>, <118,6,1>, <120,6,3>, <122,6,5>, <123,6,5>, <124,6,1>, <125,6,1>, <127,6,1>, <129,6,2>, <130,6,2>, <131,6,2>, <132,6,1>, <133,6,1>, <136,6,2>, <137,6,2>, <138,6,1>, <139,6,1>, <144,6,2>, <147,6,3>, <148,6,2>, <149,6,6>, <150,6,2>, <151,6,1>, <152,6,2>, <153,6,2>, <154,6,1>, <156,6,1>, <157,6,3>, <159,6,2>, <160,6,1>, <161,6,1>, <162,6,1>, <164,6,1>, <165,6,1>, <166,6,1>, <168,6,2>, <169,6,5>, <174,6,1>, <175,6,1>, <177,6,5>, <179,6,3>, <180,6,1>, <181,6,2>, <183,6,4>, <184,6,1>, <185,6,3>, <188,6,2>, <189,6,3>, <191,6,2>, <194,6,2>, <195,6,1>, <196,6,1>, <199,6,2>, <200,6,1>, <201,6,1>, <202,6,1>, <203,6,3>, <206,6,2>, <211,6,1>, <213,6,2>, <215,6,1>, <216,6,2>, <221,6,1>, <222,6,1>, <224,6,2>, <225,6,2>, <226,6,1>, <227,6,1>, <228,6,1>, <229,6,3>, <232,6,1>, <233,6,3>, <234,6,1>, <235,6,2>, <237,6,3>, <240,6,1>, <242,6,1>, <243,6,2>, <244,6,2>, <245,6,3>, <247,6,1>, <249,6,2>, <252,6,2>, <254,6,1>, <255,6,1>, <256,6,2>, <258,6,1>, <259,6,1>, <264,6,1>, <267,6,1>, <268,6,1>, <269,6,1>, <271,6,1>, <275,6,1>, <276,6,1>, <279,6,2>, <280,6,1>, <281,6,2>, <283,6,1>, <285,6,3>, <286,6,2>, <288,6,1>, <289,6,1>, <291,6,3>, <292,6,1>, <294,6,2>, <296,6,1>, <299,6,2>, <300,6,1>, <301,6,1>, <302,6,2>, <309,6,1>, <312,6,2>, <315,6,2>, <316,6,1>, <317,6,2>, <318,6,3>, <319,6,2>, <320,6,1>, <321,6,4>, <324,6,1>, <327,6,1>, <329,6,1>, <332,6,1>, <333,6,1>, <335,6,2>, <336,6,3>, <337,6,2>, <342,6,1>, <344,6,1>, <346,6,1>, <347,6,1>, <349,6,1>, <351,6,2>, <353,6,1>, <355,6,1>, <357,6,1>, <358,6,1>, <364,6,1>, <366,6,4>, <372,6,1>, <376,6,1>, <381,6,1>, <382,6,1>, <385,6,4>, <386,6,1>, <388,6,1>, <389,6,2>, <391,6,1>, <392,6,1>, <393,6,2>, <395,6,1>, <396,6,1>, <400,6,1>, <401,6,1>, <406,6,1>, <407,6,1>, <408,6,1>, <410,6,1>, <412,6,2>, <414,6,1>, <418,6,1>, <419,6,1>, <420,6,2>, <422,6,1>, <424,6,1>, <427,6,1>, <430,6,3>, <434,6,1>, <435,6,1>, <440,6,1>, <443,6,1>, <444,6,1>, <445,6,1>, <452,6,1>, <454,6,1>, <458,6,1>, <459,6,1>, <463,6,1>, <464,6,3>, <469,6,2>, <471,6,1>, <474,6,1>, <477,6,1>, <479,6,1>, <480,6,1>, <482,6,1>, <484,6,1>, <485,6,1>, <490,6,2>, <491,6,1>, <492,6,1>, <494,6,1>, <496,6,1>, <500,6,1>, <502,6,2>, <503,6,1>, <511,6,1>, <513,6,1>, <514,6,1>, <519,6,1>, <526,6,1>, <529,6,1>, <533,6,1>, <539,6,1>, <541,6,1>, <545,6,1>, <548,6,1>, <553,6,2>, <554,6,1>, <557,6,1>, <559,6,1>, <563,6,1>, <564,6,1>, <581,6,1>, <584,6,1>, <589,6,1>, <592,6,2>, <593,6,3>, <598,6,1>, <599,6,1>, <601,6,1>, <605,6,1>, <610,6,1>, <617,6,2>, <623,6,1>, <626,6,1>, <627,6,1>, <633,6,1>, <645,6,1>, <646,6,2>, <651,6,1>, <654,6,1>, <670,6,1>, <678,6,1>, <679,6,1>, <680,6,1>, <688,6,2>, <698,6,1>, <699,6,1>, <704,6,1>, <705,6,1>, <706,6,1>, <714,6,1>, <734,6,1>, <735,6,1>, <753,6,1>, <756,6,1>, <762,6,1>, <771,6,1>, <777,6,1>, <779,6,1>, <796,6,1>, <803,6,1>, <815,6,1>, <834,6,2>, <839,6,1>, <841,6,1>, <847,6,1>, <849,6,2>, <858,6,1>, <860,6,1>, <864,6,1>, <865,6,3>, <868,6,1>, <876,6,2>, <878,6,2>, <879,6,1>, <884,6,1>, <896,6,2>, <904,6,1>, <919,6,1>, <920,6,1>, <921,6,1>, <925,6,1>, <930,6,1>, <965,6,1>, <976,6,1>, <980,6,1>, <985,6,1>, <987,6,2>, <989,6,1>, <990,6,1>, <1,7,442>, <2,7,213>, <3,7,32>, <4,7,26>, <5,7,116>, <6,7,18>, <7,7,25>, <8,7,56>, <9,7,64>, <10,7,7>, <11,7,37>, <12,7,38>, <13,7,43>, <14,7,30>, <15,7,4>, <16,7,1>, <17,7,14>, <18,7,10>, <19,7,9>, <20,7,21>, <21,7,5>, <22,7,24>, <23,7,3>, <24,7,1>, <25,7,9>, <26,7,2>, <27,7,16>, <28,7,9>, <29,7,7>, <30,7,24>, <31,7,2>, <32,7,6>, <33,7,20>, <34,7,1>, <36,7,4>, <37,7,5>, <38,7,5>, <41,7,4>, <42,7,3>, <43,7,2>, <44,7,8>, <45,7,10>, <46,7,4>, <48,7,2>, <50,7,8>, <51,7,13>, <52,7,8>, <53,7,7>, <54,7,3>, <55,7,7>, <56,7,1>, <57,7,3>, <58,7,2>, <59,7,1>, <60,7,2>, <61,7,2>, <62,7,4>, <63,7,1>, <64,7,5>, <65,7,1>, <66,7,3>, <67,7,2>, <68,7,1>, <70,7,1>, <71,7,8>, <72,7,4>, <74,7,5>, <75,7,3>, <76,7,5>, <77,7,3>, <78,7,3>, <79,7,4>, <80,7,1>, <82,7,4>, <83,7,1>, <84,7,4>, <85,7,3>, <86,7,1>, <87,7,2>, <88,7,4>, <89,7,2>, <90,7,5>, <91,7,2>, <92,7,1>, <93,7,6>, <94,7,1>, <95,7,1>, <96,7,5>, <97,7,1>, <98,7,2>, <99,7,1>, <100,7,1>, <101,7,2>, <103,7,1>, <104,7,2>, <105,7,1>, <106,7,1>, <108,7,3>, <109,7,1>, <110,7,5>, <111,7,1>, <112,7,2>, <113,7,2>, <115,7,9>, <116,7,1>, <118,7,1>, <119,7,2>, <120,7,2>, <121,7,2>, <122,7,1>, <123,7,1>, <124,7,1>, <125,7,5>, <126,7,1>, <127,7,1>, <129,7,3>, <130,7,1>, <131,7,2>, <132,7,1>, <133,7,2>, <134,7,1>, <135,7,7>, <137,7,1>, <139,7,2>, <140,7,2>, <141,7,5>, <142,7,2>, <143,7,3>, <145,7,1>, <147,7,1>, <148,7,1>, <151,7,2>, <152,7,4>, <153,7,2>, <154,7,2>, <155,7,1>, <156,7,6>, <157,7,2>, <158,7,5>, <159,7,5>, <160,7,1>, <161,7,2>, <162,7,4>, <163,7,3>, <164,7,3>, <165,7,1>, <166,7,2>, <170,7,1>, <171,7,1>, <172,7,1>, <175,7,1>, <176,7,2>, <178,7,1>, <179,7,1>, <180,7,1>, <181,7,1>, <182,7,2>, <183,7,1>, <185,7,1>, <188,7,1>, <191,7,2>, <192,7,1>, <193,7,4>, <195,7,1>, <198,7,1>, <200,7,1>, <202,7,1>, <203,7,1>, <204,7,1>, <205,7,1>, <208,7,2>, <213,7,1>, <214,7,1>, <215,7,2>, <216,7,1>, <217,7,1>, <219,7,2>, <220,7,1>, <221,7,1>, <224,7,1>, <225,7,1>, <228,7,1>, <230,7,2>, <232,7,1>, <234,7,1>, <235,7,3>, <237,7,2>, <238,7,1>, <239,7,3>, <245,7,2>, <247,7,2>, <248,7,2>, <249,7,1>, <250,7,2>, <251,7,2>, <252,7,1>, <254,7,1>, <256,7,1>, <257,7,1>, <258,7,3>, <259,7,2>, <262,7,2>, <264,7,2>, <265,7,3>, <266,7,1>, <267,7,2>, <268,7,1>, <269,7,1>, <270,7,2>, <271,7,2>, <273,7,1>, <274,7,2>, <275,7,1>, <276,7,1>, <277,7,1>, <278,7,1>, <279,7,3>, <280,7,1>, <281,7,1>, <282,7,1>, <287,7,2>, <288,7,2>, <289,7,1>, <290,7,1>, <294,7,1>, <297,7,4>, <306,7,1>, <309,7,1>, <312,7,1>, <313,7,1>, <314,7,5>, <315,7,1>, <316,7,1>, <319,7,1>, <321,7,1>, <324,7,1>, <326,7,1>, <327,7,2>, <328,7,1>, <329,7,1>, <330,7,1>, <335,7,1>, <337,7,3>, <340,7,1>, <342,7,1>, <345,7,1>, <346,7,1>, <347,7,1>, <348,7,2>, <349,7,1>, <351,7,2>, <353,7,1>, <354,7,1>, <355,7,1>, <358,7,1>, <359,7,1>, <361,7,1>, <365,7,1>, <366,7,2>, <373,7,1>, <374,7,1>, <375,7,3>, <377,7,1>, <380,7,1>, <381,7,1>, <382,7,1>, <384,7,1>, <387,7,1>, <389,7,1>, <392,7,1>, <393,7,1>, <394,7,1>, <396,7,1>, <399,7,1>, <404,7,1>, <408,7,2>, <410,7,1>, <413,7,1>, <414,7,1>, <418,7,1>, <419,7,2>, <422,7,1>, <423,7,1>, <424,7,1>, <426,7,1>, <430,7,1>, <432,7,1>, <434,7,1>, <435,7,1>, <438,7,1>, <439,7,1>, <441,7,1>, <443,7,2>, <445,7,1>, <450,7,3>, <452,7,1>, <459,7,1>, <462,7,1>, <463,7,1>, <466,7,1>, <467,7,1>, <469,7,1>, <472,7,1>, <473,7,1>, <478,7,1>, <480,7,1>, <483,7,1>, <485,7,1>, <489,7,1>, <493,7,1>, <496,7,1>, <510,7,2>, <517,7,1>, <519,7,1>, <522,7,1>, <523,7,1>, <530,7,1>, <534,7,1>, <535,7,1>, <536,7,1>, <537,7,1>, <538,7,2>, <541,7,1>, <543,7,1>, <546,7,1>, <554,7,1>, <557,7,1>, <559,7,1>, <562,7,1>, <566,7,1>, <569,7,1>, <576,7,1>, <578,7,1>, <582,7,1>, <585,7,1>, <587,7,1>, <594,7,1>, <598,7,1>, <601,7,1>, <605,7,1>, <610,7,1>, <612,7,1>, <614,7,1>, <615,7,1>, <623,7,1>, <626,7,1>, <627,7,1>, <631,7,1>, <632,7,2>, <644,7,1>, <645,7,1>, <653,7,1>, <654,7,2>, <655,7,1>, <673,7,2>, <677,7,1>, <684,7,1>, <687,7,1>, <689,7,1>, <691,7,2>, <700,7,1>, <701,7,1>, <702,7,1>, <707,7,2>, <716,7,2>, <718,7,1>, <721,7,1>, <724,7,1>, <726,7,1>, <736,7,1>, <738,7,1>, <746,7,1>, <758,7,1>, <760,7,1>, <762,7,1>, <765,7,3>, <769,7,1>, <773,7,2>, <774,7,1>, <795,7,1>, <799,7,1>, <806,7,1>, <820,7,1>, <841,7,1>, <844,7,1>, <849,7,1>, <852,7,1>, <856,7,1>, <859,7,1>, <868,7,1>, <870,7,1>, <875,7,2>, <876,7,1>, <911,7,1>, <921,7,1>, <923,7,1>, <932,7,1>, <934,7,1>, <936,7,2>, <941,7,1>, <947,7,1>, <949,7,1>, <953,7,1>, <957,7,1>, <967,7,1>, <978,7,1>, <980,7,2>, <1,9,383>, <2,9,109>, <3,9,41>, <4,9,90>, <5,9,60>, <6,9,14>, <7,9,12>, <8,9,1>, <9,9,19>, <10,9,4>, <11,9,2>, <12,9,14>, <13,9,3>, <14,9,16>, <15,9,21>, <16,9,8>, <17,9,5>, <18,9,1>, <19,9,21>, <21,9,4>, <23,9,27>, <24,9,6>, <25,9,21>, <26,9,9>, <27,9,5>, <28,9,4>, <29,9,7>, <30,9,1>, <31,9,9>, <32,9,13>, <33,9,16>, <34,9,7>, <35,9,1>, <36,9,3>, <37,9,2>, <38,9,1>, <40,9,12>, <41,9,1>, <42,9,4>, <43,9,7>, <44,9,5>, <45,9,2>, <46,9,1>, <47,9,9>, <48,9,2>, <49,9,7>, <50,9,4>, <51,9,1>, <52,9,5>, <53,9,3>, <54,9,5>, <56,9,9>, <57,9,6>, <58,9,5>, <59,9,2>, <60,9,10>, <61,9,1>, <62,9,1>, <63,9,1>, <65,9,3>, <66,9,3>, <67,9,1>, <70,9,5>, <71,9,7>, <73,9,1>, <74,9,1>, <75,9,1>, <78,9,2>, <79,9,1>, <80,9,8>, <81,9,2>, <82,9,3>, <83,9,3>, <84,9,5>, <85,9,1>, <86,9,1>, <87,9,1>, <88,9,3>, <89,9,2>, <91,9,1>, <92,9,1>, <93,9,4>, <94,9,1>, <95,9,2>, <96,9,3>, <97,9,6>, <98,9,1>, <101,9,1>, <102,9,11>, <103,9,3>, <104,9,5>, <105,9,1>, <107,9,3>, <109,9,1>, <110,9,1>, <112,9,1>, <113,9,2>, <114,9,6>, <116,9,3>, <117,9,1>, <118,9,3>, <119,9,2>, <121,9,4>, <123,9,2>, <124,9,1>, <125,9,1>, <126,9,1>, <127,9,2>, <128,9,2>, <130,9,3>, <131,9,1>, <132,9,1>, <133,9,1>, <134,9,4>, <136,9,2>, <137,9,1>, <138,9,1>, <139,9,3>, <141,9,1>, <142,9,1>, <143,9,1>, <144,9,1>, <147,9,1>, <148,9,3>, <150,9,3>, <151,9,3>, <152,9,1>, <156,9,2>, <160,9,1>, <162,9,1>, <163,9,2>, <164,9,6>, <165,9,2>, <166,9,4>, <167,9,2>, <168,9,1>, <170,9,2>, <172,9,1>, <174,9,1>, <175,9,1>, <176,9,2>, <177,9,1>, <178,9,2>, <180,9,3>, <181,9,1>, <183,9,1>, <184,9,2>, <185,9,1>, <187,9,1>, <189,9,2>, <193,9,1>, <197,9,1>, <198,9,1>, <199,9,3>, <200,9,1>, <201,9,1>, <204,9,2>, <206,9,3>, <208,9,2>, <212,9,4>, <215,9,2>, <216,9,2>, <217,9,1>, <219,9,1>, <220,9,1>, <222,9,3>, <224,9,1>, <226,9,1>, <227,9,3>, <228,9,1>, <231,9,1>, <233,9,2>, <234,9,1>, <237,9,2>, <238,9,1>, <242,9,2>, <249,9,1>, <250,9,1>, <253,9,1>, <255,9,1>, <260,9,1>, <265,9,1>, <272,9,2>, <273,9,1>, <274,9,1>, <278,9,2>, <280,9,1>, <282,9,1>, <283,9,1>, <284,9,2>, <286,9,1>, <289,9,4>, <291,9,1>, <293,9,1>, <294,9,1>, <296,9,3>, <297,9,1>, <298,9,2>, <300,9,1>, <303,9,1>, <306,9,2>, <307,9,1>, <308,9,2>, <310,9,1>, <311,9,2>, <313,9,1>, <315,9,1>, <318,9,1>, <319,9,1>, <320,9,1>, <321,9,1>, <322,9,2>, <324,9,1>, <326,9,1>, <328,9,1>, <329,9,1>, <330,9,1>, <332,9,1>, <335,9,2>, <336,9,1>, <339,9,1>, <340,9,1>, <341,9,1>, <342,9,1>, <346,9,1>, <349,9,1>, <353,9,1>, <355,9,1>, <356,9,1>, <357,9,1>, <359,9,1>, <362,9,1>, <363,9,1>, <366,9,1>, <372,9,1>, <373,9,1>, <374,9,1>, <375,9,1>, <377,9,1>, <382,9,1>, <386,9,1>, <392,9,1>, <393,9,1>, <394,9,2>, <400,9,1>, <404,9,1>, <413,9,1>, <415,9,1>, <419,9,1>, <424,9,1>, <428,9,1>, <431,9,1>, <435,9,1>, <438,9,1>, <441,9,1>, <445,9,2>, <446,9,1>, <449,9,1>, <452,9,1>, <458,9,1>, <459,9,1>, <462,9,1>, <464,9,1>, <466,9,1>, <468,9,1>, <472,9,2>, <476,9,1>, <477,9,1>, <478,9,1>, <479,9,1>, <481,9,1>, <482,9,1>, <484,9,1>, <485,9,1>, <488,9,1>, <490,9,2>, <491,9,1>, <493,9,1>, <494,9,1>, <496,9,1>, <505,9,1>, <510,9,2>, <511,9,1>, <512,9,1>, <516,9,1>, <518,9,1>, <523,9,1>, <524,9,1>, <526,9,2>, <530,9,1>, <536,9,1>, <537,9,1>, <538,9,1>, <539,9,1>, <541,9,1>, <551,9,1>, <554,9,1>, <559,9,1>, <568,9,1>, <569,9,1>, <573,9,1>, <581,9,1>, <584,9,1>, <586,9,1>, <587,9,1>, <594,9,1>, <598,9,1>, <601,9,1>, <604,9,1>, <605,9,1>, <606,9,1>, <609,9,1>, <610,9,1>, <611,9,1>, <614,9,2>, <617,9,2>, <618,9,1>, <653,9,1>, <673,9,1>, <674,9,1>, <677,9,1>, <678,9,1>, <683,9,1>, <684,9,1>, <689,9,1>, <692,9,1>, <705,9,1>, <706,9,1>, <711,9,1>, <719,9,1>, <731,9,1>, <739,9,1>, <748,9,1>, <749,9,1>, <756,9,1>, <761,9,1>, <762,9,1>, <765,9,1>, <769,9,2>, <770,9,1>, <773,9,1>, <785,9,1>, <790,9,1>, <795,9,1>, <796,9,1>, <799,9,1>, <800,9,1>, <810,9,1>, <819,9,1>, <820,9,1>, <824,9,1>, <837,9,1>, <839,9,1>, <845,9,2>, <851,9,1>, <852,9,1>, <854,9,1>, <856,9,1>, <859,9,1>, <861,9,1>, <875,9,1>, <899,9,1>, <905,9,1>, <911,9,1>, <912,9,1>, <918,9,1>, <925,9,1>, <927,9,1>, <934,9,1>, <943,9,1>, <948,9,1>, <968,9,1>, <969,9,1>, <976,9,1>, <978,9,1>, <985,9,1>, <989,9,1> };

MaxCacheStorageAtSingleAS= [ 0  0  1312.5  1312.5  0  1312.5  1312.5  0  1312.5  0 ] ;

MaxCacheStorage = 6562.5 ;
SolutionGap = 0.01 ;
