
ASes= { 1, 2, 3, 4, 5, 6, 7, 8, 9, 10, 11 } ;


Objects= { 1, 2, 3, 4, 5, 6, 7, 8, 9, 10, 11, 12, 13, 14, 15, 16, 17, 18, 19, 20, 21, 22, 23, 24, 25, 26, 27, 28, 29, 30, 31, 32, 33, 34, 35, 36, 37, 38, 39, 40, 41, 42, 43, 44, 45, 46, 47, 48, 49, 50, 51, 52, 53, 54, 55, 56, 57, 58, 59, 60, 61, 62, 63, 64, 65, 66, 67, 68, 69, 70, 71, 72, 73, 74, 75, 76, 77, 78, 79, 80, 81, 82, 83, 84, 85, 86, 87, 88, 89, 90, 91, 92, 93, 94, 95, 96, 97, 98, 99, 100, 101, 102, 103, 104, 105, 106, 107, 108, 109, 110, 111, 112, 113, 114, 115, 116, 117, 118, 119, 120, 121, 122, 123, 124, 125, 126, 127, 128, 129, 130, 131, 132, 133, 134, 135, 136, 137, 138, 139, 140, 141, 142, 143, 144, 145, 146, 147, 148, 149, 150, 151, 152, 153, 154, 155, 156, 157, 158, 159, 160, 161, 162, 163, 164, 165, 166, 167, 168, 169, 170, 171, 172, 173, 174, 175, 176, 177, 178, 179, 180, 181, 182, 183, 184, 185, 186, 187, 188, 189, 190, 191, 192, 193, 194, 195, 196, 197, 198, 199, 200, 201, 202, 203, 204, 205, 206, 207, 208, 209, 210, 211, 212, 213, 214, 215, 216, 217, 218, 219, 220, 221, 222, 223, 224, 225, 226, 227, 228, 229, 230, 231, 232, 233, 234, 235, 236, 237, 238, 239, 240, 241, 242, 243, 244, 245, 246, 247, 248, 249, 250, 251, 252, 253, 254, 255, 256, 257, 258, 259, 260, 261, 262, 263, 264, 265, 266, 267, 268, 269, 270, 271, 272, 273, 274, 275, 276, 277, 278, 279, 280, 281, 282, 283, 284, 285, 286, 287, 288, 289, 290, 291, 292, 293, 294, 295, 296, 297, 298, 299, 300, 301, 302, 303, 304, 305, 306, 307, 308, 309, 310, 311, 312, 313, 314, 315, 316, 317, 318, 319, 320, 321, 322, 323, 324, 325, 326, 327, 328, 329, 330, 331, 332, 333, 334, 335, 336, 337, 338, 339, 340, 341, 342, 343, 344, 345, 346, 347, 348, 349, 350, 351, 352, 353, 354, 355, 356, 357, 358, 359, 360, 361, 362, 363, 364, 365, 366, 367, 368, 369, 370, 371, 372, 373, 374, 375, 376, 377, 378, 379, 380, 381, 382, 383, 384, 385, 386, 387, 388, 389, 390, 391, 392, 393, 394, 395, 396, 397, 398, 399, 400, 401, 402, 403, 404, 405, 406, 407, 408, 409, 410, 411, 412, 413, 414, 415, 416, 417, 418, 419, 420, 421, 422, 423, 424, 425, 426, 427, 428, 429, 430, 431, 432, 433, 434, 435, 436, 437, 438, 439, 440, 441, 442, 443, 444, 445, 446, 447, 448, 449, 450, 451, 452, 453, 454, 455, 456, 457, 458, 459, 460, 461, 462, 463, 464, 465, 466, 467, 468, 469, 470, 471, 472, 473, 474, 475, 476, 477, 478, 479, 480, 481, 482, 483, 484, 485, 486, 487, 488, 489, 490, 491, 492, 493, 494, 495, 496, 497, 498, 499, 500, 501, 502, 503, 504, 505, 506, 507, 508, 509, 510, 511, 512, 513, 514, 515, 516, 517, 518, 519, 520, 521, 522, 523, 524, 525, 526, 527, 528, 529, 530, 531, 532, 533, 534, 535, 536, 537, 538, 539, 540, 541, 542, 543, 544, 545, 546, 547, 548, 549, 550, 551, 552, 553, 554, 555, 556, 557, 558, 559, 560, 561, 562, 563, 564, 565, 566, 567, 568, 569, 570, 571, 572, 573, 574, 575, 576, 577, 578, 579, 580, 581, 582, 583, 584, 585, 586, 587, 588, 589, 590, 591, 592, 593, 594, 595, 596, 597, 598, 599, 600, 601, 602, 603, 604, 605, 606, 607, 608, 609, 610, 611, 612, 613, 614, 615, 616, 617, 618, 619, 620, 621, 622, 623, 624, 625, 626, 627, 628, 629, 630, 631, 632, 633, 634, 635, 636, 637, 638, 639, 640, 641, 642, 643, 644, 645, 646, 647, 648, 649, 650, 651, 652, 653, 654, 655, 656, 657, 658, 659, 660, 661, 662, 663, 664, 665, 666, 667, 668, 669, 670, 671, 672, 673, 674, 675, 676, 677, 678, 679, 680, 681, 682, 683, 684, 685, 686, 687, 688, 689, 690, 691, 692, 693, 694, 695, 696, 697, 698, 699, 700, 701, 702, 703, 704, 705, 706, 707, 708, 709, 710, 711, 712, 713, 714, 715, 716, 717, 718, 719, 720, 721, 722, 723, 724, 725, 726, 727, 728, 729, 730, 731, 732, 733, 734, 735, 736, 737, 738, 739, 740, 741, 742, 743, 744, 745, 746, 747, 748, 749, 750, 751, 752, 753, 754, 755, 756, 757, 758, 759, 760, 761, 762, 763, 764, 765, 766, 767, 768, 769, 770, 771, 772, 773, 774, 775, 776, 777, 778, 779, 780, 781, 782, 783, 784, 785, 786, 787, 788, 789, 790, 791, 792, 793, 794, 795, 796, 797, 798, 799, 800, 801, 802, 803, 804, 805, 806, 807, 808, 809, 810, 811, 812, 813, 814, 815, 816, 817, 818, 819, 820, 821, 822, 823, 824, 825, 826, 827, 828, 829, 830, 831, 832, 833, 834, 835, 836, 837, 838, 839, 840, 841, 842, 843, 844, 845, 846, 847, 848, 849, 850, 851, 852, 853, 854, 855, 856, 857, 858, 859, 860, 861, 862, 863, 864, 865, 866, 867, 868, 869, 870, 871, 872, 873, 874, 875, 876, 877, 878, 879, 880, 881, 882, 883, 884, 885, 886, 887, 888, 889, 890, 891, 892, 893, 894, 895, 896, 897, 898, 899, 900, 901, 902, 903, 904, 905, 906, 907, 908, 909, 910, 911, 912, 913, 914, 915, 916, 917, 918, 919, 920, 921, 922, 923, 924, 925, 926, 927, 928, 929, 930, 931, 932, 933, 934, 935, 936, 937, 938, 939, 940, 941, 942, 943, 944, 945, 946, 947, 948, 949, 950, 951, 952, 953, 954, 955, 956, 957, 958, 959, 960, 961, 962, 963, 964, 965, 966, 967, 968, 969, 970, 971, 972, 973, 974, 975, 976, 977, 978, 979, 980, 981, 982, 983, 984, 985, 986, 987, 988, 989, 990, 991, 992, 993, 994, 995, 996, 997, 998, 999, 1000 } ;


QualityLevels= { 0, 1, 2, 3, 4, 5 } ;

Arcs = { <1,2,490000>, <2,1,490000>,<2,3,490000>, <3,2,490000>,<2,4,490000>, <4,2,490000>,<4,5,490000>, <5,4,490000>,<2,6,490000>, <6,2,490000>,<3,7,490000>, <7,3,490000>,<6,8,490000>, <8,6,490000>,<3,9,490000>, <9,3,490000>,<2,10,490000>, <10,2,490000>,<7,11,490000>, <11,7,490000> }; 


RatePerQuality= [ 0  300  700  1500  2500  3500 ] ;


CacheSpacePerQuality= [ 10000  11.25  26.25  56.25  93.75  131.25 ] ;


UtilityPerQuality= [ 0  0.66874  0.795271  0.880112  0.945742  1 ] ;


ObjectsPublishedByProducers=[ [ 1  0  0  0  0  0  0  0  0  0  0 ]  [ 0  0  0  0  0  0  0  0  0  0  1 ]  [ 0  0  0  0  0  0  0  0  0  1  0 ]  [ 0  0  0  0  1  0  0  0  0  0  0 ]  [ 0  0  0  0  0  0  0  1  0  0  0 ]  [ 0  0  0  0  0  0  0  1  0  0  0 ]  [ 0  0  0  0  0  0  0  0  1  0  0 ]  [ 0  0  0  0  0  0  0  0  0  1  0 ]  [ 1  0  0  0  0  0  0  0  0  0  0 ]  [ 1  0  0  0  0  0  0  0  0  0  0 ]  [ 0  0  0  0  0  0  0  0  0  0  1 ]  [ 0  0  0  0  0  0  0  1  0  0  0 ]  [ 0  0  0  0  0  0  0  0  0  1  0 ]  [ 1  0  0  0  0  0  0  0  0  0  0 ]  [ 0  0  0  0  0  0  0  1  0  0  0 ]  [ 0  0  0  0  0  0  0  0  0  1  0 ]  [ 0  0  0  0  1  0  0  0  0  0  0 ]  [ 0  0  0  0  0  0  0  0  0  0  1 ]  [ 0  0  0  0  0  0  0  0  0  0  1 ]  [ 1  0  0  0  0  0  0  0  0  0  0 ]  [ 1  0  0  0  0  0  0  0  0  0  0 ]  [ 0  0  0  0  0  0  0  0  1  0  0 ]  [ 0  0  0  0  0  0  0  0  0  0  1 ]  [ 0  0  0  0  0  0  0  1  0  0  0 ]  [ 0  0  0  0  1  0  0  0  0  0  0 ]  [ 0  0  0  0  0  0  0  1  0  0  0 ]  [ 1  0  0  0  0  0  0  0  0  0  0 ]  [ 0  0  0  0  1  0  0  0  0  0  0 ]  [ 0  0  0  0  0  0  0  1  0  0  0 ]  [ 0  0  0  0  0  0  0  1  0  0  0 ]  [ 0  0  0  0  1  0  0  0  0  0  0 ]  [ 0  0  0  0  1  0  0  0  0  0  0 ]  [ 0  0  0  0  1  0  0  0  0  0  0 ]  [ 0  0  0  0  0  0  0  1  0  0  0 ]  [ 0  0  0  0  1  0  0  0  0  0  0 ]  [ 1  0  0  0  0  0  0  0  0  0  0 ]  [ 0  0  0  0  0  0  0  0  0  0  1 ]  [ 0  0  0  0  0  0  0  0  1  0  0 ]  [ 0  0  0  0  0  0  0  0  1  0  0 ]  [ 0  0  0  0  1  0  0  0  0  0  0 ]  [ 0  0  0  0  0  0  0  0  0  0  1 ]  [ 0  0  0  0  0  0  0  0  0  0  1 ]  [ 1  0  0  0  0  0  0  0  0  0  0 ]  [ 0  0  0  0  1  0  0  0  0  0  0 ]  [ 0  0  0  0  0  0  0  0  0  1  0 ]  [ 0  0  0  0  0  0  0  0  0  1  0 ]  [ 0  0  0  0  0  0  0  0  0  0  1 ]  [ 0  0  0  0  0  0  0  1  0  0  0 ]  [ 0  0  0  0  0  0  0  0  0  1  0 ]  [ 0  0  0  0  0  0  0  0  0  1  0 ]  [ 0  0  0  0  1  0  0  0  0  0  0 ]  [ 0  0  0  0  0  0  0  0  1  0  0 ]  [ 0  0  0  0  0  0  0  0  0  0  1 ]  [ 0  0  0  0  0  0  0  0  0  0  1 ]  [ 0  0  0  0  0  0  0  0  1  0  0 ]  [ 0  0  0  0  0  0  0  0  1  0  0 ]  [ 1  0  0  0  0  0  0  0  0  0  0 ]  [ 0  0  0  0  1  0  0  0  0  0  0 ]  [ 0  0  0  0  0  0  0  0  0  1  0 ]  [ 0  0  0  0  0  0  0  1  0  0  0 ]  [ 0  0  0  0  1  0  0  0  0  0  0 ]  [ 0  0  0  0  0  0  0  0  1  0  0 ]  [ 0  0  0  0  0  0  0  0  0  1  0 ]  [ 0  0  0  0  0  0  0  0  0  1  0 ]  [ 0  0  0  0  0  0  0  1  0  0  0 ]  [ 0  0  0  0  0  0  0  1  0  0  0 ]  [ 0  0  0  0  0  0  0  0  1  0  0 ]  [ 0  0  0  0  0  0  0  0  0  1  0 ]  [ 0  0  0  0  0  0  0  0  1  0  0 ]  [ 0  0  0  0  0  0  0  1  0  0  0 ]  [ 0  0  0  0  0  0  0  1  0  0  0 ]  [ 1  0  0  0  0  0  0  0  0  0  0 ]  [ 1  0  0  0  0  0  0  0  0  0  0 ]  [ 0  0  0  0  0  0  0  0  0  1  0 ]  [ 0  0  0  0  0  0  0  0  0  0  1 ]  [ 0  0  0  0  0  0  0  0  1  0  0 ]  [ 0  0  0  0  0  0  0  1  0  0  0 ]  [ 0  0  0  0  1  0  0  0  0  0  0 ]  [ 0  0  0  0  0  0  0  0  1  0  0 ]  [ 0  0  0  0  0  0  0  0  0  0  1 ]  [ 0  0  0  0  0  0  0  0  0  1  0 ]  [ 0  0  0  0  0  0  0  0  1  0  0 ]  [ 0  0  0  0  0  0  0  0  0  0  1 ]  [ 0  0  0  0  1  0  0  0  0  0  0 ]  [ 0  0  0  0  0  0  0  0  1  0  0 ]  [ 0  0  0  0  0  0  0  0  0  0  1 ]  [ 0  0  0  0  0  0  0  0  1  0  0 ]  [ 0  0  0  0  0  0  0  1  0  0  0 ]  [ 0  0  0  0  1  0  0  0  0  0  0 ]  [ 0  0  0  0  0  0  0  0  1  0  0 ]  [ 0  0  0  0  0  0  0  0  0  0  1 ]  [ 1  0  0  0  0  0  0  0  0  0  0 ]  [ 0  0  0  0  0  0  0  0  0  1  0 ]  [ 0  0  0  0  0  0  0  0  0  1  0 ]  [ 0  0  0  0  0  0  0  0  0  0  1 ]  [ 0  0  0  0  0  0  0  0  0  1  0 ]  [ 0  0  0  0  0  0  0  0  0  1  0 ]  [ 0  0  0  0  0  0  0  0  1  0  0 ]  [ 0  0  0  0  0  0  0  0  1  0  0 ]  [ 0  0  0  0  0  0  0  1  0  0  0 ]  [ 1  0  0  0  0  0  0  0  0  0  0 ]  [ 0  0  0  0  0  0  0  0  0  0  1 ]  [ 0  0  0  0  0  0  0  0  1  0  0 ]  [ 0  0  0  0  1  0  0  0  0  0  0 ]  [ 0  0  0  0  0  0  0  0  1  0  0 ]  [ 0  0  0  0  0  0  0  1  0  0  0 ]  [ 0  0  0  0  0  0  0  1  0  0  0 ]  [ 0  0  0  0  0  0  0  1  0  0  0 ]  [ 0  0  0  0  0  0  0  0  1  0  0 ]  [ 0  0  0  0  0  0  0  0  1  0  0 ]  [ 0  0  0  0  0  0  0  0  1  0  0 ]  [ 0  0  0  0  0  0  0  1  0  0  0 ]  [ 1  0  0  0  0  0  0  0  0  0  0 ]  [ 0  0  0  0  1  0  0  0  0  0  0 ]  [ 0  0  0  0  1  0  0  0  0  0  0 ]  [ 0  0  0  0  0  0  0  0  1  0  0 ]  [ 0  0  0  0  0  0  0  0  0  0  1 ]  [ 0  0  0  0  0  0  0  0  0  1  0 ]  [ 0  0  0  0  0  0  0  0  0  1  0 ]  [ 0  0  0  0  0  0  0  0  0  1  0 ]  [ 0  0  0  0  1  0  0  0  0  0  0 ]  [ 0  0  0  0  0  0  0  0  0  0  1 ]  [ 0  0  0  0  0  0  0  0  0  1  0 ]  [ 1  0  0  0  0  0  0  0  0  0  0 ]  [ 1  0  0  0  0  0  0  0  0  0  0 ]  [ 1  0  0  0  0  0  0  0  0  0  0 ]  [ 0  0  0  0  0  0  0  0  0  1  0 ]  [ 0  0  0  0  1  0  0  0  0  0  0 ]  [ 1  0  0  0  0  0  0  0  0  0  0 ]  [ 0  0  0  0  0  0  0  0  1  0  0 ]  [ 0  0  0  0  0  0  0  1  0  0  0 ]  [ 1  0  0  0  0  0  0  0  0  0  0 ]  [ 1  0  0  0  0  0  0  0  0  0  0 ]  [ 0  0  0  0  0  0  0  0  1  0  0 ]  [ 0  0  0  0  1  0  0  0  0  0  0 ]  [ 0  0  0  0  1  0  0  0  0  0  0 ]  [ 0  0  0  0  0  0  0  0  0  1  0 ]  [ 0  0  0  0  0  0  0  1  0  0  0 ]  [ 0  0  0  0  1  0  0  0  0  0  0 ]  [ 0  0  0  0  0  0  0  1  0  0  0 ]  [ 1  0  0  0  0  0  0  0  0  0  0 ]  [ 0  0  0  0  0  0  0  1  0  0  0 ]  [ 0  0  0  0  0  0  0  1  0  0  0 ]  [ 0  0  0  0  1  0  0  0  0  0  0 ]  [ 1  0  0  0  0  0  0  0  0  0  0 ]  [ 0  0  0  0  0  0  0  0  0  0  1 ]  [ 0  0  0  0  0  0  0  0  1  0  0 ]  [ 0  0  0  0  1  0  0  0  0  0  0 ]  [ 0  0  0  0  0  0  0  0  1  0  0 ]  [ 0  0  0  0  0  0  0  0  0  1  0 ]  [ 1  0  0  0  0  0  0  0  0  0  0 ]  [ 1  0  0  0  0  0  0  0  0  0  0 ]  [ 1  0  0  0  0  0  0  0  0  0  0 ]  [ 0  0  0  0  0  0  0  0  0  1  0 ]  [ 1  0  0  0  0  0  0  0  0  0  0 ]  [ 0  0  0  0  0  0  0  0  0  1  0 ]  [ 0  0  0  0  0  0  0  0  0  1  0 ]  [ 0  0  0  0  0  0  0  0  1  0  0 ]  [ 0  0  0  0  1  0  0  0  0  0  0 ]  [ 0  0  0  0  0  0  0  0  0  0  1 ]  [ 0  0  0  0  0  0  0  0  0  1  0 ]  [ 0  0  0  0  0  0  0  0  1  0  0 ]  [ 0  0  0  0  1  0  0  0  0  0  0 ]  [ 0  0  0  0  0  0  0  0  1  0  0 ]  [ 0  0  0  0  0  0  0  1  0  0  0 ]  [ 0  0  0  0  0  0  0  0  1  0  0 ]  [ 0  0  0  0  1  0  0  0  0  0  0 ]  [ 0  0  0  0  0  0  0  0  1  0  0 ]  [ 1  0  0  0  0  0  0  0  0  0  0 ]  [ 0  0  0  0  1  0  0  0  0  0  0 ]  [ 0  0  0  0  0  0  0  0  0  0  1 ]  [ 0  0  0  0  0  0  0  0  0  0  1 ]  [ 0  0  0  0  1  0  0  0  0  0  0 ]  [ 0  0  0  0  0  0  0  0  0  0  1 ]  [ 0  0  0  0  1  0  0  0  0  0  0 ]  [ 0  0  0  0  0  0  0  0  0  0  1 ]  [ 0  0  0  0  0  0  0  0  0  1  0 ]  [ 0  0  0  0  0  0  0  1  0  0  0 ]  [ 0  0  0  0  1  0  0  0  0  0  0 ]  [ 1  0  0  0  0  0  0  0  0  0  0 ]  [ 0  0  0  0  0  0  0  0  0  0  1 ]  [ 1  0  0  0  0  0  0  0  0  0  0 ]  [ 0  0  0  0  0  0  0  0  0  1  0 ]  [ 0  0  0  0  0  0  0  0  0  0  1 ]  [ 0  0  0  0  0  0  0  0  1  0  0 ]  [ 0  0  0  0  1  0  0  0  0  0  0 ]  [ 0  0  0  0  0  0  0  0  0  0  1 ]  [ 0  0  0  0  0  0  0  0  0  0  1 ]  [ 0  0  0  0  0  0  0  0  0  1  0 ]  [ 0  0  0  0  0  0  0  0  1  0  0 ]  [ 0  0  0  0  0  0  0  1  0  0  0 ]  [ 0  0  0  0  0  0  0  1  0  0  0 ]  [ 0  0  0  0  1  0  0  0  0  0  0 ]  [ 0  0  0  0  0  0  0  0  0  1  0 ]  [ 0  0  0  0  0  0  0  1  0  0  0 ]  [ 0  0  0  0  1  0  0  0  0  0  0 ]  [ 1  0  0  0  0  0  0  0  0  0  0 ]  [ 0  0  0  0  0  0  0  0  1  0  0 ]  [ 0  0  0  0  1  0  0  0  0  0  0 ]  [ 0  0  0  0  0  0  0  1  0  0  0 ]  [ 0  0  0  0  1  0  0  0  0  0  0 ]  [ 0  0  0  0  0  0  0  0  0  0  1 ]  [ 0  0  0  0  0  0  0  0  0  0  1 ]  [ 1  0  0  0  0  0  0  0  0  0  0 ]  [ 0  0  0  0  1  0  0  0  0  0  0 ]  [ 0  0  0  0  1  0  0  0  0  0  0 ]  [ 0  0  0  0  0  0  0  0  0  0  1 ]  [ 0  0  0  0  0  0  0  0  0  1  0 ]  [ 0  0  0  0  0  0  0  1  0  0  0 ]  [ 0  0  0  0  1  0  0  0  0  0  0 ]  [ 0  0  0  0  0  0  0  0  0  1  0 ]  [ 0  0  0  0  0  0  0  0  0  0  1 ]  [ 0  0  0  0  0  0  0  0  0  0  1 ]  [ 0  0  0  0  0  0  0  1  0  0  0 ]  [ 0  0  0  0  0  0  0  0  0  0  1 ]  [ 0  0  0  0  0  0  0  0  0  1  0 ]  [ 0  0  0  0  0  0  0  1  0  0  0 ]  [ 0  0  0  0  0  0  0  0  0  0  1 ]  [ 0  0  0  0  1  0  0  0  0  0  0 ]  [ 0  0  0  0  0  0  0  0  0  1  0 ]  [ 1  0  0  0  0  0  0  0  0  0  0 ]  [ 0  0  0  0  1  0  0  0  0  0  0 ]  [ 0  0  0  0  0  0  0  0  0  0  1 ]  [ 0  0  0  0  1  0  0  0  0  0  0 ]  [ 0  0  0  0  0  0  0  0  0  1  0 ]  [ 0  0  0  0  0  0  0  0  1  0  0 ]  [ 0  0  0  0  0  0  0  0  0  0  1 ]  [ 0  0  0  0  0  0  0  1  0  0  0 ]  [ 0  0  0  0  0  0  0  1  0  0  0 ]  [ 0  0  0  0  1  0  0  0  0  0  0 ]  [ 0  0  0  0  0  0  0  0  0  0  1 ]  [ 0  0  0  0  0  0  0  0  1  0  0 ]  [ 0  0  0  0  0  0  0  0  0  0  1 ]  [ 0  0  0  0  0  0  0  0  0  0  1 ]  [ 1  0  0  0  0  0  0  0  0  0  0 ]  [ 0  0  0  0  0  0  0  0  1  0  0 ]  [ 1  0  0  0  0  0  0  0  0  0  0 ]  [ 1  0  0  0  0  0  0  0  0  0  0 ]  [ 1  0  0  0  0  0  0  0  0  0  0 ]  [ 0  0  0  0  0  0  0  0  0  0  1 ]  [ 0  0  0  0  0  0  0  0  0  1  0 ]  [ 0  0  0  0  0  0  0  0  0  1  0 ]  [ 0  0  0  0  0  0  0  1  0  0  0 ]  [ 0  0  0  0  0  0  0  0  1  0  0 ]  [ 0  0  0  0  0  0  0  0  0  1  0 ]  [ 0  0  0  0  0  0  0  1  0  0  0 ]  [ 0  0  0  0  0  0  0  0  1  0  0 ]  [ 0  0  0  0  1  0  0  0  0  0  0 ]  [ 1  0  0  0  0  0  0  0  0  0  0 ]  [ 0  0  0  0  1  0  0  0  0  0  0 ]  [ 0  0  0  0  0  0  0  0  0  0  1 ]  [ 0  0  0  0  0  0  0  0  1  0  0 ]  [ 0  0  0  0  0  0  0  0  0  0  1 ]  [ 0  0  0  0  0  0  0  1  0  0  0 ]  [ 0  0  0  0  1  0  0  0  0  0  0 ]  [ 0  0  0  0  0  0  0  0  0  1  0 ]  [ 0  0  0  0  0  0  0  0  0  1  0 ]  [ 1  0  0  0  0  0  0  0  0  0  0 ]  [ 0  0  0  0  0  0  0  0  0  1  0 ]  [ 1  0  0  0  0  0  0  0  0  0  0 ]  [ 1  0  0  0  0  0  0  0  0  0  0 ]  [ 0  0  0  0  0  0  0  0  0  0  1 ]  [ 1  0  0  0  0  0  0  0  0  0  0 ]  [ 0  0  0  0  1  0  0  0  0  0  0 ]  [ 0  0  0  0  0  0  0  0  0  0  1 ]  [ 0  0  0  0  0  0  0  1  0  0  0 ]  [ 1  0  0  0  0  0  0  0  0  0  0 ]  [ 0  0  0  0  1  0  0  0  0  0  0 ]  [ 0  0  0  0  1  0  0  0  0  0  0 ]  [ 0  0  0  0  0  0  0  0  0  1  0 ]  [ 1  0  0  0  0  0  0  0  0  0  0 ]  [ 0  0  0  0  0  0  0  0  0  0  1 ]  [ 0  0  0  0  0  0  0  1  0  0  0 ]  [ 0  0  0  0  0  0  0  0  0  0  1 ]  [ 0  0  0  0  0  0  0  0  0  0  1 ]  [ 0  0  0  0  1  0  0  0  0  0  0 ]  [ 0  0  0  0  1  0  0  0  0  0  0 ]  [ 0  0  0  0  0  0  0  1  0  0  0 ]  [ 1  0  0  0  0  0  0  0  0  0  0 ]  [ 0  0  0  0  0  0  0  0  1  0  0 ]  [ 1  0  0  0  0  0  0  0  0  0  0 ]  [ 1  0  0  0  0  0  0  0  0  0  0 ]  [ 0  0  0  0  0  0  0  0  0  0  1 ]  [ 0  0  0  0  1  0  0  0  0  0  0 ]  [ 0  0  0  0  0  0  0  0  1  0  0 ]  [ 0  0  0  0  0  0  0  1  0  0  0 ]  [ 0  0  0  0  1  0  0  0  0  0  0 ]  [ 1  0  0  0  0  0  0  0  0  0  0 ]  [ 0  0  0  0  0  0  0  0  0  0  1 ]  [ 0  0  0  0  0  0  0  0  0  0  1 ]  [ 0  0  0  0  0  0  0  0  0  0  1 ]  [ 1  0  0  0  0  0  0  0  0  0  0 ]  [ 0  0  0  0  1  0  0  0  0  0  0 ]  [ 0  0  0  0  0  0  0  0  1  0  0 ]  [ 0  0  0  0  0  0  0  0  0  0  1 ]  [ 0  0  0  0  0  0  0  0  1  0  0 ]  [ 0  0  0  0  0  0  0  0  0  1  0 ]  [ 0  0  0  0  0  0  0  0  1  0  0 ]  [ 0  0  0  0  1  0  0  0  0  0  0 ]  [ 0  0  0  0  0  0  0  0  1  0  0 ]  [ 0  0  0  0  1  0  0  0  0  0  0 ]  [ 0  0  0  0  1  0  0  0  0  0  0 ]  [ 1  0  0  0  0  0  0  0  0  0  0 ]  [ 0  0  0  0  1  0  0  0  0  0  0 ]  [ 0  0  0  0  0  0  0  0  0  0  1 ]  [ 0  0  0  0  0  0  0  1  0  0  0 ]  [ 0  0  0  0  0  0  0  0  1  0  0 ]  [ 0  0  0  0  0  0  0  0  1  0  0 ]  [ 0  0  0  0  0  0  0  0  0  0  1 ]  [ 0  0  0  0  0  0  0  1  0  0  0 ]  [ 0  0  0  0  1  0  0  0  0  0  0 ]  [ 0  0  0  0  1  0  0  0  0  0  0 ]  [ 0  0  0  0  1  0  0  0  0  0  0 ]  [ 0  0  0  0  0  0  0  0  0  0  1 ]  [ 0  0  0  0  0  0  0  0  0  0  1 ]  [ 0  0  0  0  1  0  0  0  0  0  0 ]  [ 0  0  0  0  0  0  0  1  0  0  0 ]  [ 0  0  0  0  0  0  0  0  1  0  0 ]  [ 0  0  0  0  0  0  0  0  1  0  0 ]  [ 0  0  0  0  0  0  0  0  1  0  0 ]  [ 0  0  0  0  1  0  0  0  0  0  0 ]  [ 1  0  0  0  0  0  0  0  0  0  0 ]  [ 0  0  0  0  1  0  0  0  0  0  0 ]  [ 1  0  0  0  0  0  0  0  0  0  0 ]  [ 0  0  0  0  0  0  0  0  1  0  0 ]  [ 1  0  0  0  0  0  0  0  0  0  0 ]  [ 1  0  0  0  0  0  0  0  0  0  0 ]  [ 0  0  0  0  0  0  0  0  1  0  0 ]  [ 0  0  0  0  1  0  0  0  0  0  0 ]  [ 0  0  0  0  0  0  0  0  0  1  0 ]  [ 0  0  0  0  0  0  0  1  0  0  0 ]  [ 0  0  0  0  0  0  0  0  0  0  1 ]  [ 1  0  0  0  0  0  0  0  0  0  0 ]  [ 0  0  0  0  0  0  0  0  1  0  0 ]  [ 0  0  0  0  0  0  0  0  0  1  0 ]  [ 1  0  0  0  0  0  0  0  0  0  0 ]  [ 0  0  0  0  0  0  0  0  0  0  1 ]  [ 0  0  0  0  1  0  0  0  0  0  0 ]  [ 0  0  0  0  0  0  0  0  0  1  0 ]  [ 0  0  0  0  0  0  0  0  0  0  1 ]  [ 0  0  0  0  0  0  0  0  0  1  0 ]  [ 0  0  0  0  1  0  0  0  0  0  0 ]  [ 1  0  0  0  0  0  0  0  0  0  0 ]  [ 0  0  0  0  0  0  0  0  1  0  0 ]  [ 0  0  0  0  0  0  0  0  0  0  1 ]  [ 0  0  0  0  1  0  0  0  0  0  0 ]  [ 0  0  0  0  0  0  0  0  0  0  1 ]  [ 1  0  0  0  0  0  0  0  0  0  0 ]  [ 0  0  0  0  0  0  0  0  0  0  1 ]  [ 1  0  0  0  0  0  0  0  0  0  0 ]  [ 0  0  0  0  1  0  0  0  0  0  0 ]  [ 0  0  0  0  0  0  0  0  0  0  1 ]  [ 0  0  0  0  0  0  0  0  0  1  0 ]  [ 0  0  0  0  0  0  0  0  0  0  1 ]  [ 0  0  0  0  0  0  0  0  0  0  1 ]  [ 0  0  0  0  0  0  0  0  0  1  0 ]  [ 0  0  0  0  0  0  0  0  0  1  0 ]  [ 0  0  0  0  1  0  0  0  0  0  0 ]  [ 0  0  0  0  0  0  0  1  0  0  0 ]  [ 1  0  0  0  0  0  0  0  0  0  0 ]  [ 0  0  0  0  0  0  0  0  0  1  0 ]  [ 0  0  0  0  0  0  0  0  0  1  0 ]  [ 0  0  0  0  1  0  0  0  0  0  0 ]  [ 1  0  0  0  0  0  0  0  0  0  0 ]  [ 0  0  0  0  0  0  0  0  0  0  1 ]  [ 0  0  0  0  0  0  0  0  0  1  0 ]  [ 0  0  0  0  0  0  0  0  1  0  0 ]  [ 0  0  0  0  0  0  0  0  1  0  0 ]  [ 0  0  0  0  0  0  0  0  0  0  1 ]  [ 0  0  0  0  0  0  0  1  0  0  0 ]  [ 0  0  0  0  0  0  0  1  0  0  0 ]  [ 0  0  0  0  0  0  0  1  0  0  0 ]  [ 0  0  0  0  1  0  0  0  0  0  0 ]  [ 1  0  0  0  0  0  0  0  0  0  0 ]  [ 0  0  0  0  0  0  0  0  1  0  0 ]  [ 0  0  0  0  0  0  0  1  0  0  0 ]  [ 0  0  0  0  0  0  0  0  1  0  0 ]  [ 1  0  0  0  0  0  0  0  0  0  0 ]  [ 0  0  0  0  0  0  0  1  0  0  0 ]  [ 1  0  0  0  0  0  0  0  0  0  0 ]  [ 1  0  0  0  0  0  0  0  0  0  0 ]  [ 0  0  0  0  1  0  0  0  0  0  0 ]  [ 0  0  0  0  0  0  0  0  0  1  0 ]  [ 0  0  0  0  0  0  0  1  0  0  0 ]  [ 0  0  0  0  0  0  0  1  0  0  0 ]  [ 0  0  0  0  0  0  0  0  1  0  0 ]  [ 0  0  0  0  1  0  0  0  0  0  0 ]  [ 1  0  0  0  0  0  0  0  0  0  0 ]  [ 0  0  0  0  0  0  0  0  1  0  0 ]  [ 0  0  0  0  0  0  0  0  1  0  0 ]  [ 0  0  0  0  0  0  0  0  1  0  0 ]  [ 0  0  0  0  0  0  0  1  0  0  0 ]  [ 0  0  0  0  0  0  0  0  0  1  0 ]  [ 0  0  0  0  0  0  0  0  0  1  0 ]  [ 0  0  0  0  1  0  0  0  0  0  0 ]  [ 0  0  0  0  0  0  0  1  0  0  0 ]  [ 0  0  0  0  0  0  0  1  0  0  0 ]  [ 0  0  0  0  1  0  0  0  0  0  0 ]  [ 0  0  0  0  0  0  0  1  0  0  0 ]  [ 0  0  0  0  0  0  0  0  1  0  0 ]  [ 0  0  0  0  0  0  0  0  0  0  1 ]  [ 0  0  0  0  0  0  0  0  0  0  1 ]  [ 0  0  0  0  1  0  0  0  0  0  0 ]  [ 0  0  0  0  0  0  0  0  1  0  0 ]  [ 1  0  0  0  0  0  0  0  0  0  0 ]  [ 1  0  0  0  0  0  0  0  0  0  0 ]  [ 0  0  0  0  0  0  0  0  1  0  0 ]  [ 0  0  0  0  0  0  0  0  0  0  1 ]  [ 1  0  0  0  0  0  0  0  0  0  0 ]  [ 0  0  0  0  0  0  0  0  0  1  0 ]  [ 0  0  0  0  0  0  0  0  0  0  1 ]  [ 0  0  0  0  1  0  0  0  0  0  0 ]  [ 0  0  0  0  0  0  0  0  0  1  0 ]  [ 0  0  0  0  0  0  0  0  0  0  1 ]  [ 0  0  0  0  0  0  0  1  0  0  0 ]  [ 0  0  0  0  0  0  0  0  0  1  0 ]  [ 0  0  0  0  0  0  0  0  0  1  0 ]  [ 0  0  0  0  0  0  0  0  1  0  0 ]  [ 0  0  0  0  0  0  0  0  0  0  1 ]  [ 0  0  0  0  0  0  0  0  0  0  1 ]  [ 0  0  0  0  0  0  0  0  0  0  1 ]  [ 0  0  0  0  0  0  0  0  1  0  0 ]  [ 0  0  0  0  1  0  0  0  0  0  0 ]  [ 0  0  0  0  1  0  0  0  0  0  0 ]  [ 0  0  0  0  1  0  0  0  0  0  0 ]  [ 0  0  0  0  0  0  0  0  1  0  0 ]  [ 0  0  0  0  0  0  0  0  0  1  0 ]  [ 1  0  0  0  0  0  0  0  0  0  0 ]  [ 0  0  0  0  0  0  0  0  0  1  0 ]  [ 0  0  0  0  0  0  0  0  0  1  0 ]  [ 0  0  0  0  0  0  0  1  0  0  0 ]  [ 0  0  0  0  0  0  0  0  1  0  0 ]  [ 1  0  0  0  0  0  0  0  0  0  0 ]  [ 0  0  0  0  0  0  0  0  0  1  0 ]  [ 1  0  0  0  0  0  0  0  0  0  0 ]  [ 0  0  0  0  0  0  0  0  0  0  1 ]  [ 0  0  0  0  0  0  0  0  0  1  0 ]  [ 0  0  0  0  0  0  0  0  1  0  0 ]  [ 0  0  0  0  1  0  0  0  0  0  0 ]  [ 0  0  0  0  0  0  0  0  0  0  1 ]  [ 0  0  0  0  0  0  0  0  0  0  1 ]  [ 1  0  0  0  0  0  0  0  0  0  0 ]  [ 0  0  0  0  0  0  0  0  0  1  0 ]  [ 0  0  0  0  0  0  0  0  0  0  1 ]  [ 0  0  0  0  0  0  0  0  1  0  0 ]  [ 0  0  0  0  0  0  0  0  0  1  0 ]  [ 0  0  0  0  0  0  0  1  0  0  0 ]  [ 0  0  0  0  0  0  0  0  0  0  1 ]  [ 0  0  0  0  0  0  0  0  0  0  1 ]  [ 0  0  0  0  0  0  0  1  0  0  0 ]  [ 0  0  0  0  0  0  0  0  0  1  0 ]  [ 0  0  0  0  0  0  0  1  0  0  0 ]  [ 1  0  0  0  0  0  0  0  0  0  0 ]  [ 0  0  0  0  1  0  0  0  0  0  0 ]  [ 1  0  0  0  0  0  0  0  0  0  0 ]  [ 0  0  0  0  0  0  0  0  0  0  1 ]  [ 0  0  0  0  0  0  0  0  0  0  1 ]  [ 1  0  0  0  0  0  0  0  0  0  0 ]  [ 0  0  0  0  0  0  0  0  1  0  0 ]  [ 0  0  0  0  0  0  0  1  0  0  0 ]  [ 1  0  0  0  0  0  0  0  0  0  0 ]  [ 0  0  0  0  1  0  0  0  0  0  0 ]  [ 0  0  0  0  1  0  0  0  0  0  0 ]  [ 0  0  0  0  0  0  0  0  0  1  0 ]  [ 1  0  0  0  0  0  0  0  0  0  0 ]  [ 0  0  0  0  1  0  0  0  0  0  0 ]  [ 0  0  0  0  0  0  0  1  0  0  0 ]  [ 1  0  0  0  0  0  0  0  0  0  0 ]  [ 0  0  0  0  0  0  0  0  1  0  0 ]  [ 0  0  0  0  0  0  0  0  1  0  0 ]  [ 0  0  0  0  0  0  0  0  0  0  1 ]  [ 0  0  0  0  1  0  0  0  0  0  0 ]  [ 0  0  0  0  1  0  0  0  0  0  0 ]  [ 0  0  0  0  0  0  0  0  1  0  0 ]  [ 0  0  0  0  1  0  0  0  0  0  0 ]  [ 0  0  0  0  0  0  0  0  1  0  0 ]  [ 0  0  0  0  1  0  0  0  0  0  0 ]  [ 0  0  0  0  0  0  0  0  0  1  0 ]  [ 0  0  0  0  0  0  0  0  0  1  0 ]  [ 0  0  0  0  0  0  0  0  0  1  0 ]  [ 0  0  0  0  0  0  0  0  0  0  1 ]  [ 0  0  0  0  0  0  0  0  1  0  0 ]  [ 0  0  0  0  0  0  0  1  0  0  0 ]  [ 0  0  0  0  0  0  0  0  0  0  1 ]  [ 0  0  0  0  0  0  0  0  0  1  0 ]  [ 0  0  0  0  0  0  0  0  1  0  0 ]  [ 0  0  0  0  0  0  0  1  0  0  0 ]  [ 0  0  0  0  1  0  0  0  0  0  0 ]  [ 1  0  0  0  0  0  0  0  0  0  0 ]  [ 0  0  0  0  0  0  0  0  0  1  0 ]  [ 1  0  0  0  0  0  0  0  0  0  0 ]  [ 0  0  0  0  0  0  0  0  0  1  0 ]  [ 0  0  0  0  0  0  0  0  1  0  0 ]  [ 0  0  0  0  0  0  0  0  0  0  1 ]  [ 0  0  0  0  0  0  0  0  0  1  0 ]  [ 0  0  0  0  0  0  0  0  0  0  1 ]  [ 1  0  0  0  0  0  0  0  0  0  0 ]  [ 0  0  0  0  0  0  0  0  1  0  0 ]  [ 0  0  0  0  0  0  0  0  1  0  0 ]  [ 0  0  0  0  1  0  0  0  0  0  0 ]  [ 0  0  0  0  0  0  0  0  1  0  0 ]  [ 0  0  0  0  0  0  0  1  0  0  0 ]  [ 0  0  0  0  0  0  0  0  1  0  0 ]  [ 1  0  0  0  0  0  0  0  0  0  0 ]  [ 0  0  0  0  0  0  0  1  0  0  0 ]  [ 0  0  0  0  0  0  0  1  0  0  0 ]  [ 0  0  0  0  1  0  0  0  0  0  0 ]  [ 0  0  0  0  0  0  0  1  0  0  0 ]  [ 0  0  0  0  0  0  0  0  0  1  0 ]  [ 0  0  0  0  0  0  0  0  0  1  0 ]  [ 0  0  0  0  0  0  0  1  0  0  0 ]  [ 0  0  0  0  0  0  0  0  1  0  0 ]  [ 0  0  0  0  0  0  0  1  0  0  0 ]  [ 0  0  0  0  1  0  0  0  0  0  0 ]  [ 1  0  0  0  0  0  0  0  0  0  0 ]  [ 0  0  0  0  1  0  0  0  0  0  0 ]  [ 0  0  0  0  0  0  0  0  1  0  0 ]  [ 0  0  0  0  0  0  0  0  0  0  1 ]  [ 0  0  0  0  0  0  0  0  0  1  0 ]  [ 0  0  0  0  0  0  0  0  1  0  0 ]  [ 0  0  0  0  0  0  0  0  0  0  1 ]  [ 0  0  0  0  0  0  0  1  0  0  0 ]  [ 0  0  0  0  0  0  0  0  0  0  1 ]  [ 0  0  0  0  0  0  0  1  0  0  0 ]  [ 0  0  0  0  0  0  0  0  0  1  0 ]  [ 0  0  0  0  0  0  0  0  0  0  1 ]  [ 0  0  0  0  1  0  0  0  0  0  0 ]  [ 0  0  0  0  1  0  0  0  0  0  0 ]  [ 0  0  0  0  0  0  0  0  1  0  0 ]  [ 0  0  0  0  0  0  0  0  1  0  0 ]  [ 0  0  0  0  0  0  0  1  0  0  0 ]  [ 1  0  0  0  0  0  0  0  0  0  0 ]  [ 0  0  0  0  0  0  0  1  0  0  0 ]  [ 0  0  0  0  0  0  0  1  0  0  0 ]  [ 0  0  0  0  0  0  0  1  0  0  0 ]  [ 0  0  0  0  0  0  0  0  0  0  1 ]  [ 0  0  0  0  0  0  0  0  1  0  0 ]  [ 0  0  0  0  0  0  0  0  0  1  0 ]  [ 0  0  0  0  0  0  0  0  0  0  1 ]  [ 0  0  0  0  0  0  0  0  0  1  0 ]  [ 0  0  0  0  0  0  0  1  0  0  0 ]  [ 0  0  0  0  0  0  0  0  0  1  0 ]  [ 0  0  0  0  0  0  0  0  1  0  0 ]  [ 0  0  0  0  0  0  0  0  1  0  0 ]  [ 0  0  0  0  0  0  0  0  1  0  0 ]  [ 0  0  0  0  0  0  0  1  0  0  0 ]  [ 0  0  0  0  0  0  0  0  1  0  0 ]  [ 0  0  0  0  0  0  0  0  1  0  0 ]  [ 0  0  0  0  0  0  0  0  0  0  1 ]  [ 0  0  0  0  0  0  0  0  0  1  0 ]  [ 0  0  0  0  0  0  0  0  0  0  1 ]  [ 0  0  0  0  0  0  0  0  0  1  0 ]  [ 0  0  0  0  0  0  0  0  0  1  0 ]  [ 0  0  0  0  0  0  0  0  1  0  0 ]  [ 0  0  0  0  0  0  0  1  0  0  0 ]  [ 0  0  0  0  1  0  0  0  0  0  0 ]  [ 0  0  0  0  0  0  0  0  0  1  0 ]  [ 0  0  0  0  0  0  0  0  0  0  1 ]  [ 0  0  0  0  0  0  0  0  1  0  0 ]  [ 1  0  0  0  0  0  0  0  0  0  0 ]  [ 0  0  0  0  0  0  0  0  0  1  0 ]  [ 0  0  0  0  0  0  0  1  0  0  0 ]  [ 0  0  0  0  0  0  0  1  0  0  0 ]  [ 1  0  0  0  0  0  0  0  0  0  0 ]  [ 0  0  0  0  0  0  0  0  1  0  0 ]  [ 0  0  0  0  0  0  0  0  0  1  0 ]  [ 0  0  0  0  0  0  0  1  0  0  0 ]  [ 0  0  0  0  0  0  0  1  0  0  0 ]  [ 0  0  0  0  0  0  0  0  1  0  0 ]  [ 1  0  0  0  0  0  0  0  0  0  0 ]  [ 0  0  0  0  0  0  0  0  1  0  0 ]  [ 0  0  0  0  0  0  0  0  0  0  1 ]  [ 0  0  0  0  0  0  0  0  0  1  0 ]  [ 0  0  0  0  0  0  0  1  0  0  0 ]  [ 0  0  0  0  0  0  0  0  0  1  0 ]  [ 0  0  0  0  0  0  0  0  1  0  0 ]  [ 0  0  0  0  1  0  0  0  0  0  0 ]  [ 0  0  0  0  1  0  0  0  0  0  0 ]  [ 0  0  0  0  0  0  0  0  0  0  1 ]  [ 0  0  0  0  1  0  0  0  0  0  0 ]  [ 1  0  0  0  0  0  0  0  0  0  0 ]  [ 0  0  0  0  0  0  0  0  0  1  0 ]  [ 0  0  0  0  0  0  0  0  1  0  0 ]  [ 0  0  0  0  0  0  0  1  0  0  0 ]  [ 0  0  0  0  0  0  0  0  1  0  0 ]  [ 0  0  0  0  0  0  0  0  0  1  0 ]  [ 0  0  0  0  1  0  0  0  0  0  0 ]  [ 0  0  0  0  0  0  0  0  1  0  0 ]  [ 0  0  0  0  0  0  0  0  0  1  0 ]  [ 0  0  0  0  0  0  0  0  0  1  0 ]  [ 0  0  0  0  1  0  0  0  0  0  0 ]  [ 0  0  0  0  0  0  0  0  1  0  0 ]  [ 0  0  0  0  1  0  0  0  0  0  0 ]  [ 0  0  0  0  0  0  0  0  1  0  0 ]  [ 0  0  0  0  1  0  0  0  0  0  0 ]  [ 0  0  0  0  0  0  0  0  0  1  0 ]  [ 0  0  0  0  0  0  0  0  0  0  1 ]  [ 0  0  0  0  1  0  0  0  0  0  0 ]  [ 0  0  0  0  1  0  0  0  0  0  0 ]  [ 0  0  0  0  0  0  0  0  0  0  1 ]  [ 0  0  0  0  0  0  0  0  0  1  0 ]  [ 0  0  0  0  0  0  0  0  0  0  1 ]  [ 1  0  0  0  0  0  0  0  0  0  0 ]  [ 0  0  0  0  0  0  0  0  0  0  1 ]  [ 0  0  0  0  0  0  0  0  1  0  0 ]  [ 0  0  0  0  1  0  0  0  0  0  0 ]  [ 0  0  0  0  0  0  0  1  0  0  0 ]  [ 0  0  0  0  0  0  0  0  0  1  0 ]  [ 0  0  0  0  0  0  0  0  0  1  0 ]  [ 0  0  0  0  1  0  0  0  0  0  0 ]  [ 0  0  0  0  0  0  0  0  1  0  0 ]  [ 1  0  0  0  0  0  0  0  0  0  0 ]  [ 0  0  0  0  0  0  0  0  0  0  1 ]  [ 0  0  0  0  0  0  0  1  0  0  0 ]  [ 0  0  0  0  0  0  0  0  0  0  1 ]  [ 0  0  0  0  0  0  0  0  0  1  0 ]  [ 0  0  0  0  0  0  0  0  1  0  0 ]  [ 0  0  0  0  1  0  0  0  0  0  0 ]  [ 0  0  0  0  0  0  0  0  1  0  0 ]  [ 1  0  0  0  0  0  0  0  0  0  0 ]  [ 1  0  0  0  0  0  0  0  0  0  0 ]  [ 0  0  0  0  0  0  0  0  0  1  0 ]  [ 0  0  0  0  0  0  0  1  0  0  0 ]  [ 0  0  0  0  0  0  0  0  0  1  0 ]  [ 0  0  0  0  1  0  0  0  0  0  0 ]  [ 0  0  0  0  0  0  0  0  0  1  0 ]  [ 0  0  0  0  0  0  0  0  0  1  0 ]  [ 0  0  0  0  1  0  0  0  0  0  0 ]  [ 1  0  0  0  0  0  0  0  0  0  0 ]  [ 0  0  0  0  0  0  0  1  0  0  0 ]  [ 0  0  0  0  0  0  0  1  0  0  0 ]  [ 1  0  0  0  0  0  0  0  0  0  0 ]  [ 0  0  0  0  1  0  0  0  0  0  0 ]  [ 1  0  0  0  0  0  0  0  0  0  0 ]  [ 0  0  0  0  0  0  0  0  1  0  0 ]  [ 0  0  0  0  0  0  0  0  0  0  1 ]  [ 0  0  0  0  1  0  0  0  0  0  0 ]  [ 1  0  0  0  0  0  0  0  0  0  0 ]  [ 0  0  0  0  0  0  0  0  0  1  0 ]  [ 0  0  0  0  0  0  0  0  0  1  0 ]  [ 0  0  0  0  0  0  0  0  0  0  1 ]  [ 0  0  0  0  0  0  0  0  1  0  0 ]  [ 0  0  0  0  0  0  0  1  0  0  0 ]  [ 0  0  0  0  0  0  0  0  0  0  1 ]  [ 1  0  0  0  0  0  0  0  0  0  0 ]  [ 0  0  0  0  0  0  0  0  0  1  0 ]  [ 1  0  0  0  0  0  0  0  0  0  0 ]  [ 0  0  0  0  0  0  0  1  0  0  0 ]  [ 0  0  0  0  0  0  0  1  0  0  0 ]  [ 0  0  0  0  0  0  0  1  0  0  0 ]  [ 0  0  0  0  1  0  0  0  0  0  0 ]  [ 0  0  0  0  1  0  0  0  0  0  0 ]  [ 0  0  0  0  0  0  0  0  0  1  0 ]  [ 0  0  0  0  0  0  0  1  0  0  0 ]  [ 0  0  0  0  0  0  0  0  1  0  0 ]  [ 0  0  0  0  1  0  0  0  0  0  0 ]  [ 0  0  0  0  0  0  0  0  0  1  0 ]  [ 0  0  0  0  1  0  0  0  0  0  0 ]  [ 0  0  0  0  0  0  0  0  1  0  0 ]  [ 0  0  0  0  0  0  0  0  0  0  1 ]  [ 0  0  0  0  0  0  0  0  0  0  1 ]  [ 1  0  0  0  0  0  0  0  0  0  0 ]  [ 0  0  0  0  0  0  0  0  0  1  0 ]  [ 0  0  0  0  0  0  0  0  0  0  1 ]  [ 0  0  0  0  1  0  0  0  0  0  0 ]  [ 0  0  0  0  0  0  0  1  0  0  0 ]  [ 0  0  0  0  0  0  0  0  1  0  0 ]  [ 0  0  0  0  0  0  0  0  0  0  1 ]  [ 0  0  0  0  0  0  0  1  0  0  0 ]  [ 0  0  0  0  0  0  0  0  0  0  1 ]  [ 0  0  0  0  0  0  0  0  0  1  0 ]  [ 1  0  0  0  0  0  0  0  0  0  0 ]  [ 0  0  0  0  0  0  0  0  0  0  1 ]  [ 1  0  0  0  0  0  0  0  0  0  0 ]  [ 1  0  0  0  0  0  0  0  0  0  0 ]  [ 0  0  0  0  0  0  0  0  1  0  0 ]  [ 1  0  0  0  0  0  0  0  0  0  0 ]  [ 0  0  0  0  0  0  0  1  0  0  0 ]  [ 1  0  0  0  0  0  0  0  0  0  0 ]  [ 0  0  0  0  0  0  0  1  0  0  0 ]  [ 0  0  0  0  0  0  0  0  0  0  1 ]  [ 0  0  0  0  0  0  0  0  0  0  1 ]  [ 1  0  0  0  0  0  0  0  0  0  0 ]  [ 1  0  0  0  0  0  0  0  0  0  0 ]  [ 0  0  0  0  0  0  0  0  0  0  1 ]  [ 1  0  0  0  0  0  0  0  0  0  0 ]  [ 0  0  0  0  1  0  0  0  0  0  0 ]  [ 1  0  0  0  0  0  0  0  0  0  0 ]  [ 1  0  0  0  0  0  0  0  0  0  0 ]  [ 1  0  0  0  0  0  0  0  0  0  0 ]  [ 0  0  0  0  0  0  0  0  1  0  0 ]  [ 0  0  0  0  0  0  0  0  0  1  0 ]  [ 0  0  0  0  0  0  0  0  0  1  0 ]  [ 0  0  0  0  0  0  0  0  0  0  1 ]  [ 0  0  0  0  0  0  0  0  1  0  0 ]  [ 0  0  0  0  0  0  0  1  0  0  0 ]  [ 0  0  0  0  0  0  0  0  1  0  0 ]  [ 0  0  0  0  0  0  0  0  0  0  1 ]  [ 0  0  0  0  0  0  0  0  1  0  0 ]  [ 0  0  0  0  1  0  0  0  0  0  0 ]  [ 1  0  0  0  0  0  0  0  0  0  0 ]  [ 0  0  0  0  0  0  0  0  0  0  1 ]  [ 0  0  0  0  0  0  0  0  1  0  0 ]  [ 0  0  0  0  0  0  0  1  0  0  0 ]  [ 0  0  0  0  0  0  0  0  1  0  0 ]  [ 0  0  0  0  0  0  0  0  1  0  0 ]  [ 0  0  0  0  0  0  0  0  1  0  0 ]  [ 1  0  0  0  0  0  0  0  0  0  0 ]  [ 0  0  0  0  0  0  0  1  0  0  0 ]  [ 0  0  0  0  0  0  0  1  0  0  0 ]  [ 0  0  0  0  1  0  0  0  0  0  0 ]  [ 0  0  0  0  0  0  0  0  0  0  1 ]  [ 0  0  0  0  0  0  0  1  0  0  0 ]  [ 0  0  0  0  0  0  0  0  1  0  0 ]  [ 0  0  0  0  0  0  0  0  0  1  0 ]  [ 0  0  0  0  0  0  0  0  0  1  0 ]  [ 0  0  0  0  0  0  0  0  0  1  0 ]  [ 0  0  0  0  0  0  0  0  0  1  0 ]  [ 0  0  0  0  1  0  0  0  0  0  0 ]  [ 0  0  0  0  0  0  0  0  0  0  1 ]  [ 1  0  0  0  0  0  0  0  0  0  0 ]  [ 0  0  0  0  0  0  0  0  0  0  1 ]  [ 0  0  0  0  0  0  0  0  0  0  1 ]  [ 0  0  0  0  0  0  0  0  0  0  1 ]  [ 1  0  0  0  0  0  0  0  0  0  0 ]  [ 1  0  0  0  0  0  0  0  0  0  0 ]  [ 0  0  0  0  0  0  0  0  0  1  0 ]  [ 0  0  0  0  0  0  0  1  0  0  0 ]  [ 0  0  0  0  0  0  0  1  0  0  0 ]  [ 0  0  0  0  0  0  0  0  0  0  1 ]  [ 1  0  0  0  0  0  0  0  0  0  0 ]  [ 0  0  0  0  0  0  0  0  1  0  0 ]  [ 0  0  0  0  0  0  0  1  0  0  0 ]  [ 1  0  0  0  0  0  0  0  0  0  0 ]  [ 0  0  0  0  0  0  0  1  0  0  0 ]  [ 0  0  0  0  0  0  0  0  0  1  0 ]  [ 0  0  0  0  0  0  0  0  0  0  1 ]  [ 1  0  0  0  0  0  0  0  0  0  0 ]  [ 0  0  0  0  0  0  0  0  1  0  0 ]  [ 1  0  0  0  0  0  0  0  0  0  0 ]  [ 0  0  0  0  0  0  0  0  0  1  0 ]  [ 1  0  0  0  0  0  0  0  0  0  0 ]  [ 1  0  0  0  0  0  0  0  0  0  0 ]  [ 0  0  0  0  0  0  0  1  0  0  0 ]  [ 0  0  0  0  0  0  0  0  0  1  0 ]  [ 0  0  0  0  1  0  0  0  0  0  0 ]  [ 1  0  0  0  0  0  0  0  0  0  0 ]  [ 0  0  0  0  0  0  0  0  0  1  0 ]  [ 0  0  0  0  0  0  0  0  0  1  0 ]  [ 0  0  0  0  0  0  0  0  0  0  1 ]  [ 0  0  0  0  1  0  0  0  0  0  0 ]  [ 0  0  0  0  0  0  0  1  0  0  0 ]  [ 0  0  0  0  1  0  0  0  0  0  0 ]  [ 0  0  0  0  0  0  0  0  1  0  0 ]  [ 0  0  0  0  1  0  0  0  0  0  0 ]  [ 0  0  0  0  0  0  0  1  0  0  0 ]  [ 0  0  0  0  0  0  0  0  0  1  0 ]  [ 0  0  0  0  0  0  0  0  0  0  1 ]  [ 0  0  0  0  0  0  0  0  1  0  0 ]  [ 1  0  0  0  0  0  0  0  0  0  0 ]  [ 0  0  0  0  0  0  0  0  1  0  0 ]  [ 0  0  0  0  0  0  0  1  0  0  0 ]  [ 0  0  0  0  0  0  0  0  0  0  1 ]  [ 0  0  0  0  0  0  0  0  0  1  0 ]  [ 0  0  0  0  0  0  0  0  0  0  1 ]  [ 0  0  0  0  0  0  0  0  0  1  0 ]  [ 0  0  0  0  0  0  0  0  1  0  0 ]  [ 0  0  0  0  0  0  0  0  0  0  1 ]  [ 0  0  0  0  0  0  0  0  0  1  0 ]  [ 0  0  0  0  1  0  0  0  0  0  0 ]  [ 1  0  0  0  0  0  0  0  0  0  0 ]  [ 0  0  0  0  0  0  0  1  0  0  0 ]  [ 0  0  0  0  0  0  0  0  1  0  0 ]  [ 1  0  0  0  0  0  0  0  0  0  0 ]  [ 0  0  0  0  0  0  0  1  0  0  0 ]  [ 0  0  0  0  0  0  0  0  1  0  0 ]  [ 1  0  0  0  0  0  0  0  0  0  0 ]  [ 0  0  0  0  0  0  0  0  0  1  0 ]  [ 0  0  0  0  0  0  0  0  1  0  0 ]  [ 0  0  0  0  1  0  0  0  0  0  0 ]  [ 0  0  0  0  1  0  0  0  0  0  0 ]  [ 0  0  0  0  0  0  0  1  0  0  0 ]  [ 0  0  0  0  1  0  0  0  0  0  0 ]  [ 0  0  0  0  0  0  0  0  0  1  0 ]  [ 0  0  0  0  0  0  0  0  1  0  0 ]  [ 0  0  0  0  0  0  0  0  1  0  0 ]  [ 1  0  0  0  0  0  0  0  0  0  0 ]  [ 0  0  0  0  0  0  0  0  0  0  1 ]  [ 0  0  0  0  1  0  0  0  0  0  0 ]  [ 0  0  0  0  1  0  0  0  0  0  0 ]  [ 1  0  0  0  0  0  0  0  0  0  0 ]  [ 0  0  0  0  0  0  0  0  0  0  1 ]  [ 0  0  0  0  0  0  0  1  0  0  0 ]  [ 0  0  0  0  0  0  0  0  0  0  1 ]  [ 0  0  0  0  0  0  0  0  0  0  1 ]  [ 0  0  0  0  0  0  0  0  0  0  1 ]  [ 0  0  0  0  0  0  0  0  0  1  0 ]  [ 0  0  0  0  0  0  0  0  0  0  1 ]  [ 0  0  0  0  0  0  0  0  0  0  1 ]  [ 0  0  0  0  0  0  0  0  0  1  0 ]  [ 1  0  0  0  0  0  0  0  0  0  0 ]  [ 0  0  0  0  0  0  0  0  1  0  0 ]  [ 0  0  0  0  0  0  0  0  1  0  0 ]  [ 0  0  0  0  0  0  0  0  0  0  1 ]  [ 0  0  0  0  0  0  0  0  0  1  0 ]  [ 0  0  0  0  0  0  0  0  0  1  0 ]  [ 0  0  0  0  0  0  0  0  0  1  0 ]  [ 0  0  0  0  0  0  0  1  0  0  0 ]  [ 0  0  0  0  0  0  0  0  0  0  1 ]  [ 0  0  0  0  0  0  0  0  1  0  0 ]  [ 0  0  0  0  0  0  0  1  0  0  0 ]  [ 0  0  0  0  0  0  0  1  0  0  0 ]  [ 0  0  0  0  0  0  0  0  0  0  1 ]  [ 0  0  0  0  0  0  0  0  1  0  0 ]  [ 0  0  0  0  1  0  0  0  0  0  0 ]  [ 1  0  0  0  0  0  0  0  0  0  0 ]  [ 0  0  0  0  0  0  0  0  0  1  0 ]  [ 0  0  0  0  0  0  0  0  1  0  0 ]  [ 0  0  0  0  0  0  0  0  0  0  1 ]  [ 0  0  0  0  1  0  0  0  0  0  0 ]  [ 0  0  0  0  0  0  0  1  0  0  0 ]  [ 0  0  0  0  0  0  0  0  0  1  0 ]  [ 1  0  0  0  0  0  0  0  0  0  0 ]  [ 1  0  0  0  0  0  0  0  0  0  0 ]  [ 0  0  0  0  0  0  0  0  1  0  0 ]  [ 0  0  0  0  1  0  0  0  0  0  0 ]  [ 1  0  0  0  0  0  0  0  0  0  0 ]  [ 0  0  0  0  1  0  0  0  0  0  0 ]  [ 0  0  0  0  0  0  0  0  1  0  0 ]  [ 0  0  0  0  0  0  0  0  1  0  0 ]  [ 1  0  0  0  0  0  0  0  0  0  0 ]  [ 1  0  0  0  0  0  0  0  0  0  0 ]  [ 0  0  0  0  0  0  0  0  0  0  1 ]  [ 0  0  0  0  0  0  0  0  1  0  0 ]  [ 0  0  0  0  1  0  0  0  0  0  0 ]  [ 0  0  0  0  0  0  0  0  0  0  1 ]  [ 1  0  0  0  0  0  0  0  0  0  0 ]  [ 0  0  0  0  0  0  0  1  0  0  0 ]  [ 0  0  0  0  0  0  0  0  0  0  1 ]  [ 0  0  0  0  0  0  0  0  0  1  0 ]  [ 0  0  0  0  1  0  0  0  0  0  0 ]  [ 0  0  0  0  0  0  0  0  0  0  1 ]  [ 0  0  0  0  0  0  0  0  1  0  0 ]  [ 0  0  0  0  0  0  0  0  0  0  1 ]  [ 0  0  0  0  0  0  0  0  0  0  1 ]  [ 0  0  0  0  0  0  0  1  0  0  0 ]  [ 0  0  0  0  0  0  0  0  0  1  0 ]  [ 0  0  0  0  0  0  0  0  1  0  0 ]  [ 0  0  0  0  0  0  0  0  0  0  1 ]  [ 0  0  0  0  0  0  0  0  0  1  0 ]  [ 0  0  0  0  0  0  0  0  0  1  0 ]  [ 0  0  0  0  0  0  0  0  0  1  0 ]  [ 0  0  0  0  0  0  0  0  0  0  1 ]  [ 0  0  0  0  1  0  0  0  0  0  0 ]  [ 0  0  0  0  1  0  0  0  0  0  0 ]  [ 0  0  0  0  0  0  0  0  0  1  0 ]  [ 0  0  0  0  0  0  0  0  0  1  0 ]  [ 0  0  0  0  0  0  0  0  1  0  0 ]  [ 0  0  0  0  0  0  0  1  0  0  0 ]  [ 0  0  0  0  0  0  0  1  0  0  0 ]  [ 0  0  0  0  0  0  0  0  0  0  1 ]  [ 0  0  0  0  0  0  0  0  0  1  0 ]  [ 0  0  0  0  0  0  0  0  1  0  0 ]  [ 1  0  0  0  0  0  0  0  0  0  0 ]  [ 0  0  0  0  0  0  0  0  0  0  1 ]  [ 0  0  0  0  0  0  0  1  0  0  0 ]  [ 0  0  0  0  1  0  0  0  0  0  0 ]  [ 0  0  0  0  1  0  0  0  0  0  0 ]  [ 0  0  0  0  0  0  0  0  0  1  0 ]  [ 1  0  0  0  0  0  0  0  0  0  0 ]  [ 1  0  0  0  0  0  0  0  0  0  0 ]  [ 0  0  0  0  1  0  0  0  0  0  0 ]  [ 0  0  0  0  0  0  0  0  0  0  1 ]  [ 0  0  0  0  0  0  0  0  0  1  0 ]  [ 0  0  0  0  0  0  0  0  0  0  1 ]  [ 0  0  0  0  0  0  0  0  1  0  0 ]  [ 0  0  0  0  0  0  0  0  1  0  0 ]  [ 0  0  0  0  0  0  0  0  1  0  0 ]  [ 0  0  0  0  0  0  0  0  1  0  0 ]  [ 0  0  0  0  0  0  0  0  1  0  0 ]  [ 0  0  0  0  0  0  0  0  0  1  0 ]  [ 0  0  0  0  0  0  0  0  0  0  1 ]  [ 0  0  0  0  0  0  0  1  0  0  0 ]  [ 0  0  0  0  0  0  0  0  1  0  0 ]  [ 0  0  0  0  1  0  0  0  0  0  0 ]  [ 0  0  0  0  1  0  0  0  0  0  0 ]  [ 0  0  0  0  0  0  0  0  1  0  0 ]  [ 0  0  0  0  0  0  0  0  1  0  0 ]  [ 0  0  0  0  0  0  0  0  1  0  0 ]  [ 0  0  0  0  0  0  0  0  0  0  1 ]  [ 1  0  0  0  0  0  0  0  0  0  0 ]  [ 0  0  0  0  0  0  0  0  1  0  0 ]  [ 0  0  0  0  0  0  0  0  0  0  1 ]  [ 0  0  0  0  0  0  0  0  0  1  0 ]  [ 0  0  0  0  0  0  0  0  1  0  0 ]  [ 0  0  0  0  0  0  0  1  0  0  0 ]  [ 0  0  0  0  0  0  0  1  0  0  0 ]  [ 0  0  0  0  0  0  0  0  0  0  1 ]  [ 0  0  0  0  0  0  0  0  0  0  1 ]  [ 0  0  0  0  0  0  0  0  0  1  0 ]  [ 0  0  0  0  0  0  0  0  0  0  1 ]  [ 0  0  0  0  0  0  0  0  0  0  1 ]  [ 0  0  0  0  0  0  0  0  0  0  1 ]  [ 0  0  0  0  0  0  0  1  0  0  0 ]  [ 0  0  0  0  0  0  0  1  0  0  0 ]  [ 0  0  0  0  0  0  0  0  0  1  0 ]  [ 0  0  0  0  0  0  0  1  0  0  0 ]  [ 0  0  0  0  0  0  0  0  0  1  0 ]  [ 0  0  0  0  0  0  0  1  0  0  0 ]  [ 0  0  0  0  0  0  0  1  0  0  0 ]  [ 0  0  0  0  0  0  0  1  0  0  0 ]  [ 1  0  0  0  0  0  0  0  0  0  0 ]  [ 0  0  0  0  0  0  0  1  0  0  0 ]  [ 0  0  0  0  0  0  0  1  0  0  0 ]  [ 1  0  0  0  0  0  0  0  0  0  0 ]  [ 0  0  0  0  1  0  0  0  0  0  0 ]  [ 0  0  0  0  1  0  0  0  0  0  0 ]  [ 0  0  0  0  0  0  0  0  0  0  1 ]  [ 0  0  0  0  0  0  0  0  1  0  0 ]  [ 0  0  0  0  1  0  0  0  0  0  0 ]  [ 0  0  0  0  0  0  0  0  0  0  1 ]  [ 0  0  0  0  1  0  0  0  0  0  0 ]  [ 0  0  0  0  0  0  0  0  1  0  0 ]  [ 0  0  0  0  0  0  0  0  0  1  0 ]  [ 0  0  0  0  0  0  0  0  0  1  0 ]  [ 0  0  0  0  0  0  0  1  0  0  0 ]  [ 0  0  0  0  0  0  0  0  0  1  0 ]  [ 0  0  0  0  0  0  0  1  0  0  0 ]  [ 0  0  0  0  0  0  0  0  0  1  0 ]  [ 0  0  0  0  0  0  0  1  0  0  0 ]  [ 0  0  0  0  0  0  0  0  0  0  1 ]  [ 0  0  0  0  0  0  0  0  0  1  0 ]  [ 1  0  0  0  0  0  0  0  0  0  0 ]  [ 1  0  0  0  0  0  0  0  0  0  0 ]  [ 0  0  0  0  0  0  0  0  0  0  1 ]  [ 0  0  0  0  1  0  0  0  0  0  0 ]  [ 1  0  0  0  0  0  0  0  0  0  0 ]  [ 0  0  0  0  1  0  0  0  0  0  0 ]  [ 0  0  0  0  0  0  0  1  0  0  0 ]  [ 0  0  0  0  0  0  0  0  0  0  1 ]  [ 0  0  0  0  0  0  0  1  0  0  0 ]  [ 0  0  0  0  0  0  0  0  0  1  0 ]  [ 0  0  0  0  0  0  0  0  0  0  1 ]  [ 1  0  0  0  0  0  0  0  0  0  0 ]  [ 0  0  0  0  0  0  0  0  1  0  0 ]  [ 0  0  0  0  0  0  0  0  0  0  1 ]  [ 0  0  0  0  0  0  0  0  1  0  0 ]  [ 0  0  0  0  0  0  0  0  1  0  0 ]  [ 0  0  0  0  0  0  0  1  0  0  0 ]  [ 0  0  0  0  0  0  0  0  0  0  1 ]  [ 0  0  0  0  0  0  0  0  0  0  1 ]  [ 1  0  0  0  0  0  0  0  0  0  0 ]  [ 0  0  0  0  0  0  0  0  1  0  0 ]  [ 0  0  0  0  0  0  0  1  0  0  0 ]  [ 0  0  0  0  0  0  0  0  0  1  0 ]  [ 1  0  0  0  0  0  0  0  0  0  0 ]  [ 0  0  0  0  1  0  0  0  0  0  0 ]  [ 0  0  0  0  1  0  0  0  0  0  0 ]  [ 0  0  0  0  0  0  0  1  0  0  0 ]  [ 0  0  0  0  0  0  0  0  0  1  0 ]  [ 0  0  0  0  0  0  0  0  0  0  1 ]  [ 0  0  0  0  0  0  0  0  0  1  0 ]  [ 0  0  0  0  0  0  0  0  0  1  0 ]  [ 1  0  0  0  0  0  0  0  0  0  0 ]  [ 0  0  0  0  0  0  0  1  0  0  0 ]  [ 0  0  0  0  0  0  0  0  0  1  0 ]  [ 0  0  0  0  1  0  0  0  0  0  0 ]  [ 0  0  0  0  0  0  0  0  1  0  0 ]  [ 0  0  0  0  0  0  0  0  0  0  1 ]  [ 1  0  0  0  0  0  0  0  0  0  0 ]  [ 0  0  0  0  0  0  0  0  0  0  1 ]  [ 1  0  0  0  0  0  0  0  0  0  0 ]  [ 0  0  0  0  0  0  0  1  0  0  0 ]  [ 0  0  0  0  0  0  0  0  0  0  1 ]  [ 0  0  0  0  1  0  0  0  0  0  0 ]  [ 0  0  0  0  0  0  0  0  1  0  0 ]  [ 0  0  0  0  0  0  0  1  0  0  0 ]  [ 0  0  0  0  0  0  0  0  0  0  1 ]  [ 0  0  0  0  0  0  0  0  0  0  1 ]  [ 0  0  0  0  1  0  0  0  0  0  0 ]  [ 0  0  0  0  0  0  0  1  0  0  0 ]  [ 0  0  0  0  0  0  0  0  0  0  1 ]  [ 0  0  0  0  0  0  0  0  1  0  0 ]  [ 0  0  0  0  1  0  0  0  0  0  0 ]  [ 0  0  0  0  0  0  0  0  0  1  0 ]  [ 0  0  0  0  0  0  0  1  0  0  0 ]  [ 0  0  0  0  0  0  0  1  0  0  0 ]  [ 1  0  0  0  0  0  0  0  0  0  0 ]  [ 0  0  0  0  0  0  0  0  0  0  1 ]  [ 0  0  0  0  0  0  0  0  1  0  0 ]  [ 0  0  0  0  0  0  0  0  0  0  1 ]  [ 0  0  0  0  0  0  0  0  0  0  1 ]  [ 0  0  0  0  1  0  0  0  0  0  0 ]  [ 0  0  0  0  0  0  0  0  1  0  0 ]  [ 0  0  0  0  0  0  0  1  0  0  0 ]  [ 0  0  0  0  0  0  0  0  0  1  0 ]  [ 0  0  0  0  0  0  0  0  0  0  1 ]  [ 0  0  0  0  1  0  0  0  0  0  0 ]  [ 0  0  0  0  1  0  0  0  0  0  0 ]  [ 0  0  0  0  0  0  0  0  0  1  0 ] ];

ObjRequests = {  <1,1,46>, <2,1,84>, <3,1,49>, <4,1,30>, <5,1,77>, <6,1,11>, <7,1,7>, <8,1,10>, <9,1,35>, <10,1,11>, <11,1,13>, <12,1,18>, <13,1,11>, <14,1,13>, <15,1,33>, <16,1,9>, <17,1,19>, <18,1,19>, <19,1,4>, <20,1,33>, <21,1,2>, <22,1,4>, <23,1,8>, <24,1,1>, <25,1,7>, <26,1,3>, <27,1,4>, <28,1,1>, <29,1,5>, <31,1,4>, <32,1,5>, <33,1,2>, <34,1,11>, <35,1,7>, <36,1,17>, <37,1,12>, <41,1,3>, <42,1,5>, <43,1,3>, <44,1,7>, <45,1,6>, <46,1,1>, <47,1,4>, <48,1,14>, <49,1,1>, <50,1,4>, <51,1,2>, <52,1,2>, <53,1,9>, <54,1,2>, <55,1,6>, <56,1,5>, <57,1,4>, <58,1,1>, <60,1,2>, <61,1,5>, <62,1,8>, <63,1,1>, <66,1,1>, <69,1,3>, <70,1,5>, <71,1,2>, <72,1,2>, <73,1,3>, <74,1,3>, <75,1,2>, <78,1,9>, <79,1,6>, <80,1,4>, <81,1,2>, <82,1,2>, <83,1,6>, <84,1,3>, <85,1,3>, <87,1,5>, <89,1,3>, <90,1,3>, <92,1,3>, <95,1,1>, <96,1,1>, <97,1,2>, <98,1,2>, <99,1,6>, <101,1,1>, <102,1,2>, <103,1,3>, <104,1,2>, <105,1,1>, <106,1,2>, <108,1,1>, <109,1,2>, <111,1,1>, <112,1,4>, <113,1,1>, <114,1,3>, <115,1,1>, <117,1,2>, <119,1,2>, <122,1,6>, <123,1,4>, <124,1,2>, <125,1,1>, <126,1,2>, <127,1,2>, <128,1,7>, <129,1,2>, <131,1,2>, <132,1,2>, <133,1,1>, <134,1,3>, <135,1,2>, <137,1,1>, <139,1,2>, <140,1,5>, <141,1,1>, <143,1,1>, <145,1,2>, <146,1,1>, <147,1,1>, <149,1,2>, <150,1,2>, <151,1,1>, <152,1,1>, <154,1,3>, <157,1,2>, <158,1,1>, <159,1,1>, <161,1,1>, <162,1,2>, <163,1,3>, <164,1,2>, <165,1,1>, <167,1,2>, <169,1,3>, <171,1,1>, <172,1,1>, <174,1,2>, <175,1,2>, <176,1,2>, <178,1,1>, <183,1,1>, <185,1,1>, <188,1,1>, <189,1,1>, <191,1,1>, <193,1,2>, <195,1,1>, <196,1,1>, <197,1,1>, <198,1,1>, <199,1,2>, <200,1,1>, <201,1,2>, <203,1,2>, <204,1,1>, <208,1,1>, <210,1,1>, <212,1,1>, <215,1,1>, <216,1,3>, <219,1,2>, <220,1,1>, <221,1,1>, <223,1,1>, <225,1,4>, <226,1,1>, <227,1,1>, <228,1,1>, <230,1,2>, <231,1,1>, <234,1,1>, <239,1,1>, <240,1,2>, <242,1,1>, <243,1,2>, <244,1,2>, <245,1,1>, <247,1,2>, <249,1,1>, <250,1,1>, <251,1,2>, <252,1,2>, <253,1,1>, <254,1,1>, <255,1,1>, <259,1,1>, <260,1,1>, <264,1,1>, <268,1,2>, <269,1,1>, <271,1,1>, <272,1,1>, <275,1,3>, <276,1,1>, <277,1,1>, <278,1,1>, <280,1,3>, <281,1,1>, <282,1,1>, <284,1,1>, <285,1,1>, <286,1,1>, <287,1,1>, <288,1,1>, <293,1,1>, <294,1,1>, <297,1,2>, <298,1,1>, <299,1,1>, <300,1,1>, <305,1,1>, <306,1,1>, <307,1,2>, <308,1,3>, <311,1,1>, <312,1,1>, <313,1,2>, <317,1,1>, <323,1,1>, <327,1,1>, <328,1,2>, <329,1,1>, <331,1,2>, <332,1,2>, <333,1,1>, <334,1,1>, <335,1,4>, <337,1,2>, <338,1,1>, <339,1,1>, <341,1,1>, <342,1,1>, <345,1,1>, <346,1,1>, <347,1,1>, <349,1,2>, <350,1,1>, <351,1,1>, <352,1,1>, <353,1,1>, <354,1,1>, <357,1,1>, <360,1,1>, <361,1,1>, <364,1,2>, <365,1,1>, <366,1,1>, <367,1,1>, <368,1,2>, <369,1,1>, <372,1,1>, <376,1,1>, <378,1,1>, <379,1,2>, <382,1,1>, <383,1,1>, <386,1,1>, <388,1,1>, <389,1,2>, <391,1,1>, <392,1,1>, <394,1,1>, <397,1,1>, <402,1,1>, <408,1,1>, <411,1,2>, <413,1,1>, <415,1,2>, <416,1,1>, <418,1,2>, <420,1,1>, <421,1,1>, <423,1,1>, <425,1,1>, <432,1,1>, <435,1,1>, <444,1,1>, <446,1,1>, <447,1,1>, <448,1,1>, <450,1,1>, <451,1,1>, <452,1,1>, <453,1,1>, <459,1,1>, <467,1,1>, <469,1,2>, <471,1,1>, <474,1,1>, <477,1,2>, <478,1,2>, <491,1,1>, <493,1,1>, <494,1,1>, <495,1,1>, <499,1,1>, <504,1,1>, <505,1,1>, <506,1,1>, <507,1,1>, <508,1,1>, <509,1,3>, <515,1,1>, <517,1,1>, <523,1,1>, <524,1,2>, <529,1,1>, <531,1,1>, <532,1,1>, <533,1,1>, <535,1,1>, <540,1,1>, <544,1,1>, <548,1,1>, <551,1,1>, <555,1,2>, <560,1,1>, <563,1,3>, <568,1,1>, <573,1,2>, <574,1,1>, <577,1,1>, <584,1,2>, <585,1,1>, <589,1,2>, <592,1,3>, <604,1,2>, <605,1,1>, <606,1,1>, <612,1,1>, <613,1,1>, <621,1,1>, <623,1,2>, <627,1,1>, <628,1,1>, <650,1,2>, <673,1,1>, <685,1,1>, <693,1,1>, <696,1,2>, <698,1,1>, <700,1,1>, <701,1,1>, <702,1,1>, <703,1,1>, <708,1,1>, <712,1,1>, <714,1,1>, <716,1,1>, <739,1,1>, <746,1,1>, <751,1,1>, <754,1,1>, <755,1,1>, <756,1,1>, <757,1,1>, <758,1,1>, <765,1,1>, <770,1,2>, <773,1,1>, <777,1,1>, <789,1,1>, <791,1,1>, <792,1,1>, <795,1,1>, <799,1,1>, <803,1,1>, <807,1,2>, <818,1,1>, <821,1,1>, <822,1,1>, <833,1,1>, <835,1,1>, <838,1,1>, <839,1,1>, <844,1,1>, <847,1,1>, <848,1,1>, <849,1,1>, <858,1,1>, <876,1,1>, <877,1,1>, <885,1,1>, <894,1,1>, <907,1,1>, <909,1,1>, <912,1,1>, <918,1,1>, <929,1,1>, <933,1,1>, <935,1,1>, <938,1,1>, <939,1,2>, <946,1,1>, <951,1,1>, <966,1,1>, <994,1,1>, <996,1,1>, <1,5,355>, <2,5,154>, <3,5,97>, <4,5,147>, <5,5,24>, <6,5,32>, <7,5,22>, <8,5,25>, <9,5,18>, <10,5,9>, <11,5,15>, <12,5,22>, <13,5,31>, <14,5,9>, <15,5,1>, <16,5,23>, <17,5,18>, <18,5,2>, <19,5,37>, <20,5,1>, <21,5,2>, <22,5,3>, <23,5,1>, <24,5,1>, <25,5,5>, <26,5,5>, <27,5,6>, <28,5,1>, <29,5,22>, <30,5,1>, <31,5,2>, <32,5,9>, <33,5,1>, <34,5,4>, <35,5,10>, <37,5,8>, <38,5,4>, <39,5,13>, <40,5,10>, <41,5,4>, <43,5,1>, <44,5,7>, <45,5,7>, <46,5,9>, <47,5,9>, <48,5,7>, <49,5,8>, <50,5,6>, <51,5,2>, <52,5,1>, <54,5,3>, <55,5,8>, <57,5,12>, <58,5,5>, <59,5,2>, <60,5,2>, <61,5,1>, <62,5,2>, <63,5,6>, <64,5,2>, <66,5,11>, <68,5,4>, <69,5,5>, <70,5,8>, <71,5,1>, <72,5,4>, <73,5,2>, <74,5,7>, <75,5,9>, <76,5,2>, <78,5,5>, <79,5,1>, <80,5,3>, <82,5,3>, <83,5,2>, <84,5,5>, <85,5,4>, <86,5,2>, <87,5,2>, <88,5,1>, <89,5,4>, <90,5,3>, <91,5,6>, <92,5,1>, <94,5,2>, <95,5,1>, <97,5,8>, <98,5,3>, <99,5,3>, <100,5,2>, <104,5,2>, <106,5,5>, <107,5,6>, <108,5,5>, <109,5,3>, <110,5,3>, <111,5,5>, <112,5,1>, <114,5,1>, <115,5,3>, <117,5,1>, <118,5,3>, <123,5,1>, <124,5,2>, <125,5,1>, <126,5,3>, <127,5,3>, <131,5,4>, <132,5,2>, <133,5,4>, <134,5,1>, <135,5,1>, <137,5,2>, <138,5,1>, <139,5,1>, <141,5,1>, <143,5,2>, <144,5,3>, <145,5,3>, <146,5,1>, <147,5,1>, <148,5,1>, <150,5,1>, <151,5,2>, <152,5,1>, <154,5,3>, <156,5,2>, <157,5,1>, <158,5,2>, <159,5,3>, <160,5,2>, <161,5,2>, <162,5,2>, <163,5,1>, <164,5,4>, <165,5,3>, <166,5,2>, <167,5,1>, <168,5,2>, <169,5,2>, <170,5,2>, <171,5,3>, <173,5,1>, <174,5,2>, <175,5,1>, <176,5,1>, <178,5,1>, <179,5,1>, <181,5,1>, <183,5,3>, <184,5,2>, <185,5,1>, <186,5,3>, <187,5,1>, <188,5,2>, <192,5,1>, <193,5,1>, <196,5,1>, <198,5,5>, <205,5,1>, <207,5,2>, <208,5,1>, <209,5,1>, <212,5,1>, <213,5,2>, <214,5,2>, <215,5,1>, <216,5,2>, <217,5,1>, <218,5,1>, <219,5,2>, <220,5,4>, <222,5,1>, <223,5,1>, <225,5,1>, <226,5,1>, <228,5,1>, <229,5,6>, <230,5,2>, <231,5,3>, <233,5,1>, <234,5,1>, <235,5,4>, <236,5,3>, <238,5,2>, <240,5,1>, <241,5,1>, <243,5,1>, <244,5,2>, <245,5,1>, <246,5,1>, <247,5,2>, <249,5,1>, <250,5,1>, <251,5,1>, <253,5,2>, <254,5,2>, <255,5,1>, <257,5,3>, <258,5,3>, <259,5,1>, <261,5,2>, <262,5,1>, <263,5,1>, <265,5,2>, <266,5,3>, <267,5,1>, <273,5,1>, <276,5,1>, <277,5,1>, <278,5,1>, <279,5,4>, <281,5,1>, <284,5,1>, <285,5,4>, <286,5,1>, <287,5,1>, <289,5,2>, <290,5,3>, <292,5,1>, <295,5,1>, <296,5,1>, <297,5,2>, <299,5,1>, <301,5,1>, <302,5,1>, <304,5,1>, <306,5,1>, <308,5,1>, <310,5,1>, <311,5,2>, <312,5,1>, <319,5,1>, <320,5,1>, <321,5,1>, <323,5,2>, <324,5,1>, <329,5,1>, <331,5,1>, <332,5,1>, <334,5,1>, <336,5,1>, <341,5,2>, <342,5,1>, <344,5,1>, <345,5,1>, <346,5,2>, <350,5,3>, <351,5,3>, <352,5,1>, <365,5,1>, <366,5,1>, <368,5,1>, <369,5,1>, <371,5,1>, <373,5,1>, <377,5,1>, <378,5,1>, <379,5,1>, <382,5,1>, <383,5,1>, <389,5,1>, <391,5,1>, <392,5,1>, <395,5,1>, <399,5,2>, <400,5,1>, <402,5,1>, <405,5,2>, <409,5,1>, <413,5,1>, <415,5,2>, <416,5,1>, <417,5,1>, <427,5,1>, <428,5,1>, <429,5,1>, <444,5,1>, <445,5,1>, <448,5,1>, <455,5,1>, <457,5,1>, <462,5,1>, <464,5,1>, <466,5,1>, <467,5,1>, <469,5,1>, <472,5,1>, <474,5,1>, <478,5,1>, <483,5,1>, <484,5,1>, <485,5,1>, <490,5,1>, <492,5,1>, <494,5,1>, <495,5,1>, <497,5,1>, <499,5,1>, <504,5,1>, <508,5,1>, <511,5,1>, <512,5,2>, <515,5,2>, <520,5,1>, <521,5,1>, <522,5,1>, <524,5,1>, <532,5,1>, <534,5,1>, <535,5,1>, <539,5,1>, <544,5,1>, <559,5,1>, <563,5,1>, <565,5,1>, <569,5,1>, <574,5,1>, <580,5,1>, <582,5,2>, <583,5,1>, <584,5,1>, <590,5,1>, <592,5,1>, <596,5,1>, <604,5,1>, <608,5,1>, <620,5,1>, <621,5,1>, <623,5,1>, <626,5,2>, <635,5,1>, <643,5,1>, <645,5,1>, <647,5,1>, <650,5,2>, <651,5,1>, <655,5,1>, <656,5,1>, <657,5,1>, <671,5,1>, <681,5,1>, <682,5,1>, <692,5,1>, <693,5,1>, <699,5,1>, <705,5,1>, <713,5,2>, <714,5,1>, <715,5,1>, <717,5,1>, <727,5,1>, <735,5,1>, <738,5,1>, <739,5,1>, <742,5,1>, <744,5,1>, <751,5,1>, <775,5,1>, <776,5,1>, <777,5,1>, <779,5,2>, <792,5,1>, <798,5,2>, <799,5,1>, <803,5,1>, <808,5,1>, <818,5,1>, <821,5,1>, <822,5,1>, <828,5,1>, <834,5,1>, <837,5,1>, <838,5,1>, <840,5,1>, <841,5,1>, <857,5,1>, <860,5,1>, <869,5,1>, <875,5,1>, <900,5,1>, <903,5,1>, <912,5,1>, <928,5,1>, <933,5,1>, <939,5,1>, <951,5,1>, <966,5,1>, <969,5,1>, <984,5,1>, <988,5,1>, <996,5,1>, <1,8,104>, <2,8,81>, <3,8,46>, <4,8,95>, <5,8,29>, <6,8,52>, <7,8,42>, <8,8,115>, <9,8,2>, <10,8,16>, <11,8,14>, <12,8,2>, <13,8,31>, <14,8,8>, <15,8,23>, <16,8,5>, <17,8,15>, <18,8,7>, <19,8,1>, <20,8,5>, <21,8,2>, <22,8,2>, <23,8,1>, <24,8,18>, <25,8,26>, <26,8,26>, <27,8,4>, <28,8,2>, <29,8,5>, <30,8,3>, <32,8,14>, <34,8,4>, <36,8,8>, <37,8,2>, <39,8,3>, <40,8,16>, <41,8,2>, <42,8,2>, <43,8,8>, <44,8,3>, <45,8,3>, <46,8,3>, <47,8,4>, <49,8,3>, <51,8,6>, <52,8,4>, <53,8,4>, <54,8,1>, <55,8,3>, <56,8,2>, <57,8,1>, <59,8,10>, <60,8,3>, <61,8,2>, <62,8,10>, <63,8,3>, <64,8,1>, <65,8,7>, <66,8,2>, <67,8,5>, <69,8,2>, <70,8,3>, <71,8,1>, <72,8,1>, <73,8,5>, <74,8,1>, <75,8,4>, <76,8,1>, <77,8,6>, <78,8,5>, <79,8,4>, <80,8,17>, <81,8,11>, <82,8,3>, <83,8,1>, <84,8,2>, <85,8,3>, <86,8,2>, <87,8,9>, <88,8,1>, <89,8,1>, <91,8,2>, <92,8,2>, <93,8,5>, <94,8,5>, <95,8,1>, <96,8,4>, <97,8,4>, <98,8,1>, <100,8,1>, <102,8,1>, <103,8,3>, <105,8,1>, <106,8,1>, <107,8,1>, <108,8,1>, <109,8,3>, <112,8,4>, <113,8,1>, <114,8,1>, <115,8,1>, <116,8,2>, <118,8,6>, <119,8,2>, <120,8,1>, <121,8,4>, <122,8,2>, <123,8,2>, <124,8,1>, <125,8,1>, <126,8,1>, <127,8,2>, <128,8,4>, <129,8,2>, <130,8,2>, <131,8,2>, <134,8,1>, <135,8,2>, <136,8,1>, <137,8,2>, <139,8,1>, <141,8,2>, <143,8,4>, <144,8,2>, <145,8,3>, <147,8,8>, <149,8,5>, <150,8,1>, <152,8,2>, <153,8,1>, <154,8,1>, <155,8,2>, <156,8,3>, <157,8,1>, <158,8,1>, <159,8,2>, <160,8,1>, <162,8,1>, <164,8,1>, <165,8,1>, <166,8,3>, <167,8,2>, <168,8,1>, <169,8,2>, <170,8,2>, <172,8,2>, <176,8,2>, <177,8,1>, <178,8,3>, <179,8,1>, <180,8,2>, <181,8,2>, <182,8,3>, <183,8,2>, <185,8,2>, <186,8,2>, <188,8,3>, <192,8,2>, <193,8,1>, <194,8,1>, <195,8,1>, <196,8,1>, <198,8,1>, <199,8,2>, <200,8,2>, <202,8,2>, <203,8,1>, <204,8,1>, <207,8,1>, <208,8,1>, <211,8,1>, <213,8,1>, <214,8,1>, <217,8,1>, <218,8,5>, <221,8,1>, <222,8,3>, <225,8,2>, <226,8,1>, <228,8,3>, <229,8,1>, <230,8,4>, <232,8,2>, <235,8,1>, <236,8,1>, <238,8,3>, <239,8,1>, <241,8,1>, <242,8,1>, <245,8,2>, <246,8,2>, <247,8,1>, <249,8,1>, <250,8,1>, <251,8,1>, <253,8,1>, <254,8,1>, <258,8,1>, <259,8,1>, <260,8,1>, <261,8,1>, <263,8,7>, <264,8,2>, <265,8,1>, <266,8,1>, <267,8,1>, <271,8,2>, <277,8,1>, <282,8,1>, <285,8,1>, <287,8,1>, <289,8,1>, <290,8,1>, <296,8,1>, <297,8,1>, <298,8,2>, <299,8,1>, <300,8,1>, <303,8,1>, <305,8,1>, <306,8,1>, <307,8,3>, <308,8,2>, <315,8,1>, <316,8,1>, <317,8,2>, <320,8,1>, <321,8,1>, <326,8,1>, <328,8,2>, <330,8,2>, <333,8,1>, <334,8,1>, <335,8,1>, <336,8,1>, <338,8,1>, <340,8,1>, <343,8,2>, <344,8,1>, <345,8,2>, <352,8,1>, <353,8,1>, <354,8,1>, <355,8,1>, <357,8,1>, <364,8,1>, <365,8,2>, <367,8,1>, <368,8,2>, <369,8,2>, <371,8,1>, <372,8,1>, <379,8,1>, <381,8,1>, <382,8,1>, <383,8,1>, <395,8,1>, <397,8,1>, <401,8,1>, <407,8,1>, <411,8,1>, <422,8,1>, <423,8,1>, <425,8,2>, <427,8,1>, <429,8,2>, <430,8,1>, <432,8,1>, <433,8,1>, <435,8,1>, <440,8,2>, <442,8,1>, <443,8,1>, <444,8,1>, <447,8,1>, <448,8,3>, <450,8,1>, <452,8,1>, <453,8,1>, <464,8,1>, <466,8,2>, <467,8,2>, <469,8,1>, <472,8,1>, <480,8,1>, <481,8,2>, <482,8,1>, <485,8,1>, <487,8,1>, <492,8,1>, <495,8,3>, <499,8,1>, <502,8,1>, <512,8,1>, <515,8,1>, <522,8,1>, <523,8,1>, <527,8,2>, <532,8,1>, <540,8,1>, <545,8,1>, <552,8,1>, <556,8,1>, <559,8,1>, <560,8,2>, <564,8,1>, <565,8,1>, <568,8,1>, <578,8,1>, <582,8,1>, <585,8,1>, <604,8,2>, <609,8,1>, <613,8,1>, <620,8,1>, <622,8,2>, <623,8,2>, <634,8,1>, <645,8,1>, <646,8,1>, <647,8,2>, <650,8,1>, <652,8,1>, <658,8,1>, <659,8,1>, <662,8,1>, <666,8,1>, <671,8,1>, <676,8,1>, <683,8,1>, <698,8,1>, <699,8,1>, <700,8,1>, <705,8,1>, <706,8,1>, <709,8,1>, <711,8,1>, <727,8,1>, <735,8,1>, <746,8,1>, <751,8,1>, <754,8,1>, <755,8,1>, <756,8,1>, <763,8,1>, <770,8,1>, <773,8,1>, <775,8,1>, <781,8,1>, <791,8,2>, <795,8,1>, <803,8,1>, <807,8,1>, <808,8,1>, <812,8,1>, <837,8,1>, <839,8,1>, <869,8,1>, <881,8,1>, <893,8,1>, <894,8,2>, <907,8,2>, <912,8,1>, <921,8,1>, <928,8,1>, <938,8,1>, <950,8,1>, <952,8,1>, <954,8,1>, <969,8,1>, <973,8,1>, <979,8,1>, <981,8,1>, <984,8,1>, <1,9,306>, <2,9,105>, <3,9,16>, <4,9,17>, <5,9,24>, <6,9,66>, <7,9,4>, <8,9,4>, <9,9,57>, <10,9,44>, <11,9,14>, <12,9,13>, <13,9,14>, <14,9,11>, <15,9,9>, <16,9,16>, <17,9,2>, <18,9,12>, <19,9,8>, <20,9,1>, <21,9,13>, <22,9,3>, <23,9,11>, <24,9,21>, <25,9,1>, <26,9,11>, <27,9,3>, <28,9,6>, <30,9,6>, <31,9,6>, <32,9,3>, <33,9,1>, <34,9,9>, <35,9,3>, <36,9,6>, <37,9,2>, <38,9,10>, <39,9,1>, <41,9,1>, <42,9,19>, <43,9,6>, <44,9,7>, <45,9,3>, <46,9,9>, <48,9,1>, <49,9,5>, <50,9,3>, <51,9,2>, <52,9,5>, <53,9,1>, <54,9,15>, <55,9,5>, <56,9,7>, <57,9,6>, <58,9,2>, <59,9,5>, <60,9,6>, <61,9,7>, <62,9,3>, <63,9,4>, <64,9,10>, <65,9,7>, <66,9,1>, <67,9,5>, <68,9,8>, <69,9,13>, <70,9,1>, <71,9,1>, <72,9,8>, <73,9,1>, <74,9,1>, <75,9,1>, <76,9,6>, <77,9,2>, <78,9,2>, <79,9,3>, <81,9,2>, <82,9,3>, <83,9,1>, <84,9,3>, <85,9,2>, <86,9,5>, <87,9,1>, <88,9,1>, <90,9,1>, <91,9,2>, <92,9,4>, <93,9,1>, <94,9,2>, <95,9,2>, <96,9,7>, <98,9,1>, <99,9,3>, <100,9,1>, <101,9,1>, <102,9,9>, <104,9,2>, <105,9,6>, <106,9,2>, <107,9,1>, <108,9,1>, <109,9,1>, <110,9,1>, <113,9,1>, <114,9,2>, <115,9,2>, <116,9,4>, <119,9,1>, <120,9,1>, <121,9,2>, <122,9,2>, <124,9,1>, <125,9,1>, <126,9,3>, <128,9,4>, <129,9,1>, <130,9,1>, <131,9,1>, <132,9,5>, <133,9,1>, <135,9,2>, <143,9,1>, <144,9,1>, <146,9,1>, <147,9,3>, <148,9,4>, <149,9,2>, <150,9,5>, <151,9,1>, <152,9,1>, <153,9,1>, <154,9,1>, <155,9,1>, <156,9,1>, <157,9,1>, <158,9,2>, <159,9,1>, <160,9,2>, <162,9,1>, <163,9,2>, <165,9,1>, <166,9,1>, <167,9,1>, <168,9,1>, <171,9,1>, <172,9,1>, <174,9,4>, <176,9,4>, <177,9,2>, <180,9,2>, <181,9,1>, <182,9,3>, <184,9,3>, <185,9,1>, <186,9,1>, <187,9,3>, <188,9,1>, <189,9,2>, <190,9,1>, <191,9,1>, <193,9,1>, <194,9,1>, <196,9,1>, <197,9,1>, <199,9,5>, <201,9,1>, <202,9,1>, <203,9,3>, <204,9,1>, <205,9,1>, <207,9,1>, <208,9,1>, <209,9,1>, <210,9,1>, <211,9,2>, <214,9,1>, <215,9,1>, <216,9,1>, <217,9,2>, <219,9,2>, <220,9,2>, <221,9,1>, <222,9,1>, <223,9,2>, <228,9,1>, <229,9,1>, <230,9,1>, <232,9,1>, <233,9,1>, <234,9,1>, <235,9,1>, <237,9,1>, <240,9,4>, <242,9,1>, <243,9,1>, <245,9,1>, <246,9,2>, <249,9,2>, <250,9,1>, <251,9,2>, <253,9,1>, <254,9,1>, <255,9,3>, <257,9,1>, <258,9,1>, <259,9,1>, <262,9,1>, <263,9,2>, <264,9,1>, <265,9,1>, <266,9,1>, <268,9,1>, <271,9,2>, <272,9,1>, <273,9,1>, <274,9,1>, <275,9,1>, <278,9,2>, <279,9,1>, <281,9,1>, <284,9,3>, <287,9,1>, <289,9,2>, <291,9,1>, <292,9,1>, <296,9,1>, <298,9,1>, <299,9,2>, <305,9,2>, <306,9,1>, <307,9,1>, <308,9,1>, <311,9,1>, <313,9,2>, <315,9,1>, <323,9,1>, <324,9,1>, <325,9,1>, <328,9,1>, <333,9,2>, <334,9,1>, <335,9,1>, <337,9,1>, <339,9,1>, <341,9,1>, <343,9,1>, <345,9,1>, <347,9,1>, <348,9,1>, <349,9,1>, <350,9,2>, <351,9,1>, <352,9,1>, <353,9,1>, <354,9,1>, <355,9,3>, <361,9,1>, <363,9,1>, <365,9,1>, <366,9,1>, <367,9,1>, <380,9,1>, <382,9,1>, <384,9,3>, <385,9,1>, <390,9,1>, <391,9,1>, <394,9,1>, <395,9,1>, <398,9,1>, <400,9,2>, <402,9,1>, <408,9,1>, <409,9,1>, <416,9,1>, <420,9,1>, <421,9,2>, <426,9,2>, <427,9,2>, <429,9,1>, <432,9,1>, <435,9,1>, <440,9,1>, <447,9,1>, <454,9,1>, <457,9,1>, <458,9,1>, <461,9,1>, <464,9,2>, <466,9,1>, <471,9,1>, <473,9,1>, <477,9,2>, <491,9,1>, <493,9,1>, <494,9,1>, <495,9,3>, <496,9,1>, <498,9,1>, <503,9,1>, <506,9,4>, <513,9,1>, <515,9,1>, <520,9,2>, <525,9,2>, <527,9,1>, <529,9,1>, <533,9,1>, <534,9,1>, <535,9,1>, <537,9,1>, <538,9,1>, <540,9,1>, <547,9,1>, <550,9,1>, <551,9,1>, <553,9,1>, <555,9,1>, <558,9,1>, <559,9,1>, <560,9,2>, <564,9,2>, <574,9,4>, <580,9,1>, <582,9,1>, <583,9,1>, <584,9,2>, <589,9,2>, <590,9,1>, <596,9,1>, <605,9,1>, <612,9,1>, <616,9,1>, <619,9,1>, <621,9,1>, <624,9,1>, <625,9,2>, <629,9,1>, <642,9,1>, <646,9,1>, <647,9,1>, <649,9,2>, <651,9,1>, <655,9,1>, <656,9,1>, <658,9,1>, <659,9,1>, <676,9,1>, <685,9,1>, <687,9,1>, <692,9,1>, <709,9,1>, <710,9,1>, <713,9,1>, <715,9,1>, <716,9,1>, <738,9,1>, <744,9,2>, <745,9,1>, <749,9,1>, <764,9,1>, <765,9,2>, <769,9,1>, <773,9,1>, <775,9,1>, <784,9,2>, <787,9,1>, <791,9,1>, <799,9,1>, <804,9,1>, <808,9,1>, <816,9,1>, <818,9,2>, <819,9,1>, <821,9,1>, <828,9,1>, <840,9,1>, <844,9,1>, <848,9,1>, <875,9,1>, <876,9,1>, <882,9,1>, <885,9,1>, <895,9,1>, <908,9,1>, <919,9,1>, <926,9,2>, <928,9,2>, <929,9,1>, <941,9,1>, <947,9,1>, <951,9,2>, <956,9,1>, <967,9,1>, <969,9,1>, <979,9,1>, <980,9,1>, <981,9,1>, <992,9,1>, <994,9,1>, <998,9,1>, <1,10,131>, <2,10,116>, <3,10,205>, <4,10,4>, <5,10,29>, <6,10,10>, <7,10,33>, <8,10,28>, <9,10,20>, <10,10,4>, <11,10,10>, <12,10,36>, <13,10,1>, <14,10,61>, <15,10,35>, <16,10,21>, <17,10,19>, <18,10,17>, <19,10,8>, <20,10,16>, <21,10,15>, <22,10,39>, <23,10,25>, <24,10,2>, <25,10,7>, <26,10,7>, <27,10,4>, <28,10,19>, <29,10,5>, <31,10,1>, <32,10,11>, <33,10,2>, <34,10,2>, <35,10,1>, <37,10,3>, <38,10,6>, <39,10,3>, <40,10,9>, <41,10,8>, <42,10,5>, <43,10,5>, <44,10,2>, <45,10,1>, <46,10,12>, <47,10,4>, <48,10,8>, <49,10,10>, <50,10,8>, <51,10,2>, <52,10,10>, <53,10,7>, <55,10,1>, <56,10,3>, <57,10,8>, <58,10,3>, <60,10,2>, <61,10,6>, <62,10,1>, <63,10,2>, <64,10,3>, <66,10,1>, <67,10,3>, <68,10,4>, <69,10,1>, <70,10,1>, <71,10,4>, <74,10,2>, <76,10,3>, <77,10,2>, <79,10,2>, <80,10,1>, <81,10,2>, <85,10,2>, <86,10,1>, <87,10,2>, <88,10,2>, <89,10,2>, <90,10,2>, <91,10,2>, <92,10,2>, <93,10,1>, <94,10,2>, <95,10,2>, <96,10,2>, <98,10,6>, <99,10,2>, <100,10,2>, <101,10,2>, <102,10,1>, <103,10,2>, <104,10,2>, <106,10,1>, <107,10,1>, <108,10,2>, <109,10,2>, <110,10,1>, <111,10,1>, <113,10,4>, <114,10,2>, <115,10,3>, <116,10,1>, <117,10,1>, <118,10,5>, <120,10,4>, <121,10,7>, <122,10,1>, <125,10,4>, <126,10,1>, <127,10,1>, <128,10,1>, <129,10,1>, <130,10,1>, <131,10,1>, <133,10,1>, <134,10,2>, <135,10,1>, <136,10,1>, <137,10,1>, <139,10,1>, <143,10,1>, <144,10,2>, <145,10,2>, <146,10,2>, <147,10,1>, <148,10,3>, <149,10,2>, <150,10,4>, <153,10,2>, <154,10,1>, <156,10,2>, <158,10,2>, <159,10,1>, <160,10,1>, <161,10,1>, <165,10,4>, <166,10,1>, <167,10,2>, <168,10,1>, <169,10,1>, <170,10,3>, <171,10,2>, <172,10,5>, <174,10,1>, <176,10,1>, <178,10,2>, <179,10,3>, <180,10,3>, <181,10,1>, <183,10,2>, <184,10,1>, <185,10,1>, <187,10,2>, <188,10,1>, <190,10,4>, <191,10,2>, <193,10,1>, <194,10,1>, <195,10,1>, <197,10,4>, <199,10,1>, <200,10,1>, <201,10,1>, <202,10,1>, <203,10,5>, <205,10,3>, <206,10,1>, <207,10,3>, <209,10,1>, <210,10,1>, <211,10,1>, <213,10,1>, <214,10,2>, <216,10,1>, <217,10,1>, <218,10,1>, <219,10,1>, <220,10,1>, <221,10,1>, <226,10,1>, <231,10,1>, <235,10,1>, <236,10,1>, <240,10,2>, <243,10,2>, <244,10,1>, <245,10,1>, <250,10,1>, <251,10,1>, <254,10,1>, <259,10,2>, <261,10,3>, <264,10,1>, <265,10,1>, <266,10,1>, <268,10,1>, <272,10,1>, <273,10,1>, <274,10,2>, <276,10,2>, <277,10,1>, <278,10,1>, <282,10,1>, <283,10,2>, <284,10,3>, <286,10,1>, <287,10,1>, <290,10,2>, <292,10,3>, <293,10,1>, <296,10,1>, <298,10,1>, <299,10,1>, <302,10,2>, <307,10,1>, <309,10,1>, <310,10,1>, <311,10,2>, <313,10,1>, <314,10,1>, <317,10,1>, <318,10,2>, <321,10,2>, <323,10,1>, <326,10,1>, <328,10,1>, <329,10,1>, <330,10,2>, <331,10,1>, <332,10,1>, <337,10,2>, <338,10,3>, <339,10,1>, <340,10,4>, <343,10,1>, <344,10,1>, <345,10,1>, <347,10,5>, <349,10,1>, <353,10,1>, <354,10,1>, <355,10,1>, <359,10,1>, <366,10,2>, <368,10,1>, <372,10,1>, <376,10,1>, <378,10,1>, <379,10,3>, <383,10,1>, <384,10,1>, <388,10,1>, <389,10,3>, <391,10,1>, <394,10,1>, <395,10,1>, <403,10,1>, <413,10,1>, <417,10,1>, <418,10,1>, <421,10,1>, <425,10,1>, <427,10,1>, <430,10,1>, <438,10,1>, <447,10,1>, <451,10,1>, <452,10,2>, <453,10,2>, <458,10,1>, <462,10,1>, <464,10,1>, <466,10,1>, <467,10,1>, <472,10,1>, <474,10,1>, <480,10,1>, <481,10,1>, <486,10,1>, <490,10,1>, <493,10,2>, <494,10,1>, <495,10,2>, <496,10,1>, <499,10,1>, <500,10,1>, <505,10,2>, <510,10,1>, <512,10,1>, <513,10,3>, <517,10,1>, <522,10,1>, <523,10,1>, <525,10,2>, <534,10,1>, <537,10,1>, <548,10,3>, <552,10,3>, <556,10,1>, <557,10,1>, <560,10,1>, <562,10,1>, <563,10,1>, <565,10,1>, <571,10,2>, <573,10,1>, <578,10,1>, <580,10,1>, <582,10,1>, <584,10,1>, <586,10,1>, <588,10,1>, <592,10,1>, <601,10,1>, <606,10,1>, <609,10,1>, <616,10,1>, <623,10,1>, <625,10,2>, <628,10,1>, <630,10,1>, <633,10,1>, <634,10,1>, <635,10,1>, <651,10,1>, <662,10,1>, <663,10,1>, <665,10,1>, <668,10,1>, <672,10,1>, <673,10,1>, <676,10,1>, <678,10,1>, <681,10,1>, <684,10,1>, <687,10,1>, <702,10,1>, <706,10,1>, <710,10,1>, <712,10,1>, <715,10,1>, <724,10,1>, <732,10,1>, <738,10,1>, <739,10,1>, <742,10,2>, <744,10,1>, <746,10,2>, <754,10,1>, <755,10,1>, <757,10,1>, <763,10,1>, <765,10,1>, <769,10,1>, <770,10,1>, <776,10,1>, <779,10,3>, <780,10,1>, <781,10,1>, <784,10,1>, <786,10,1>, <798,10,2>, <799,10,1>, <804,10,1>, <806,10,1>, <807,10,1>, <808,10,2>, <815,10,1>, <816,10,1>, <822,10,1>, <823,10,1>, <826,10,2>, <831,10,1>, <838,10,1>, <844,10,1>, <849,10,1>, <876,10,2>, <878,10,1>, <879,10,1>, <883,10,1>, <885,10,1>, <886,10,1>, <890,10,1>, <893,10,1>, <900,10,1>, <907,10,1>, <908,10,2>, <912,10,1>, <915,10,1>, <916,10,1>, <919,10,1>, <926,10,1>, <929,10,1>, <938,10,1>, <946,10,1>, <956,10,1>, <973,10,1>, <991,10,1>, <992,10,1>, <1,11,371>, <2,11,155>, <3,11,36>, <4,11,1>, <5,11,61>, <6,11,46>, <7,11,57>, <8,11,3>, <9,11,13>, <10,11,59>, <11,11,62>, <12,11,19>, <13,11,10>, <14,11,1>, <15,11,3>, <16,11,1>, <17,11,7>, <18,11,17>, <19,11,2>, <20,11,5>, <21,11,12>, <22,11,12>, <23,11,1>, <24,11,14>, <25,11,1>, <27,11,23>, <28,11,17>, <29,11,5>, <30,11,28>, <31,11,23>, <32,11,8>, <33,11,51>, <34,11,7>, <35,11,12>, <36,11,9>, <37,11,5>, <38,11,9>, <39,11,14>, <41,11,18>, <42,11,4>, <43,11,2>, <44,11,4>, <45,11,8>, <46,11,1>, <47,11,1>, <48,11,2>, <49,11,1>, <50,11,4>, <51,11,7>, <52,11,9>, <53,11,2>, <54,11,2>, <55,11,4>, <56,11,4>, <57,11,3>, <58,11,9>, <59,11,3>, <60,11,5>, <61,11,3>, <62,11,1>, <63,11,6>, <64,11,3>, <65,11,1>, <66,11,10>, <67,11,1>, <68,11,5>, <69,11,3>, <71,11,5>, <72,11,2>, <73,11,1>, <75,11,2>, <77,11,2>, <79,11,3>, <81,11,1>, <83,11,8>, <84,11,8>, <85,11,3>, <86,11,1>, <87,11,4>, <88,11,2>, <89,11,4>, <90,11,2>, <91,11,6>, <92,11,4>, <93,11,6>, <94,11,4>, <97,11,2>, <100,11,3>, <101,11,3>, <102,11,1>, <105,11,1>, <106,11,7>, <107,11,3>, <108,11,2>, <109,11,1>, <110,11,6>, <111,11,6>, <112,11,3>, <113,11,1>, <114,11,1>, <116,11,1>, <117,11,2>, <118,11,1>, <119,11,3>, <120,11,5>, <121,11,1>, <122,11,1>, <123,11,1>, <124,11,1>, <125,11,1>, <126,11,1>, <128,11,1>, <131,11,2>, <132,11,1>, <133,11,2>, <134,11,2>, <135,11,1>, <136,11,3>, <138,11,2>, <142,11,5>, <143,11,1>, <144,11,2>, <145,11,1>, <149,11,2>, <150,11,1>, <151,11,2>, <152,11,4>, <154,11,1>, <155,11,4>, <157,11,3>, <159,11,1>, <160,11,4>, <161,11,2>, <162,11,1>, <168,11,2>, <169,11,4>, <170,11,1>, <171,11,1>, <173,11,2>, <174,11,2>, <176,11,2>, <177,11,1>, <178,11,1>, <179,11,1>, <181,11,2>, <184,11,1>, <187,11,3>, <188,11,1>, <189,11,1>, <191,11,2>, <192,11,2>, <193,11,1>, <194,11,2>, <195,11,1>, <196,11,1>, <197,11,1>, <198,11,1>, <201,11,1>, <204,11,1>, <205,11,1>, <206,11,1>, <209,11,3>, <211,11,1>, <214,11,1>, <216,11,1>, <218,11,1>, <220,11,1>, <221,11,2>, <222,11,2>, <223,11,1>, <225,11,1>, <231,11,1>, <237,11,1>, <239,11,4>, <240,11,1>, <242,11,1>, <243,11,1>, <244,11,1>, <245,11,3>, <246,11,1>, <250,11,4>, <253,11,2>, <254,11,1>, <256,11,1>, <257,11,1>, <258,11,1>, <260,11,2>, <264,11,1>, <267,11,1>, <268,11,3>, <269,11,1>, <271,11,1>, <275,11,1>, <277,11,1>, <282,11,1>, <283,11,1>, <284,11,1>, <285,11,1>, <286,11,1>, <287,11,1>, <290,11,1>, <291,11,1>, <293,11,3>, <295,11,1>, <297,11,1>, <299,11,1>, <300,11,2>, <303,11,2>, <304,11,2>, <305,11,4>, <306,11,1>, <307,11,2>, <308,11,1>, <310,11,1>, <313,11,3>, <316,11,1>, <318,11,1>, <319,11,1>, <320,11,1>, <324,11,2>, <325,11,1>, <327,11,1>, <331,11,2>, <333,11,2>, <336,11,1>, <338,11,1>, <340,11,1>, <342,11,1>, <343,11,1>, <345,11,3>, <347,11,2>, <349,11,2>, <352,11,1>, <353,11,1>, <354,11,2>, <359,11,1>, <364,11,1>, <367,11,4>, <370,11,1>, <372,11,1>, <376,11,1>, <381,11,1>, <382,11,1>, <383,11,1>, <385,11,1>, <386,11,1>, <388,11,1>, <390,11,1>, <392,11,1>, <397,11,2>, <398,11,1>, <400,11,2>, <401,11,1>, <403,11,1>, <408,11,3>, <417,11,3>, <419,11,1>, <420,11,1>, <428,11,1>, <429,11,1>, <430,11,1>, <433,11,1>, <435,11,1>, <438,11,2>, <443,11,1>, <445,11,1>, <450,11,1>, <455,11,1>, <457,11,1>, <458,11,1>, <462,11,1>, <469,11,1>, <472,11,1>, <473,11,1>, <476,11,1>, <477,11,1>, <478,11,1>, <480,11,1>, <481,11,1>, <482,11,1>, <483,11,1>, <487,11,1>, <490,11,1>, <491,11,1>, <493,11,1>, <494,11,1>, <495,11,1>, <499,11,1>, <500,11,1>, <504,11,1>, <506,11,2>, <507,11,1>, <509,11,1>, <510,11,1>, <512,11,1>, <515,11,1>, <517,11,1>, <520,11,1>, <521,11,2>, <522,11,1>, <525,11,1>, <527,11,1>, <528,11,1>, <529,11,1>, <531,11,1>, <538,11,1>, <544,11,1>, <548,11,1>, <550,11,1>, <552,11,1>, <555,11,1>, <556,11,1>, <565,11,1>, <568,11,1>, <569,11,1>, <571,11,1>, <573,11,1>, <574,11,1>, <583,11,1>, <596,11,1>, <600,11,1>, <604,11,1>, <605,11,2>, <613,11,1>, <615,11,2>, <616,11,1>, <619,11,1>, <620,11,2>, <621,11,1>, <622,11,1>, <623,11,1>, <625,11,1>, <627,11,1>, <635,11,1>, <642,11,1>, <646,11,1>, <650,11,1>, <652,11,1>, <655,11,1>, <663,11,1>, <664,11,1>, <665,11,1>, <671,11,1>, <682,11,1>, <683,11,2>, <687,11,1>, <696,11,1>, <702,11,1>, <704,11,1>, <705,11,1>, <710,11,1>, <713,11,1>, <716,11,2>, <717,11,1>, <739,11,1>, <744,11,2>, <751,11,1>, <755,11,1>, <757,11,2>, <776,11,1>, <797,11,1>, <799,11,1>, <807,11,1>, <808,11,1>, <815,11,1>, <819,11,1>, <833,11,1>, <834,11,1>, <841,11,1>, <846,11,1>, <848,11,1>, <855,11,2>, <863,11,1>, <869,11,1>, <875,11,1>, <881,11,1>, <882,11,1>, <885,11,1>, <887,11,1>, <895,11,1>, <898,11,1>, <900,11,1>, <908,11,1>, <938,11,2>, <950,11,1>, <952,11,3>, <957,11,1>, <962,11,1>, <968,11,3>, <980,11,1>, <984,11,1> };

MaxCacheStorageAtSingleAS= [ 1312.5  0  0  0  1312.5  0  0  1312.5  1312.5  1312.5  1312.5 ] ;

MaxCacheStorage = 7875 ;
SolutionGap = 0.01 ;
