
ASes= { 1, 2, 3, 4, 5, 6, 7, 8, 9, 10 } ;


Objects= { 1, 2, 3, 4, 5, 6, 7, 8, 9, 10, 11, 12, 13, 14, 15, 16, 17, 18, 19, 20, 21, 22, 23, 24, 25, 26, 27, 28, 29, 30, 31, 32, 33, 34, 35, 36, 37, 38, 39, 40, 41, 42, 43, 44, 45, 46, 47, 48, 49, 50, 51, 52, 53, 54, 55, 56, 57, 58, 59, 60, 61, 62, 63, 64, 65, 66, 67, 68, 69, 70, 71, 72, 73, 74, 75, 76, 77, 78, 79, 80, 81, 82, 83, 84, 85, 86, 87, 88, 89, 90, 91, 92, 93, 94, 95, 96, 97, 98, 99, 100, 101, 102, 103, 104, 105, 106, 107, 108, 109, 110, 111, 112, 113, 114, 115, 116, 117, 118, 119, 120, 121, 122, 123, 124, 125, 126, 127, 128, 129, 130, 131, 132, 133, 134, 135, 136, 137, 138, 139, 140, 141, 142, 143, 144, 145, 146, 147, 148, 149, 150, 151, 152, 153, 154, 155, 156, 157, 158, 159, 160, 161, 162, 163, 164, 165, 166, 167, 168, 169, 170, 171, 172, 173, 174, 175, 176, 177, 178, 179, 180, 181, 182, 183, 184, 185, 186, 187, 188, 189, 190, 191, 192, 193, 194, 195, 196, 197, 198, 199, 200, 201, 202, 203, 204, 205, 206, 207, 208, 209, 210, 211, 212, 213, 214, 215, 216, 217, 218, 219, 220, 221, 222, 223, 224, 225, 226, 227, 228, 229, 230, 231, 232, 233, 234, 235, 236, 237, 238, 239, 240, 241, 242, 243, 244, 245, 246, 247, 248, 249, 250, 251, 252, 253, 254, 255, 256, 257, 258, 259, 260, 261, 262, 263, 264, 265, 266, 267, 268, 269, 270, 271, 272, 273, 274, 275, 276, 277, 278, 279, 280, 281, 282, 283, 284, 285, 286, 287, 288, 289, 290, 291, 292, 293, 294, 295, 296, 297, 298, 299, 300, 301, 302, 303, 304, 305, 306, 307, 308, 309, 310, 311, 312, 313, 314, 315, 316, 317, 318, 319, 320, 321, 322, 323, 324, 325, 326, 327, 328, 329, 330, 331, 332, 333, 334, 335, 336, 337, 338, 339, 340, 341, 342, 343, 344, 345, 346, 347, 348, 349, 350, 351, 352, 353, 354, 355, 356, 357, 358, 359, 360, 361, 362, 363, 364, 365, 366, 367, 368, 369, 370, 371, 372, 373, 374, 375, 376, 377, 378, 379, 380, 381, 382, 383, 384, 385, 386, 387, 388, 389, 390, 391, 392, 393, 394, 395, 396, 397, 398, 399, 400, 401, 402, 403, 404, 405, 406, 407, 408, 409, 410, 411, 412, 413, 414, 415, 416, 417, 418, 419, 420, 421, 422, 423, 424, 425, 426, 427, 428, 429, 430, 431, 432, 433, 434, 435, 436, 437, 438, 439, 440, 441, 442, 443, 444, 445, 446, 447, 448, 449, 450, 451, 452, 453, 454, 455, 456, 457, 458, 459, 460, 461, 462, 463, 464, 465, 466, 467, 468, 469, 470, 471, 472, 473, 474, 475, 476, 477, 478, 479, 480, 481, 482, 483, 484, 485, 486, 487, 488, 489, 490, 491, 492, 493, 494, 495, 496, 497, 498, 499, 500, 501, 502, 503, 504, 505, 506, 507, 508, 509, 510, 511, 512, 513, 514, 515, 516, 517, 518, 519, 520, 521, 522, 523, 524, 525, 526, 527, 528, 529, 530, 531, 532, 533, 534, 535, 536, 537, 538, 539, 540, 541, 542, 543, 544, 545, 546, 547, 548, 549, 550, 551, 552, 553, 554, 555, 556, 557, 558, 559, 560, 561, 562, 563, 564, 565, 566, 567, 568, 569, 570, 571, 572, 573, 574, 575, 576, 577, 578, 579, 580, 581, 582, 583, 584, 585, 586, 587, 588, 589, 590, 591, 592, 593, 594, 595, 596, 597, 598, 599, 600, 601, 602, 603, 604, 605, 606, 607, 608, 609, 610, 611, 612, 613, 614, 615, 616, 617, 618, 619, 620, 621, 622, 623, 624, 625, 626, 627, 628, 629, 630, 631, 632, 633, 634, 635, 636, 637, 638, 639, 640, 641, 642, 643, 644, 645, 646, 647, 648, 649, 650, 651, 652, 653, 654, 655, 656, 657, 658, 659, 660, 661, 662, 663, 664, 665, 666, 667, 668, 669, 670, 671, 672, 673, 674, 675, 676, 677, 678, 679, 680, 681, 682, 683, 684, 685, 686, 687, 688, 689, 690, 691, 692, 693, 694, 695, 696, 697, 698, 699, 700, 701, 702, 703, 704, 705, 706, 707, 708, 709, 710, 711, 712, 713, 714, 715, 716, 717, 718, 719, 720, 721, 722, 723, 724, 725, 726, 727, 728, 729, 730, 731, 732, 733, 734, 735, 736, 737, 738, 739, 740, 741, 742, 743, 744, 745, 746, 747, 748, 749, 750, 751, 752, 753, 754, 755, 756, 757, 758, 759, 760, 761, 762, 763, 764, 765, 766, 767, 768, 769, 770, 771, 772, 773, 774, 775, 776, 777, 778, 779, 780, 781, 782, 783, 784, 785, 786, 787, 788, 789, 790, 791, 792, 793, 794, 795, 796, 797, 798, 799, 800, 801, 802, 803, 804, 805, 806, 807, 808, 809, 810, 811, 812, 813, 814, 815, 816, 817, 818, 819, 820, 821, 822, 823, 824, 825, 826, 827, 828, 829, 830, 831, 832, 833, 834, 835, 836, 837, 838, 839, 840, 841, 842, 843, 844, 845, 846, 847, 848, 849, 850, 851, 852, 853, 854, 855, 856, 857, 858, 859, 860, 861, 862, 863, 864, 865, 866, 867, 868, 869, 870, 871, 872, 873, 874, 875, 876, 877, 878, 879, 880, 881, 882, 883, 884, 885, 886, 887, 888, 889, 890, 891, 892, 893, 894, 895, 896, 897, 898, 899, 900, 901, 902, 903, 904, 905, 906, 907, 908, 909, 910, 911, 912, 913, 914, 915, 916, 917, 918, 919, 920, 921, 922, 923, 924, 925, 926, 927, 928, 929, 930, 931, 932, 933, 934, 935, 936, 937, 938, 939, 940, 941, 942, 943, 944, 945, 946, 947, 948, 949, 950, 951, 952, 953, 954, 955, 956, 957, 958, 959, 960, 961, 962, 963, 964, 965, 966, 967, 968, 969, 970, 971, 972, 973, 974, 975, 976, 977, 978, 979, 980, 981, 982, 983, 984, 985, 986, 987, 988, 989, 990, 991, 992, 993, 994, 995, 996, 997, 998, 999, 1000 } ;


QualityLevels= { 0, 1, 2, 3, 4, 5 } ;

Arcs = { <1,2,490000>, <2,1,490000>,<2,3,490000>, <3,2,490000>,<1,4,490000>, <4,1,490000>,<3,5,490000>, <5,3,490000>,<5,6,490000>, <6,5,490000>,<3,7,490000>, <7,3,490000>,<7,8,490000>, <8,7,490000>,<5,9,490000>, <9,5,490000>,<3,10,490000>, <10,3,490000> }; 


RatePerQuality= [ 0  300  700  1500  2500  3500 ] ;


CacheSpacePerQuality= [ 10000  11.25  26.25  56.25  93.75  131.25 ] ;


UtilityPerQuality= [ 0  0.66874  0.795271  0.880112  0.945742  1 ] ;


ObjectsPublishedByProducers=[ [ 0  0  0  0  0  0  0  0  0  0 ]  [ 0  0  0  0  0  0  0  0  0  0 ]  [ 0  0  0  0  0  0  0  0  0  0 ]  [ 0  0  0  0  0  0  0  0  0  0 ]  [ 0  0  0  0  0  0  0  0  0  0 ]  [ 0  0  0  0  0  0  0  0  0  0 ]  [ 0  0  0  0  0  0  0  0  0  0 ]  [ 0  0  0  0  0  0  0  0  0  0 ]  [ 0  0  0  0  0  0  0  0  0  0 ]  [ 0  0  0  0  0  0  0  0  0  0 ]  [ 0  0  0  0  0  0  0  0  0  0 ]  [ 0  0  0  0  0  0  0  0  0  0 ]  [ 0  0  0  0  0  0  0  0  0  0 ]  [ 0  0  0  0  0  0  0  0  0  0 ]  [ 0  0  0  0  0  0  0  0  0  0 ]  [ 0  0  0  0  0  0  0  0  0  0 ]  [ 0  0  0  0  0  0  0  0  0  0 ]  [ 0  0  0  0  0  0  0  0  0  0 ]  [ 0  0  0  0  0  0  0  0  0  0 ]  [ 0  0  0  0  0  0  0  0  0  0 ]  [ 0  0  0  0  0  0  0  0  0  0 ]  [ 0  0  0  0  0  0  0  0  0  0 ]  [ 0  0  0  0  0  0  0  0  0  0 ]  [ 0  0  0  0  0  0  0  0  0  0 ]  [ 0  0  0  0  0  0  0  0  0  0 ]  [ 0  0  0  0  0  0  0  0  0  0 ]  [ 0  0  0  0  0  0  0  0  0  0 ]  [ 0  0  0  0  0  0  0  0  0  0 ]  [ 0  0  0  0  0  0  0  0  0  0 ]  [ 0  0  0  0  0  0  0  0  0  0 ]  [ 0  0  0  0  0  0  0  0  0  0 ]  [ 0  0  0  0  0  0  0  0  0  0 ]  [ 0  0  0  0  0  0  0  0  0  0 ]  [ 0  0  0  0  0  0  0  0  0  0 ]  [ 0  0  0  0  0  0  0  0  0  0 ]  [ 0  0  0  0  0  0  0  0  0  0 ]  [ 0  0  0  0  0  0  0  0  0  0 ]  [ 0  0  0  0  0  0  0  0  0  0 ]  [ 0  0  0  0  0  0  0  0  0  0 ]  [ 0  0  0  0  0  0  0  0  0  0 ]  [ 0  0  0  0  0  0  0  0  0  0 ]  [ 0  0  0  0  0  0  0  0  0  0 ]  [ 0  0  0  0  0  0  0  0  0  0 ]  [ 0  0  0  0  0  0  0  0  0  0 ]  [ 0  0  0  0  0  0  0  0  0  0 ]  [ 0  0  0  0  0  0  0  0  0  0 ]  [ 0  0  0  0  0  0  0  0  0  0 ]  [ 0  0  0  0  0  0  0  0  0  0 ]  [ 0  0  0  0  0  0  0  0  0  0 ]  [ 0  0  0  0  0  0  0  0  0  0 ]  [ 0  0  0  0  0  0  0  0  0  0 ]  [ 0  0  0  0  0  0  0  0  0  0 ]  [ 0  0  0  0  0  0  0  0  0  0 ]  [ 0  0  0  0  0  0  0  0  0  0 ]  [ 0  0  0  0  0  0  0  0  0  0 ]  [ 0  0  0  0  0  0  0  0  0  0 ]  [ 0  0  0  0  0  0  0  0  0  0 ]  [ 0  0  0  0  0  0  0  0  0  0 ]  [ 0  0  0  0  0  0  0  0  0  0 ]  [ 0  0  0  0  0  0  0  0  0  0 ]  [ 0  0  0  0  0  0  0  0  0  0 ]  [ 0  0  0  0  0  0  0  0  0  0 ]  [ 0  0  0  0  0  0  0  0  0  0 ]  [ 0  0  0  0  0  0  0  0  0  0 ]  [ 0  0  0  0  0  0  0  0  0  0 ]  [ 0  0  0  0  0  0  0  0  0  0 ]  [ 0  0  0  0  0  0  0  0  0  0 ]  [ 0  0  0  0  0  0  0  0  0  0 ]  [ 0  0  0  0  0  0  0  0  0  0 ]  [ 0  0  0  0  0  0  0  0  0  0 ]  [ 0  0  0  0  0  0  0  0  0  0 ]  [ 0  0  0  0  0  0  0  0  0  0 ]  [ 0  0  0  0  0  0  0  0  0  0 ]  [ 0  0  0  0  0  0  0  0  0  0 ]  [ 0  0  0  0  0  0  0  0  0  0 ]  [ 0  0  0  0  0  0  0  0  0  0 ]  [ 0  0  0  0  0  0  0  0  0  0 ]  [ 0  0  0  0  0  0  0  0  0  0 ]  [ 0  0  0  0  0  0  0  0  0  0 ]  [ 0  0  0  0  0  0  0  0  0  0 ]  [ 0  0  0  0  0  0  0  0  0  0 ]  [ 0  0  0  0  0  0  0  0  0  0 ]  [ 0  0  0  0  0  0  0  0  0  0 ]  [ 0  0  0  0  0  0  0  0  0  0 ]  [ 0  0  0  0  0  0  0  0  0  0 ]  [ 0  0  0  0  0  0  0  0  0  0 ]  [ 0  0  0  0  0  0  0  0  0  0 ]  [ 0  0  0  0  0  0  0  0  0  0 ]  [ 0  0  0  0  0  0  0  0  0  0 ]  [ 0  0  0  0  0  0  0  0  0  0 ]  [ 0  0  0  0  0  0  0  0  0  0 ]  [ 0  0  0  0  0  0  0  0  0  0 ]  [ 0  0  0  0  0  0  0  0  0  0 ]  [ 0  0  0  0  0  0  0  0  0  0 ]  [ 0  0  0  0  0  0  0  0  0  0 ]  [ 0  0  0  0  0  0  0  0  0  0 ]  [ 0  0  0  0  0  0  0  0  0  0 ]  [ 0  0  0  0  0  0  0  0  0  0 ]  [ 0  0  0  0  0  0  0  0  0  0 ]  [ 0  0  0  0  0  0  0  0  0  0 ]  [ 0  0  0  0  0  0  0  0  0  0 ]  [ 0  0  0  0  0  0  0  0  0  0 ]  [ 0  0  0  0  0  0  0  0  0  0 ]  [ 0  0  0  0  0  0  0  0  0  0 ]  [ 0  0  0  0  0  0  0  0  0  0 ]  [ 0  0  0  0  0  0  0  0  0  0 ]  [ 0  0  0  0  0  0  0  0  0  0 ]  [ 0  0  0  0  0  0  0  0  0  0 ]  [ 0  0  0  0  0  0  0  0  0  0 ]  [ 0  0  0  0  0  0  0  0  0  0 ]  [ 0  0  0  0  0  0  0  0  0  0 ]  [ 0  0  0  0  0  0  0  0  0  0 ]  [ 0  0  0  0  0  0  0  0  0  0 ]  [ 0  0  0  0  0  0  0  0  0  0 ]  [ 0  0  0  0  0  0  0  0  0  0 ]  [ 0  0  0  0  0  0  0  0  0  0 ]  [ 0  0  0  0  0  0  0  0  0  0 ]  [ 0  0  0  0  0  0  0  0  0  0 ]  [ 0  0  0  0  0  0  0  0  0  0 ]  [ 0  0  0  0  0  0  0  0  0  0 ]  [ 0  0  0  0  0  0  0  0  0  0 ]  [ 0  0  0  0  0  0  0  0  0  0 ]  [ 0  0  0  0  0  0  0  0  0  0 ]  [ 0  0  0  0  0  0  0  0  0  0 ]  [ 0  0  0  0  0  0  0  0  0  0 ]  [ 0  0  0  0  0  0  0  0  0  0 ]  [ 0  0  0  0  0  0  0  0  0  0 ]  [ 0  0  0  0  0  0  0  0  0  0 ]  [ 0  0  0  0  0  0  0  0  0  0 ]  [ 0  0  0  0  0  0  0  0  0  0 ]  [ 0  0  0  0  0  0  0  0  0  0 ]  [ 0  0  0  0  0  0  0  0  0  0 ]  [ 0  0  0  0  0  0  0  0  0  0 ]  [ 0  0  0  0  0  0  0  0  0  0 ]  [ 0  0  0  0  0  0  0  0  0  0 ]  [ 0  0  0  0  0  0  0  0  0  0 ]  [ 0  0  0  0  0  0  0  0  0  0 ]  [ 0  0  0  0  0  0  0  0  0  0 ]  [ 0  0  0  0  0  0  0  0  0  0 ]  [ 0  0  0  0  0  0  0  0  0  0 ]  [ 0  0  0  0  0  0  0  0  0  0 ]  [ 0  0  0  0  0  0  0  0  0  0 ]  [ 0  0  0  0  0  0  0  0  0  0 ]  [ 0  0  0  0  0  0  0  0  0  0 ]  [ 0  0  0  0  0  0  0  0  0  0 ]  [ 0  0  0  0  0  0  0  0  0  0 ]  [ 0  0  0  0  0  0  0  0  0  0 ]  [ 0  0  0  0  0  0  0  0  0  0 ]  [ 0  0  0  0  0  0  0  0  0  0 ]  [ 0  0  0  0  0  0  0  0  0  0 ]  [ 0  0  0  0  0  0  0  0  0  0 ]  [ 0  0  0  0  0  0  0  0  0  0 ]  [ 0  0  0  0  0  0  0  0  0  0 ]  [ 0  0  0  0  0  0  0  0  0  0 ]  [ 0  0  0  0  0  0  0  0  0  0 ]  [ 0  0  0  0  0  0  0  0  0  0 ]  [ 0  0  0  0  0  0  0  0  0  0 ]  [ 0  0  0  0  0  0  0  0  0  0 ]  [ 0  0  0  0  0  0  0  0  0  0 ]  [ 0  0  0  0  0  0  0  0  0  0 ]  [ 0  0  0  0  0  0  0  0  0  0 ]  [ 0  0  0  0  0  0  0  0  0  0 ]  [ 0  0  0  0  0  0  0  0  0  0 ]  [ 0  0  0  0  0  0  0  0  0  0 ]  [ 0  0  0  0  0  0  0  0  0  0 ]  [ 0  0  0  0  0  0  0  0  0  0 ]  [ 0  0  0  0  0  0  0  0  0  0 ]  [ 0  0  0  0  0  0  0  0  0  0 ]  [ 0  0  0  0  0  0  0  0  0  0 ]  [ 0  0  0  0  0  0  0  0  0  0 ]  [ 0  0  0  0  0  0  0  0  0  0 ]  [ 0  0  0  0  0  0  0  0  0  0 ]  [ 0  0  0  0  0  0  0  0  0  0 ]  [ 0  0  0  0  0  0  0  0  0  0 ]  [ 0  0  0  0  0  0  0  0  0  0 ]  [ 0  0  0  0  0  0  0  0  0  0 ]  [ 0  0  0  0  0  0  0  0  0  0 ]  [ 0  0  0  0  0  0  0  0  0  0 ]  [ 0  0  0  0  0  0  0  0  0  0 ]  [ 0  0  0  0  0  0  0  0  0  0 ]  [ 0  0  0  0  0  0  0  0  0  0 ]  [ 0  0  0  0  0  0  0  0  0  0 ]  [ 0  0  0  0  0  0  0  0  0  0 ]  [ 0  0  0  0  0  0  0  0  0  0 ]  [ 0  0  0  0  0  0  0  0  0  0 ]  [ 0  0  0  0  0  0  0  0  0  0 ]  [ 0  0  0  0  0  0  0  0  0  0 ]  [ 0  0  0  0  0  0  0  0  0  0 ]  [ 0  0  0  0  0  0  0  0  0  0 ]  [ 0  0  0  0  0  0  0  0  0  0 ]  [ 0  0  0  0  0  0  0  0  0  0 ]  [ 0  0  0  0  0  0  0  0  0  0 ]  [ 0  0  0  0  0  0  0  0  0  0 ]  [ 0  0  0  0  0  0  0  0  0  0 ]  [ 0  0  0  0  0  0  0  0  0  0 ]  [ 0  0  0  0  0  0  0  0  0  0 ]  [ 0  0  0  0  0  0  0  0  0  0 ]  [ 0  0  0  0  0  0  0  0  0  0 ]  [ 0  0  0  0  0  0  0  0  0  0 ]  [ 0  0  0  0  0  0  0  0  0  0 ]  [ 0  0  0  0  0  0  0  0  0  0 ]  [ 0  0  0  0  0  0  0  0  0  0 ]  [ 0  0  0  0  0  0  0  0  0  0 ]  [ 0  0  0  0  0  0  0  0  0  0 ]  [ 0  0  0  0  0  0  0  0  0  0 ]  [ 0  0  0  0  0  0  0  0  0  0 ]  [ 0  0  0  0  0  0  0  0  0  0 ]  [ 0  0  0  0  0  0  0  0  0  0 ]  [ 0  0  0  0  0  0  0  0  0  0 ]  [ 0  0  0  0  0  0  0  0  0  0 ]  [ 0  0  0  0  0  0  0  0  0  0 ]  [ 0  0  0  0  0  0  0  0  0  0 ]  [ 0  0  0  0  0  0  0  0  0  0 ]  [ 0  0  0  0  0  0  0  0  0  0 ]  [ 0  0  0  0  0  0  0  0  0  0 ]  [ 0  0  0  0  0  0  0  0  0  0 ]  [ 0  0  0  0  0  0  0  0  0  0 ]  [ 0  0  0  0  0  0  0  0  0  0 ]  [ 0  0  0  0  0  0  0  0  0  0 ]  [ 0  0  0  0  0  0  0  0  0  0 ]  [ 0  0  0  0  0  0  0  0  0  0 ]  [ 0  0  0  0  0  0  0  0  0  0 ]  [ 0  0  0  0  0  0  0  0  0  0 ]  [ 0  0  0  0  0  0  0  0  0  0 ]  [ 0  0  0  0  0  0  0  0  0  0 ]  [ 0  0  0  0  0  0  0  0  0  0 ]  [ 0  0  0  0  0  0  0  0  0  0 ]  [ 0  0  0  0  0  0  0  0  0  0 ]  [ 0  0  0  0  0  0  0  0  0  0 ]  [ 0  0  0  0  0  0  0  0  0  0 ]  [ 0  0  0  0  0  0  0  0  0  0 ]  [ 0  0  0  0  0  0  0  0  0  0 ]  [ 0  0  0  0  0  0  0  0  0  0 ]  [ 0  0  0  0  0  0  0  0  0  0 ]  [ 0  0  0  0  0  0  0  0  0  0 ]  [ 0  0  0  0  0  0  0  0  0  0 ]  [ 0  0  0  0  0  0  0  0  0  0 ]  [ 0  0  0  0  0  0  0  0  0  0 ]  [ 0  0  0  0  0  0  0  0  0  0 ]  [ 0  0  0  0  0  0  0  0  0  0 ]  [ 0  0  0  0  0  0  0  0  0  0 ]  [ 0  0  0  0  0  0  0  0  0  0 ]  [ 0  0  0  0  0  0  0  0  0  0 ]  [ 0  0  0  0  0  0  0  0  0  0 ]  [ 0  0  0  0  0  0  0  0  0  0 ]  [ 0  0  0  0  0  0  0  0  0  0 ]  [ 0  0  0  0  0  0  0  0  0  0 ]  [ 0  0  0  0  0  0  0  0  0  0 ]  [ 0  0  0  0  0  0  0  0  0  0 ]  [ 0  0  0  0  0  0  0  0  0  0 ]  [ 0  0  0  0  0  0  0  0  0  0 ]  [ 0  0  0  0  0  0  0  0  0  0 ]  [ 0  0  0  0  0  0  0  0  0  0 ]  [ 0  0  0  0  0  0  0  0  0  0 ]  [ 0  0  0  0  0  0  0  0  0  0 ]  [ 0  0  0  0  0  0  0  0  0  0 ]  [ 0  0  0  0  0  0  0  0  0  0 ]  [ 0  0  0  0  0  0  0  0  0  0 ]  [ 0  0  0  0  0  0  0  0  0  0 ]  [ 0  0  0  0  0  0  0  0  0  0 ]  [ 0  0  0  0  0  0  0  0  0  0 ]  [ 0  0  0  0  0  0  0  0  0  0 ]  [ 0  0  0  0  0  0  0  0  0  0 ]  [ 0  0  0  0  0  0  0  0  0  0 ]  [ 0  0  0  0  0  0  0  0  0  0 ]  [ 0  0  0  0  0  0  0  0  0  0 ]  [ 0  0  0  0  0  0  0  0  0  0 ]  [ 0  0  0  0  0  0  0  0  0  0 ]  [ 0  0  0  0  0  0  0  0  0  0 ]  [ 0  0  0  0  0  0  0  0  0  0 ]  [ 0  0  0  0  0  0  0  0  0  0 ]  [ 0  0  0  0  0  0  0  0  0  0 ]  [ 0  0  0  0  0  0  0  0  0  0 ]  [ 0  0  0  0  0  0  0  0  0  0 ]  [ 0  0  0  0  0  0  0  0  0  0 ]  [ 0  0  0  0  0  0  0  0  0  0 ]  [ 0  0  0  0  0  0  0  0  0  0 ]  [ 0  0  0  0  0  0  0  0  0  0 ]  [ 0  0  0  0  0  0  0  0  0  0 ]  [ 0  0  0  0  0  0  0  0  0  0 ]  [ 0  0  0  0  0  0  0  0  0  0 ]  [ 0  0  0  0  0  0  0  0  0  0 ]  [ 0  0  0  0  0  0  0  0  0  0 ]  [ 0  0  0  0  0  0  0  0  0  0 ]  [ 0  0  0  0  0  0  0  0  0  0 ]  [ 0  0  0  0  0  0  0  0  0  0 ]  [ 0  0  0  0  0  0  0  0  0  0 ]  [ 0  0  0  0  0  0  0  0  0  0 ]  [ 0  0  0  0  0  0  0  0  0  0 ]  [ 0  0  0  0  0  0  0  0  0  0 ]  [ 0  0  0  0  0  0  0  0  0  0 ]  [ 0  0  0  0  0  0  0  0  0  0 ]  [ 0  0  0  0  0  0  0  0  0  0 ]  [ 0  0  0  0  0  0  0  0  0  0 ]  [ 0  0  0  0  0  0  0  0  0  0 ]  [ 0  0  0  0  0  0  0  0  0  0 ]  [ 0  0  0  0  0  0  0  0  0  0 ]  [ 0  0  0  0  0  0  0  0  0  0 ]  [ 0  0  0  0  0  0  0  0  0  0 ]  [ 0  0  0  0  0  0  0  0  0  0 ]  [ 0  0  0  0  0  0  0  0  0  0 ]  [ 0  0  0  0  0  0  0  0  0  0 ]  [ 0  0  0  0  0  0  0  0  0  0 ]  [ 0  0  0  0  0  0  0  0  0  0 ]  [ 0  0  0  0  0  0  0  0  0  0 ]  [ 0  0  0  0  0  0  0  0  0  0 ]  [ 0  0  0  0  0  0  0  0  0  0 ]  [ 0  0  0  0  0  0  0  0  0  0 ]  [ 0  0  0  0  0  0  0  0  0  0 ]  [ 0  0  0  0  0  0  0  0  0  0 ]  [ 0  0  0  0  0  0  0  0  0  0 ]  [ 0  0  0  0  0  0  0  0  0  0 ]  [ 0  0  0  0  0  0  0  0  0  0 ]  [ 0  0  0  0  0  0  0  0  0  0 ]  [ 0  0  0  0  0  0  0  0  0  0 ]  [ 0  0  0  0  0  0  0  0  0  0 ]  [ 0  0  0  0  0  0  0  0  0  0 ]  [ 0  0  0  0  0  0  0  0  0  0 ]  [ 0  0  0  0  0  0  0  0  0  0 ]  [ 0  0  0  0  0  0  0  0  0  0 ]  [ 0  0  0  0  0  0  0  0  0  0 ]  [ 0  0  0  0  0  0  0  0  0  0 ]  [ 0  0  0  0  0  0  0  0  0  0 ]  [ 0  0  0  0  0  0  0  0  0  0 ]  [ 0  0  0  0  0  0  0  0  0  0 ]  [ 0  0  0  0  0  0  0  0  0  0 ]  [ 0  0  0  0  0  0  0  0  0  0 ]  [ 0  0  0  0  0  0  0  0  0  0 ]  [ 0  0  0  0  0  0  0  0  0  0 ]  [ 0  0  0  0  0  0  0  0  0  0 ]  [ 0  0  0  0  0  0  0  0  0  0 ]  [ 0  0  0  0  0  0  0  0  0  0 ]  [ 0  0  0  0  0  0  0  0  0  0 ]  [ 0  0  0  0  0  0  0  0  0  0 ]  [ 0  0  0  0  0  0  0  0  0  0 ]  [ 0  0  0  0  0  0  0  0  0  0 ]  [ 0  0  0  0  0  0  0  0  0  0 ]  [ 0  0  0  0  0  0  0  0  0  0 ]  [ 0  0  0  0  0  0  0  0  0  0 ]  [ 0  0  0  0  0  0  0  0  0  0 ]  [ 0  0  0  0  0  0  0  0  0  0 ]  [ 0  0  0  0  0  0  0  0  0  0 ]  [ 0  0  0  0  0  0  0  0  0  0 ]  [ 0  0  0  0  0  0  0  0  0  0 ]  [ 0  0  0  0  0  0  0  0  0  0 ]  [ 0  0  0  0  0  0  0  0  0  0 ]  [ 0  0  0  0  0  0  0  0  0  0 ]  [ 0  0  0  0  0  0  0  0  0  0 ]  [ 0  0  0  0  0  0  0  0  0  0 ]  [ 0  0  0  0  0  0  0  0  0  0 ]  [ 0  0  0  0  0  0  0  0  0  0 ]  [ 0  0  0  0  0  0  0  0  0  0 ]  [ 0  0  0  0  0  0  0  0  0  0 ]  [ 0  0  0  0  0  0  0  0  0  0 ]  [ 0  0  0  0  0  0  0  0  0  0 ]  [ 0  0  0  0  0  0  0  0  0  0 ]  [ 0  0  0  0  0  0  0  0  0  0 ]  [ 0  0  0  0  0  0  0  0  0  0 ]  [ 0  0  0  0  0  0  0  0  0  0 ]  [ 0  0  0  0  0  0  0  0  0  0 ]  [ 0  0  0  0  0  0  0  0  0  0 ]  [ 0  0  0  0  0  0  0  0  0  0 ]  [ 0  0  0  0  0  0  0  0  0  0 ]  [ 0  0  0  0  0  0  0  0  0  0 ]  [ 0  0  0  0  0  0  0  0  0  0 ]  [ 0  0  0  0  0  0  0  0  0  0 ]  [ 0  0  0  0  0  0  0  0  0  0 ]  [ 0  0  0  0  0  0  0  0  0  0 ]  [ 0  0  0  0  0  0  0  0  0  0 ]  [ 0  0  0  0  0  0  0  0  0  0 ]  [ 0  0  0  0  0  0  0  0  0  0 ]  [ 0  0  0  0  0  0  0  0  0  0 ]  [ 0  0  0  0  0  0  0  0  0  0 ]  [ 0  0  0  0  0  0  0  0  0  0 ]  [ 0  0  0  0  0  0  0  0  0  0 ]  [ 0  0  0  0  0  0  0  0  0  0 ]  [ 0  0  0  0  0  0  0  0  0  0 ]  [ 0  0  0  0  0  0  0  0  0  0 ]  [ 0  0  0  0  0  0  0  0  0  0 ]  [ 0  0  0  0  0  0  0  0  0  0 ]  [ 0  0  0  0  0  0  0  0  0  0 ]  [ 0  0  0  0  0  0  0  0  0  0 ]  [ 0  0  0  0  0  0  0  0  0  0 ]  [ 0  0  0  0  0  0  0  0  0  0 ]  [ 0  0  0  0  0  0  0  0  0  0 ]  [ 0  0  0  0  0  0  0  0  0  0 ]  [ 0  0  0  0  0  0  0  0  0  0 ]  [ 0  0  0  0  0  0  0  0  0  0 ]  [ 0  0  0  0  0  0  0  0  0  0 ]  [ 0  0  0  0  0  0  0  0  0  0 ]  [ 0  0  0  0  0  0  0  0  0  0 ]  [ 0  0  0  0  0  0  0  0  0  0 ]  [ 0  0  0  0  0  0  0  0  0  0 ]  [ 0  0  0  0  0  0  0  0  0  0 ]  [ 0  0  0  0  0  0  0  0  0  0 ]  [ 0  0  0  0  0  0  0  0  0  0 ]  [ 0  0  0  0  0  0  0  0  0  0 ]  [ 0  0  0  0  0  0  0  0  0  0 ]  [ 0  0  0  0  0  0  0  0  0  0 ]  [ 0  0  0  0  0  0  0  0  0  0 ]  [ 0  0  0  0  0  0  0  0  0  0 ]  [ 0  0  0  0  0  0  0  0  0  0 ]  [ 0  0  0  0  0  0  0  0  0  0 ]  [ 0  0  0  0  0  0  0  0  0  0 ]  [ 0  0  0  0  0  0  0  0  0  0 ]  [ 0  0  0  0  0  0  0  0  0  0 ]  [ 0  0  0  0  0  0  0  0  0  0 ]  [ 0  0  0  0  0  0  0  0  0  0 ]  [ 0  0  0  0  0  0  0  0  0  0 ]  [ 0  0  0  0  0  0  0  0  0  0 ]  [ 0  0  0  0  0  0  0  0  0  0 ]  [ 0  0  0  0  0  0  0  0  0  0 ]  [ 0  0  0  0  0  0  0  0  0  0 ]  [ 0  0  0  0  0  0  0  0  0  0 ]  [ 0  0  0  0  0  0  0  0  0  0 ]  [ 0  0  0  0  0  0  0  0  0  0 ]  [ 0  0  0  0  0  0  0  0  0  0 ]  [ 0  0  0  0  0  0  0  0  0  0 ]  [ 0  0  0  0  0  0  0  0  0  0 ]  [ 0  0  0  0  0  0  0  0  0  0 ]  [ 0  0  0  0  0  0  0  0  0  0 ]  [ 0  0  0  0  0  0  0  0  0  0 ]  [ 0  0  0  0  0  0  0  0  0  0 ]  [ 0  0  0  0  0  0  0  0  0  0 ]  [ 0  0  0  0  0  0  0  0  0  0 ]  [ 0  0  0  0  0  0  0  0  0  0 ]  [ 0  0  0  0  0  0  0  0  0  0 ]  [ 0  0  0  0  0  0  0  0  0  0 ]  [ 0  0  0  0  0  0  0  0  0  0 ]  [ 0  0  0  0  0  0  0  0  0  0 ]  [ 0  0  0  0  0  0  0  0  0  0 ]  [ 0  0  0  0  0  0  0  0  0  0 ]  [ 0  0  0  0  0  0  0  0  0  0 ]  [ 0  0  0  0  0  0  0  0  0  0 ]  [ 0  0  0  0  0  0  0  0  0  0 ]  [ 0  0  0  0  0  0  0  0  0  0 ]  [ 0  0  0  0  0  0  0  0  0  0 ]  [ 0  0  0  0  0  0  0  0  0  0 ]  [ 0  0  0  0  0  0  0  0  0  0 ]  [ 0  0  0  0  0  0  0  0  0  0 ]  [ 0  0  0  0  0  0  0  0  0  0 ]  [ 0  0  0  0  0  0  0  0  0  0 ]  [ 0  0  0  0  0  0  0  0  0  0 ]  [ 0  0  0  0  0  0  0  0  0  0 ]  [ 0  0  0  0  0  0  0  0  0  0 ]  [ 0  0  0  0  0  0  0  0  0  0 ]  [ 0  0  0  0  0  0  0  0  0  0 ]  [ 0  0  0  0  0  0  0  0  0  0 ]  [ 0  0  0  0  0  0  0  0  0  0 ]  [ 0  0  0  0  0  0  0  0  0  0 ]  [ 0  0  0  0  0  0  0  0  0  0 ]  [ 0  0  0  0  0  0  0  0  0  0 ]  [ 0  0  0  0  0  0  0  0  0  0 ]  [ 0  0  0  0  0  0  0  0  0  0 ]  [ 0  0  0  0  0  0  0  0  0  0 ]  [ 0  0  0  0  0  0  0  0  0  0 ]  [ 0  0  0  0  0  0  0  0  0  0 ]  [ 0  0  0  0  0  0  0  0  0  0 ]  [ 0  0  0  0  0  0  0  0  0  0 ]  [ 0  0  0  0  0  0  0  0  0  0 ]  [ 0  0  0  0  0  0  0  0  0  0 ]  [ 0  0  0  0  0  0  0  0  0  0 ]  [ 0  0  0  0  0  0  0  0  0  0 ]  [ 0  0  0  0  0  0  0  0  0  0 ]  [ 0  0  0  0  0  0  0  0  0  0 ]  [ 0  0  0  0  0  0  0  0  0  0 ]  [ 0  0  0  0  0  0  0  0  0  0 ]  [ 0  0  0  0  0  0  0  0  0  0 ]  [ 0  0  0  0  0  0  0  0  0  0 ]  [ 0  0  0  0  0  0  0  0  0  0 ]  [ 0  0  0  0  0  0  0  0  0  0 ]  [ 0  0  0  0  0  0  0  0  0  0 ]  [ 0  0  0  0  0  0  0  0  0  0 ]  [ 0  0  0  0  0  0  0  0  0  0 ]  [ 0  0  0  0  0  0  0  0  0  0 ]  [ 0  0  0  0  0  0  0  0  0  0 ]  [ 0  0  0  0  0  0  0  0  0  0 ]  [ 0  0  0  0  0  0  0  0  0  0 ]  [ 0  0  0  0  0  0  0  0  0  0 ]  [ 0  0  0  0  0  0  0  0  0  0 ]  [ 0  0  0  0  0  0  0  0  0  0 ]  [ 0  0  0  0  0  0  0  0  0  0 ]  [ 0  0  0  0  0  0  0  0  0  0 ]  [ 0  0  0  0  0  0  0  0  0  0 ]  [ 0  0  0  0  0  0  0  0  0  0 ]  [ 0  0  0  0  0  0  0  0  0  0 ]  [ 0  0  0  0  0  0  0  0  0  0 ]  [ 0  0  0  0  0  0  0  0  0  0 ]  [ 0  0  0  0  0  0  0  0  0  0 ]  [ 0  0  0  0  0  0  0  0  0  0 ]  [ 0  0  0  0  0  0  0  0  0  0 ]  [ 0  0  0  0  0  0  0  0  0  0 ]  [ 0  0  0  0  0  0  0  0  0  0 ]  [ 0  0  0  0  0  0  0  0  0  0 ]  [ 0  0  0  0  0  0  0  0  0  0 ]  [ 0  0  0  0  0  0  0  0  0  0 ]  [ 0  0  0  0  0  0  0  0  0  0 ]  [ 0  0  0  0  0  0  0  0  0  0 ]  [ 0  0  0  0  0  0  0  0  0  0 ]  [ 0  0  0  0  0  0  0  0  0  0 ]  [ 0  0  0  0  0  0  0  0  0  0 ]  [ 0  0  0  0  0  0  0  0  0  0 ]  [ 0  0  0  0  0  0  0  0  0  0 ]  [ 0  0  0  0  0  0  0  0  0  0 ]  [ 0  0  0  0  0  0  0  0  0  0 ]  [ 0  0  0  0  0  0  0  0  0  0 ]  [ 0  0  0  0  0  0  0  0  0  0 ]  [ 0  0  0  0  0  0  0  0  0  0 ]  [ 0  0  0  0  0  0  0  0  0  0 ]  [ 0  0  0  0  0  0  0  0  0  0 ]  [ 0  0  0  0  0  0  0  0  0  0 ]  [ 0  0  0  0  0  0  0  0  0  0 ]  [ 0  0  0  0  0  0  0  0  0  0 ]  [ 0  0  0  0  0  0  0  0  0  0 ]  [ 0  0  0  0  0  0  0  0  0  0 ]  [ 0  0  0  0  0  0  0  0  0  0 ]  [ 0  0  0  0  0  0  0  0  0  0 ]  [ 0  0  0  0  0  0  0  0  0  0 ]  [ 0  0  0  0  0  0  0  0  0  0 ]  [ 0  0  0  0  0  0  0  0  0  0 ]  [ 0  0  0  0  0  0  0  0  0  0 ]  [ 0  0  0  0  0  0  0  0  0  0 ]  [ 0  0  0  0  0  0  0  0  0  0 ]  [ 0  0  0  0  0  0  0  0  0  0 ]  [ 0  0  0  0  0  0  0  0  0  0 ]  [ 0  0  0  0  0  0  0  0  0  0 ]  [ 0  0  0  0  0  0  0  0  0  0 ]  [ 0  0  0  0  0  0  0  0  0  0 ]  [ 0  0  0  0  0  0  0  0  0  0 ]  [ 0  0  0  0  0  0  0  0  0  0 ]  [ 0  0  0  0  0  0  0  0  0  0 ]  [ 0  0  0  0  0  0  0  0  0  0 ]  [ 0  0  0  0  0  0  0  0  0  0 ]  [ 0  0  0  0  0  0  0  0  0  0 ]  [ 0  0  0  0  0  0  0  0  0  0 ]  [ 0  0  0  0  0  0  0  0  0  0 ]  [ 0  0  0  0  0  0  0  0  0  0 ]  [ 0  0  0  0  0  0  0  0  0  0 ]  [ 0  0  0  0  0  0  0  0  0  0 ]  [ 0  0  0  0  0  0  0  0  0  0 ]  [ 0  0  0  0  0  0  0  0  0  0 ]  [ 0  0  0  0  0  0  0  0  0  0 ]  [ 0  0  0  0  0  0  0  0  0  0 ]  [ 0  0  0  0  0  0  0  0  0  0 ]  [ 0  0  0  0  0  0  0  0  0  0 ]  [ 0  0  0  0  0  0  0  0  0  0 ]  [ 0  0  0  0  0  0  0  0  0  0 ]  [ 0  0  0  0  0  0  0  0  0  0 ]  [ 0  0  0  0  0  0  0  0  0  0 ]  [ 0  0  0  0  0  0  0  0  0  0 ]  [ 0  0  0  0  0  0  0  0  0  0 ]  [ 0  0  0  0  0  0  0  0  0  0 ]  [ 0  0  0  0  0  0  0  0  0  0 ]  [ 0  0  0  0  0  0  0  0  0  0 ]  [ 0  0  0  0  0  0  0  0  0  0 ]  [ 0  0  0  0  0  0  0  0  0  0 ]  [ 0  0  0  0  0  0  0  0  0  0 ]  [ 0  0  0  0  0  0  0  0  0  0 ]  [ 0  0  0  0  0  0  0  0  0  0 ]  [ 0  0  0  0  0  0  0  0  0  0 ]  [ 0  0  0  0  0  0  0  0  0  0 ]  [ 0  0  0  0  0  0  0  0  0  0 ]  [ 0  0  0  0  0  0  0  0  0  0 ]  [ 0  0  0  0  0  0  0  0  0  0 ]  [ 0  0  0  0  0  0  0  0  0  0 ]  [ 0  0  0  0  0  0  0  0  0  0 ]  [ 0  0  0  0  0  0  0  0  0  0 ]  [ 0  0  0  0  0  0  0  0  0  0 ]  [ 0  0  0  0  0  0  0  0  0  0 ]  [ 0  0  0  0  0  0  0  0  0  0 ]  [ 0  0  0  0  0  0  0  0  0  0 ]  [ 0  0  0  0  0  0  0  0  0  0 ]  [ 0  0  0  0  0  0  0  0  0  0 ]  [ 0  0  0  0  0  0  0  0  0  0 ]  [ 0  0  0  0  0  0  0  0  0  0 ]  [ 0  0  0  0  0  0  0  0  0  0 ]  [ 0  0  0  0  0  0  0  0  0  0 ]  [ 0  0  0  0  0  0  0  0  0  0 ]  [ 0  0  0  0  0  0  0  0  0  0 ]  [ 0  0  0  0  0  0  0  0  0  0 ]  [ 0  0  0  0  0  0  0  0  0  0 ]  [ 0  0  0  0  0  0  0  0  0  0 ]  [ 0  0  0  0  0  0  0  0  0  0 ]  [ 0  0  0  0  0  0  0  0  0  0 ]  [ 0  0  0  0  0  0  0  0  0  0 ]  [ 0  0  0  0  0  0  0  0  0  0 ]  [ 0  0  0  0  0  0  0  0  0  0 ]  [ 0  0  0  0  0  0  0  0  0  0 ]  [ 0  0  0  0  0  0  0  0  0  0 ]  [ 0  0  0  0  0  0  0  0  0  0 ]  [ 0  0  0  0  0  0  0  0  0  0 ]  [ 0  0  0  0  0  0  0  0  0  0 ]  [ 0  0  0  0  0  0  0  0  0  0 ]  [ 0  0  0  0  0  0  0  0  0  0 ]  [ 0  0  0  0  0  0  0  0  0  0 ]  [ 0  0  0  0  0  0  0  0  0  0 ]  [ 0  0  0  0  0  0  0  0  0  0 ]  [ 0  0  0  0  0  0  0  0  0  0 ]  [ 0  0  0  0  0  0  0  0  0  0 ]  [ 0  0  0  0  0  0  0  0  0  0 ]  [ 0  0  0  0  0  0  0  0  0  0 ]  [ 0  0  0  0  0  0  0  0  0  0 ]  [ 0  0  0  0  0  0  0  0  0  0 ]  [ 0  0  0  0  0  0  0  0  0  0 ]  [ 0  0  0  0  0  0  0  0  0  0 ]  [ 0  0  0  0  0  0  0  0  0  0 ]  [ 0  0  0  0  0  0  0  0  0  0 ]  [ 0  0  0  0  0  0  0  0  0  0 ]  [ 0  0  0  0  0  0  0  0  0  0 ]  [ 0  0  0  0  0  0  0  0  0  0 ]  [ 0  0  0  0  0  0  0  0  0  0 ]  [ 0  0  0  0  0  0  0  0  0  0 ]  [ 0  0  0  0  0  0  0  0  0  0 ]  [ 0  0  0  0  0  0  0  0  0  0 ]  [ 0  0  0  0  0  0  0  0  0  0 ]  [ 0  0  0  0  0  0  0  0  0  0 ]  [ 0  0  0  0  0  0  0  0  0  0 ]  [ 0  0  0  0  0  0  0  0  0  0 ]  [ 0  0  0  0  0  0  0  0  0  0 ]  [ 0  0  0  0  0  0  0  0  0  0 ]  [ 0  0  0  0  0  0  0  0  0  0 ]  [ 0  0  0  0  0  0  0  0  0  0 ]  [ 0  0  0  0  0  0  0  0  0  0 ]  [ 0  0  0  0  0  0  0  0  0  0 ]  [ 0  0  0  0  0  0  0  0  0  0 ]  [ 0  0  0  0  0  0  0  0  0  0 ]  [ 0  0  0  0  0  0  0  0  0  0 ]  [ 0  0  0  0  0  0  0  0  0  0 ]  [ 0  0  0  0  0  0  0  0  0  0 ]  [ 0  0  0  0  0  0  0  0  0  0 ]  [ 0  0  0  0  0  0  0  0  0  0 ]  [ 0  0  0  0  0  0  0  0  0  0 ]  [ 0  0  0  0  0  0  0  0  0  0 ]  [ 0  0  0  0  0  0  0  0  0  0 ]  [ 0  0  0  0  0  0  0  0  0  0 ]  [ 0  0  0  0  0  0  0  0  0  0 ]  [ 0  0  0  0  0  0  0  0  0  0 ]  [ 0  0  0  0  0  0  0  0  0  0 ]  [ 0  0  0  0  0  0  0  0  0  0 ]  [ 0  0  0  0  0  0  0  0  0  0 ]  [ 0  0  0  0  0  0  0  0  0  0 ]  [ 0  0  0  0  0  0  0  0  0  0 ]  [ 0  0  0  0  0  0  0  0  0  0 ]  [ 0  0  0  0  0  0  0  0  0  0 ]  [ 0  0  0  0  0  0  0  0  0  0 ]  [ 0  0  0  0  0  0  0  0  0  0 ]  [ 0  0  0  0  0  0  0  0  0  0 ]  [ 0  0  0  0  0  0  0  0  0  0 ]  [ 0  0  0  0  0  0  0  0  0  0 ]  [ 0  0  0  0  0  0  0  0  0  0 ]  [ 0  0  0  0  0  0  0  0  0  0 ]  [ 0  0  0  0  0  0  0  0  0  0 ]  [ 0  0  0  0  0  0  0  0  0  0 ]  [ 0  0  0  0  0  0  0  0  0  0 ]  [ 0  0  0  0  0  0  0  0  0  0 ]  [ 0  0  0  0  0  0  0  0  0  0 ]  [ 0  0  0  0  0  0  0  0  0  0 ]  [ 0  0  0  0  0  0  0  0  0  0 ]  [ 0  0  0  0  0  0  0  0  0  0 ]  [ 0  0  0  0  0  0  0  0  0  0 ]  [ 0  0  0  0  0  0  0  0  0  0 ]  [ 0  0  0  0  0  0  0  0  0  0 ]  [ 0  0  0  0  0  0  0  0  0  0 ]  [ 0  0  0  0  0  0  0  0  0  0 ]  [ 0  0  0  0  0  0  0  0  0  0 ]  [ 0  0  0  0  0  0  0  0  0  0 ]  [ 0  0  0  0  0  0  0  0  0  0 ]  [ 0  0  0  0  0  0  0  0  0  0 ]  [ 0  0  0  0  0  0  0  0  0  0 ]  [ 0  0  0  0  0  0  0  0  0  0 ]  [ 0  0  0  0  0  0  0  0  0  0 ]  [ 0  0  0  0  0  0  0  0  0  0 ]  [ 0  0  0  0  0  0  0  0  0  0 ]  [ 0  0  0  0  0  0  0  0  0  0 ]  [ 0  0  0  0  0  0  0  0  0  0 ]  [ 0  0  0  0  0  0  0  0  0  0 ]  [ 0  0  0  0  0  0  0  0  0  0 ]  [ 0  0  0  0  0  0  0  0  0  0 ]  [ 0  0  0  0  0  0  0  0  0  0 ]  [ 0  0  0  0  0  0  0  0  0  0 ]  [ 0  0  0  0  0  0  0  0  0  0 ]  [ 0  0  0  0  0  0  0  0  0  0 ]  [ 0  0  0  0  0  0  0  0  0  0 ]  [ 0  0  0  0  0  0  0  0  0  0 ]  [ 0  0  0  0  0  0  0  0  0  0 ]  [ 0  0  0  0  0  0  0  0  0  0 ]  [ 0  0  0  0  0  0  0  0  0  0 ]  [ 0  0  0  0  0  0  0  0  0  0 ]  [ 0  0  0  0  0  0  0  0  0  0 ]  [ 0  0  0  0  0  0  0  0  0  0 ]  [ 0  0  0  0  0  0  0  0  0  0 ]  [ 0  0  0  0  0  0  0  0  0  0 ]  [ 0  0  0  0  0  0  0  0  0  0 ]  [ 0  0  0  0  0  0  0  0  0  0 ]  [ 0  0  0  0  0  0  0  0  0  0 ]  [ 0  0  0  0  0  0  0  0  0  0 ]  [ 0  0  0  0  0  0  0  0  0  0 ]  [ 0  0  0  0  0  0  0  0  0  0 ]  [ 0  0  0  0  0  0  0  0  0  0 ]  [ 0  0  0  0  0  0  0  0  0  0 ]  [ 0  0  0  0  0  0  0  0  0  0 ]  [ 0  0  0  0  0  0  0  0  0  0 ]  [ 0  0  0  0  0  0  0  0  0  0 ]  [ 0  0  0  0  0  0  0  0  0  0 ]  [ 0  0  0  0  0  0  0  0  0  0 ]  [ 0  0  0  0  0  0  0  0  0  0 ]  [ 0  0  0  0  0  0  0  0  0  0 ]  [ 0  0  0  0  0  0  0  0  0  0 ]  [ 0  0  0  0  0  0  0  0  0  0 ]  [ 0  0  0  0  0  0  0  0  0  0 ]  [ 0  0  0  0  0  0  0  0  0  0 ]  [ 0  0  0  0  0  0  0  0  0  0 ]  [ 0  0  0  0  0  0  0  0  0  0 ]  [ 0  0  0  0  0  0  0  0  0  0 ]  [ 0  0  0  0  0  0  0  0  0  0 ]  [ 0  0  0  0  0  0  0  0  0  0 ]  [ 0  0  0  0  0  0  0  0  0  0 ]  [ 0  0  0  0  0  0  0  0  0  0 ]  [ 0  0  0  0  0  0  0  0  0  0 ]  [ 0  0  0  0  0  0  0  0  0  0 ]  [ 0  0  0  0  0  0  0  0  0  0 ]  [ 0  0  0  0  0  0  0  0  0  0 ]  [ 0  0  0  0  0  0  0  0  0  0 ]  [ 0  0  0  0  0  0  0  0  0  0 ]  [ 0  0  0  0  0  0  0  0  0  0 ]  [ 0  0  0  0  0  0  0  0  0  0 ]  [ 0  0  0  0  0  0  0  0  0  0 ]  [ 0  0  0  0  0  0  0  0  0  0 ]  [ 0  0  0  0  0  0  0  0  0  0 ]  [ 0  0  0  0  0  0  0  0  0  0 ]  [ 0  0  0  0  0  0  0  0  0  0 ]  [ 0  0  0  0  0  0  0  0  0  0 ]  [ 0  0  0  0  0  0  0  0  0  0 ]  [ 0  0  0  0  0  0  0  0  0  0 ]  [ 0  0  0  0  0  0  0  0  0  0 ]  [ 0  0  0  0  0  0  0  0  0  0 ]  [ 0  0  0  0  0  0  0  0  0  0 ]  [ 0  0  0  0  0  0  0  0  0  0 ]  [ 0  0  0  0  0  0  0  0  0  0 ]  [ 0  0  0  0  0  0  0  0  0  0 ]  [ 0  0  0  0  0  0  0  0  0  0 ]  [ 0  0  0  0  0  0  0  0  0  0 ]  [ 0  0  0  0  0  0  0  0  0  0 ]  [ 0  0  0  0  0  0  0  0  0  0 ]  [ 0  0  0  0  0  0  0  0  0  0 ]  [ 0  0  0  0  0  0  0  0  0  0 ]  [ 0  0  0  0  0  0  0  0  0  0 ]  [ 0  0  0  0  0  0  0  0  0  0 ]  [ 0  0  0  0  0  0  0  0  0  0 ]  [ 0  0  0  0  0  0  0  0  0  0 ]  [ 0  0  0  0  0  0  0  0  0  0 ]  [ 0  0  0  0  0  0  0  0  0  0 ]  [ 0  0  0  0  0  0  0  0  0  0 ]  [ 0  0  0  0  0  0  0  0  0  0 ]  [ 0  0  0  0  0  0  0  0  0  0 ]  [ 0  0  0  0  0  0  0  0  0  0 ]  [ 0  0  0  0  0  0  0  0  0  0 ]  [ 0  0  0  0  0  0  0  0  0  0 ]  [ 0  0  0  0  0  0  0  0  0  0 ]  [ 0  0  0  0  0  0  0  0  0  0 ]  [ 0  0  0  0  0  0  0  0  0  0 ]  [ 0  0  0  0  0  0  0  0  0  0 ]  [ 0  0  0  0  0  0  0  0  0  0 ]  [ 0  0  0  0  0  0  0  0  0  0 ]  [ 0  0  0  0  0  0  0  0  0  0 ]  [ 0  0  0  0  0  0  0  0  0  0 ]  [ 0  0  0  0  0  0  0  0  0  0 ]  [ 0  0  0  0  0  0  0  0  0  0 ]  [ 0  0  0  0  0  0  0  0  0  0 ]  [ 0  0  0  0  0  0  0  0  0  0 ]  [ 0  0  0  0  0  0  0  0  0  0 ]  [ 0  0  0  0  0  0  0  0  0  0 ]  [ 0  0  0  0  0  0  0  0  0  0 ]  [ 0  0  0  0  0  0  0  0  0  0 ]  [ 0  0  0  0  0  0  0  0  0  0 ]  [ 0  0  0  0  0  0  0  0  0  0 ]  [ 0  0  0  0  0  0  0  0  0  0 ]  [ 0  0  0  0  0  0  0  0  0  0 ]  [ 0  0  0  0  0  0  0  0  0  0 ]  [ 0  0  0  0  0  0  0  0  0  0 ]  [ 0  0  0  0  0  0  0  0  0  0 ]  [ 0  0  0  0  0  0  0  0  0  0 ]  [ 0  0  0  0  0  0  0  0  0  0 ]  [ 0  0  0  0  0  0  0  0  0  0 ]  [ 0  0  0  0  0  0  0  0  0  0 ]  [ 0  0  0  0  0  0  0  0  0  0 ]  [ 0  0  0  0  0  0  0  0  0  0 ]  [ 0  0  0  0  0  0  0  0  0  0 ]  [ 0  0  0  0  0  0  0  0  0  0 ]  [ 0  0  0  0  0  0  0  0  0  0 ]  [ 0  0  0  0  0  0  0  0  0  0 ]  [ 0  0  0  0  0  0  0  0  0  0 ]  [ 0  0  0  0  0  0  0  0  0  0 ]  [ 0  0  0  0  0  0  0  0  0  0 ]  [ 0  0  0  0  0  0  0  0  0  0 ]  [ 0  0  0  0  0  0  0  0  0  0 ]  [ 0  0  0  0  0  0  0  0  0  0 ]  [ 0  0  0  0  0  0  0  0  0  0 ]  [ 0  0  0  0  0  0  0  0  0  0 ]  [ 0  0  0  0  0  0  0  0  0  0 ]  [ 0  0  0  0  0  0  0  0  0  0 ]  [ 0  0  0  0  0  0  0  0  0  0 ]  [ 0  0  0  0  0  0  0  0  0  0 ]  [ 0  0  0  0  0  0  0  0  0  0 ]  [ 0  0  0  0  0  0  0  0  0  0 ]  [ 0  0  0  0  0  0  0  0  0  0 ]  [ 0  0  0  0  0  0  0  0  0  0 ]  [ 0  0  0  0  0  0  0  0  0  0 ]  [ 0  0  0  0  0  0  0  0  0  0 ]  [ 0  0  0  0  0  0  0  0  0  0 ]  [ 0  0  0  0  0  0  0  0  0  0 ]  [ 0  0  0  0  0  0  0  0  0  0 ]  [ 0  0  0  0  0  0  0  0  0  0 ]  [ 0  0  0  0  0  0  0  0  0  0 ]  [ 0  0  0  0  0  0  0  0  0  0 ]  [ 0  0  0  0  0  0  0  0  0  0 ]  [ 0  0  0  0  0  0  0  0  0  0 ]  [ 0  0  0  0  0  0  0  0  0  0 ]  [ 0  0  0  0  0  0  0  0  0  0 ]  [ 0  0  0  0  0  0  0  0  0  0 ]  [ 0  0  0  0  0  0  0  0  0  0 ]  [ 0  0  0  0  0  0  0  0  0  0 ]  [ 0  0  0  0  0  0  0  0  0  0 ]  [ 0  0  0  0  0  0  0  0  0  0 ]  [ 0  0  0  0  0  0  0  0  0  0 ]  [ 0  0  0  0  0  0  0  0  0  0 ]  [ 0  0  0  0  0  0  0  0  0  0 ]  [ 0  0  0  0  0  0  0  0  0  0 ]  [ 0  0  0  0  0  0  0  0  0  0 ]  [ 0  0  0  0  0  0  0  0  0  0 ]  [ 0  0  0  0  0  0  0  0  0  0 ]  [ 0  0  0  0  0  0  0  0  0  0 ]  [ 0  0  0  0  0  0  0  0  0  0 ]  [ 0  0  0  0  0  0  0  0  0  0 ]  [ 0  0  0  0  0  0  0  0  0  0 ]  [ 0  0  0  0  0  0  0  0  0  0 ]  [ 0  0  0  0  0  0  0  0  0  0 ]  [ 0  0  0  0  0  0  0  0  0  0 ]  [ 0  0  0  0  0  0  0  0  0  0 ]  [ 0  0  0  0  0  0  0  0  0  0 ]  [ 0  0  0  0  0  0  0  0  0  0 ]  [ 0  0  0  0  0  0  0  0  0  0 ]  [ 0  0  0  0  0  0  0  0  0  0 ]  [ 0  0  0  0  0  0  0  0  0  0 ]  [ 0  0  0  0  0  0  0  0  0  0 ]  [ 0  0  0  0  0  0  0  0  0  0 ]  [ 0  0  0  0  0  0  0  0  0  0 ]  [ 0  0  0  0  0  0  0  0  0  0 ]  [ 0  0  0  0  0  0  0  0  0  0 ]  [ 0  0  0  0  0  0  0  0  0  0 ]  [ 0  0  0  0  0  0  0  0  0  0 ]  [ 0  0  0  0  0  0  0  0  0  0 ]  [ 0  0  0  0  0  0  0  0  0  0 ]  [ 0  0  0  0  0  0  0  0  0  0 ]  [ 0  0  0  0  0  0  0  0  0  0 ]  [ 0  0  0  0  0  0  0  0  0  0 ]  [ 0  0  0  0  0  0  0  0  0  0 ]  [ 0  0  0  0  0  0  0  0  0  0 ]  [ 0  0  0  0  0  0  0  0  0  0 ]  [ 0  0  0  0  0  0  0  0  0  0 ]  [ 0  0  0  0  0  0  0  0  0  0 ]  [ 0  0  0  0  0  0  0  0  0  0 ]  [ 0  0  0  0  0  0  0  0  0  0 ]  [ 0  0  0  0  0  0  0  0  0  0 ]  [ 0  0  0  0  0  0  0  0  0  0 ]  [ 0  0  0  0  0  0  0  0  0  0 ]  [ 0  0  0  0  0  0  0  0  0  0 ]  [ 0  0  0  0  0  0  0  0  0  0 ]  [ 0  0  0  0  0  0  0  0  0  0 ]  [ 0  0  0  0  0  0  0  0  0  0 ]  [ 0  0  0  0  0  0  0  0  0  0 ]  [ 0  0  0  0  0  0  0  0  0  0 ]  [ 0  0  0  0  0  0  0  0  0  0 ]  [ 0  0  0  0  0  0  0  0  0  0 ]  [ 0  0  0  0  0  0  0  0  0  0 ]  [ 0  0  0  0  0  0  0  0  0  0 ]  [ 0  0  0  0  0  0  0  0  0  0 ]  [ 0  0  0  0  0  0  0  0  0  0 ]  [ 0  0  0  0  0  0  0  0  0  0 ]  [ 0  0  0  0  0  0  0  0  0  0 ]  [ 0  0  0  0  0  0  0  0  0  0 ]  [ 0  0  0  0  0  0  0  0  0  0 ]  [ 0  0  0  0  0  0  0  0  0  0 ]  [ 0  0  0  0  0  0  0  0  0  0 ]  [ 0  0  0  0  0  0  0  0  0  0 ]  [ 0  0  0  0  0  0  0  0  0  0 ]  [ 0  0  0  0  0  0  0  0  0  0 ]  [ 0  0  0  0  0  0  0  0  0  0 ]  [ 0  0  0  0  0  0  0  0  0  0 ]  [ 0  0  0  0  0  0  0  0  0  0 ]  [ 0  0  0  0  0  0  0  0  0  0 ]  [ 0  0  0  0  0  0  0  0  0  0 ]  [ 0  0  0  0  0  0  0  0  0  0 ]  [ 0  0  0  0  0  0  0  0  0  0 ]  [ 0  0  0  0  0  0  0  0  0  0 ]  [ 0  0  0  0  0  0  0  0  0  0 ]  [ 0  0  0  0  0  0  0  0  0  0 ]  [ 0  0  0  0  0  0  0  0  0  0 ]  [ 0  0  0  0  0  0  0  0  0  0 ]  [ 0  0  0  0  0  0  0  0  0  0 ]  [ 0  0  0  0  0  0  0  0  0  0 ]  [ 0  0  0  0  0  0  0  0  0  0 ]  [ 0  0  0  0  0  0  0  0  0  0 ]  [ 0  0  0  0  0  0  0  0  0  0 ]  [ 0  0  0  0  0  0  0  0  0  0 ]  [ 0  0  0  0  0  0  0  0  0  0 ]  [ 0  0  0  0  0  0  0  0  0  0 ]  [ 0  0  0  0  0  0  0  0  0  0 ]  [ 0  0  0  0  0  0  0  0  0  0 ]  [ 0  0  0  0  0  0  0  0  0  0 ]  [ 0  0  0  0  0  0  0  0  0  0 ]  [ 0  0  0  0  0  0  0  0  0  0 ]  [ 0  0  0  0  0  0  0  0  0  0 ]  [ 0  0  0  0  0  0  0  0  0  0 ]  [ 0  0  0  0  0  0  0  0  0  0 ]  [ 0  0  0  0  0  0  0  0  0  0 ]  [ 0  0  0  0  0  0  0  0  0  0 ]  [ 0  0  0  0  0  0  0  0  0  0 ]  [ 0  0  0  0  0  0  0  0  0  0 ]  [ 0  0  0  0  0  0  0  0  0  0 ]  [ 0  0  0  0  0  0  0  0  0  0 ]  [ 0  0  0  0  0  0  0  0  0  0 ]  [ 0  0  0  0  0  0  0  0  0  0 ]  [ 0  0  0  0  0  0  0  0  0  0 ]  [ 0  0  0  0  0  0  0  0  0  0 ]  [ 0  0  0  0  0  0  0  0  0  0 ]  [ 0  0  0  0  0  0  0  0  0  0 ]  [ 0  0  0  0  0  0  0  0  0  0 ]  [ 0  0  0  0  0  0  0  0  0  0 ]  [ 0  0  0  0  0  0  0  0  0  0 ]  [ 0  0  0  0  0  0  0  0  0  0 ]  [ 0  0  0  0  0  0  0  0  0  0 ]  [ 0  0  0  0  0  0  0  0  0  0 ]  [ 0  0  0  0  0  0  0  0  0  0 ]  [ 0  0  0  0  0  0  0  0  0  0 ]  [ 0  0  0  0  0  0  0  0  0  0 ]  [ 0  0  0  0  0  0  0  0  0  0 ]  [ 0  0  0  0  0  0  0  0  0  0 ]  [ 0  0  0  0  0  0  0  0  0  0 ]  [ 0  0  0  0  0  0  0  0  0  0 ]  [ 0  0  0  0  0  0  0  0  0  0 ]  [ 0  0  0  0  0  0  0  0  0  0 ]  [ 0  0  0  0  0  0  0  0  0  0 ]  [ 0  0  0  0  0  0  0  0  0  0 ]  [ 0  0  0  0  0  0  0  0  0  0 ]  [ 0  0  0  0  0  0  0  0  0  0 ]  [ 0  0  0  0  0  0  0  0  0  0 ]  [ 0  0  0  0  0  0  0  0  0  0 ]  [ 0  0  0  0  0  0  0  0  0  0 ]  [ 0  0  0  0  0  0  0  0  0  0 ]  [ 0  0  0  0  0  0  0  0  0  0 ]  [ 0  0  0  0  0  0  0  0  0  0 ]  [ 0  0  0  0  0  0  0  0  0  0 ]  [ 0  0  0  0  0  0  0  0  0  0 ]  [ 0  0  0  0  0  0  0  0  0  0 ]  [ 0  0  0  0  0  0  0  0  0  0 ]  [ 0  0  0  0  0  0  0  0  0  0 ]  [ 0  0  0  0  0  0  0  0  0  0 ]  [ 0  0  0  0  0  0  0  0  0  0 ]  [ 0  0  0  0  0  0  0  0  0  0 ]  [ 0  0  0  0  0  0  0  0  0  0 ]  [ 0  0  0  0  0  0  0  0  0  0 ]  [ 0  0  0  0  0  0  0  0  0  0 ]  [ 0  0  0  0  0  0  0  0  0  0 ]  [ 0  0  0  0  0  0  0  0  0  0 ]  [ 0  0  0  0  0  0  0  0  0  0 ]  [ 0  0  0  0  0  0  0  0  0  0 ]  [ 0  0  0  0  0  0  0  0  0  0 ]  [ 0  0  0  0  0  0  0  0  0  0 ]  [ 0  0  0  0  0  0  0  0  0  0 ]  [ 0  0  0  0  0  0  0  0  0  0 ]  [ 0  0  0  0  0  0  0  0  0  0 ]  [ 0  0  0  0  0  0  0  0  0  0 ]  [ 0  0  0  0  0  0  0  0  0  0 ]  [ 0  0  0  0  0  0  0  0  0  0 ]  [ 0  0  0  0  0  0  0  0  0  0 ]  [ 0  0  0  0  0  0  0  0  0  0 ]  [ 0  0  0  0  0  0  0  0  0  0 ]  [ 0  0  0  0  0  0  0  0  0  0 ]  [ 0  0  0  0  0  0  0  0  0  0 ]  [ 0  0  0  0  0  0  0  0  0  0 ]  [ 0  0  0  0  0  0  0  0  0  0 ]  [ 0  0  0  0  0  0  0  0  0  0 ]  [ 0  0  0  0  0  0  0  0  0  0 ]  [ 0  0  0  0  0  0  0  0  0  0 ]  [ 0  0  0  0  0  0  0  0  0  0 ]  [ 0  0  0  0  0  0  0  0  0  0 ]  [ 0  0  0  0  0  0  0  0  0  0 ]  [ 0  0  0  0  0  0  0  0  0  0 ]  [ 0  0  0  0  0  0  0  0  0  0 ]  [ 0  0  0  0  0  0  0  0  0  0 ]  [ 0  0  0  0  0  0  0  0  0  0 ]  [ 0  0  0  0  0  0  0  0  0  0 ]  [ 0  0  0  0  0  0  0  0  0  0 ]  [ 0  0  0  0  0  0  0  0  0  0 ]  [ 0  0  0  0  0  0  0  0  0  0 ]  [ 0  0  0  0  0  0  0  0  0  0 ]  [ 0  0  0  0  0  0  0  0  0  0 ]  [ 0  0  0  0  0  0  0  0  0  0 ]  [ 0  0  0  0  0  0  0  0  0  0 ] ];

ObjRequests = {  <1,4,124>, <2,4,109>, <3,4,189>, <4,4,157>, <5,4,19>, <6,4,119>, <7,4,12>, <8,4,39>, <9,4,24>, <10,4,76>, <11,4,57>, <12,4,66>, <13,4,50>, <14,4,77>, <15,4,2>, <16,4,46>, <17,4,5>, <18,4,8>, <19,4,13>, <20,4,5>, <21,4,15>, <22,4,15>, <23,4,3>, <24,4,48>, <25,4,5>, <26,4,5>, <27,4,3>, <28,4,9>, <29,4,6>, <30,4,8>, <31,4,1>, <32,4,27>, <33,4,3>, <34,4,3>, <35,4,1>, <36,4,16>, <37,4,10>, <38,4,3>, <39,4,8>, <41,4,1>, <42,4,16>, <43,4,6>, <44,4,27>, <45,4,10>, <46,4,4>, <47,4,7>, <48,4,15>, <49,4,3>, <50,4,3>, <51,4,4>, <52,4,1>, <53,4,10>, <54,4,2>, <55,4,1>, <56,4,3>, <57,4,2>, <58,4,3>, <59,4,9>, <60,4,8>, <61,4,5>, <62,4,8>, <63,4,2>, <64,4,11>, <65,4,2>, <66,4,2>, <67,4,3>, <68,4,7>, <69,4,1>, <70,4,4>, <71,4,13>, <72,4,8>, <73,4,1>, <74,4,5>, <75,4,13>, <76,4,5>, <77,4,5>, <78,4,6>, <79,4,5>, <80,4,3>, <81,4,2>, <82,4,3>, <83,4,1>, <84,4,7>, <86,4,6>, <87,4,6>, <88,4,1>, <89,4,1>, <90,4,1>, <91,4,6>, <92,4,9>, <93,4,7>, <94,4,1>, <95,4,7>, <96,4,4>, <97,4,3>, <98,4,2>, <99,4,5>, <100,4,1>, <102,4,2>, <105,4,2>, <106,4,3>, <107,4,2>, <108,4,4>, <110,4,3>, <111,4,3>, <112,4,2>, <115,4,7>, <116,4,11>, <117,4,2>, <118,4,3>, <120,4,7>, <121,4,3>, <123,4,4>, <125,4,3>, <126,4,2>, <127,4,2>, <128,4,2>, <129,4,1>, <130,4,1>, <131,4,1>, <132,4,2>, <133,4,9>, <134,4,4>, <135,4,4>, <136,4,1>, <139,4,1>, <140,4,4>, <142,4,3>, <143,4,1>, <144,4,3>, <146,4,1>, <148,4,5>, <151,4,5>, <152,4,2>, <153,4,6>, <154,4,1>, <155,4,2>, <156,4,7>, <157,4,1>, <158,4,1>, <159,4,1>, <160,4,2>, <161,4,4>, <164,4,6>, <165,4,2>, <166,4,4>, <168,4,5>, <169,4,2>, <170,4,2>, <172,4,1>, <173,4,2>, <177,4,2>, <178,4,2>, <179,4,2>, <180,4,1>, <181,4,5>, <182,4,1>, <183,4,3>, <184,4,3>, <185,4,1>, <186,4,1>, <187,4,1>, <189,4,2>, <190,4,2>, <191,4,2>, <192,4,1>, <193,4,2>, <196,4,3>, <197,4,2>, <198,4,3>, <199,4,2>, <200,4,5>, <201,4,4>, <202,4,4>, <203,4,1>, <204,4,1>, <206,4,11>, <209,4,2>, <210,4,1>, <211,4,3>, <212,4,1>, <213,4,2>, <215,4,1>, <216,4,1>, <217,4,1>, <218,4,1>, <220,4,1>, <221,4,8>, <223,4,1>, <226,4,2>, <228,4,3>, <229,4,9>, <230,4,1>, <234,4,1>, <235,4,1>, <236,4,3>, <237,4,1>, <238,4,1>, <239,4,1>, <240,4,2>, <242,4,1>, <244,4,1>, <247,4,1>, <248,4,1>, <249,4,2>, <250,4,2>, <251,4,1>, <252,4,1>, <253,4,2>, <254,4,1>, <259,4,1>, <260,4,1>, <263,4,1>, <264,4,3>, <266,4,1>, <270,4,1>, <271,4,1>, <272,4,1>, <273,4,1>, <274,4,1>, <276,4,1>, <278,4,2>, <279,4,1>, <280,4,2>, <281,4,4>, <283,4,2>, <284,4,1>, <286,4,1>, <287,4,1>, <288,4,2>, <289,4,3>, <290,4,1>, <295,4,1>, <296,4,3>, <297,4,1>, <299,4,1>, <300,4,1>, <301,4,4>, <302,4,1>, <305,4,1>, <306,4,1>, <308,4,3>, <309,4,1>, <310,4,2>, <312,4,1>, <313,4,1>, <315,4,1>, <316,4,2>, <318,4,1>, <319,4,1>, <321,4,1>, <322,4,1>, <323,4,3>, <324,4,1>, <325,4,1>, <327,4,1>, <328,4,1>, <329,4,2>, <330,4,1>, <332,4,1>, <333,4,1>, <334,4,2>, <335,4,1>, <336,4,1>, <337,4,4>, <339,4,1>, <340,4,1>, <341,4,1>, <344,4,1>, <345,4,1>, <346,4,1>, <347,4,3>, <348,4,1>, <349,4,4>, <350,4,1>, <356,4,1>, <357,4,2>, <360,4,1>, <362,4,1>, <363,4,2>, <364,4,1>, <365,4,1>, <366,4,2>, <367,4,1>, <369,4,1>, <370,4,1>, <373,4,1>, <374,4,1>, <375,4,1>, <377,4,3>, <378,4,1>, <379,4,3>, <381,4,1>, <382,4,1>, <386,4,1>, <387,4,1>, <388,4,1>, <389,4,1>, <391,4,2>, <393,4,1>, <394,4,1>, <398,4,1>, <400,4,1>, <402,4,1>, <403,4,3>, <405,4,1>, <406,4,1>, <409,4,1>, <414,4,1>, <415,4,1>, <417,4,1>, <420,4,1>, <421,4,1>, <423,4,1>, <427,4,1>, <428,4,1>, <430,4,1>, <431,4,1>, <432,4,2>, <433,4,1>, <434,4,1>, <435,4,1>, <442,4,1>, <443,4,1>, <444,4,1>, <445,4,1>, <447,4,1>, <448,4,3>, <449,4,1>, <451,4,2>, <454,4,1>, <455,4,1>, <457,4,2>, <458,4,2>, <460,4,1>, <461,4,2>, <462,4,2>, <464,4,1>, <466,4,1>, <467,4,1>, <469,4,1>, <471,4,1>, <472,4,1>, <473,4,1>, <475,4,1>, <476,4,2>, <477,4,1>, <478,4,1>, <482,4,1>, <483,4,1>, <484,4,1>, <485,4,2>, <487,4,1>, <491,4,1>, <495,4,1>, <498,4,1>, <504,4,1>, <506,4,1>, <507,4,1>, <508,4,1>, <510,4,1>, <511,4,1>, <513,4,1>, <515,4,1>, <517,4,1>, <519,4,1>, <522,4,1>, <525,4,1>, <527,4,2>, <529,4,1>, <530,4,1>, <532,4,3>, <533,4,2>, <535,4,1>, <536,4,1>, <540,4,2>, <545,4,1>, <547,4,1>, <553,4,1>, <554,4,1>, <558,4,1>, <559,4,1>, <564,4,1>, <565,4,2>, <566,4,2>, <571,4,1>, <574,4,1>, <579,4,2>, <583,4,1>, <586,4,1>, <588,4,5>, <589,4,1>, <591,4,1>, <599,4,1>, <600,4,1>, <603,4,1>, <605,4,1>, <607,4,1>, <609,4,1>, <611,4,2>, <614,4,1>, <615,4,1>, <619,4,2>, <621,4,1>, <626,4,1>, <632,4,2>, <635,4,3>, <639,4,1>, <641,4,1>, <645,4,1>, <649,4,1>, <651,4,1>, <654,4,1>, <656,4,1>, <659,4,1>, <662,4,1>, <664,4,2>, <665,4,1>, <677,4,1>, <680,4,3>, <682,4,1>, <685,4,2>, <686,4,1>, <687,4,1>, <689,4,1>, <692,4,1>, <695,4,1>, <698,4,1>, <701,4,1>, <702,4,1>, <706,4,1>, <708,4,1>, <710,4,1>, <712,4,1>, <715,4,1>, <716,4,1>, <721,4,1>, <724,4,1>, <725,4,1>, <727,4,1>, <733,4,1>, <736,4,1>, <738,4,1>, <739,4,1>, <746,4,2>, <747,4,1>, <754,4,2>, <756,4,5>, <760,4,1>, <762,4,1>, <765,4,1>, <768,4,2>, <769,4,1>, <780,4,1>, <790,4,1>, <793,4,1>, <794,4,1>, <797,4,1>, <800,4,2>, <801,4,2>, <803,4,1>, <805,4,1>, <806,4,1>, <807,4,1>, <814,4,1>, <816,4,1>, <824,4,1>, <830,4,1>, <831,4,1>, <832,4,1>, <835,4,1>, <845,4,1>, <852,4,1>, <862,4,1>, <873,4,1>, <875,4,2>, <884,4,1>, <885,4,1>, <887,4,2>, <891,4,1>, <894,4,1>, <896,4,1>, <903,4,1>, <904,4,1>, <906,4,1>, <911,4,1>, <919,4,1>, <920,4,1>, <922,4,1>, <924,4,1>, <931,4,1>, <933,4,1>, <935,4,1>, <938,4,1>, <939,4,1>, <944,4,1>, <949,4,1>, <958,4,1>, <960,4,1>, <965,4,2>, <974,4,1>, <980,4,1>, <985,4,1>, <995,4,1>, <999,4,1>, <1,6,592>, <2,6,115>, <3,6,21>, <4,6,81>, <5,6,264>, <6,6,6>, <7,6,13>, <8,6,23>, <9,6,19>, <10,6,14>, <11,6,22>, <12,6,9>, <13,6,96>, <14,6,10>, <15,6,2>, <16,6,4>, <17,6,36>, <18,6,17>, <19,6,13>, <20,6,11>, <21,6,11>, <22,6,5>, <23,6,29>, <24,6,12>, <25,6,44>, <26,6,4>, <27,6,21>, <28,6,7>, <29,6,1>, <30,6,21>, <31,6,21>, <32,6,2>, <33,6,4>, <34,6,2>, <35,6,3>, <36,6,2>, <37,6,2>, <38,6,17>, <39,6,18>, <40,6,1>, <41,6,10>, <42,6,2>, <43,6,5>, <44,6,1>, <45,6,1>, <46,6,5>, <47,6,3>, <48,6,8>, <49,6,5>, <50,6,5>, <52,6,15>, <53,6,3>, <54,6,11>, <55,6,6>, <56,6,4>, <57,6,1>, <58,6,2>, <59,6,16>, <60,6,3>, <61,6,23>, <62,6,2>, <63,6,1>, <64,6,5>, <65,6,2>, <66,6,7>, <69,6,7>, <70,6,4>, <71,6,1>, <72,6,3>, <73,6,1>, <74,6,1>, <75,6,9>, <76,6,13>, <77,6,1>, <78,6,4>, <79,6,8>, <80,6,11>, <81,6,4>, <83,6,9>, <84,6,2>, <87,6,5>, <88,6,7>, <90,6,1>, <91,6,7>, <92,6,1>, <93,6,1>, <94,6,1>, <95,6,3>, <96,6,1>, <97,6,2>, <99,6,4>, <102,6,6>, <103,6,1>, <104,6,1>, <105,6,1>, <107,6,2>, <109,6,1>, <110,6,4>, <111,6,2>, <112,6,4>, <113,6,1>, <114,6,5>, <115,6,1>, <118,6,2>, <119,6,6>, <120,6,4>, <121,6,5>, <122,6,2>, <123,6,4>, <124,6,3>, <126,6,8>, <127,6,10>, <128,6,1>, <129,6,2>, <130,6,4>, <131,6,3>, <132,6,8>, <133,6,4>, <134,6,1>, <135,6,1>, <136,6,3>, <137,6,2>, <139,6,7>, <140,6,3>, <141,6,6>, <143,6,3>, <144,6,5>, <147,6,1>, <148,6,6>, <149,6,3>, <150,6,2>, <151,6,3>, <152,6,5>, <153,6,6>, <154,6,3>, <156,6,1>, <157,6,1>, <158,6,2>, <159,6,2>, <160,6,4>, <161,6,3>, <162,6,4>, <163,6,6>, <165,6,2>, <167,6,3>, <169,6,4>, <171,6,2>, <172,6,3>, <173,6,2>, <174,6,3>, <175,6,1>, <176,6,2>, <179,6,1>, <180,6,1>, <182,6,4>, <184,6,5>, <185,6,1>, <186,6,2>, <187,6,1>, <189,6,3>, <190,6,4>, <191,6,7>, <192,6,4>, <193,6,2>, <194,6,3>, <195,6,1>, <196,6,1>, <197,6,1>, <199,6,2>, <200,6,1>, <201,6,1>, <202,6,4>, <203,6,1>, <204,6,1>, <205,6,1>, <207,6,2>, <209,6,4>, <210,6,4>, <211,6,1>, <212,6,5>, <214,6,3>, <215,6,1>, <216,6,4>, <219,6,1>, <220,6,3>, <221,6,2>, <222,6,6>, <225,6,1>, <226,6,1>, <227,6,1>, <228,6,5>, <229,6,2>, <230,6,5>, <231,6,6>, <232,6,3>, <233,6,2>, <234,6,3>, <235,6,2>, <237,6,3>, <239,6,6>, <240,6,1>, <242,6,1>, <243,6,3>, <244,6,1>, <245,6,1>, <246,6,1>, <247,6,2>, <248,6,1>, <249,6,1>, <250,6,1>, <253,6,2>, <256,6,3>, <258,6,2>, <259,6,1>, <261,6,3>, <262,6,1>, <264,6,1>, <265,6,1>, <266,6,2>, <267,6,2>, <268,6,5>, <269,6,2>, <270,6,1>, <273,6,1>, <275,6,3>, <276,6,3>, <281,6,1>, <282,6,1>, <283,6,3>, <285,6,2>, <286,6,1>, <288,6,1>, <289,6,1>, <290,6,1>, <291,6,4>, <292,6,2>, <293,6,1>, <294,6,1>, <295,6,1>, <296,6,2>, <297,6,1>, <300,6,1>, <302,6,1>, <303,6,3>, <304,6,1>, <305,6,1>, <306,6,2>, <308,6,1>, <309,6,1>, <311,6,2>, <313,6,1>, <314,6,1>, <316,6,1>, <317,6,1>, <318,6,1>, <319,6,1>, <321,6,3>, <323,6,1>, <327,6,1>, <328,6,1>, <330,6,1>, <331,6,1>, <332,6,4>, <334,6,1>, <335,6,2>, <336,6,1>, <337,6,1>, <338,6,2>, <339,6,1>, <341,6,1>, <342,6,1>, <343,6,1>, <344,6,2>, <345,6,1>, <347,6,1>, <348,6,2>, <349,6,2>, <354,6,1>, <355,6,1>, <357,6,4>, <359,6,1>, <360,6,1>, <363,6,3>, <365,6,1>, <367,6,1>, <368,6,1>, <371,6,1>, <373,6,1>, <377,6,1>, <379,6,1>, <380,6,1>, <381,6,1>, <382,6,1>, <383,6,1>, <384,6,3>, <386,6,3>, <388,6,1>, <389,6,2>, <390,6,1>, <391,6,1>, <392,6,1>, <395,6,4>, <396,6,1>, <397,6,1>, <398,6,1>, <401,6,2>, <402,6,1>, <408,6,1>, <412,6,1>, <414,6,1>, <415,6,1>, <416,6,1>, <417,6,1>, <418,6,2>, <422,6,1>, <424,6,1>, <425,6,3>, <426,6,1>, <427,6,1>, <428,6,2>, <429,6,2>, <431,6,1>, <434,6,1>, <435,6,1>, <437,6,1>, <438,6,1>, <440,6,4>, <441,6,1>, <442,6,1>, <443,6,1>, <448,6,1>, <450,6,1>, <456,6,3>, <457,6,1>, <458,6,1>, <459,6,1>, <460,6,1>, <462,6,1>, <463,6,2>, <464,6,1>, <465,6,4>, <469,6,1>, <473,6,1>, <475,6,1>, <477,6,1>, <479,6,1>, <480,6,1>, <483,6,1>, <485,6,1>, <486,6,2>, <488,6,1>, <490,6,1>, <491,6,2>, <493,6,1>, <494,6,1>, <501,6,1>, <502,6,1>, <503,6,1>, <506,6,1>, <507,6,1>, <510,6,1>, <513,6,3>, <514,6,1>, <515,6,1>, <516,6,1>, <520,6,1>, <522,6,1>, <523,6,1>, <524,6,1>, <526,6,1>, <527,6,1>, <538,6,1>, <539,6,1>, <541,6,1>, <544,6,2>, <545,6,1>, <548,6,1>, <552,6,2>, <553,6,1>, <557,6,1>, <559,6,1>, <563,6,1>, <566,6,3>, <569,6,1>, <571,6,1>, <572,6,2>, <575,6,1>, <576,6,1>, <585,6,1>, <588,6,1>, <589,6,1>, <590,6,1>, <591,6,1>, <592,6,1>, <593,6,1>, <597,6,1>, <598,6,1>, <602,6,2>, <603,6,3>, <605,6,1>, <609,6,2>, <611,6,1>, <614,6,1>, <617,6,1>, <618,6,1>, <624,6,1>, <626,6,1>, <629,6,1>, <635,6,1>, <636,6,1>, <639,6,1>, <641,6,1>, <642,6,1>, <644,6,1>, <645,6,1>, <646,6,1>, <648,6,1>, <649,6,1>, <650,6,1>, <651,6,1>, <661,6,1>, <664,6,1>, <668,6,1>, <669,6,1>, <671,6,1>, <674,6,1>, <675,6,1>, <676,6,1>, <680,6,1>, <684,6,1>, <685,6,2>, <687,6,1>, <688,6,1>, <689,6,1>, <690,6,1>, <691,6,1>, <698,6,3>, <700,6,1>, <702,6,1>, <704,6,1>, <707,6,1>, <710,6,2>, <712,6,1>, <714,6,1>, <715,6,1>, <716,6,1>, <720,6,1>, <722,6,1>, <724,6,1>, <725,6,1>, <726,6,1>, <728,6,1>, <732,6,1>, <739,6,1>, <743,6,1>, <754,6,1>, <763,6,1>, <764,6,1>, <768,6,1>, <769,6,3>, <776,6,1>, <777,6,2>, <781,6,1>, <782,6,1>, <785,6,1>, <786,6,1>, <787,6,1>, <788,6,1>, <794,6,2>, <795,6,1>, <803,6,1>, <804,6,1>, <807,6,1>, <808,6,1>, <818,6,1>, <824,6,1>, <828,6,2>, <830,6,1>, <841,6,1>, <843,6,1>, <851,6,1>, <855,6,1>, <856,6,1>, <861,6,1>, <882,6,1>, <884,6,1>, <886,6,1>, <890,6,1>, <892,6,1>, <898,6,1>, <899,6,1>, <911,6,1>, <914,6,1>, <915,6,1>, <917,6,1>, <928,6,1>, <930,6,2>, <931,6,1>, <932,6,1>, <933,6,1>, <940,6,1>, <949,6,1>, <952,6,1>, <956,6,1>, <958,6,1>, <959,6,1>, <975,6,1>, <977,6,2>, <981,6,1>, <983,6,1>, <984,6,1>, <988,6,1>, <991,6,1>, <992,6,1>, <994,6,1>, <998,6,1>, <1000,6,1>, <1,8,239>, <2,8,164>, <3,8,54>, <4,8,87>, <5,8,28>, <6,8,21>, <7,8,105>, <8,8,22>, <9,8,60>, <10,8,49>, <11,8,106>, <12,8,48>, <14,8,1>, <15,8,31>, <16,8,21>, <17,8,8>, <18,8,64>, <19,8,32>, <20,8,6>, <21,8,7>, <22,8,18>, <23,8,32>, <24,8,26>, <25,8,12>, <26,8,20>, <27,8,24>, <28,8,2>, <29,8,27>, <30,8,10>, <31,8,1>, <32,8,28>, <33,8,18>, <34,8,28>, <35,8,15>, <36,8,20>, <37,8,6>, <38,8,9>, <39,8,5>, <40,8,3>, <41,8,18>, <42,8,1>, <43,8,5>, <45,8,21>, <46,8,12>, <47,8,3>, <48,8,10>, <49,8,10>, <50,8,15>, <51,8,8>, <52,8,5>, <53,8,2>, <54,8,1>, <55,8,8>, <56,8,22>, <57,8,5>, <58,8,2>, <59,8,8>, <60,8,7>, <61,8,4>, <62,8,6>, <63,8,8>, <64,8,1>, <65,8,3>, <67,8,6>, <68,8,7>, <69,8,1>, <70,8,2>, <72,8,1>, <73,8,3>, <74,8,5>, <75,8,7>, <76,8,1>, <77,8,2>, <78,8,5>, <79,8,2>, <80,8,2>, <81,8,9>, <82,8,11>, <83,8,3>, <84,8,1>, <85,8,6>, <86,8,2>, <87,8,1>, <88,8,6>, <89,8,10>, <90,8,5>, <91,8,2>, <92,8,10>, <93,8,1>, <94,8,3>, <95,8,5>, <96,8,2>, <99,8,1>, <100,8,1>, <101,8,1>, <102,8,1>, <103,8,6>, <104,8,1>, <105,8,1>, <106,8,3>, <107,8,1>, <108,8,1>, <109,8,2>, <110,8,2>, <111,8,4>, <112,8,2>, <113,8,1>, <114,8,4>, <115,8,5>, <116,8,2>, <117,8,5>, <118,8,2>, <119,8,2>, <120,8,1>, <121,8,1>, <122,8,2>, <123,8,9>, <125,8,2>, <126,8,2>, <128,8,2>, <129,8,5>, <130,8,5>, <131,8,2>, <133,8,2>, <134,8,8>, <135,8,3>, <136,8,3>, <138,8,2>, <139,8,2>, <140,8,1>, <141,8,2>, <143,8,2>, <144,8,1>, <145,8,1>, <146,8,1>, <147,8,1>, <149,8,2>, <150,8,1>, <151,8,1>, <152,8,5>, <153,8,2>, <154,8,6>, <155,8,1>, <156,8,1>, <157,8,1>, <158,8,1>, <159,8,2>, <161,8,2>, <164,8,3>, <165,8,9>, <166,8,5>, <167,8,1>, <170,8,1>, <171,8,1>, <173,8,1>, <174,8,3>, <175,8,1>, <176,8,6>, <178,8,3>, <179,8,8>, <180,8,1>, <181,8,2>, <183,8,1>, <184,8,5>, <185,8,2>, <186,8,3>, <187,8,3>, <188,8,2>, <189,8,2>, <191,8,2>, <192,8,2>, <194,8,3>, <195,8,1>, <196,8,3>, <198,8,1>, <199,8,1>, <200,8,2>, <201,8,2>, <202,8,1>, <203,8,1>, <204,8,1>, <205,8,1>, <206,8,2>, <207,8,1>, <208,8,1>, <209,8,3>, <210,8,4>, <211,8,1>, <212,8,1>, <213,8,3>, <215,8,1>, <216,8,1>, <217,8,1>, <218,8,1>, <219,8,2>, <220,8,6>, <221,8,1>, <224,8,3>, <226,8,5>, <229,8,3>, <230,8,2>, <231,8,1>, <232,8,2>, <233,8,10>, <235,8,1>, <236,8,3>, <237,8,1>, <239,8,2>, <241,8,1>, <242,8,1>, <243,8,1>, <244,8,1>, <245,8,1>, <246,8,2>, <247,8,1>, <248,8,3>, <249,8,3>, <250,8,2>, <251,8,4>, <252,8,2>, <253,8,3>, <254,8,1>, <256,8,1>, <257,8,1>, <260,8,5>, <261,8,1>, <264,8,1>, <265,8,2>, <266,8,1>, <267,8,1>, <268,8,1>, <269,8,2>, <271,8,2>, <274,8,4>, <275,8,1>, <277,8,1>, <278,8,1>, <279,8,1>, <280,8,4>, <281,8,5>, <282,8,2>, <283,8,1>, <284,8,2>, <286,8,1>, <289,8,2>, <291,8,1>, <293,8,2>, <294,8,1>, <295,8,1>, <297,8,1>, <300,8,1>, <301,8,1>, <302,8,1>, <303,8,2>, <306,8,2>, <308,8,2>, <311,8,1>, <312,8,1>, <314,8,1>, <315,8,4>, <316,8,1>, <317,8,1>, <318,8,1>, <319,8,1>, <323,8,1>, <325,8,1>, <326,8,2>, <328,8,4>, <329,8,1>, <332,8,3>, <333,8,1>, <334,8,1>, <336,8,1>, <337,8,4>, <339,8,3>, <340,8,2>, <342,8,1>, <345,8,4>, <347,8,1>, <348,8,2>, <352,8,2>, <354,8,2>, <355,8,1>, <358,8,3>, <359,8,2>, <360,8,1>, <361,8,3>, <362,8,4>, <364,8,1>, <365,8,1>, <366,8,1>, <369,8,2>, <370,8,1>, <371,8,1>, <372,8,1>, <373,8,1>, <375,8,1>, <376,8,1>, <378,8,1>, <379,8,1>, <380,8,1>, <381,8,1>, <382,8,1>, <383,8,1>, <385,8,1>, <388,8,2>, <393,8,1>, <397,8,4>, <399,8,1>, <404,8,1>, <405,8,1>, <406,8,1>, <407,8,2>, <410,8,1>, <411,8,1>, <412,8,1>, <415,8,1>, <416,8,2>, <417,8,1>, <420,8,1>, <421,8,2>, <422,8,3>, <426,8,1>, <427,8,4>, <428,8,2>, <429,8,3>, <431,8,2>, <433,8,1>, <434,8,1>, <435,8,1>, <436,8,2>, <438,8,1>, <440,8,1>, <441,8,1>, <443,8,1>, <446,8,1>, <450,8,1>, <451,8,2>, <454,8,1>, <455,8,1>, <456,8,1>, <457,8,1>, <460,8,1>, <463,8,4>, <464,8,1>, <466,8,4>, <467,8,1>, <469,8,2>, <471,8,1>, <472,8,1>, <473,8,2>, <478,8,2>, <479,8,1>, <480,8,1>, <481,8,1>, <482,8,1>, <483,8,2>, <485,8,1>, <486,8,1>, <487,8,3>, <488,8,1>, <489,8,1>, <491,8,1>, <492,8,1>, <493,8,3>, <494,8,1>, <496,8,1>, <499,8,1>, <502,8,2>, <505,8,1>, <506,8,3>, <507,8,1>, <509,8,1>, <510,8,3>, <511,8,2>, <512,8,2>, <513,8,1>, <515,8,1>, <516,8,1>, <517,8,1>, <521,8,3>, <527,8,1>, <532,8,1>, <533,8,1>, <536,8,1>, <537,8,1>, <538,8,2>, <541,8,1>, <544,8,1>, <548,8,1>, <553,8,1>, <555,8,1>, <556,8,1>, <557,8,1>, <565,8,1>, <566,8,1>, <568,8,1>, <570,8,2>, <571,8,1>, <573,8,1>, <576,8,1>, <577,8,3>, <579,8,1>, <580,8,2>, <581,8,1>, <585,8,1>, <586,8,1>, <588,8,1>, <589,8,1>, <590,8,2>, <597,8,1>, <602,8,2>, <603,8,2>, <604,8,1>, <605,8,1>, <606,8,1>, <607,8,2>, <608,8,1>, <613,8,1>, <615,8,1>, <616,8,1>, <619,8,1>, <626,8,1>, <634,8,1>, <635,8,1>, <636,8,1>, <637,8,1>, <646,8,2>, <647,8,1>, <651,8,1>, <654,8,1>, <663,8,1>, <665,8,1>, <669,8,1>, <670,8,1>, <676,8,1>, <680,8,1>, <682,8,1>, <684,8,1>, <685,8,2>, <690,8,1>, <692,8,1>, <696,8,1>, <700,8,3>, <701,8,1>, <702,8,1>, <705,8,1>, <706,8,1>, <708,8,2>, <709,8,3>, <714,8,1>, <715,8,1>, <716,8,2>, <717,8,1>, <718,8,1>, <719,8,1>, <720,8,1>, <721,8,1>, <724,8,1>, <736,8,1>, <737,8,3>, <739,8,1>, <742,8,1>, <746,8,1>, <748,8,1>, <752,8,1>, <753,8,1>, <754,8,1>, <756,8,1>, <758,8,1>, <761,8,1>, <764,8,3>, <768,8,1>, <782,8,1>, <785,8,1>, <788,8,1>, <790,8,1>, <792,8,1>, <794,8,1>, <797,8,1>, <799,8,1>, <806,8,1>, <808,8,1>, <814,8,1>, <817,8,1>, <818,8,1>, <820,8,1>, <824,8,2>, <826,8,1>, <827,8,2>, <828,8,1>, <829,8,1>, <830,8,1>, <833,8,1>, <834,8,1>, <835,8,2>, <844,8,1>, <847,8,1>, <852,8,1>, <853,8,1>, <855,8,1>, <858,8,1>, <860,8,1>, <866,8,1>, <869,8,1>, <873,8,1>, <883,8,1>, <888,8,1>, <891,8,1>, <898,8,1>, <906,8,2>, <913,8,1>, <914,8,2>, <927,8,2>, <930,8,1>, <931,8,1>, <935,8,1>, <938,8,2>, <949,8,1>, <951,8,1>, <956,8,1>, <958,8,1>, <960,8,1>, <965,8,1>, <967,8,1>, <977,8,1>, <979,8,1>, <983,8,1>, <985,8,1>, <999,8,1>, <1000,8,1>, <1,9,163>, <2,9,49>, <3,9,273>, <4,9,23>, <5,9,18>, <6,9,35>, <7,9,83>, <8,9,71>, <9,9,15>, <10,9,27>, <11,9,16>, <12,9,32>, <13,9,3>, <14,9,2>, <15,9,21>, <16,9,4>, <17,9,31>, <18,9,2>, <19,9,32>, <20,9,4>, <21,9,11>, <22,9,11>, <23,9,4>, <24,9,9>, <25,9,3>, <26,9,18>, <27,9,1>, <28,9,8>, <29,9,14>, <30,9,5>, <31,9,20>, <32,9,4>, <33,9,9>, <34,9,1>, <36,9,6>, <37,9,31>, <38,9,3>, <39,9,4>, <40,9,7>, <41,9,11>, <42,9,1>, <43,9,4>, <44,9,7>, <45,9,1>, <46,9,1>, <47,9,8>, <48,9,4>, <49,9,11>, <50,9,6>, <51,9,1>, <52,9,9>, <53,9,7>, <54,9,8>, <55,9,3>, <56,9,3>, <57,9,8>, <59,9,7>, <60,9,14>, <61,9,9>, <62,9,4>, <63,9,5>, <64,9,3>, <65,9,7>, <66,9,2>, <67,9,4>, <68,9,3>, <69,9,10>, <70,9,7>, <71,9,1>, <74,9,9>, <75,9,9>, <76,9,4>, <77,9,6>, <78,9,2>, <79,9,2>, <80,9,1>, <81,9,7>, <82,9,2>, <83,9,3>, <84,9,2>, <85,9,1>, <86,9,3>, <87,9,3>, <89,9,3>, <90,9,1>, <91,9,8>, <92,9,5>, <93,9,2>, <95,9,3>, <96,9,1>, <97,9,7>, <98,9,2>, <99,9,7>, <100,9,11>, <102,9,4>, <103,9,1>, <106,9,4>, <107,9,3>, <108,9,5>, <109,9,4>, <110,9,6>, <111,9,7>, <112,9,3>, <113,9,3>, <114,9,5>, <115,9,1>, <116,9,1>, <117,9,1>, <118,9,1>, <119,9,3>, <120,9,1>, <122,9,5>, <123,9,2>, <124,9,1>, <125,9,1>, <126,9,2>, <127,9,1>, <128,9,2>, <129,9,2>, <130,9,1>, <131,9,2>, <134,9,5>, <135,9,7>, <136,9,1>, <137,9,4>, <138,9,1>, <139,9,2>, <140,9,2>, <141,9,4>, <142,9,1>, <143,9,2>, <144,9,2>, <145,9,1>, <146,9,4>, <147,9,5>, <148,9,2>, <151,9,12>, <152,9,1>, <153,9,1>, <154,9,1>, <155,9,1>, <156,9,1>, <157,9,2>, <158,9,1>, <159,9,3>, <160,9,4>, <162,9,1>, <165,9,2>, <166,9,4>, <168,9,1>, <169,9,3>, <174,9,2>, <175,9,2>, <176,9,5>, <177,9,1>, <178,9,3>, <180,9,3>, <181,9,3>, <182,9,7>, <183,9,1>, <185,9,2>, <186,9,2>, <187,9,1>, <188,9,2>, <190,9,1>, <191,9,3>, <192,9,2>, <195,9,1>, <198,9,2>, <199,9,1>, <200,9,3>, <202,9,2>, <203,9,2>, <207,9,1>, <208,9,1>, <209,9,1>, <210,9,4>, <212,9,2>, <213,9,2>, <215,9,2>, <216,9,2>, <217,9,3>, <218,9,1>, <219,9,2>, <221,9,2>, <225,9,1>, <226,9,1>, <227,9,3>, <228,9,1>, <229,9,1>, <236,9,1>, <237,9,2>, <238,9,1>, <240,9,1>, <242,9,1>, <243,9,1>, <244,9,1>, <245,9,1>, <246,9,1>, <247,9,5>, <250,9,3>, <251,9,2>, <254,9,1>, <255,9,1>, <256,9,4>, <257,9,3>, <261,9,2>, <263,9,2>, <264,9,3>, <265,9,2>, <266,9,1>, <268,9,1>, <269,9,1>, <270,9,1>, <271,9,3>, <272,9,2>, <276,9,2>, <277,9,3>, <278,9,1>, <279,9,1>, <284,9,1>, <288,9,1>, <289,9,1>, <291,9,2>, <292,9,1>, <294,9,2>, <300,9,2>, <301,9,1>, <302,9,1>, <303,9,1>, <304,9,1>, <308,9,2>, <312,9,1>, <313,9,1>, <315,9,1>, <316,9,2>, <317,9,1>, <322,9,2>, <323,9,1>, <326,9,1>, <328,9,2>, <330,9,2>, <332,9,2>, <334,9,1>, <335,9,1>, <341,9,1>, <342,9,1>, <343,9,1>, <347,9,1>, <348,9,2>, <349,9,2>, <350,9,1>, <352,9,1>, <353,9,1>, <356,9,2>, <360,9,1>, <362,9,1>, <363,9,1>, <364,9,1>, <365,9,2>, <366,9,1>, <369,9,1>, <370,9,2>, <371,9,1>, <373,9,1>, <374,9,1>, <375,9,1>, <377,9,1>, <379,9,3>, <380,9,2>, <381,9,1>, <382,9,1>, <386,9,1>, <387,9,1>, <389,9,1>, <390,9,1>, <391,9,2>, <393,9,1>, <395,9,1>, <396,9,1>, <398,9,1>, <401,9,1>, <402,9,1>, <403,9,1>, <406,9,2>, <409,9,1>, <410,9,1>, <413,9,2>, <415,9,1>, <417,9,2>, <418,9,1>, <419,9,1>, <421,9,1>, <422,9,1>, <423,9,2>, <424,9,1>, <425,9,3>, <426,9,1>, <427,9,1>, <429,9,1>, <430,9,1>, <431,9,1>, <433,9,1>, <434,9,2>, <435,9,4>, <439,9,1>, <440,9,3>, <442,9,1>, <444,9,3>, <445,9,1>, <446,9,1>, <447,9,1>, <450,9,5>, <452,9,1>, <455,9,2>, <460,9,1>, <463,9,1>, <465,9,1>, <466,9,2>, <468,9,1>, <470,9,1>, <471,9,2>, <472,9,1>, <476,9,2>, <477,9,1>, <480,9,1>, <481,9,1>, <482,9,2>, <483,9,2>, <484,9,2>, <488,9,1>, <489,9,1>, <491,9,1>, <495,9,1>, <498,9,1>, <501,9,1>, <504,9,3>, <506,9,1>, <509,9,1>, <512,9,1>, <514,9,1>, <515,9,1>, <518,9,2>, <521,9,2>, <524,9,2>, <526,9,1>, <528,9,1>, <530,9,2>, <531,9,1>, <532,9,1>, <538,9,1>, <540,9,3>, <541,9,1>, <544,9,1>, <545,9,1>, <551,9,2>, <555,9,1>, <556,9,1>, <560,9,1>, <561,9,2>, <563,9,1>, <564,9,1>, <566,9,1>, <568,9,1>, <572,9,2>, <575,9,1>, <578,9,1>, <583,9,2>, <584,9,1>, <586,9,1>, <588,9,1>, <590,9,1>, <592,9,1>, <595,9,1>, <599,9,1>, <603,9,2>, <605,9,1>, <612,9,1>, <618,9,1>, <621,9,1>, <622,9,1>, <625,9,1>, <636,9,1>, <637,9,1>, <638,9,1>, <640,9,1>, <642,9,1>, <651,9,1>, <652,9,1>, <654,9,2>, <656,9,1>, <664,9,2>, <671,9,1>, <672,9,2>, <676,9,2>, <682,9,1>, <683,9,1>, <684,9,1>, <685,9,2>, <686,9,1>, <688,9,1>, <691,9,1>, <692,9,1>, <697,9,1>, <698,9,2>, <704,9,1>, <712,9,1>, <713,9,1>, <716,9,1>, <717,9,1>, <719,9,1>, <724,9,1>, <725,9,1>, <727,9,2>, <733,9,1>, <735,9,1>, <738,9,1>, <746,9,1>, <747,9,1>, <749,9,1>, <759,9,2>, <762,9,1>, <766,9,1>, <767,9,1>, <776,9,1>, <777,9,1>, <780,9,1>, <786,9,2>, <787,9,1>, <789,9,1>, <790,9,2>, <791,9,1>, <794,9,2>, <803,9,1>, <807,9,1>, <809,9,1>, <811,9,1>, <816,9,1>, <817,9,1>, <823,9,1>, <830,9,1>, <831,9,1>, <844,9,1>, <845,9,1>, <853,9,1>, <858,9,1>, <860,9,1>, <864,9,1>, <865,9,1>, <869,9,2>, <870,9,1>, <875,9,1>, <877,9,1>, <882,9,1>, <884,9,1>, <892,9,1>, <893,9,2>, <894,9,1>, <903,9,1>, <905,9,2>, <906,9,1>, <913,9,1>, <923,9,1>, <930,9,1>, <932,9,1>, <935,9,1>, <941,9,1>, <945,9,1>, <947,9,1>, <950,9,1>, <958,9,1>, <965,9,1>, <966,9,1>, <977,9,1>, <982,9,1>, <983,9,1>, <991,9,1>, <1,10,224>, <2,10,416>, <3,10,39>, <4,10,55>, <5,10,95>, <6,10,68>, <7,10,41>, <8,10,55>, <10,10,9>, <11,10,37>, <12,10,16>, <13,10,1>, <14,10,8>, <15,10,23>, <16,10,16>, <17,10,42>, <18,10,32>, <19,10,17>, <20,10,7>, <21,10,24>, <22,10,6>, <23,10,8>, <24,10,1>, <25,10,24>, <26,10,15>, <27,10,19>, <28,10,37>, <29,10,18>, <30,10,6>, <31,10,30>, <32,10,15>, <33,10,20>, <34,10,30>, <35,10,30>, <36,10,4>, <37,10,6>, <38,10,4>, <39,10,5>, <40,10,1>, <42,10,8>, <43,10,7>, <44,10,1>, <45,10,1>, <46,10,4>, <47,10,12>, <49,10,3>, <50,10,5>, <52,10,1>, <53,10,3>, <54,10,4>, <55,10,11>, <56,10,2>, <57,10,11>, <58,10,5>, <59,10,1>, <60,10,1>, <61,10,2>, <62,10,6>, <63,10,12>, <64,10,9>, <65,10,7>, <66,10,8>, <67,10,5>, <68,10,1>, <69,10,8>, <70,10,1>, <71,10,22>, <73,10,3>, <74,10,1>, <75,10,4>, <76,10,6>, <77,10,5>, <78,10,11>, <79,10,3>, <80,10,1>, <81,10,4>, <84,10,5>, <85,10,6>, <88,10,1>, <89,10,6>, <90,10,5>, <91,10,1>, <92,10,1>, <93,10,4>, <94,10,2>, <95,10,13>, <96,10,1>, <97,10,1>, <98,10,2>, <99,10,7>, <100,10,4>, <101,10,4>, <102,10,3>, <103,10,2>, <105,10,3>, <106,10,9>, <107,10,5>, <108,10,1>, <109,10,6>, <110,10,2>, <111,10,2>, <112,10,3>, <113,10,1>, <114,10,7>, <115,10,5>, <117,10,3>, <118,10,1>, <120,10,2>, <122,10,3>, <123,10,4>, <124,10,3>, <125,10,3>, <126,10,1>, <127,10,3>, <128,10,11>, <129,10,1>, <130,10,1>, <131,10,2>, <133,10,4>, <134,10,1>, <135,10,1>, <136,10,5>, <137,10,5>, <138,10,1>, <139,10,3>, <140,10,5>, <141,10,1>, <143,10,3>, <144,10,5>, <145,10,5>, <147,10,6>, <148,10,2>, <149,10,7>, <150,10,1>, <151,10,3>, <152,10,2>, <153,10,1>, <154,10,3>, <155,10,1>, <157,10,3>, <158,10,2>, <159,10,1>, <160,10,6>, <161,10,1>, <162,10,3>, <163,10,1>, <164,10,4>, <165,10,1>, <166,10,2>, <167,10,7>, <168,10,1>, <171,10,2>, <172,10,2>, <173,10,1>, <174,10,3>, <176,10,1>, <177,10,3>, <178,10,1>, <179,10,4>, <180,10,3>, <181,10,2>, <185,10,1>, <187,10,1>, <188,10,1>, <189,10,1>, <190,10,2>, <191,10,2>, <192,10,1>, <193,10,3>, <195,10,1>, <196,10,1>, <198,10,1>, <200,10,1>, <201,10,1>, <203,10,2>, <204,10,1>, <205,10,2>, <206,10,3>, <208,10,1>, <211,10,2>, <212,10,1>, <213,10,2>, <214,10,2>, <215,10,6>, <216,10,1>, <217,10,2>, <218,10,2>, <219,10,1>, <220,10,1>, <221,10,2>, <222,10,1>, <223,10,1>, <224,10,1>, <226,10,1>, <227,10,3>, <228,10,4>, <230,10,1>, <231,10,1>, <232,10,3>, <233,10,1>, <234,10,1>, <235,10,2>, <236,10,1>, <240,10,1>, <241,10,1>, <242,10,1>, <243,10,2>, <244,10,3>, <245,10,2>, <247,10,1>, <250,10,2>, <251,10,1>, <252,10,1>, <253,10,1>, <254,10,1>, <255,10,1>, <256,10,1>, <257,10,2>, <258,10,2>, <259,10,1>, <260,10,2>, <263,10,5>, <264,10,3>, <265,10,1>, <266,10,4>, <267,10,1>, <268,10,1>, <269,10,5>, <273,10,2>, <277,10,2>, <278,10,1>, <279,10,1>, <280,10,1>, <281,10,2>, <283,10,2>, <284,10,1>, <285,10,3>, <286,10,1>, <287,10,1>, <288,10,1>, <290,10,4>, <291,10,2>, <294,10,2>, <296,10,1>, <298,10,2>, <301,10,2>, <303,10,3>, <306,10,3>, <308,10,2>, <310,10,1>, <311,10,3>, <312,10,2>, <313,10,1>, <315,10,2>, <316,10,1>, <317,10,2>, <319,10,1>, <321,10,1>, <324,10,1>, <325,10,1>, <326,10,6>, <327,10,2>, <328,10,1>, <331,10,1>, <333,10,1>, <334,10,1>, <336,10,2>, <337,10,2>, <338,10,1>, <339,10,1>, <340,10,1>, <342,10,1>, <344,10,1>, <347,10,2>, <350,10,1>, <351,10,2>, <352,10,1>, <353,10,1>, <354,10,1>, <355,10,1>, <356,10,2>, <357,10,1>, <361,10,1>, <363,10,3>, <364,10,1>, <365,10,2>, <367,10,1>, <368,10,1>, <369,10,1>, <370,10,2>, <371,10,1>, <372,10,2>, <374,10,1>, <375,10,3>, <376,10,1>, <378,10,1>, <379,10,1>, <380,10,1>, <384,10,1>, <386,10,1>, <389,10,1>, <391,10,2>, <392,10,1>, <393,10,3>, <397,10,1>, <399,10,1>, <403,10,1>, <405,10,1>, <406,10,1>, <407,10,1>, <410,10,1>, <411,10,1>, <413,10,1>, <415,10,1>, <417,10,2>, <419,10,1>, <420,10,2>, <422,10,1>, <423,10,2>, <424,10,1>, <427,10,3>, <428,10,1>, <429,10,2>, <431,10,1>, <432,10,1>, <433,10,1>, <434,10,1>, <435,10,3>, <436,10,1>, <437,10,1>, <438,10,1>, <439,10,1>, <440,10,1>, <443,10,1>, <444,10,2>, <445,10,1>, <448,10,1>, <450,10,2>, <451,10,1>, <452,10,2>, <455,10,1>, <457,10,1>, <458,10,1>, <459,10,2>, <462,10,1>, <464,10,3>, <465,10,1>, <466,10,1>, <469,10,1>, <470,10,1>, <471,10,1>, <473,10,1>, <475,10,1>, <477,10,2>, <481,10,1>, <482,10,2>, <487,10,2>, <488,10,1>, <491,10,1>, <495,10,2>, <496,10,1>, <497,10,3>, <503,10,1>, <507,10,1>, <508,10,1>, <510,10,1>, <511,10,1>, <512,10,2>, <513,10,3>, <515,10,1>, <516,10,2>, <520,10,1>, <524,10,1>, <525,10,1>, <526,10,1>, <529,10,2>, <531,10,2>, <536,10,1>, <537,10,1>, <538,10,2>, <545,10,1>, <547,10,1>, <550,10,1>, <553,10,1>, <555,10,1>, <559,10,1>, <560,10,1>, <561,10,3>, <562,10,1>, <563,10,1>, <564,10,1>, <569,10,1>, <570,10,2>, <572,10,1>, <574,10,1>, <575,10,1>, <577,10,1>, <582,10,4>, <583,10,1>, <585,10,1>, <586,10,1>, <591,10,2>, <592,10,1>, <595,10,1>, <597,10,1>, <599,10,1>, <600,10,1>, <603,10,1>, <605,10,1>, <610,10,1>, <611,10,1>, <613,10,1>, <616,10,1>, <618,10,1>, <626,10,1>, <632,10,1>, <633,10,1>, <635,10,1>, <644,10,1>, <647,10,1>, <648,10,2>, <654,10,1>, <656,10,1>, <665,10,1>, <666,10,1>, <669,10,1>, <671,10,1>, <672,10,1>, <675,10,1>, <677,10,1>, <679,10,1>, <684,10,2>, <685,10,1>, <686,10,1>, <688,10,1>, <691,10,1>, <696,10,2>, <697,10,2>, <698,10,1>, <700,10,1>, <703,10,1>, <704,10,2>, <712,10,1>, <716,10,1>, <725,10,2>, <726,10,1>, <729,10,1>, <733,10,1>, <734,10,1>, <735,10,1>, <737,10,1>, <738,10,1>, <739,10,1>, <742,10,2>, <743,10,1>, <747,10,1>, <749,10,1>, <752,10,1>, <758,10,1>, <762,10,1>, <763,10,5>, <764,10,1>, <765,10,1>, <766,10,1>, <768,10,1>, <769,10,1>, <776,10,1>, <777,10,1>, <784,10,1>, <786,10,1>, <787,10,1>, <788,10,1>, <799,10,1>, <804,10,2>, <807,10,1>, <808,10,2>, <810,10,1>, <814,10,1>, <820,10,1>, <822,10,4>, <824,10,1>, <830,10,1>, <832,10,1>, <833,10,1>, <834,10,1>, <847,10,1>, <851,10,1>, <860,10,1>, <861,10,1>, <862,10,1>, <869,10,1>, <883,10,1>, <885,10,1>, <894,10,1>, <900,10,1>, <904,10,1>, <905,10,1>, <911,10,1>, <914,10,1>, <919,10,1>, <920,10,1>, <922,10,1>, <927,10,1>, <934,10,1>, <937,10,1>, <941,10,1>, <952,10,1>, <954,10,1>, <957,10,1>, <963,10,1>, <977,10,2>, <980,10,2>, <988,10,2>, <989,10,1>, <994,10,1>, <1,1,194>, <2,1,382>, <3,1,4>, <4,1,102>, <5,1,37>, <6,1,52>, <7,1,61>, <8,1,32>, <9,1,34>, <10,1,40>, <11,1,6>, <12,1,13>, <13,1,12>, <14,1,8>, <15,1,11>, <16,1,28>, <17,1,1>, <18,1,7>, <19,1,26>, <20,1,20>, <21,1,7>, <22,1,2>, <23,1,3>, <24,1,10>, <25,1,9>, <26,1,12>, <27,1,3>, <28,1,1>, <29,1,1>, <30,1,10>, <31,1,15>, <32,1,5>, <33,1,5>, <34,1,8>, <35,1,8>, <36,1,18>, <37,1,3>, <38,1,17>, <39,1,5>, <40,1,6>, <41,1,12>, <42,1,1>, <43,1,2>, <44,1,10>, <45,1,3>, <46,1,7>, <47,1,1>, <48,1,5>, <49,1,2>, <50,1,13>, <51,1,5>, <52,1,3>, <53,1,9>, <54,1,4>, <55,1,10>, <56,1,14>, <57,1,2>, <58,1,5>, <59,1,1>, <60,1,4>, <61,1,3>, <62,1,2>, <63,1,5>, <64,1,6>, <65,1,12>, <66,1,4>, <67,1,14>, <68,1,8>, <69,1,3>, <70,1,8>, <72,1,3>, <73,1,4>, <74,1,6>, <75,1,1>, <76,1,10>, <77,1,6>, <78,1,12>, <79,1,6>, <80,1,5>, <81,1,1>, <82,1,3>, <83,1,1>, <84,1,6>, <86,1,8>, <88,1,5>, <89,1,7>, <90,1,5>, <91,1,2>, <93,1,3>, <94,1,1>, <95,1,1>, <97,1,1>, <98,1,11>, <100,1,2>, <101,1,4>, <102,1,2>, <103,1,6>, <104,1,1>, <105,1,1>, <108,1,6>, <109,1,3>, <110,1,15>, <111,1,1>, <112,1,4>, <113,1,4>, <114,1,6>, <115,1,2>, <116,1,3>, <117,1,1>, <118,1,1>, <120,1,1>, <121,1,1>, <122,1,2>, <123,1,2>, <124,1,1>, <125,1,1>, <126,1,1>, <127,1,3>, <128,1,5>, <129,1,1>, <130,1,2>, <131,1,4>, <132,1,1>, <133,1,3>, <134,1,4>, <135,1,3>, <136,1,1>, <137,1,5>, <138,1,2>, <139,1,1>, <140,1,3>, <141,1,3>, <142,1,1>, <143,1,1>, <144,1,1>, <145,1,4>, <148,1,1>, <150,1,2>, <151,1,1>, <153,1,2>, <154,1,2>, <158,1,7>, <160,1,4>, <161,1,1>, <162,1,4>, <163,1,2>, <164,1,2>, <166,1,3>, <169,1,1>, <170,1,3>, <172,1,3>, <173,1,4>, <174,1,3>, <175,1,1>, <179,1,4>, <180,1,1>, <181,1,1>, <182,1,2>, <183,1,5>, <185,1,4>, <186,1,3>, <187,1,2>, <188,1,1>, <189,1,1>, <190,1,2>, <191,1,4>, <193,1,2>, <194,1,2>, <195,1,3>, <196,1,2>, <197,1,3>, <198,1,1>, <199,1,1>, <201,1,4>, <202,1,1>, <203,1,4>, <204,1,1>, <207,1,7>, <209,1,3>, <210,1,3>, <212,1,1>, <213,1,3>, <214,1,1>, <215,1,1>, <218,1,4>, <219,1,2>, <220,1,1>, <221,1,1>, <223,1,8>, <225,1,1>, <226,1,1>, <227,1,3>, <228,1,2>, <229,1,3>, <231,1,1>, <232,1,1>, <233,1,3>, <234,1,1>, <235,1,3>, <236,1,2>, <237,1,1>, <238,1,1>, <239,1,3>, <240,1,1>, <241,1,3>, <244,1,2>, <245,1,1>, <246,1,3>, <247,1,1>, <248,1,6>, <250,1,1>, <252,1,2>, <253,1,1>, <255,1,5>, <256,1,1>, <257,1,2>, <258,1,3>, <259,1,1>, <261,1,4>, <263,1,1>, <265,1,1>, <267,1,1>, <268,1,3>, <269,1,2>, <270,1,1>, <271,1,1>, <272,1,5>, <273,1,1>, <275,1,3>, <276,1,2>, <277,1,3>, <278,1,1>, <279,1,2>, <280,1,1>, <281,1,2>, <283,1,1>, <284,1,2>, <285,1,1>, <287,1,1>, <288,1,1>, <289,1,1>, <290,1,1>, <291,1,1>, <292,1,1>, <297,1,2>, <299,1,1>, <300,1,1>, <301,1,1>, <303,1,1>, <304,1,1>, <305,1,3>, <307,1,2>, <308,1,2>, <309,1,1>, <310,1,1>, <312,1,2>, <313,1,2>, <315,1,1>, <316,1,4>, <317,1,2>, <322,1,1>, <324,1,2>, <325,1,2>, <326,1,1>, <327,1,2>, <328,1,3>, <329,1,1>, <335,1,1>, <336,1,2>, <338,1,2>, <339,1,1>, <340,1,1>, <342,1,1>, <344,1,2>, <345,1,1>, <346,1,1>, <347,1,1>, <349,1,1>, <350,1,3>, <351,1,1>, <352,1,3>, <355,1,1>, <363,1,2>, <364,1,1>, <365,1,4>, <367,1,1>, <368,1,2>, <370,1,1>, <371,1,1>, <374,1,1>, <377,1,2>, <378,1,1>, <379,1,1>, <382,1,1>, <383,1,1>, <384,1,2>, <385,1,3>, <386,1,3>, <387,1,1>, <388,1,2>, <391,1,1>, <392,1,2>, <393,1,1>, <396,1,1>, <397,1,1>, <398,1,2>, <399,1,2>, <402,1,1>, <403,1,1>, <404,1,1>, <408,1,2>, <409,1,2>, <410,1,2>, <411,1,1>, <413,1,1>, <414,1,1>, <415,1,2>, <416,1,1>, <418,1,1>, <419,1,1>, <420,1,1>, <421,1,1>, <422,1,1>, <426,1,2>, <427,1,2>, <429,1,1>, <437,1,1>, <440,1,3>, <442,1,1>, <443,1,3>, <446,1,1>, <448,1,1>, <451,1,1>, <452,1,1>, <454,1,1>, <461,1,1>, <462,1,1>, <464,1,1>, <465,1,2>, <468,1,1>, <470,1,1>, <473,1,1>, <477,1,1>, <478,1,1>, <479,1,1>, <482,1,1>, <485,1,2>, <486,1,2>, <488,1,2>, <493,1,4>, <494,1,1>, <495,1,3>, <496,1,1>, <498,1,1>, <500,1,1>, <502,1,2>, <504,1,2>, <505,1,1>, <507,1,1>, <509,1,1>, <510,1,2>, <512,1,1>, <517,1,2>, <518,1,1>, <520,1,5>, <523,1,1>, <525,1,1>, <526,1,1>, <528,1,1>, <532,1,2>, <533,1,1>, <535,1,1>, <537,1,1>, <538,1,1>, <539,1,1>, <543,1,1>, <544,1,1>, <545,1,1>, <546,1,1>, <548,1,1>, <549,1,1>, <550,1,1>, <551,1,1>, <556,1,1>, <557,1,1>, <559,1,1>, <561,1,1>, <563,1,1>, <564,1,1>, <565,1,1>, <566,1,3>, <568,1,2>, <569,1,2>, <570,1,1>, <572,1,1>, <574,1,1>, <576,1,1>, <582,1,1>, <583,1,1>, <584,1,1>, <588,1,1>, <590,1,1>, <591,1,1>, <600,1,2>, <611,1,1>, <615,1,1>, <617,1,1>, <618,1,1>, <625,1,1>, <626,1,1>, <628,1,1>, <632,1,1>, <636,1,1>, <641,1,1>, <643,1,2>, <644,1,1>, <646,1,1>, <650,1,1>, <654,1,1>, <655,1,1>, <663,1,1>, <664,1,1>, <671,1,1>, <675,1,1>, <680,1,1>, <682,1,1>, <683,1,1>, <685,1,1>, <686,1,1>, <691,1,1>, <692,1,1>, <697,1,1>, <698,1,2>, <702,1,1>, <704,1,1>, <710,1,1>, <717,1,1>, <719,1,1>, <721,1,1>, <725,1,2>, <729,1,1>, <735,1,1>, <736,1,1>, <740,1,1>, <744,1,1>, <746,1,1>, <748,1,1>, <749,1,1>, <753,1,1>, <755,1,1>, <756,1,1>, <764,1,1>, <766,1,1>, <768,1,1>, <772,1,1>, <775,1,1>, <778,1,1>, <784,1,1>, <786,1,1>, <788,1,1>, <791,1,1>, <794,1,3>, <795,1,1>, <810,1,1>, <824,1,1>, <828,1,1>, <829,1,2>, <830,1,1>, <832,1,1>, <837,1,1>, <839,1,1>, <843,1,1>, <850,1,1>, <854,1,1>, <860,1,1>, <862,1,1>, <863,1,1>, <871,1,1>, <877,1,1>, <878,1,2>, <883,1,1>, <884,1,1>, <888,1,1>, <892,1,1>, <903,1,1>, <905,1,1>, <906,1,2>, <907,1,1>, <913,1,2>, <914,1,3>, <915,1,1>, <920,1,2>, <931,1,2>, <939,1,1>, <941,1,1>, <942,1,2>, <947,1,1>, <949,1,1>, <950,1,1>, <959,1,1>, <961,1,1>, <965,1,1>, <977,1,1>, <978,1,1>, <980,1,1>, <981,1,1>, <988,1,1>, <1,2,568>, <2,2,20>, <3,2,139>, <4,2,103>, <5,2,5>, <6,2,17>, <7,2,112>, <8,2,8>, <9,2,3>, <10,2,31>, <11,2,33>, <12,2,13>, <13,2,58>, <14,2,28>, <15,2,25>, <16,2,32>, <17,2,12>, <18,2,21>, <19,2,4>, <20,2,86>, <21,2,28>, <22,2,36>, <23,2,30>, <24,2,4>, <25,2,16>, <26,2,17>, <27,2,5>, <28,2,1>, <29,2,18>, <30,2,18>, <31,2,2>, <32,2,7>, <33,2,4>, <34,2,10>, <35,2,1>, <36,2,2>, <37,2,3>, <38,2,3>, <39,2,5>, <40,2,13>, <41,2,8>, <42,2,18>, <43,2,23>, <44,2,17>, <45,2,3>, <46,2,2>, <47,2,1>, <48,2,8>, <49,2,1>, <50,2,3>, <51,2,5>, <52,2,8>, <53,2,1>, <54,2,8>, <55,2,1>, <56,2,4>, <57,2,2>, <58,2,8>, <59,2,5>, <60,2,19>, <61,2,1>, <62,2,10>, <63,2,6>, <64,2,5>, <65,2,2>, <66,2,5>, <67,2,5>, <68,2,10>, <69,2,1>, <70,2,20>, <73,2,1>, <74,2,3>, <75,2,1>, <76,2,2>, <77,2,8>, <79,2,2>, <80,2,5>, <81,2,1>, <83,2,2>, <84,2,2>, <85,2,3>, <86,2,5>, <88,2,12>, <89,2,4>, <90,2,10>, <92,2,2>, <93,2,2>, <94,2,6>, <96,2,12>, <97,2,4>, <98,2,6>, <99,2,1>, <100,2,5>, <101,2,2>, <102,2,6>, <104,2,3>, <105,2,2>, <106,2,6>, <108,2,1>, <109,2,7>, <110,2,4>, <111,2,4>, <113,2,5>, <114,2,1>, <115,2,1>, <116,2,1>, <117,2,1>, <118,2,5>, <119,2,1>, <120,2,9>, <121,2,1>, <122,2,4>, <123,2,1>, <124,2,3>, <126,2,1>, <128,2,1>, <129,2,5>, <130,2,1>, <131,2,1>, <133,2,1>, <134,2,1>, <135,2,1>, <136,2,3>, <137,2,3>, <138,2,9>, <139,2,2>, <140,2,3>, <141,2,2>, <142,2,1>, <143,2,3>, <144,2,2>, <145,2,1>, <146,2,1>, <147,2,3>, <148,2,3>, <149,2,2>, <150,2,3>, <152,2,2>, <154,2,3>, <155,2,1>, <156,2,1>, <157,2,7>, <158,2,7>, <159,2,1>, <160,2,2>, <161,2,2>, <162,2,1>, <163,2,2>, <164,2,2>, <166,2,1>, <167,2,2>, <169,2,1>, <171,2,3>, <172,2,1>, <173,2,6>, <174,2,2>, <175,2,1>, <176,2,1>, <177,2,2>, <179,2,5>, <180,2,1>, <181,2,1>, <182,2,2>, <183,2,2>, <184,2,3>, <185,2,1>, <186,2,3>, <187,2,1>, <188,2,6>, <189,2,2>, <190,2,1>, <192,2,1>, <193,2,3>, <194,2,3>, <195,2,2>, <196,2,1>, <197,2,2>, <198,2,3>, <199,2,1>, <200,2,1>, <201,2,1>, <202,2,2>, <203,2,1>, <204,2,1>, <205,2,5>, <207,2,1>, <209,2,1>, <213,2,2>, <215,2,4>, <217,2,1>, <218,2,1>, <219,2,1>, <220,2,3>, <221,2,1>, <222,2,1>, <223,2,1>, <224,2,1>, <225,2,1>, <227,2,6>, <229,2,1>, <230,2,1>, <231,2,5>, <232,2,6>, <233,2,2>, <234,2,5>, <235,2,3>, <236,2,1>, <237,2,2>, <238,2,3>, <239,2,1>, <241,2,1>, <242,2,1>, <243,2,4>, <244,2,2>, <245,2,1>, <246,2,1>, <248,2,2>, <250,2,2>, <251,2,4>, <252,2,1>, <253,2,1>, <254,2,3>, <256,2,2>, <257,2,3>, <258,2,2>, <259,2,1>, <260,2,1>, <261,2,1>, <262,2,1>, <265,2,1>, <267,2,1>, <268,2,1>, <269,2,1>, <270,2,1>, <276,2,1>, <277,2,1>, <278,2,1>, <279,2,2>, <280,2,3>, <281,2,1>, <284,2,2>, <285,2,1>, <287,2,2>, <288,2,3>, <290,2,2>, <294,2,1>, <295,2,1>, <296,2,1>, <297,2,5>, <298,2,3>, <299,2,5>, <300,2,1>, <301,2,1>, <302,2,1>, <303,2,2>, <305,2,2>, <307,2,1>, <308,2,3>, <310,2,1>, <311,2,1>, <312,2,5>, <313,2,1>, <314,2,3>, <316,2,1>, <318,2,3>, <320,2,1>, <321,2,2>, <322,2,1>, <323,2,1>, <325,2,1>, <329,2,2>, <331,2,2>, <333,2,1>, <338,2,1>, <339,2,1>, <340,2,2>, <343,2,1>, <344,2,3>, <345,2,1>, <346,2,1>, <348,2,1>, <350,2,2>, <351,2,1>, <352,2,3>, <353,2,1>, <356,2,2>, <358,2,1>, <360,2,2>, <361,2,1>, <362,2,1>, <363,2,1>, <364,2,1>, <369,2,1>, <370,2,1>, <372,2,1>, <373,2,1>, <374,2,1>, <375,2,1>, <376,2,3>, <377,2,1>, <378,2,1>, <379,2,2>, <381,2,4>, <383,2,1>, <384,2,4>, <387,2,1>, <390,2,1>, <391,2,2>, <393,2,2>, <397,2,1>, <399,2,1>, <402,2,1>, <406,2,2>, <408,2,1>, <409,2,1>, <413,2,1>, <415,2,1>, <419,2,1>, <420,2,1>, <422,2,1>, <424,2,1>, <426,2,1>, <429,2,1>, <431,2,1>, <432,2,2>, <434,2,1>, <436,2,1>, <438,2,2>, <441,2,1>, <447,2,1>, <449,2,1>, <455,2,1>, <458,2,1>, <461,2,4>, <462,2,1>, <463,2,1>, <464,2,2>, <469,2,1>, <472,2,1>, <473,2,1>, <475,2,1>, <478,2,1>, <480,2,2>, <483,2,1>, <485,2,1>, <486,2,2>, <488,2,1>, <489,2,1>, <493,2,1>, <494,2,2>, <496,2,1>, <497,2,1>, <499,2,2>, <501,2,1>, <502,2,1>, <503,2,2>, <505,2,1>, <507,2,1>, <509,2,1>, <511,2,1>, <512,2,1>, <514,2,1>, <515,2,1>, <517,2,1>, <518,2,1>, <520,2,1>, <523,2,1>, <525,2,1>, <527,2,1>, <531,2,1>, <532,2,2>, <533,2,2>, <536,2,1>, <537,2,1>, <541,2,2>, <543,2,1>, <544,2,2>, <545,2,1>, <547,2,1>, <551,2,1>, <553,2,2>, <555,2,1>, <556,2,2>, <559,2,2>, <565,2,1>, <568,2,1>, <575,2,2>, <579,2,2>, <581,2,1>, <582,2,3>, <583,2,1>, <584,2,1>, <587,2,1>, <595,2,1>, <603,2,1>, <607,2,1>, <611,2,1>, <612,2,1>, <615,2,1>, <616,2,2>, <618,2,1>, <621,2,1>, <623,2,1>, <630,2,1>, <631,2,1>, <637,2,1>, <639,2,1>, <643,2,1>, <645,2,1>, <646,2,1>, <649,2,1>, <650,2,1>, <651,2,1>, <659,2,1>, <660,2,1>, <666,2,1>, <670,2,1>, <675,2,1>, <678,2,1>, <679,2,1>, <683,2,1>, <691,2,2>, <697,2,1>, <700,2,1>, <701,2,1>, <703,2,1>, <708,2,1>, <709,2,1>, <710,2,1>, <711,2,1>, <712,2,1>, <716,2,1>, <717,2,1>, <721,2,1>, <728,2,1>, <733,2,1>, <735,2,1>, <737,2,3>, <738,2,1>, <740,2,1>, <741,2,1>, <744,2,1>, <748,2,1>, <749,2,1>, <753,2,1>, <759,2,1>, <762,2,1>, <763,2,1>, <769,2,1>, <770,2,1>, <772,2,1>, <776,2,1>, <782,2,1>, <787,2,2>, <789,2,1>, <799,2,1>, <804,2,1>, <806,2,1>, <814,2,1>, <820,2,1>, <822,2,1>, <828,2,2>, <832,2,1>, <833,2,1>, <835,2,1>, <839,2,1>, <841,2,1>, <850,2,1>, <854,2,1>, <856,2,1>, <858,2,1>, <866,2,1>, <871,2,1>, <873,2,1>, <875,2,1>, <878,2,1>, <883,2,1>, <884,2,2>, <887,2,1>, <890,2,2>, <891,2,1>, <899,2,1>, <901,2,1>, <902,2,1>, <906,2,1>, <907,2,1>, <914,2,3>, <920,2,1>, <922,2,1>, <929,2,1>, <938,2,1>, <942,2,1>, <947,2,1>, <952,2,1>, <958,2,1>, <966,2,1>, <976,2,1>, <977,2,1>, <992,2,2>, <994,2,1>, <996,2,1>, <1,7,711>, <2,7,12>, <3,7,290>, <4,7,105>, <5,7,9>, <6,7,60>, <8,7,43>, <9,7,41>, <10,7,40>, <12,7,35>, <13,7,26>, <14,7,33>, <15,7,27>, <16,7,8>, <17,7,18>, <18,7,13>, <19,7,15>, <20,7,3>, <21,7,22>, <22,7,2>, <23,7,17>, <24,7,13>, <25,7,8>, <26,7,5>, <27,7,14>, <28,7,19>, <29,7,18>, <30,7,6>, <31,7,5>, <32,7,4>, <33,7,2>, <34,7,10>, <35,7,10>, <36,7,11>, <37,7,10>, <38,7,13>, <39,7,13>, <40,7,27>, <41,7,3>, <42,7,11>, <43,7,3>, <44,7,4>, <45,7,18>, <47,7,12>, <48,7,15>, <49,7,7>, <50,7,15>, <51,7,9>, <52,7,8>, <53,7,1>, <54,7,21>, <55,7,1>, <56,7,5>, <57,7,1>, <58,7,7>, <60,7,1>, <63,7,10>, <64,7,11>, <65,7,10>, <66,7,13>, <67,7,7>, <68,7,5>, <69,7,1>, <70,7,2>, <72,7,21>, <73,7,9>, <75,7,3>, <76,7,1>, <77,7,1>, <78,7,1>, <79,7,1>, <81,7,6>, <82,7,3>, <83,7,2>, <84,7,1>, <85,7,4>, <86,7,1>, <87,7,4>, <88,7,1>, <89,7,3>, <90,7,2>, <91,7,2>, <92,7,5>, <93,7,2>, <94,7,6>, <95,7,4>, <96,7,2>, <98,7,7>, <99,7,2>, <100,7,2>, <101,7,2>, <103,7,9>, <104,7,2>, <106,7,1>, <107,7,2>, <108,7,2>, <109,7,1>, <110,7,1>, <111,7,6>, <112,7,5>, <113,7,2>, <114,7,1>, <115,7,1>, <116,7,1>, <117,7,8>, <118,7,1>, <119,7,13>, <120,7,1>, <123,7,4>, <125,7,6>, <126,7,7>, <127,7,1>, <129,7,2>, <132,7,10>, <133,7,1>, <134,7,1>, <135,7,2>, <136,7,1>, <137,7,2>, <138,7,2>, <139,7,1>, <141,7,6>, <142,7,5>, <144,7,3>, <145,7,2>, <146,7,2>, <147,7,4>, <149,7,2>, <150,7,1>, <151,7,4>, <152,7,3>, <153,7,4>, <154,7,1>, <155,7,13>, <156,7,1>, <157,7,1>, <158,7,3>, <159,7,1>, <160,7,1>, <161,7,7>, <163,7,3>, <164,7,1>, <165,7,1>, <167,7,2>, <168,7,4>, <169,7,1>, <170,7,9>, <171,7,1>, <172,7,2>, <173,7,3>, <174,7,1>, <175,7,3>, <176,7,4>, <177,7,2>, <178,7,1>, <179,7,1>, <181,7,2>, <182,7,5>, <183,7,1>, <184,7,2>, <185,7,2>, <187,7,4>, <190,7,3>, <191,7,3>, <192,7,3>, <193,7,2>, <194,7,1>, <196,7,2>, <197,7,6>, <198,7,1>, <199,7,6>, <200,7,2>, <201,7,4>, <202,7,2>, <203,7,1>, <204,7,6>, <205,7,3>, <207,7,2>, <208,7,1>, <209,7,2>, <210,7,1>, <213,7,1>, <214,7,2>, <217,7,4>, <218,7,2>, <221,7,1>, <223,7,3>, <224,7,5>, <225,7,4>, <226,7,1>, <229,7,2>, <231,7,2>, <232,7,1>, <233,7,2>, <234,7,2>, <235,7,3>, <237,7,1>, <240,7,3>, <243,7,4>, <244,7,1>, <245,7,1>, <247,7,3>, <248,7,2>, <250,7,1>, <252,7,2>, <253,7,1>, <254,7,3>, <256,7,1>, <259,7,1>, <260,7,4>, <262,7,2>, <263,7,1>, <264,7,1>, <265,7,3>, <266,7,1>, <267,7,1>, <268,7,1>, <269,7,2>, <271,7,4>, <273,7,1>, <274,7,1>, <275,7,1>, <278,7,1>, <279,7,1>, <280,7,1>, <281,7,2>, <282,7,1>, <283,7,3>, <284,7,1>, <285,7,3>, <286,7,2>, <287,7,1>, <288,7,1>, <289,7,2>, <290,7,2>, <294,7,1>, <295,7,1>, <296,7,1>, <299,7,1>, <301,7,2>, <302,7,1>, <304,7,1>, <306,7,1>, <308,7,1>, <309,7,1>, <311,7,1>, <312,7,4>, <313,7,1>, <314,7,1>, <315,7,4>, <316,7,2>, <317,7,1>, <321,7,1>, <323,7,1>, <324,7,2>, <325,7,1>, <326,7,3>, <327,7,1>, <329,7,2>, <331,7,1>, <332,7,1>, <334,7,1>, <335,7,2>, <337,7,1>, <339,7,2>, <343,7,2>, <346,7,1>, <349,7,1>, <352,7,2>, <353,7,2>, <354,7,2>, <356,7,1>, <357,7,2>, <358,7,1>, <360,7,1>, <363,7,1>, <366,7,1>, <369,7,2>, <371,7,1>, <372,7,2>, <374,7,2>, <376,7,3>, <377,7,1>, <378,7,2>, <379,7,3>, <381,7,1>, <382,7,1>, <383,7,3>, <385,7,1>, <386,7,1>, <389,7,1>, <390,7,2>, <391,7,1>, <392,7,2>, <395,7,1>, <399,7,1>, <401,7,2>, <403,7,1>, <404,7,1>, <405,7,1>, <406,7,1>, <408,7,1>, <413,7,1>, <415,7,2>, <416,7,1>, <417,7,2>, <420,7,1>, <422,7,1>, <425,7,1>, <426,7,2>, <428,7,2>, <429,7,1>, <432,7,2>, <434,7,1>, <436,7,1>, <437,7,1>, <438,7,1>, <440,7,1>, <443,7,1>, <444,7,3>, <445,7,1>, <447,7,2>, <449,7,1>, <450,7,1>, <452,7,1>, <454,7,1>, <455,7,3>, <457,7,1>, <458,7,1>, <459,7,1>, <464,7,1>, <465,7,1>, <466,7,1>, <467,7,1>, <469,7,2>, <471,7,1>, <472,7,2>, <473,7,1>, <476,7,1>, <479,7,1>, <480,7,1>, <481,7,3>, <483,7,1>, <484,7,1>, <488,7,1>, <489,7,1>, <491,7,1>, <493,7,1>, <498,7,1>, <499,7,1>, <503,7,1>, <504,7,1>, <505,7,1>, <506,7,1>, <510,7,1>, <513,7,1>, <514,7,1>, <515,7,1>, <517,7,1>, <524,7,1>, <525,7,1>, <527,7,4>, <528,7,1>, <533,7,1>, <535,7,1>, <538,7,1>, <541,7,2>, <542,7,1>, <544,7,2>, <547,7,2>, <548,7,3>, <555,7,1>, <556,7,2>, <557,7,1>, <558,7,1>, <564,7,1>, <565,7,1>, <566,7,1>, <570,7,1>, <571,7,1>, <572,7,1>, <574,7,1>, <575,7,1>, <576,7,1>, <577,7,1>, <582,7,1>, <583,7,3>, <584,7,1>, <585,7,1>, <588,7,1>, <590,7,1>, <591,7,2>, <598,7,1>, <604,7,1>, <605,7,1>, <611,7,1>, <612,7,2>, <617,7,1>, <618,7,2>, <621,7,1>, <623,7,1>, <625,7,1>, <626,7,1>, <638,7,1>, <645,7,3>, <650,7,1>, <654,7,1>, <655,7,1>, <657,7,1>, <659,7,1>, <663,7,1>, <664,7,2>, <665,7,1>, <668,7,2>, <670,7,1>, <673,7,1>, <674,7,1>, <676,7,1>, <682,7,1>, <683,7,1>, <684,7,1>, <685,7,1>, <687,7,2>, <691,7,5>, <695,7,2>, <698,7,1>, <699,7,1>, <701,7,1>, <704,7,1>, <705,7,1>, <708,7,1>, <710,7,1>, <713,7,1>, <714,7,2>, <715,7,1>, <717,7,1>, <724,7,1>, <726,7,1>, <733,7,1>, <736,7,1>, <737,7,1>, <739,7,1>, <740,7,1>, <741,7,1>, <742,7,1>, <743,7,1>, <749,7,1>, <753,7,1>, <762,7,1>, <764,7,2>, <765,7,1>, <767,7,1>, <768,7,1>, <770,7,1>, <782,7,1>, <786,7,2>, <787,7,1>, <788,7,1>, <790,7,1>, <791,7,1>, <792,7,2>, <795,7,1>, <797,7,1>, <800,7,1>, <803,7,1>, <805,7,1>, <811,7,1>, <815,7,1>, <817,7,1>, <820,7,1>, <826,7,1>, <828,7,1>, <830,7,1>, <833,7,1>, <834,7,2>, <835,7,1>, <839,7,1>, <840,7,1>, <850,7,1>, <853,7,1>, <854,7,1>, <855,7,1>, <856,7,1>, <857,7,1>, <860,7,1>, <861,7,1>, <863,7,1>, <879,7,1>, <885,7,1>, <887,7,1>, <898,7,1>, <905,7,2>, <923,7,1>, <931,7,1>, <932,7,1>, <940,7,1>, <942,7,1>, <943,7,1>, <951,7,1>, <959,7,1>, <960,7,1>, <979,7,1>, <983,7,1>, <985,7,1>, <989,7,1>, <991,7,1>, <993,7,1>, <994,7,1>, <1000,7,1>, <1,5,220>, <2,5,263>, <3,5,76>, <4,5,104>, <5,5,45>, <6,5,151>, <7,5,26>, <8,5,27>, <9,5,78>, <10,5,14>, <11,5,11>, <12,5,16>, <13,5,8>, <14,5,17>, <15,5,74>, <16,5,50>, <17,5,36>, <18,5,5>, <19,5,32>, <20,5,2>, <21,5,31>, <22,5,36>, <23,5,14>, <24,5,15>, <25,5,4>, <26,5,1>, <27,5,13>, <28,5,15>, <29,5,14>, <30,5,7>, <31,5,5>, <32,5,1>, <33,5,2>, <34,5,4>, <35,5,5>, <36,5,12>, <37,5,8>, <38,5,1>, <39,5,2>, <40,5,4>, <41,5,17>, <42,5,4>, <43,5,1>, <44,5,27>, <45,5,4>, <46,5,6>, <47,5,1>, <48,5,11>, <49,5,24>, <50,5,6>, <51,5,20>, <52,5,14>, <53,5,17>, <54,5,4>, <55,5,8>, <56,5,9>, <57,5,9>, <58,5,13>, <59,5,7>, <60,5,6>, <61,5,1>, <62,5,9>, <63,5,3>, <64,5,1>, <65,5,14>, <66,5,7>, <67,5,3>, <68,5,5>, <69,5,9>, <70,5,1>, <71,5,7>, <72,5,9>, <73,5,1>, <74,5,3>, <75,5,6>, <76,5,2>, <77,5,6>, <78,5,8>, <79,5,14>, <80,5,4>, <81,5,10>, <82,5,8>, <83,5,8>, <84,5,4>, <85,5,9>, <86,5,2>, <87,5,4>, <88,5,5>, <90,5,2>, <91,5,3>, <92,5,1>, <93,5,1>, <94,5,3>, <95,5,2>, <97,5,7>, <98,5,1>, <99,5,9>, <101,5,1>, <102,5,2>, <103,5,3>, <104,5,5>, <105,5,3>, <106,5,1>, <107,5,7>, <108,5,3>, <109,5,2>, <110,5,2>, <111,5,2>, <112,5,1>, <113,5,1>, <114,5,4>, <116,5,9>, <117,5,5>, <119,5,4>, <121,5,5>, <122,5,9>, <123,5,2>, <124,5,1>, <125,5,6>, <126,5,4>, <127,5,4>, <128,5,1>, <129,5,8>, <130,5,3>, <131,5,1>, <132,5,2>, <133,5,1>, <135,5,3>, <138,5,2>, <139,5,1>, <140,5,1>, <141,5,1>, <142,5,5>, <144,5,2>, <145,5,1>, <146,5,1>, <147,5,1>, <149,5,2>, <150,5,3>, <151,5,1>, <152,5,2>, <153,5,2>, <155,5,2>, <156,5,1>, <157,5,2>, <158,5,1>, <159,5,15>, <160,5,3>, <161,5,3>, <162,5,1>, <163,5,1>, <164,5,2>, <165,5,6>, <166,5,1>, <167,5,1>, <168,5,2>, <169,5,1>, <171,5,2>, <172,5,6>, <173,5,3>, <175,5,1>, <176,5,2>, <177,5,1>, <179,5,1>, <180,5,1>, <182,5,3>, <183,5,1>, <185,5,3>, <186,5,3>, <187,5,4>, <188,5,1>, <193,5,1>, <194,5,2>, <195,5,1>, <197,5,1>, <198,5,2>, <199,5,2>, <200,5,2>, <203,5,6>, <204,5,1>, <205,5,1>, <206,5,2>, <207,5,2>, <208,5,1>, <209,5,2>, <211,5,1>, <212,5,1>, <215,5,1>, <216,5,3>, <220,5,1>, <221,5,4>, <222,5,2>, <223,5,1>, <224,5,2>, <225,5,1>, <226,5,2>, <227,5,1>, <228,5,1>, <229,5,1>, <230,5,1>, <235,5,2>, <236,5,2>, <237,5,1>, <238,5,1>, <239,5,3>, <241,5,6>, <242,5,4>, <243,5,2>, <244,5,1>, <245,5,1>, <246,5,3>, <247,5,1>, <248,5,1>, <249,5,1>, <252,5,1>, <253,5,2>, <254,5,1>, <256,5,2>, <257,5,1>, <258,5,5>, <259,5,1>, <260,5,1>, <262,5,1>, <265,5,1>, <266,5,2>, <267,5,2>, <268,5,2>, <270,5,3>, <272,5,1>, <274,5,2>, <275,5,1>, <277,5,2>, <279,5,1>, <281,5,1>, <282,5,3>, <283,5,1>, <286,5,2>, <287,5,1>, <288,5,3>, <289,5,2>, <290,5,1>, <291,5,3>, <294,5,2>, <295,5,1>, <296,5,1>, <297,5,1>, <298,5,1>, <299,5,1>, <301,5,1>, <302,5,1>, <303,5,1>, <305,5,1>, <307,5,2>, <308,5,1>, <309,5,1>, <310,5,1>, <311,5,1>, <312,5,1>, <314,5,1>, <315,5,1>, <317,5,2>, <318,5,2>, <319,5,1>, <323,5,1>, <324,5,2>, <326,5,1>, <329,5,2>, <330,5,1>, <331,5,1>, <332,5,1>, <333,5,1>, <334,5,3>, <335,5,2>, <336,5,2>, <341,5,3>, <342,5,1>, <345,5,4>, <346,5,2>, <347,5,1>, <349,5,1>, <352,5,1>, <353,5,2>, <356,5,1>, <357,5,1>, <358,5,1>, <359,5,1>, <360,5,1>, <364,5,1>, <368,5,2>, <370,5,1>, <371,5,1>, <375,5,1>, <376,5,2>, <377,5,2>, <380,5,2>, <381,5,3>, <382,5,1>, <384,5,2>, <386,5,1>, <387,5,1>, <388,5,1>, <392,5,1>, <393,5,2>, <395,5,1>, <396,5,1>, <399,5,1>, <400,5,1>, <401,5,1>, <402,5,1>, <403,5,2>, <404,5,1>, <406,5,1>, <407,5,1>, <408,5,1>, <409,5,2>, <415,5,1>, <417,5,1>, <420,5,2>, <422,5,1>, <423,5,2>, <424,5,3>, <428,5,1>, <429,5,1>, <430,5,1>, <431,5,2>, <433,5,1>, <434,5,1>, <436,5,1>, <438,5,3>, <442,5,1>, <444,5,1>, <445,5,1>, <446,5,1>, <447,5,1>, <449,5,1>, <451,5,1>, <452,5,2>, <457,5,1>, <459,5,1>, <460,5,1>, <461,5,2>, <464,5,1>, <465,5,3>, <466,5,1>, <467,5,1>, <468,5,1>, <469,5,2>, <470,5,1>, <471,5,1>, <473,5,1>, <478,5,1>, <480,5,1>, <483,5,1>, <485,5,1>, <488,5,1>, <489,5,1>, <490,5,1>, <491,5,1>, <492,5,1>, <493,5,1>, <494,5,1>, <497,5,1>, <499,5,1>, <501,5,1>, <503,5,1>, <505,5,1>, <506,5,2>, <507,5,1>, <508,5,1>, <509,5,1>, <511,5,1>, <512,5,1>, <514,5,1>, <521,5,1>, <523,5,1>, <525,5,1>, <526,5,1>, <529,5,1>, <530,5,1>, <531,5,1>, <540,5,2>, <543,5,1>, <544,5,1>, <545,5,2>, <547,5,1>, <548,5,1>, <549,5,1>, <550,5,1>, <552,5,1>, <556,5,3>, <559,5,1>, <560,5,1>, <561,5,1>, <564,5,1>, <570,5,1>, <576,5,1>, <578,5,1>, <580,5,1>, <581,5,1>, <587,5,2>, <588,5,1>, <589,5,1>, <590,5,1>, <592,5,2>, <600,5,1>, <606,5,1>, <607,5,1>, <608,5,1>, <609,5,1>, <613,5,2>, <616,5,1>, <617,5,1>, <621,5,1>, <623,5,1>, <625,5,1>, <632,5,1>, <636,5,1>, <637,5,1>, <641,5,1>, <644,5,1>, <645,5,3>, <648,5,2>, <650,5,1>, <651,5,1>, <652,5,1>, <654,5,1>, <656,5,2>, <663,5,1>, <664,5,1>, <667,5,1>, <668,5,1>, <669,5,1>, <670,5,1>, <671,5,1>, <672,5,1>, <674,5,1>, <675,5,3>, <677,5,1>, <678,5,1>, <679,5,1>, <680,5,1>, <681,5,1>, <682,5,1>, <684,5,1>, <685,5,1>, <689,5,1>, <695,5,1>, <697,5,1>, <698,5,2>, <704,5,2>, <709,5,1>, <712,5,1>, <717,5,2>, <719,5,1>, <720,5,1>, <721,5,1>, <725,5,4>, <729,5,1>, <735,5,1>, <741,5,1>, <743,5,1>, <744,5,1>, <746,5,1>, <750,5,1>, <751,5,1>, <753,5,2>, <754,5,1>, <755,5,1>, <756,5,1>, <766,5,1>, <768,5,1>, <770,5,1>, <772,5,1>, <776,5,1>, <780,5,1>, <782,5,2>, <784,5,1>, <786,5,1>, <787,5,1>, <788,5,1>, <791,5,1>, <792,5,1>, <795,5,1>, <802,5,2>, <803,5,1>, <804,5,1>, <806,5,1>, <808,5,1>, <813,5,1>, <817,5,3>, <824,5,1>, <825,5,1>, <826,5,2>, <834,5,1>, <835,5,1>, <839,5,1>, <841,5,1>, <850,5,1>, <855,5,1>, <866,5,1>, <868,5,1>, <870,5,2>, <875,5,1>, <877,5,1>, <879,5,1>, <880,5,1>, <882,5,1>, <883,5,1>, <884,5,1>, <885,5,1>, <890,5,1>, <893,5,2>, <894,5,1>, <902,5,1>, <907,5,1>, <920,5,1>, <931,5,1>, <940,5,1>, <942,5,1>, <952,5,1>, <956,5,1>, <960,5,1>, <963,5,1>, <964,5,1>, <965,5,1>, <968,5,1>, <980,5,1>, <983,5,2>, <988,5,1>, <991,5,2>, <995,5,1>, <997,5,1>, <1000,5,1>, <1,3,267>, <2,3,92>, <3,3,7>, <4,3,25>, <5,3,143>, <6,3,25>, <7,3,11>, <8,3,73>, <9,3,75>, <10,3,16>, <11,3,5>, <12,3,26>, <13,3,5>, <14,3,37>, <15,3,10>, <16,3,3>, <17,3,20>, <18,3,1>, <19,3,27>, <20,3,3>, <21,3,3>, <22,3,9>, <23,3,9>, <24,3,20>, <25,3,3>, <26,3,20>, <27,3,15>, <28,3,20>, <29,3,3>, <30,3,12>, <31,3,5>, <32,3,17>, <33,3,12>, <34,3,5>, <35,3,6>, <37,3,1>, <38,3,4>, <39,3,15>, <40,3,22>, <41,3,2>, <42,3,6>, <45,3,2>, <46,3,21>, <47,3,8>, <48,3,4>, <50,3,12>, <51,3,1>, <52,3,1>, <53,3,1>, <54,3,8>, <55,3,5>, <57,3,1>, <58,3,13>, <59,3,15>, <60,3,1>, <61,3,8>, <62,3,4>, <63,3,5>, <64,3,1>, <67,3,1>, <69,3,7>, <70,3,1>, <71,3,1>, <72,3,1>, <73,3,8>, <74,3,6>, <75,3,3>, <77,3,7>, <79,3,5>, <80,3,5>, <81,3,1>, <83,3,6>, <84,3,4>, <86,3,3>, <87,3,13>, <88,3,3>, <89,3,1>, <90,3,2>, <92,3,6>, <93,3,12>, <94,3,2>, <95,3,4>, <96,3,10>, <97,3,3>, <98,3,3>, <100,3,2>, <101,3,4>, <102,3,3>, <104,3,12>, <105,3,2>, <106,3,3>, <107,3,6>, <108,3,2>, <109,3,1>, <110,3,2>, <111,3,1>, <112,3,3>, <113,3,9>, <114,3,3>, <115,3,1>, <117,3,4>, <118,3,5>, <119,3,3>, <120,3,5>, <121,3,1>, <122,3,1>, <123,3,4>, <125,3,2>, <126,3,2>, <127,3,1>, <128,3,3>, <129,3,2>, <130,3,4>, <132,3,1>, <134,3,1>, <135,3,2>, <136,3,1>, <137,3,3>, <140,3,1>, <142,3,1>, <143,3,5>, <146,3,9>, <147,3,1>, <148,3,4>, <150,3,9>, <151,3,2>, <153,3,1>, <154,3,2>, <155,3,1>, <156,3,2>, <157,3,1>, <158,3,1>, <159,3,3>, <160,3,3>, <161,3,8>, <162,3,4>, <164,3,1>, <165,3,1>, <166,3,1>, <167,3,1>, <168,3,11>, <169,3,2>, <171,3,2>, <172,3,7>, <173,3,1>, <175,3,3>, <176,3,1>, <177,3,2>, <178,3,2>, <179,3,2>, <180,3,1>, <181,3,1>, <182,3,2>, <183,3,1>, <186,3,3>, <187,3,3>, <188,3,1>, <189,3,9>, <190,3,5>, <191,3,1>, <193,3,1>, <194,3,1>, <196,3,1>, <198,3,3>, <199,3,1>, <200,3,2>, <202,3,2>, <203,3,1>, <204,3,4>, <205,3,3>, <206,3,1>, <208,3,1>, <209,3,4>, <210,3,1>, <211,3,3>, <212,3,3>, <213,3,5>, <215,3,1>, <216,3,2>, <217,3,2>, <218,3,1>, <219,3,2>, <221,3,2>, <222,3,1>, <223,3,7>, <224,3,1>, <225,3,1>, <226,3,3>, <230,3,2>, <232,3,2>, <233,3,2>, <235,3,1>, <236,3,1>, <237,3,2>, <238,3,2>, <239,3,4>, <240,3,5>, <241,3,1>, <243,3,1>, <244,3,2>, <245,3,2>, <246,3,6>, <247,3,2>, <248,3,1>, <249,3,2>, <250,3,1>, <251,3,2>, <253,3,1>, <254,3,1>, <255,3,2>, <256,3,3>, <257,3,2>, <258,3,3>, <260,3,2>, <262,3,2>, <263,3,2>, <266,3,1>, <267,3,1>, <268,3,1>, <270,3,1>, <271,3,1>, <272,3,1>, <273,3,1>, <274,3,6>, <276,3,1>, <277,3,1>, <279,3,2>, <280,3,1>, <281,3,1>, <285,3,2>, <288,3,5>, <290,3,2>, <291,3,2>, <292,3,1>, <293,3,1>, <294,3,2>, <295,3,1>, <296,3,1>, <297,3,3>, <298,3,4>, <299,3,1>, <300,3,1>, <301,3,1>, <302,3,2>, <304,3,2>, <306,3,1>, <308,3,1>, <310,3,2>, <313,3,1>, <314,3,2>, <315,3,1>, <317,3,2>, <319,3,2>, <321,3,1>, <323,3,1>, <324,3,1>, <325,3,2>, <326,3,1>, <328,3,1>, <329,3,1>, <330,3,1>, <331,3,1>, <332,3,2>, <334,3,1>, <335,3,1>, <336,3,2>, <339,3,1>, <341,3,3>, <345,3,2>, <349,3,2>, <350,3,1>, <353,3,1>, <354,3,1>, <355,3,2>, <356,3,2>, <357,3,2>, <362,3,1>, <363,3,1>, <364,3,1>, <365,3,1>, <366,3,1>, <368,3,2>, <369,3,1>, <370,3,1>, <371,3,1>, <372,3,1>, <377,3,1>, <379,3,1>, <380,3,1>, <382,3,1>, <383,3,1>, <386,3,2>, <389,3,1>, <390,3,1>, <391,3,2>, <392,3,1>, <393,3,1>, <394,3,1>, <395,3,1>, <396,3,1>, <399,3,1>, <400,3,2>, <403,3,1>, <404,3,4>, <407,3,1>, <408,3,1>, <410,3,1>, <412,3,3>, <413,3,1>, <414,3,3>, <415,3,2>, <416,3,2>, <417,3,1>, <419,3,1>, <421,3,4>, <422,3,3>, <423,3,3>, <424,3,1>, <425,3,1>, <428,3,1>, <429,3,1>, <431,3,3>, <432,3,1>, <433,3,2>, <438,3,1>, <440,3,1>, <443,3,1>, <449,3,1>, <452,3,1>, <454,3,1>, <455,3,4>, <456,3,1>, <459,3,1>, <460,3,1>, <461,3,1>, <462,3,1>, <463,3,1>, <464,3,2>, <465,3,1>, <466,3,2>, <468,3,1>, <469,3,1>, <471,3,1>, <472,3,2>, <477,3,1>, <478,3,1>, <479,3,1>, <480,3,2>, <482,3,2>, <483,3,1>, <485,3,3>, <486,3,1>, <487,3,1>, <488,3,2>, <492,3,1>, <495,3,1>, <497,3,1>, <499,3,1>, <500,3,1>, <503,3,1>, <507,3,1>, <509,3,1>, <511,3,2>, <512,3,4>, <513,3,1>, <514,3,2>, <517,3,1>, <519,3,2>, <521,3,1>, <523,3,1>, <524,3,1>, <525,3,1>, <526,3,1>, <527,3,1>, <528,3,2>, <529,3,3>, <530,3,1>, <531,3,2>, <533,3,1>, <535,3,1>, <537,3,1>, <538,3,1>, <539,3,2>, <540,3,2>, <542,3,1>, <543,3,1>, <544,3,1>, <547,3,1>, <548,3,1>, <550,3,1>, <551,3,1>, <555,3,2>, <556,3,1>, <557,3,1>, <558,3,2>, <560,3,1>, <561,3,2>, <564,3,1>, <566,3,1>, <569,3,1>, <571,3,1>, <575,3,3>, <576,3,1>, <581,3,1>, <582,3,1>, <587,3,1>, <589,3,1>, <592,3,1>, <595,3,1>, <602,3,1>, <608,3,1>, <609,3,1>, <614,3,1>, <617,3,1>, <618,3,1>, <621,3,1>, <626,3,1>, <629,3,1>, <630,3,1>, <631,3,1>, <632,3,1>, <635,3,2>, <642,3,1>, <644,3,1>, <645,3,2>, <647,3,1>, <650,3,1>, <651,3,2>, <652,3,1>, <656,3,1>, <658,3,1>, <659,3,1>, <661,3,1>, <666,3,1>, <668,3,1>, <670,3,1>, <671,3,1>, <679,3,1>, <681,3,1>, <682,3,2>, <683,3,1>, <684,3,1>, <685,3,1>, <688,3,1>, <690,3,1>, <697,3,1>, <698,3,1>, <700,3,3>, <704,3,1>, <706,3,1>, <713,3,1>, <715,3,1>, <716,3,2>, <719,3,1>, <720,3,1>, <721,3,1>, <724,3,1>, <726,3,2>, <732,3,1>, <735,3,1>, <736,3,1>, <737,3,1>, <740,3,1>, <746,3,1>, <753,3,1>, <755,3,2>, <756,3,1>, <759,3,1>, <760,3,1>, <763,3,1>, <765,3,1>, <769,3,1>, <770,3,1>, <776,3,1>, <784,3,1>, <785,3,1>, <786,3,1>, <789,3,1>, <791,3,1>, <792,3,1>, <797,3,1>, <804,3,1>, <806,3,1>, <807,3,1>, <808,3,1>, <810,3,1>, <816,3,2>, <820,3,1>, <822,3,1>, <824,3,1>, <827,3,1>, <828,3,1>, <830,3,1>, <833,3,1>, <835,3,1>, <838,3,2>, <847,3,1>, <857,3,1>, <863,3,1>, <875,3,1>, <877,3,1>, <881,3,1>, <884,3,2>, <885,3,1>, <886,3,1>, <890,3,1>, <898,3,1>, <902,3,1>, <904,3,1>, <907,3,1>, <913,3,1>, <916,3,1>, <927,3,1>, <930,3,1>, <933,3,1>, <935,3,1>, <937,3,1>, <940,3,2>, <942,3,1>, <944,3,1>, <952,3,1>, <954,3,1>, <958,3,1>, <965,3,1>, <967,3,1>, <968,3,1>, <977,3,1>, <980,3,2>, <985,3,1>, <986,3,1>, <990,3,1>, <991,3,2>, <994,3,1>, <999,3,1>, <1000,3,1> };

MaxCacheStorageAtSingleAS= [ 1312.5  1312.5  1312.5  1312.5  1312.5  1312.5  1312.5  1312.5  1312.5  1312.5 ] ;

MaxCacheStorage = 13125 ;
SolutionGap = 0.01 ;
