
ASes= { 1, 2, 3, 4, 5, 6, 7, 8, 9, 10 } ;


Objects= { 1, 2, 3, 4, 5, 6, 7, 8, 9, 10, 11, 12, 13, 14, 15, 16, 17, 18, 19, 20, 21, 22, 23, 24, 25, 26, 27, 28, 29, 30, 31, 32, 33, 34, 35, 36, 37, 38, 39, 40, 41, 42, 43, 44, 45, 46, 47, 48, 49, 50, 51, 52, 53, 54, 55, 56, 57, 58, 59, 60, 61, 62, 63, 64, 65, 66, 67, 68, 69, 70, 71, 72, 73, 74, 75, 76, 77, 78, 79, 80, 81, 82, 83, 84, 85, 86, 87, 88, 89, 90, 91, 92, 93, 94, 95, 96, 97, 98, 99, 100, 101, 102, 103, 104, 105, 106, 107, 108, 109, 110, 111, 112, 113, 114, 115, 116, 117, 118, 119, 120, 121, 122, 123, 124, 125, 126, 127, 128, 129, 130, 131, 132, 133, 134, 135, 136, 137, 138, 139, 140, 141, 142, 143, 144, 145, 146, 147, 148, 149, 150, 151, 152, 153, 154, 155, 156, 157, 158, 159, 160, 161, 162, 163, 164, 165, 166, 167, 168, 169, 170, 171, 172, 173, 174, 175, 176, 177, 178, 179, 180, 181, 182, 183, 184, 185, 186, 187, 188, 189, 190, 191, 192, 193, 194, 195, 196, 197, 198, 199, 200, 201, 202, 203, 204, 205, 206, 207, 208, 209, 210, 211, 212, 213, 214, 215, 216, 217, 218, 219, 220, 221, 222, 223, 224, 225, 226, 227, 228, 229, 230, 231, 232, 233, 234, 235, 236, 237, 238, 239, 240, 241, 242, 243, 244, 245, 246, 247, 248, 249, 250, 251, 252, 253, 254, 255, 256, 257, 258, 259, 260, 261, 262, 263, 264, 265, 266, 267, 268, 269, 270, 271, 272, 273, 274, 275, 276, 277, 278, 279, 280, 281, 282, 283, 284, 285, 286, 287, 288, 289, 290, 291, 292, 293, 294, 295, 296, 297, 298, 299, 300, 301, 302, 303, 304, 305, 306, 307, 308, 309, 310, 311, 312, 313, 314, 315, 316, 317, 318, 319, 320, 321, 322, 323, 324, 325, 326, 327, 328, 329, 330, 331, 332, 333, 334, 335, 336, 337, 338, 339, 340, 341, 342, 343, 344, 345, 346, 347, 348, 349, 350, 351, 352, 353, 354, 355, 356, 357, 358, 359, 360, 361, 362, 363, 364, 365, 366, 367, 368, 369, 370, 371, 372, 373, 374, 375, 376, 377, 378, 379, 380, 381, 382, 383, 384, 385, 386, 387, 388, 389, 390, 391, 392, 393, 394, 395, 396, 397, 398, 399, 400, 401, 402, 403, 404, 405, 406, 407, 408, 409, 410, 411, 412, 413, 414, 415, 416, 417, 418, 419, 420, 421, 422, 423, 424, 425, 426, 427, 428, 429, 430, 431, 432, 433, 434, 435, 436, 437, 438, 439, 440, 441, 442, 443, 444, 445, 446, 447, 448, 449, 450, 451, 452, 453, 454, 455, 456, 457, 458, 459, 460, 461, 462, 463, 464, 465, 466, 467, 468, 469, 470, 471, 472, 473, 474, 475, 476, 477, 478, 479, 480, 481, 482, 483, 484, 485, 486, 487, 488, 489, 490, 491, 492, 493, 494, 495, 496, 497, 498, 499, 500, 501, 502, 503, 504, 505, 506, 507, 508, 509, 510, 511, 512, 513, 514, 515, 516, 517, 518, 519, 520, 521, 522, 523, 524, 525, 526, 527, 528, 529, 530, 531, 532, 533, 534, 535, 536, 537, 538, 539, 540, 541, 542, 543, 544, 545, 546, 547, 548, 549, 550, 551, 552, 553, 554, 555, 556, 557, 558, 559, 560, 561, 562, 563, 564, 565, 566, 567, 568, 569, 570, 571, 572, 573, 574, 575, 576, 577, 578, 579, 580, 581, 582, 583, 584, 585, 586, 587, 588, 589, 590, 591, 592, 593, 594, 595, 596, 597, 598, 599, 600, 601, 602, 603, 604, 605, 606, 607, 608, 609, 610, 611, 612, 613, 614, 615, 616, 617, 618, 619, 620, 621, 622, 623, 624, 625, 626, 627, 628, 629, 630, 631, 632, 633, 634, 635, 636, 637, 638, 639, 640, 641, 642, 643, 644, 645, 646, 647, 648, 649, 650, 651, 652, 653, 654, 655, 656, 657, 658, 659, 660, 661, 662, 663, 664, 665, 666, 667, 668, 669, 670, 671, 672, 673, 674, 675, 676, 677, 678, 679, 680, 681, 682, 683, 684, 685, 686, 687, 688, 689, 690, 691, 692, 693, 694, 695, 696, 697, 698, 699, 700, 701, 702, 703, 704, 705, 706, 707, 708, 709, 710, 711, 712, 713, 714, 715, 716, 717, 718, 719, 720, 721, 722, 723, 724, 725, 726, 727, 728, 729, 730, 731, 732, 733, 734, 735, 736, 737, 738, 739, 740, 741, 742, 743, 744, 745, 746, 747, 748, 749, 750, 751, 752, 753, 754, 755, 756, 757, 758, 759, 760, 761, 762, 763, 764, 765, 766, 767, 768, 769, 770, 771, 772, 773, 774, 775, 776, 777, 778, 779, 780, 781, 782, 783, 784, 785, 786, 787, 788, 789, 790, 791, 792, 793, 794, 795, 796, 797, 798, 799, 800, 801, 802, 803, 804, 805, 806, 807, 808, 809, 810, 811, 812, 813, 814, 815, 816, 817, 818, 819, 820, 821, 822, 823, 824, 825, 826, 827, 828, 829, 830, 831, 832, 833, 834, 835, 836, 837, 838, 839, 840, 841, 842, 843, 844, 845, 846, 847, 848, 849, 850, 851, 852, 853, 854, 855, 856, 857, 858, 859, 860, 861, 862, 863, 864, 865, 866, 867, 868, 869, 870, 871, 872, 873, 874, 875, 876, 877, 878, 879, 880, 881, 882, 883, 884, 885, 886, 887, 888, 889, 890, 891, 892, 893, 894, 895, 896, 897, 898, 899, 900, 901, 902, 903, 904, 905, 906, 907, 908, 909, 910, 911, 912, 913, 914, 915, 916, 917, 918, 919, 920, 921, 922, 923, 924, 925, 926, 927, 928, 929, 930, 931, 932, 933, 934, 935, 936, 937, 938, 939, 940, 941, 942, 943, 944, 945, 946, 947, 948, 949, 950, 951, 952, 953, 954, 955, 956, 957, 958, 959, 960, 961, 962, 963, 964, 965, 966, 967, 968, 969, 970, 971, 972, 973, 974, 975, 976, 977, 978, 979, 980, 981, 982, 983, 984, 985, 986, 987, 988, 989, 990, 991, 992, 993, 994, 995, 996, 997, 998, 999, 1000 } ;


QualityLevels= { 0, 1, 2, 3, 4, 5 } ;

Arcs = { <1,2,490000>, <2,1,490000>,<1,3,490000>, <3,1,490000>,<1,4,490000>, <4,1,490000>,<2,5,490000>, <5,2,490000>,<5,6,490000>, <6,5,490000>,<1,7,490000>, <7,1,490000>,<7,8,490000>, <8,7,490000>,<8,9,490000>, <9,8,490000>,<6,10,490000>, <10,6,490000> }; 


RatePerQuality= [ 0  300  700  1500  2500  3500 ] ;


CacheSpacePerQuality= [ 10000  11.25  26.25  56.25  93.75  131.25 ] ;


UtilityPerQuality= [ 0  0.2  0.4  0.6  0.8  1 ] ;


ObjectsPublishedByProducers=[ [ 0  1  0  0  0  0  0  0  0  0 ]  [ 0  1  0  0  0  0  0  0  0  0 ]  [ 0  0  1  0  0  0  0  0  0  0 ]  [ 0  0  1  0  0  0  0  0  0  0 ]  [ 0  1  0  0  0  0  0  0  0  0 ]  [ 0  0  0  0  0  0  0  0  0  1 ]  [ 0  0  0  0  0  0  0  0  0  1 ]  [ 0  0  0  1  0  0  0  0  0  0 ]  [ 0  0  0  0  0  0  0  0  0  1 ]  [ 0  0  0  0  0  0  0  0  0  1 ]  [ 0  0  0  0  0  0  0  0  1  0 ]  [ 0  0  1  0  0  0  0  0  0  0 ]  [ 0  0  0  0  0  0  0  0  1  0 ]  [ 0  0  0  1  0  0  0  0  0  0 ]  [ 0  0  0  0  0  0  0  0  0  1 ]  [ 0  1  0  0  0  0  0  0  0  0 ]  [ 0  1  0  0  0  0  0  0  0  0 ]  [ 0  0  0  0  0  0  0  0  1  0 ]  [ 0  0  0  0  0  0  0  0  1  0 ]  [ 0  0  0  1  0  0  0  0  0  0 ]  [ 0  0  1  0  0  0  0  0  0  0 ]  [ 0  0  1  0  0  0  0  0  0  0 ]  [ 0  0  0  0  0  0  0  0  1  0 ]  [ 0  0  0  1  0  0  0  0  0  0 ]  [ 0  0  0  1  0  0  0  0  0  0 ]  [ 0  1  0  0  0  0  0  0  0  0 ]  [ 0  0  0  0  0  0  0  0  1  0 ]  [ 0  0  0  0  0  0  0  0  1  0 ]  [ 0  0  0  1  0  0  0  0  0  0 ]  [ 0  0  1  0  0  0  0  0  0  0 ]  [ 0  0  0  1  0  0  0  0  0  0 ]  [ 0  0  1  0  0  0  0  0  0  0 ]  [ 0  0  0  0  0  0  0  0  1  0 ]  [ 0  1  0  0  0  0  0  0  0  0 ]  [ 0  0  0  0  0  0  0  0  0  1 ]  [ 0  0  1  0  0  0  0  0  0  0 ]  [ 0  1  0  0  0  0  0  0  0  0 ]  [ 0  0  0  0  0  0  0  0  0  1 ]  [ 0  0  0  0  0  0  0  0  0  1 ]  [ 0  1  0  0  0  0  0  0  0  0 ]  [ 0  0  0  0  0  0  0  0  0  1 ]  [ 0  0  0  0  0  0  0  0  0  1 ]  [ 0  0  0  1  0  0  0  0  0  0 ]  [ 0  1  0  0  0  0  0  0  0  0 ]  [ 0  1  0  0  0  0  0  0  0  0 ]  [ 0  0  1  0  0  0  0  0  0  0 ]  [ 0  0  0  0  0  0  0  0  0  1 ]  [ 0  0  0  0  0  0  0  0  0  1 ]  [ 0  0  0  0  0  0  0  0  1  0 ]  [ 0  0  0  0  0  0  0  0  1  0 ]  [ 0  0  0  0  0  0  0  0  1  0 ]  [ 0  1  0  0  0  0  0  0  0  0 ]  [ 0  0  0  0  0  0  0  0  1  0 ]  [ 0  1  0  0  0  0  0  0  0  0 ]  [ 0  0  0  1  0  0  0  0  0  0 ]  [ 0  1  0  0  0  0  0  0  0  0 ]  [ 0  1  0  0  0  0  0  0  0  0 ]  [ 0  0  0  0  0  0  0  0  1  0 ]  [ 0  0  0  0  0  0  0  0  1  0 ]  [ 0  1  0  0  0  0  0  0  0  0 ]  [ 0  0  0  0  0  0  0  0  0  1 ]  [ 0  0  0  0  0  0  0  0  1  0 ]  [ 0  0  0  1  0  0  0  0  0  0 ]  [ 0  0  0  1  0  0  0  0  0  0 ]  [ 0  0  0  0  0  0  0  0  0  1 ]  [ 0  0  1  0  0  0  0  0  0  0 ]  [ 0  1  0  0  0  0  0  0  0  0 ]  [ 0  0  0  1  0  0  0  0  0  0 ]  [ 0  1  0  0  0  0  0  0  0  0 ]  [ 0  0  0  1  0  0  0  0  0  0 ]  [ 0  1  0  0  0  0  0  0  0  0 ]  [ 0  0  0  0  0  0  0  0  0  1 ]  [ 0  0  0  0  0  0  0  0  1  0 ]  [ 0  0  0  0  0  0  0  0  1  0 ]  [ 0  0  0  0  0  0  0  0  0  1 ]  [ 0  0  0  0  0  0  0  0  1  0 ]  [ 0  0  0  1  0  0  0  0  0  0 ]  [ 0  0  0  1  0  0  0  0  0  0 ]  [ 0  0  0  0  0  0  0  0  1  0 ]  [ 0  1  0  0  0  0  0  0  0  0 ]  [ 0  0  0  0  0  0  0  0  0  1 ]  [ 0  0  1  0  0  0  0  0  0  0 ]  [ 0  1  0  0  0  0  0  0  0  0 ]  [ 0  0  0  0  0  0  0  0  0  1 ]  [ 0  1  0  0  0  0  0  0  0  0 ]  [ 0  0  1  0  0  0  0  0  0  0 ]  [ 0  0  0  0  0  0  0  0  0  1 ]  [ 0  0  1  0  0  0  0  0  0  0 ]  [ 0  0  0  0  0  0  0  0  0  1 ]  [ 0  0  0  1  0  0  0  0  0  0 ]  [ 0  0  0  1  0  0  0  0  0  0 ]  [ 0  1  0  0  0  0  0  0  0  0 ]  [ 0  0  1  0  0  0  0  0  0  0 ]  [ 0  0  0  0  0  0  0  0  1  0 ]  [ 0  1  0  0  0  0  0  0  0  0 ]  [ 0  0  0  1  0  0  0  0  0  0 ]  [ 0  0  0  1  0  0  0  0  0  0 ]  [ 0  1  0  0  0  0  0  0  0  0 ]  [ 0  0  0  0  0  0  0  0  1  0 ]  [ 0  0  0  0  0  0  0  0  0  1 ]  [ 0  0  1  0  0  0  0  0  0  0 ]  [ 0  0  0  1  0  0  0  0  0  0 ]  [ 0  0  1  0  0  0  0  0  0  0 ]  [ 0  0  0  0  0  0  0  0  0  1 ]  [ 0  0  1  0  0  0  0  0  0  0 ]  [ 0  1  0  0  0  0  0  0  0  0 ]  [ 0  0  1  0  0  0  0  0  0  0 ]  [ 0  0  0  0  0  0  0  0  0  1 ]  [ 0  0  1  0  0  0  0  0  0  0 ]  [ 0  0  0  1  0  0  0  0  0  0 ]  [ 0  1  0  0  0  0  0  0  0  0 ]  [ 0  0  1  0  0  0  0  0  0  0 ]  [ 0  0  1  0  0  0  0  0  0  0 ]  [ 0  0  0  0  0  0  0  0  0  1 ]  [ 0  0  0  1  0  0  0  0  0  0 ]  [ 0  0  1  0  0  0  0  0  0  0 ]  [ 0  1  0  0  0  0  0  0  0  0 ]  [ 0  0  1  0  0  0  0  0  0  0 ]  [ 0  0  1  0  0  0  0  0  0  0 ]  [ 0  0  0  1  0  0  0  0  0  0 ]  [ 0  0  0  0  0  0  0  0  0  1 ]  [ 0  0  0  0  0  0  0  0  0  1 ]  [ 0  0  1  0  0  0  0  0  0  0 ]  [ 0  0  0  1  0  0  0  0  0  0 ]  [ 0  0  1  0  0  0  0  0  0  0 ]  [ 0  0  0  0  0  0  0  0  1  0 ]  [ 0  0  0  0  0  0  0  0  0  1 ]  [ 0  0  0  0  0  0  0  0  0  1 ]  [ 0  1  0  0  0  0  0  0  0  0 ]  [ 0  0  0  0  0  0  0  0  0  1 ]  [ 0  1  0  0  0  0  0  0  0  0 ]  [ 0  0  0  0  0  0  0  0  0  1 ]  [ 0  0  0  0  0  0  0  0  1  0 ]  [ 0  0  0  1  0  0  0  0  0  0 ]  [ 0  0  0  0  0  0  0  0  0  1 ]  [ 0  0  0  1  0  0  0  0  0  0 ]  [ 0  0  1  0  0  0  0  0  0  0 ]  [ 0  0  0  0  0  0  0  0  1  0 ]  [ 0  1  0  0  0  0  0  0  0  0 ]  [ 0  0  1  0  0  0  0  0  0  0 ]  [ 0  0  0  0  0  0  0  0  1  0 ]  [ 0  0  0  1  0  0  0  0  0  0 ]  [ 0  0  0  0  0  0  0  0  1  0 ]  [ 0  0  1  0  0  0  0  0  0  0 ]  [ 0  1  0  0  0  0  0  0  0  0 ]  [ 0  0  0  1  0  0  0  0  0  0 ]  [ 0  0  0  0  0  0  0  0  0  1 ]  [ 0  0  0  0  0  0  0  0  1  0 ]  [ 0  0  1  0  0  0  0  0  0  0 ]  [ 0  0  0  0  0  0  0  0  1  0 ]  [ 0  0  1  0  0  0  0  0  0  0 ]  [ 0  0  1  0  0  0  0  0  0  0 ]  [ 0  0  1  0  0  0  0  0  0  0 ]  [ 0  0  1  0  0  0  0  0  0  0 ]  [ 0  0  1  0  0  0  0  0  0  0 ]  [ 0  0  0  0  0  0  0  0  0  1 ]  [ 0  0  0  0  0  0  0  0  1  0 ]  [ 0  1  0  0  0  0  0  0  0  0 ]  [ 0  1  0  0  0  0  0  0  0  0 ]  [ 0  1  0  0  0  0  0  0  0  0 ]  [ 0  0  0  1  0  0  0  0  0  0 ]  [ 0  0  0  0  0  0  0  0  1  0 ]  [ 0  0  0  1  0  0  0  0  0  0 ]  [ 0  0  0  0  0  0  0  0  1  0 ]  [ 0  0  0  0  0  0  0  0  0  1 ]  [ 0  1  0  0  0  0  0  0  0  0 ]  [ 0  0  0  0  0  0  0  0  0  1 ]  [ 0  0  0  1  0  0  0  0  0  0 ]  [ 0  0  0  0  0  0  0  0  1  0 ]  [ 0  0  0  0  0  0  0  0  1  0 ]  [ 0  0  1  0  0  0  0  0  0  0 ]  [ 0  0  1  0  0  0  0  0  0  0 ]  [ 0  0  0  0  0  0  0  0  1  0 ]  [ 0  0  1  0  0  0  0  0  0  0 ]  [ 0  0  0  0  0  0  0  0  0  1 ]  [ 0  0  0  1  0  0  0  0  0  0 ]  [ 0  0  1  0  0  0  0  0  0  0 ]  [ 0  0  1  0  0  0  0  0  0  0 ]  [ 0  0  0  1  0  0  0  0  0  0 ]  [ 0  0  0  1  0  0  0  0  0  0 ]  [ 0  0  0  0  0  0  0  0  1  0 ]  [ 0  0  0  0  0  0  0  0  1  0 ]  [ 0  0  0  1  0  0  0  0  0  0 ]  [ 0  0  0  0  0  0  0  0  0  1 ]  [ 0  0  0  1  0  0  0  0  0  0 ]  [ 0  1  0  0  0  0  0  0  0  0 ]  [ 0  1  0  0  0  0  0  0  0  0 ]  [ 0  0  0  0  0  0  0  0  0  1 ]  [ 0  0  0  0  0  0  0  0  1  0 ]  [ 0  0  0  0  0  0  0  0  1  0 ]  [ 0  0  0  0  0  0  0  0  1  0 ]  [ 0  0  1  0  0  0  0  0  0  0 ]  [ 0  0  0  0  0  0  0  0  1  0 ]  [ 0  0  0  0  0  0  0  0  1  0 ]  [ 0  0  1  0  0  0  0  0  0  0 ]  [ 0  0  1  0  0  0  0  0  0  0 ]  [ 0  1  0  0  0  0  0  0  0  0 ]  [ 0  0  0  1  0  0  0  0  0  0 ]  [ 0  0  0  0  0  0  0  0  1  0 ]  [ 0  1  0  0  0  0  0  0  0  0 ]  [ 0  0  0  0  0  0  0  0  0  1 ]  [ 0  0  0  1  0  0  0  0  0  0 ]  [ 0  1  0  0  0  0  0  0  0  0 ]  [ 0  0  0  1  0  0  0  0  0  0 ]  [ 0  0  1  0  0  0  0  0  0  0 ]  [ 0  0  0  0  0  0  0  0  0  1 ]  [ 0  0  1  0  0  0  0  0  0  0 ]  [ 0  0  0  1  0  0  0  0  0  0 ]  [ 0  1  0  0  0  0  0  0  0  0 ]  [ 0  0  0  0  0  0  0  0  0  1 ]  [ 0  0  1  0  0  0  0  0  0  0 ]  [ 0  0  0  0  0  0  0  0  1  0 ]  [ 0  0  0  0  0  0  0  0  1  0 ]  [ 0  0  0  0  0  0  0  0  1  0 ]  [ 0  0  0  1  0  0  0  0  0  0 ]  [ 0  0  0  0  0  0  0  0  1  0 ]  [ 0  0  1  0  0  0  0  0  0  0 ]  [ 0  0  0  1  0  0  0  0  0  0 ]  [ 0  0  0  1  0  0  0  0  0  0 ]  [ 0  1  0  0  0  0  0  0  0  0 ]  [ 0  0  1  0  0  0  0  0  0  0 ]  [ 0  0  0  0  0  0  0  0  0  1 ]  [ 0  0  1  0  0  0  0  0  0  0 ]  [ 0  0  0  0  0  0  0  0  1  0 ]  [ 0  0  0  1  0  0  0  0  0  0 ]  [ 0  0  0  0  0  0  0  0  1  0 ]  [ 0  0  0  0  0  0  0  0  0  1 ]  [ 0  0  0  1  0  0  0  0  0  0 ]  [ 0  0  1  0  0  0  0  0  0  0 ]  [ 0  0  1  0  0  0  0  0  0  0 ]  [ 0  0  1  0  0  0  0  0  0  0 ]  [ 0  1  0  0  0  0  0  0  0  0 ]  [ 0  0  0  0  0  0  0  0  0  1 ]  [ 0  1  0  0  0  0  0  0  0  0 ]  [ 0  0  0  0  0  0  0  0  0  1 ]  [ 0  0  1  0  0  0  0  0  0  0 ]  [ 0  0  0  0  0  0  0  0  0  1 ]  [ 0  0  0  0  0  0  0  0  0  1 ]  [ 0  0  0  0  0  0  0  0  0  1 ]  [ 0  0  0  0  0  0  0  0  1  0 ]  [ 0  0  0  1  0  0  0  0  0  0 ]  [ 0  0  0  0  0  0  0  0  1  0 ]  [ 0  0  0  0  0  0  0  0  0  1 ]  [ 0  0  0  1  0  0  0  0  0  0 ]  [ 0  0  0  0  0  0  0  0  1  0 ]  [ 0  0  0  0  0  0  0  0  1  0 ]  [ 0  1  0  0  0  0  0  0  0  0 ]  [ 0  1  0  0  0  0  0  0  0  0 ]  [ 0  1  0  0  0  0  0  0  0  0 ]  [ 0  1  0  0  0  0  0  0  0  0 ]  [ 0  0  0  1  0  0  0  0  0  0 ]  [ 0  0  0  1  0  0  0  0  0  0 ]  [ 0  0  0  0  0  0  0  0  1  0 ]  [ 0  0  0  1  0  0  0  0  0  0 ]  [ 0  0  0  0  0  0  0  0  1  0 ]  [ 0  0  0  0  0  0  0  0  0  1 ]  [ 0  1  0  0  0  0  0  0  0  0 ]  [ 0  0  0  0  0  0  0  0  1  0 ]  [ 0  1  0  0  0  0  0  0  0  0 ]  [ 0  0  1  0  0  0  0  0  0  0 ]  [ 0  0  0  1  0  0  0  0  0  0 ]  [ 0  1  0  0  0  0  0  0  0  0 ]  [ 0  0  1  0  0  0  0  0  0  0 ]  [ 0  0  0  0  0  0  0  0  1  0 ]  [ 0  0  1  0  0  0  0  0  0  0 ]  [ 0  0  1  0  0  0  0  0  0  0 ]  [ 0  1  0  0  0  0  0  0  0  0 ]  [ 0  1  0  0  0  0  0  0  0  0 ]  [ 0  0  0  0  0  0  0  0  0  1 ]  [ 0  0  1  0  0  0  0  0  0  0 ]  [ 0  0  0  1  0  0  0  0  0  0 ]  [ 0  0  0  1  0  0  0  0  0  0 ]  [ 0  0  0  0  0  0  0  0  0  1 ]  [ 0  0  0  0  0  0  0  0  0  1 ]  [ 0  0  0  0  0  0  0  0  1  0 ]  [ 0  0  0  0  0  0  0  0  1  0 ]  [ 0  0  1  0  0  0  0  0  0  0 ]  [ 0  0  0  0  0  0  0  0  1  0 ]  [ 0  1  0  0  0  0  0  0  0  0 ]  [ 0  0  0  0  0  0  0  0  0  1 ]  [ 0  0  1  0  0  0  0  0  0  0 ]  [ 0  0  0  0  0  0  0  0  1  0 ]  [ 0  0  0  0  0  0  0  0  0  1 ]  [ 0  0  0  1  0  0  0  0  0  0 ]  [ 0  1  0  0  0  0  0  0  0  0 ]  [ 0  0  0  0  0  0  0  0  1  0 ]  [ 0  0  0  0  0  0  0  0  0  1 ]  [ 0  0  0  0  0  0  0  0  1  0 ]  [ 0  1  0  0  0  0  0  0  0  0 ]  [ 0  0  0  0  0  0  0  0  0  1 ]  [ 0  0  0  0  0  0  0  0  1  0 ]  [ 0  0  1  0  0  0  0  0  0  0 ]  [ 0  0  0  0  0  0  0  0  1  0 ]  [ 0  0  1  0  0  0  0  0  0  0 ]  [ 0  0  0  0  0  0  0  0  1  0 ]  [ 0  1  0  0  0  0  0  0  0  0 ]  [ 0  0  1  0  0  0  0  0  0  0 ]  [ 0  0  0  0  0  0  0  0  1  0 ]  [ 0  0  0  0  0  0  0  0  1  0 ]  [ 0  0  0  0  0  0  0  0  1  0 ]  [ 0  0  0  0  0  0  0  0  0  1 ]  [ 0  1  0  0  0  0  0  0  0  0 ]  [ 0  0  0  0  0  0  0  0  0  1 ]  [ 0  0  0  0  0  0  0  0  1  0 ]  [ 0  1  0  0  0  0  0  0  0  0 ]  [ 0  0  0  1  0  0  0  0  0  0 ]  [ 0  0  0  0  0  0  0  0  0  1 ]  [ 0  0  0  0  0  0  0  0  0  1 ]  [ 0  0  0  0  0  0  0  0  0  1 ]  [ 0  1  0  0  0  0  0  0  0  0 ]  [ 0  0  0  1  0  0  0  0  0  0 ]  [ 0  0  0  0  0  0  0  0  0  1 ]  [ 0  0  0  0  0  0  0  0  1  0 ]  [ 0  0  0  0  0  0  0  0  0  1 ]  [ 0  1  0  0  0  0  0  0  0  0 ]  [ 0  0  0  0  0  0  0  0  0  1 ]  [ 0  0  1  0  0  0  0  0  0  0 ]  [ 0  0  0  0  0  0  0  0  1  0 ]  [ 0  0  0  0  0  0  0  0  0  1 ]  [ 0  1  0  0  0  0  0  0  0  0 ]  [ 0  0  0  0  0  0  0  0  0  1 ]  [ 0  1  0  0  0  0  0  0  0  0 ]  [ 0  0  1  0  0  0  0  0  0  0 ]  [ 0  1  0  0  0  0  0  0  0  0 ]  [ 0  0  0  0  0  0  0  0  0  1 ]  [ 0  0  0  0  0  0  0  0  0  1 ]  [ 0  1  0  0  0  0  0  0  0  0 ]  [ 0  1  0  0  0  0  0  0  0  0 ]  [ 0  0  1  0  0  0  0  0  0  0 ]  [ 0  1  0  0  0  0  0  0  0  0 ]  [ 0  0  0  0  0  0  0  0  0  1 ]  [ 0  0  1  0  0  0  0  0  0  0 ]  [ 0  0  0  0  0  0  0  0  0  1 ]  [ 0  0  0  0  0  0  0  0  1  0 ]  [ 0  0  1  0  0  0  0  0  0  0 ]  [ 0  1  0  0  0  0  0  0  0  0 ]  [ 0  0  1  0  0  0  0  0  0  0 ]  [ 0  0  0  0  0  0  0  0  0  1 ]  [ 0  0  0  0  0  0  0  0  1  0 ]  [ 0  0  0  1  0  0  0  0  0  0 ]  [ 0  0  0  0  0  0  0  0  1  0 ]  [ 0  0  0  0  0  0  0  0  1  0 ]  [ 0  0  0  1  0  0  0  0  0  0 ]  [ 0  1  0  0  0  0  0  0  0  0 ]  [ 0  0  1  0  0  0  0  0  0  0 ]  [ 0  0  1  0  0  0  0  0  0  0 ]  [ 0  0  0  0  0  0  0  0  1  0 ]  [ 0  1  0  0  0  0  0  0  0  0 ]  [ 0  0  0  0  0  0  0  0  0  1 ]  [ 0  0  0  0  0  0  0  0  0  1 ]  [ 0  0  0  0  0  0  0  0  1  0 ]  [ 0  0  0  0  0  0  0  0  0  1 ]  [ 0  0  0  1  0  0  0  0  0  0 ]  [ 0  0  0  1  0  0  0  0  0  0 ]  [ 0  0  0  0  0  0  0  0  1  0 ]  [ 0  0  1  0  0  0  0  0  0  0 ]  [ 0  0  1  0  0  0  0  0  0  0 ]  [ 0  0  0  0  0  0  0  0  0  1 ]  [ 0  0  1  0  0  0  0  0  0  0 ]  [ 0  0  0  0  0  0  0  0  0  1 ]  [ 0  0  0  0  0  0  0  0  0  1 ]  [ 0  0  0  0  0  0  0  0  1  0 ]  [ 0  0  0  0  0  0  0  0  0  1 ]  [ 0  0  0  0  0  0  0  0  0  1 ]  [ 0  1  0  0  0  0  0  0  0  0 ]  [ 0  0  1  0  0  0  0  0  0  0 ]  [ 0  0  1  0  0  0  0  0  0  0 ]  [ 0  0  0  1  0  0  0  0  0  0 ]  [ 0  0  0  0  0  0  0  0  1  0 ]  [ 0  0  0  1  0  0  0  0  0  0 ]  [ 0  0  1  0  0  0  0  0  0  0 ]  [ 0  0  0  0  0  0  0  0  1  0 ]  [ 0  1  0  0  0  0  0  0  0  0 ]  [ 0  0  0  1  0  0  0  0  0  0 ]  [ 0  0  0  0  0  0  0  0  1  0 ]  [ 0  0  0  1  0  0  0  0  0  0 ]  [ 0  0  0  0  0  0  0  0  1  0 ]  [ 0  1  0  0  0  0  0  0  0  0 ]  [ 0  0  0  1  0  0  0  0  0  0 ]  [ 0  0  0  0  0  0  0  0  0  1 ]  [ 0  0  0  0  0  0  0  0  1  0 ]  [ 0  0  0  0  0  0  0  0  1  0 ]  [ 0  1  0  0  0  0  0  0  0  0 ]  [ 0  0  1  0  0  0  0  0  0  0 ]  [ 0  1  0  0  0  0  0  0  0  0 ]  [ 0  0  0  1  0  0  0  0  0  0 ]  [ 0  0  0  0  0  0  0  0  0  1 ]  [ 0  0  0  0  0  0  0  0  0  1 ]  [ 0  0  0  0  0  0  0  0  0  1 ]  [ 0  0  0  1  0  0  0  0  0  0 ]  [ 0  1  0  0  0  0  0  0  0  0 ]  [ 0  0  1  0  0  0  0  0  0  0 ]  [ 0  0  0  0  0  0  0  0  0  1 ]  [ 0  0  0  1  0  0  0  0  0  0 ]  [ 0  0  0  0  0  0  0  0  1  0 ]  [ 0  1  0  0  0  0  0  0  0  0 ]  [ 0  0  0  0  0  0  0  0  0  1 ]  [ 0  0  0  0  0  0  0  0  0  1 ]  [ 0  0  0  1  0  0  0  0  0  0 ]  [ 0  0  0  1  0  0  0  0  0  0 ]  [ 0  0  0  0  0  0  0  0  1  0 ]  [ 0  0  0  1  0  0  0  0  0  0 ]  [ 0  0  0  1  0  0  0  0  0  0 ]  [ 0  1  0  0  0  0  0  0  0  0 ]  [ 0  0  1  0  0  0  0  0  0  0 ]  [ 0  1  0  0  0  0  0  0  0  0 ]  [ 0  0  0  1  0  0  0  0  0  0 ]  [ 0  0  0  1  0  0  0  0  0  0 ]  [ 0  0  0  1  0  0  0  0  0  0 ]  [ 0  0  1  0  0  0  0  0  0  0 ]  [ 0  0  0  0  0  0  0  0  1  0 ]  [ 0  0  1  0  0  0  0  0  0  0 ]  [ 0  0  0  0  0  0  0  0  1  0 ]  [ 0  0  0  1  0  0  0  0  0  0 ]  [ 0  1  0  0  0  0  0  0  0  0 ]  [ 0  1  0  0  0  0  0  0  0  0 ]  [ 0  0  0  0  0  0  0  0  1  0 ]  [ 0  0  0  0  0  0  0  0  0  1 ]  [ 0  1  0  0  0  0  0  0  0  0 ]  [ 0  0  0  1  0  0  0  0  0  0 ]  [ 0  0  1  0  0  0  0  0  0  0 ]  [ 0  0  0  1  0  0  0  0  0  0 ]  [ 0  0  1  0  0  0  0  0  0  0 ]  [ 0  0  0  0  0  0  0  0  0  1 ]  [ 0  0  0  1  0  0  0  0  0  0 ]  [ 0  0  0  1  0  0  0  0  0  0 ]  [ 0  0  0  0  0  0  0  0  0  1 ]  [ 0  0  0  1  0  0  0  0  0  0 ]  [ 0  1  0  0  0  0  0  0  0  0 ]  [ 0  0  0  0  0  0  0  0  0  1 ]  [ 0  0  0  0  0  0  0  0  1  0 ]  [ 0  1  0  0  0  0  0  0  0  0 ]  [ 0  0  0  1  0  0  0  0  0  0 ]  [ 0  1  0  0  0  0  0  0  0  0 ]  [ 0  1  0  0  0  0  0  0  0  0 ]  [ 0  0  0  0  0  0  0  0  1  0 ]  [ 0  0  0  0  0  0  0  0  0  1 ]  [ 0  1  0  0  0  0  0  0  0  0 ]  [ 0  0  0  0  0  0  0  0  0  1 ]  [ 0  0  0  0  0  0  0  0  0  1 ]  [ 0  1  0  0  0  0  0  0  0  0 ]  [ 0  1  0  0  0  0  0  0  0  0 ]  [ 0  0  0  0  0  0  0  0  0  1 ]  [ 0  1  0  0  0  0  0  0  0  0 ]  [ 0  0  0  1  0  0  0  0  0  0 ]  [ 0  0  0  0  0  0  0  0  0  1 ]  [ 0  0  0  0  0  0  0  0  0  1 ]  [ 0  0  0  1  0  0  0  0  0  0 ]  [ 0  0  0  1  0  0  0  0  0  0 ]  [ 0  0  1  0  0  0  0  0  0  0 ]  [ 0  1  0  0  0  0  0  0  0  0 ]  [ 0  0  0  1  0  0  0  0  0  0 ]  [ 0  0  0  0  0  0  0  0  1  0 ]  [ 0  1  0  0  0  0  0  0  0  0 ]  [ 0  0  1  0  0  0  0  0  0  0 ]  [ 0  1  0  0  0  0  0  0  0  0 ]  [ 0  0  1  0  0  0  0  0  0  0 ]  [ 0  0  1  0  0  0  0  0  0  0 ]  [ 0  0  0  1  0  0  0  0  0  0 ]  [ 0  0  0  1  0  0  0  0  0  0 ]  [ 0  1  0  0  0  0  0  0  0  0 ]  [ 0  1  0  0  0  0  0  0  0  0 ]  [ 0  0  0  0  0  0  0  0  0  1 ]  [ 0  0  0  0  0  0  0  0  1  0 ]  [ 0  0  0  0  0  0  0  0  1  0 ]  [ 0  0  0  1  0  0  0  0  0  0 ]  [ 0  1  0  0  0  0  0  0  0  0 ]  [ 0  0  0  1  0  0  0  0  0  0 ]  [ 0  0  0  1  0  0  0  0  0  0 ]  [ 0  0  0  0  0  0  0  0  0  1 ]  [ 0  0  1  0  0  0  0  0  0  0 ]  [ 0  0  0  1  0  0  0  0  0  0 ]  [ 0  1  0  0  0  0  0  0  0  0 ]  [ 0  0  1  0  0  0  0  0  0  0 ]  [ 0  0  1  0  0  0  0  0  0  0 ]  [ 0  0  0  1  0  0  0  0  0  0 ]  [ 0  0  0  1  0  0  0  0  0  0 ]  [ 0  0  0  0  0  0  0  0  1  0 ]  [ 0  0  0  1  0  0  0  0  0  0 ]  [ 0  0  0  1  0  0  0  0  0  0 ]  [ 0  0  0  1  0  0  0  0  0  0 ]  [ 0  0  0  1  0  0  0  0  0  0 ]  [ 0  0  0  0  0  0  0  0  0  1 ]  [ 0  0  0  1  0  0  0  0  0  0 ]  [ 0  0  0  1  0  0  0  0  0  0 ]  [ 0  0  0  0  0  0  0  0  0  1 ]  [ 0  0  1  0  0  0  0  0  0  0 ]  [ 0  0  1  0  0  0  0  0  0  0 ]  [ 0  1  0  0  0  0  0  0  0  0 ]  [ 0  0  0  0  0  0  0  0  1  0 ]  [ 0  0  0  0  0  0  0  0  0  1 ]  [ 0  0  1  0  0  0  0  0  0  0 ]  [ 0  0  0  0  0  0  0  0  1  0 ]  [ 0  1  0  0  0  0  0  0  0  0 ]  [ 0  0  0  1  0  0  0  0  0  0 ]  [ 0  0  0  0  0  0  0  0  0  1 ]  [ 0  0  0  0  0  0  0  0  0  1 ]  [ 0  0  0  1  0  0  0  0  0  0 ]  [ 0  1  0  0  0  0  0  0  0  0 ]  [ 0  0  0  1  0  0  0  0  0  0 ]  [ 0  0  0  0  0  0  0  0  1  0 ]  [ 0  0  0  0  0  0  0  0  0  1 ]  [ 0  0  0  1  0  0  0  0  0  0 ]  [ 0  1  0  0  0  0  0  0  0  0 ]  [ 0  0  0  0  0  0  0  0  1  0 ]  [ 0  0  0  0  0  0  0  0  1  0 ]  [ 0  0  0  0  0  0  0  0  1  0 ]  [ 0  1  0  0  0  0  0  0  0  0 ]  [ 0  1  0  0  0  0  0  0  0  0 ]  [ 0  1  0  0  0  0  0  0  0  0 ]  [ 0  0  0  0  0  0  0  0  1  0 ]  [ 0  0  0  0  0  0  0  0  1  0 ]  [ 0  0  0  0  0  0  0  0  1  0 ]  [ 0  0  1  0  0  0  0  0  0  0 ]  [ 0  0  1  0  0  0  0  0  0  0 ]  [ 0  1  0  0  0  0  0  0  0  0 ]  [ 0  0  1  0  0  0  0  0  0  0 ]  [ 0  1  0  0  0  0  0  0  0  0 ]  [ 0  0  0  0  0  0  0  0  0  1 ]  [ 0  1  0  0  0  0  0  0  0  0 ]  [ 0  0  1  0  0  0  0  0  0  0 ]  [ 0  0  0  1  0  0  0  0  0  0 ]  [ 0  0  0  0  0  0  0  0  0  1 ]  [ 0  0  1  0  0  0  0  0  0  0 ]  [ 0  0  1  0  0  0  0  0  0  0 ]  [ 0  0  0  1  0  0  0  0  0  0 ]  [ 0  0  1  0  0  0  0  0  0  0 ]  [ 0  0  1  0  0  0  0  0  0  0 ]  [ 0  0  0  0  0  0  0  0  0  1 ]  [ 0  0  1  0  0  0  0  0  0  0 ]  [ 0  1  0  0  0  0  0  0  0  0 ]  [ 0  0  0  0  0  0  0  0  0  1 ]  [ 0  0  1  0  0  0  0  0  0  0 ]  [ 0  1  0  0  0  0  0  0  0  0 ]  [ 0  0  0  1  0  0  0  0  0  0 ]  [ 0  0  0  0  0  0  0  0  1  0 ]  [ 0  0  0  0  0  0  0  0  1  0 ]  [ 0  0  1  0  0  0  0  0  0  0 ]  [ 0  0  0  0  0  0  0  0  1  0 ]  [ 0  0  1  0  0  0  0  0  0  0 ]  [ 0  0  1  0  0  0  0  0  0  0 ]  [ 0  1  0  0  0  0  0  0  0  0 ]  [ 0  1  0  0  0  0  0  0  0  0 ]  [ 0  0  0  0  0  0  0  0  1  0 ]  [ 0  0  0  0  0  0  0  0  0  1 ]  [ 0  1  0  0  0  0  0  0  0  0 ]  [ 0  0  1  0  0  0  0  0  0  0 ]  [ 0  0  0  0  0  0  0  0  1  0 ]  [ 0  0  1  0  0  0  0  0  0  0 ]  [ 0  0  1  0  0  0  0  0  0  0 ]  [ 0  0  1  0  0  0  0  0  0  0 ]  [ 0  0  0  1  0  0  0  0  0  0 ]  [ 0  0  1  0  0  0  0  0  0  0 ]  [ 0  0  0  1  0  0  0  0  0  0 ]  [ 0  0  0  1  0  0  0  0  0  0 ]  [ 0  0  0  0  0  0  0  0  0  1 ]  [ 0  1  0  0  0  0  0  0  0  0 ]  [ 0  1  0  0  0  0  0  0  0  0 ]  [ 0  0  0  0  0  0  0  0  0  1 ]  [ 0  0  0  0  0  0  0  0  1  0 ]  [ 0  1  0  0  0  0  0  0  0  0 ]  [ 0  0  1  0  0  0  0  0  0  0 ]  [ 0  0  1  0  0  0  0  0  0  0 ]  [ 0  1  0  0  0  0  0  0  0  0 ]  [ 0  0  0  0  0  0  0  0  0  1 ]  [ 0  0  0  1  0  0  0  0  0  0 ]  [ 0  0  0  1  0  0  0  0  0  0 ]  [ 0  0  0  1  0  0  0  0  0  0 ]  [ 0  0  0  0  0  0  0  0  1  0 ]  [ 0  0  0  0  0  0  0  0  1  0 ]  [ 0  0  0  1  0  0  0  0  0  0 ]  [ 0  0  0  0  0  0  0  0  0  1 ]  [ 0  1  0  0  0  0  0  0  0  0 ]  [ 0  0  0  0  0  0  0  0  1  0 ]  [ 0  0  0  0  0  0  0  0  1  0 ]  [ 0  0  0  1  0  0  0  0  0  0 ]  [ 0  0  0  0  0  0  0  0  0  1 ]  [ 0  1  0  0  0  0  0  0  0  0 ]  [ 0  0  0  1  0  0  0  0  0  0 ]  [ 0  0  0  0  0  0  0  0  0  1 ]  [ 0  0  0  0  0  0  0  0  0  1 ]  [ 0  0  0  0  0  0  0  0  0  1 ]  [ 0  0  1  0  0  0  0  0  0  0 ]  [ 0  0  0  0  0  0  0  0  1  0 ]  [ 0  0  0  1  0  0  0  0  0  0 ]  [ 0  0  1  0  0  0  0  0  0  0 ]  [ 0  0  0  0  0  0  0  0  1  0 ]  [ 0  0  0  0  0  0  0  0  0  1 ]  [ 0  0  0  0  0  0  0  0  0  1 ]  [ 0  0  0  0  0  0  0  0  0  1 ]  [ 0  0  0  0  0  0  0  0  0  1 ]  [ 0  0  0  0  0  0  0  0  1  0 ]  [ 0  0  1  0  0  0  0  0  0  0 ]  [ 0  0  0  0  0  0  0  0  0  1 ]  [ 0  1  0  0  0  0  0  0  0  0 ]  [ 0  1  0  0  0  0  0  0  0  0 ]  [ 0  0  0  0  0  0  0  0  1  0 ]  [ 0  0  1  0  0  0  0  0  0  0 ]  [ 0  0  1  0  0  0  0  0  0  0 ]  [ 0  0  1  0  0  0  0  0  0  0 ]  [ 0  0  0  0  0  0  0  0  0  1 ]  [ 0  0  0  0  0  0  0  0  1  0 ]  [ 0  0  1  0  0  0  0  0  0  0 ]  [ 0  1  0  0  0  0  0  0  0  0 ]  [ 0  1  0  0  0  0  0  0  0  0 ]  [ 0  1  0  0  0  0  0  0  0  0 ]  [ 0  0  0  0  0  0  0  0  1  0 ]  [ 0  0  0  1  0  0  0  0  0  0 ]  [ 0  0  0  1  0  0  0  0  0  0 ]  [ 0  1  0  0  0  0  0  0  0  0 ]  [ 0  0  0  0  0  0  0  0  0  1 ]  [ 0  0  0  1  0  0  0  0  0  0 ]  [ 0  1  0  0  0  0  0  0  0  0 ]  [ 0  0  0  0  0  0  0  0  1  0 ]  [ 0  0  0  0  0  0  0  0  1  0 ]  [ 0  0  0  0  0  0  0  0  1  0 ]  [ 0  0  0  0  0  0  0  0  0  1 ]  [ 0  0  0  0  0  0  0  0  1  0 ]  [ 0  0  0  0  0  0  0  0  0  1 ]  [ 0  0  1  0  0  0  0  0  0  0 ]  [ 0  0  0  0  0  0  0  0  0  1 ]  [ 0  0  0  1  0  0  0  0  0  0 ]  [ 0  1  0  0  0  0  0  0  0  0 ]  [ 0  0  0  1  0  0  0  0  0  0 ]  [ 0  0  0  1  0  0  0  0  0  0 ]  [ 0  0  0  0  0  0  0  0  1  0 ]  [ 0  0  0  1  0  0  0  0  0  0 ]  [ 0  0  0  0  0  0  0  0  1  0 ]  [ 0  1  0  0  0  0  0  0  0  0 ]  [ 0  0  0  1  0  0  0  0  0  0 ]  [ 0  0  0  0  0  0  0  0  0  1 ]  [ 0  0  0  0  0  0  0  0  0  1 ]  [ 0  0  0  0  0  0  0  0  0  1 ]  [ 0  0  0  0  0  0  0  0  1  0 ]  [ 0  0  0  0  0  0  0  0  1  0 ]  [ 0  0  0  1  0  0  0  0  0  0 ]  [ 0  0  0  0  0  0  0  0  1  0 ]  [ 0  0  0  1  0  0  0  0  0  0 ]  [ 0  0  1  0  0  0  0  0  0  0 ]  [ 0  0  0  0  0  0  0  0  1  0 ]  [ 0  0  1  0  0  0  0  0  0  0 ]  [ 0  0  0  0  0  0  0  0  1  0 ]  [ 0  0  0  0  0  0  0  0  1  0 ]  [ 0  0  0  1  0  0  0  0  0  0 ]  [ 0  0  1  0  0  0  0  0  0  0 ]  [ 0  0  0  0  0  0  0  0  0  1 ]  [ 0  1  0  0  0  0  0  0  0  0 ]  [ 0  0  0  1  0  0  0  0  0  0 ]  [ 0  0  0  0  0  0  0  0  0  1 ]  [ 0  0  0  0  0  0  0  0  0  1 ]  [ 0  1  0  0  0  0  0  0  0  0 ]  [ 0  0  0  0  0  0  0  0  0  1 ]  [ 0  0  0  1  0  0  0  0  0  0 ]  [ 0  0  0  1  0  0  0  0  0  0 ]  [ 0  1  0  0  0  0  0  0  0  0 ]  [ 0  0  0  1  0  0  0  0  0  0 ]  [ 0  0  1  0  0  0  0  0  0  0 ]  [ 0  1  0  0  0  0  0  0  0  0 ]  [ 0  0  1  0  0  0  0  0  0  0 ]  [ 0  0  0  1  0  0  0  0  0  0 ]  [ 0  0  0  1  0  0  0  0  0  0 ]  [ 0  0  0  1  0  0  0  0  0  0 ]  [ 0  0  0  0  0  0  0  0  0  1 ]  [ 0  0  0  1  0  0  0  0  0  0 ]  [ 0  0  0  0  0  0  0  0  1  0 ]  [ 0  0  0  0  0  0  0  0  1  0 ]  [ 0  1  0  0  0  0  0  0  0  0 ]  [ 0  0  1  0  0  0  0  0  0  0 ]  [ 0  0  0  0  0  0  0  0  1  0 ]  [ 0  0  1  0  0  0  0  0  0  0 ]  [ 0  0  1  0  0  0  0  0  0  0 ]  [ 0  0  0  0  0  0  0  0  0  1 ]  [ 0  0  0  1  0  0  0  0  0  0 ]  [ 0  0  1  0  0  0  0  0  0  0 ]  [ 0  0  0  0  0  0  0  0  1  0 ]  [ 0  1  0  0  0  0  0  0  0  0 ]  [ 0  0  0  0  0  0  0  0  0  1 ]  [ 0  0  0  0  0  0  0  0  1  0 ]  [ 0  1  0  0  0  0  0  0  0  0 ]  [ 0  1  0  0  0  0  0  0  0  0 ]  [ 0  0  1  0  0  0  0  0  0  0 ]  [ 0  0  0  1  0  0  0  0  0  0 ]  [ 0  1  0  0  0  0  0  0  0  0 ]  [ 0  1  0  0  0  0  0  0  0  0 ]  [ 0  0  0  1  0  0  0  0  0  0 ]  [ 0  0  0  0  0  0  0  0  0  1 ]  [ 0  1  0  0  0  0  0  0  0  0 ]  [ 0  0  0  0  0  0  0  0  1  0 ]  [ 0  0  0  0  0  0  0  0  0  1 ]  [ 0  0  0  0  0  0  0  0  1  0 ]  [ 0  0  0  1  0  0  0  0  0  0 ]  [ 0  0  0  1  0  0  0  0  0  0 ]  [ 0  0  1  0  0  0  0  0  0  0 ]  [ 0  0  0  0  0  0  0  0  0  1 ]  [ 0  0  1  0  0  0  0  0  0  0 ]  [ 0  0  0  0  0  0  0  0  0  1 ]  [ 0  0  0  1  0  0  0  0  0  0 ]  [ 0  0  0  0  0  0  0  0  1  0 ]  [ 0  1  0  0  0  0  0  0  0  0 ]  [ 0  0  0  1  0  0  0  0  0  0 ]  [ 0  0  0  0  0  0  0  0  1  0 ]  [ 0  0  0  1  0  0  0  0  0  0 ]  [ 0  0  0  1  0  0  0  0  0  0 ]  [ 0  0  0  1  0  0  0  0  0  0 ]  [ 0  0  0  0  0  0  0  0  1  0 ]  [ 0  1  0  0  0  0  0  0  0  0 ]  [ 0  0  1  0  0  0  0  0  0  0 ]  [ 0  1  0  0  0  0  0  0  0  0 ]  [ 0  0  0  0  0  0  0  0  0  1 ]  [ 0  0  1  0  0  0  0  0  0  0 ]  [ 0  0  0  0  0  0  0  0  0  1 ]  [ 0  0  0  0  0  0  0  0  1  0 ]  [ 0  0  0  0  0  0  0  0  1  0 ]  [ 0  0  1  0  0  0  0  0  0  0 ]  [ 0  0  0  0  0  0  0  0  1  0 ]  [ 0  0  0  0  0  0  0  0  1  0 ]  [ 0  0  0  0  0  0  0  0  0  1 ]  [ 0  0  0  0  0  0  0  0  1  0 ]  [ 0  0  0  0  0  0  0  0  0  1 ]  [ 0  0  0  0  0  0  0  0  0  1 ]  [ 0  0  0  1  0  0  0  0  0  0 ]  [ 0  0  1  0  0  0  0  0  0  0 ]  [ 0  0  0  0  0  0  0  0  1  0 ]  [ 0  0  1  0  0  0  0  0  0  0 ]  [ 0  0  1  0  0  0  0  0  0  0 ]  [ 0  0  0  1  0  0  0  0  0  0 ]  [ 0  0  0  0  0  0  0  0  1  0 ]  [ 0  0  0  0  0  0  0  0  0  1 ]  [ 0  0  0  0  0  0  0  0  0  1 ]  [ 0  1  0  0  0  0  0  0  0  0 ]  [ 0  0  1  0  0  0  0  0  0  0 ]  [ 0  0  0  0  0  0  0  0  1  0 ]  [ 0  0  1  0  0  0  0  0  0  0 ]  [ 0  0  0  0  0  0  0  0  0  1 ]  [ 0  0  0  0  0  0  0  0  1  0 ]  [ 0  0  1  0  0  0  0  0  0  0 ]  [ 0  0  0  1  0  0  0  0  0  0 ]  [ 0  0  0  0  0  0  0  0  0  1 ]  [ 0  0  0  0  0  0  0  0  1  0 ]  [ 0  1  0  0  0  0  0  0  0  0 ]  [ 0  0  0  1  0  0  0  0  0  0 ]  [ 0  0  0  1  0  0  0  0  0  0 ]  [ 0  1  0  0  0  0  0  0  0  0 ]  [ 0  0  0  0  0  0  0  0  0  1 ]  [ 0  0  1  0  0  0  0  0  0  0 ]  [ 0  0  0  0  0  0  0  0  0  1 ]  [ 0  0  0  1  0  0  0  0  0  0 ]  [ 0  1  0  0  0  0  0  0  0  0 ]  [ 0  0  0  0  0  0  0  0  0  1 ]  [ 0  1  0  0  0  0  0  0  0  0 ]  [ 0  1  0  0  0  0  0  0  0  0 ]  [ 0  0  0  0  0  0  0  0  1  0 ]  [ 0  1  0  0  0  0  0  0  0  0 ]  [ 0  0  1  0  0  0  0  0  0  0 ]  [ 0  0  0  1  0  0  0  0  0  0 ]  [ 0  1  0  0  0  0  0  0  0  0 ]  [ 0  0  1  0  0  0  0  0  0  0 ]  [ 0  0  0  0  0  0  0  0  0  1 ]  [ 0  1  0  0  0  0  0  0  0  0 ]  [ 0  0  0  0  0  0  0  0  0  1 ]  [ 0  1  0  0  0  0  0  0  0  0 ]  [ 0  0  1  0  0  0  0  0  0  0 ]  [ 0  0  0  0  0  0  0  0  1  0 ]  [ 0  0  0  0  0  0  0  0  0  1 ]  [ 0  0  0  0  0  0  0  0  1  0 ]  [ 0  0  0  0  0  0  0  0  1  0 ]  [ 0  0  0  0  0  0  0  0  0  1 ]  [ 0  0  1  0  0  0  0  0  0  0 ]  [ 0  0  1  0  0  0  0  0  0  0 ]  [ 0  0  0  0  0  0  0  0  1  0 ]  [ 0  1  0  0  0  0  0  0  0  0 ]  [ 0  1  0  0  0  0  0  0  0  0 ]  [ 0  0  0  0  0  0  0  0  0  1 ]  [ 0  0  0  1  0  0  0  0  0  0 ]  [ 0  1  0  0  0  0  0  0  0  0 ]  [ 0  0  1  0  0  0  0  0  0  0 ]  [ 0  0  0  1  0  0  0  0  0  0 ]  [ 0  0  0  0  0  0  0  0  0  1 ]  [ 0  1  0  0  0  0  0  0  0  0 ]  [ 0  0  0  0  0  0  0  0  1  0 ]  [ 0  1  0  0  0  0  0  0  0  0 ]  [ 0  0  1  0  0  0  0  0  0  0 ]  [ 0  0  0  0  0  0  0  0  1  0 ]  [ 0  0  1  0  0  0  0  0  0  0 ]  [ 0  0  0  1  0  0  0  0  0  0 ]  [ 0  0  1  0  0  0  0  0  0  0 ]  [ 0  0  1  0  0  0  0  0  0  0 ]  [ 0  0  0  0  0  0  0  0  1  0 ]  [ 0  0  0  0  0  0  0  0  1  0 ]  [ 0  0  0  1  0  0  0  0  0  0 ]  [ 0  0  0  0  0  0  0  0  0  1 ]  [ 0  0  1  0  0  0  0  0  0  0 ]  [ 0  0  0  0  0  0  0  0  1  0 ]  [ 0  0  0  0  0  0  0  0  1  0 ]  [ 0  0  0  0  0  0  0  0  1  0 ]  [ 0  1  0  0  0  0  0  0  0  0 ]  [ 0  0  1  0  0  0  0  0  0  0 ]  [ 0  0  0  0  0  0  0  0  1  0 ]  [ 0  0  0  0  0  0  0  0  1  0 ]  [ 0  0  0  1  0  0  0  0  0  0 ]  [ 0  1  0  0  0  0  0  0  0  0 ]  [ 0  0  0  0  0  0  0  0  1  0 ]  [ 0  0  0  0  0  0  0  0  1  0 ]  [ 0  0  0  0  0  0  0  0  1  0 ]  [ 0  0  0  0  0  0  0  0  1  0 ]  [ 0  1  0  0  0  0  0  0  0  0 ]  [ 0  0  0  0  0  0  0  0  0  1 ]  [ 0  0  0  0  0  0  0  0  0  1 ]  [ 0  0  1  0  0  0  0  0  0  0 ]  [ 0  0  0  0  0  0  0  0  1  0 ]  [ 0  0  1  0  0  0  0  0  0  0 ]  [ 0  0  0  1  0  0  0  0  0  0 ]  [ 0  0  1  0  0  0  0  0  0  0 ]  [ 0  0  0  0  0  0  0  0  0  1 ]  [ 0  1  0  0  0  0  0  0  0  0 ]  [ 0  0  0  0  0  0  0  0  0  1 ]  [ 0  0  0  0  0  0  0  0  1  0 ]  [ 0  0  0  1  0  0  0  0  0  0 ]  [ 0  0  0  0  0  0  0  0  1  0 ]  [ 0  0  0  0  0  0  0  0  1  0 ]  [ 0  0  0  0  0  0  0  0  1  0 ]  [ 0  0  0  1  0  0  0  0  0  0 ]  [ 0  0  0  1  0  0  0  0  0  0 ]  [ 0  0  0  0  0  0  0  0  0  1 ]  [ 0  1  0  0  0  0  0  0  0  0 ]  [ 0  1  0  0  0  0  0  0  0  0 ]  [ 0  0  0  0  0  0  0  0  0  1 ]  [ 0  0  1  0  0  0  0  0  0  0 ]  [ 0  0  0  1  0  0  0  0  0  0 ]  [ 0  1  0  0  0  0  0  0  0  0 ]  [ 0  1  0  0  0  0  0  0  0  0 ]  [ 0  0  0  0  0  0  0  0  1  0 ]  [ 0  0  0  0  0  0  0  0  1  0 ]  [ 0  0  0  0  0  0  0  0  0  1 ]  [ 0  0  0  1  0  0  0  0  0  0 ]  [ 0  0  0  0  0  0  0  0  0  1 ]  [ 0  0  0  1  0  0  0  0  0  0 ]  [ 0  1  0  0  0  0  0  0  0  0 ]  [ 0  0  0  0  0  0  0  0  1  0 ]  [ 0  0  0  0  0  0  0  0  0  1 ]  [ 0  0  0  0  0  0  0  0  1  0 ]  [ 0  0  0  0  0  0  0  0  1  0 ]  [ 0  0  0  0  0  0  0  0  1  0 ]  [ 0  1  0  0  0  0  0  0  0  0 ]  [ 0  0  0  0  0  0  0  0  0  1 ]  [ 0  0  0  0  0  0  0  0  1  0 ]  [ 0  0  0  0  0  0  0  0  1  0 ]  [ 0  1  0  0  0  0  0  0  0  0 ]  [ 0  0  0  0  0  0  0  0  0  1 ]  [ 0  0  0  0  0  0  0  0  0  1 ]  [ 0  1  0  0  0  0  0  0  0  0 ]  [ 0  0  1  0  0  0  0  0  0  0 ]  [ 0  0  0  0  0  0  0  0  1  0 ]  [ 0  0  0  0  0  0  0  0  0  1 ]  [ 0  0  0  0  0  0  0  0  1  0 ]  [ 0  1  0  0  0  0  0  0  0  0 ]  [ 0  1  0  0  0  0  0  0  0  0 ]  [ 0  0  0  1  0  0  0  0  0  0 ]  [ 0  0  0  0  0  0  0  0  0  1 ]  [ 0  0  0  0  0  0  0  0  0  1 ]  [ 0  0  0  0  0  0  0  0  0  1 ]  [ 0  0  0  1  0  0  0  0  0  0 ]  [ 0  0  0  0  0  0  0  0  0  1 ]  [ 0  0  0  1  0  0  0  0  0  0 ]  [ 0  0  1  0  0  0  0  0  0  0 ]  [ 0  0  0  0  0  0  0  0  0  1 ]  [ 0  0  0  0  0  0  0  0  0  1 ]  [ 0  0  0  0  0  0  0  0  1  0 ]  [ 0  0  0  0  0  0  0  0  1  0 ]  [ 0  1  0  0  0  0  0  0  0  0 ]  [ 0  1  0  0  0  0  0  0  0  0 ]  [ 0  0  0  0  0  0  0  0  1  0 ]  [ 0  1  0  0  0  0  0  0  0  0 ]  [ 0  0  0  0  0  0  0  0  1  0 ]  [ 0  0  0  0  0  0  0  0  1  0 ]  [ 0  0  0  0  0  0  0  0  0  1 ]  [ 0  0  0  0  0  0  0  0  0  1 ]  [ 0  1  0  0  0  0  0  0  0  0 ]  [ 0  0  0  0  0  0  0  0  0  1 ]  [ 0  0  0  0  0  0  0  0  0  1 ]  [ 0  0  0  0  0  0  0  0  1  0 ]  [ 0  0  1  0  0  0  0  0  0  0 ]  [ 0  0  0  0  0  0  0  0  1  0 ]  [ 0  0  1  0  0  0  0  0  0  0 ]  [ 0  1  0  0  0  0  0  0  0  0 ]  [ 0  0  0  1  0  0  0  0  0  0 ]  [ 0  0  0  0  0  0  0  0  0  1 ]  [ 0  0  0  0  0  0  0  0  0  1 ]  [ 0  0  1  0  0  0  0  0  0  0 ]  [ 0  1  0  0  0  0  0  0  0  0 ]  [ 0  0  0  1  0  0  0  0  0  0 ]  [ 0  0  1  0  0  0  0  0  0  0 ]  [ 0  0  0  0  0  0  0  0  1  0 ]  [ 0  0  0  0  0  0  0  0  1  0 ]  [ 0  1  0  0  0  0  0  0  0  0 ]  [ 0  0  0  0  0  0  0  0  1  0 ]  [ 0  0  1  0  0  0  0  0  0  0 ]  [ 0  0  1  0  0  0  0  0  0  0 ]  [ 0  0  1  0  0  0  0  0  0  0 ]  [ 0  0  0  0  0  0  0  0  1  0 ]  [ 0  0  0  0  0  0  0  0  0  1 ]  [ 0  0  1  0  0  0  0  0  0  0 ]  [ 0  0  0  1  0  0  0  0  0  0 ]  [ 0  0  0  0  0  0  0  0  1  0 ]  [ 0  1  0  0  0  0  0  0  0  0 ]  [ 0  1  0  0  0  0  0  0  0  0 ]  [ 0  1  0  0  0  0  0  0  0  0 ]  [ 0  0  0  0  0  0  0  0  0  1 ]  [ 0  0  0  0  0  0  0  0  1  0 ]  [ 0  0  0  1  0  0  0  0  0  0 ]  [ 0  0  0  0  0  0  0  0  0  1 ]  [ 0  0  1  0  0  0  0  0  0  0 ]  [ 0  0  0  1  0  0  0  0  0  0 ]  [ 0  1  0  0  0  0  0  0  0  0 ]  [ 0  0  0  0  0  0  0  0  1  0 ]  [ 0  0  0  0  0  0  0  0  0  1 ]  [ 0  0  0  0  0  0  0  0  1  0 ]  [ 0  0  0  1  0  0  0  0  0  0 ]  [ 0  0  0  0  0  0  0  0  1  0 ]  [ 0  0  0  0  0  0  0  0  1  0 ]  [ 0  0  0  1  0  0  0  0  0  0 ]  [ 0  1  0  0  0  0  0  0  0  0 ]  [ 0  1  0  0  0  0  0  0  0  0 ]  [ 0  0  1  0  0  0  0  0  0  0 ]  [ 0  0  0  1  0  0  0  0  0  0 ]  [ 0  1  0  0  0  0  0  0  0  0 ]  [ 0  0  0  0  0  0  0  0  0  1 ]  [ 0  0  0  1  0  0  0  0  0  0 ]  [ 0  0  0  0  0  0  0  0  1  0 ]  [ 0  0  0  1  0  0  0  0  0  0 ]  [ 0  1  0  0  0  0  0  0  0  0 ]  [ 0  0  0  0  0  0  0  0  1  0 ]  [ 0  0  0  0  0  0  0  0  1  0 ]  [ 0  0  1  0  0  0  0  0  0  0 ]  [ 0  0  0  0  0  0  0  0  1  0 ]  [ 0  0  0  0  0  0  0  0  1  0 ]  [ 0  0  0  1  0  0  0  0  0  0 ]  [ 0  0  1  0  0  0  0  0  0  0 ]  [ 0  0  1  0  0  0  0  0  0  0 ]  [ 0  0  0  0  0  0  0  0  0  1 ]  [ 0  1  0  0  0  0  0  0  0  0 ]  [ 0  1  0  0  0  0  0  0  0  0 ]  [ 0  0  0  0  0  0  0  0  0  1 ]  [ 0  0  0  0  0  0  0  0  0  1 ]  [ 0  0  1  0  0  0  0  0  0  0 ]  [ 0  0  0  1  0  0  0  0  0  0 ]  [ 0  0  0  0  0  0  0  0  0  1 ]  [ 0  0  1  0  0  0  0  0  0  0 ]  [ 0  0  1  0  0  0  0  0  0  0 ]  [ 0  0  0  0  0  0  0  0  0  1 ]  [ 0  0  1  0  0  0  0  0  0  0 ]  [ 0  0  1  0  0  0  0  0  0  0 ]  [ 0  0  0  1  0  0  0  0  0  0 ]  [ 0  1  0  0  0  0  0  0  0  0 ]  [ 0  0  1  0  0  0  0  0  0  0 ]  [ 0  1  0  0  0  0  0  0  0  0 ]  [ 0  0  0  1  0  0  0  0  0  0 ]  [ 0  0  0  0  0  0  0  0  1  0 ]  [ 0  0  0  0  0  0  0  0  1  0 ]  [ 0  0  1  0  0  0  0  0  0  0 ]  [ 0  1  0  0  0  0  0  0  0  0 ]  [ 0  0  1  0  0  0  0  0  0  0 ]  [ 0  1  0  0  0  0  0  0  0  0 ]  [ 0  1  0  0  0  0  0  0  0  0 ]  [ 0  0  0  0  0  0  0  0  1  0 ]  [ 0  1  0  0  0  0  0  0  0  0 ]  [ 0  0  1  0  0  0  0  0  0  0 ]  [ 0  0  1  0  0  0  0  0  0  0 ]  [ 0  0  0  0  0  0  0  0  1  0 ]  [ 0  0  1  0  0  0  0  0  0  0 ]  [ 0  1  0  0  0  0  0  0  0  0 ]  [ 0  0  0  0  0  0  0  0  1  0 ]  [ 0  0  0  0  0  0  0  0  0  1 ]  [ 0  0  0  1  0  0  0  0  0  0 ]  [ 0  0  1  0  0  0  0  0  0  0 ]  [ 0  1  0  0  0  0  0  0  0  0 ]  [ 0  0  0  1  0  0  0  0  0  0 ]  [ 0  0  0  0  0  0  0  0  1  0 ]  [ 0  0  1  0  0  0  0  0  0  0 ]  [ 0  0  0  0  0  0  0  0  1  0 ]  [ 0  0  0  0  0  0  0  0  1  0 ]  [ 0  0  1  0  0  0  0  0  0  0 ]  [ 0  0  1  0  0  0  0  0  0  0 ]  [ 0  0  0  1  0  0  0  0  0  0 ]  [ 0  0  0  0  0  0  0  0  0  1 ]  [ 0  0  1  0  0  0  0  0  0  0 ]  [ 0  0  0  1  0  0  0  0  0  0 ]  [ 0  0  0  0  0  0  0  0  0  1 ]  [ 0  0  0  0  0  0  0  0  0  1 ]  [ 0  1  0  0  0  0  0  0  0  0 ]  [ 0  0  0  0  0  0  0  0  0  1 ]  [ 0  1  0  0  0  0  0  0  0  0 ]  [ 0  0  1  0  0  0  0  0  0  0 ]  [ 0  1  0  0  0  0  0  0  0  0 ]  [ 0  0  1  0  0  0  0  0  0  0 ]  [ 0  0  1  0  0  0  0  0  0  0 ]  [ 0  0  1  0  0  0  0  0  0  0 ]  [ 0  0  0  0  0  0  0  0  0  1 ]  [ 0  0  0  0  0  0  0  0  1  0 ]  [ 0  1  0  0  0  0  0  0  0  0 ] ];

ObjRequests = {  <1,3,78>, <2,3,16>, <3,3,22>, <4,3,102>, <5,3,25>, <6,3,15>, <7,3,9>, <8,3,16>, <9,3,9>, <10,3,3>, <11,3,6>, <12,3,2>, <13,3,22>, <14,3,6>, <15,3,9>, <16,3,3>, <17,3,21>, <18,3,2>, <19,3,3>, <20,3,13>, <21,3,1>, <22,3,2>, <23,3,6>, <24,3,4>, <25,3,7>, <26,3,4>, <27,3,5>, <28,3,4>, <29,3,2>, <30,3,6>, <31,3,3>, <32,3,1>, <33,3,6>, <34,3,4>, <35,3,2>, <36,3,1>, <37,3,1>, <38,3,1>, <40,3,1>, <41,3,4>, <43,3,2>, <44,3,5>, <45,3,3>, <46,3,2>, <47,3,2>, <48,3,4>, <50,3,1>, <51,3,2>, <52,3,1>, <53,3,2>, <54,3,2>, <55,3,3>, <56,3,3>, <60,3,2>, <61,3,1>, <63,3,1>, <64,3,3>, <65,3,1>, <66,3,2>, <67,3,1>, <70,3,1>, <71,3,3>, <73,3,1>, <74,3,1>, <75,3,5>, <76,3,1>, <77,3,3>, <78,3,4>, <79,3,1>, <81,3,1>, <84,3,1>, <85,3,1>, <86,3,4>, <87,3,1>, <89,3,1>, <92,3,2>, <93,3,4>, <95,3,2>, <97,3,2>, <99,3,2>, <100,3,1>, <104,3,1>, <105,3,1>, <107,3,1>, <108,3,2>, <109,3,1>, <110,3,1>, <111,3,1>, <113,3,1>, <114,3,1>, <117,3,1>, <118,3,2>, <120,3,1>, <122,3,1>, <123,3,2>, <127,3,1>, <130,3,1>, <131,3,1>, <133,3,2>, <137,3,1>, <138,3,1>, <139,3,1>, <140,3,1>, <143,3,1>, <144,3,1>, <145,3,1>, <148,3,2>, <149,3,2>, <150,3,1>, <151,3,1>, <152,3,2>, <153,3,1>, <155,3,1>, <158,3,1>, <159,3,1>, <160,3,2>, <161,3,3>, <163,3,1>, <164,3,1>, <168,3,1>, <169,3,2>, <170,3,1>, <174,3,1>, <176,3,1>, <179,3,1>, <182,3,2>, <183,3,1>, <190,3,1>, <194,3,1>, <197,3,2>, <199,3,3>, <200,3,1>, <202,3,1>, <204,3,1>, <205,3,1>, <206,3,1>, <210,3,1>, <216,3,1>, <217,3,2>, <221,3,1>, <222,3,1>, <226,3,1>, <233,3,1>, <235,3,1>, <242,3,1>, <247,3,2>, <248,3,1>, <253,3,1>, <257,3,1>, <258,3,1>, <263,3,3>, <271,3,1>, <277,3,1>, <280,3,1>, <283,3,1>, <285,3,1>, <293,3,1>, <299,3,1>, <301,3,1>, <304,3,1>, <307,3,1>, <311,3,1>, <312,3,1>, <314,3,1>, <319,3,1>, <320,3,1>, <322,3,1>, <324,3,1>, <328,3,1>, <329,3,1>, <335,3,1>, <336,3,1>, <342,3,1>, <350,3,1>, <356,3,1>, <362,3,1>, <371,3,1>, <379,3,1>, <406,3,1>, <408,3,1>, <410,3,1>, <415,3,1>, <422,3,1>, <429,3,1>, <431,3,1>, <432,3,1>, <433,3,1>, <436,3,1>, <445,3,1>, <450,3,1>, <458,3,1>, <460,3,1>, <465,3,3>, <466,3,1>, <471,3,1>, <483,3,1>, <495,3,1>, <511,3,2>, <512,3,1>, <521,3,1>, <533,3,1>, <552,3,1>, <581,3,1>, <587,3,1>, <592,3,1>, <600,3,1>, <632,3,1>, <649,3,1>, <652,3,1>, <654,3,1>, <677,3,1>, <686,3,1>, <697,3,1>, <699,3,1>, <700,3,1>, <718,3,1>, <720,3,2>, <753,3,1>, <775,3,1>, <786,3,1>, <803,3,1>, <811,3,1>, <835,3,1>, <844,3,1>, <884,3,1>, <886,3,1>, <897,3,1>, <914,3,1>, <943,3,1>, <944,3,1>, <983,3,1>, <1,4,3>, <2,4,40>, <3,4,18>, <4,4,2>, <5,4,6>, <6,4,6>, <7,4,9>, <8,4,2>, <9,4,8>, <10,4,6>, <11,4,17>, <12,4,16>, <13,4,13>, <14,4,6>, <15,4,1>, <16,4,7>, <17,4,2>, <18,4,1>, <19,4,19>, <20,4,10>, <21,4,14>, <22,4,11>, <23,4,1>, <24,4,13>, <25,4,1>, <28,4,2>, <29,4,4>, <30,4,15>, <31,4,6>, <32,4,1>, <33,4,4>, <34,4,1>, <35,4,3>, <36,4,9>, <37,4,1>, <38,4,6>, <39,4,3>, <40,4,1>, <41,4,5>, <43,4,4>, <44,4,5>, <45,4,1>, <46,4,3>, <47,4,3>, <48,4,2>, <50,4,2>, <51,4,2>, <54,4,1>, <55,4,1>, <56,4,2>, <59,4,4>, <62,4,2>, <63,4,2>, <65,4,5>, <66,4,1>, <67,4,2>, <68,4,4>, <70,4,8>, <71,4,3>, <72,4,1>, <73,4,1>, <74,4,1>, <75,4,2>, <77,4,2>, <78,4,2>, <79,4,1>, <81,4,2>, <82,4,1>, <83,4,1>, <84,4,1>, <85,4,1>, <86,4,2>, <87,4,2>, <88,4,2>, <89,4,2>, <91,4,3>, <92,4,4>, <93,4,2>, <96,4,1>, <97,4,1>, <100,4,2>, <102,4,2>, <103,4,3>, <104,4,1>, <106,4,1>, <107,4,1>, <109,4,3>, <110,4,4>, <111,4,1>, <112,4,1>, <114,4,2>, <115,4,1>, <116,4,1>, <117,4,1>, <118,4,1>, <119,4,3>, <122,4,1>, <123,4,1>, <125,4,2>, <126,4,2>, <127,4,2>, <132,4,4>, <134,4,2>, <135,4,3>, <138,4,1>, <139,4,1>, <141,4,2>, <145,4,1>, <147,4,1>, <148,4,2>, <150,4,2>, <152,4,1>, <153,4,1>, <154,4,1>, <157,4,2>, <159,4,4>, <160,4,1>, <164,4,1>, <165,4,1>, <169,4,1>, <172,4,2>, <173,4,3>, <182,4,1>, <183,4,1>, <187,4,1>, <188,4,2>, <190,4,1>, <196,4,1>, <200,4,2>, <204,4,1>, <207,4,2>, <209,4,1>, <215,4,2>, <220,4,1>, <222,4,1>, <228,4,1>, <233,4,1>, <234,4,1>, <237,4,1>, <238,4,2>, <240,4,1>, <241,4,1>, <242,4,1>, <246,4,2>, <247,4,1>, <248,4,1>, <251,4,1>, <253,4,1>, <256,4,1>, <257,4,1>, <260,4,2>, <269,4,1>, <271,4,1>, <281,4,1>, <287,4,1>, <288,4,2>, <292,4,1>, <295,4,1>, <299,4,1>, <304,4,1>, <308,4,1>, <310,4,2>, <317,4,1>, <318,4,1>, <320,4,1>, <323,4,1>, <324,4,1>, <326,4,2>, <340,4,1>, <347,4,1>, <353,4,1>, <355,4,1>, <357,4,1>, <363,4,3>, <381,4,1>, <392,4,1>, <397,4,1>, <409,4,2>, <417,4,1>, <419,4,2>, <428,4,1>, <436,4,1>, <440,4,1>, <444,4,1>, <455,4,1>, <465,4,1>, <482,4,1>, <489,4,2>, <497,4,1>, <512,4,1>, <523,4,1>, <527,4,2>, <529,4,1>, <539,4,1>, <551,4,1>, <557,4,1>, <566,4,1>, <574,4,1>, <575,4,1>, <592,4,1>, <603,4,1>, <618,4,1>, <621,4,1>, <632,4,1>, <634,4,1>, <645,4,1>, <648,4,1>, <654,4,1>, <666,4,1>, <672,4,1>, <675,4,1>, <685,4,1>, <689,4,1>, <726,4,1>, <752,4,1>, <760,4,1>, <829,4,1>, <835,4,1>, <844,4,1>, <869,4,1>, <885,4,1>, <930,4,1>, <950,4,1>, <960,4,1>, <966,4,1>, <994,4,1>, <1,9,204>, <2,9,29>, <3,9,116>, <4,9,19>, <5,9,2>, <6,9,37>, <8,9,1>, <9,9,13>, <10,9,19>, <11,9,16>, <12,9,14>, <13,9,7>, <14,9,5>, <15,9,1>, <16,9,3>, <17,9,6>, <18,9,8>, <19,9,4>, <21,9,5>, <22,9,4>, <23,9,1>, <24,9,2>, <25,9,1>, <26,9,8>, <27,9,4>, <28,9,2>, <29,9,7>, <30,9,1>, <31,9,7>, <32,9,11>, <33,9,1>, <34,9,3>, <35,9,2>, <36,9,5>, <37,9,1>, <38,9,4>, <39,9,1>, <40,9,6>, <41,9,3>, <42,9,1>, <43,9,3>, <44,9,1>, <45,9,2>, <46,9,4>, <48,9,7>, <49,9,4>, <50,9,1>, <52,9,2>, <53,9,7>, <55,9,2>, <56,9,6>, <57,9,1>, <58,9,8>, <59,9,3>, <60,9,5>, <61,9,3>, <62,9,3>, <64,9,2>, <65,9,2>, <66,9,3>, <68,9,1>, <69,9,1>, <70,9,2>, <71,9,1>, <72,9,1>, <73,9,1>, <74,9,1>, <75,9,2>, <76,9,1>, <77,9,3>, <79,9,1>, <80,9,2>, <81,9,1>, <82,9,1>, <85,9,4>, <86,9,1>, <88,9,2>, <91,9,4>, <92,9,1>, <95,9,2>, <96,9,2>, <98,9,4>, <99,9,1>, <100,9,1>, <102,9,3>, <104,9,1>, <105,9,1>, <106,9,2>, <107,9,1>, <108,9,2>, <109,9,1>, <110,9,3>, <111,9,1>, <112,9,3>, <113,9,2>, <114,9,1>, <115,9,1>, <118,9,2>, <119,9,1>, <120,9,1>, <122,9,1>, <123,9,3>, <125,9,1>, <126,9,2>, <127,9,1>, <128,9,1>, <130,9,2>, <131,9,1>, <132,9,2>, <133,9,1>, <134,9,1>, <135,9,1>, <137,9,1>, <139,9,2>, <141,9,1>, <143,9,1>, <146,9,1>, <147,9,1>, <149,9,1>, <150,9,1>, <151,9,1>, <152,9,4>, <155,9,1>, <157,9,1>, <158,9,2>, <159,9,1>, <160,9,1>, <161,9,1>, <168,9,1>, <169,9,1>, <170,9,1>, <172,9,1>, <174,9,1>, <176,9,2>, <177,9,1>, <178,9,1>, <179,9,5>, <182,9,1>, <185,9,1>, <186,9,1>, <187,9,1>, <188,9,1>, <191,9,1>, <194,9,1>, <198,9,2>, <199,9,1>, <202,9,1>, <203,9,1>, <204,9,1>, <206,9,1>, <207,9,1>, <209,9,1>, <217,9,2>, <223,9,1>, <225,9,1>, <226,9,1>, <227,9,1>, <228,9,1>, <230,9,2>, <235,9,1>, <237,9,1>, <239,9,1>, <244,9,1>, <246,9,2>, <247,9,1>, <248,9,1>, <256,9,1>, <261,9,1>, <266,9,1>, <269,9,1>, <270,9,2>, <277,9,1>, <282,9,1>, <284,9,1>, <285,9,1>, <288,9,1>, <289,9,2>, <292,9,1>, <294,9,1>, <296,9,1>, <297,9,1>, <302,9,1>, <307,9,1>, <308,9,1>, <311,9,1>, <317,9,1>, <322,9,1>, <326,9,1>, <328,9,1>, <335,9,1>, <336,9,1>, <347,9,1>, <352,9,1>, <358,9,1>, <362,9,2>, <388,9,1>, <392,9,1>, <393,9,1>, <400,9,1>, <403,9,1>, <409,9,1>, <413,9,1>, <417,9,1>, <418,9,1>, <422,9,1>, <445,9,1>, <451,9,1>, <452,9,1>, <458,9,1>, <459,9,1>, <465,9,1>, <469,9,1>, <481,9,1>, <483,9,1>, <486,9,1>, <488,9,1>, <496,9,1>, <513,9,1>, <515,9,1>, <517,9,1>, <521,9,1>, <528,9,1>, <544,9,1>, <549,9,1>, <556,9,1>, <558,9,1>, <579,9,1>, <600,9,1>, <612,9,1>, <632,9,1>, <641,9,1>, <648,9,1>, <650,9,1>, <660,9,1>, <687,9,1>, <701,9,1>, <703,9,1>, <719,9,1>, <727,9,1>, <754,9,1>, <759,9,1>, <763,9,1>, <773,9,1>, <786,9,1>, <787,9,1>, <810,9,1>, <845,9,1>, <847,9,1>, <870,9,1>, <884,9,1>, <898,9,1>, <903,9,1>, <932,9,1>, <935,9,1>, <949,9,1>, <957,9,1>, <959,9,1>, <1,10,127>, <2,10,105>, <3,10,16>, <4,10,13>, <5,10,71>, <6,10,13>, <7,10,16>, <8,10,17>, <9,10,10>, <10,10,16>, <11,10,6>, <12,10,13>, <13,10,5>, <14,10,12>, <15,10,22>, <16,10,11>, <17,10,6>, <18,10,18>, <19,10,6>, <20,10,2>, <21,10,9>, <22,10,6>, <23,10,10>, <24,10,3>, <25,10,4>, <26,10,2>, <27,10,8>, <28,10,4>, <31,10,1>, <32,10,6>, <33,10,1>, <34,10,6>, <36,10,1>, <37,10,4>, <38,10,1>, <40,10,3>, <41,10,1>, <42,10,6>, <45,10,2>, <46,10,2>, <48,10,1>, <49,10,3>, <50,10,2>, <51,10,1>, <52,10,3>, <54,10,8>, <55,10,1>, <56,10,1>, <58,10,3>, <59,10,4>, <60,10,3>, <61,10,4>, <62,10,1>, <63,10,1>, <65,10,4>, <66,10,1>, <67,10,1>, <68,10,1>, <69,10,2>, <70,10,2>, <71,10,1>, <72,10,4>, <73,10,1>, <74,10,2>, <77,10,2>, <78,10,2>, <79,10,3>, <80,10,2>, <81,10,1>, <83,10,1>, <84,10,2>, <85,10,1>, <87,10,4>, <88,10,2>, <89,10,3>, <90,10,1>, <91,10,3>, <93,10,1>, <94,10,2>, <95,10,1>, <96,10,1>, <97,10,1>, <98,10,1>, <99,10,3>, <101,10,1>, <102,10,1>, <103,10,2>, <104,10,2>, <105,10,1>, <107,10,1>, <108,10,1>, <109,10,1>, <110,10,2>, <112,10,1>, <113,10,1>, <114,10,1>, <116,10,1>, <117,10,2>, <118,10,1>, <119,10,1>, <120,10,1>, <122,10,1>, <123,10,1>, <124,10,1>, <125,10,1>, <126,10,1>, <127,10,1>, <128,10,2>, <129,10,3>, <130,10,2>, <133,10,1>, <137,10,1>, <138,10,1>, <139,10,2>, <141,10,2>, <143,10,1>, <144,10,2>, <145,10,1>, <147,10,1>, <149,10,3>, <151,10,1>, <156,10,1>, <158,10,1>, <159,10,1>, <164,10,1>, <168,10,1>, <170,10,1>, <172,10,1>, <173,10,2>, <174,10,1>, <176,10,4>, <179,10,2>, <182,10,1>, <185,10,3>, <186,10,1>, <188,10,3>, <191,10,1>, <197,10,3>, <200,10,1>, <203,10,1>, <204,10,1>, <206,10,1>, <207,10,1>, <208,10,1>, <209,10,1>, <220,10,2>, <222,10,1>, <223,10,1>, <224,10,1>, <230,10,1>, <231,10,2>, <232,10,3>, <233,10,1>, <234,10,1>, <240,10,1>, <250,10,3>, <251,10,1>, <252,10,1>, <253,10,2>, <256,10,1>, <265,10,1>, <267,10,1>, <272,10,1>, <279,10,1>, <280,10,1>, <285,10,1>, <286,10,2>, <288,10,1>, <289,10,1>, <294,10,1>, <295,10,1>, <297,10,1>, <304,10,1>, <306,10,1>, <311,10,2>, <312,10,1>, <314,10,1>, <322,10,1>, <324,10,1>, <325,10,1>, <353,10,1>, <357,10,3>, <360,10,1>, <361,10,1>, <362,10,1>, <363,10,1>, <371,10,1>, <376,10,1>, <383,10,1>, <389,10,1>, <409,10,1>, <417,10,1>, <421,10,1>, <422,10,1>, <426,10,1>, <438,10,1>, <454,10,1>, <455,10,1>, <456,10,1>, <459,10,1>, <466,10,1>, <499,10,1>, <513,10,1>, <517,10,1>, <523,10,1>, <527,10,1>, <530,10,1>, <532,10,1>, <538,10,1>, <544,10,1>, <550,10,1>, <551,10,1>, <556,10,2>, <558,10,1>, <560,10,1>, <566,10,1>, <570,10,1>, <581,10,1>, <591,10,1>, <603,10,1>, <604,10,1>, <611,10,1>, <615,10,1>, <626,10,1>, <632,10,1>, <638,10,1>, <654,10,1>, <677,10,1>, <681,10,1>, <689,10,1>, <692,10,1>, <700,10,2>, <712,10,1>, <719,10,1>, <737,10,1>, <740,10,1>, <745,10,1>, <749,10,1>, <758,10,1>, <770,10,1>, <776,10,1>, <782,10,1>, <822,10,1>, <823,10,1>, <836,10,1>, <885,10,1>, <914,10,1>, <931,10,1>, <955,10,1>, <998,10,1>, <1,2,119>, <2,2,68>, <3,2,22>, <4,2,4>, <5,2,1>, <6,2,17>, <7,2,37>, <8,2,23>, <9,2,12>, <11,2,22>, <12,2,4>, <13,2,2>, <14,2,8>, <15,2,2>, <16,2,8>, <18,2,5>, <19,2,6>, <20,2,1>, <21,2,3>, <23,2,4>, <24,2,7>, <25,2,3>, <26,2,2>, <27,2,3>, <28,2,13>, <29,2,8>, <30,2,1>, <31,2,6>, <32,2,2>, <34,2,4>, <36,2,1>, <37,2,6>, <38,2,2>, <39,2,4>, <40,2,2>, <41,2,4>, <42,2,3>, <43,2,6>, <44,2,1>, <45,2,8>, <48,2,2>, <49,2,5>, <50,2,4>, <52,2,1>, <53,2,1>, <54,2,3>, <55,2,2>, <56,2,3>, <57,2,2>, <59,2,2>, <61,2,3>, <62,2,1>, <64,2,2>, <66,2,2>, <67,2,5>, <69,2,1>, <70,2,1>, <72,2,2>, <73,2,1>, <74,2,1>, <75,2,2>, <77,2,2>, <78,2,1>, <79,2,2>, <81,2,2>, <82,2,1>, <83,2,4>, <84,2,1>, <85,2,1>, <86,2,1>, <87,2,1>, <88,2,4>, <90,2,1>, <92,2,2>, <93,2,1>, <94,2,4>, <95,2,1>, <97,2,1>, <98,2,2>, <99,2,1>, <101,2,1>, <105,2,1>, <107,2,1>, <108,2,2>, <109,2,2>, <110,2,1>, <111,2,2>, <114,2,5>, <115,2,1>, <118,2,1>, <120,2,2>, <122,2,1>, <123,2,2>, <125,2,1>, <126,2,1>, <127,2,3>, <128,2,3>, <129,2,2>, <131,2,1>, <134,2,1>, <135,2,1>, <137,2,3>, <144,2,1>, <147,2,1>, <148,2,1>, <150,2,1>, <152,2,1>, <154,2,1>, <155,2,1>, <157,2,1>, <159,2,1>, <160,2,1>, <163,2,1>, <164,2,2>, <165,2,1>, <167,2,2>, <170,2,1>, <172,2,1>, <173,2,1>, <185,2,1>, <186,2,1>, <189,2,1>, <190,2,1>, <191,2,1>, <196,2,1>, <197,2,1>, <202,2,1>, <203,2,1>, <206,2,1>, <209,2,1>, <217,2,1>, <225,2,2>, <230,2,1>, <231,2,1>, <232,2,2>, <233,2,2>, <239,2,1>, <240,2,1>, <241,2,1>, <242,2,1>, <246,2,1>, <249,2,1>, <250,2,1>, <251,2,1>, <254,2,1>, <256,2,1>, <258,2,1>, <260,2,2>, <261,2,1>, <264,2,1>, <267,2,1>, <269,2,2>, <277,2,1>, <279,2,2>, <284,2,1>, <285,2,2>, <286,2,1>, <288,2,1>, <290,2,1>, <293,2,1>, <300,2,1>, <301,2,1>, <305,2,1>, <310,2,1>, <322,2,1>, <329,2,1>, <330,2,1>, <336,2,1>, <351,2,1>, <354,2,1>, <355,2,1>, <356,2,1>, <376,2,1>, <379,2,1>, <380,2,1>, <383,2,1>, <384,2,1>, <394,2,1>, <408,2,1>, <437,2,1>, <451,2,2>, <454,2,1>, <456,2,1>, <473,2,1>, <476,2,1>, <481,2,1>, <482,2,2>, <486,2,1>, <495,2,1>, <497,2,1>, <498,2,1>, <513,2,1>, <523,2,1>, <540,2,1>, <548,2,1>, <550,2,1>, <553,2,1>, <566,2,1>, <570,2,1>, <575,2,1>, <591,2,2>, <603,2,1>, <611,2,1>, <641,2,1>, <648,2,1>, <654,2,1>, <677,2,1>, <685,2,2>, <687,2,1>, <700,2,1>, <712,2,1>, <724,2,1>, <740,2,1>, <749,2,1>, <769,2,1>, <776,2,1>, <780,2,1>, <789,2,1>, <790,2,1>, <804,2,1>, <824,2,1>, <848,2,1>, <869,2,1>, <882,2,1>, <884,2,1>, <886,2,1>, <890,2,1>, <905,2,1>, <907,2,1>, <914,2,1>, <931,2,1>, <949,2,1>, <960,2,1> };

MaxCacheStorageAtSingleAS= [ 0  1312.5  1312.5  1312.5  0  0  0  0  1312.5  1312.5 ] ;

MaxCacheStorage = 6562.5 ;
SolutionGap = 0.01 ;
