
ASes= { 1, 2, 3, 4, 5, 6, 7, 8, 9, 10 } ;


Objects= { 1, 2, 3, 4, 5, 6, 7, 8, 9, 10, 11, 12, 13, 14, 15, 16, 17, 18, 19, 20, 21, 22, 23, 24, 25, 26, 27, 28, 29, 30, 31, 32, 33, 34, 35, 36, 37, 38, 39, 40, 41, 42, 43, 44, 45, 46, 47, 48, 49, 50, 51, 52, 53, 54, 55, 56, 57, 58, 59, 60, 61, 62, 63, 64, 65, 66, 67, 68, 69, 70, 71, 72, 73, 74, 75, 76, 77, 78, 79, 80, 81, 82, 83, 84, 85, 86, 87, 88, 89, 90, 91, 92, 93, 94, 95, 96, 97, 98, 99, 100, 101, 102, 103, 104, 105, 106, 107, 108, 109, 110, 111, 112, 113, 114, 115, 116, 117, 118, 119, 120, 121, 122, 123, 124, 125, 126, 127, 128, 129, 130, 131, 132, 133, 134, 135, 136, 137, 138, 139, 140, 141, 142, 143, 144, 145, 146, 147, 148, 149, 150, 151, 152, 153, 154, 155, 156, 157, 158, 159, 160, 161, 162, 163, 164, 165, 166, 167, 168, 169, 170, 171, 172, 173, 174, 175, 176, 177, 178, 179, 180, 181, 182, 183, 184, 185, 186, 187, 188, 189, 190, 191, 192, 193, 194, 195, 196, 197, 198, 199, 200, 201, 202, 203, 204, 205, 206, 207, 208, 209, 210, 211, 212, 213, 214, 215, 216, 217, 218, 219, 220, 221, 222, 223, 224, 225, 226, 227, 228, 229, 230, 231, 232, 233, 234, 235, 236, 237, 238, 239, 240, 241, 242, 243, 244, 245, 246, 247, 248, 249, 250, 251, 252, 253, 254, 255, 256, 257, 258, 259, 260, 261, 262, 263, 264, 265, 266, 267, 268, 269, 270, 271, 272, 273, 274, 275, 276, 277, 278, 279, 280, 281, 282, 283, 284, 285, 286, 287, 288, 289, 290, 291, 292, 293, 294, 295, 296, 297, 298, 299, 300, 301, 302, 303, 304, 305, 306, 307, 308, 309, 310, 311, 312, 313, 314, 315, 316, 317, 318, 319, 320, 321, 322, 323, 324, 325, 326, 327, 328, 329, 330, 331, 332, 333, 334, 335, 336, 337, 338, 339, 340, 341, 342, 343, 344, 345, 346, 347, 348, 349, 350, 351, 352, 353, 354, 355, 356, 357, 358, 359, 360, 361, 362, 363, 364, 365, 366, 367, 368, 369, 370, 371, 372, 373, 374, 375, 376, 377, 378, 379, 380, 381, 382, 383, 384, 385, 386, 387, 388, 389, 390, 391, 392, 393, 394, 395, 396, 397, 398, 399, 400, 401, 402, 403, 404, 405, 406, 407, 408, 409, 410, 411, 412, 413, 414, 415, 416, 417, 418, 419, 420, 421, 422, 423, 424, 425, 426, 427, 428, 429, 430, 431, 432, 433, 434, 435, 436, 437, 438, 439, 440, 441, 442, 443, 444, 445, 446, 447, 448, 449, 450, 451, 452, 453, 454, 455, 456, 457, 458, 459, 460, 461, 462, 463, 464, 465, 466, 467, 468, 469, 470, 471, 472, 473, 474, 475, 476, 477, 478, 479, 480, 481, 482, 483, 484, 485, 486, 487, 488, 489, 490, 491, 492, 493, 494, 495, 496, 497, 498, 499, 500, 501, 502, 503, 504, 505, 506, 507, 508, 509, 510, 511, 512, 513, 514, 515, 516, 517, 518, 519, 520, 521, 522, 523, 524, 525, 526, 527, 528, 529, 530, 531, 532, 533, 534, 535, 536, 537, 538, 539, 540, 541, 542, 543, 544, 545, 546, 547, 548, 549, 550, 551, 552, 553, 554, 555, 556, 557, 558, 559, 560, 561, 562, 563, 564, 565, 566, 567, 568, 569, 570, 571, 572, 573, 574, 575, 576, 577, 578, 579, 580, 581, 582, 583, 584, 585, 586, 587, 588, 589, 590, 591, 592, 593, 594, 595, 596, 597, 598, 599, 600, 601, 602, 603, 604, 605, 606, 607, 608, 609, 610, 611, 612, 613, 614, 615, 616, 617, 618, 619, 620, 621, 622, 623, 624, 625, 626, 627, 628, 629, 630, 631, 632, 633, 634, 635, 636, 637, 638, 639, 640, 641, 642, 643, 644, 645, 646, 647, 648, 649, 650, 651, 652, 653, 654, 655, 656, 657, 658, 659, 660, 661, 662, 663, 664, 665, 666, 667, 668, 669, 670, 671, 672, 673, 674, 675, 676, 677, 678, 679, 680, 681, 682, 683, 684, 685, 686, 687, 688, 689, 690, 691, 692, 693, 694, 695, 696, 697, 698, 699, 700, 701, 702, 703, 704, 705, 706, 707, 708, 709, 710, 711, 712, 713, 714, 715, 716, 717, 718, 719, 720, 721, 722, 723, 724, 725, 726, 727, 728, 729, 730, 731, 732, 733, 734, 735, 736, 737, 738, 739, 740, 741, 742, 743, 744, 745, 746, 747, 748, 749, 750, 751, 752, 753, 754, 755, 756, 757, 758, 759, 760, 761, 762, 763, 764, 765, 766, 767, 768, 769, 770, 771, 772, 773, 774, 775, 776, 777, 778, 779, 780, 781, 782, 783, 784, 785, 786, 787, 788, 789, 790, 791, 792, 793, 794, 795, 796, 797, 798, 799, 800, 801, 802, 803, 804, 805, 806, 807, 808, 809, 810, 811, 812, 813, 814, 815, 816, 817, 818, 819, 820, 821, 822, 823, 824, 825, 826, 827, 828, 829, 830, 831, 832, 833, 834, 835, 836, 837, 838, 839, 840, 841, 842, 843, 844, 845, 846, 847, 848, 849, 850, 851, 852, 853, 854, 855, 856, 857, 858, 859, 860, 861, 862, 863, 864, 865, 866, 867, 868, 869, 870, 871, 872, 873, 874, 875, 876, 877, 878, 879, 880, 881, 882, 883, 884, 885, 886, 887, 888, 889, 890, 891, 892, 893, 894, 895, 896, 897, 898, 899, 900, 901, 902, 903, 904, 905, 906, 907, 908, 909, 910, 911, 912, 913, 914, 915, 916, 917, 918, 919, 920, 921, 922, 923, 924, 925, 926, 927, 928, 929, 930, 931, 932, 933, 934, 935, 936, 937, 938, 939, 940, 941, 942, 943, 944, 945, 946, 947, 948, 949, 950, 951, 952, 953, 954, 955, 956, 957, 958, 959, 960, 961, 962, 963, 964, 965, 966, 967, 968, 969, 970, 971, 972, 973, 974, 975, 976, 977, 978, 979, 980, 981, 982, 983, 984, 985, 986, 987, 988, 989, 990, 991, 992, 993, 994, 995, 996, 997, 998, 999, 1000 } ;


QualityLevels= { 0, 1, 2, 3, 4, 5 } ;

Arcs = { <1,2,490000>, <2,1,490000>,<1,3,490000>, <3,1,490000>,<1,4,490000>, <4,1,490000>,<2,5,490000>, <5,2,490000>,<5,6,490000>, <6,5,490000>,<1,7,490000>, <7,1,490000>,<7,8,490000>, <8,7,490000>,<8,9,490000>, <9,8,490000>,<6,10,490000>, <10,6,490000> }; 


RatePerQuality= [ 0  300  700  1500  2500  3500 ] ;


CacheSpacePerQuality= [ 10000  11.25  26.25  56.25  93.75  131.25 ] ;


UtilityPerQuality= [ 0  0.66874  0.795271  0.880112  0.945742  1 ] ;


ObjectsPublishedByProducers=[ [ 0  0  1  0  0  0  0  0  0  0 ]  [ 0  1  0  0  0  0  0  0  0  0 ]  [ 0  0  0  0  0  0  0  0  0  1 ]  [ 0  0  0  1  0  0  0  0  0  0 ]  [ 0  0  0  0  0  0  0  0  1  0 ]  [ 0  0  0  0  0  0  0  0  1  0 ]  [ 0  0  0  0  0  0  0  0  0  1 ]  [ 0  0  0  0  0  0  0  0  0  1 ]  [ 0  0  1  0  0  0  0  0  0  0 ]  [ 0  0  1  0  0  0  0  0  0  0 ]  [ 0  1  0  0  0  0  0  0  0  0 ]  [ 0  0  0  0  0  0  0  0  1  0 ]  [ 0  0  0  0  0  0  0  0  0  1 ]  [ 0  0  1  0  0  0  0  0  0  0 ]  [ 0  0  0  0  0  0  0  0  1  0 ]  [ 0  0  0  0  0  0  0  0  0  1 ]  [ 0  0  0  1  0  0  0  0  0  0 ]  [ 0  1  0  0  0  0  0  0  0  0 ]  [ 0  1  0  0  0  0  0  0  0  0 ]  [ 0  0  1  0  0  0  0  0  0  0 ]  [ 0  0  1  0  0  0  0  0  0  0 ]  [ 0  0  0  0  0  0  0  0  1  0 ]  [ 0  1  0  0  0  0  0  0  0  0 ]  [ 0  0  0  1  0  0  0  0  0  0 ]  [ 0  0  0  1  0  0  0  0  0  0 ]  [ 0  0  0  0  0  0  0  0  1  0 ]  [ 0  0  1  0  0  0  0  0  0  0 ]  [ 0  0  0  1  0  0  0  0  0  0 ]  [ 0  0  0  0  0  0  0  0  1  0 ]  [ 0  0  0  0  0  0  0  0  1  0 ]  [ 0  0  0  1  0  0  0  0  0  0 ]  [ 0  0  0  1  0  0  0  0  0  0 ]  [ 0  0  0  1  0  0  0  0  0  0 ]  [ 0  0  0  0  0  0  0  0  1  0 ]  [ 0  0  0  1  0  0  0  0  0  0 ]  [ 0  0  1  0  0  0  0  0  0  0 ]  [ 0  1  0  0  0  0  0  0  0  0 ]  [ 0  0  0  0  0  0  0  0  1  0 ]  [ 0  0  0  0  0  0  0  0  0  1 ]  [ 0  0  1  0  0  0  0  0  0  0 ]  [ 0  1  0  0  0  0  0  0  0  0 ]  [ 0  1  0  0  0  0  0  0  0  0 ]  [ 0  0  1  0  0  0  0  0  0  0 ]  [ 0  0  0  1  0  0  0  0  0  0 ]  [ 0  0  0  0  0  0  0  0  0  1 ]  [ 0  0  0  0  0  0  0  0  0  1 ]  [ 0  1  0  0  0  0  0  0  0  0 ]  [ 0  0  0  0  0  0  0  0  1  0 ]  [ 0  1  0  0  0  0  0  0  0  0 ]  [ 0  0  0  0  0  0  0  0  0  1 ]  [ 0  0  0  1  0  0  0  0  0  0 ]  [ 0  0  0  0  0  0  0  0  1  0 ]  [ 0  1  0  0  0  0  0  0  0  0 ]  [ 0  1  0  0  0  0  0  0  0  0 ]  [ 0  0  0  0  0  0  0  0  1  0 ]  [ 0  0  0  0  0  0  0  0  1  0 ]  [ 0  0  1  0  0  0  0  0  0  0 ]  [ 0  0  0  1  0  0  0  0  0  0 ]  [ 0  0  0  0  0  0  0  0  0  1 ]  [ 0  0  0  0  0  0  0  0  1  0 ]  [ 0  0  1  0  0  0  0  0  0  0 ]  [ 0  0  0  0  0  0  0  0  1  0 ]  [ 0  0  0  0  0  0  0  0  0  1 ]  [ 0  0  0  0  0  0  0  0  0  1 ]  [ 0  0  0  1  0  0  0  0  0  0 ]  [ 0  0  0  0  0  0  0  0  1  0 ]  [ 0  0  0  0  0  0  0  0  1  0 ]  [ 0  0  0  0  0  0  0  0  0  1 ]  [ 0  0  0  0  0  0  0  0  1  0 ]  [ 0  0  0  1  0  0  0  0  0  0 ]  [ 0  0  0  0  0  0  0  0  1  0 ]  [ 0  0  1  0  0  0  0  0  0  0 ]  [ 0  0  1  0  0  0  0  0  0  0 ]  [ 0  0  0  0  0  0  0  0  0  1 ]  [ 0  1  0  0  0  0  0  0  0  0 ]  [ 0  0  0  0  0  0  0  0  1  0 ]  [ 0  0  0  1  0  0  0  0  0  0 ]  [ 0  0  1  0  0  0  0  0  0  0 ]  [ 0  0  0  0  0  0  0  0  1  0 ]  [ 0  1  0  0  0  0  0  0  0  0 ]  [ 0  0  0  0  0  0  0  0  0  1 ]  [ 0  0  0  0  0  0  0  0  1  0 ]  [ 0  1  0  0  0  0  0  0  0  0 ]  [ 0  0  0  1  0  0  0  0  0  0 ]  [ 0  0  0  0  0  0  0  0  1  0 ]  [ 0  1  0  0  0  0  0  0  0  0 ]  [ 0  0  0  0  0  0  0  0  1  0 ]  [ 0  0  0  0  0  0  0  0  1  0 ]  [ 0  0  0  1  0  0  0  0  0  0 ]  [ 0  0  0  0  0  0  0  0  1  0 ]  [ 0  1  0  0  0  0  0  0  0  0 ]  [ 0  0  1  0  0  0  0  0  0  0 ]  [ 0  0  0  0  0  0  0  0  0  1 ]  [ 0  1  0  0  0  0  0  0  0  0 ]  [ 0  1  0  0  0  0  0  0  0  0 ]  [ 0  0  0  0  0  0  0  0  0  1 ]  [ 0  1  0  0  0  0  0  0  0  0 ]  [ 0  0  0  0  0  0  0  0  1  0 ]  [ 0  0  0  0  0  0  0  0  1  0 ]  [ 0  0  0  0  0  0  0  0  1  0 ]  [ 0  0  1  0  0  0  0  0  0  0 ]  [ 0  1  0  0  0  0  0  0  0  0 ]  [ 0  0  0  0  0  0  0  0  1  0 ]  [ 0  0  1  0  0  0  0  0  0  0 ]  [ 0  0  0  0  0  0  0  0  1  0 ]  [ 0  0  0  0  0  0  0  0  1  0 ]  [ 0  0  0  1  0  0  0  0  0  0 ]  [ 0  0  0  1  0  0  0  0  0  0 ]  [ 0  0  0  0  0  0  0  0  1  0 ]  [ 0  0  0  0  0  0  0  0  0  1 ]  [ 0  0  0  0  0  0  0  0  0  1 ]  [ 0  0  0  0  0  0  0  0  1  0 ]  [ 0  0  1  0  0  0  0  0  0  0 ]  [ 0  0  0  1  0  0  0  0  0  0 ]  [ 0  0  1  0  0  0  0  0  0  0 ]  [ 0  0  0  0  0  0  0  0  1  0 ]  [ 0  1  0  0  0  0  0  0  0  0 ]  [ 0  0  0  0  0  0  0  0  0  1 ]  [ 0  0  0  0  0  0  0  0  0  1 ]  [ 0  1  0  0  0  0  0  0  0  0 ]  [ 0  0  0  1  0  0  0  0  0  0 ]  [ 0  1  0  0  0  0  0  0  0  0 ]  [ 0  0  0  0  0  0  0  0  0  1 ]  [ 0  0  1  0  0  0  0  0  0  0 ]  [ 0  0  1  0  0  0  0  0  0  0 ]  [ 0  0  1  0  0  0  0  0  0  0 ]  [ 0  0  0  0  0  0  0  0  0  1 ]  [ 0  0  0  1  0  0  0  0  0  0 ]  [ 0  0  1  0  0  0  0  0  0  0 ]  [ 0  0  0  0  0  0  0  0  0  1 ]  [ 0  0  0  1  0  0  0  0  0  0 ]  [ 0  0  1  0  0  0  0  0  0  0 ]  [ 0  0  1  0  0  0  0  0  0  0 ]  [ 0  0  0  0  0  0  0  0  1  0 ]  [ 0  0  1  0  0  0  0  0  0  0 ]  [ 0  0  0  1  0  0  0  0  0  0 ]  [ 0  0  0  0  0  0  0  0  0  1 ]  [ 0  0  0  0  0  0  0  0  1  0 ]  [ 0  0  0  1  0  0  0  0  0  0 ]  [ 0  0  0  0  0  0  0  0  1  0 ]  [ 0  0  1  0  0  0  0  0  0  0 ]  [ 0  0  0  1  0  0  0  0  0  0 ]  [ 0  0  0  0  0  0  0  0  1  0 ]  [ 0  0  1  0  0  0  0  0  0  0 ]  [ 0  0  1  0  0  0  0  0  0  0 ]  [ 0  1  0  0  0  0  0  0  0  0 ]  [ 0  0  0  0  0  0  0  0  1  0 ]  [ 0  0  0  1  0  0  0  0  0  0 ]  [ 0  0  0  0  0  0  0  0  0  1 ]  [ 0  1  0  0  0  0  0  0  0  0 ]  [ 0  0  1  0  0  0  0  0  0  0 ]  [ 0  0  1  0  0  0  0  0  0  0 ]  [ 0  0  1  0  0  0  0  0  0  0 ]  [ 0  0  0  0  0  0  0  0  0  1 ]  [ 0  0  1  0  0  0  0  0  0  0 ]  [ 0  0  0  0  0  0  0  0  0  1 ]  [ 0  0  0  0  0  0  0  0  0  1 ]  [ 0  0  0  0  0  0  0  0  1  0 ]  [ 0  0  0  1  0  0  0  0  0  0 ]  [ 0  1  0  0  0  0  0  0  0  0 ]  [ 0  0  0  0  0  0  0  0  0  1 ]  [ 0  0  0  0  0  0  0  0  1  0 ]  [ 0  0  0  1  0  0  0  0  0  0 ]  [ 0  0  0  0  0  0  0  0  0  1 ]  [ 0  0  0  1  0  0  0  0  0  0 ]  [ 0  0  0  0  0  0  0  0  1  0 ]  [ 0  0  0  1  0  0  0  0  0  0 ]  [ 0  0  0  0  0  0  0  0  0  1 ]  [ 0  0  1  0  0  0  0  0  0  0 ]  [ 0  0  0  1  0  0  0  0  0  0 ]  [ 0  1  0  0  0  0  0  0  0  0 ]  [ 0  1  0  0  0  0  0  0  0  0 ]  [ 0  0  0  1  0  0  0  0  0  0 ]  [ 0  1  0  0  0  0  0  0  0  0 ]  [ 0  0  0  1  0  0  0  0  0  0 ]  [ 0  1  0  0  0  0  0  0  0  0 ]  [ 0  0  0  0  0  0  0  0  0  1 ]  [ 0  0  0  0  0  0  0  0  1  0 ]  [ 0  0  0  1  0  0  0  0  0  0 ]  [ 0  0  1  0  0  0  0  0  0  0 ]  [ 0  1  0  0  0  0  0  0  0  0 ]  [ 0  0  1  0  0  0  0  0  0  0 ]  [ 0  1  0  0  0  0  0  0  0  0 ]  [ 0  1  0  0  0  0  0  0  0  0 ]  [ 0  0  0  0  0  0  0  0  1  0 ]  [ 0  0  1  0  0  0  0  0  0  0 ]  [ 0  1  0  0  0  0  0  0  0  0 ]  [ 0  1  0  0  0  0  0  0  0  0 ]  [ 0  0  0  0  0  0  0  0  0  1 ]  [ 0  0  0  0  0  0  0  0  1  0 ]  [ 0  0  0  1  0  0  0  0  0  0 ]  [ 0  0  0  1  0  0  0  0  0  0 ]  [ 0  0  0  1  0  0  0  0  0  0 ]  [ 0  0  0  0  0  0  0  0  0  1 ]  [ 0  0  0  0  0  0  0  0  1  0 ]  [ 0  0  1  0  0  0  0  0  0  0 ]  [ 0  0  1  0  0  0  0  0  0  0 ]  [ 0  0  0  0  0  0  0  0  0  1 ]  [ 0  0  0  1  0  0  0  0  0  0 ]  [ 0  0  0  0  0  0  0  0  1  0 ]  [ 0  0  0  1  0  0  0  0  0  0 ]  [ 0  1  0  0  0  0  0  0  0  0 ]  [ 0  1  0  0  0  0  0  0  0  0 ]  [ 0  0  1  0  0  0  0  0  0  0 ]  [ 0  0  0  1  0  0  0  0  0  0 ]  [ 0  0  0  1  0  0  0  0  0  0 ]  [ 0  1  0  0  0  0  0  0  0  0 ]  [ 0  0  0  0  0  0  0  0  0  1 ]  [ 0  0  0  1  0  0  0  0  0  0 ]  [ 0  0  0  1  0  0  0  0  0  0 ]  [ 0  0  0  0  0  0  0  0  0  1 ]  [ 0  1  0  0  0  0  0  0  0  0 ]  [ 0  1  0  0  0  0  0  0  0  0 ]  [ 0  0  0  1  0  0  0  0  0  0 ]  [ 0  1  0  0  0  0  0  0  0  0 ]  [ 0  0  0  0  0  0  0  0  0  1 ]  [ 0  0  0  0  0  0  0  0  1  0 ]  [ 0  1  0  0  0  0  0  0  0  0 ]  [ 0  0  0  1  0  0  0  0  0  0 ]  [ 0  0  0  0  0  0  0  0  0  1 ]  [ 0  0  1  0  0  0  0  0  0  0 ]  [ 0  0  1  0  0  0  0  0  0  0 ]  [ 0  1  0  0  0  0  0  0  0  0 ]  [ 0  0  0  1  0  0  0  0  0  0 ]  [ 0  0  0  0  0  0  0  0  0  1 ]  [ 0  0  0  0  0  0  0  0  0  1 ]  [ 0  1  0  0  0  0  0  0  0  0 ]  [ 0  0  0  1  0  0  0  0  0  0 ]  [ 0  0  0  1  0  0  0  0  0  0 ]  [ 0  0  0  1  0  0  0  0  0  0 ]  [ 0  1  0  0  0  0  0  0  0  0 ]  [ 0  0  0  0  0  0  0  0  0  1 ]  [ 0  1  0  0  0  0  0  0  0  0 ]  [ 0  1  0  0  0  0  0  0  0  0 ]  [ 0  0  1  0  0  0  0  0  0  0 ]  [ 0  0  0  0  0  0  0  0  1  0 ]  [ 0  0  1  0  0  0  0  0  0  0 ]  [ 0  0  1  0  0  0  0  0  0  0 ]  [ 0  0  1  0  0  0  0  0  0  0 ]  [ 0  1  0  0  0  0  0  0  0  0 ]  [ 0  0  0  0  0  0  0  0  0  1 ]  [ 0  1  0  0  0  0  0  0  0  0 ]  [ 0  0  0  1  0  0  0  0  0  0 ]  [ 0  0  0  0  0  0  0  0  0  1 ]  [ 0  0  0  0  0  0  0  0  0  1 ]  [ 0  0  0  1  0  0  0  0  0  0 ]  [ 0  0  0  0  0  0  0  0  1  0 ]  [ 0  0  0  1  0  0  0  0  0  0 ]  [ 0  0  1  0  0  0  0  0  0  0 ]  [ 0  0  0  1  0  0  0  0  0  0 ]  [ 0  1  0  0  0  0  0  0  0  0 ]  [ 0  0  0  0  0  0  0  0  1  0 ]  [ 0  1  0  0  0  0  0  0  0  0 ]  [ 0  0  0  0  0  0  0  0  1  0 ]  [ 0  0  0  1  0  0  0  0  0  0 ]  [ 0  0  0  0  0  0  0  0  0  1 ]  [ 0  1  0  0  0  0  0  0  0  0 ]  [ 0  0  1  0  0  0  0  0  0  0 ]  [ 0  0  0  0  0  0  0  0  0  1 ]  [ 0  0  1  0  0  0  0  0  0  0 ]  [ 0  0  1  0  0  0  0  0  0  0 ]  [ 0  1  0  0  0  0  0  0  0  0 ]  [ 0  0  1  0  0  0  0  0  0  0 ]  [ 0  0  0  1  0  0  0  0  0  0 ]  [ 0  1  0  0  0  0  0  0  0  0 ]  [ 0  0  0  0  0  0  0  0  1  0 ]  [ 0  0  1  0  0  0  0  0  0  0 ]  [ 0  0  1  0  0  0  0  0  0  0 ]  [ 0  0  0  1  0  0  0  0  0  0 ]  [ 0  0  0  0  0  0  0  0  0  1 ]  [ 0  0  1  0  0  0  0  0  0  0 ]  [ 0  1  0  0  0  0  0  0  0  0 ]  [ 0  0  0  1  0  0  0  0  0  0 ]  [ 0  1  0  0  0  0  0  0  0  0 ]  [ 0  1  0  0  0  0  0  0  0  0 ]  [ 0  0  0  1  0  0  0  0  0  0 ]  [ 0  0  0  1  0  0  0  0  0  0 ]  [ 0  0  0  0  0  0  0  0  1  0 ]  [ 0  0  1  0  0  0  0  0  0  0 ]  [ 0  0  0  0  0  0  0  0  0  1 ]  [ 0  0  1  0  0  0  0  0  0  0 ]  [ 0  0  1  0  0  0  0  0  0  0 ]  [ 0  1  0  0  0  0  0  0  0  0 ]  [ 0  0  0  1  0  0  0  0  0  0 ]  [ 0  0  0  0  0  0  0  0  1  0 ]  [ 0  0  0  0  0  0  0  0  1  0 ]  [ 0  0  0  1  0  0  0  0  0  0 ]  [ 0  0  1  0  0  0  0  0  0  0 ]  [ 0  1  0  0  0  0  0  0  0  0 ]  [ 0  1  0  0  0  0  0  0  0  0 ]  [ 0  1  0  0  0  0  0  0  0  0 ]  [ 0  0  1  0  0  0  0  0  0  0 ]  [ 0  0  0  1  0  0  0  0  0  0 ]  [ 0  0  0  0  0  0  0  0  0  1 ]  [ 0  1  0  0  0  0  0  0  0  0 ]  [ 0  0  0  0  0  0  0  0  1  0 ]  [ 0  0  0  0  0  0  0  0  0  1 ]  [ 0  0  0  0  0  0  0  0  0  1 ]  [ 0  0  0  1  0  0  0  0  0  0 ]  [ 0  0  0  0  0  0  0  0  1  0 ]  [ 0  0  0  1  0  0  0  0  0  0 ]  [ 0  0  0  1  0  0  0  0  0  0 ]  [ 0  0  1  0  0  0  0  0  0  0 ]  [ 0  0  0  1  0  0  0  0  0  0 ]  [ 0  1  0  0  0  0  0  0  0  0 ]  [ 0  0  0  0  0  0  0  0  1  0 ]  [ 0  0  0  0  0  0  0  0  0  1 ]  [ 0  0  0  0  0  0  0  0  0  1 ]  [ 0  1  0  0  0  0  0  0  0  0 ]  [ 0  0  0  1  0  0  0  0  0  0 ]  [ 0  0  0  1  0  0  0  0  0  0 ]  [ 0  0  0  1  0  0  0  0  0  0 ]  [ 0  0  0  1  0  0  0  0  0  0 ]  [ 0  1  0  0  0  0  0  0  0  0 ]  [ 0  1  0  0  0  0  0  0  0  0 ]  [ 0  0  0  1  0  0  0  0  0  0 ]  [ 0  0  0  1  0  0  0  0  0  0 ]  [ 0  0  0  0  0  0  0  0  1  0 ]  [ 0  0  0  0  0  0  0  0  1  0 ]  [ 0  0  0  0  0  0  0  0  1  0 ]  [ 0  0  0  1  0  0  0  0  0  0 ]  [ 0  0  1  0  0  0  0  0  0  0 ]  [ 0  0  0  1  0  0  0  0  0  0 ]  [ 0  0  1  0  0  0  0  0  0  0 ]  [ 0  0  0  0  0  0  0  0  1  0 ]  [ 0  0  1  0  0  0  0  0  0  0 ]  [ 0  0  1  0  0  0  0  0  0  0 ]  [ 0  0  0  0  0  0  0  0  0  1 ]  [ 0  0  0  1  0  0  0  0  0  0 ]  [ 0  0  0  0  0  0  0  0  0  1 ]  [ 0  0  0  0  0  0  0  0  1  0 ]  [ 0  1  0  0  0  0  0  0  0  0 ]  [ 0  0  1  0  0  0  0  0  0  0 ]  [ 0  0  0  0  0  0  0  0  1  0 ]  [ 0  0  0  0  0  0  0  0  0  1 ]  [ 0  0  1  0  0  0  0  0  0  0 ]  [ 0  1  0  0  0  0  0  0  0  0 ]  [ 0  0  1  0  0  0  0  0  0  0 ]  [ 0  0  0  0  0  0  0  0  0  1 ]  [ 0  1  0  0  0  0  0  0  0  0 ]  [ 0  1  0  0  0  0  0  0  0  0 ]  [ 0  0  0  1  0  0  0  0  0  0 ]  [ 0  0  1  0  0  0  0  0  0  0 ]  [ 0  0  0  0  0  0  0  0  1  0 ]  [ 0  1  0  0  0  0  0  0  0  0 ]  [ 0  0  0  1  0  0  0  0  0  0 ]  [ 0  1  0  0  0  0  0  0  0  0 ]  [ 0  0  1  0  0  0  0  0  0  0 ]  [ 0  1  0  0  0  0  0  0  0  0 ]  [ 0  0  1  0  0  0  0  0  0  0 ]  [ 0  0  0  1  0  0  0  0  0  0 ]  [ 0  1  0  0  0  0  0  0  0  0 ]  [ 0  1  0  0  0  0  0  0  0  0 ]  [ 0  1  0  0  0  0  0  0  0  0 ]  [ 0  1  0  0  0  0  0  0  0  0 ]  [ 0  0  0  0  0  0  0  0  0  1 ]  [ 0  0  0  0  0  0  0  0  0  1 ]  [ 0  0  1  0  0  0  0  0  0  0 ]  [ 0  0  0  0  0  0  0  0  1  0 ]  [ 0  0  1  0  0  0  0  0  0  0 ]  [ 0  0  0  0  0  0  0  0  0  1 ]  [ 0  0  0  0  0  0  0  0  0  1 ]  [ 0  0  0  1  0  0  0  0  0  0 ]  [ 0  0  1  0  0  0  0  0  0  0 ]  [ 0  1  0  0  0  0  0  0  0  0 ]  [ 0  1  0  0  0  0  0  0  0  0 ]  [ 0  0  0  0  0  0  0  0  1  0 ]  [ 0  0  0  0  0  0  0  0  1  0 ]  [ 0  1  0  0  0  0  0  0  0  0 ]  [ 0  0  0  0  0  0  0  0  1  0 ]  [ 0  0  0  1  0  0  0  0  0  0 ]  [ 0  0  0  1  0  0  0  0  0  0 ]  [ 0  0  0  1  0  0  0  0  0  0 ]  [ 0  0  1  0  0  0  0  0  0  0 ]  [ 0  0  0  0  0  0  0  0  0  1 ]  [ 0  0  0  0  0  0  0  0  1  0 ]  [ 0  0  0  0  0  0  0  0  1  0 ]  [ 0  0  1  0  0  0  0  0  0  0 ]  [ 0  0  0  1  0  0  0  0  0  0 ]  [ 0  0  1  0  0  0  0  0  0  0 ]  [ 0  0  1  0  0  0  0  0  0  0 ]  [ 0  0  0  1  0  0  0  0  0  0 ]  [ 0  1  0  0  0  0  0  0  0  0 ]  [ 0  0  0  1  0  0  0  0  0  0 ]  [ 0  0  0  0  0  0  0  0  1  0 ]  [ 0  0  0  0  0  0  0  0  0  1 ]  [ 0  0  0  1  0  0  0  0  0  0 ]  [ 0  0  1  0  0  0  0  0  0  0 ]  [ 0  0  0  0  0  0  0  0  1  0 ]  [ 0  0  0  0  0  0  0  0  1  0 ]  [ 0  0  0  0  0  0  0  0  0  1 ]  [ 0  0  0  0  0  0  0  0  1  0 ]  [ 0  0  0  0  0  0  0  0  0  1 ]  [ 0  0  0  0  0  0  0  0  0  1 ]  [ 0  0  0  1  0  0  0  0  0  0 ]  [ 0  0  0  0  0  0  0  0  1  0 ]  [ 0  0  0  0  0  0  0  0  1  0 ]  [ 0  0  0  1  0  0  0  0  0  0 ]  [ 0  0  0  0  0  0  0  0  1  0 ]  [ 0  0  0  0  0  0  0  0  1  0 ]  [ 0  1  0  0  0  0  0  0  0  0 ]  [ 0  1  0  0  0  0  0  0  0  0 ]  [ 0  0  0  1  0  0  0  0  0  0 ]  [ 0  0  0  0  0  0  0  0  0  1 ]  [ 0  0  1  0  0  0  0  0  0  0 ]  [ 0  0  1  0  0  0  0  0  0  0 ]  [ 0  0  0  0  0  0  0  0  1  0 ]  [ 0  1  0  0  0  0  0  0  0  0 ]  [ 0  0  1  0  0  0  0  0  0  0 ]  [ 0  0  0  0  0  0  0  0  0  1 ]  [ 0  1  0  0  0  0  0  0  0  0 ]  [ 0  0  0  1  0  0  0  0  0  0 ]  [ 0  0  0  0  0  0  0  0  0  1 ]  [ 0  1  0  0  0  0  0  0  0  0 ]  [ 0  0  0  1  0  0  0  0  0  0 ]  [ 0  0  0  0  0  0  0  0  0  1 ]  [ 0  0  0  0  0  0  0  0  0  1 ]  [ 0  0  0  0  0  0  0  0  1  0 ]  [ 0  1  0  0  0  0  0  0  0  0 ]  [ 0  1  0  0  0  0  0  0  0  0 ]  [ 0  1  0  0  0  0  0  0  0  0 ]  [ 0  0  0  0  0  0  0  0  1  0 ]  [ 0  0  1  0  0  0  0  0  0  0 ]  [ 0  0  0  1  0  0  0  0  0  0 ]  [ 0  0  0  1  0  0  0  0  0  0 ]  [ 0  0  0  0  0  0  0  0  1  0 ]  [ 0  0  0  0  0  0  0  0  0  1 ]  [ 0  0  1  0  0  0  0  0  0  0 ]  [ 0  0  0  0  0  0  0  0  0  1 ]  [ 0  0  0  0  0  0  0  0  0  1 ]  [ 0  0  0  1  0  0  0  0  0  0 ]  [ 0  0  0  0  0  0  0  0  1  0 ]  [ 0  0  1  0  0  0  0  0  0  0 ]  [ 0  0  0  0  0  0  0  0  0  1 ]  [ 0  0  1  0  0  0  0  0  0  0 ]  [ 0  1  0  0  0  0  0  0  0  0 ]  [ 0  1  0  0  0  0  0  0  0  0 ]  [ 0  0  0  0  0  0  0  0  0  1 ]  [ 0  0  0  1  0  0  0  0  0  0 ]  [ 0  1  0  0  0  0  0  0  0  0 ]  [ 0  1  0  0  0  0  0  0  0  0 ]  [ 0  0  1  0  0  0  0  0  0  0 ]  [ 0  0  0  0  0  0  0  0  0  1 ]  [ 0  1  0  0  0  0  0  0  0  0 ]  [ 0  0  0  0  0  0  0  0  0  1 ]  [ 0  0  0  0  0  0  0  0  0  1 ]  [ 0  0  0  0  0  0  0  0  1  0 ]  [ 0  1  0  0  0  0  0  0  0  0 ]  [ 0  1  0  0  0  0  0  0  0  0 ]  [ 0  0  0  1  0  0  0  0  0  0 ]  [ 0  1  0  0  0  0  0  0  0  0 ]  [ 0  0  0  0  0  0  0  0  1  0 ]  [ 0  0  1  0  0  0  0  0  0  0 ]  [ 0  0  0  1  0  0  0  0  0  0 ]  [ 0  0  1  0  0  0  0  0  0  0 ]  [ 0  1  0  0  0  0  0  0  0  0 ]  [ 0  1  0  0  0  0  0  0  0  0 ]  [ 0  0  1  0  0  0  0  0  0  0 ]  [ 0  0  0  0  0  0  0  0  0  1 ]  [ 0  0  0  0  0  0  0  0  1  0 ]  [ 0  0  1  0  0  0  0  0  0  0 ]  [ 0  0  0  1  0  0  0  0  0  0 ]  [ 0  0  0  1  0  0  0  0  0  0 ]  [ 0  0  0  0  0  0  0  0  0  1 ]  [ 0  0  1  0  0  0  0  0  0  0 ]  [ 0  0  1  0  0  0  0  0  0  0 ]  [ 0  0  0  0  0  0  0  0  1  0 ]  [ 0  0  1  0  0  0  0  0  0  0 ]  [ 0  0  0  0  0  0  0  0  0  1 ]  [ 0  0  0  0  0  0  0  0  0  1 ]  [ 0  1  0  0  0  0  0  0  0  0 ]  [ 0  0  0  1  0  0  0  0  0  0 ]  [ 0  0  0  1  0  0  0  0  0  0 ]  [ 0  0  0  0  0  0  0  0  1  0 ]  [ 0  0  0  1  0  0  0  0  0  0 ]  [ 0  0  0  0  0  0  0  0  1  0 ]  [ 0  0  0  1  0  0  0  0  0  0 ]  [ 0  0  0  0  0  0  0  0  0  1 ]  [ 0  0  0  0  0  0  0  0  0  1 ]  [ 0  1  0  0  0  0  0  0  0  0 ]  [ 0  1  0  0  0  0  0  0  0  0 ]  [ 0  0  0  0  0  0  0  0  1  0 ]  [ 0  0  0  0  0  0  0  0  1  0 ]  [ 0  1  0  0  0  0  0  0  0  0 ]  [ 0  0  0  0  0  0  0  0  0  1 ]  [ 0  0  0  0  0  0  0  0  1  0 ]  [ 0  0  0  1  0  0  0  0  0  0 ]  [ 0  0  0  1  0  0  0  0  0  0 ]  [ 0  0  1  0  0  0  0  0  0  0 ]  [ 0  1  0  0  0  0  0  0  0  0 ]  [ 0  0  1  0  0  0  0  0  0  0 ]  [ 0  0  0  0  0  0  0  0  0  1 ]  [ 0  0  0  0  0  0  0  0  1  0 ]  [ 0  1  0  0  0  0  0  0  0  0 ]  [ 0  0  0  0  0  0  0  0  0  1 ]  [ 0  1  0  0  0  0  0  0  0  0 ]  [ 0  0  1  0  0  0  0  0  0  0 ]  [ 0  0  0  0  0  0  0  0  1  0 ]  [ 0  0  0  0  0  0  0  0  1  0 ]  [ 0  0  0  1  0  0  0  0  0  0 ]  [ 0  0  0  0  0  0  0  0  1  0 ]  [ 0  0  0  1  0  0  0  0  0  0 ]  [ 0  0  0  0  0  0  0  0  1  0 ]  [ 0  0  1  0  0  0  0  0  0  0 ]  [ 0  0  0  0  0  0  0  0  1  0 ]  [ 0  0  0  0  0  0  0  0  1  0 ]  [ 0  0  0  1  0  0  0  0  0  0 ]  [ 0  0  0  1  0  0  0  0  0  0 ]  [ 0  0  0  0  0  0  0  0  0  1 ]  [ 0  0  0  0  0  0  0  0  0  1 ]  [ 0  0  0  0  0  0  0  0  1  0 ]  [ 0  0  0  0  0  0  0  0  0  1 ]  [ 0  0  0  1  0  0  0  0  0  0 ]  [ 0  0  0  1  0  0  0  0  0  0 ]  [ 0  0  1  0  0  0  0  0  0  0 ]  [ 0  0  0  1  0  0  0  0  0  0 ]  [ 0  0  0  0  0  0  0  0  1  0 ]  [ 0  1  0  0  0  0  0  0  0  0 ]  [ 0  1  0  0  0  0  0  0  0  0 ]  [ 0  0  0  0  0  0  0  0  1  0 ]  [ 0  1  0  0  0  0  0  0  0  0 ]  [ 0  0  0  0  0  0  0  0  1  0 ]  [ 0  1  0  0  0  0  0  0  0  0 ]  [ 0  0  0  0  0  0  0  0  1  0 ]  [ 0  0  0  0  0  0  0  0  0  1 ]  [ 0  1  0  0  0  0  0  0  0  0 ]  [ 0  0  0  1  0  0  0  0  0  0 ]  [ 0  0  1  0  0  0  0  0  0  0 ]  [ 0  0  0  0  0  0  0  0  0  1 ]  [ 0  0  0  0  0  0  0  0  1  0 ]  [ 0  0  0  1  0  0  0  0  0  0 ]  [ 0  0  1  0  0  0  0  0  0  0 ]  [ 0  0  0  1  0  0  0  0  0  0 ]  [ 0  0  0  0  0  0  0  0  1  0 ]  [ 0  0  0  0  0  0  0  0  1  0 ]  [ 0  1  0  0  0  0  0  0  0  0 ]  [ 0  0  0  0  0  0  0  0  1  0 ]  [ 0  0  0  0  0  0  0  0  0  1 ]  [ 0  1  0  0  0  0  0  0  0  0 ]  [ 0  0  0  0  0  0  0  0  0  1 ]  [ 0  0  0  0  0  0  0  0  1  0 ]  [ 0  0  0  0  0  0  0  0  0  1 ]  [ 0  0  0  0  0  0  0  0  0  1 ]  [ 0  0  0  0  0  0  0  0  0  1 ]  [ 0  0  0  0  0  0  0  0  0  1 ]  [ 0  0  0  0  0  0  0  0  1  0 ]  [ 0  0  0  0  0  0  0  0  0  1 ]  [ 0  0  0  0  0  0  0  0  0  1 ]  [ 0  1  0  0  0  0  0  0  0  0 ]  [ 0  0  0  0  0  0  0  0  0  1 ]  [ 0  1  0  0  0  0  0  0  0  0 ]  [ 0  0  0  0  0  0  0  0  0  1 ]  [ 0  1  0  0  0  0  0  0  0  0 ]  [ 0  0  0  0  0  0  0  0  0  1 ]  [ 0  0  0  1  0  0  0  0  0  0 ]  [ 0  0  0  1  0  0  0  0  0  0 ]  [ 0  0  0  0  0  0  0  0  0  1 ]  [ 0  1  0  0  0  0  0  0  0  0 ]  [ 0  0  0  0  0  0  0  0  1  0 ]  [ 0  0  1  0  0  0  0  0  0  0 ]  [ 0  1  0  0  0  0  0  0  0  0 ]  [ 0  0  0  0  0  0  0  0  1  0 ]  [ 0  0  0  0  0  0  0  0  1  0 ]  [ 0  0  1  0  0  0  0  0  0  0 ]  [ 0  0  0  0  0  0  0  0  1  0 ]  [ 0  0  0  0  0  0  0  0  0  1 ]  [ 0  0  0  0  0  0  0  0  1  0 ]  [ 0  0  0  1  0  0  0  0  0  0 ]  [ 0  0  0  0  0  0  0  0  0  1 ]  [ 0  0  1  0  0  0  0  0  0  0 ]  [ 0  0  0  0  0  0  0  0  1  0 ]  [ 0  1  0  0  0  0  0  0  0  0 ]  [ 0  0  0  0  0  0  0  0  0  1 ]  [ 0  0  0  0  0  0  0  0  1  0 ]  [ 0  0  0  0  0  0  0  0  0  1 ]  [ 0  0  0  0  0  0  0  0  0  1 ]  [ 0  0  0  1  0  0  0  0  0  0 ]  [ 0  0  0  1  0  0  0  0  0  0 ]  [ 0  1  0  0  0  0  0  0  0  0 ]  [ 0  0  0  1  0  0  0  0  0  0 ]  [ 0  0  1  0  0  0  0  0  0  0 ]  [ 0  1  0  0  0  0  0  0  0  0 ]  [ 0  0  0  0  0  0  0  0  1  0 ]  [ 0  0  0  1  0  0  0  0  0  0 ]  [ 0  0  0  0  0  0  0  0  1  0 ]  [ 0  0  0  0  0  0  0  0  0  1 ]  [ 0  0  1  0  0  0  0  0  0  0 ]  [ 0  0  0  0  0  0  0  0  0  1 ]  [ 0  0  0  0  0  0  0  0  0  1 ]  [ 0  1  0  0  0  0  0  0  0  0 ]  [ 0  0  0  1  0  0  0  0  0  0 ]  [ 0  0  0  0  0  0  0  0  0  1 ]  [ 0  0  0  1  0  0  0  0  0  0 ]  [ 0  0  0  0  0  0  0  0  1  0 ]  [ 0  0  1  0  0  0  0  0  0  0 ]  [ 0  0  0  0  0  0  0  0  0  1 ]  [ 0  1  0  0  0  0  0  0  0  0 ]  [ 0  0  0  1  0  0  0  0  0  0 ]  [ 0  0  0  1  0  0  0  0  0  0 ]  [ 0  1  0  0  0  0  0  0  0  0 ]  [ 0  0  0  0  0  0  0  0  0  1 ]  [ 0  1  0  0  0  0  0  0  0  0 ]  [ 0  0  1  0  0  0  0  0  0  0 ]  [ 0  1  0  0  0  0  0  0  0  0 ]  [ 0  0  0  0  0  0  0  0  0  1 ]  [ 0  0  0  1  0  0  0  0  0  0 ]  [ 0  0  0  0  0  0  0  0  1  0 ]  [ 0  0  0  0  0  0  0  0  0  1 ]  [ 0  0  0  0  0  0  0  0  0  1 ]  [ 0  0  1  0  0  0  0  0  0  0 ]  [ 0  0  0  0  0  0  0  0  0  1 ]  [ 0  0  1  0  0  0  0  0  0  0 ]  [ 0  1  0  0  0  0  0  0  0  0 ]  [ 0  0  0  0  0  0  0  0  1  0 ]  [ 0  1  0  0  0  0  0  0  0  0 ]  [ 0  0  0  0  0  0  0  0  0  1 ]  [ 0  0  0  0  0  0  0  0  0  1 ]  [ 0  0  0  1  0  0  0  0  0  0 ]  [ 0  0  0  0  0  0  0  0  1  0 ]  [ 0  0  1  0  0  0  0  0  0  0 ]  [ 0  0  1  0  0  0  0  0  0  0 ]  [ 0  0  0  0  0  0  0  0  0  1 ]  [ 0  0  0  1  0  0  0  0  0  0 ]  [ 0  0  0  0  0  0  0  0  0  1 ]  [ 0  0  0  1  0  0  0  0  0  0 ]  [ 0  0  0  0  0  0  0  0  0  1 ]  [ 0  0  0  0  0  0  0  0  0  1 ]  [ 0  0  0  1  0  0  0  0  0  0 ]  [ 0  0  1  0  0  0  0  0  0  0 ]  [ 0  0  0  1  0  0  0  0  0  0 ]  [ 0  0  0  0  0  0  0  0  1  0 ]  [ 0  0  1  0  0  0  0  0  0  0 ]  [ 0  0  1  0  0  0  0  0  0  0 ]  [ 0  0  1  0  0  0  0  0  0  0 ]  [ 0  0  0  0  0  0  0  0  1  0 ]  [ 0  1  0  0  0  0  0  0  0  0 ]  [ 0  0  0  1  0  0  0  0  0  0 ]  [ 0  0  1  0  0  0  0  0  0  0 ]  [ 0  0  0  0  0  0  0  0  0  1 ]  [ 0  1  0  0  0  0  0  0  0  0 ]  [ 0  1  0  0  0  0  0  0  0  0 ]  [ 0  0  0  0  0  0  0  0  0  1 ]  [ 0  0  0  1  0  0  0  0  0  0 ]  [ 0  1  0  0  0  0  0  0  0  0 ]  [ 0  0  1  0  0  0  0  0  0  0 ]  [ 0  0  0  0  0  0  0  0  0  1 ]  [ 0  0  1  0  0  0  0  0  0  0 ]  [ 0  0  0  1  0  0  0  0  0  0 ]  [ 0  0  0  0  0  0  0  0  1  0 ]  [ 0  0  0  1  0  0  0  0  0  0 ]  [ 0  0  1  0  0  0  0  0  0  0 ]  [ 0  0  0  1  0  0  0  0  0  0 ]  [ 0  1  0  0  0  0  0  0  0  0 ]  [ 0  0  0  0  0  0  0  0  1  0 ]  [ 0  0  0  0  0  0  0  0  1  0 ]  [ 0  0  0  1  0  0  0  0  0  0 ]  [ 0  0  0  0  0  0  0  0  0  1 ]  [ 0  0  0  1  0  0  0  0  0  0 ]  [ 0  0  0  0  0  0  0  0  1  0 ]  [ 0  1  0  0  0  0  0  0  0  0 ]  [ 0  1  0  0  0  0  0  0  0  0 ]  [ 0  0  1  0  0  0  0  0  0  0 ]  [ 0  0  0  0  0  0  0  0  0  1 ]  [ 0  1  0  0  0  0  0  0  0  0 ]  [ 0  0  0  1  0  0  0  0  0  0 ]  [ 0  0  0  1  0  0  0  0  0  0 ]  [ 0  0  0  0  0  0  0  0  1  0 ]  [ 0  1  0  0  0  0  0  0  0  0 ]  [ 0  0  0  1  0  0  0  0  0  0 ]  [ 0  1  0  0  0  0  0  0  0  0 ]  [ 0  0  0  0  0  0  0  0  0  1 ]  [ 0  0  1  0  0  0  0  0  0  0 ]  [ 0  1  0  0  0  0  0  0  0  0 ]  [ 0  0  1  0  0  0  0  0  0  0 ]  [ 0  0  1  0  0  0  0  0  0  0 ]  [ 0  0  0  0  0  0  0  0  0  1 ]  [ 0  0  1  0  0  0  0  0  0  0 ]  [ 0  0  0  1  0  0  0  0  0  0 ]  [ 0  0  1  0  0  0  0  0  0  0 ]  [ 0  0  0  0  0  0  0  0  1  0 ]  [ 0  1  0  0  0  0  0  0  0  0 ]  [ 0  1  0  0  0  0  0  0  0  0 ]  [ 0  0  1  0  0  0  0  0  0  0 ]  [ 0  0  1  0  0  0  0  0  0  0 ]  [ 0  1  0  0  0  0  0  0  0  0 ]  [ 0  0  1  0  0  0  0  0  0  0 ]  [ 0  0  0  1  0  0  0  0  0  0 ]  [ 0  0  1  0  0  0  0  0  0  0 ]  [ 0  0  1  0  0  0  0  0  0  0 ]  [ 0  0  1  0  0  0  0  0  0  0 ]  [ 0  0  0  0  0  0  0  0  0  1 ]  [ 0  0  0  0  0  0  0  0  0  1 ]  [ 0  0  0  0  0  0  0  0  0  1 ]  [ 0  1  0  0  0  0  0  0  0  0 ]  [ 0  0  0  0  0  0  0  0  0  1 ]  [ 0  0  0  1  0  0  0  0  0  0 ]  [ 0  0  0  0  0  0  0  0  0  1 ]  [ 0  1  0  0  0  0  0  0  0  0 ]  [ 0  0  0  0  0  0  0  0  0  1 ]  [ 0  0  0  1  0  0  0  0  0  0 ]  [ 0  0  1  0  0  0  0  0  0  0 ]  [ 0  1  0  0  0  0  0  0  0  0 ]  [ 0  0  0  0  0  0  0  0  1  0 ]  [ 0  0  0  1  0  0  0  0  0  0 ]  [ 0  0  0  0  0  0  0  0  0  1 ]  [ 0  0  0  0  0  0  0  0  1  0 ]  [ 0  0  0  0  0  0  0  0  1  0 ]  [ 0  0  1  0  0  0  0  0  0  0 ]  [ 0  0  0  1  0  0  0  0  0  0 ]  [ 0  0  0  0  0  0  0  0  1  0 ]  [ 0  0  1  0  0  0  0  0  0  0 ]  [ 0  1  0  0  0  0  0  0  0  0 ]  [ 0  0  0  0  0  0  0  0  1  0 ]  [ 0  0  0  0  0  0  0  0  0  1 ]  [ 0  0  0  0  0  0  0  0  0  1 ]  [ 0  0  0  0  0  0  0  0  0  1 ]  [ 0  0  0  0  0  0  0  0  0  1 ]  [ 0  0  0  0  0  0  0  0  0  1 ]  [ 0  0  0  1  0  0  0  0  0  0 ]  [ 0  1  0  0  0  0  0  0  0  0 ]  [ 0  0  1  0  0  0  0  0  0  0 ]  [ 0  1  0  0  0  0  0  0  0  0 ]  [ 0  1  0  0  0  0  0  0  0  0 ]  [ 0  1  0  0  0  0  0  0  0  0 ]  [ 0  0  1  0  0  0  0  0  0  0 ]  [ 0  0  1  0  0  0  0  0  0  0 ]  [ 0  1  0  0  0  0  0  0  0  0 ]  [ 0  0  0  0  0  0  0  0  1  0 ]  [ 0  0  0  1  0  0  0  0  0  0 ]  [ 0  1  0  0  0  0  0  0  0  0 ]  [ 0  0  1  0  0  0  0  0  0  0 ]  [ 0  0  0  0  0  0  0  0  1  0 ]  [ 0  0  0  0  0  0  0  0  1  0 ]  [ 0  0  1  0  0  0  0  0  0  0 ]  [ 0  0  0  1  0  0  0  0  0  0 ]  [ 0  0  0  0  0  0  0  0  0  1 ]  [ 0  1  0  0  0  0  0  0  0  0 ]  [ 0  0  1  0  0  0  0  0  0  0 ]  [ 0  0  0  0  0  0  0  0  1  0 ]  [ 0  0  1  0  0  0  0  0  0  0 ]  [ 0  1  0  0  0  0  0  0  0  0 ]  [ 0  0  1  0  0  0  0  0  0  0 ]  [ 0  0  1  0  0  0  0  0  0  0 ]  [ 0  0  0  1  0  0  0  0  0  0 ]  [ 0  0  0  0  0  0  0  0  0  1 ]  [ 0  0  0  1  0  0  0  0  0  0 ]  [ 0  0  1  0  0  0  0  0  0  0 ]  [ 0  0  0  0  0  0  0  0  0  1 ]  [ 0  1  0  0  0  0  0  0  0  0 ]  [ 0  1  0  0  0  0  0  0  0  0 ]  [ 0  0  0  1  0  0  0  0  0  0 ]  [ 0  0  0  0  0  0  0  0  1  0 ]  [ 0  0  0  1  0  0  0  0  0  0 ]  [ 0  0  0  0  0  0  0  0  1  0 ]  [ 0  0  0  1  0  0  0  0  0  0 ]  [ 0  0  0  1  0  0  0  0  0  0 ]  [ 0  0  0  0  0  0  0  0  0  1 ]  [ 0  1  0  0  0  0  0  0  0  0 ]  [ 0  0  0  0  0  0  0  0  1  0 ]  [ 0  0  1  0  0  0  0  0  0  0 ]  [ 0  0  0  0  0  0  0  0  0  1 ]  [ 0  0  0  0  0  0  0  0  1  0 ]  [ 0  1  0  0  0  0  0  0  0  0 ]  [ 0  0  0  0  0  0  0  0  0  1 ]  [ 0  1  0  0  0  0  0  0  0  0 ]  [ 0  0  0  0  0  0  0  0  0  1 ]  [ 0  0  0  0  0  0  0  0  1  0 ]  [ 0  1  0  0  0  0  0  0  0  0 ]  [ 0  1  0  0  0  0  0  0  0  0 ]  [ 0  0  0  1  0  0  0  0  0  0 ]  [ 0  0  1  0  0  0  0  0  0  0 ]  [ 0  0  0  1  0  0  0  0  0  0 ]  [ 0  0  0  0  0  0  0  0  1  0 ]  [ 0  0  1  0  0  0  0  0  0  0 ]  [ 0  0  0  1  0  0  0  0  0  0 ]  [ 0  0  0  0  0  0  0  0  1  0 ]  [ 0  0  1  0  0  0  0  0  0  0 ]  [ 0  1  0  0  0  0  0  0  0  0 ]  [ 0  0  0  0  0  0  0  0  0  1 ]  [ 0  0  0  1  0  0  0  0  0  0 ]  [ 0  0  0  1  0  0  0  0  0  0 ]  [ 0  0  0  1  0  0  0  0  0  0 ]  [ 0  0  0  1  0  0  0  0  0  0 ]  [ 0  0  0  0  0  0  0  0  0  1 ]  [ 0  0  0  0  0  0  0  0  1  0 ]  [ 0  0  0  0  0  0  0  0  1  0 ]  [ 0  0  1  0  0  0  0  0  0  0 ]  [ 0  1  0  0  0  0  0  0  0  0 ]  [ 0  0  0  1  0  0  0  0  0  0 ]  [ 0  0  0  1  0  0  0  0  0  0 ]  [ 0  0  1  0  0  0  0  0  0  0 ]  [ 0  1  0  0  0  0  0  0  0  0 ]  [ 0  0  0  0  0  0  0  0  1  0 ]  [ 0  1  0  0  0  0  0  0  0  0 ]  [ 0  1  0  0  0  0  0  0  0  0 ]  [ 0  1  0  0  0  0  0  0  0  0 ]  [ 0  1  0  0  0  0  0  0  0  0 ]  [ 0  1  0  0  0  0  0  0  0  0 ]  [ 0  1  0  0  0  0  0  0  0  0 ]  [ 0  1  0  0  0  0  0  0  0  0 ]  [ 0  0  1  0  0  0  0  0  0  0 ]  [ 0  0  0  0  0  0  0  0  1  0 ]  [ 0  0  0  0  0  0  0  0  1  0 ]  [ 0  1  0  0  0  0  0  0  0  0 ]  [ 0  0  0  0  0  0  0  0  0  1 ]  [ 0  0  0  0  0  0  0  0  0  1 ]  [ 0  0  0  0  0  0  0  0  0  1 ]  [ 0  0  0  1  0  0  0  0  0  0 ]  [ 0  1  0  0  0  0  0  0  0  0 ]  [ 0  0  0  0  0  0  0  0  0  1 ]  [ 0  0  0  0  0  0  0  0  1  0 ]  [ 0  0  0  0  0  0  0  0  1  0 ]  [ 0  1  0  0  0  0  0  0  0  0 ]  [ 0  0  0  0  0  0  0  0  1  0 ]  [ 0  0  1  0  0  0  0  0  0  0 ]  [ 0  0  1  0  0  0  0  0  0  0 ]  [ 0  0  0  0  0  0  0  0  0  1 ]  [ 0  0  0  0  0  0  0  0  1  0 ]  [ 0  1  0  0  0  0  0  0  0  0 ]  [ 0  0  1  0  0  0  0  0  0  0 ]  [ 0  0  0  0  0  0  0  0  1  0 ]  [ 0  0  0  0  0  0  0  0  0  1 ]  [ 0  0  1  0  0  0  0  0  0  0 ]  [ 0  0  1  0  0  0  0  0  0  0 ]  [ 0  0  0  0  0  0  0  0  1  0 ]  [ 0  0  0  1  0  0  0  0  0  0 ]  [ 0  0  1  0  0  0  0  0  0  0 ]  [ 0  0  0  1  0  0  0  0  0  0 ]  [ 0  0  0  0  0  0  0  0  0  1 ]  [ 0  0  0  0  0  0  0  0  1  0 ]  [ 0  0  1  0  0  0  0  0  0  0 ]  [ 0  0  1  0  0  0  0  0  0  0 ]  [ 0  1  0  0  0  0  0  0  0  0 ]  [ 0  0  0  0  0  0  0  0  0  1 ]  [ 0  0  1  0  0  0  0  0  0  0 ]  [ 0  1  0  0  0  0  0  0  0  0 ]  [ 0  0  1  0  0  0  0  0  0  0 ]  [ 0  0  0  1  0  0  0  0  0  0 ]  [ 0  1  0  0  0  0  0  0  0  0 ]  [ 0  0  0  0  0  0  0  0  0  1 ]  [ 0  0  0  1  0  0  0  0  0  0 ]  [ 0  1  0  0  0  0  0  0  0  0 ]  [ 0  0  0  0  0  0  0  0  1  0 ]  [ 0  1  0  0  0  0  0  0  0  0 ]  [ 0  1  0  0  0  0  0  0  0  0 ]  [ 0  0  0  0  0  0  0  0  1  0 ]  [ 0  0  0  0  0  0  0  0  0  1 ]  [ 0  0  0  0  0  0  0  0  1  0 ]  [ 0  1  0  0  0  0  0  0  0  0 ]  [ 0  0  0  0  0  0  0  0  0  1 ]  [ 0  0  0  0  0  0  0  0  0  1 ]  [ 0  1  0  0  0  0  0  0  0  0 ]  [ 0  1  0  0  0  0  0  0  0  0 ]  [ 0  0  0  1  0  0  0  0  0  0 ]  [ 0  0  0  1  0  0  0  0  0  0 ]  [ 0  0  0  0  0  0  0  0  0  1 ]  [ 0  0  0  0  0  0  0  0  0  1 ]  [ 0  0  0  0  0  0  0  0  1  0 ]  [ 0  0  0  0  0  0  0  0  1  0 ]  [ 0  0  0  0  0  0  0  0  1  0 ]  [ 0  1  0  0  0  0  0  0  0  0 ]  [ 0  0  0  0  0  0  0  0  0  1 ]  [ 0  0  0  0  0  0  0  0  1  0 ]  [ 0  0  1  0  0  0  0  0  0  0 ]  [ 0  1  0  0  0  0  0  0  0  0 ]  [ 0  0  0  0  0  0  0  0  1  0 ]  [ 0  0  1  0  0  0  0  0  0  0 ]  [ 0  0  0  1  0  0  0  0  0  0 ]  [ 0  0  0  0  0  0  0  0  0  1 ]  [ 0  0  1  0  0  0  0  0  0  0 ]  [ 0  0  1  0  0  0  0  0  0  0 ]  [ 0  0  0  1  0  0  0  0  0  0 ]  [ 0  1  0  0  0  0  0  0  0  0 ]  [ 0  0  0  0  0  0  0  0  0  1 ]  [ 0  1  0  0  0  0  0  0  0  0 ]  [ 0  0  0  0  0  0  0  0  1  0 ]  [ 0  0  0  0  0  0  0  0  1  0 ]  [ 0  0  0  0  0  0  0  0  1  0 ]  [ 0  0  0  0  0  0  0  0  1  0 ]  [ 0  0  0  0  0  0  0  0  1  0 ]  [ 0  1  0  0  0  0  0  0  0  0 ]  [ 0  1  0  0  0  0  0  0  0  0 ]  [ 0  0  0  0  0  0  0  0  1  0 ]  [ 0  0  0  0  0  0  0  0  0  1 ]  [ 0  0  0  1  0  0  0  0  0  0 ]  [ 0  0  0  1  0  0  0  0  0  0 ]  [ 0  0  0  0  0  0  0  0  1  0 ]  [ 0  0  0  0  0  0  0  0  1  0 ]  [ 0  0  0  0  0  0  0  0  1  0 ]  [ 0  1  0  0  0  0  0  0  0  0 ]  [ 0  0  1  0  0  0  0  0  0  0 ]  [ 0  0  0  0  0  0  0  0  0  1 ]  [ 0  1  0  0  0  0  0  0  0  0 ]  [ 0  0  0  0  0  0  0  0  0  1 ]  [ 0  0  0  0  0  0  0  0  1  0 ]  [ 0  0  0  1  0  0  0  0  0  0 ]  [ 0  0  0  0  0  0  0  0  1  0 ]  [ 0  1  0  0  0  0  0  0  0  0 ]  [ 0  1  0  0  0  0  0  0  0  0 ]  [ 0  0  0  0  0  0  0  0  0  1 ]  [ 0  1  0  0  0  0  0  0  0  0 ]  [ 0  1  0  0  0  0  0  0  0  0 ]  [ 0  1  0  0  0  0  0  0  0  0 ]  [ 0  0  0  1  0  0  0  0  0  0 ]  [ 0  0  0  0  0  0  0  0  1  0 ]  [ 0  0  0  0  0  0  0  0  0  1 ]  [ 0  0  0  1  0  0  0  0  0  0 ]  [ 0  0  0  0  0  0  0  0  0  1 ]  [ 0  0  0  0  0  0  0  0  1  0 ]  [ 0  0  0  1  0  0  0  0  0  0 ]  [ 0  0  0  0  0  0  0  0  1  0 ]  [ 0  0  1  0  0  0  0  0  0  0 ]  [ 0  0  0  1  0  0  0  0  0  0 ]  [ 0  0  0  0  0  0  0  0  1  0 ]  [ 0  0  1  0  0  0  0  0  0  0 ]  [ 0  0  1  0  0  0  0  0  0  0 ]  [ 0  0  0  1  0  0  0  0  0  0 ]  [ 0  1  0  0  0  0  0  0  0  0 ]  [ 0  0  0  0  0  0  0  0  1  0 ]  [ 0  0  0  1  0  0  0  0  0  0 ]  [ 0  1  0  0  0  0  0  0  0  0 ]  [ 0  0  0  1  0  0  0  0  0  0 ]  [ 0  0  0  0  0  0  0  0  1  0 ]  [ 0  0  0  0  0  0  0  0  0  1 ]  [ 0  0  0  0  0  0  0  0  0  1 ]  [ 0  0  0  0  0  0  0  0  1  0 ]  [ 0  0  0  0  0  0  0  0  0  1 ]  [ 0  0  0  0  0  0  0  0  1  0 ]  [ 0  0  0  0  0  0  0  0  0  1 ]  [ 0  0  0  0  0  0  0  0  1  0 ]  [ 0  1  0  0  0  0  0  0  0  0 ]  [ 0  0  0  0  0  0  0  0  0  1 ]  [ 0  0  1  0  0  0  0  0  0  0 ]  [ 0  0  1  0  0  0  0  0  0  0 ]  [ 0  1  0  0  0  0  0  0  0  0 ]  [ 0  0  0  1  0  0  0  0  0  0 ]  [ 0  0  1  0  0  0  0  0  0  0 ]  [ 0  0  0  1  0  0  0  0  0  0 ]  [ 0  0  0  0  0  0  0  0  1  0 ]  [ 0  1  0  0  0  0  0  0  0  0 ]  [ 0  0  0  1  0  0  0  0  0  0 ]  [ 0  0  0  0  0  0  0  0  0  1 ]  [ 0  1  0  0  0  0  0  0  0  0 ]  [ 0  0  1  0  0  0  0  0  0  0 ]  [ 0  0  0  0  0  0  0  0  0  1 ]  [ 0  1  0  0  0  0  0  0  0  0 ]  [ 0  0  0  0  0  0  0  0  1  0 ]  [ 0  0  0  0  0  0  0  0  1  0 ]  [ 0  0  0  1  0  0  0  0  0  0 ]  [ 0  1  0  0  0  0  0  0  0  0 ]  [ 0  1  0  0  0  0  0  0  0  0 ]  [ 0  0  1  0  0  0  0  0  0  0 ]  [ 0  0  0  0  0  0  0  0  1  0 ]  [ 0  0  0  0  0  0  0  0  1  0 ]  [ 0  0  0  0  0  0  0  0  0  1 ]  [ 0  0  1  0  0  0  0  0  0  0 ]  [ 0  0  0  1  0  0  0  0  0  0 ]  [ 0  0  0  1  0  0  0  0  0  0 ]  [ 0  0  0  0  0  0  0  0  1  0 ]  [ 0  0  0  0  0  0  0  0  0  1 ]  [ 0  1  0  0  0  0  0  0  0  0 ]  [ 0  0  0  0  0  0  0  0  0  1 ]  [ 0  0  0  0  0  0  0  0  0  1 ]  [ 0  0  1  0  0  0  0  0  0  0 ]  [ 0  0  0  1  0  0  0  0  0  0 ]  [ 0  0  0  0  0  0  0  0  0  1 ]  [ 0  0  0  1  0  0  0  0  0  0 ]  [ 0  0  0  0  0  0  0  0  1  0 ]  [ 0  1  0  0  0  0  0  0  0  0 ]  [ 0  0  1  0  0  0  0  0  0  0 ]  [ 0  1  0  0  0  0  0  0  0  0 ]  [ 0  0  1  0  0  0  0  0  0  0 ]  [ 0  0  0  1  0  0  0  0  0  0 ]  [ 0  1  0  0  0  0  0  0  0  0 ]  [ 0  0  0  1  0  0  0  0  0  0 ]  [ 0  0  0  0  0  0  0  0  1  0 ]  [ 0  0  0  0  0  0  0  0  1  0 ]  [ 0  1  0  0  0  0  0  0  0  0 ]  [ 0  1  0  0  0  0  0  0  0  0 ]  [ 0  0  0  1  0  0  0  0  0  0 ]  [ 0  0  0  0  0  0  0  0  1  0 ]  [ 0  1  0  0  0  0  0  0  0  0 ]  [ 0  0  0  0  0  0  0  0  1  0 ]  [ 0  0  0  1  0  0  0  0  0  0 ]  [ 0  0  0  0  0  0  0  0  0  1 ]  [ 0  0  0  1  0  0  0  0  0  0 ]  [ 0  0  0  0  0  0  0  0  1  0 ]  [ 0  0  1  0  0  0  0  0  0  0 ]  [ 0  1  0  0  0  0  0  0  0  0 ]  [ 0  0  0  0  0  0  0  0  0  1 ]  [ 0  1  0  0  0  0  0  0  0  0 ]  [ 0  1  0  0  0  0  0  0  0  0 ]  [ 0  0  0  1  0  0  0  0  0  0 ]  [ 0  0  0  0  0  0  0  0  1  0 ]  [ 0  0  0  0  0  0  0  0  1  0 ]  [ 0  0  0  0  0  0  0  0  0  1 ]  [ 0  1  0  0  0  0  0  0  0  0 ]  [ 0  0  0  1  0  0  0  0  0  0 ]  [ 0  0  0  1  0  0  0  0  0  0 ]  [ 0  0  0  0  0  0  0  0  0  1 ] ];

ObjRequests = {  <1,3,180>, <2,3,3>, <3,3,11>, <4,3,40>, <5,3,43>, <6,3,19>, <7,3,7>, <8,3,7>, <9,3,9>, <10,3,1>, <11,3,26>, <12,3,2>, <13,3,11>, <14,3,1>, <15,3,1>, <16,3,5>, <17,3,3>, <18,3,9>, <19,3,7>, <20,3,2>, <21,3,10>, <22,3,9>, <23,3,1>, <24,3,9>, <25,3,7>, <26,3,9>, <27,3,2>, <28,3,8>, <29,3,2>, <30,3,2>, <31,3,5>, <32,3,4>, <33,3,6>, <34,3,1>, <35,3,1>, <36,3,2>, <37,3,4>, <38,3,3>, <39,3,1>, <40,3,1>, <42,3,4>, <43,3,1>, <44,3,1>, <45,3,4>, <46,3,2>, <47,3,1>, <49,3,1>, <50,3,2>, <51,3,1>, <52,3,9>, <53,3,1>, <54,3,1>, <55,3,1>, <56,3,3>, <57,3,1>, <58,3,1>, <59,3,1>, <60,3,1>, <61,3,1>, <62,3,1>, <63,3,4>, <64,3,3>, <65,3,4>, <66,3,4>, <70,3,3>, <72,3,1>, <73,3,1>, <75,3,6>, <77,3,1>, <78,3,1>, <79,3,3>, <80,3,2>, <81,3,2>, <83,3,2>, <87,3,1>, <88,3,1>, <91,3,1>, <92,3,3>, <93,3,2>, <94,3,3>, <96,3,1>, <99,3,2>, <102,3,1>, <103,3,2>, <104,3,1>, <105,3,2>, <106,3,1>, <109,3,1>, <110,3,1>, <111,3,1>, <112,3,1>, <115,3,1>, <118,3,1>, <119,3,1>, <120,3,1>, <121,3,1>, <122,3,1>, <126,3,1>, <128,3,1>, <129,3,1>, <131,3,3>, <134,3,2>, <135,3,1>, <139,3,2>, <140,3,2>, <144,3,1>, <145,3,2>, <147,3,1>, <149,3,1>, <150,3,4>, <151,3,1>, <154,3,1>, <156,3,1>, <160,3,1>, <161,3,1>, <163,3,1>, <172,3,1>, <174,3,1>, <175,3,1>, <178,3,1>, <182,3,2>, <183,3,1>, <187,3,1>, <193,3,1>, <194,3,1>, <196,3,1>, <197,3,2>, <198,3,1>, <199,3,1>, <200,3,1>, <201,3,1>, <202,3,1>, <203,3,2>, <206,3,2>, <209,3,1>, <211,3,1>, <215,3,1>, <217,3,1>, <218,3,3>, <219,3,1>, <221,3,1>, <222,3,1>, <223,3,1>, <227,3,1>, <229,3,2>, <230,3,2>, <236,3,2>, <238,3,2>, <242,3,1>, <252,3,1>, <254,3,1>, <264,3,1>, <268,3,2>, <274,3,1>, <277,3,1>, <278,3,2>, <284,3,1>, <285,3,2>, <287,3,1>, <289,3,1>, <297,3,1>, <298,3,2>, <299,3,2>, <302,3,2>, <305,3,1>, <306,3,2>, <307,3,1>, <311,3,1>, <317,3,1>, <319,3,1>, <321,3,2>, <323,3,1>, <335,3,1>, <340,3,1>, <347,3,1>, <350,3,1>, <364,3,1>, <368,3,1>, <379,3,1>, <382,3,2>, <386,3,1>, <389,3,1>, <400,3,1>, <405,3,1>, <407,3,1>, <415,3,1>, <417,3,1>, <421,3,1>, <426,3,1>, <427,3,1>, <435,3,1>, <442,3,1>, <443,3,1>, <444,3,1>, <452,3,1>, <466,3,1>, <467,3,1>, <469,3,1>, <477,3,1>, <481,3,1>, <494,3,1>, <495,3,1>, <499,3,1>, <505,3,2>, <509,3,1>, <512,3,3>, <513,3,1>, <515,3,1>, <523,3,1>, <527,3,1>, <540,3,1>, <544,3,1>, <551,3,1>, <573,3,1>, <574,3,1>, <580,3,1>, <604,3,1>, <606,3,1>, <622,3,1>, <627,3,1>, <628,3,1>, <634,3,1>, <642,3,1>, <651,3,1>, <681,3,1>, <700,3,1>, <701,3,1>, <706,3,1>, <710,3,1>, <726,3,1>, <727,3,1>, <755,3,2>, <763,3,1>, <773,3,1>, <781,3,1>, <789,3,1>, <798,3,1>, <799,3,1>, <806,3,1>, <818,3,1>, <819,3,1>, <835,3,1>, <840,3,1>, <847,3,1>, <875,3,1>, <893,3,1>, <916,3,1>, <928,3,1>, <960,3,1>, <1,4,13>, <2,4,229>, <3,4,61>, <4,4,31>, <5,4,3>, <6,4,3>, <7,4,4>, <8,4,11>, <9,4,20>, <10,4,7>, <11,4,2>, <12,4,2>, <13,4,5>, <14,4,2>, <15,4,9>, <16,4,2>, <17,4,15>, <18,4,2>, <19,4,2>, <20,4,2>, <22,4,4>, <23,4,2>, <24,4,9>, <25,4,1>, <26,4,3>, <28,4,3>, <29,4,3>, <30,4,5>, <31,4,9>, <32,4,6>, <33,4,3>, <34,4,3>, <35,4,4>, <36,4,1>, <37,4,2>, <38,4,5>, <39,4,2>, <40,4,1>, <41,4,3>, <42,4,2>, <43,4,2>, <44,4,1>, <46,4,3>, <47,4,1>, <48,4,6>, <51,4,2>, <53,4,2>, <54,4,1>, <55,4,3>, <56,4,2>, <57,4,8>, <58,4,3>, <60,4,1>, <61,4,5>, <62,4,3>, <66,4,2>, <67,4,1>, <68,4,1>, <71,4,1>, <72,4,1>, <74,4,1>, <75,4,4>, <76,4,1>, <77,4,1>, <78,4,5>, <79,4,2>, <80,4,4>, <81,4,2>, <82,4,3>, <85,4,1>, <86,4,1>, <87,4,4>, <88,4,2>, <89,4,1>, <90,4,4>, <91,4,1>, <92,4,3>, <93,4,1>, <94,4,3>, <95,4,2>, <96,4,4>, <97,4,2>, <98,4,1>, <99,4,3>, <102,4,1>, <104,4,1>, <106,4,3>, <109,4,1>, <110,4,1>, <111,4,2>, <112,4,2>, <114,4,1>, <119,4,1>, <120,4,2>, <121,4,1>, <122,4,1>, <125,4,1>, <126,4,3>, <129,4,1>, <132,4,2>, <135,4,1>, <137,4,1>, <142,4,1>, <145,4,1>, <148,4,1>, <150,4,2>, <151,4,1>, <152,4,1>, <153,4,1>, <154,4,1>, <155,4,1>, <156,4,1>, <157,4,1>, <165,4,2>, <166,4,2>, <168,4,1>, <169,4,2>, <171,4,1>, <174,4,2>, <175,4,1>, <176,4,2>, <177,4,1>, <178,4,1>, <179,4,1>, <182,4,1>, <183,4,2>, <187,4,1>, <188,4,2>, <190,4,1>, <192,4,1>, <193,4,1>, <194,4,1>, <196,4,1>, <197,4,2>, <198,4,2>, <201,4,1>, <202,4,1>, <203,4,1>, <210,4,1>, <215,4,1>, <218,4,1>, <220,4,5>, <221,4,1>, <222,4,1>, <226,4,1>, <231,4,1>, <240,4,1>, <245,4,1>, <247,4,1>, <249,4,1>, <250,4,3>, <253,4,1>, <254,4,2>, <259,4,1>, <261,4,1>, <263,4,2>, <266,4,1>, <268,4,1>, <272,4,1>, <279,4,1>, <282,4,1>, <283,4,1>, <289,4,1>, <290,4,1>, <297,4,2>, <298,4,1>, <304,4,2>, <305,4,2>, <311,4,1>, <313,4,2>, <318,4,1>, <319,4,1>, <324,4,1>, <328,4,1>, <331,4,1>, <339,4,1>, <340,4,1>, <341,4,1>, <345,4,1>, <347,4,1>, <354,4,1>, <371,4,1>, <372,4,1>, <378,4,1>, <379,4,1>, <382,4,1>, <388,4,1>, <389,4,1>, <397,4,1>, <402,4,1>, <405,4,1>, <408,4,2>, <413,4,1>, <425,4,1>, <427,4,1>, <432,4,1>, <435,4,2>, <437,4,1>, <440,4,1>, <447,4,1>, <448,4,1>, <451,4,1>, <461,4,1>, <472,4,1>, <477,4,1>, <480,4,1>, <492,4,1>, <493,4,1>, <494,4,1>, <495,4,1>, <502,4,1>, <508,4,1>, <512,4,1>, <521,4,1>, <535,4,1>, <540,4,1>, <544,4,1>, <547,4,1>, <548,4,2>, <553,4,1>, <557,4,1>, <559,4,1>, <561,4,1>, <563,4,1>, <571,4,1>, <573,4,3>, <584,4,1>, <596,4,1>, <604,4,1>, <606,4,1>, <608,4,1>, <621,4,1>, <640,4,1>, <647,4,1>, <668,4,1>, <673,4,1>, <691,4,1>, <706,4,1>, <713,4,1>, <717,4,1>, <727,4,1>, <739,4,1>, <754,4,1>, <757,4,1>, <761,4,1>, <764,4,1>, <770,4,1>, <805,4,1>, <806,4,1>, <821,4,1>, <841,4,1>, <844,4,1>, <871,4,1>, <882,4,1>, <895,4,1>, <912,4,1>, <926,4,2>, <946,4,1>, <991,4,1>, <992,4,1>, <1,9,191>, <2,9,7>, <3,9,85>, <4,9,3>, <5,9,38>, <6,9,18>, <7,9,2>, <8,9,1>, <9,9,13>, <10,9,10>, <11,9,22>, <12,9,26>, <13,9,1>, <14,9,9>, <15,9,11>, <16,9,16>, <18,9,9>, <19,9,8>, <20,9,4>, <21,9,4>, <22,9,6>, <23,9,4>, <24,9,1>, <25,9,1>, <26,9,7>, <27,9,6>, <29,9,1>, <30,9,2>, <31,9,2>, <32,9,3>, <33,9,5>, <34,9,3>, <35,9,4>, <36,9,2>, <37,9,1>, <38,9,1>, <39,9,3>, <40,9,6>, <41,9,1>, <42,9,6>, <43,9,3>, <44,9,5>, <45,9,8>, <47,9,2>, <48,9,10>, <49,9,3>, <50,9,1>, <52,9,4>, <53,9,1>, <54,9,3>, <55,9,2>, <57,9,2>, <58,9,2>, <59,9,2>, <60,9,1>, <61,9,1>, <64,9,2>, <65,9,1>, <66,9,2>, <67,9,4>, <68,9,1>, <69,9,5>, <70,9,1>, <71,9,1>, <75,9,2>, <77,9,1>, <78,9,1>, <80,9,1>, <81,9,1>, <84,9,3>, <85,9,1>, <87,9,2>, <88,9,1>, <90,9,1>, <93,9,2>, <94,9,2>, <95,9,1>, <96,9,2>, <97,9,1>, <98,9,1>, <99,9,2>, <100,9,1>, <102,9,1>, <104,9,1>, <107,9,2>, <108,9,1>, <109,9,1>, <111,9,4>, <116,9,2>, <118,9,1>, <120,9,1>, <124,9,1>, <125,9,1>, <126,9,2>, <128,9,1>, <132,9,1>, <138,9,1>, <139,9,1>, <142,9,1>, <143,9,1>, <144,9,1>, <145,9,1>, <147,9,2>, <150,9,1>, <152,9,1>, <153,9,1>, <154,9,1>, <155,9,1>, <156,9,1>, <159,9,1>, <160,9,1>, <166,9,1>, <168,9,1>, <169,9,1>, <170,9,2>, <171,9,1>, <176,9,1>, <180,9,1>, <191,9,1>, <193,9,1>, <194,9,2>, <196,9,2>, <198,9,1>, <200,9,2>, <202,9,1>, <203,9,1>, <206,9,1>, <211,9,1>, <213,9,1>, <221,9,1>, <223,9,1>, <225,9,2>, <226,9,1>, <230,9,1>, <242,9,1>, <244,9,1>, <250,9,1>, <251,9,2>, <254,9,1>, <257,9,1>, <258,9,1>, <259,9,1>, <261,9,2>, <276,9,1>, <280,9,1>, <282,9,1>, <285,9,1>, <288,9,1>, <292,9,1>, <300,9,1>, <304,9,1>, <305,9,1>, <307,9,1>, <308,9,1>, <311,9,1>, <313,9,1>, <317,9,1>, <318,9,1>, <319,9,1>, <320,9,1>, <323,9,1>, <328,9,1>, <331,9,1>, <334,9,1>, <345,9,2>, <347,9,1>, <349,9,1>, <350,9,1>, <366,9,1>, <378,9,1>, <379,9,1>, <394,9,1>, <402,9,1>, <405,9,1>, <408,9,1>, <416,9,1>, <429,9,1>, <435,9,1>, <442,9,1>, <466,9,1>, <493,9,1>, <494,9,1>, <495,9,1>, <499,9,1>, <506,9,1>, <508,9,1>, <509,9,1>, <511,9,1>, <513,9,1>, <538,9,1>, <544,9,1>, <548,9,1>, <555,9,1>, <559,9,1>, <582,9,1>, <595,9,1>, <609,9,1>, <616,9,1>, <621,9,1>, <625,9,1>, <655,9,1>, <662,9,1>, <671,9,1>, <727,9,1>, <739,9,1>, <742,9,1>, <754,9,1>, <791,9,1>, <798,9,1>, <799,9,1>, <802,9,1>, <804,9,1>, <808,9,1>, <818,9,1>, <821,9,1>, <831,9,1>, <863,9,1>, <870,9,1>, <879,9,1>, <882,9,1>, <885,9,1>, <894,9,2>, <907,9,2>, <914,9,1>, <915,9,1>, <916,9,1>, <929,9,1>, <938,9,1>, <939,9,1>, <946,9,1>, <969,9,1>, <984,9,1>, <1,10,22>, <2,10,12>, <3,10,21>, <4,10,46>, <5,10,4>, <6,10,11>, <7,10,15>, <8,10,34>, <9,10,7>, <10,10,6>, <11,10,1>, <12,10,5>, <13,10,7>, <14,10,26>, <15,10,17>, <17,10,14>, <19,10,1>, <20,10,19>, <21,10,2>, <22,10,2>, <23,10,4>, <24,10,2>, <25,10,8>, <26,10,5>, <27,10,3>, <28,10,2>, <29,10,7>, <30,10,3>, <31,10,2>, <32,10,10>, <33,10,6>, <34,10,4>, <35,10,1>, <36,10,1>, <37,10,5>, <38,10,7>, <39,10,6>, <40,10,4>, <41,10,2>, <43,10,1>, <44,10,1>, <45,10,2>, <46,10,11>, <47,10,1>, <48,10,1>, <49,10,1>, <50,10,4>, <51,10,1>, <52,10,2>, <53,10,5>, <54,10,4>, <55,10,4>, <56,10,5>, <57,10,2>, <58,10,1>, <59,10,4>, <60,10,2>, <61,10,3>, <63,10,4>, <64,10,1>, <66,10,3>, <67,10,1>, <68,10,3>, <69,10,3>, <70,10,3>, <71,10,2>, <73,10,2>, <74,10,4>, <77,10,1>, <78,10,1>, <80,10,1>, <82,10,1>, <83,10,1>, <84,10,1>, <85,10,1>, <86,10,1>, <87,10,1>, <89,10,1>, <90,10,2>, <91,10,5>, <93,10,1>, <95,10,1>, <97,10,7>, <98,10,2>, <99,10,1>, <100,10,1>, <103,10,1>, <105,10,2>, <106,10,2>, <107,10,1>, <108,10,1>, <110,10,1>, <112,10,1>, <113,10,2>, <114,10,1>, <115,10,3>, <116,10,1>, <118,10,1>, <119,10,1>, <120,10,1>, <121,10,1>, <122,10,4>, <123,10,1>, <124,10,2>, <125,10,1>, <127,10,1>, <129,10,2>, <131,10,1>, <132,10,1>, <134,10,1>, <136,10,1>, <137,10,1>, <142,10,2>, <148,10,1>, <152,10,1>, <154,10,2>, <160,10,1>, <164,10,1>, <165,10,2>, <172,10,1>, <176,10,2>, <178,10,1>, <186,10,1>, <187,10,2>, <191,10,1>, <193,10,1>, <196,10,1>, <199,10,1>, <200,10,1>, <202,10,1>, <203,10,1>, <206,10,1>, <225,10,1>, <233,10,1>, <238,10,1>, <242,10,1>, <246,10,1>, <250,10,1>, <251,10,1>, <254,10,1>, <257,10,1>, <259,10,2>, <263,10,1>, <272,10,1>, <281,10,1>, <283,10,1>, <284,10,1>, <286,10,1>, <287,10,2>, <290,10,2>, <291,10,1>, <292,10,2>, <293,10,1>, <297,10,2>, <298,10,1>, <299,10,1>, <300,10,1>, <301,10,1>, <307,10,1>, <315,10,1>, <317,10,1>, <320,10,1>, <327,10,1>, <328,10,1>, <330,10,1>, <331,10,1>, <335,10,1>, <343,10,1>, <349,10,2>, <350,10,1>, <359,10,1>, <364,10,1>, <366,10,1>, <368,10,1>, <379,10,1>, <383,10,1>, <386,10,1>, <394,10,1>, <397,10,1>, <400,10,1>, <408,10,1>, <415,10,1>, <417,10,1>, <418,10,1>, <426,10,1>, <427,10,1>, <430,10,3>, <449,10,1>, <450,10,1>, <461,10,1>, <462,10,1>, <474,10,1>, <477,10,1>, <480,10,1>, <483,10,1>, <495,10,1>, <504,10,1>, <513,10,1>, <517,10,1>, <520,10,1>, <521,10,1>, <523,10,1>, <524,10,1>, <535,10,1>, <564,10,1>, <568,10,1>, <571,10,1>, <574,10,1>, <580,10,1>, <582,10,1>, <588,10,1>, <609,10,1>, <625,10,1>, <632,10,1>, <634,10,1>, <642,10,1>, <647,10,1>, <650,10,2>, <664,10,1>, <668,10,1>, <671,10,1>, <673,10,1>, <712,10,1>, <713,10,1>, <739,10,1>, <742,10,2>, <765,10,1>, <777,10,1>, <781,10,1>, <789,10,1>, <797,10,1>, <819,10,1>, <846,10,1>, <863,10,1>, <894,10,1>, <895,10,1>, <908,10,1>, <969,10,1>, <991,10,1>, <1,2,140>, <2,2,20>, <3,2,8>, <4,2,24>, <5,2,12>, <6,2,47>, <7,2,39>, <8,2,20>, <9,2,2>, <10,2,35>, <11,2,5>, <12,2,2>, <13,2,13>, <14,2,6>, <15,2,1>, <16,2,8>, <17,2,1>, <18,2,2>, <19,2,4>, <20,2,1>, <22,2,3>, <23,2,5>, <24,2,5>, <25,2,7>, <26,2,3>, <27,2,7>, <28,2,6>, <29,2,3>, <30,2,2>, <31,2,2>, <33,2,3>, <34,2,4>, <35,2,8>, <36,2,9>, <37,2,2>, <38,2,1>, <39,2,5>, <40,2,4>, <41,2,5>, <42,2,2>, <43,2,1>, <44,2,2>, <45,2,1>, <46,2,2>, <47,2,5>, <48,2,2>, <49,2,4>, <50,2,2>, <52,2,4>, <53,2,1>, <54,2,3>, <55,2,1>, <56,2,1>, <57,2,3>, <58,2,1>, <59,2,1>, <60,2,2>, <61,2,1>, <62,2,2>, <63,2,2>, <64,2,1>, <65,2,3>, <66,2,2>, <68,2,3>, <69,2,5>, <70,2,1>, <71,2,1>, <72,2,3>, <73,2,2>, <74,2,1>, <76,2,1>, <77,2,1>, <79,2,1>, <80,2,6>, <81,2,1>, <83,2,2>, <84,2,6>, <85,2,3>, <86,2,3>, <87,2,3>, <90,2,1>, <92,2,1>, <95,2,1>, <98,2,2>, <99,2,1>, <101,2,2>, <102,2,3>, <107,2,5>, <108,2,3>, <109,2,2>, <111,2,2>, <112,2,3>, <114,2,1>, <115,2,1>, <116,2,1>, <117,2,1>, <118,2,7>, <120,2,2>, <121,2,1>, <125,2,1>, <126,2,1>, <128,2,3>, <129,2,1>, <131,2,1>, <134,2,1>, <136,2,1>, <137,2,1>, <145,2,2>, <149,2,1>, <151,2,3>, <152,2,1>, <153,2,1>, <157,2,1>, <165,2,1>, <166,2,1>, <170,2,1>, <171,2,1>, <172,2,1>, <174,2,1>, <178,2,1>, <179,2,1>, <180,2,1>, <186,2,1>, <188,2,2>, <191,2,3>, <194,2,1>, <195,2,1>, <199,2,1>, <201,2,1>, <204,2,1>, <205,2,1>, <207,2,1>, <214,2,1>, <215,2,2>, <216,2,2>, <218,2,2>, <219,2,2>, <220,2,1>, <221,2,1>, <222,2,2>, <230,2,1>, <231,2,4>, <237,2,1>, <238,2,2>, <239,2,1>, <242,2,1>, <245,2,2>, <248,2,1>, <250,2,1>, <252,2,1>, <253,2,2>, <260,2,1>, <266,2,1>, <267,2,1>, <272,2,1>, <275,2,1>, <276,2,1>, <278,2,1>, <285,2,2>, <287,2,1>, <290,2,1>, <292,2,1>, <297,2,1>, <299,2,2>, <305,2,2>, <311,2,1>, <315,2,1>, <321,2,1>, <323,2,2>, <328,2,1>, <337,2,1>, <340,2,2>, <341,2,1>, <343,2,2>, <345,2,2>, <347,2,1>, <349,2,1>, <367,2,1>, <372,2,1>, <382,2,1>, <388,2,1>, <389,2,2>, <397,2,1>, <407,2,1>, <415,2,1>, <416,2,1>, <417,2,1>, <427,2,1>, <432,2,1>, <440,2,2>, <467,2,1>, <469,2,1>, <477,2,1>, <494,2,1>, <497,2,1>, <498,2,1>, <502,2,1>, <508,2,1>, <513,2,1>, <517,2,1>, <524,2,1>, <525,2,1>, <529,2,1>, <540,2,1>, <552,2,1>, <563,2,1>, <568,2,1>, <573,2,1>, <577,2,1>, <583,2,1>, <596,2,1>, <604,2,1>, <621,2,1>, <635,2,1>, <647,2,1>, <649,2,1>, <671,2,1>, <681,2,1>, <714,2,1>, <738,2,1>, <744,2,1>, <754,2,1>, <764,2,1>, <765,2,1>, <770,2,2>, <773,2,1>, <787,2,1>, <788,2,1>, <798,2,1>, <801,2,1>, <805,2,1>, <807,2,2>, <808,2,1>, <812,2,1>, <818,2,1>, <895,2,1>, <900,2,1>, <907,2,1>, <912,2,1>, <933,2,1>, <938,2,2>, <946,2,1>, <960,2,1>, <987,2,1> };

MaxCacheStorageAtSingleAS= [ 0  1312.5  1312.5  1312.5  0  0  0  0  1312.5  1312.5 ] ;

MaxCacheStorage = 6562.5 ;
SolutionGap = 0.01 ;
