0 10
1016 10
2019 10
3017 10
4067 10
5057 10
6038 10
7041 10
8013 10
8974 10
9964 10
10962 10
11983 10
12962 10
13950 9
14915 10
15941 10
16939 10
17921 10
18895 10
19902 10
20948 10
21934 10
22859 10
23857 10
24869 10
25812 10
26823 10
27805 10
28764 10
29792 10
30778 10
31778 10
32744 10
33790 10
34810 10
35796 10
36742 10
37676 10
38696 10
39696 10
40677 10
41722 10
42702 10
43727 10
44765 10
45739 10
46725 10
47700 10
48704 10
49715 10
50774 10
51810 10
52857 10
53803 10
54878 10
55887 10
56890 10
57895 10
58818 10
59819 10
60766 10
61803 10
62799 10
63767 10
64775 10
65821 10
66876 10
67924 10
68956 10
69957 10
70970 10
71997 10
72972 10
73966 10
74957 10
75948 10
77003 10
77965 10
78978 10
79989 10
80993 10
81972 10
83016 10
83991 10
85004 10
85973 10
86993 10
88004 10
88988 10
89975 10
90948 10
91961 10
93003 10
94008 10
94978 10
95950 10
96944 10
97909 10
98852 10
99845 10
100858 10
101827 10
102868 10
103871 10
104901 10
105877 10
106867 11
107862 11
108824 11
109828 10
110845 10
111877 10
112895 10
113862 10
114879 10
115916 10
116911 10
117861 10
118913 10
119906 10
120957 10
121911 10
122969 10
123938 10
124981 10
125972 10
126968 10
127965 10
128941 10
129939 10
130931 10
131956 10
132872 10
133863 10
134842 10
135794 10
136777 10
137817 10
138837 10
139854 10
140857 10
141804 10
142767 10
143805 10
144744 10
145711 10
146703 10
147700 10
148714 10
149688 10
150708 10
151723 10
152702 10
153755 10
154760 10
155733 10
156741 10
157752 9
158822 9
159828 9
160820 10
161854 10
162848 10
163821 10
164776 10
165800 10
166817 10
167821 10
168856 10
169868 10
170945 10
171977 10
172961 10
173933 10
174952 10
175940 10
176930 10
177942 10
178933 10
179898 10
180890 10
181890 10
182906 10
183899 10
184878 10
185933 10
186976 10
187964 10
189001 10
190012 10
191035 10
192044 10
193002 10
194047 10
195022 10
195993 10
196981 10
198031 10
199033 10
200022 10
201033 10
202013 10
203014 10
203980 10
204930 10
205929 10
206918 10
207939 10
208927 10
209984 10
210991 10
211987 10
212959 11
213927 10
214941 10
215942 10
216930 10
217927 10
218862 10
219846 10
220834 10
221797 10
222787 10
223722 10
224702 10
225702 10
226674 10
227690 10
228604 10
229566 10
230646 10
231668 10
232718 10
233761 10
234773 10
235762 10
236774 10
237740 10
238752 10
239700 10
240694 10
241694 10
242718 10
243728 10
244678 10
245638 10
246574 10
247580 10
248608 10
249607 10
250631 10
251676 10
252667 10
253645 10
254676 10
255659 10
256652 10
257674 10
258682 10
259662 10
260662 10
261679 10
262670 10
263685 10
264737 10
265700 10
266704 10
267737 10
268761 10
269765 10
270727 10
271744 10
272748 10
273730 10
274779 10
275802 10
276823 10
277801 10
278851 10
279905 10
280887 10
281892 10
282957 10
283908 10
284902 10
285853 10
286817 9
287852 10
288860 10
289902 10
290840 10
291826 10
292817 10
293835 10
294865 10
295852 10
296861 10
297837 10
298860 10
299889 10
300853 10
301869 10
302910 10
304020 10
304987 10
305975 10
307052 10
308032 10
308991 10
309989 10
311020 10
312004 10
312932 10
313924 10
314957 10
315947 10
316953 10
317951 10
318932 10
319960 10
320988 10
321926 10
322922 10
323922 10
324901 10
325894 10
326956 10
327909 10
328880 11
329881 11
330912 11
331910 10
332934 10
333930 10
334981 10
336008 10
336962 10
337926 10
338951 10
339944 10
341011 10
342018 10
343029 10
343996 10
344992 10
345987 10
346954 10
347985 10
349016 10
350003 10
351004 10
351993 10
352961 10
353947 10
354897 10
355885 10
356891 10
357899 10
358876 10
359871 10
360859 10
361833 10
362823 10
363869 10
364864 10
365833 10
366819 10
367802 10
368839 10
369818 10
370802 10
371783 10
372782 10
373710 10
374661 10
375660 10
376752 10
377785 10
378828 10
379880 10
380932 10
381969 10
382908 10
383938 9
384920 9
385905 9
386941 9
387941 9
388929 9
389947 9
390982 9
391963 9
393020 9
394021 9
395021 9
396039 9
397072 9
398036 9
399036 9
400052 9
401022 9
402074 9
402999 9
403976 9
404977 9
405974 9
407023 9
408026 9
408996 9
409971 9
410977 9
412001 9
413047 9
414065 9
415066 9
416114 9
417088 9
418088 9
419121 10
420081 10
421142 10
422142 10
423097 10
424078 10
425103 10
426136 10
427171 10
428171 10
429117 10
430137 10
431156 10
432131 10
433103 10
434070 10
435087 10
436115 10
437187 10
438187 10
439220 10
440181 10
441163 10
442158 10
443139 10
444121 10
445108 10
446079 10
447120 10
448128 10
449100 10
450063 10
451027 10
452000 10
453050 10
453988 10
455019 10
456046 10
457085 10
458060 10
459044 10
460043 10
461080 10
462088 10
463065 10
464036 10
465054 10
466042 10
467050 10
468072 10
469078 10
470059 10
471043 10
472013 10
473022 10
474007 10
474997 10
475963 10
476943 10
477923 10
478946 10
479883 10
480866 10
481878 10
482847 10
483834 10
484932 10
485932 10
486919 10
487939 10
488913 10
489920 10
490927 10
491918 10
492911 10
493941 10
494935 10
495904 10
496877 10
497896 10
498900 10
499864 10
500851 10
501864 11
502909 11
503937 11
504944 11
505908 11
506873 11
507826 11
508816 11
509740 11
510723 11
511724 11
512743 11
513729 11
514734 11
515775 11
516829 11
517826 11
518815 11
519794 11
520806 11
521787 11
522764 11
523811 11
524851 11
525852 11
526785 11
527772 11
528776 11
529774 11
530760 11
531787 11
532789 11
533793 11
534775 11
535804 11
536813 11
537798 10
538791 10
539778 10
540778 10
541737 10
542780 10
543757 10
544792 10
545767 10
546776 10
547760 10
548745 10
549711 10
550737 10
551747 10
552726 10
553803 10
554777 10
555768 10
556727 10
557749 10
558770 10
559754 10
560706 10
561757 10
562744 10
563708 10
564724 10
565724 10
566663 10
567679 10
568634 10
569666 10
570667 10
571694 10
572661 10
573650 10
574645 10
575643 10
576640 10
577625 10
578645 10
579637 10
580585 10
581569 10
582630 10
583584 10
584608 10
585580 10
586583 10
587546 10
588593 10
589540 10
590481 10
591459 10
592430 10
593422 10
594409 10
595416 10
596429 10
597442 10
598398 10
599367 10
600423 10
601471 10
602447 10
603395 10
604425 10
605490 10
606435 10
607414 10
608395 10
609421 10
610389 10
611354 10
612360 10
613394 10
614338 10
615385 10
616337 10
617390 10
618360 10
619350 9
620368 10
621353 10
622386 10
623373 10
624340 10
625317 10
626317 10
627318 10
628368 10
629396 10
630373 10
631405 10
632415 10
633395 10
634416 10
635422 10
636455 10
637446 10
638378 10
639411 10
640411 10
641402 10
642411 10
643403 10
644435 10
645452 10
646428 10
647454 10
648454 10
649440 10
650409 10
651367 10
652349 10
653325 10
654289 10
655294 10
656325 10
657332 10
658313 10
659308 10
660315 10
661312 10
662310 10
663272 10
664292 10
665266 10
666290 10
667331 10
668304 10
669308 10
670241 10
671267 10
672319 10
673287 10
674275 10
675305 10
676291 10
677299 10
678308 10
679332 10
680384 10
681375 11
682382 11
683418 11
684467 11
685460 11
686465 11
687477 11
688473 11
689468 11
690442 11
691361 11
692335 11
693353 11
694309 11
695341 11
696344 11
697332 11
698333 11
699271 11
700257 11
701266 11
702235 11
703223 11
704221 11
705247 11
706209 11
707108 11
708057 11
709021 11
710042 11
711057 11
712086 11
713086 11
714085 11
715051 11
716082 11
717103 11
718108 11
719161 11
720192 11
721144 11
722122 11
723106 11
724125 11
725143 11
726152 11
727128 11
728091 11
729119 11
730151 11
731122 11
732152 11
733174 11
734193 11
735171 11
736231 11
737242 11
738238 11
739245 11
740263 11
741237 11
742202 11
743157 11
744206 11
745203 11
746202 11
747206 11
748221 11
749238 11
750215 11
751177 11
752201 11
753196 11
754156 11
755140 11
756136 11
757119 11
758106 11
759073 11
760101 11
761123 11
762134 11
763094 11
764104 11
765106 11
766066 11
767012 11
768014 11
769010 11
769985 11
771010 11
772016 11
773015 11
773975 11
774991 11
775947 11
776948 11
777955 11
778987 11
779981 11
780950 11
781937 11
782956 11
783981 11
784993 11
786000 11
787026 11
788004 11
789049 11
790134 11
791119 11
792159 11
793167 11
794245 11
795204 11
796173 11
797193 11
798183 11
799173 11
800177 11
801150 11
802129 11
803147 11
804136 11
805129 11
806125 11
807150 11
808179 11
809173 11
810205 11
811242 11
812244 11
813185 11
814181 11
815256 11
816249 11
817241 11
818278 11
819232 11
820179 11
821161 11
822152 11
823128 11
824114 11
825148 11
826141 11
827077 11
828029 11
829023 11
830008 11
831034 11
832020 11
833042 11
834055 11
835019 11
836048 11
837013 11
838036 11
839051 11
840116 11
841118 11
842126 11
843110 11
844138 11
845143 11
846174 11
847119 11
848127 11
849139 11
850152 11
851149 11
852178 11
853219 11
854222 11
855256 11
856217 11
857203 11
858206 11
859170 11
860140 11
861156 11
862152 11
863097 11
864121 11
865115 11
866120 11
867175 11
868148 11
869124 11
870129 11
871130 11
872133 11
873102 11
874117 11
875025 11
875995 11
877035 11
878073 11
879048 11
880074 11
881109 11
882085 11
883053 11
884108 11
885121 11
886084 11
887062 11
888028 11
889059 11
890032 11
891019 11
892029 11
893013 11
894058 11
895082 11
896077 11
897088 11
898132 11
899096 11
900126 11
901121 11
902093 11
903120 11
904107 11
905106 11
906073 11
907060 11
908080 11
909083 11
910057 11
911047 11
912040 11
913036 11
914079 11
915146 11
916162 11
917181 11
918143 11
919131 11
920108 11
921086 11
922052 11
923085 11
924098 11
925099 11
926065 11
927090 11
928063 11
929081 11
930055 11
931087 11
932045 11
933003 11
933979 11
934957 11
935994 11
937043 11
938090 11
939084 11
940095 11
941065 11
942051 11
943003 11
944014 11
945012 11
946051 11
946999 11
947988 11
949035 11
949976 11
951029 11
951994 11
952943 11
953913 11
954962 11
956008 11
957007 11
957986 11
959039 11
959983 11
960993 11
961988 11
962940 11
963860 11
964831 11
965819 11
966845 11
967805 11
968782 11
969738 11
970758 11
971734 11
972743 11
973768 11
974735 11
975750 11
976775 11
977821 11
978900 11
979903 11
980927 11
981956 11
982923 11
983933 11
984916 11
985924 11
986903 11
987893 11
988846 11
989841 11
990800 11
991770 11
992760 11
993742 11
994744 11
995781 11
996771 11
997747 11
998739 11
