0 10
105 10
200 10
290 10
392 10
487 10
568 10
677 10
766 10
862 10
961 10
1059 10
1143 10
1247 10
1359 9
1455 10
1544 10
1643 10
1747 10
1846 10
1947 10
2041 10
2145 10
2258 10
2346 10
2452 10
2563 10
2664 10
2762 10
2862 10
2967 10
3069 10
3174 10
3275 10
3358 10
3464 10
3566 10
3663 10
3754 10
3875 10
3980 10
4087 10
4173 10
4295 10
4392 10
4501 10
4590 10
4687 10
4775 10
4881 10
4982 10
5083 10
5174 10
5263 10
5369 10
5469 10
5566 10
5663 10
5763 10
5872 10
5958 10
6072 10
6164 10
6256 10
6366 10
6475 10
6590 10
6701 10
6789 10
6895 10
6984 10
7082 10
7173 10
7275 10
7379 10
7472 10
7575 10
7678 10
7769 10
7877 10
7991 10
8117 10
8218 10
8306 10
8402 10
8499 10
8589 10
8687 10
8778 10
8882 10
8976 10
9094 10
9196 10
9292 10
9379 10
9491 10
9585 10
9682 10
9807 10
9905 10
9998 10
10085 10
10185 10
10293 10
10400 10
10495 10
10592 11
10698 10
10796 10
10891 10
10987 10
11104 10
11217 10
11336 10
11430 10
11522 10
11609 10
11709 10
11800 10
11895 10
11976 10
12086 10
12185 10
12286 10
12377 10
12474 10
12592 10
12696 10
12810 10
12932 10
13026 10
13132 10
13226 10
13326 10
13426 10
13533 10
13630 10
13730 10
13830 10
13940 10
14044 10
14141 10
14240 10
14332 10
14426 10
14523 10
14619 10
14714 10
14822 10
14922 9
15019 10
15127 9
15233 9
15328 9
15411 9
15521 9
15616 9
15719 9
15817 9
15921 9
16032 9
16115 9
16211 9
16326 9
16422 9
16522 9
16614 9
16706 9
16771 9
16886 9
16971 9
17080 9
17184 9
17284 9
17371 9
17462 9
17562 9
17666 9
17763 8
17860 8
17947 9
18039 9
18134 9
18222 9
18320 9
18433 9
18551 9
18640 9
18744 9
18839 9
18937 9
19041 9
19143 9
19242 9
19338 9
19452 9
19555 9
19642 9
19745 9
19830 9
19940 9
20037 9
20150 9
20241 9
20331 9
20432 9
20519 9
20624 9
20718 10
20831 10
20932 9
21050 9
21147 9
21243 9
21347 9
21442 9
21544 9
21655 9
21762 9
21839 9
21944 9
22034 9
22133 9
22234 9
22336 9
22435 9
22536 9
22634 9
22731 9
22823 9
22902 9
22993 9
23099 9
23206 9
23316 9
23414 8
23526 8
23623 8
23724 8
23814 8
23915 8
24016 8
24118 8
24230 8
24326 9
24410 9
24516 9
24620 9
24725 9
24843 9
24936 9
25053 9
25139 9
25245 9
25359 9
25464 9
25553 9
25651 9
25750 9
25852 9
25967 9
26070 9
26169 9
26272 9
26372 9
26472 9
26577 9
26678 9
26771 9
26871 9
26967 9
27071 9
27171 9
27273 9
27389 9
27494 9
27594 9
27686 9
27792 9
27899 9
28000 9
28126 9
28222 10
28340 10
28436 10
28526 10
28624 10
28711 10
28809 10
28912 10
29002 10
29094 10
29200 10
29284 10
29389 10
29491 10
29583 10
29674 10
29766 10
29880 10
29994 10
30081 10
30198 10
30286 10
30374 10
30475 10
30580 10
30695 10
30799 10
30905 10
31010 10
31107 10
31212 10
31316 10
31425 10
31525 10
31621 11
31722 10
31826 10
31909 10
32021 10
32116 10
32217 10
32294 10
32391 10
32485 10
32580 10
32672 10
32793 10
32889 10
32993 10
33092 10
33199 10
33300 10
33386 10
33496 10
33598 10
33701 10
33785 10
33883 10
33985 10
34071 10
34167 10
34252 10
34360 10
34460 10
34558 10
34659 10
34770 10
34872 10
34979 10
35092 10
35188 10
35299 10
35410 10
35509 10
35615 10
35725 10
35834 10
35947 10
36049 10
36147 10
36230 10
36313 10
36402 10
36500 10
36604 10
36714 10
36815 10
36900 10
37013 10
37096 10
37190 10
37305 10
37407 10
37509 10
37604 10
37709 10
37798 10
37898 10
37976 10
38085 10
38182 10
38303 10
38413 10
38507 10
38607 10
38702 10
38792 10
38888 10
38996 10
39090 10
39198 10
39310 10
39408 10
39512 10
39616 10
39713 10
39801 10
39888 10
39984 10
40076 10
40169 10
40294 10
40391 10
40499 10
40597 10
40706 10
40804 10
40890 10
40994 10
41097 10
41197 10
41286 10
41388 10
41485 10
41573 10
41667 10
41758 10
41863 10
41982 10
42081 10
42164 9
42256 9
42368 9
42474 9
42558 9
42661 9
42755 9
42871 9
42969 9
43067 8
43164 8
43282 8
43362 9
43446 9
43543 9
43636 9
43748 9
43852 9
43957 9
44047 9
44143 9
44248 9
44343 9
44426 9
44531 9
44617 9
44730 9
44837 9
44929 9
45022 9
45115 9
45218 9
45289 9
45408 9
45506 9
45601 9
45698 9
45798 9
45908 9
46007 9
46109 9
46215 9
46323 9
46419 9
46512 9
46609 9
46712 9
46819 9
46909 9
47004 9
47118 9
47218 9
47309 9
47422 9
47523 9
47627 9
47718 9
47811 9
47914 9
48008 9
48109 9
48223 9
48328 9
48436 9
48537 9
48657 9
48750 9
48841 9
48935 9
49039 9
49146 9
49254 9
49368 9
49462 9
49560 9
49654 9
49752 9
49855 9
49962 9
50053 9
50157 9
50274 9
50364 9
50461 9
50575 10
50679 10
50800 9
50880 10
50999 10
51104 10
51196 10
51285 10
51376 10
51483 10
51577 10
51678 10
51769 10
51876 10
51981 10
52082 11
52184 11
52288 11
52398 10
52534 10
52642 10
52754 10
52850 10
52930 10
53052 10
53129 10
53234 10
53345 10
53424 10
53519 10
53636 10
53719 10
53815 10
53905 10
54011 10
54116 10
54203 10
54313 10
54423 9
54513 9
54610 9
54704 9
54797 9
54894 9
54982 9
55081 9
55175 9
55279 9
55363 9
55463 9
55568 9
55692 9
55789 9
55904 9
55999 9
56103 9
56211 9
56322 9
56417 9
56543 9
56639 9
56737 9
56834 9
56930 9
57025 9
57115 9
57231 9
57329 9
57405 9
57506 9
57625 9
57724 9
57828 9
57922 9
58033 9
58136 9
58242 9
58358 9
58444 9
58549 9
58671 9
58761 9
58870 9
58964 9
59076 9
59171 9
59257 9
59347 9
59444 9
59561 9
59660 9
59786 9
59888 9
59991 9
60099 9
60193 9
60281 9
60386 9
60510 9
60623 9
60722 9
60832 8
60941 9
61047 9
61140 9
61238 9
61315 9
61409 9
61511 9
61601 9
61712 9
61812 9
61924 9
62017 9
62122 9
62214 9
62321 10
62430 10
62520 10
62618 10
62721 10
62812 10
62910 10
63029 10
63128 10
63241 10
63349 10
63460 10
63555 10
63660 9
63766 9
63856 9
63954 9
64045 9
64154 9
64279 9
64399 9
64490 9
64580 9
64688 9
64783 9
64894 9
64989 9
65113 9
65205 9
65310 9
65398 9
65493 9
65587 9
65685 9
65775 9
65865 10
65980 9
66079 9
66184 9
66282 9
66380 9
66475 9
66558 9
66650 9
66757 9
66836 9
66927 9
67021 9
67108 9
67217 9
67292 9
67402 9
67510 9
67613 9
67716 9
67796 9
67889 8
67987 8
68068 9
68184 9
68275 9
68368 9
68472 9
68566 9
68660 9
68749 9
68847 9
68954 9
69030 9
69157 9
69269 9
69371 9
69484 9
69570 9
69676 9
69770 9
69874 9
69971 9
70081 9
70177 9
70253 9
70361 9
70465 9
70576 9
70669 9
70769 9
70860 9
70987 9
71088 9
71178 9
71271 9
71376 9
71478 9
71591 9
71688 9
71792 9
71888 9
71966 9
72059 10
72155 10
72250 10
72344 10
72450 10
72557 10
72662 10
72744 10
72856 10
72938 10
73043 10
73149 10
73254 10
73368 10
73461 10
73580 10
73699 10
73790 10
73896 10
74004 10
74108 10
74191 10
74299 10
74403 9
74509 9
74629 10
74728 10
74826 10
74940 10
75042 10
75127 10
75235 10
75342 10
75444 10
75531 10
75631 10
75736 10
75845 10
75929 10
76015 10
76114 10
76203 10
76299 10
76399 10
76497 10
76585 10
76682 10
76769 10
76873 10
76980 10
77075 10
77179 10
77281 10
77385 10
77511 10
77618 10
77721 10
77829 11
77927 11
78037 10
78126 10
78218 10
78299 10
78400 10
78504 10
78597 10
78692 10
78791 10
78887 10
78993 10
79095 10
79185 10
79276 10
79372 10
79477 10
79575 10
79672 10
79769 10
79893 10
79978 10
80088 10
80182 10
80296 9
80406 9
80510 9
80617 9
80724 10
80827 10
80932 10
81031 10
81135 10
81226 10
81319 10
81422 10
81520 10
81614 10
81712 10
81820 10
81916 10
82019 10
82129 10
82223 10
82319 10
82425 10
82529 10
82629 10
82726 10
82819 10
82913 10
83006 10
83092 10
83192 10
83296 10
83391 10
83495 10
83593 10
83693 10
83795 10
83897 10
84009 10
84119 10
84204 10
84327 10
84423 10
84522 10
84618 10
84722 11
84804 10
84903 10
85009 10
85110 10
85209 10
85302 10
85391 10
85500 10
85603 10
85700 10
85796 10
85912 10
85997 10
86107 10
86217 10
86318 10
86405 10
86502 10
86624 10
86714 10
86820 10
86919 10
87025 10
87139 11
87229 11
87331 11
87440 11
87543 11
87646 11
87767 11
87847 11
87935 11
88035 11
88123 11
88225 11
88330 11
88435 11
88520 11
88604 12
88687 13
88777 12
88869 12
88982 12
89065 12
89164 12
89275 12
89382 12
89481 12
89582 12
89670 12
89764 12
89862 12
89961 12
90056 12
90148 12
90240 12
90346 12
90434 12
90546 12
90650 12
90750 12
90843 12
90964 12
91056 12
91139 12
91242 12
91351 11
91448 11
91541 11
91638 11
91735 11
91839 11
91963 11
92081 11
92193 11
92298 11
92397 11
92489 11
92576 11
92660 11
92748 11
92852 11
92966 11
93074 12
93148 12
93244 12
93335 12
93447 12
93539 12
93626 12
93730 12
93834 12
93939 12
94035 12
94132 12
94217 12
94301 12
94419 12
94510 12
94606 12
94704 12
94794 12
94904 12
94993 12
95092 12
95181 12
95286 12
95370 12
95456 12
95548 12
95646 12
95738 12
95845 12
95978 12
96063 12
96160 12
96254 12
96345 12
96451 12
96563 12
96662 12
96760 12
96865 12
96969 12
97085 12
97175 12
97277 12
97377 12
97480 12
97572 12
97678 12
97777 12
97895 12
98004 12
98107 12
98196 12
98295 12
98384 12
98493 12
98606 12
98703 12
98806 12
98920 12
99019 12
99121 12
99211 12
99316 12
99418 12
99510 12
99623 12
99720 12
99832 12
99935 12
100021 12
100119 12
100203 12
100310 12
100401 12
100504 12
100618 12
100708 12
100821 12
100917 12
101024 12
101132 12
101244 12
101338 12
101429 12
101534 12
101650 12
101743 12
101841 12
101934 12
102049 12
102147 12
102253 12
102365 12
102464 12
102545 12
102640 12
102745 12
102859 13
102966 12
103057 12
103147 12
103237 12
103336 12
103447 12
103556 12
103663 12
103756 12
103854 12
103946 12
104043 12
104137 12
104231 12
104339 12
104424 12
104531 12
104637 12
104757 12
104851 12
104936 12
105039 11
105149 12
105255 12
105357 12
105461 12
105555 12
105661 12
105765 12
105861 12
105952 12
106064 12
106156 12
106247 12
106333 12
106424 12
106515 12
106617 12
106712 12
106811 12
106915 12
106994 13
107092 13
107180 12
107274 12
107378 12
107480 12
107570 12
107662 13
107763 13
107878 13
107967 13
108066 13
108165 13
108260 13
108365 13
108441 13
108534 13
108648 13
108725 13
108811 13
108908 13
109010 13
109123 13
109233 13
109319 13
109411 14
109508 14
109614 14
109720 14
109823 14
109930 14
110027 14
110135 14
110238 14
110344 14
110439 14
110554 13
110655 13
110772 13
110884 13
110987 13
111079 13
111172 13
111270 13
111369 13
111476 13
111562 13
111666 13
111775 13
111881 13
111978 13
112083 13
112180 13
112287 13
112386 13
112487 13
112589 13
112703 13
112811 13
112917 13
113010 13
113110 13
113214 13
113333 13
113443 13
113551 13
113659 13
113771 13
113876 13
113968 13
114096 12
114186 12
114274 12
114385 12
114491 12
114582 12
114679 12
114767 12
114883 12
114983 12
115093 12
115200 12
115298 12
115400 12
115509 12
115596 12
115708 12
115806 12
115905 12
115983 12
116075 12
116193 12
116287 12
116383 12
116493 12
116594 12
116698 12
116804 12
116897 12
117018 12
117122 12
117233 12
117328 12
117432 12
117533 12
117632 12
117740 12
117824 12
117939 12
118028 12
118125 12
118238 12
118315 12
118412 12
118506 12
118604 11
118691 11
118793 11
118884 11
118981 11
119071 11
119181 11
119276 11
119364 11
119467 11
119569 11
119667 11
119744 11
119852 11
119943 10
120035 11
120162 11
120269 11
120365 11
120478 11
120589 11
120692 11
120794 11
120883 11
120973 11
121073 11
121189 11
121308 11
121400 11
121528 11
121637 11
121736 11
121816 11
121900 11
122007 12
122128 12
122240 11
122334 11
122432 11
122540 11
122634 11
122728 11
122819 11
122939 11
123031 11
123118 11
123216 11
123326 11
123440 11
123546 11
123649 11
123759 11
123862 11
123962 11
124054 11
124153 11
124243 11
124346 10
124443 10
124542 10
124643 10
124734 11
124820 11
124911 11
125021 11
125130 11
125248 11
125344 11
125443 11
125534 11
125634 11
125742 11
125826 11
125931 11
126026 11
126123 11
126225 11
126326 11
126420 11
126509 11
126619 11
126718 11
126822 11
126933 11
127050 11
127136 11
127226 12
127323 11
127439 11
127541 11
127667 11
127777 11
127871 11
127980 11
128076 11
128162 11
128249 11
128345 11
128463 11
128554 11
128651 11
128764 11
128882 11
128970 11
129076 11
129180 11
129280 11
129368 11
129474 11
129588 11
129661 11
129758 11
129846 11
129949 11
130051 11
130151 11
130241 11
130336 11
130435 11
130525 11
130620 11
130718 11
130797 11
130895 11
131013 11
131100 11
131184 11
131297 11
131403 11
131502 11
131599 11
131699 11
131798 11
131886 11
132016 11
132111 11
132217 11
132323 11
132439 11
132542 11
132657 11
132753 11
132854 11
132937 11
133048 11
133148 11
133248 11
133344 11
133438 11
133527 11
133616 11
133724 11
133829 11
133923 11
134032 11
134129 11
134239 11
134362 11
134470 11
134577 11
134657 11
134749 11
134838 11
134960 11
135048 11
135150 11
135264 11
135363 11
135452 11
135554 11
135666 11
135749 11
135846 11
135936 10
136033 10
136134 10
136256 10
136364 11
136451 11
136572 11
136652 11
136731 11
136829 11
136933 11
137044 11
137150 11
137260 11
137359 11
137464 11
137567 11
137681 11
137792 11
137887 11
137985 11
138092 11
138182 12
138267 11
138364 11
138461 11
138569 11
138670 11
138770 11
138863 11
138952 11
139060 11
139154 11
139249 11
139353 11
139448 11
139548 11
139652 11
139760 11
139860 11
139938 11
140053 11
140144 11
140259 11
140361 11
140445 11
140569 11
140660 11
140757 11
140840 11
140933 11
141022 11
141108 11
141194 11
141299 11
141386 11
141471 11
141568 11
141664 11
141750 11
141847 11
141933 11
142035 11
142140 11
142235 11
142342 11
142439 11
142539 12
142637 12
142751 12
142862 12
142948 12
143049 12
143158 12
143274 12
143377 12
143481 12
143576 12
143670 12
143781 12
143876 12
143970 13
144082 13
144181 13
144279 13
144385 13
144481 13
144568 13
144679 13
144780 13
144883 13
144996 13
145118 13
145204 13
145307 13
145398 13
145490 13
145583 13
145692 13
145794 13
145890 13
145972 13
146071 13
146168 13
146274 13
146371 13
146473 13
146592 13
146692 13
146785 13
146893 13
147002 13
147112 13
147205 13
147319 13
147410 13
147518 13
147617 13
147749 13
147836 13
147934 13
148043 13
148165 13
148278 13
148375 13
148472 13
148577 13
148674 13
148781 13
148866 13
148975 13
149087 13
149170 13
149263 13
149380 13
149490 13
149590 13
149681 13
149804 12
149895 12
149992 12
150088 12
150164 12
150269 12
150371 12
150464 12
150562 12
150673 12
150771 12
150884 12
150977 12
151057 12
151156 12
151240 12
151349 12
151455 12
151561 12
151668 12
151757 12
151866 12
151976 12
152091 12
152188 12
152282 12
152392 12
152507 12
152609 12
152716 12
152829 12
152937 12
153041 12
153151 12
153261 12
153352 12
153461 11
153565 12
153672 12
153776 12
153886 12
153992 12
154089 12
154189 12
154293 12
154391 12
154488 12
154589 12
154703 12
154805 12
154921 12
155019 12
155122 12
155224 12
155318 12
155403 12
155501 12
155602 12
155715 12
155819 12
155933 12
156031 12
156136 12
156231 12
156335 12
156440 12
156532 12
156632 12
156717 12
156810 12
156924 12
157031 12
157127 12
157223 12
157333 12
157431 12
157528 12
157631 12
157736 12
157849 12
157947 12
158049 12
158147 12
158252 12
158357 12
158463 12
158551 12
158653 12
158742 12
158831 12
158940 12
159055 12
159154 12
159263 12
159360 12
159455 12
159576 12
159683 12
159792 12
159896 12
159986 12
160101 12
160182 12
160276 12
160361 12
160456 12
160558 12
160646 12
160745 12
160850 12
160965 13
161050 13
161166 13
161276 13
161364 13
161452 13
161570 13
161676 13
161797 14
161900 13
161999 13
162103 13
162206 13
162314 13
162411 13
162522 13
162628 14
162730 14
162844 14
162928 14
163022 14
163114 14
163209 14
163332 14
163435 14
163540 14
163654 14
163756 14
163847 14
163948 14
164033 15
164124 14
164230 15
164330 14
164437 14
164538 14
164640 14
164745 14
164861 14
164964 14
165053 14
165159 14
165253 14
165361 14
165453 14
165554 13
165659 14
165759 14
165867 14
165961 14
166066 14
166181 14
166281 14
166392 14
166499 14
166595 14
166699 14
166798 14
166897 14
166992 14
167091 14
167202 14
167296 14
167399 14
167506 14
167604 14
167687 14
167776 15
167875 14
167969 14
168073 14
168157 13
168254 13
168363 13
168449 13
168539 13
168633 13
168729 13
168836 13
168921 13
169019 13
169125 13
169223 12
169311 12
169411 12
169507 12
169611 12
169710 12
169827 12
169923 12
170035 12
170127 12
170240 12
170335 12
170431 12
170526 12
170626 12
170726 12
170839 12
170975 12
171082 12
171176 12
171289 12
171393 12
171499 12
171606 12
171712 12
171808 12
171906 12
172008 12
172106 12
172201 12
172309 12
172409 12
172498 12
172596 12
172688 12
172796 12
172891 12
173003 12
173098 12
173207 12
173292 12
173391 12
173479 12
173583 12
173679 12
173790 12
173898 12
174018 12
174118 11
174202 12
174312 12
174414 12
174520 12
174625 12
174738 12
174838 12
174920 12
175005 12
175112 12
175204 12
175306 12
175415 12
175537 12
175620 12
175717 12
175814 12
175922 12
176013 12
176116 12
176227 12
176340 12
176451 12
176553 12
176645 12
176733 12
176827 12
176928 12
177017 12
177106 12
177212 12
177311 12
177416 12
177514 12
177611 12
177699 12
177788 12
177890 12
177995 12
178091 12
178168 12
178280 12
178397 12
178486 12
178578 12
178675 12
178763 12
178853 12
178949 12
179069 12
179153 12
179257 12
179367 13
179461 13
179569 12
179660 12
179772 12
179878 12
179968 12
180079 12
180172 12
180284 12
180381 12
180476 12
180553 12
180647 12
180741 12
180848 12
180950 12
181056 12
181168 12
181273 12
181370 13
181470 12
181568 12
181661 12
181764 12
181871 12
181966 12
182084 12
182181 12
182275 12
182376 12
182498 12
182597 12
182698 12
182793 12
182886 12
182982 12
183082 12
183187 12
183280 12
183355 12
183455 12
183561 12
183645 12
183747 12
183855 12
183949 12
184043 12
184155 12
184243 12
184346 12
184461 12
184574 12
184671 12
184761 11
184870 11
184972 11
185066 11
185176 11
185276 11
185387 11
185487 11
185587 11
185677 11
185758 11
185855 11
185960 11
186065 11
186150 11
186244 11
186352 11
186434 11
186533 11
186637 11
186741 11
186848 11
186944 11
187051 11
187171 11
187284 11
187381 11
187479 11
187596 11
187683 11
187769 11
187890 11
187981 11
188082 11
188182 11
188272 11
188356 11
188457 11
188557 11
188663 11
188762 11
188859 11
188945 11
189046 11
189131 11
189224 11
189345 11
189427 11
189554 11
189653 11
189753 11
189848 11
189943 11
190025 11
190119 11
190224 11
190327 11
190424 11
190506 11
190633 11
190738 11
190828 11
190931 11
191032 11
191125 10
191222 10
191332 10
191437 10
191533 10
191630 10
191734 10
191826 10
191939 10
192033 10
192113 10
192219 10
192310 10
192415 11
192519 11
192606 11
192708 11
192811 11
192905 11
193024 11
193116 11
193212 11
193329 11
193422 11
193530 11
193623 11
193734 11
193847 11
193953 11
194056 12
194147 11
194249 11
194353 10
194463 10
194559 10
194666 10
194765 11
194867 11
194988 11
195096 11
195195 11
195300 11
195415 11
195506 11
195611 11
195722 11
195817 11
195932 11
196036 11
196145 11
196243 11
196341 11
196452 12
196552 12
196644 12
196740 12
196839 12
196925 11
197039 12
197130 12
197207 12
197302 12
197409 12
197511 12
197604 12
197701 12
197793 12
197894 12
197986 12
198091 12
198191 13
198285 13
198389 13
198486 13
198592 13
198695 13
198785 13
198858 13
198953 13
199062 13
199154 13
199244 13
199345 13
199455 13
199566 14
199657 14
199764 13
199860 13
199968 13
200051 13
200152 13
200249 13
200329 13
200430 13
200525 13
200643 13
200735 13
200848 13
200949 13
201046 13
201150 13
201254 13
201359 13
201446 13
201555 13
201666 13
201752 13
201836 13
201917 13
202033 12
202134 12
202242 12
202339 13
202436 13
202535 13
202624 13
202715 13
202834 13
202931 13
203032 13
203116 14
203210 14
203306 14
203406 14
203502 13
203613 14
203716 14
203839 13
203929 13
204024 13
204123 13
204233 13
204349 13
204448 13
204562 13
204658 13
204746 13
204865 13
204967 13
205074 13
205175 13
205289 13
205377 13
205478 13
205594 13
205701 13
205797 13
205903 13
206009 13
206116 13
206200 13
206303 13
206391 13
206518 13
206626 13
206739 13
206826 13
206933 13
207021 13
207115 13
207201 13
207307 13
207401 13
207498 13
207580 13
207681 13
207783 13
207882 13
207985 13
208086 13
208189 13
208299 13
208430 13
208530 13
208628 13
208718 14
208813 14
208928 14
209033 14
209125 14
209222 14
209335 14
209438 14
209537 14
209629 14
209733 15
209835 15
209928 15
210029 15
210117 15
210237 15
210349 15
210423 15
210508 15
210612 15
210712 15
210829 15
210930 14
211037 14
211142 14
211251 14
211338 15
211438 15
211560 15
211659 15
211759 15
211865 15
211967 15
212060 14
212174 14
212282 14
212399 13
212497 14
212585 13
212701 13
212809 14
212898 14
212994 14
213100 14
213207 14
213326 13
213431 13
213514 13
213600 13
213711 13
213805 13
213898 13
213997 13
214095 13
214206 13
214287 13
214375 13
214474 13
214564 13
214653 13
214746 13
214856 13
214957 13
215060 13
215164 13
215260 13
215376 13
215478 13
215586 14
215686 15
215782 14
215882 14
215976 14
216098 14
216197 14
216298 14
216392 14
216494 14
216607 14
216717 14
216815 15
216904 14
217000 14
217098 14
217213 14
217309 14
217414 14
217510 14
217608 14
217686 14
217786 14
217885 14
217978 14
218081 14
218168 14
218255 14
218342 14
218432 14
218526 14
218619 14
218718 14
218815 14
218905 14
219016 14
219100 14
219200 14
219307 14
219393 14
219495 14
219590 14
219690 14
219789 14
219897 14
220008 14
220107 14
220191 14
220276 14
220383 14
220484 14
220581 14
220699 14
220796 14
220895 14
221003 14
221110 14
221197 14
221293 14
221392 14
221489 14
221580 14
221669 14
221763 14
221854 14
221955 14
222061 14
222157 14
222245 14
222345 14
222436 14
222543 14
222644 14
222740 13
222840 14
222949 14
223033 14
223146 14
223248 14
223358 14
223469 14
223574 13
223671 13
223778 13
223865 13
223964 13
224071 13
224162 13
224256 13
224368 13
224477 13
224563 13
224659 13
224760 13
224887 13
224976 13
225086 13
225190 13
225296 14
225390 14
225482 14
225575 14
225678 14
225789 14
225883 14
225975 14
226076 14
226186 14
226287 14
226394 14
226501 14
226604 14
226704 14
226820 14
226928 14
227021 14
227127 14
227233 14
227347 14
227451 14
227532 14
227641 14
227754 14
227857 14
227954 14
228041 14
228153 14
228260 14
228358 14
228459 14
228561 14
228672 14
228760 14
228874 14
228970 14
229071 14
229155 14
229261 14
229342 14
229450 14
229559 14
229655 14
229748 14
229842 14
229945 14
230040 14
230151 14
230259 14
230351 14
230448 14
230549 14
230633 14
230726 14
230832 14
230952 14
231035 14
231133 14
231226 14
231319 14
231415 14
231530 14
231623 14
231726 14
231834 14
231930 14
232029 14
232137 14
232230 14
232318 14
232414 14
232509 14
232597 14
232731 14
232831 14
232935 14
233033 14
233137 14
233244 14
233343 14
233448 14
233541 15
233629 15
233739 15
233839 14
233957 14
234045 14
234145 14
234238 14
234333 14
234439 14
234542 14
234643 14
234742 14
234830 14
234932 14
235023 14
235127 14
235223 14
235307 14
235402 14
235497 14
235585 14
235677 14
235784 14
235882 14
235973 14
236056 14
236146 14
236242 14
236350 14
236439 14
236541 14
236649 14
236750 14
236835 14
236912 14
237019 14
237115 14
237216 13
237321 13
237406 13
237499 13
237608 13
237712 13
237807 13
237901 14
238006 14
238097 14
238188 14
238307 14
238393 14
238498 14
238590 14
238691 14
238781 14
238890 14
239003 14
239085 14
239174 14
239263 14
239356 14
239470 14
239551 14
239667 14
239769 14
239870 14
239981 14
240079 14
240184 14
240285 14
240380 14
240480 14
240562 14
240677 14
240773 14
240867 14
240974 14
241061 14
241164 14
241274 14
241376 14
241466 14
241581 14
241671 14
241771 14
241862 14
241962 14
242051 14
242152 14
242250 14
242336 14
242447 14
242544 14
242647 14
242753 14
242854 14
242947 14
243047 14
243154 14
243261 14
243350 14
243466 14
243565 14
243654 14
243753 14
243847 14
243940 14
244049 14
244147 14
244256 14
244346 14
244440 14
244534 14
244629 14
244716 14
244813 14
244926 14
245039 14
245148 14
245249 14
245350 14
245458 14
245536 14
245630 14
245745 14
245868 14
245961 14
246068 14
246158 14
246245 13
246342 13
246444 13
246551 13
246658 13
246760 13
246854 13
246961 13
247066 13
247161 13
247265 13
247355 13
247458 13
247571 13
247669 13
247769 13
247879 13
247974 13
248068 12
248156 12
248247 12
248347 12
248447 12
248545 12
248642 12
248753 12
248863 12
248970 12
249070 12
249174 12
249283 12
249372 12
249458 12
249558 12
249643 12
249749 12
249843 12
249958 12
250056 12
250154 12
250261 12
250371 12
250463 12
250573 12
250659 12
250753 12
250843 12
250936 12
251033 12
251138 12
251242 12
251352 12
251449 12
251546 12
251636 12
251739 12
251827 12
251916 12
252015 12
252137 12
252244 12
252335 12
252430 12
252519 12
252633 12
252718 12
252833 12
252942 12
253076 12
253175 12
253272 12
253370 12
253476 12
253589 12
253680 12
253757 12
253873 12
253977 12
254077 12
254165 12
254273 12
254355 12
254452 12
254551 12
254675 12
254786 12
254895 12
254985 12
255083 12
255173 12
255294 12
255378 12
255469 12
255564 12
255662 12
255771 12
255869 12
255973 12
256080 12
256189 12
256286 12
256392 12
256497 12
256614 12
256711 12
256812 12
256911 12
257012 12
257123 12
257225 12
257314 12
257411 12
257504 12
257603 12
257705 12
257806 12
257918 12
258030 11
258130 11
258226 12
258321 11
258411 11
258509 11
258618 11
258727 11
258840 11
258939 11
259045 11
259151 11
259255 11
259363 11
259451 11
259571 11
259681 11
259765 11
259847 11
259947 11
260059 11
260167 11
260273 11
260375 11
260473 11
260586 11
260687 11
260782 11
260870 11
260971 11
261069 11
261168 11
261261 11
261364 11
261459 11
261552 11
261651 11
261740 11
261841 11
261928 11
262022 11
262126 11
262227 11
262338 11
262449 11
262556 11
262648 11
262761 11
262857 11
262947 11
263023 11
263115 11
263209 11
263324 11
263422 11
263509 11
263613 11
263732 11
263837 11
263936 11
264038 11
264134 11
264241 11
264337 11
264428 11
264541 11
264626 11
264735 11
264852 11
264946 11
265056 11
265159 11
265278 11
265377 10
265464 10
265560 11
265653 11
265755 11
265848 10
265947 10
266042 10
266129 10
266220 10
266312 10
266408 10
266524 10
266629 10
266732 10
266839 10
266935 10
267045 10
267141 10
267243 10
267343 10
267444 10
267547 10
267651 10
267779 10
267880 10
267980 10
268076 10
268166 10
268251 10
268347 10
268424 10
268531 10
268629 10
268729 10
268816 10
268909 10
269008 10
269096 10
269194 10
269287 10
269382 10
269469 10
269553 9
269640 10
269763 10
269859 9
269952 9
270043 9
270151 9
270257 9
270355 9
270458 9
270562 9
270666 9
270768 9
270873 9
270976 9
271081 9
271200 9
271311 9
271403 9
271503 8
271601 9
271693 9
271773 9
271864 9
271980 10
272085 10
272181 10
272283 10
272365 10
272469 10
272559 10
272667 10
272775 10
272864 10
272981 10
273050 9
273137 9
273236 9
273341 9
273455 9
273547 9
273649 9
273751 9
273854 9
273941 9
274035 9
274149 9
274259 9
274381 9
274485 8
274604 8
274695 8
274797 8
274899 8
274987 8
275095 8
275202 8
275300 8
275393 8
275469 8
275564 8
275649 8
275749 8
275857 8
275947 8
276041 8
276144 8
276245 9
276329 9
276432 9
276523 10
276604 9
276713 10
276818 10
276927 10
277045 10
277133 10
277237 10
277328 10
277431 10
277539 10
277624 10
277717 10
277810 10
277915 10
278005 10
278101 10
278192 10
278279 10
278373 10
278459 11
278542 11
278630 11
278731 11
278861 10
278958 10
279059 10
279154 10
279260 10
279370 10
279459 10
279564 10
279653 10
279750 10
279853 10
279941 10
280037 10
280136 10
280243 10
280344 10
280432 10
280543 10
280654 10
280747 10
280857 11
280973 11
281073 11
281172 11
281297 11
281389 11
281490 11
281565 11
281646 11
281758 11
281838 11
281947 11
282047 11
282168 11
282292 11
282387 11
282471 11
282565 11
282660 11
282757 11
282842 11
282948 11
283044 11
283125 12
283213 12
283305 12
283414 11
283514 11
283625 11
283724 11
283815 11
283915 11
284021 11
284128 11
284221 11
284302 10
284395 10
284510 10
284606 10
284717 10
284802 10
284905 10
285024 10
285130 10
285217 10
285316 10
285408 10
285509 10
285611 10
285702 10
285794 10
285900 10
285984 10
286077 10
286177 10
286274 10
286370 10
286468 10
286564 10
286671 10
286766 10
286867 10
286962 10
287071 10
287172 10
287273 9
287366 9
287466 9
287566 9
287662 9
287754 9
287857 9
287956 9
288044 9
288154 9
288252 9
288348 9
288449 9
288537 9
288645 9
288744 9
288833 9
288923 9
289031 9
289130 9
289229 9
289331 9
289424 9
289527 9
289632 9
289715 9
289810 9
289888 9
289984 9
290086 9
290180 9
290288 9
290404 9
290504 9
290623 9
290727 9
290823 9
290910 9
291003 9
291115 10
291217 10
291335 10
291440 10
291531 10
291622 10
291722 10
291812 10
291894 10
291987 10
292079 10
292165 10
292265 10
292367 10
292463 10
292559 10
292657 10
292754 10
292857 10
292941 10
293035 10
293143 10
293240 10
293318 10
293419 10
293514 10
293620 9
293726 9
293813 9
293903 9
294011 9
294117 9
294223 9
294328 9
294423 9
294523 9
294621 9
294714 9
294811 9
294917 9
295022 9
295125 9
295221 9
295330 9
295430 8
295539 8
295626 8
295718 8
295813 8
295909 8
296029 8
296124 8
296220 8
296320 8
296421 8
296521 7
296595 8
296691 8
296777 8
296879 8
296984 8
297091 8
297183 8
297277 8
297372 8
297463 8
297570 8
297671 8
297764 8
297852 8
297931 8
298038 8
298154 8
298244 8
298344 8
298453 8
298544 8
298655 8
298747 8
298856 8
298957 8
299037 8
299122 8
299233 8
299346 8
299460 8
299559 8
299655 8
299751 8
299855 8
299954 8
300036 8
300125 8
300214 8
300319 8
300405 9
300502 8
300605 8
300705 8
300819 8
300923 8
301031 8
301126 8
301214 8
301308 8
301396 8
301491 8
301610 8
301715 8
301823 8
301905 8
301998 8
302095 8
302202 8
302290 8
302395 8
302508 8
302609 8
302722 8
302812 8
302917 8
303018 8
303117 8
303214 8
303322 8
303442 8
303522 8
303619 8
303708 8
303812 8
303912 8
304012 8
304093 8
304199 8
304306 8
304390 8
304493 8
304602 8
304711 8
304801 8
304906 8
305016 8
305115 8
305236 8
305339 8
305462 8
305585 8
305678 8
305778 8
305879 8
305969 8
306074 8
306161 8
306265 8
306370 8
306464 8
306568 7
306674 7
306775 7
306865 7
306964 7
307067 7
307152 8
307255 8
307347 8
307454 8
307558 8
307640 8
307727 8
307837 8
307939 8
308034 8
308140 8
308254 8
308343 9
308443 9
308548 9
308645 9
308739 9
308827 9
308904 9
309009 9
309091 9
309169 9
309253 9
309340 9
309441 9
309539 9
309643 9
309741 9
309852 9
309951 9
310053 9
310155 9
310262 9
310363 9
310466 9
310558 9
310664 9
310752 9
310843 10
310931 10
311033 10
311142 10
311225 10
311330 10
311431 10
311543 10
311624 10
311724 10
311809 10
311894 10
312001 10
312095 10
312187 10
312306 10
312384 10
312482 10
312572 10
312662 10
312754 10
312862 10
312956 10
313069 10
313179 10
313284 10
313373 10
313475 10
313568 10
313671 11
313761 11
313851 11
313951 11
314059 12
314168 12
314254 12
314356 12
314450 12
314552 12
314645 12
314740 12
314834 12
314950 12
315050 12
315147 12
315231 12
315333 12
315439 12
315561 12
315670 12
315745 12
315844 12
315943 12
316036 12
316133 12
316223 12
316320 13
316423 13
316514 13
316621 13
316714 13
316809 13
316900 13
317003 13
317104 13
317202 13
317293 13
317405 13
317506 13
317613 13
317717 13
317802 13
317897 13
317994 13
318113 13
318205 13
318310 13
318425 13
318526 13
318632 13
318745 13
318848 13
318971 13
319077 13
319199 13
319288 13
319394 13
319511 13
319624 13
319724 13
319820 13
319919 13
320028 13
320147 13
320244 13
320352 13
320448 13
320556 13
320647 13
320761 14
320859 13
320961 13
321059 13
321161 13
321258 13
321350 13
321449 14
321566 13
321676 13
321778 13
321893 13
322000 13
322126 13
322195 13
322305 13
322417 13
322514 12
322615 13
322710 13
322811 13
322928 13
323027 13
323129 13
323228 13
323333 13
323426 13
323513 13
323618 13
323700 13
323799 13
323892 13
323998 13
324095 13
324198 13
324314 13
324403 13
324489 13
324582 13
324672 13
324748 13
324835 13
324922 13
325013 13
325114 13
325218 13
325319 13
325434 13
325551 13
325658 13
325753 13
325847 13
325940 13
326028 13
326130 13
326226 13
326325 13
326425 13
326526 13
326631 13
326728 13
326822 13
326915 13
327017 13
327109 13
327202 13
327310 13
327417 13
327506 13
327610 13
327697 13
327806 13
327913 13
328015 13
328112 13
328224 13
328317 13
328409 13
328511 13
328609 13
328709 13
328810 13
328907 13
328992 13
329096 13
329184 13
329295 13
329405 13
329514 13
329619 13
329705 13
329800 13
329899 13
329996 14
330088 13
330178 14
330280 14
330382 14
330482 15
330584 15
330693 15
330793 15
330905 15
330990 15
331082 15
331181 15
331286 15
331381 15
331469 15
331568 15
331663 15
331767 15
331845 15
331948 15
332045 15
332140 15
332234 15
332335 15
332447 15
332554 15
332654 15
332757 15
332857 15
332957 15
333049 15
333143 15
333257 15
333366 15
333466 15
333572 15
333681 15
333787 15
333891 15
333995 15
334087 16
334185 16
334305 16
334395 15
334496 15
334592 15
334680 15
334791 15
334883 15
334975 15
335089 15
335171 15
335288 15
335394 15
335514 15
335614 15
335708 15
335805 15
335918 15
336017 15
336120 15
336218 15
336326 15
336418 15
336509 15
336607 15
336712 15
336804 15
336904 15
336989 15
337084 15
337165 15
337255 15
337366 15
337470 15
337565 15
337667 15
337771 15
337872 15
337973 15
338082 15
338179 15
338299 15
338380 14
338468 14
338548 15
338649 15
338733 15
338821 15
338921 15
339031 15
339136 15
339259 15
339364 15
339471 15
339564 15
339663 15
339776 15
339868 15
339963 15
340063 15
340160 15
340281 15
340373 15
340482 15
340573 15
340680 16
340777 16
340881 16
340984 16
341069 16
341159 16
341270 16
341378 16
341470 16
341582 16
341691 16
341796 16
341914 16
342010 16
342111 16
342196 16
342311 16
342432 16
342515 16
342603 16
342712 16
342824 16
342923 16
343039 16
343140 16
343234 16
343324 16
343413 16
343513 16
343606 16
343709 16
343806 16
343902 16
344011 16
344111 16
344224 16
344304 16
344393 16
344512 16
344614 16
344714 16
344837 16
344930 16
345044 16
345127 16
345228 16
345334 16
345446 16
345540 16
345646 16
345743 16
345830 16
345932 16
346033 16
346149 16
346235 16
346333 16
346431 16
346525 16
346628 16
346726 16
346827 16
346924 16
347031 16
347124 16
347206 16
347311 16
347425 15
347514 15
347617 15
347711 15
347799 15
347900 15
348023 15
348116 15
348219 15
348324 15
348419 15
348508 15
348611 15
348700 15
348790 15
348891 15
348979 15
349088 15
349184 15
349267 16
349363 16
349482 16
349576 16
349682 16
349787 16
349880 16
349985 16
350079 16
350179 16
350282 16
350376 16
350477 16
350579 16
350689 16
350805 15
350899 15
350991 15
351093 15
351178 15
351288 15
351395 15
351499 15
351600 15
351693 15
351794 15
351880 15
352005 15
352110 15
352204 15
352299 15
352398 15
352500 15
352609 15
352717 15
352818 15
352911 15
353015 15
353103 15
353188 15
353301 15
353407 15
353490 15
353600 16
353707 16
353803 16
353902 16
353996 16
354094 16
354205 16
354301 16
354415 16
354519 16
354612 16
354716 16
354809 16
354900 16
355003 16
355130 16
355233 16
355334 16
355440 16
355525 16
355631 16
355727 16
355835 16
355939 16
356017 16
356115 16
356204 16
356316 16
356419 16
356513 16
356624 16
356728 16
356826 16
356911 16
356990 16
357084 16
357180 16
357283 16
357391 16
357476 16
357565 16
357652 16
357753 16
357866 16
357960 16
358062 16
358167 16
358264 16
358348 16
358456 16
358563 16
358676 16
358793 16
358893 16
358996 16
359110 16
359216 16
359317 16
359421 16
359529 16
359631 16
359747 16
359839 16
359927 16
360053 16
360159 16
360271 15
360358 15
360459 15
360551 15
360646 15
360760 15
360880 14
360994 14
361086 14
361178 14
361277 14
361377 14
361476 14
361560 14
361653 14
361749 14
361856 14
361952 14
362041 14
362145 14
362230 14
362323 14
362426 14
362509 14
362609 14
362724 14
362847 14
362934 14
363036 14
363137 14
363235 14
363329 14
363425 14
363521 14
363618 14
363713 14
363821 14
363923 14
364026 14
364125 14
364222 14
364318 13
364436 14
364551 13
364639 14
364736 14
364836 13
364935 13
365035 13
365138 13
365230 13
365315 13
365426 13
365543 13
365644 13
365751 13
365861 13
365961 13
366045 13
366149 13
366253 13
366334 13
366436 13
366555 13
366663 13
366748 13
366843 13
366935 13
367037 13
367129 13
367239 13
367348 13
367445 13
367548 13
367666 13
367755 13
367862 14
367980 14
368089 14
368177 14
368282 14
368374 14
368472 14
368578 14
368673 14
368772 14
368858 14
368966 14
369056 14
369160 14
369256 14
369351 14
369467 14
369588 14
369686 14
369785 14
369886 14
369985 14
370103 14
370185 14
370280 14
370393 14
370483 14
370597 14
370687 14
370782 14
370863 15
370971 14
371074 15
371180 15
371282 15
371380 15
371498 15
371590 15
371685 15
371790 15
371886 15
371963 15
372047 15
372160 15
372263 15
372350 15
372444 15
372539 15
372627 15
372717 15
372812 15
372921 15
373019 15
373098 15
373200 15
373287 14
373399 14
373500 14
373606 14
373697 13
373781 13
373876 13
373982 13
374080 13
374178 14
374298 14
374401 14
374514 14
374606 14
374702 14
374789 14
374907 14
374998 14
375105 14
375198 14
375312 14
375405 14
375495 14
375601 14
375707 15
375815 14
375911 14
376014 14
376105 14
376211 14
376296 14
376389 14
376484 14
376572 14
376663 14
376778 14
376890 14
377001 14
377115 14
377215 14
377302 14
377400 14
377513 14
377611 13
377713 14
377818 14
377913 14
378012 14
378117 14
378228 14
378316 14
378416 14
378516 14
378620 14
378708 14
378811 14
378921 15
379021 14
379115 14
379207 14
379310 14
379418 14
379512 14
379615 14
379702 14
379795 14
379898 14
380003 14
380101 14
380205 14
380290 14
380383 14
380491 14
380586 14
380690 14
380808 14
380913 14
381027 13
381130 14
381215 14
381306 14
381412 14
381518 14
381616 14
381712 14
381804 14
381907 14
382014 14
382104 14
382199 14
382300 14
382410 14
382520 14
382618 14
382728 15
382822 15
382938 15
383039 15
383146 15
383249 14
383337 14
383427 14
383534 14
383650 14
383739 14
383844 14
383934 14
384041 14
384125 14
384230 14
384341 14
384442 14
384566 14
384658 14
384762 14
384872 14
384998 14
385090 14
385210 14
385325 14
385422 14
385529 14
385623 14
385720 14
385816 14
385921 14
386022 14
386133 14
386228 14
386333 14
386422 14
386529 14
386629 14
386734 14
386848 14
386958 14
387055 14
387160 14
387260 14
387373 14
387479 14
387591 14
387693 14
387792 14
387912 14
388012 14
388114 14
388204 14
388315 14
388422 14
388514 14
388620 14
388727 14
388831 14
388928 14
389041 14
389150 14
389261 14
389368 14
389470 14
389565 14
389672 14
389766 14
389855 14
389950 14
390050 14
390154 14
390259 14
390368 13
390472 13
390561 13
390686 13
390770 13
390856 13
390940 13
391023 13
391111 13
391206 14
391308 14
391407 14
391514 14
391605 14
391705 14
391811 14
391917 14
392016 14
392102 14
392209 14
392328 14
392429 14
392526 14
392628 14
392734 14
392823 14
392910 14
393005 14
393125 14
393224 14
393336 14
393440 14
393542 14
393623 14
393724 14
393807 14
393898 14
393994 14
394092 14
394191 14
394295 14
394385 14
394483 14
394588 14
394689 14
394773 14
394878 14
394984 14
395077 14
395181 14
395284 14
395392 14
395493 14
395599 14
395687 14
395798 14
395894 14
396004 14
396116 14
396202 14
396311 15
396410 15
396506 16
396617 16
396723 15
396835 16
396941 16
397043 16
397164 16
397273 15
397385 15
397477 15
397584 15
397691 15
397779 15
397893 15
397993 15
398106 15
398219 15
398325 15
398418 15
398524 15
398624 14
398707 14
398812 14
398921 14
399044 14
399160 14
399244 14
399358 14
399470 14
399572 14
399680 14
399780 15
399885 15
399975 15
400066 15
400158 15
400241 15
400339 15
400445 15
400567 15
400657 15
400759 15
400875 15
400964 16
401074 16
401164 16
401274 15
401383 15
401474 15
401583 15
401706 15
401793 15
401892 15
401986 15
402080 15
402187 15
402284 15
402380 15
402471 15
402575 15
402668 15
402757 15
402852 15
402938 15
403029 15
403139 15
403255 15
403356 15
403452 15
403554 15
403664 15
403754 15
403836 15
403943 15
404060 15
404169 15
404273 15
404370 15
404490 15
404590 14
404696 14
404799 14
404891 14
404998 14
405096 14
405202 14
405294 14
405400 14
405519 13
405634 13
405749 13
405840 13
405955 13
406053 13
406159 13
406261 13
406360 14
406461 14
406558 14
406664 14
406742 14
406835 14
406931 14
407032 14
407128 14
407231 14
407336 14
407428 14
407527 14
407621 14
407711 15
407816 15
407928 15
408030 15
408112 15
408219 15
408309 15
408408 15
408505 15
408585 15
408675 15
408793 15
408881 15
408980 15
409071 15
409177 15
409287 15
409409 15
409504 15
409603 15
409695 15
409800 15
409897 15
409993 15
410095 15
410181 15
410298 15
410395 15
410507 15
410623 15
410720 15
410813 15
410904 15
411018 15
411105 15
411204 15
411329 15
411418 15
411527 15
411634 15
411712 15
411821 15
411924 15
412030 15
412134 14
412232 14
412336 14
412432 14
412545 14
412639 15
412736 15
412839 15
412942 15
413033 15
413147 15
413243 15
413346 15
413440 15
413525 15
413611 15
413710 15
413826 15
413924 15
414015 15
414127 15
414220 15
414333 15
414419 15
414515 15
414627 15
414730 15
414815 15
414917 15
415019 15
415127 15
415233 15
415329 16
415434 16
415526 15
415629 15
415729 15
415815 15
415908 15
415993 15
416090 15
416175 15
416269 15
416374 15
416476 14
416571 14
416679 14
416780 14
416876 14
416958 14
417054 14
417163 14
417252 14
417355 14
417459 14
417558 14
417664 14
417774 14
417892 14
418011 14
418112 14
418204 14
418303 14
418386 14
418487 14
418597 14
418687 14
418785 14
418887 14
418988 14
419091 14
419187 14
419265 14
419359 14
419452 14
419538 14
419639 14
419742 14
419845 14
419944 14
420042 14
420143 14
420216 14
420309 14
420404 14
420505 14
420603 14
420693 14
420793 14
420897 14
420993 14
421076 14
421158 14
421254 14
421339 14
421426 14
421518 14
421619 14
421723 14
421819 14
421905 14
422011 14
422111 14
422224 14
422324 14
422423 14
422530 14
422615 14
422702 14
422788 14
422883 14
422984 14
423091 14
423207 14
423309 14
423405 14
423501 14
423590 14
423692 14
423793 14
423899 14
424003 14
424115 14
424213 14
424318 14
424415 14
424524 14
424634 14
424741 14
424823 14
424930 14
425017 14
425114 14
425197 14
425282 14
425397 14
425500 14
425598 14
425704 14
425806 14
425908 14
426023 14
426147 14
426271 14
426385 14
426470 14
426569 14
426661 14
426756 14
426850 14
426957 14
427058 14
427167 14
427288 14
427385 14
427486 14
427592 14
427685 14
427788 14
427894 14
428012 14
428126 14
428232 14
428344 14
428442 14
428534 14
428635 14
428739 14
428830 14
428933 14
429021 13
429124 13
429219 13
429333 13
429418 13
429514 13
429619 13
429727 13
429821 13
429906 13
430000 13
430109 13
430193 13
430280 13
430383 13
430490 13
430587 13
430695 13
430788 13
430880 13
430979 13
431074 13
431185 13
431271 13
431372 13
431468 13
431552 13
431644 13
431726 13
431836 13
431925 13
432042 12
432140 12
432239 12
432338 12
432451 12
432560 12
432647 12
432738 12
432836 12
432946 12
433042 12
433136 12
433241 12
433358 12
433460 12
433579 12
433679 12
433799 12
433906 12
434000 12
434091 12
434201 12
434307 12
434408 12
434516 12
434623 12
434737 12
434855 12
434950 12
435057 12
435153 12
435246 11
435348 12
435459 11
435545 11
435639 11
435726 11
435820 11
435925 11
436002 11
436105 11
436199 11
436284 11
436396 11
436507 11
436590 11
436686 11
436801 11
436910 11
436999 11
437097 11
437192 11
437284 11
437382 11
437495 11
437603 11
437699 11
437795 10
437903 10
437991 10
438090 10
438200 10
438309 10
438418 10
438512 10
438606 10
438711 10
438810 10
438896 10
438993 10
439102 10
439208 10
439304 10
439392 10
439495 10
439603 10
439702 9
439804 9
439908 9
440001 9
440099 9
440213 9
440305 10
440405 10
440501 10
440591 10
440676 10
440771 10
440877 10
440986 10
441089 11
441184 11
441277 11
441362 11
441460 11
441557 11
441667 11
441790 11
441871 11
441952 11
442032 11
442131 11
442224 11
442301 11
442385 11
442459 11
442555 11
442648 11
442751 11
442849 11
442966 11
443076 11
443175 11
443271 11
443361 11
443454 11
443568 11
443678 11
443761 12
443868 11
443965 11
444074 11
444196 11
444296 11
444387 12
444473 12
444575 12
444679 12
444758 12
444858 12
444959 12
445058 12
445168 12
445251 12
445338 12
445438 12
445542 12
445621 12
445702 12
445810 12
445928 12
446044 12
446146 12
446239 12
446339 12
446440 12
446541 12
446660 12
446772 13
446868 13
446972 12
447055 12
447168 12
447254 12
447359 12
447466 12
447563 12
447691 12
447793 12
447895 12
448002 12
448105 12
448204 12
448312 12
448406 12
448494 12
448596 12
448700 12
448802 12
448894 12
449009 12
449105 12
449208 12
449309 12
449393 12
449503 12
449609 12
449693 12
449784 12
449883 11
449983 12
450084 11
450189 11
450295 11
450408 11
450500 11
450585 11
450702 11
450794 11
450897 11
451001 11
451096 11
451190 11
451294 11
451403 11
451502 11
451572 11
451664 11
451754 11
451830 11
451942 11
452046 11
452149 11
452251 11
452339 11
452447 11
452540 11
452634 11
452735 11
452846 11
452935 10
453025 11
453126 11
453220 11
453314 11
453406 11
453511 11
453605 11
453710 11
453831 11
453931 11
454018 11
454108 11
454206 11
454319 11
454414 11
454507 11
454609 11
454707 11
454813 12
454919 12
455020 12
455127 11
455232 11
455325 12
455445 12
455547 12
455640 12
455715 12
455809 12
455921 12
456030 12
456116 12
456213 12
456313 12
456425 12
456526 12
456638 12
456731 12
456840 12
456937 12
457050 12
457151 12
457245 12
457338 12
457446 12
457547 12
457652 12
457744 12
457862 12
457970 12
458055 12
458139 12
458243 12
458345 12
458454 12
458559 12
458689 12
458781 12
458869 12
458962 12
459068 11
459166 11
459273 11
459370 11
459469 11
459559 11
459650 11
459735 11
459826 11
459911 11
460005 11
460115 11
460226 11
460322 11
460405 11
460512 11
460620 11
460715 11
460790 11
460895 11
460985 11
461086 11
461175 11
461286 11
461377 11
461483 11
461572 12
461670 12
461751 12
461862 11
461977 11
462076 11
462155 10
462278 10
462373 10
462454 10
462550 10
462643 10
462730 10
462840 10
462957 10
463063 10
463167 10
463271 10
463372 10
463479 10
463578 10
463672 10
463778 9
463911 9
464011 10
464128 9
464235 10
464322 10
464411 10
464513 10
464601 10
464711 10
464814 10
464909 10
465013 10
465120 10
465208 10
465318 10
465420 10
465516 10
465618 11
465714 11
465806 11
465902 11
465981 11
466078 11
466182 11
466278 11
466368 11
466487 11
466579 11
466672 12
466776 12
466888 12
466999 12
467106 12
467206 12
467304 11
467412 12
467514 12
467617 12
467714 12
467829 12
467926 12
468033 12
468145 12
468244 12
468354 12
468448 12
468547 12
468685 13
468788 13
468879 13
468987 13
469076 13
469174 13
469267 13
469361 12
469469 12
469575 12
469691 12
469811 12
469908 12
470002 12
470114 12
470207 12
470296 12
470397 12
470499 12
470601 12
470694 12
470792 12
470885 12
470997 11
471107 11
471200 11
471304 11
471408 11
471486 11
471591 10
471682 10
471775 10
471890 10
471979 10
472068 10
472161 10
472270 10
472376 10
472484 10
472595 10
472696 10
472799 10
472894 10
472999 10
473095 10
473182 10
473275 10
473374 10
473463 10
473564 10
473662 10
473737 10
473826 10
473944 10
474056 10
474159 10
474270 10
474380 10
474488 10
474602 10
474703 10
474812 10
474913 10
475010 10
475111 10
475221 10
475318 10
475418 10
475525 10
475629 9
475721 9
475829 10
475933 10
476057 10
476159 10
476246 10
476352 10
476475 10
476583 10
476691 10
476797 10
476908 10
477018 10
477132 10
477252 10
477342 10
477457 10
477550 10
477656 10
477756 10
477848 10
477958 10
478070 10
478175 10
478278 10
478390 10
478479 11
478595 11
478694 10
478789 10
478892 10
479016 10
479120 10
479227 10
479330 10
479419 10
479520 10
479623 10
479723 10
479811 10
479915 10
480031 10
480146 10
480249 10
480358 10
480458 10
480553 10
480642 10
480742 10
480845 10
480935 10
481047 10
481125 10
481237 10
481350 10
481450 10
481553 10
481668 10
481758 10
481845 10
481932 10
482035 10
482123 10
482214 10
482309 10
482414 10
482527 10
482615 10
482714 10
482807 10
482921 10
483024 10
483110 10
483224 10
483326 10
483423 10
483525 10
483623 10
483720 10
483817 10
483925 10
484030 10
484124 10
484227 10
484314 10
484411 10
484514 10
484620 10
484729 10
484828 10
484949 10
485043 10
485159 10
485260 10
485348 10
485444 10
485527 10
485616 10
485715 10
485812 10
485917 10
486036 10
486140 10
486242 10
486353 10
486458 10
486553 10
486643 10
486725 10
486823 10
486916 10
487019 10
487123 10
487217 9
487336 10
487432 10
487529 10
487628 10
487718 10
487823 10
487925 10
488044 10
488146 10
488252 10
488369 10
488463 10
488562 10
488665 10
488766 10
488862 10
488961 10
489088 10
489192 10
489305 10
489406 10
489499 10
489601 10
489698 10
489797 10
489912 10
490007 10
490105 10
490195 10
490307 10
490430 10
490526 10
490629 10
490721 10
490823 11
490921 10
491018 10
491099 10
491193 10
491278 10
491375 10
491494 10
491597 10
491690 10
491786 10
491886 9
491965 9
492054 9
492151 9
492260 9
492353 9
492456 9
492564 9
492664 9
492757 9
492866 9
492953 10
493068 10
493169 10
493260 10
493362 10
493465 10
493565 10
493668 10
493782 10
493892 10
493984 10
494080 10
494180 10
494282 10
494361 10
494458 10
494558 10
494658 10
494755 10
494854 10
494975 10
495075 10
495175 11
495279 10
495386 10
495472 10
495584 10
495694 10
495799 10
495898 10
495996 10
496117 10
496234 10
496318 10
496410 10
496507 10
496628 10
496707 10
496807 10
496913 10
496993 10
497081 10
497194 10
497286 10
497380 10
497484 10
497584 11
497705 11
497821 11
497912 11
498013 11
498109 11
498223 11
498331 11
498431 11
498530 11
498625 11
498744 11
498845 11
498966 11
499064 11
499159 11
499234 11
499336 11
499436 11
499542 11
499652 11
499746 11
499839 11
499934 11
500029 11
500121 11
500229 11
500315 11
500407 11
500497 11
500606 11
500696 11
500795 11
500885 11
500975 11
501063 12
501153 13
501249 13
501342 13
501440 13
501538 13
501645 13
501759 13
501879 13
501979 13
502071 13
502179 13
502275 13
502385 13
502470 13
502557 13
502641 13
502752 12
502848 12
502946 12
503049 12
503154 12
503247 12
503365 12
503472 12
503563 12
503653 12
503756 12
503861 12
503971 12
504079 12
504184 12
504280 13
504373 13
504479 13
504579 14
504678 14
504784 15
504864 15
504959 15
505045 15
505132 15
505239 15
505351 15
505444 15
505543 15
505648 15
505737 15
505851 15
505951 15
506056 15
506149 15
506259 15
506353 15
506450 15
506552 16
506642 16
506745 16
506826 16
506929 16
507041 16
507132 16
507224 16
507320 16
507439 16
507555 16
507673 16
507767 16
507867 16
507979 16
508075 16
508178 16
508271 16
508386 16
508474 16
508566 16
508648 16
508727 16
508840 16
508935 16
509016 16
509102 16
509203 16
509292 16
509393 16
509493 16
509585 16
509680 16
509777 16
509884 16
509984 16
510078 16
510166 16
510258 16
510338 16
510442 16
510535 16
510634 16
510717 16
510792 16
510879 16
510981 16
511075 16
511163 16
511285 16
511385 16
511496 16
511597 16
511683 16
511785 16
511882 16
511981 16
512093 16
512193 16
512294 16
512384 16
512468 16
512572 16
512672 16
512765 16
512863 15
512957 15
513055 15
513181 15
513295 15
513394 15
513496 15
513596 15
513692 15
513790 15
513882 15
513977 14
514092 14
514199 14
514304 14
514402 14
514507 14
514608 14
514701 14
514812 14
514896 14
514982 13
515086 13
515181 14
515293 14
515395 14
515518 14
515611 14
515711 14
515804 14
515896 14
515992 14
516096 14
516192 14
516280 14
516370 14
516452 14
516530 14
516642 14
516747 14
516850 14
516934 14
517029 14
517130 14
517240 14
517341 14
517438 14
517533 14
517635 14
517738 14
517820 14
517939 14
518038 14
518137 14
518246 14
518339 14
518426 14
518522 14
518629 14
518737 14
518821 14
518924 14
519014 14
519113 14
519197 14
519310 15
519415 14
519512 14
519601 14
519694 14
519787 14
519873 14
519998 14
520090 14
520183 14
520294 14
520401 14
520504 14
520620 14
520723 14
520819 14
520925 14
521026 14
521124 14
521238 14
521337 14
521450 14
521546 14
521639 14
521739 14
521847 14
521947 14
522059 14
522162 14
522272 14
522379 14
522469 14
522558 14
522666 14
522769 13
522874 13
522975 13
523079 13
523181 13
523286 14
523381 14
523470 14
523578 14
523662 14
523751 14
523843 14
523945 14
524029 14
524114 14
524198 14
524288 14
524405 14
524499 14
524612 14
524707 15
524795 15
524900 15
524987 15
525086 14
525184 14
525304 13
525397 13
525480 13
525562 13
525667 13
525767 13
525869 13
525958 13
526050 13
526143 13
526242 13
526344 13
526435 13
526537 13
526623 13
526718 13
526807 13
526914 13
527034 13
527145 13
527242 13
527334 13
527416 13
527520 13
527622 13
527722 13
527831 13
527917 14
528008 14
528098 14
528196 14
528300 14
528405 14
528510 14
528609 14
528719 14
528830 14
528920 14
529024 14
529147 14
529252 14
529355 14
529447 14
529543 14
529638 14
529761 14
529864 14
529962 14
530069 14
530167 14
530266 14
530350 14
530453 14
530551 14
530658 15
530741 15
530849 15
530959 15
531064 15
531162 15
531266 15
531365 15
531465 15
531579 15
531692 15
531790 15
531904 15
532024 15
532128 15
532222 15
532322 15
532422 15
532532 15
532646 15
532739 15
532837 15
532947 15
533042 15
533144 15
533232 15
533334 15
533428 15
533525 15
533619 15
533712 15
533820 15
533918 15
534001 15
534091 15
534184 15
534289 15
534388 15
534474 15
534592 15
534696 15
534800 15
534913 15
535004 15
535120 15
535225 15
535333 15
535427 15
535528 15
535623 15
535726 15
535821 15
535918 15
536014 15
536124 15
536244 15
536341 15
536456 15
536565 15
536654 15
536752 15
536864 15
536958 15
537065 15
537156 15
537254 15
537373 15
537498 15
537598 15
537681 15
537767 15
537872 15
537977 15
538091 15
538177 15
538286 15
538390 15
538490 15
538592 15
538687 15
538796 15
538888 15
538976 15
539059 15
539149 15
539259 15
539357 15
539455 15
539562 15
539663 15
539770 15
539887 15
539988 15
540085 15
540175 15
540267 15
540380 15
540488 15
540584 15
540674 15
540783 15
540874 15
540968 15
541061 15
541154 15
541231 15
541326 15
541421 15
541506 15
541611 15
541718 15
541814 15
541936 15
542025 15
542127 15
542225 15
542329 15
542425 15
542523 15
542626 15
542714 15
542814 15
542908 15
543000 15
543083 15
543172 15
543263 15
543351 15
543453 15
543547 15
543646 15
543732 15
543839 15
543934 15
544029 15
544123 15
544211 15
544289 15
544399 15
544505 15
544604 15
544709 15
544793 15
544896 15
544986 15
545084 15
545184 15
545275 15
545361 15
545466 15
545567 15
545651 15
545767 15
545863 15
545960 15
546053 15
546141 15
546235 14
546338 14
546451 14
546535 14
546633 14
546737 14
546845 14
546943 14
547023 14
547120 14
547231 14
547341 14
547438 14
547535 14
547628 14
547736 14
547855 14
547958 14
548042 14
548137 14
548235 14
548334 14
548434 14
548531 14
548645 14
548747 14
548825 14
548919 14
549015 13
549101 14
549208 14
549312 14
549406 14
549500 14
549616 14
549717 14
549804 14
549911 14
549988 14
550095 14
550189 14
550283 14
550402 14
550497 14
550608 14
550713 14
550826 14
550950 14
551057 14
551149 14
551244 14
551335 14
551425 14
551533 14
551619 14
551722 15
551826 15
551930 15
552029 15
552125 15
552232 15
552327 15
552433 15
552533 15
552638 15
552726 15
552815 15
552911 15
553015 15
553116 15
553215 15
553303 15
553407 14
553501 14
553620 14
553705 15
553802 15
553887 15
553985 15
554097 15
554184 15
554307 15
554425 15
554509 15
554602 15
554707 16
554798 16
554895 16
554992 16
555088 16
555180 16
555276 16
555376 16
555486 16
555579 16
555673 16
555756 16
555853 16
555960 17
556064 17
556153 17
556259 17
556363 17
556462 17
556558 17
556659 17
556760 17
556858 17
556959 17
557069 17
557170 17
557257 17
557370 17
557468 17
557578 17
557690 17
557811 17
557907 17
557995 17
558100 17
558201 17
558305 17
558417 17
558519 17
558632 17
558727 17
558825 17
558914 17
559017 17
559119 17
559220 17
559321 17
559419 17
559537 17
559651 17
559766 17
559862 17
559967 16
560067 16
560165 16
560268 16
560351 16
560460 16
560554 16
560657 16
560759 16
560862 16
560956 16
561057 16
561153 16
561252 16
561354 16
561457 16
561555 16
561664 16
561768 16
561889 16
561989 15
562084 15
562192 15
562290 15
562391 15
562485 15
562574 15
562676 15
562782 15
562874 15
562965 15
563066 15
563172 15
563262 15
563373 15
563472 15
563570 15
563676 15
563773 15
563879 15
563966 15
564070 15
564171 15
564272 15
564372 16
564474 16
564576 16
564676 16
564780 16
564879 16
564994 16
565085 16
565190 16
565296 16
565406 16
565525 16
565618 16
565722 16
565833 16
565935 16
566045 16
566140 16
566249 16
566347 16
566455 16
566563 16
566661 16
566772 16
566862 16
566970 16
567055 15
567171 15
567265 15
567359 15
567451 14
567551 14
567639 15
567734 15
567844 15
567932 15
568022 15
568113 15
568218 15
568334 15
568439 15
568552 15
568660 15
568774 15
568872 15
568960 15
569078 15
569188 15
569303 15
569433 15
569521 15
569635 15
569730 15
569829 15
569928 14
570019 15
570121 15
570224 15
570322 15
570416 15
570514 15
570622 15
570722 15
570820 15
570930 15
571032 15
571115 15
571213 15
571312 15
571420 16
571513 16
571610 15
571727 15
571829 15
571923 15
572031 15
572126 15
572229 15
572326 15
572422 15
572530 15
572620 15
572723 15
572805 15
572913 15
573012 15
573111 15
573213 15
573320 15
573393 15
573486 15
573601 15
573703 15
573806 15
573916 15
574014 15
574108 14
574206 14
574314 14
574405 14
574497 14
574586 14
574690 15
574805 15
574907 15
575017 15
575116 15
575243 15
575331 15
575425 15
575533 15
575636 15
575749 15
575858 15
575964 15
576061 15
576184 15
576294 15
576381 15
576477 15
576575 15
576671 15
576767 15
576848 15
576958 15
577072 15
577171 15
577263 15
577367 15
577463 15
577565 15
577665 16
577770 16
577870 16
577974 16
578074 15
578168 15
578266 15
578361 15
578485 15
578594 15
578694 15
578793 15
578883 15
578991 15
579090 15
579175 16
579271 16
579373 16
579489 16
579591 16
579694 16
579780 16
579888 16
579970 16
580070 16
580159 16
580241 16
580339 16
580439 16
580532 17
580626 17
580734 16
580823 16
580931 16
581051 16
581148 16
581240 16
581338 16
581453 16
581537 16
581624 16
581726 16
581841 16
581913 16
582005 16
582101 16
582193 16
582296 16
582387 16
582482 16
582595 16
582683 16
582798 16
582902 16
583004 16
583109 16
583200 16
583283 17
583377 17
583490 17
583580 17
583665 17
583763 17
583867 17
583960 17
584063 17
584171 17
584276 18
584381 18
584485 18
584565 17
584639 17
584744 17
584832 17
584933 17
585044 17
585131 17
585231 17
585323 17
585430 17
585531 17
585644 17
585745 17
585852 17
585950 17
586064 17
586167 17
586255 16
586357 17
586450 17
586554 17
586640 17
586740 18
586848 18
586939 18
587036 18
587147 18
587252 18
587349 17
587448 17
587555 17
587665 17
587757 17
587847 17
587967 17
588070 17
588171 17
588285 17
588389 17
588487 17
588593 17
588707 17
588809 17
588924 17
588998 17
589091 17
589201 17
589297 17
589414 17
589515 17
589595 17
589690 17
589790 17
589879 17
589962 17
590042 17
590137 17
590238 17
590336 16
590437 16
590545 16
590631 16
590730 16
590813 16
590905 16
591001 16
591092 16
591193 16
591283 16
591394 16
591500 16
591604 16
591729 16
591820 16
591927 16
592032 16
592132 16
592242 16
592339 16
592458 16
592564 16
592661 16
592767 16
592866 16
592970 16
593074 16
593177 16
593271 16
593362 16
593443 16
593542 17
593643 18
593736 17
593824 17
593930 17
594027 17
594142 17
594257 17
594353 17
594448 17
594554 17
594640 17
594747 17
594856 17
594944 17
595057 17
595152 17
595243 17
595336 17
595422 17
595518 17
595635 17
595727 17
595825 17
595909 17
596011 17
596112 17
596216 17
596300 16
596395 16
596508 16
596606 16
596716 16
596819 16
596922 16
597013 16
597127 16
597243 16
597336 16
597436 17
597539 17
597632 16
597737 16
597827 16
597948 16
598031 16
598132 16
598235 16
598326 16
598411 16
598507 16
598610 16
598695 16
598800 16
598895 16
598983 16
599076 16
599175 16
599295 17
599399 17
599484 16
599571 16
599683 16
599790 15
599894 15
599991 15
600089 15
600213 15
600318 15
600430 15
600533 15
600627 15
600726 15
600846 15
600951 15
601049 15
601160 15
601248 15
601345 15
601452 15
601557 15
601656 15
601754 14
601855 14
601946 15
602027 15
602118 15
602215 15
602317 15
602430 15
602518 15
602630 15
602755 15
602858 15
602955 15
603061 15
603173 15
603262 15
603381 15
603475 15
603576 15
603665 15
603792 15
603899 15
604004 15
604091 15
604174 15
604287 15
604390 15
604478 15
604585 16
604686 16
604777 16
604872 16
604958 16
605055 16
605159 16
605245 16
605351 16
605449 16
605538 16
605632 16
605742 16
605859 16
605957 16
606048 16
606136 16
606224 16
606331 16
606444 16
606551 16
606668 16
606770 16
606891 16
606984 16
607090 16
607183 16
607279 16
607378 16
607477 17
607565 17
607658 17
607762 17
607870 17
607969 17
608056 17
608141 17
608245 17
608327 17
608437 17
608542 17
608642 17
608734 17
608828 17
608923 17
609036 17
609130 17
609234 17
609342 16
609443 16
609544 16
609658 16
609758 16
609853 16
609957 16
610041 16
610150 16
610263 16
610351 16
610443 16
610555 16
610641 16
610735 16
610831 16
610924 16
611034 16
611134 16
611252 16
611372 16
611471 16
611576 16
611680 16
611783 16
611895 16
612005 16
612119 16
612217 16
612337 16
612444 15
612531 16
612636 16
612742 16
612839 16
612943 16
613071 16
613158 16
613249 16
613345 16
613447 16
613538 16
613645 16
613745 16
613833 16
613930 16
614027 16
614111 17
614206 17
614301 16
614404 16
614498 16
614601 16
614695 16
614774 17
614887 17
614986 17
615079 17
615194 17
615292 17
615385 17
615481 17
615581 17
615670 17
615777 17
615869 17
615990 17
616095 17
616203 17
616288 17
616381 17
616481 18
616579 18
616676 18
616784 18
616881 18
616989 18
617116 18
617221 18
617327 18
617423 18
617522 18
617623 18
617731 18
617833 17
617935 17
618047 17
618161 17
618263 17
618375 17
618473 17
618584 17
618672 17
618755 17
618840 17
618943 17
619041 17
619158 17
619236 17
619337 17
619438 16
619535 17
619632 17
619740 17
619838 17
619929 17
620050 17
620156 17
620247 17
620333 17
620443 17
620533 17
620617 17
620704 18
620805 18
620896 18
621003 18
621095 18
621184 18
621286 18
621416 18
621515 18
621616 18
621722 18
621817 18
621911 18
622021 18
622116 18
622215 17
622312 17
622438 17
622531 17
622633 17
622751 17
622844 17
622960 17
623064 17
623158 17
623249 17
623348 17
623444 17
623538 17
623659 17
623756 17
623860 17
623952 17
624051 17
624152 16
624257 16
624363 17
624472 17
624586 17
624694 17
624791 17
624881 18
624977 18
625066 18
625152 18
625250 18
625325 18
625422 18
625524 18
625623 18
625733 18
625834 18
625929 18
626011 18
626110 18
626200 19
626278 19
626376 19
626472 19
626561 19
626664 19
626767 19
626874 19
626959 19
627058 19
627148 19
627235 19
627341 19
627449 19
627551 19
627640 19
627746 19
627841 19
627940 19
628054 19
628151 19
628269 19
628362 19
628469 19
628573 19
628651 19
628745 19
628844 19
628939 19
629025 19
629126 19
629240 19
629345 19
629447 19
629570 19
629674 19
629772 19
629866 19
629967 19
630076 19
630164 19
630255 19
630361 19
630479 19
630570 19
630669 19
630769 19
630857 19
630959 19
631063 19
631190 19
631274 19
631372 19
631469 19
631561 19
631682 19
631789 19
631886 19
631983 19
632074 19
632172 19
632263 18
632372 18
632478 18
632577 17
632672 17
632781 17
632878 18
632991 18
633090 18
633182 18
633288 18
633388 18
633492 18
633608 18
633705 18
633789 18
633909 18
634022 18
634114 18
634227 18
634336 18
634419 18
634523 18
634640 18
634720 18
634825 18
634942 18
635043 18
635147 18
635259 18
635359 18
635458 18
635563 18
635671 18
635771 18
635861 18
635953 18
636060 18
636179 18
636281 18
636380 18
636468 18
636572 18
636685 18
636790 18
636892 18
637019 18
637124 18
637236 18
637333 18
637428 18
637528 19
637614 19
637721 18
637816 18
637902 18
638007 18
638121 18
638226 18
638332 18
638430 18
638514 18
638630 18
638747 18
638864 18
638970 18
639082 18
639190 18
639286 18
639385 18
639503 18
639590 18
639697 18
639800 18
639901 18
640003 18
640092 18
640206 18
640317 18
640416 18
640507 18
640584 18
640689 18
640793 18
640899 18
640993 18
641112 18
641207 18
641309 18
641399 18
641499 18
641579 18
641684 18
641776 18
641878 18
641984 18
642095 18
642192 18
642269 18
642357 18
642465 18
642566 18
642662 18
642781 18
642889 18
642971 18
643056 18
643152 18
643248 18
643347 18
643452 18
643553 18
643653 18
643760 18
643870 18
643958 18
644049 18
644145 18
644248 18
644330 18
644441 18
644532 18
644643 18
644743 17
644843 17
644943 17
645032 17
645125 17
645225 17
645321 17
645429 17
645543 17
645637 17
645734 17
645822 17
645924 17
646020 17
646136 17
646227 17
646316 17
646419 17
646530 17
646630 17
646732 17
646842 17
646936 17
647021 17
647118 17
647220 17
647318 17
647410 17
647512 17
647613 17
647705 17
647800 17
647923 17
648018 17
648120 17
648225 17
648302 17
648405 17
648503 17
648614 17
648716 17
648829 17
648933 17
649022 17
649121 17
649207 17
649320 17
649419 17
649508 17
649599 17
649712 17
649819 17
649919 17
650025 17
650119 17
650238 18
650336 18
650448 18
650547 18
650667 18
650761 18
650842 18
650937 18
651026 18
651131 18
651236 18
651336 18
651456 18
651544 18
651638 18
651737 18
651829 19
651925 19
652021 18
652123 18
652235 19
652333 19
652428 19
652534 19
652630 19
652736 19
652852 19
652957 19
653075 19
653169 19
653281 19
653385 19
653460 19
653559 19
653641 19
653740 19
653851 19
653946 19
654033 19
654137 19
654238 19
654337 19
654431 19
654512 19
654607 19
654709 19
654819 19
654917 19
655018 19
655118 19
655215 19
655328 19
655420 19
655517 19
655618 19
655726 19
655815 19
655909 19
655990 19
656070 19
656165 19
656252 19
656340 19
656443 19
656551 19
656650 19
656740 19
656845 19
656936 19
657029 19
657147 19
657256 19
657361 19
657455 19
657559 19
657661 19
657771 19
657852 19
657962 19
658057 19
658149 19
658253 19
658342 19
658457 19
658583 19
658688 20
658787 19
658878 20
658980 20
659085 20
659188 20
659284 20
659391 20
659496 20
659598 20
659676 21
659770 21
659854 21
659970 21
660048 21
660139 21
660246 21
660355 21
660459 22
660568 21
660678 21
660779 21
660888 21
660979 21
661071 21
661175 21
661275 21
661380 21
661483 21
661584 21
661681 21
661775 21
661881 21
661993 21
662079 21
662185 21
662300 21
662397 21
662516 21
662601 21
662676 21
662778 21
662890 21
662992 21
663089 21
663181 21
663290 21
663396 21
663485 21
663578 20
663692 20
663788 20
663885 19
663990 19
664094 19
664187 19
664284 19
664367 19
664468 19
664566 19
664666 19
664758 19
664854 19
664961 19
665049 19
665170 19
665271 19
665367 20
665466 20
665565 20
665660 20
665777 20
665875 20
665962 20
666052 20
666151 20
666244 20
666345 20
666425 21
666532 21
666629 21
666734 21
666837 21
666942 21
667047 21
667140 22
667236 22
667338 21
667427 21
667514 21
667604 21
667699 20
667797 20
667906 19
668006 19
668097 19
668201 19
668281 20
668364 21
668473 20
668569 20
668702 20
668803 20
668889 20
668986 20
669089 20
669185 20
669282 20
669385 20
669487 20
669587 20
669682 20
669787 20
669898 20
669999 20
670118 20
670209 20
670309 20
670417 20
670517 20
670622 19
670726 19
670822 19
670922 19
671024 19
671117 19
671220 19
671320 19
671421 19
671523 19
671611 19
671706 19
671796 19
671892 19
671997 19
672086 19
672200 19
672303 19
672405 19
672491 19
672599 19
672691 19
672786 19
672886 19
672987 19
673096 19
673175 19
673273 19
673363 19
673455 19
673554 19
673642 19
673741 19
673831 19
673934 19
674035 19
674153 19
674258 19
674355 19
674450 19
674550 19
674642 19
674744 19
674835 19
674942 19
675042 19
675129 19
675225 19
675332 19
675418 19
675523 19
675629 19
675715 19
675814 19
675907 18
676004 18
676108 18
676212 18
676313 18
676406 18
676495 18
676585 19
676690 19
676805 19
676898 19
677002 19
677120 19
677232 19
677330 19
677429 19
677522 19
677627 19
677712 19
677823 19
677924 19
678030 19
678120 19
678213 19
678308 19
678398 19
678487 19
678586 19
678697 19
678794 19
678906 19
678977 19
679077 19
679170 19
679262 19
679379 19
679478 19
679599 19
679709 19
679817 19
679917 19
680017 19
680116 19
680216 19
680314 19
680429 19
680533 19
680636 19
680733 19
680845 19
680958 19
681075 19
681165 19
681270 19
681376 19
681472 19
681586 19
681684 19
681785 19
681888 19
681986 19
682082 19
682174 19
682280 19
682376 19
682472 19
682560 19
682676 19
682776 19
682879 19
682973 19
683067 19
683160 19
683275 20
683364 20
683470 20
683562 20
683658 20
683778 20
683883 20
683985 20
684089 20
684199 20
684281 20
684379 20
684497 20
684590 20
684681 20
684782 20
684879 20
685003 20
685107 20
685218 20
685345 20
685434 20
685535 20
685616 20
685699 20
685808 20
685904 20
686012 20
686133 20
686220 20
686319 20
686429 20
686546 20
686641 20
686745 19
686849 19
686943 19
687028 19
687128 19
687226 19
687333 19
687410 19
687508 19
687594 19
687710 20
687798 20
687894 20
687986 20
688077 20
688181 20
688285 20
688395 20
688495 20
688575 20
688672 20
688766 20
688854 20
688959 20
689040 19
689140 19
689254 20
689348 20
689445 20
689536 20
689632 20
689729 20
689825 20
689950 20
690043 20
690148 20
690250 20
690357 20
690463 20
690559 20
690675 20
690784 20
690901 20
691004 20
691106 20
691201 20
691295 20
691399 20
691504 20
691596 20
691692 20
691791 20
691902 21
691994 21
692100 21
692186 21
692294 21
692386 21
692471 21
692579 21
692692 21
692786 21
692890 21
692999 21
693100 21
693179 21
693282 21
693385 21
693484 21
693594 21
693704 21
693801 21
693903 21
693997 21
694095 21
694191 21
694285 21
694386 21
694504 21
694605 21
694698 21
694789 21
694892 21
694982 21
695073 21
695185 20
695287 20
695398 20
695506 20
695600 20
695692 20
695801 20
695894 20
695982 20
696077 20
696167 20
696257 20
696356 20
696431 20
696530 20
696623 20
696714 20
696817 20
696903 20
697018 20
697121 20
697234 20
697334 20
697419 20
697519 20
697633 20
697739 20
697844 20
697944 20
698036 20
698136 20
698242 20
698326 20
698427 20
698519 20
698594 20
698704 20
698786 20
698881 20
698974 20
699082 20
699177 20
699294 20
699402 20
699499 20
699608 20
699705 20
699791 20
699895 20
699984 20
700095 20
700193 20
700311 20
700420 20
700527 20
700647 20
700748 20
700842 20
700954 20
701055 20
701151 20
701239 20
701333 20
701430 20
701521 20
701633 20
701720 20
701812 20
701910 20
702024 20
702120 20
702216 20
702312 20
702420 20
702531 20
702601 20
702694 20
702793 20
702882 20
702988 20
703084 20
703167 20
703279 20
703385 19
703481 20
703576 20
703687 19
703788 19
703877 19
703972 19
704080 19
704190 19
704286 19
704395 19
704482 19
704583 19
704690 19
704777 19
704887 19
705002 19
705107 19
705208 19
705295 19
705387 19
705482 19
705568 18
705651 18
705755 18
705852 18
705967 18
706065 18
706146 18
706243 18
706330 18
706428 18
706538 18
706642 18
706733 18
706833 18
706938 18
707059 18
707168 18
707272 18
707374 18
707499 18
707585 18
707681 18
707792 18
707889 18
707990 18
708075 18
708172 18
708281 18
708375 18
708486 18
708598 18
708693 18
708792 18
708887 18
708973 18
709080 18
709171 18
709286 18
709388 18
709473 18
709562 18
709651 18
709756 18
709864 18
709971 18
710057 18
710164 18
710253 18
710343 18
710449 18
710560 18
710658 18
710751 18
710851 18
710936 18
711036 18
711126 18
711230 18
711321 18
711423 18
711524 18
711643 18
711736 18
711838 18
711927 18
712030 18
712138 18
712239 18
712342 18
712431 18
712513 18
712598 18
712706 18
712804 18
712897 18
712989 18
713097 18
713194 18
713297 18
713383 18
713496 18
713600 18
713682 18
713778 18
713865 18
713972 18
714071 18
714168 18
714262 18
714370 18
714498 18
714608 18
714705 18
714782 18
714882 18
714969 18
715062 18
715172 18
715266 18
715358 18
715453 18
715562 18
715673 18
715758 18
715843 17
715930 17
716036 17
716139 17
716252 17
716355 17
716451 17
716535 17
716617 17
716714 17
716810 17
716930 18
717022 18
717116 17
717207 17
717289 17
717374 17
717460 17
717551 17
717674 17
717768 17
717859 17
717975 17
718076 17
718183 17
718298 17
718398 17
718507 17
718611 17
718717 16
718824 16
718912 16
719016 16
719119 16
719206 16
719294 17
719391 17
719497 17
719599 17
719689 17
719803 17
719899 17
719996 17
720103 17
720197 17
720282 17
720381 17
720478 17
720584 17
720686 17
720787 17
720896 17
720997 17
721085 17
721180 17
721293 17
721377 17
721482 17
721580 17
721684 17
721767 17
721879 17
721984 17
722073 17
722171 17
722270 17
722361 17
722447 17
722535 17
722656 17
722743 17
722837 17
722921 17
723034 17
723149 17
723236 17
723336 17
723450 17
723547 18
723637 17
723732 18
723812 18
723929 18
724025 18
724114 18
724213 18
724330 18
724436 18
724543 18
724636 18
724728 18
724830 18
724937 18
725037 18
725142 18
725247 18
725348 18
725454 18
725560 18
725677 18
725781 18
725882 18
725963 18
726033 18
726126 18
726203 18
726299 18
726399 18
726508 18
726618 18
726730 18
726818 18
726920 18
727023 18
727126 18
727241 18
727327 18
727429 18
727539 18
727630 18
727745 18
727851 18
727952 18
728049 18
728163 18
728257 18
728373 18
728481 18
728564 18
728667 18
728797 18
728908 18
729016 18
729126 18
729224 18
729330 18
729435 18
729537 18
729633 18
729720 18
729821 18
729898 18
729990 18
730094 18
730193 18
730308 18
730412 18
730493 18
730596 18
730693 18
730785 18
730895 19
731000 18
731106 19
731203 18
731312 18
731405 18
731496 18
731592 18
731688 18
731788 18
731890 18
732012 18
732119 18
732216 18
732311 18
732419 18
732535 18
732641 18
732743 18
732851 18
732965 18
733072 18
733166 18
733270 18
733361 18
733470 18
733566 18
733655 18
733745 18
733836 17
733940 17
734041 18
734147 18
734239 18
734333 18
734446 19
734555 19
734663 19
734767 19
734860 19
734987 19
735091 19
735186 19
735284 19
735386 19
735489 19
735590 19
735709 18
735795 18
735895 18
735993 18
736092 18
736189 18
736286 18
736391 18
736482 18
736576 18
736677 18
736768 18
736877 18
736997 18
737099 18
737208 18
737307 18
737388 18
737480 18
737573 18
737672 17
737778 17
737892 17
737989 17
738096 17
738189 17
738277 17
738378 17
738485 17
738581 17
738671 17
738789 17
738894 17
738992 17
739086 17
739179 17
739280 17
739390 17
739500 17
739598 17
739697 17
739807 17
739898 17
740004 17
740094 17
740196 17
740297 17
740401 17
740521 17
740619 17
740728 17
740834 17
740944 18
741038 18
741134 18
741239 18
741334 18
741437 18
741529 18
741629 18
741737 18
741829 18
741921 18
742023 18
742144 18
742247 18
742344 18
742447 19
742550 19
742662 18
742771 18
742882 18
742973 18
743078 18
743177 18
743276 18
743361 18
743448 18
743537 18
743635 18
743735 18
743836 18
743928 18
744027 18
744123 18
744224 18
744320 18
744432 18
744532 18
744637 18
744740 17
744819 17
744911 17
745003 17
745090 17
745192 17
745285 17
745391 17
745488 17
745569 17
745667 17
745764 17
745859 17
745966 17
746072 17
746161 17
746257 17
746361 17
746455 17
746565 17
746679 17
746790 17
746871 17
746974 17
747086 17
747187 17
747287 17
747374 17
747476 17
747566 17
747665 17
747755 17
747867 17
747958 17
748058 17
748177 18
748284 18
748392 18
748490 18
748586 18
748684 18
748777 18
748882 18
748983 18
749073 18
749168 18
749280 18
749384 18
749494 18
749600 18
749701 18
749807 19
749899 19
750009 19
750110 18
750205 18
750301 19
750396 19
750493 19
750601 19
750682 19
750785 19
750883 19
750957 19
751047 19
751145 20
751248 20
751348 19
751432 19
751523 19
751629 19
751737 19
751843 19
751934 19
752022 19
752112 19
752214 19
752318 18
752415 18
752513 18
752606 19
752717 19
752823 19
752945 19
753045 19
753141 19
753245 19
753344 19
753442 19
753546 19
753632 19
753758 19
753865 19
753954 19
754053 19
754147 20
754256 20
754347 20
754452 20
754553 20
754656 19
754758 20
754860 20
754959 19
755065 19
755184 19
755294 19
755394 19
755491 19
755598 19
755696 19
755796 19
755890 19
755990 19
756110 19
756204 19
756300 19
756382 19
756484 19
756592 19
756688 19
756789 19
756883 19
756976 19
757078 19
757169 19
757267 19
757336 19
757432 19
757524 19
757634 19
757739 19
757843 19
757950 19
758054 19
758153 19
758250 19
758364 19
758451 19
758555 19
758655 19
758745 19
758875 18
758989 19
759095 18
759197 19
759291 19
759402 19
759500 19
759594 19
759690 19
759793 19
759905 19
760000 19
760092 19
760185 19
760299 19
760400 19
760492 19
760588 19
760702 19
760809 19
760911 19
761008 19
761113 19
761214 19
761315 19
761405 19
761506 20
761599 20
761708 19
761802 19
761913 19
762004 19
762094 19
762185 19
762272 19
762392 19
762489 19
762590 19
762680 19
762785 19
762899 18
763021 18
763132 18
763213 18
763327 18
763409 18
763520 18
763623 19
763712 19
763819 19
763901 19
764004 19
764103 19
764202 19
764310 19
764405 19
764505 19
764632 19
764727 19
764839 19
764937 19
765036 19
765128 19
765225 19
765317 19
765425 19
765519 19
765627 19
765737 19
765843 19
765935 19
766046 19
766141 19
766251 19
766359 19
766477 19
766582 19
766689 19
766792 19
766900 19
766989 19
767095 19
767191 19
767302 19
767392 20
767506 20
767588 19
767682 19
767771 19
767878 19
767982 19
768074 19
768176 19
768273 19
768375 19
768448 19
768544 19
768621 19
768714 19
768820 19
768918 19
769022 19
769144 19
769253 19
769361 19
769476 19
769589 19
769686 19
769781 19
769883 19
769991 19
770069 19
770161 19
770259 19
770340 19
770434 19
770526 19
770618 19
770705 19
770797 19
770893 19
770989 19
771109 19
771221 19
771326 19
771409 19
771513 19
771602 19
771688 19
771804 19
771920 19
772019 19
772115 19
772224 19
772336 19
772449 19
772565 20
772659 20
772743 20
772834 20
772932 20
773040 20
773132 20
773237 20
773339 20
773436 20
773527 20
773620 20
773722 20
773798 20
773896 20
774012 20
774111 20
774220 20
774329 20
774428 20
774526 21
774634 20
774749 20
774853 20
774971 20
775085 20
775175 20
775278 20
775391 20
775487 20
775580 20
775680 20
775781 20
775902 20
775994 20
776074 20
776187 20
776279 20
776378 20
776476 20
776570 19
776682 19
776781 20
776881 21
776994 21
777094 20
777193 20
777289 20
777397 20
777487 20
777590 20
777668 20
777757 20
777836 20
777927 20
778041 20
778159 20
778272 20
778371 20
778458 20
778568 20
778672 20
778774 20
778865 20
778958 20
779059 20
779162 20
779253 20
779352 20
779442 20
779556 20
779662 20
779771 20
779861 20
779975 20
780077 20
780172 20
780271 20
780372 20
780467 20
780560 19
780671 19
780778 19
780876 19
780983 19
781088 19
781185 19
781281 19
781377 19
781486 19
781588 19
781685 19
781784 19
781883 19
781982 19
782088 19
782206 19
782315 19
782429 19
782551 19
782654 19
782761 19
782876 19
782976 19
783085 19
783178 19
783274 19
783367 19
783454 19
783564 19
783654 19
783754 19
783850 19
783950 19
784037 19
784135 19
784235 19
784325 19
784432 19
784529 19
784637 19
784737 19
784830 19
784944 19
785037 19
785135 19
785246 19
785350 19
785459 19
785548 19
785649 19
785750 19
785846 19
785956 19
786047 19
786156 19
786274 19
786367 18
786480 19
786596 19
786686 19
786780 19
786864 19
786957 19
787063 19
787163 19
787255 19
787378 19
787465 19
787581 19
787681 19
787775 19
787868 19
787950 19
788033 19
788132 19
788234 19
788334 19
788427 19
788531 19
788631 19
788730 19
788830 19
788915 19
789021 19
789129 20
789233 20
789342 20
789439 19
789560 19
789636 19
789738 19
789851 19
789957 19
790043 19
790154 19
790271 19
790373 19
790479 19
790569 19
790667 19
790779 19
790886 19
790980 19
791077 19
791178 19
791279 19
791372 19
791478 19
791582 19
791689 19
791780 19
791867 19
791961 19
792049 19
792143 19
792238 19
792349 19
792469 19
792587 19
792700 18
792783 18
792864 18
792966 18
793062 18
793173 18
793285 18
793383 18
793490 18
793586 18
793675 18
793761 18
793853 18
793941 18
794043 18
794140 18
794255 18
794350 18
794457 18
794562 18
794656 18
794763 18
794853 18
794970 18
795057 18
795134 18
795210 18
795306 18
795414 18
795503 18
795609 18
795695 18
795801 18
795903 18
796006 18
796098 18
796200 18
796296 18
796385 18
796480 18
796581 18
796679 18
796781 18
796881 18
796969 18
797065 18
797168 18
797258 18
797360 18
797446 18
797559 18
797655 18
797758 18
797868 18
797968 18
798063 18
798172 18
798276 18
798375 18
798476 18
798586 18
798693 18
798801 18
798908 18
799010 18
799096 18
799199 19
799304 19
799407 19
799507 18
799630 18
799722 18
799831 18
799945 18
800032 18
800141 18
800219 18
800328 18
800420 18
800519 18
800603 18
800686 18
800783 18
800874 18
800989 17
801084 17
801200 17
801316 17
801403 17
801504 17
801605 17
801710 17
801817 17
801898 17
801994 17
802107 17
802197 17
802308 17
802397 17
802487 17
802582 17
802667 17
802772 17
802883 17
802978 17
803086 17
803176 17
803265 17
803371 17
803462 17
803546 17
803643 17
803737 17
803849 17
803949 17
804053 17
804160 17
804260 17
804343 17
804451 17
804533 17
804630 17
804716 17
804812 17
804897 17
804996 17
805075 17
805170 17
805266 17
805366 17
805463 17
805559 17
805640 16
805736 16
805824 16
805924 16
806027 16
806123 16
806223 16
806326 16
806437 16
806547 16
806649 16
806758 16
806861 16
806984 16
807097 16
807214 16
807320 16
807413 16
807500 16
807607 16
807710 16
807812 16
807918 16
808018 15
808135 16
808230 16
808329 16
808410 16
808509 16
808603 16
808691 16
808791 16
808874 16
808963 16
809073 16
809177 16
809263 16
809367 16
809465 17
809577 16
809661 16
809775 16
809871 16
809997 16
810099 16
810201 16
810302 16
810400 15
810492 16
810603 17
810718 17
810832 17
810924 17
811019 17
811100 17
811200 17
811303 17
811393 17
811493 17
811615 17
811731 17
811819 17
811927 17
812034 17
812151 17
812258 17
812355 17
812463 17
812552 17
812624 17
812726 17
812814 17
812915 17
813012 17
813115 17
813194 17
813266 17
813353 17
813448 17
813547 17
813634 17
813738 17
813852 17
813954 17
814065 17
814151 17
814255 17
814352 17
814462 17
814567 17
814664 17
814754 17
814848 17
814951 17
815055 17
815155 17
815269 17
815349 17
815453 17
815549 17
815646 17
815747 17
815847 17
815953 17
816058 17
816163 17
816266 17
816355 17
816450 17
816527 17
816643 17
816750 17
816841 17
816943 17
817044 17
817158 17
817279 17
817374 17
817472 17
817548 17
817650 17
817740 17
817831 17
817929 17
818016 17
818100 17
818202 17
818311 17
818410 18
818517 18
818627 18
818723 18
818809 18
818906 18
819002 18
819091 18
819187 18
819273 18
819392 18
819489 18
819591 18
819689 18
819790 18
819896 18
820004 18
820100 18
820203 18
820306 18
820404 18
820506 18
820610 18
820709 18
820811 18
820914 18
821003 18
821112 18
821198 18
821275 18
821373 18
821481 18
821588 18
821713 18
821822 18
821916 18
821997 18
822091 18
822208 18
822317 18
822448 18
822558 18
822661 18
822762 18
822855 18
822945 18
823061 18
823170 18
823267 18
823388 18
823484 18
823569 18
823682 18
823772 18
823871 18
823986 18
824098 18
824190 18
824294 18
824396 18
824505 18
824623 18
824743 18
824851 18
824955 18
825035 18
825141 18
825245 19
825349 19
825453 19
825545 19
825646 19
825747 19
825849 19
825958 20
826052 19
826167 19
826256 19
826350 19
826449 19
826554 19
826650 19
826753 19
826857 19
826959 19
827052 19
827168 19
827266 19
827365 18
827457 18
827545 18
827657 18
827745 18
827843 18
827943 18
828050 18
828159 18
828254 18
828352 18
828444 18
828548 18
828657 18
828755 18
828870 18
828959 18
829063 18
829176 18
829257 18
829348 18
829443 18
829540 18
829645 18
829763 18
829856 18
829947 18
830051 18
830161 18
830260 18
830358 18
830457 18
830543 18
830643 18
830745 18
830829 18
830952 18
831045 18
831131 18
831225 18
831340 18
831426 18
831521 18
831598 17
831688 17
831779 18
831890 17
831999 17
832095 17
832187 17
832273 17
832362 17
832472 17
832586 17
832692 17
832793 17
832911 17
833008 17
833100 17
833208 17
833310 17
833389 17
833485 17
833565 17
833655 17
833756 17
833851 17
833945 17
834044 17
834142 17
834222 17
834328 17
834414 17
834504 17
834606 16
834708 16
834812 16
834923 16
835022 16
835117 16
835197 16
835282 16
835367 16
835475 16
835579 16
835679 16
835782 16
835882 16
835976 16
836076 16
836178 16
836298 16
836386 16
836501 16
836620 16
836712 16
836795 16
836893 16
836989 16
837092 16
837192 16
837293 16
837375 17
837459 17
837556 17
837641 17
837735 17
837836 17
837945 17
838065 17
838161 17
838266 17
838357 17
838456 17
838544 17
838631 17
838732 17
838829 17
838922 17
839029 17
839126 17
839223 17
839321 17
839420 17
839534 17
839632 17
839721 18
839844 17
839940 17
840045 17
840142 17
840238 17
840336 17
840429 17
840548 17
840618 17
840712 17
840816 17
840926 17
841009 17
841096 17
841204 17
841312 17
841413 17
841511 17
841613 17
841703 17
841805 17
841893 16
841983 16
842095 16
842205 17
842294 17
842395 17
842488 17
842582 17
842678 17
842784 17
842889 17
843006 17
843115 17
843227 17
843337 17
843443 17
843551 17
843659 17
843756 17
843848 17
843943 17
844044 17
844143 17
844236 17
844346 17
844460 17
844549 17
844645 17
844737 17
844833 17
844939 17
845046 17
845152 17
845251 17
845355 17
845463 17
845560 17
845664 17
845745 17
845840 17
845941 17
846018 17
846107 17
846206 17
846310 17
846395 17
846497 17
846579 17
846669 17
846778 17
846886 17
846980 17
847077 17
847177 17
847285 17
847390 17
847482 17
847579 17
847683 17
847782 17
847877 17
847971 17
848069 17
848179 17
848292 17
848389 18
848490 18
848609 17
848703 17
848792 18
848887 18
848985 18
849076 18
849174 18
849269 18
849362 18
849450 18
849545 18
849662 18
849759 18
849861 18
849978 18
850074 18
850181 18
850284 18
850369 18
850468 18
850571 18
850667 18
850749 18
850860 18
850964 18
851085 19
851192 18
851294 18
851393 19
851502 19
851599 19
851698 19
851805 19
851913 19
852005 19
852101 19
852174 19
852292 19
852389 19
852492 19
852598 19
852709 19
852815 19
852910 20
853022 19
853125 19
853208 19
853297 19
853381 19
853484 19
853579 19
853676 19
853770 19
853859 19
853971 19
854080 19
854166 19
854271 19
854355 19
854452 19
854559 19
854651 19
854743 18
854857 19
854960 19
855054 19
855151 19
855248 19
855358 19
855468 19
855583 19
855675 19
855776 19
855874 19
855988 19
856090 19
856187 19
856299 19
856402 19
856498 19
856584 19
856689 19
856811 19
856923 20
857035 20
857143 20
857235 20
857357 20
857440 20
857523 20
857630 20
857737 20
857841 20
857935 21
858043 21
858137 21
858233 22
858343 21
858447 22
858540 22
858632 22
858728 22
858805 22
858901 22
858998 22
859106 22
859221 22
859317 22
859430 22
859520 23
859619 23
859719 23
859803 23
859909 23
860010 23
860110 23
860208 23
860304 23
860403 23
860506 23
860598 23
860715 23
860807 23
860919 23
861019 23
861111 23
861224 23
861341 23
861454 23
861550 23
861652 23
861755 23
861873 23
861991 23
862094 23
862194 23
862301 23
862382 23
862473 23
862567 23
862660 23
862755 23
862851 23
862952 23
863067 23
863174 23
863283 23
863394 23
863512 23
863609 23
863687 23
863806 23
863908 23
864020 23
864114 23
864213 23
864327 23
864432 23
864531 23
864607 24
864698 24
864805 23
864911 23
864999 24
865108 24
865205 24
865290 24
865380 24
865465 24
865563 24
865666 24
865759 24
865847 24
865942 24
866036 24
866148 24
866269 24
866381 24
866488 24
866567 24
866675 24
866779 24
866875 24
866974 24
867078 25
867187 25
867299 25
867391 25
867495 25
867586 25
867697 25
867806 25
867923 25
868006 25
868123 25
868211 25
868306 25
868427 25
868527 25
868622 25
868723 25
868829 25
868915 25
869011 25
869100 25
869200 25
869294 25
869402 25
869507 25
869610 25
869718 25
869811 25
869917 25
870016 25
870125 25
870226 25
870314 25
870397 25
870489 25
870583 25
870676 25
870786 25
870884 25
870994 25
871078 25
871174 25
871279 26
871387 25
871487 25
871581 25
871686 25
871782 25
871890 25
871980 25
872070 25
872187 25
872280 25
872410 25
872508 25
872605 25
872703 25
872811 25
872938 25
873035 25
873146 25
873238 25
873351 25
873450 25
873550 25
873651 25
873757 25
873864 25
873958 26
874062 26
874170 26
874268 26
874381 26
874476 26
874579 26
874679 27
874778 27
874878 27
874972 27
875066 27
875163 27
875258 27
875355 27
875439 27
875545 27
875627 27
875733 27
875848 27
875959 27
876052 27
876179 27
876284 27
876366 27
876456 27
876583 27
876670 27
876750 27
876861 27
876963 27
877053 28
877152 27
877253 27
877357 27
877444 27
877538 27
877625 27
877722 27
877832 27
877939 27
878047 27
878142 27
878222 27
878342 27
878446 27
878542 27
878626 27
878743 27
878855 27
878961 27
879069 27
879179 27
879310 27
879417 27
879526 27
879623 27
879746 27
879851 27
879943 26
880049 26
880138 26
880227 26
880318 26
880420 26
880517 26
880600 26
880698 26
880795 26
880908 26
881007 26
881107 26
881233 26
881337 27
881426 27
881522 27
881623 27
881732 27
881845 26
881961 26
882061 26
882152 26
882261 26
882364 26
882458 27
882565 27
882689 27
882797 27
882893 27
882993 27
883090 27
883195 27
883284 27
883387 27
883482 27
883597 27
883695 27
883792 27
883880 27
883980 27
884074 27
884164 27
884265 28
884362 28
884448 28
884545 28
884650 28
884747 28
884848 28
884951 28
885053 28
885177 28
885264 28
885368 28
885461 28
885560 28
885641 28
885747 28
885848 28
885941 28
886039 28
886119 28
886226 28
886330 28
886432 28
886552 28
886637 28
886730 28
886836 28
886921 28
886999 28
887117 28
887226 28
887324 28
887408 28
887498 28
887603 28
887709 28
887810 28
887907 29
888009 29
888092 29
888204 28
888312 28
888402 28
888503 28
888603 28
888690 28
888788 28
888868 28
888955 28
889054 28
889173 28
889271 28
889371 28
889446 28
889545 28
889632 28
889708 28
889819 28
889911 28
890022 28
890125 28
890211 28
890317 27
890416 27
890510 27
890608 27
890703 27
890823 27
890925 28
891030 28
891118 28
891217 29
891306 28
891402 28
891498 28
891612 28
891701 28
891809 28
891908 28
892018 28
892105 28
892201 28
892302 28
892411 28
892504 28
892597 29
892704 29
892802 29
892898 29
893014 29
893134 29
893224 29
893318 29
893434 29
893540 29
893649 29
893755 29
893857 29
893957 29
894064 29
894163 29
894258 29
894358 29
894469 29
894570 29
894685 29
894763 29
894854 29
894949 29
895059 29
895145 30
895264 29
895356 29
895454 30
895574 30
895680 30
895789 30
895897 30
895998 30
896100 31
896190 31
896275 31
896390 31
896497 31
896584 31
896684 30
896793 31
896895 31
896987 31
897078 31
897182 31
897287 31
897401 31
897491 31
897608 31
897697 31
897798 31
897904 31
898004 31
898120 31
898220 31
898317 32
898425 31
898517 31
898615 31
898723 31
898835 31
898932 31
899049 31
899150 31
899254 31
899354 31
899450 31
899540 31
899635 31
899725 31
899844 31
899953 31
900041 31
900144 31
900263 31
900364 31
900467 31
900582 31
900668 31
900760 31
900861 31
900974 31
901068 30
901176 30
901277 30
901374 30
901470 30
901584 30
901677 30
901778 30
901875 30
901979 30
902079 30
902177 30
902284 30
902385 30
902487 30
902585 30
902681 30
902792 30
902901 30
903003 30
903106 30
903219 30
903302 30
903401 30
903499 30
903591 30
903707 30
903806 31
903897 30
903978 31
904079 31
904184 31
904279 31
904369 31
904450 31
904558 31
904677 31
904775 31
904885 31
905005 31
905099 31
905207 31
905320 31
905416 31
905524 31
905630 31
905734 31
905821 31
905926 31
906021 31
906135 31
906233 31
906345 31
906441 31
906551 31
906650 31
906751 31
906850 31
906940 31
907032 31
907146 31
907222 31
907326 31
907416 31
907513 31
907602 31
907697 31
907793 31
907905 32
907989 32
908085 31
908193 31
908318 32
908397 32
908471 32
908571 31
908676 31
908781 31
908888 31
908970 31
909066 31
909158 31
909255 31
909349 31
909450 31
909539 31
909644 31
909748 31
909836 31
909933 31
910019 31
910117 31
910220 31
910337 31
910435 31
910545 31
910649 30
910750 30
910859 30
910960 31
911063 30
911158 30
911267 30
911365 30
911470 30
911566 30
911658 30
911754 30
911849 30
911954 30
912060 30
912159 30
912270 30
912383 30
912481 30
912579 30
912688 30
912774 30
912885 30
912988 30
913091 30
913195 30
913296 30
913390 30
913499 30
913595 30
913704 30
913811 30
913915 30
914015 30
914113 30
914217 30
914328 30
914422 30
914525 30
914632 29
914723 29
914831 29
914934 29
915016 29
915109 29
915216 29
915313 29
915418 29
915507 29
915606 29
915698 29
915806 29
915901 29
915996 29
916080 29
916186 29
916301 29
916408 29
916502 29
916591 29
916696 29
916798 29
916910 29
917008 29
917094 29
917176 29
917266 29
917361 29
917462 29
917569 29
917680 29
917779 29
917865 29
917973 29
918079 29
918183 29
918299 29
918400 28
918493 28
918612 29
918726 29
918822 29
918922 29
919022 29
919104 29
919191 29
919301 29
919395 29
919496 29
919600 29
919696 29
919775 29
919875 29
919976 29
920078 29
920169 29
920268 29
920364 29
920462 29
920561 29
920663 29
920743 29
920843 30
920940 29
921030 29
921134 29
921236 29
921339 29
921453 29
921563 29
921676 29
921761 29
921851 29
921944 29
922031 29
922120 28
922238 28
922351 28
922457 28
922560 28
922659 28
922753 28
922832 28
922932 28
923038 28
923137 28
923225 28
923335 28
923443 28
923544 28
923640 28
923754 28
923847 28
923947 28
924035 28
924133 28
924216 28
924314 28
924419 28
924513 28
924618 28
924727 28
924831 28
924913 28
925026 28
925141 28
925234 28
925338 28
925441 28
925545 28
925646 28
925763 28
925854 28
925962 28
926079 28
926180 28
926276 28
926380 28
926461 27
926556 28
926646 28
926749 28
926852 28
926967 28
927056 28
927154 28
927254 28
927346 28
927443 28
927539 28
927635 28
927755 28
927851 28
927958 28
928064 28
928164 28
928262 28
928358 28
928450 28
928552 28
928646 28
928745 28
928846 28
928950 28
929041 28
929131 28
929233 28
929321 28
929417 28
929525 28
929609 28
929699 28
929816 28
929920 28
930009 28
930109 28
930206 28
930301 28
930405 28
930501 28
930601 28
930695 28
930805 28
930900 28
930991 28
931095 28
931198 28
931294 28
931383 28
931506 28
931597 29
931703 29
931792 28
931901 28
932009 28
932111 28
932188 28
932292 28
932395 28
932503 28
932596 28
932682 28
932773 28
932862 28
932953 28
933055 28
933150 28
933265 28
933373 28
933470 28
933581 28
933676 28
933771 28
933877 28
933953 28
934044 28
934155 28
934265 28
934350 28
934446 28
934539 28
934657 28
934762 28
934878 28
934987 28
935088 28
935176 28
935277 28
935388 28
935480 28
935597 28
935699 28
935781 28
935873 28
935987 28
936097 28
936186 28
936272 28
936380 28
936485 28
936617 28
936719 28
936821 28
936916 28
936997 28
937106 28
937189 28
937286 27
937380 27
937481 27
937561 27
937667 27
937759 27
937866 27
937961 27
938065 27
938163 27
938259 27
938364 27
938456 27
938550 27
938660 27
938748 27
938854 27
938939 27
939027 27
939131 27
939253 28
939360 28
939461 28
939555 28
939674 28
939779 28
939879 28
939983 28
940086 28
940182 28
940289 28
940387 28
940482 28
940588 29
940684 29
940783 28
940888 29
940995 29
941084 29
941179 29
941265 29
941374 29
941448 29
941565 29
941648 29
941758 29
941868 29
941955 29
942071 29
942185 29
942296 29
942404 29
942508 29
942608 29
942709 29
942800 29
942912 29
943013 29
943101 29
943197 29
943290 29
943406 29
943513 29
943622 29
943718 29
943814 29
943922 29
944023 29
944128 29
944216 29
944310 29
944420 29
944516 29
944629 29
944737 29
944832 29
944939 29
945051 29
945174 29
945279 29
945380 29
945483 29
945583 29
945670 29
945796 29
945906 29
946016 29
946111 29
946210 29
946310 29
946419 29
946518 29
946610 29
946700 29
946790 29
946886 29
946980 29
947063 29
947145 29
947255 30
947359 30
947460 30
947571 29
947675 29
947778 29
947884 29
947977 29
948082 29
948190 29
948275 29
948369 29
948471 29
948563 29
948654 29
948733 29
948839 29
948919 29
949026 29
949132 29
949233 29
949324 29
949425 29
949507 29
949633 29
949721 29
949817 29
949923 29
950021 29
950127 29
950232 29
950300 28
950405 28
950488 28
950597 29
950689 29
950797 29
950889 29
950985 29
951091 29
951217 29
951322 28
951411 28
951509 28
951603 28
951714 28
951817 28
951907 28
952020 28
952115 28
952194 28
952286 28
952395 28
952506 28
952602 28
952717 28
952805 28
952895 28
953000 28
953111 27
953205 27
953315 27
953403 27
953503 27
953598 27
953708 27
953819 27
953926 27
954020 27
954134 27
954236 27
954326 27
954423 27
954519 27
954610 27
954734 27
954840 27
954942 27
955036 27
955143 27
955249 27
955334 27
955420 27
955508 27
955596 27
955700 26
955802 27
955890 27
955977 27
956091 27
956189 27
956276 27
956379 27
956489 27
956590 27
956690 27
956794 27
956879 27
956982 27
957084 27
957187 27
957286 27
957401 27
957514 27
957592 27
957695 27
957796 27
957878 27
957994 27
958097 27
958210 27
958308 27
958411 27
958513 27
958596 27
958713 27
958806 28
958885 28
958979 28
959070 28
959177 27
959271 27
959378 27
959478 27
959576 27
959680 27
959766 27
959862 28
959963 28
960074 28
960176 28
960264 28
960371 28
960472 28
960575 28
960674 28
960782 28
960889 28
960975 28
961074 28
961176 28
961291 28
961397 28
961498 28
961603 28
961701 28
961806 28
961904 28
961991 28
962100 28
962199 28
962297 28
962391 28
962497 29
962604 28
962706 28
962801 28
962906 28
963003 28
963118 28
963234 28
963333 28
963427 28
963526 28
963630 28
963743 28
963859 28
963952 28
964047 28
964149 28
964251 28
964346 28
964456 28
964562 28
964660 28
964771 28
964865 28
964976 28
965076 28
965172 27
965265 27
965350 27
965467 27
965580 27
965679 27
965765 27
965857 27
965974 27
966074 27
966165 27
966278 27
966376 27
966459 27
966563 27
966670 27
966767 27
966859 27
966969 27
967063 27
967157 28
967253 28
967353 28
967437 28
967534 28
967635 28
967726 28
967829 28
967944 28
968042 28
968134 28
968204 28
968303 28
968408 28
968507 28
968620 28
968709 28
968832 28
968931 28
969034 28
969134 29
969236 29
969352 29
969459 29
969565 29
969656 29
969758 29
969868 29
969956 29
970067 29
970154 29
970250 29
970360 29
970453 29
970554 29
970642 28
970736 28
970823 28
970916 28
971000 28
971096 28
971174 28
971270 28
971382 27
971469 28
971559 29
971654 29
971737 29
971855 29
971969 29
972070 29
972178 29
972285 29
972385 29
972495 29
972602 29
972712 29
972810 29
972897 29
972982 29
973089 29
973191 29
973297 29
973396 29
973498 29
973610 29
973708 29
973832 29
973932 29
974043 29
974138 29
974235 29
974338 29
974431 29
974539 29
974634 29
974733 29
974831 29
974942 29
975041 29
975147 29
975244 29
975347 29
975448 29
975542 29
975629 29
975718 29
975818 29
975914 29
976017 29
976098 29
976177 29
976297 29
976396 29
976472 29
976569 29
976650 29
976754 29
976867 29
976955 29
977049 29
977144 29
977234 29
977330 29
977442 29
977544 29
977660 29
977766 29
977861 29
977968 29
978053 29
978142 29
978232 29
978333 29
978435 29
978537 29
978642 29
978733 29
978825 29
978950 29
979045 29
979141 29
979252 29
979361 29
979470 29
979582 29
979680 29
979782 29
979873 29
979978 29
980071 29
980168 29
980276 29
980370 29
980474 29
980571 29
980663 29
980754 29
980842 29
980936 29
981038 29
981163 29
981261 29
981372 29
981459 29
981559 29
981668 29
981769 29
981884 29
981980 29
982092 29
982193 29
982299 29
982396 29
982503 29
982594 29
982681 29
982768 29
982866 29
982975 29
983061 29
983157 29
983272 29
983369 29
983464 29
983549 29
983649 29
983740 29
983850 29
983954 29
984040 29
984159 29
984244 29
984339 29
984452 29
984551 28
984664 28
984766 28
984888 28
985005 28
985113 28
985217 28
985330 28
985429 28
985514 28
985611 28
985707 28
985816 28
985918 28
986020 28
986115 28
986204 28
986302 28
986399 28
986498 28
986582 28
986692 28
986798 28
986896 28
986990 28
987096 28
987184 28
987294 28
987392 28
987483 28
987579 28
987668 28
987763 28
987873 28
987979 29
988078 29
988192 29
988301 29
988417 30
988516 30
988612 30
988707 30
988791 30
988884 30
988983 30
989077 30
989170 30
989288 30
989376 30
989475 30
989586 30
989678 29
989779 29
989863 29
989983 29
990097 29
990178 29
990281 29
990375 29
990452 29
990546 29
990643 29
990733 29
990834 29
990953 29
991050 29
991122 29
991214 29
991316 28
991420 28
991508 28
991622 28
991723 28
991823 28
991915 29
992007 29
992109 29
992206 29
992299 29
992397 29
992504 30
992596 30
992692 30
992799 30
992892 30
992990 30
993092 30
993208 30
993303 30
993397 30
993494 30
993587 30
993700 30
993792 30
993906 30
994007 30
994097 30
994195 30
994298 30
994401 30
994493 30
994589 30
994696 30
994803 30
994911 30
995012 30
995112 30
995212 30
995317 30
995427 30
995534 30
995644 30
995761 30
995875 30
995960 30
996059 30
996168 30
996263 30
996368 30
996480 30
996581 30
996694 30
996784 30
996889 30
997002 30
997101 30
997202 30
997297 30
997386 30
997471 30
997573 30
997670 30
997773 30
997886 30
997969 30
998068 30
998152 30
998256 30
998363 30
998461 30
998553 30
998660 30
998769 30
998862 30
998969 30
999068 30
999156 29
999262 29
999361 29
999464 29
999564 29
999651 29
999733 29
