2.173
1.17463
1.23718
0.88702
1.01859
0.852212
0.94573
0.837295
0.909298
0.829007
0.887438
0.823733
0.872865
0.820082
0.862456
0.817404
0.854649
0.815357
0.848577
0.81374
0.843719
0.812432
0.839745
0.811351
0.836433
0.810443
0.83363
0.809669
0.831228
0.809002
0.829146
0.808421
0.827325
0.807911
0.825717
0.807459
0.824288
0.807056
0.82301
0.806694
0.82186
0.806367
0.820819
0.806071
0.819872
0.805801
0.819008
0.805555
0.818216
0.805328
0.817488
0.805119
0.816815
0.804926
0.816192
0.804747
0.815614
0.80458
0.815076
0.804425
0.814573
0.80428
0.814103
0.804144
0.813662
0.804016
0.813248
0.803897
0.812859
0.803784
0.812491
0.803677
0.812144
0.803576
0.811816
0.803481
0.811505
0.80339
0.81121
0.803305
0.81093
0.803223
0.810663
0.803145
0.810409
0.803071
0.810167
0.803001
0.809936
0.802933
0.809715
0.802869
0.809504
0.802807
0.809302
0.802748
0.809108
0.802691
0.808922
0.802637
0.808744
0.802585
0.808572
0.802535
0.808408
0.802486
0.808249
0.80244
0.808096
0.802395
0.807949
0.802352
0.807807
0.80231
0.80767
0.80227
0.807538
0.802231
0.80741
0.802194
0.807287
0.802158
0.807167
0.802123
0.807052
0.802089
0.80694
0.802056
0.806831
0.802024
0.806726
0.801993
0.806624
0.801963
0.806525
0.801934
0.806429
0.801906
0.806336
0.801878
0.806246
0.801852
0.806158
0.801826
0.806072
0.8018
0.805989
0.801776
0.805908
0.801752
0.805829
0.801729
0.805753
0.801706
0.805678
0.801684
0.805605
0.801663
0.805534
0.801642
0.805465
0.801622
0.805398
0.801602
0.805332
0.801582
0.805268
0.801563
0.805205
0.801545
0.805143
0.801527
0.805084
0.801509
0.805025
0.801492
0.804968
0.801475
0.804912
0.801458
0.804858
0.801442
0.804804
0.801427
0.804752
0.801411
0.804701
0.801396
0.804651
0.801381
0.804602
0.801367
0.804554
0.801353
0.804507
0.801339
0.804461
0.801325
0.804416
0.801312
