
ASes= { 1, 2, 3, 4, 5, 6, 7, 8, 9, 10 } ;


Objects= { 1, 2, 3, 4, 5, 6, 7, 8, 9, 10, 11, 12, 13, 14, 15, 16, 17, 18, 19, 20, 21, 22, 23, 24, 25, 26, 27, 28, 29, 30, 31, 32, 33, 34, 35, 36, 37, 38, 39, 40, 41, 42, 43, 44, 45, 46, 47, 48, 49, 50, 51, 52, 53, 54, 55, 56, 57, 58, 59, 60, 61, 62, 63, 64, 65, 66, 67, 68, 69, 70, 71, 72, 73, 74, 75, 76, 77, 78, 79, 80, 81, 82, 83, 84, 85, 86, 87, 88, 89, 90, 91, 92, 93, 94, 95, 96, 97, 98, 99, 100, 101, 102, 103, 104, 105, 106, 107, 108, 109, 110, 111, 112, 113, 114, 115, 116, 117, 118, 119, 120, 121, 122, 123, 124, 125, 126, 127, 128, 129, 130, 131, 132, 133, 134, 135, 136, 137, 138, 139, 140, 141, 142, 143, 144, 145, 146, 147, 148, 149, 150, 151, 152, 153, 154, 155, 156, 157, 158, 159, 160, 161, 162, 163, 164, 165, 166, 167, 168, 169, 170, 171, 172, 173, 174, 175, 176, 177, 178, 179, 180, 181, 182, 183, 184, 185, 186, 187, 188, 189, 190, 191, 192, 193, 194, 195, 196, 197, 198, 199, 200, 201, 202, 203, 204, 205, 206, 207, 208, 209, 210, 211, 212, 213, 214, 215, 216, 217, 218, 219, 220, 221, 222, 223, 224, 225, 226, 227, 228, 229, 230, 231, 232, 233, 234, 235, 236, 237, 238, 239, 240, 241, 242, 243, 244, 245, 246, 247, 248, 249, 250, 251, 252, 253, 254, 255, 256, 257, 258, 259, 260, 261, 262, 263, 264, 265, 266, 267, 268, 269, 270, 271, 272, 273, 274, 275, 276, 277, 278, 279, 280, 281, 282, 283, 284, 285, 286, 287, 288, 289, 290, 291, 292, 293, 294, 295, 296, 297, 298, 299, 300, 301, 302, 303, 304, 305, 306, 307, 308, 309, 310, 311, 312, 313, 314, 315, 316, 317, 318, 319, 320, 321, 322, 323, 324, 325, 326, 327, 328, 329, 330, 331, 332, 333, 334, 335, 336, 337, 338, 339, 340, 341, 342, 343, 344, 345, 346, 347, 348, 349, 350, 351, 352, 353, 354, 355, 356, 357, 358, 359, 360, 361, 362, 363, 364, 365, 366, 367, 368, 369, 370, 371, 372, 373, 374, 375, 376, 377, 378, 379, 380, 381, 382, 383, 384, 385, 386, 387, 388, 389, 390, 391, 392, 393, 394, 395, 396, 397, 398, 399, 400, 401, 402, 403, 404, 405, 406, 407, 408, 409, 410, 411, 412, 413, 414, 415, 416, 417, 418, 419, 420, 421, 422, 423, 424, 425, 426, 427, 428, 429, 430, 431, 432, 433, 434, 435, 436, 437, 438, 439, 440, 441, 442, 443, 444, 445, 446, 447, 448, 449, 450, 451, 452, 453, 454, 455, 456, 457, 458, 459, 460, 461, 462, 463, 464, 465, 466, 467, 468, 469, 470, 471, 472, 473, 474, 475, 476, 477, 478, 479, 480, 481, 482, 483, 484, 485, 486, 487, 488, 489, 490, 491, 492, 493, 494, 495, 496, 497, 498, 499, 500, 501, 502, 503, 504, 505, 506, 507, 508, 509, 510, 511, 512, 513, 514, 515, 516, 517, 518, 519, 520, 521, 522, 523, 524, 525, 526, 527, 528, 529, 530, 531, 532, 533, 534, 535, 536, 537, 538, 539, 540, 541, 542, 543, 544, 545, 546, 547, 548, 549, 550, 551, 552, 553, 554, 555, 556, 557, 558, 559, 560, 561, 562, 563, 564, 565, 566, 567, 568, 569, 570, 571, 572, 573, 574, 575, 576, 577, 578, 579, 580, 581, 582, 583, 584, 585, 586, 587, 588, 589, 590, 591, 592, 593, 594, 595, 596, 597, 598, 599, 600, 601, 602, 603, 604, 605, 606, 607, 608, 609, 610, 611, 612, 613, 614, 615, 616, 617, 618, 619, 620, 621, 622, 623, 624, 625, 626, 627, 628, 629, 630, 631, 632, 633, 634, 635, 636, 637, 638, 639, 640, 641, 642, 643, 644, 645, 646, 647, 648, 649, 650, 651, 652, 653, 654, 655, 656, 657, 658, 659, 660, 661, 662, 663, 664, 665, 666, 667, 668, 669, 670, 671, 672, 673, 674, 675, 676, 677, 678, 679, 680, 681, 682, 683, 684, 685, 686, 687, 688, 689, 690, 691, 692, 693, 694, 695, 696, 697, 698, 699, 700, 701, 702, 703, 704, 705, 706, 707, 708, 709, 710, 711, 712, 713, 714, 715, 716, 717, 718, 719, 720, 721, 722, 723, 724, 725, 726, 727, 728, 729, 730, 731, 732, 733, 734, 735, 736, 737, 738, 739, 740, 741, 742, 743, 744, 745, 746, 747, 748, 749, 750, 751, 752, 753, 754, 755, 756, 757, 758, 759, 760, 761, 762, 763, 764, 765, 766, 767, 768, 769, 770, 771, 772, 773, 774, 775, 776, 777, 778, 779, 780, 781, 782, 783, 784, 785, 786, 787, 788, 789, 790, 791, 792, 793, 794, 795, 796, 797, 798, 799, 800, 801, 802, 803, 804, 805, 806, 807, 808, 809, 810, 811, 812, 813, 814, 815, 816, 817, 818, 819, 820, 821, 822, 823, 824, 825, 826, 827, 828, 829, 830, 831, 832, 833, 834, 835, 836, 837, 838, 839, 840, 841, 842, 843, 844, 845, 846, 847, 848, 849, 850, 851, 852, 853, 854, 855, 856, 857, 858, 859, 860, 861, 862, 863, 864, 865, 866, 867, 868, 869, 870, 871, 872, 873, 874, 875, 876, 877, 878, 879, 880, 881, 882, 883, 884, 885, 886, 887, 888, 889, 890, 891, 892, 893, 894, 895, 896, 897, 898, 899, 900, 901, 902, 903, 904, 905, 906, 907, 908, 909, 910, 911, 912, 913, 914, 915, 916, 917, 918, 919, 920, 921, 922, 923, 924, 925, 926, 927, 928, 929, 930, 931, 932, 933, 934, 935, 936, 937, 938, 939, 940, 941, 942, 943, 944, 945, 946, 947, 948, 949, 950, 951, 952, 953, 954, 955, 956, 957, 958, 959, 960, 961, 962, 963, 964, 965, 966, 967, 968, 969, 970, 971, 972, 973, 974, 975, 976, 977, 978, 979, 980, 981, 982, 983, 984, 985, 986, 987, 988, 989, 990, 991, 992, 993, 994, 995, 996, 997, 998, 999, 1000 } ;


QualityLevels= { 0, 1, 2, 3, 4, 5 } ;

Arcs = { <1,2,490000>, <2,1,490000>,<1,3,490000>, <3,1,490000>,<1,4,490000>, <4,1,490000>,<2,5,490000>, <5,2,490000>,<5,6,490000>, <6,5,490000>,<1,7,490000>, <7,1,490000>,<6,8,490000>, <8,6,490000>,<8,9,490000>, <9,8,490000>,<6,10,490000>, <10,6,490000> }; 


RatePerQuality= [ 0  300  700  1500  2500  3500 ] ;


CacheSpacePerQuality= [ 10000  11.25  26.25  56.25  93.75  131.25 ] ;


UtilityPerQuality= [ 0  0.66874  0.795271  0.880112  0.945742  1 ] ;


ObjectsPublishedByProducers=[ [ 1  0  0  0  0  0  0  0  0  0 ]  [ 1  0  0  0  0  0  0  0  0  0 ]  [ 0  0  1  0  0  0  0  0  0  0 ]  [ 0  0  1  0  0  0  0  0  0  0 ]  [ 0  0  0  0  0  1  0  0  0  0 ]  [ 0  0  0  0  0  0  0  1  0  0 ]  [ 0  0  0  0  1  0  0  0  0  0 ]  [ 0  0  0  0  0  0  0  0  1  0 ]  [ 0  0  0  0  1  0  0  0  0  0 ]  [ 0  0  0  0  1  0  0  0  0  0 ]  [ 0  1  0  0  0  0  0  0  0  0 ]  [ 0  0  0  1  0  0  0  0  0  0 ]  [ 0  0  0  0  0  0  0  0  0  1 ]  [ 0  0  0  0  0  0  0  0  1  0 ]  [ 0  0  0  0  0  0  0  1  0  0 ]  [ 1  0  0  0  0  0  0  0  0  0 ]  [ 1  0  0  0  0  0  0  0  0  0 ]  [ 0  1  0  0  0  0  0  0  0  0 ]  [ 0  0  0  0  0  0  0  0  0  1 ]  [ 0  0  0  0  0  0  1  0  0  0 ]  [ 0  0  1  0  0  0  0  0  0  0 ]  [ 0  0  1  0  0  0  0  0  0  0 ]  [ 0  0  0  0  0  0  0  0  0  1 ]  [ 0  0  0  0  0  0  0  0  1  0 ]  [ 0  0  0  0  0  0  0  0  1  0 ]  [ 0  0  0  0  0  1  0  0  0  0 ]  [ 0  1  0  0  0  0  0  0  0  0 ]  [ 0  1  0  0  0  0  0  0  0  0 ]  [ 0  0  0  0  0  0  1  0  0  0 ]  [ 0  0  1  0  0  0  0  0  0  0 ]  [ 0  0  0  0  0  0  0  0  1  0 ]  [ 0  0  0  1  0  0  0  0  0  0 ]  [ 0  1  0  0  0  0  0  0  0  0 ]  [ 1  0  0  0  0  0  0  0  0  0 ]  [ 0  0  0  0  1  0  0  0  0  0 ]  [ 0  0  0  1  0  0  0  0  0  0 ]  [ 0  0  0  0  0  1  0  0  0  0 ]  [ 0  0  0  0  0  0  0  1  0  0 ]  [ 0  0  0  0  0  0  0  1  0  0 ]  [ 1  0  0  0  0  0  0  0  0  0 ]  [ 0  0  0  0  0  0  0  1  0  0 ]  [ 0  0  0  0  0  0  0  1  0  0 ]  [ 0  0  0  0  0  0  0  0  1  0 ]  [ 1  0  0  0  0  0  0  0  0  0 ]  [ 1  0  0  0  0  0  0  0  0  0 ]  [ 0  0  0  1  0  0  0  0  0  0 ]  [ 0  0  0  0  0  0  0  1  0  0 ]  [ 0  0  0  0  0  0  0  1  0  0 ]  [ 0  0  0  0  0  0  0  0  0  1 ]  [ 0  1  0  0  0  0  0  0  0  0 ]  [ 0  0  0  0  0  0  0  0  0  1 ]  [ 1  0  0  0  0  0  0  0  0  0 ]  [ 0  1  0  0  0  0  0  0  0  0 ]  [ 0  0  0  0  0  1  0  0  0  0 ]  [ 0  0  0  0  0  0  0  0  1  0 ]  [ 0  0  0  0  0  1  0  0  0  0 ]  [ 0  0  0  0  0  1  0  0  0  0 ]  [ 0  0  0  0  0  0  0  0  0  1 ]  [ 0  1  0  0  0  0  0  0  0  0 ]  [ 1  0  0  0  0  0  0  0  0  0 ]  [ 0  0  0  0  0  0  0  1  0  0 ]  [ 0  0  0  0  0  0  0  0  0  1 ]  [ 0  0  0  0  0  0  1  0  0  0 ]  [ 0  0  0  0  0  0  0  0  1  0 ]  [ 0  0  0  0  1  0  0  0  0  0 ]  [ 0  0  0  1  0  0  0  0  0  0 ]  [ 1  0  0  0  0  0  0  0  0  0 ]  [ 0  0  0  0  0  0  1  0  0  0 ]  [ 1  0  0  0  0  0  0  0  0  0 ]  [ 0  0  0  0  0  0  0  0  1  0 ]  [ 1  0  0  0  0  0  0  0  0  0 ]  [ 0  0  0  0  0  0  0  1  0  0 ]  [ 0  1  0  0  0  0  0  0  0  0 ]  [ 0  1  0  0  0  0  0  0  0  0 ]  [ 0  0  0  0  1  0  0  0  0  0 ]  [ 0  1  0  0  0  0  0  0  0  0 ]  [ 0  0  0  0  0  0  0  0  1  0 ]  [ 0  0  0  0  0  0  1  0  0  0 ]  [ 0  1  0  0  0  0  0  0  0  0 ]  [ 1  0  0  0  0  0  0  0  0  0 ]  [ 0  0  0  0  1  0  0  0  0  0 ]  [ 0  0  1  0  0  0  0  0  0  0 ]  [ 0  0  0  0  0  1  0  0  0  0 ]  [ 0  0  0  0  0  0  0  1  0  0 ]  [ 1  0  0  0  0  0  0  0  0  0 ]  [ 0  0  0  1  0  0  0  0  0  0 ]  [ 0  0  0  0  0  0  0  1  0  0 ]  [ 0  0  1  0  0  0  0  0  0  0 ]  [ 0  0  0  0  1  0  0  0  0  0 ]  [ 0  0  0  0  0  0  1  0  0  0 ]  [ 0  0  0  0  0  0  1  0  0  0 ]  [ 0  0  0  0  0  1  0  0  0  0 ]  [ 0  0  0  1  0  0  0  0  0  0 ]  [ 0  1  0  0  0  0  0  0  0  0 ]  [ 0  0  0  0  0  1  0  0  0  0 ]  [ 0  0  0  0  0  0  1  0  0  0 ]  [ 0  0  0  0  0  0  1  0  0  0 ]  [ 0  0  0  0  0  1  0  0  0  0 ]  [ 0  0  0  0  0  0  0  0  0  1 ]  [ 0  0  0  0  0  0  0  1  0  0 ]  [ 0  0  1  0  0  0  0  0  0  0 ]  [ 0  0  0  0  0  0  0  0  1  0 ]  [ 0  0  0  1  0  0  0  0  0  0 ]  [ 0  0  0  0  1  0  0  0  0  0 ]  [ 0  0  1  0  0  0  0  0  0  0 ]  [ 1  0  0  0  0  0  0  0  0  0 ]  [ 0  0  1  0  0  0  0  0  0  0 ]  [ 0  0  0  0  0  0  0  1  0  0 ]  [ 0  0  1  0  0  0  0  0  0  0 ]  [ 0  0  0  0  0  0  1  0  0  0 ]  [ 0  0  0  0  0  1  0  0  0  0 ]  [ 0  0  0  1  0  0  0  0  0  0 ]  [ 0  0  0  1  0  0  0  0  0  0 ]  [ 0  0  0  0  1  0  0  0  0  0 ]  [ 0  0  0  0  0  0  0  0  1  0 ]  [ 0  0  1  0  0  0  0  0  0  0 ]  [ 1  0  0  0  0  0  0  0  0  0 ]  [ 0  0  0  1  0  0  0  0  0  0 ]  [ 0  0  1  0  0  0  0  0  0  0 ]  [ 0  0  0  0  0  0  0  0  1  0 ]  [ 0  0  0  0  1  0  0  0  0  0 ]  [ 0  0  0  0  0  0  0  1  0  0 ]  [ 0  0  0  1  0  0  0  0  0  0 ]  [ 0  0  0  0  0  0  0  0  1  0 ]  [ 0  0  1  0  0  0  0  0  0  0 ]  [ 0  0  0  0  0  0  0  0  0  1 ]  [ 0  0  0  0  0  0  0  1  0  0 ]  [ 0  0  0  0  0  0  0  1  0  0 ]  [ 1  0  0  0  0  0  0  0  0  0 ]  [ 0  0  0  0  0  0  0  1  0  0 ]  [ 0  0  0  0  0  1  0  0  0  0 ]  [ 0  0  0  0  0  0  0  1  0  0 ]  [ 0  0  0  0  0  0  0  0  0  1 ]  [ 0  0  0  0  0  0  1  0  0  0 ]  [ 0  0  0  0  1  0  0  0  0  0 ]  [ 0  0  0  0  0  0  0  0  1  0 ]  [ 0  0  0  1  0  0  0  0  0  0 ]  [ 0  0  0  0  0  0  0  0  0  1 ]  [ 0  0  0  0  0  1  0  0  0  0 ]  [ 0  0  0  1  0  0  0  0  0  0 ]  [ 0  1  0  0  0  0  0  0  0  0 ]  [ 0  0  0  0  0  0  0  0  1  0 ]  [ 0  1  0  0  0  0  0  0  0  0 ]  [ 0  0  0  1  0  0  0  0  0  0 ]  [ 1  0  0  0  0  0  0  0  0  0 ]  [ 0  0  0  0  0  0  1  0  0  0 ]  [ 0  0  0  0  1  0  0  0  0  0 ]  [ 0  0  0  0  0  0  0  0  0  1 ]  [ 0  0  1  0  0  0  0  0  0  0 ]  [ 0  1  0  0  0  0  0  0  0  0 ]  [ 0  0  0  1  0  0  0  0  0  0 ]  [ 0  0  1  0  0  0  0  0  0  0 ]  [ 0  0  1  0  0  0  0  0  0  0 ]  [ 0  0  0  1  0  0  0  0  0  0 ]  [ 0  0  1  0  0  0  0  0  0  0 ]  [ 0  0  0  0  1  0  0  0  0  0 ]  [ 0  1  0  0  0  0  0  0  0  0 ]  [ 1  0  0  0  0  0  0  0  0  0 ]  [ 1  0  0  0  0  0  0  0  0  0 ]  [ 1  0  0  0  0  0  0  0  0  0 ]  [ 0  0  0  0  0  0  1  0  0  0 ]  [ 0  0  0  0  0  0  0  0  0  1 ]  [ 0  0  0  0  0  0  1  0  0  0 ]  [ 0  1  0  0  0  0  0  0  0  0 ]  [ 0  0  0  0  1  0  0  0  0  0 ]  [ 0  0  0  0  0  1  0  0  0  0 ]  [ 0  0  0  0  0  0  0  1  0  0 ]  [ 0  0  0  0  0  0  1  0  0  0 ]  [ 0  0  0  0  0  0  0  0  0  1 ]  [ 0  1  0  0  0  0  0  0  0  0 ]  [ 0  0  1  0  0  0  0  0  0  0 ]  [ 0  0  1  0  0  0  0  0  0  0 ]  [ 0  0  0  0  0  0  0  0  0  1 ]  [ 0  0  0  1  0  0  0  0  0  0 ]  [ 0  0  0  0  0  0  0  1  0  0 ]  [ 0  0  0  0  0  0  1  0  0  0 ]  [ 0  0  1  0  0  0  0  0  0  0 ]  [ 0  0  0  1  0  0  0  0  0  0 ]  [ 0  0  0  0  0  0  1  0  0  0 ]  [ 0  0  0  0  0  0  1  0  0  0 ]  [ 0  1  0  0  0  0  0  0  0  0 ]  [ 0  0  0  0  0  0  0  0  0  1 ]  [ 0  0  0  0  0  0  0  0  1  0 ]  [ 0  0  0  0  1  0  0  0  0  0 ]  [ 0  0  0  0  0  0  1  0  0  0 ]  [ 1  0  0  0  0  0  0  0  0  0 ]  [ 1  0  0  0  0  0  0  0  0  0 ]  [ 0  0  0  0  0  0  0  1  0  0 ]  [ 0  0  0  0  0  0  0  0  0  1 ]  [ 0  1  0  0  0  0  0  0  0  0 ]  [ 0  1  0  0  0  0  0  0  0  0 ]  [ 0  0  1  0  0  0  0  0  0  0 ]  [ 0  0  0  0  0  0  0  0  0  1 ]  [ 0  1  0  0  0  0  0  0  0  0 ]  [ 0  0  0  1  0  0  0  0  0  0 ]  [ 0  0  1  0  0  0  0  0  0  0 ]  [ 0  0  0  0  0  1  0  0  0  0 ]  [ 0  0  0  0  0  0  0  0  1  0 ]  [ 0  1  0  0  0  0  0  0  0  0 ]  [ 1  0  0  0  0  0  0  0  0  0 ]  [ 0  0  0  0  1  0  0  0  0  0 ]  [ 0  0  0  0  0  0  1  0  0  0 ]  [ 1  0  0  0  0  0  0  0  0  0 ]  [ 0  0  0  0  0  0  0  0  1  0 ]  [ 0  0  1  0  0  0  0  0  0  0 ]  [ 0  0  0  0  1  0  0  0  0  0 ]  [ 0  0  0  1  0  0  0  0  0  0 ]  [ 0  0  0  0  0  0  0  0  1  0 ]  [ 0  0  0  0  0  1  0  0  0  0 ]  [ 0  0  0  0  1  0  0  0  0  0 ]  [ 0  0  1  0  0  0  0  0  0  0 ]  [ 0  0  0  0  0  0  0  0  0  1 ]  [ 0  0  0  0  0  0  0  0  0  1 ]  [ 0  0  0  0  0  0  0  0  0  1 ]  [ 0  0  0  0  0  0  1  0  0  0 ]  [ 0  1  0  0  0  0  0  0  0  0 ]  [ 0  0  1  0  0  0  0  0  0  0 ]  [ 0  0  0  0  0  0  1  0  0  0 ]  [ 0  0  0  0  0  0  0  0  1  0 ]  [ 1  0  0  0  0  0  0  0  0  0 ]  [ 0  0  1  0  0  0  0  0  0  0 ]  [ 0  0  0  0  0  0  0  1  0  0 ]  [ 0  0  0  1  0  0  0  0  0  0 ]  [ 0  1  0  0  0  0  0  0  0  0 ]  [ 0  0  0  0  0  0  0  0  1  0 ]  [ 0  0  0  0  0  0  0  0  0  1 ]  [ 0  0  0  0  0  0  0  1  0  0 ]  [ 0  0  0  0  0  0  0  0  1  0 ]  [ 0  0  0  1  0  0  0  0  0  0 ]  [ 0  0  0  1  0  0  0  0  0  0 ]  [ 0  0  1  0  0  0  0  0  0  0 ]  [ 0  0  0  0  0  1  0  0  0  0 ]  [ 0  0  0  0  1  0  0  0  0  0 ]  [ 1  0  0  0  0  0  0  0  0  0 ]  [ 0  0  0  0  1  0  0  0  0  0 ]  [ 0  0  1  0  0  0  0  0  0  0 ]  [ 0  0  0  0  1  0  0  0  0  0 ]  [ 0  0  0  0  0  0  0  1  0  0 ]  [ 0  0  0  0  0  0  0  1  0  0 ]  [ 0  0  0  0  0  0  0  0  0  1 ]  [ 0  0  0  0  0  0  0  0  1  0 ]  [ 0  0  0  0  0  0  0  0  0  1 ]  [ 0  0  0  0  0  0  0  1  0  0 ]  [ 0  0  0  0  0  0  1  0  0  0 ]  [ 0  1  0  0  0  0  0  0  0  0 ]  [ 0  0  0  0  0  0  0  0  0  1 ]  [ 1  0  0  0  0  0  0  0  0  0 ]  [ 0  0  0  0  0  1  0  0  0  0 ]  [ 1  0  0  0  0  0  0  0  0  0 ]  [ 0  0  0  0  0  1  0  0  0  0 ]  [ 0  0  0  0  0  0  1  0  0  0 ]  [ 0  0  0  0  0  0  1  0  0  0 ]  [ 0  0  0  0  0  0  0  0  0  1 ]  [ 0  0  0  0  0  0  1  0  0  0 ]  [ 0  0  0  0  0  0  0  0  0  1 ]  [ 0  0  0  0  1  0  0  0  0  0 ]  [ 1  0  0  0  0  0  0  0  0  0 ]  [ 0  1  0  0  0  0  0  0  0  0 ]  [ 0  0  0  0  0  1  0  0  0  0 ]  [ 0  0  1  0  0  0  0  0  0  0 ]  [ 0  0  0  0  0  0  0  0  1  0 ]  [ 1  0  0  0  0  0  0  0  0  0 ]  [ 0  0  0  1  0  0  0  0  0  0 ]  [ 0  0  0  0  0  0  0  0  0  1 ]  [ 0  0  1  0  0  0  0  0  0  0 ]  [ 0  0  1  0  0  0  0  0  0  0 ]  [ 0  0  0  0  0  1  0  0  0  0 ]  [ 1  0  0  0  0  0  0  0  0  0 ]  [ 0  0  0  0  1  0  0  0  0  0 ]  [ 0  0  0  1  0  0  0  0  0  0 ]  [ 0  0  0  0  0  0  1  0  0  0 ]  [ 0  0  0  0  0  0  1  0  0  0 ]  [ 0  0  0  0  1  0  0  0  0  0 ]  [ 0  0  0  0  1  0  0  0  0  0 ]  [ 0  0  0  0  0  0  0  0  0  1 ]  [ 0  1  0  0  0  0  0  0  0  0 ]  [ 0  0  0  1  0  0  0  0  0  0 ]  [ 0  1  0  0  0  0  0  0  0  0 ]  [ 1  0  0  0  0  0  0  0  0  0 ]  [ 0  0  0  0  0  0  0  1  0  0 ]  [ 0  0  1  0  0  0  0  0  0  0 ]  [ 0  1  0  0  0  0  0  0  0  0 ]  [ 0  0  0  0  0  0  0  1  0  0 ]  [ 0  0  0  0  0  0  1  0  0  0 ]  [ 0  0  0  0  0  1  0  0  0  0 ]  [ 0  0  0  0  0  0  0  0  0  1 ]  [ 0  0  0  0  0  0  0  1  0  0 ]  [ 0  0  0  0  0  0  0  0  0  1 ]  [ 1  0  0  0  0  0  0  0  0  0 ]  [ 0  0  0  0  0  0  0  1  0  0 ]  [ 0  1  0  0  0  0  0  0  0  0 ]  [ 0  0  0  1  0  0  0  0  0  0 ]  [ 0  0  0  0  0  0  0  0  0  1 ]  [ 0  0  1  0  0  0  0  0  0  0 ]  [ 0  1  0  0  0  0  0  0  0  0 ]  [ 0  0  0  0  0  1  0  0  0  0 ]  [ 0  0  0  1  0  0  0  0  0  0 ]  [ 0  1  0  0  0  0  0  0  0  0 ]  [ 0  0  0  0  0  0  0  0  0  1 ]  [ 0  0  0  0  0  0  0  0  0  1 ]  [ 0  0  0  0  0  0  0  1  0  0 ]  [ 1  0  0  0  0  0  0  0  0  0 ]  [ 0  0  0  0  0  0  0  1  0  0 ]  [ 0  0  0  0  0  0  0  0  0  1 ]  [ 1  0  0  0  0  0  0  0  0  0 ]  [ 0  0  0  0  0  0  0  0  1  0 ]  [ 0  0  0  0  0  0  0  1  0  0 ]  [ 0  0  0  0  1  0  0  0  0  0 ]  [ 0  0  0  0  0  0  0  1  0  0 ]  [ 0  0  0  0  0  1  0  0  0  0 ]  [ 0  0  0  0  0  0  1  0  0  0 ]  [ 0  0  0  0  1  0  0  0  0  0 ]  [ 0  0  0  0  0  0  0  0  0  1 ]  [ 0  0  0  0  1  0  0  0  0  0 ]  [ 1  0  0  0  0  0  0  0  0  0 ]  [ 0  0  0  0  1  0  0  0  0  0 ]  [ 0  0  1  0  0  0  0  0  0  0 ]  [ 0  0  0  0  0  0  0  0  0  1 ]  [ 0  0  0  0  0  0  0  1  0  0 ]  [ 0  0  0  0  0  1  0  0  0  0 ]  [ 0  0  0  0  1  0  0  0  0  0 ]  [ 0  0  0  0  0  1  0  0  0  0 ]  [ 0  0  1  0  0  0  0  0  0  0 ]  [ 1  0  0  0  0  0  0  0  0  0 ]  [ 0  0  0  0  0  0  0  1  0  0 ]  [ 0  0  0  0  1  0  0  0  0  0 ]  [ 1  0  0  0  0  0  0  0  0  0 ]  [ 0  0  0  0  0  1  0  0  0  0 ]  [ 0  0  0  1  0  0  0  0  0  0 ]  [ 0  0  0  0  0  1  0  0  0  0 ]  [ 0  0  0  0  0  0  0  1  0  0 ]  [ 0  0  0  1  0  0  0  0  0  0 ]  [ 0  0  0  0  0  0  0  1  0  0 ]  [ 0  1  0  0  0  0  0  0  0  0 ]  [ 0  0  0  1  0  0  0  0  0  0 ]  [ 0  0  0  0  0  1  0  0  0  0 ]  [ 0  0  0  1  0  0  0  0  0  0 ]  [ 0  0  0  0  1  0  0  0  0  0 ]  [ 0  0  0  0  0  0  0  0  0  1 ]  [ 0  0  0  0  0  0  1  0  0  0 ]  [ 0  1  0  0  0  0  0  0  0  0 ]  [ 0  0  0  0  0  0  0  0  0  1 ]  [ 0  0  0  0  0  0  1  0  0  0 ]  [ 1  0  0  0  0  0  0  0  0  0 ]  [ 0  0  1  0  0  0  0  0  0  0 ]  [ 0  0  1  0  0  0  0  0  0  0 ]  [ 0  0  0  0  0  0  0  0  0  1 ]  [ 0  0  0  0  0  1  0  0  0  0 ]  [ 0  0  0  0  1  0  0  0  0  0 ]  [ 0  0  0  0  0  0  0  1  0  0 ]  [ 0  0  0  0  0  0  0  0  0  1 ]  [ 0  0  0  0  1  0  0  0  0  0 ]  [ 0  0  0  0  0  0  0  0  1  0 ]  [ 0  0  0  0  0  0  1  0  0  0 ]  [ 0  1  0  0  0  0  0  0  0  0 ]  [ 0  0  1  0  0  0  0  0  0  0 ]  [ 0  0  1  0  0  0  0  0  0  0 ]  [ 0  0  0  0  0  0  0  1  0  0 ]  [ 0  0  0  1  0  0  0  0  0  0 ]  [ 0  0  0  0  0  0  0  1  0  0 ]  [ 0  0  0  0  0  0  0  1  0  0 ]  [ 0  0  0  0  0  0  0  0  0  1 ]  [ 0  0  0  0  1  0  0  0  0  0 ]  [ 0  0  0  0  0  0  0  1  0  0 ]  [ 0  0  0  0  0  1  0  0  0  0 ]  [ 0  0  0  1  0  0  0  0  0  0 ]  [ 0  0  0  1  0  0  0  0  0  0 ]  [ 0  0  0  0  0  0  0  0  1  0 ]  [ 0  0  0  0  0  0  0  0  0  1 ]  [ 0  0  0  0  0  0  1  0  0  0 ]  [ 0  0  1  0  0  0  0  0  0  0 ]  [ 0  1  0  0  0  0  0  0  0  0 ]  [ 1  0  0  0  0  0  0  0  0  0 ]  [ 0  0  0  0  0  0  0  0  1  0 ]  [ 0  1  0  0  0  0  0  0  0  0 ]  [ 0  0  0  0  0  0  0  0  1  0 ]  [ 0  0  0  0  0  0  0  0  0  1 ]  [ 0  0  0  0  0  1  0  0  0  0 ]  [ 0  0  0  0  0  0  0  0  1  0 ]  [ 0  0  0  0  1  0  0  0  0  0 ]  [ 0  0  0  0  0  0  0  0  0  1 ]  [ 0  1  0  0  0  0  0  0  0  0 ]  [ 1  0  0  0  0  0  0  0  0  0 ]  [ 0  0  1  0  0  0  0  0  0  0 ]  [ 0  0  0  0  0  1  0  0  0  0 ]  [ 0  0  0  0  0  0  0  0  1  0 ]  [ 0  0  0  0  1  0  0  0  0  0 ]  [ 0  0  0  0  0  0  0  1  0  0 ]  [ 0  0  0  0  1  0  0  0  0  0 ]  [ 0  0  0  0  0  0  0  0  1  0 ]  [ 0  0  0  0  0  1  0  0  0  0 ]  [ 0  0  1  0  0  0  0  0  0  0 ]  [ 0  0  0  0  1  0  0  0  0  0 ]  [ 0  0  0  0  0  0  0  0  1  0 ]  [ 0  1  0  0  0  0  0  0  0  0 ]  [ 0  0  0  0  0  1  0  0  0  0 ]  [ 0  0  0  0  0  0  0  1  0  0 ]  [ 0  0  0  0  1  0  0  0  0  0 ]  [ 0  0  0  0  0  0  0  0  1  0 ]  [ 0  0  0  0  0  0  1  0  0  0 ]  [ 0  0  0  0  0  0  0  0  0  1 ]  [ 0  0  0  0  0  0  1  0  0  0 ]  [ 0  0  0  0  0  0  1  0  0  0 ]  [ 1  0  0  0  0  0  0  0  0  0 ]  [ 0  0  0  1  0  0  0  0  0  0 ]  [ 0  0  0  0  0  1  0  0  0  0 ]  [ 0  0  0  0  0  0  0  0  1  0 ]  [ 0  0  0  0  0  0  0  0  1  0 ]  [ 0  0  0  0  0  0  0  0  1  0 ]  [ 0  0  1  0  0  0  0  0  0  0 ]  [ 0  0  0  0  0  0  0  0  0  1 ]  [ 0  0  0  1  0  0  0  0  0  0 ]  [ 0  0  0  0  0  0  0  0  0  1 ]  [ 0  0  0  0  0  0  1  0  0  0 ]  [ 0  0  0  0  0  1  0  0  0  0 ]  [ 1  0  0  0  0  0  0  0  0  0 ]  [ 0  0  0  0  0  0  0  0  0  1 ]  [ 0  0  0  0  1  0  0  0  0  0 ]  [ 1  0  0  0  0  0  0  0  0  0 ]  [ 0  0  0  0  0  0  0  0  1  0 ]  [ 0  0  1  0  0  0  0  0  0  0 ]  [ 0  0  0  0  0  0  1  0  0  0 ]  [ 0  0  0  1  0  0  0  0  0  0 ]  [ 0  0  0  0  1  0  0  0  0  0 ]  [ 0  0  0  0  0  0  0  0  1  0 ]  [ 0  0  0  0  0  0  0  0  1  0 ]  [ 0  0  0  0  0  0  0  1  0  0 ]  [ 0  0  0  0  0  0  1  0  0  0 ]  [ 0  0  0  0  0  1  0  0  0  0 ]  [ 0  0  0  0  1  0  0  0  0  0 ]  [ 0  0  0  0  0  0  0  0  0  1 ]  [ 0  0  0  0  0  1  0  0  0  0 ]  [ 0  0  0  0  0  0  0  0  1  0 ]  [ 0  0  0  0  0  1  0  0  0  0 ]  [ 1  0  0  0  0  0  0  0  0  0 ]  [ 0  1  0  0  0  0  0  0  0  0 ]  [ 0  0  0  0  1  0  0  0  0  0 ]  [ 1  0  0  0  0  0  0  0  0  0 ]  [ 0  0  0  0  0  0  0  1  0  0 ]  [ 0  0  0  0  0  0  0  1  0  0 ]  [ 0  0  0  0  0  1  0  0  0  0 ]  [ 1  0  0  0  0  0  0  0  0  0 ]  [ 0  0  0  0  0  0  0  1  0  0 ]  [ 1  0  0  0  0  0  0  0  0  0 ]  [ 0  0  0  0  0  0  1  0  0  0 ]  [ 0  0  0  0  1  0  0  0  0  0 ]  [ 0  0  0  0  1  0  0  0  0  0 ]  [ 0  0  0  0  0  0  0  0  1  0 ]  [ 0  0  0  0  0  0  0  0  1  0 ]  [ 0  0  0  1  0  0  0  0  0  0 ]  [ 1  0  0  0  0  0  0  0  0  0 ]  [ 0  0  0  0  0  0  0  0  1  0 ]  [ 0  0  0  0  0  0  0  0  0  1 ]  [ 0  0  0  0  0  1  0  0  0  0 ]  [ 0  0  0  1  0  0  0  0  0  0 ]  [ 1  0  0  0  0  0  0  0  0  0 ]  [ 0  0  0  1  0  0  0  0  0  0 ]  [ 0  0  1  0  0  0  0  0  0  0 ]  [ 0  0  0  0  0  0  0  0  1  0 ]  [ 0  0  0  0  0  0  0  0  1  0 ]  [ 1  0  0  0  0  0  0  0  0  0 ]  [ 0  0  0  0  0  1  0  0  0  0 ]  [ 0  0  0  0  0  0  0  1  0  0 ]  [ 0  0  0  0  0  0  0  0  0  1 ]  [ 0  1  0  0  0  0  0  0  0  0 ]  [ 0  0  0  0  0  0  1  0  0  0 ]  [ 0  0  0  0  0  1  0  0  0  0 ]  [ 0  0  0  0  0  0  0  0  1  0 ]  [ 0  0  0  0  0  0  1  0  0  0 ]  [ 0  0  0  0  1  0  0  0  0  0 ]  [ 0  0  0  1  0  0  0  0  0  0 ]  [ 0  0  0  0  0  0  0  0  1  0 ]  [ 1  0  0  0  0  0  0  0  0  0 ]  [ 0  0  1  0  0  0  0  0  0  0 ]  [ 0  0  0  1  0  0  0  0  0  0 ]  [ 0  0  0  0  0  0  1  0  0  0 ]  [ 0  0  0  0  0  0  1  0  0  0 ]  [ 0  0  0  0  0  0  0  0  0  1 ]  [ 0  0  0  0  0  0  1  0  0  0 ]  [ 0  0  0  0  0  0  0  0  1  0 ]  [ 0  0  0  0  0  0  1  0  0  0 ]  [ 0  0  0  0  0  0  1  0  0  0 ]  [ 0  0  0  0  1  0  0  0  0  0 ]  [ 0  0  0  0  0  0  0  0  1  0 ]  [ 0  0  0  0  0  0  0  0  1  0 ]  [ 0  0  0  0  0  0  0  1  0  0 ]  [ 0  0  1  0  0  0  0  0  0  0 ]  [ 0  0  0  1  0  0  0  0  0  0 ]  [ 0  0  0  0  0  1  0  0  0  0 ]  [ 0  0  0  0  0  0  0  0  0  1 ]  [ 0  0  0  0  0  0  0  1  0  0 ]  [ 0  0  0  1  0  0  0  0  0  0 ]  [ 0  1  0  0  0  0  0  0  0  0 ]  [ 0  0  0  0  0  1  0  0  0  0 ]  [ 0  0  0  0  0  0  0  0  1  0 ]  [ 0  0  0  0  0  0  0  1  0  0 ]  [ 0  0  0  0  1  0  0  0  0  0 ]  [ 0  0  0  0  0  0  0  0  1  0 ]  [ 1  0  0  0  0  0  0  0  0  0 ]  [ 0  0  0  0  0  0  0  0  1  0 ]  [ 0  0  0  0  0  0  0  0  0  1 ]  [ 0  0  0  0  1  0  0  0  0  0 ]  [ 0  0  0  0  0  0  0  0  1  0 ]  [ 0  0  0  0  0  1  0  0  0  0 ]  [ 0  1  0  0  0  0  0  0  0  0 ]  [ 0  1  0  0  0  0  0  0  0  0 ]  [ 0  1  0  0  0  0  0  0  0  0 ]  [ 1  0  0  0  0  0  0  0  0  0 ]  [ 1  0  0  0  0  0  0  0  0  0 ]  [ 0  0  0  0  0  1  0  0  0  0 ]  [ 0  0  0  0  0  0  0  0  0  1 ]  [ 0  0  0  0  0  0  0  0  0  1 ]  [ 0  1  0  0  0  0  0  0  0  0 ]  [ 0  0  1  0  0  0  0  0  0  0 ]  [ 0  0  0  1  0  0  0  0  0  0 ]  [ 1  0  0  0  0  0  0  0  0  0 ]  [ 0  0  0  1  0  0  0  0  0  0 ]  [ 1  0  0  0  0  0  0  0  0  0 ]  [ 0  0  0  0  1  0  0  0  0  0 ]  [ 1  0  0  0  0  0  0  0  0  0 ]  [ 0  0  1  0  0  0  0  0  0  0 ]  [ 0  0  0  0  0  0  0  0  1  0 ]  [ 0  0  0  0  0  0  0  1  0  0 ]  [ 0  0  1  0  0  0  0  0  0  0 ]  [ 0  0  0  1  0  0  0  0  0  0 ]  [ 0  0  0  0  0  0  0  0  1  0 ]  [ 0  0  0  1  0  0  0  0  0  0 ]  [ 0  0  0  1  0  0  0  0  0  0 ]  [ 0  0  0  0  1  0  0  0  0  0 ]  [ 0  0  1  0  0  0  0  0  0  0 ]  [ 1  0  0  0  0  0  0  0  0  0 ]  [ 0  0  0  0  1  0  0  0  0  0 ]  [ 0  0  1  0  0  0  0  0  0  0 ]  [ 0  0  0  0  0  1  0  0  0  0 ]  [ 0  0  0  0  0  0  1  0  0  0 ]  [ 0  0  0  0  0  0  0  0  0  1 ]  [ 0  1  0  0  0  0  0  0  0  0 ]  [ 0  0  0  1  0  0  0  0  0  0 ]  [ 0  1  0  0  0  0  0  0  0  0 ]  [ 0  0  1  0  0  0  0  0  0  0 ]  [ 0  0  0  1  0  0  0  0  0  0 ]  [ 1  0  0  0  0  0  0  0  0  0 ]  [ 0  0  0  0  0  1  0  0  0  0 ]  [ 0  1  0  0  0  0  0  0  0  0 ]  [ 0  0  0  0  1  0  0  0  0  0 ]  [ 0  0  0  0  0  1  0  0  0  0 ]  [ 0  0  0  1  0  0  0  0  0  0 ]  [ 0  0  0  0  0  0  0  0  0  1 ]  [ 0  0  0  1  0  0  0  0  0  0 ]  [ 0  0  0  1  0  0  0  0  0  0 ]  [ 0  0  0  1  0  0  0  0  0  0 ]  [ 0  0  0  0  0  0  1  0  0  0 ]  [ 0  0  1  0  0  0  0  0  0  0 ]  [ 0  0  0  0  0  0  1  0  0  0 ]  [ 0  0  0  0  0  0  0  0  1  0 ]  [ 0  0  0  0  1  0  0  0  0  0 ]  [ 0  0  0  0  0  1  0  0  0  0 ]  [ 1  0  0  0  0  0  0  0  0  0 ]  [ 0  0  0  0  0  0  0  1  0  0 ]  [ 0  1  0  0  0  0  0  0  0  0 ]  [ 1  0  0  0  0  0  0  0  0  0 ]  [ 0  0  0  1  0  0  0  0  0  0 ]  [ 0  0  0  1  0  0  0  0  0  0 ]  [ 0  0  0  0  0  1  0  0  0  0 ]  [ 0  0  0  0  1  0  0  0  0  0 ]  [ 0  0  0  0  0  0  1  0  0  0 ]  [ 0  0  0  0  0  0  0  0  1  0 ]  [ 0  0  0  0  0  0  1  0  0  0 ]  [ 0  0  0  0  0  0  0  0  0  1 ]  [ 0  0  0  0  0  0  0  0  0  1 ]  [ 0  0  0  0  0  0  0  0  1  0 ]  [ 0  0  0  0  0  0  0  1  0  0 ]  [ 0  0  0  0  0  1  0  0  0  0 ]  [ 0  1  0  0  0  0  0  0  0  0 ]  [ 0  0  0  0  0  0  0  0  0  1 ]  [ 0  0  0  0  0  0  1  0  0  0 ]  [ 0  0  0  0  0  0  0  1  0  0 ]  [ 1  0  0  0  0  0  0  0  0  0 ]  [ 0  0  0  0  0  0  1  0  0  0 ]  [ 0  0  0  0  0  0  0  1  0  0 ]  [ 0  0  0  0  1  0  0  0  0  0 ]  [ 0  0  0  0  1  0  0  0  0  0 ]  [ 0  0  1  0  0  0  0  0  0  0 ]  [ 0  1  0  0  0  0  0  0  0  0 ]  [ 0  0  0  0  0  0  1  0  0  0 ]  [ 0  0  0  1  0  0  0  0  0  0 ]  [ 0  1  0  0  0  0  0  0  0  0 ]  [ 0  0  0  0  1  0  0  0  0  0 ]  [ 0  0  0  0  1  0  0  0  0  0 ]  [ 0  0  0  0  0  0  0  1  0  0 ]  [ 0  0  0  0  0  0  0  1  0  0 ]  [ 0  0  0  0  0  0  0  0  0  1 ]  [ 0  0  1  0  0  0  0  0  0  0 ]  [ 0  0  0  0  0  0  0  1  0  0 ]  [ 0  0  0  0  0  1  0  0  0  0 ]  [ 0  0  0  0  0  1  0  0  0  0 ]  [ 0  1  0  0  0  0  0  0  0  0 ]  [ 0  0  1  0  0  0  0  0  0  0 ]  [ 0  0  0  1  0  0  0  0  0  0 ]  [ 0  0  0  1  0  0  0  0  0  0 ]  [ 0  0  0  0  1  0  0  0  0  0 ]  [ 0  1  0  0  0  0  0  0  0  0 ]  [ 0  0  0  1  0  0  0  0  0  0 ]  [ 1  0  0  0  0  0  0  0  0  0 ]  [ 1  0  0  0  0  0  0  0  0  0 ]  [ 0  0  0  0  0  1  0  0  0  0 ]  [ 0  0  0  0  0  0  0  0  0  1 ]  [ 0  0  0  0  0  0  1  0  0  0 ]  [ 0  0  0  0  0  0  1  0  0  0 ]  [ 0  0  0  0  0  1  0  0  0  0 ]  [ 0  0  0  0  0  0  0  1  0  0 ]  [ 0  0  0  0  0  0  1  0  0  0 ]  [ 1  0  0  0  0  0  0  0  0  0 ]  [ 0  1  0  0  0  0  0  0  0  0 ]  [ 0  0  0  0  0  0  0  0  0  1 ]  [ 0  0  0  0  0  0  0  0  0  1 ]  [ 0  0  0  0  0  0  0  1  0  0 ]  [ 0  0  0  0  0  0  0  0  0  1 ]  [ 0  0  0  0  1  0  0  0  0  0 ]  [ 0  0  0  1  0  0  0  0  0  0 ]  [ 0  0  0  0  0  0  0  1  0  0 ]  [ 0  0  0  0  0  0  1  0  0  0 ]  [ 1  0  0  0  0  0  0  0  0  0 ]  [ 0  0  0  0  0  0  1  0  0  0 ]  [ 0  0  0  0  0  0  0  0  1  0 ]  [ 0  1  0  0  0  0  0  0  0  0 ]  [ 0  0  0  0  0  0  0  0  1  0 ]  [ 0  1  0  0  0  0  0  0  0  0 ]  [ 1  0  0  0  0  0  0  0  0  0 ]  [ 0  0  0  0  0  0  1  0  0  0 ]  [ 0  0  0  0  0  0  0  1  0  0 ]  [ 0  0  0  0  1  0  0  0  0  0 ]  [ 0  0  0  0  0  0  0  1  0  0 ]  [ 0  0  0  0  0  0  0  0  0  1 ]  [ 0  0  0  0  0  0  0  0  0  1 ]  [ 0  0  0  0  0  0  0  0  1  0 ]  [ 0  0  0  0  0  0  0  0  0  1 ]  [ 0  0  0  0  0  0  1  0  0  0 ]  [ 0  0  0  1  0  0  0  0  0  0 ]  [ 0  0  0  0  0  0  0  0  0  1 ]  [ 0  0  0  1  0  0  0  0  0  0 ]  [ 0  0  0  0  0  0  0  0  0  1 ]  [ 0  1  0  0  0  0  0  0  0  0 ]  [ 0  0  0  0  0  0  0  0  1  0 ]  [ 0  0  0  1  0  0  0  0  0  0 ]  [ 0  0  0  0  1  0  0  0  0  0 ]  [ 0  0  0  0  0  1  0  0  0  0 ]  [ 0  0  0  0  0  0  1  0  0  0 ]  [ 0  0  0  0  1  0  0  0  0  0 ]  [ 0  0  0  0  1  0  0  0  0  0 ]  [ 0  0  0  0  0  1  0  0  0  0 ]  [ 0  0  0  0  1  0  0  0  0  0 ]  [ 0  0  0  0  0  0  0  0  1  0 ]  [ 0  0  0  0  0  0  1  0  0  0 ]  [ 0  0  0  0  0  1  0  0  0  0 ]  [ 0  0  0  0  0  0  1  0  0  0 ]  [ 0  0  1  0  0  0  0  0  0  0 ]  [ 0  0  0  0  0  1  0  0  0  0 ]  [ 0  0  0  1  0  0  0  0  0  0 ]  [ 0  0  0  0  0  0  0  0  1  0 ]  [ 0  0  0  0  0  0  0  0  1  0 ]  [ 0  0  0  0  0  0  1  0  0  0 ]  [ 0  0  0  0  0  0  0  1  0  0 ]  [ 0  0  0  0  0  0  0  0  1  0 ]  [ 0  0  0  0  0  0  0  0  0  1 ]  [ 0  0  0  0  0  0  0  0  0  1 ]  [ 0  0  0  0  0  1  0  0  0  0 ]  [ 0  0  1  0  0  0  0  0  0  0 ]  [ 0  1  0  0  0  0  0  0  0  0 ]  [ 0  0  0  1  0  0  0  0  0  0 ]  [ 0  0  0  1  0  0  0  0  0  0 ]  [ 0  0  0  0  1  0  0  0  0  0 ]  [ 0  0  0  0  0  0  0  0  1  0 ]  [ 0  0  1  0  0  0  0  0  0  0 ]  [ 0  1  0  0  0  0  0  0  0  0 ]  [ 1  0  0  0  0  0  0  0  0  0 ]  [ 0  0  0  0  1  0  0  0  0  0 ]  [ 0  0  0  0  0  0  0  0  0  1 ]  [ 0  0  0  0  0  1  0  0  0  0 ]  [ 1  0  0  0  0  0  0  0  0  0 ]  [ 0  0  0  1  0  0  0  0  0  0 ]  [ 0  0  0  0  0  0  1  0  0  0 ]  [ 1  0  0  0  0  0  0  0  0  0 ]  [ 1  0  0  0  0  0  0  0  0  0 ]  [ 0  0  0  0  0  0  1  0  0  0 ]  [ 0  0  0  0  0  0  0  1  0  0 ]  [ 0  0  0  0  0  1  0  0  0  0 ]  [ 0  1  0  0  0  0  0  0  0  0 ]  [ 0  0  0  0  0  0  0  1  0  0 ]  [ 0  1  0  0  0  0  0  0  0  0 ]  [ 0  0  0  0  0  0  1  0  0  0 ]  [ 0  0  0  0  0  0  1  0  0  0 ]  [ 0  0  1  0  0  0  0  0  0  0 ]  [ 0  0  0  0  1  0  0  0  0  0 ]  [ 0  0  0  1  0  0  0  0  0  0 ]  [ 0  0  0  0  1  0  0  0  0  0 ]  [ 0  0  0  0  0  0  0  0  1  0 ]  [ 0  0  0  0  0  0  0  0  0  1 ]  [ 1  0  0  0  0  0  0  0  0  0 ]  [ 0  0  0  0  0  0  0  0  1  0 ]  [ 0  0  0  0  0  0  0  0  0  1 ]  [ 0  0  0  0  0  0  0  0  1  0 ]  [ 0  0  0  0  0  0  1  0  0  0 ]  [ 0  0  0  0  0  0  1  0  0  0 ]  [ 0  1  0  0  0  0  0  0  0  0 ]  [ 0  0  0  0  0  1  0  0  0  0 ]  [ 0  0  1  0  0  0  0  0  0  0 ]  [ 1  0  0  0  0  0  0  0  0  0 ]  [ 0  0  0  0  1  0  0  0  0  0 ]  [ 0  0  1  0  0  0  0  0  0  0 ]  [ 0  0  0  0  0  0  0  1  0  0 ]  [ 0  0  0  0  0  0  0  0  0  1 ]  [ 0  1  0  0  0  0  0  0  0  0 ]  [ 0  0  0  1  0  0  0  0  0  0 ]  [ 0  1  0  0  0  0  0  0  0  0 ]  [ 0  1  0  0  0  0  0  0  0  0 ]  [ 0  0  0  0  0  0  0  1  0  0 ]  [ 0  1  0  0  0  0  0  0  0  0 ]  [ 0  0  0  0  0  0  0  1  0  0 ]  [ 0  0  0  0  0  0  0  1  0  0 ]  [ 0  0  0  0  0  0  1  0  0  0 ]  [ 0  0  1  0  0  0  0  0  0  0 ]  [ 0  0  0  0  0  0  0  0  0  1 ]  [ 0  0  0  1  0  0  0  0  0  0 ]  [ 0  0  0  1  0  0  0  0  0  0 ]  [ 0  0  0  0  0  0  0  0  1  0 ]  [ 0  1  0  0  0  0  0  0  0  0 ]  [ 0  0  0  0  1  0  0  0  0  0 ]  [ 0  0  0  0  1  0  0  0  0  0 ]  [ 1  0  0  0  0  0  0  0  0  0 ]  [ 0  0  0  1  0  0  0  0  0  0 ]  [ 0  1  0  0  0  0  0  0  0  0 ]  [ 0  0  1  0  0  0  0  0  0  0 ]  [ 0  0  0  0  1  0  0  0  0  0 ]  [ 0  0  0  0  0  0  0  0  0  1 ]  [ 0  0  0  1  0  0  0  0  0  0 ]  [ 0  0  0  0  0  0  0  0  1  0 ]  [ 0  0  0  0  1  0  0  0  0  0 ]  [ 0  0  0  0  0  0  0  0  0  1 ]  [ 1  0  0  0  0  0  0  0  0  0 ]  [ 0  0  0  0  0  0  0  0  1  0 ]  [ 0  0  0  0  0  0  0  0  1  0 ]  [ 1  0  0  0  0  0  0  0  0  0 ]  [ 0  0  0  0  1  0  0  0  0  0 ]  [ 0  0  0  1  0  0  0  0  0  0 ]  [ 0  0  0  0  0  0  0  1  0  0 ]  [ 0  0  0  0  0  0  0  0  1  0 ]  [ 1  0  0  0  0  0  0  0  0  0 ]  [ 0  0  0  0  1  0  0  0  0  0 ]  [ 0  0  0  0  0  1  0  0  0  0 ]  [ 0  0  0  0  0  1  0  0  0  0 ]  [ 0  1  0  0  0  0  0  0  0  0 ]  [ 1  0  0  0  0  0  0  0  0  0 ]  [ 0  0  1  0  0  0  0  0  0  0 ]  [ 0  0  0  0  0  0  0  0  1  0 ]  [ 0  0  0  0  0  1  0  0  0  0 ]  [ 0  0  1  0  0  0  0  0  0  0 ]  [ 0  0  0  0  1  0  0  0  0  0 ]  [ 1  0  0  0  0  0  0  0  0  0 ]  [ 0  0  0  0  0  0  0  1  0  0 ]  [ 0  0  0  0  0  1  0  0  0  0 ]  [ 0  0  1  0  0  0  0  0  0  0 ]  [ 0  1  0  0  0  0  0  0  0  0 ]  [ 0  0  0  0  1  0  0  0  0  0 ]  [ 0  0  0  0  0  0  0  0  0  1 ]  [ 0  0  0  0  0  0  0  0  0  1 ]  [ 0  0  0  0  0  0  0  1  0  0 ]  [ 0  0  0  1  0  0  0  0  0  0 ]  [ 0  0  1  0  0  0  0  0  0  0 ]  [ 0  1  0  0  0  0  0  0  0  0 ]  [ 1  0  0  0  0  0  0  0  0  0 ]  [ 0  0  0  0  0  1  0  0  0  0 ]  [ 0  0  0  0  1  0  0  0  0  0 ]  [ 0  0  0  0  0  0  1  0  0  0 ]  [ 1  0  0  0  0  0  0  0  0  0 ]  [ 0  0  1  0  0  0  0  0  0  0 ]  [ 0  0  0  0  0  0  1  0  0  0 ]  [ 0  0  0  0  0  0  0  1  0  0 ]  [ 0  0  0  0  0  1  0  0  0  0 ]  [ 0  0  0  0  0  0  0  0  0  1 ]  [ 1  0  0  0  0  0  0  0  0  0 ]  [ 0  0  0  1  0  0  0  0  0  0 ]  [ 0  1  0  0  0  0  0  0  0  0 ]  [ 0  0  1  0  0  0  0  0  0  0 ]  [ 0  0  0  0  0  0  1  0  0  0 ]  [ 0  0  0  1  0  0  0  0  0  0 ]  [ 0  0  1  0  0  0  0  0  0  0 ]  [ 0  0  0  0  0  0  0  0  0  1 ]  [ 0  1  0  0  0  0  0  0  0  0 ]  [ 0  0  0  0  0  0  1  0  0  0 ]  [ 0  0  0  0  1  0  0  0  0  0 ]  [ 0  0  1  0  0  0  0  0  0  0 ]  [ 0  1  0  0  0  0  0  0  0  0 ]  [ 0  1  0  0  0  0  0  0  0  0 ]  [ 0  0  0  0  0  0  0  0  0  1 ]  [ 1  0  0  0  0  0  0  0  0  0 ]  [ 0  0  0  1  0  0  0  0  0  0 ]  [ 0  0  0  0  0  0  0  0  0  1 ]  [ 0  0  0  0  0  0  0  0  0  1 ]  [ 0  0  0  0  0  0  0  0  1  0 ]  [ 1  0  0  0  0  0  0  0  0  0 ]  [ 0  1  0  0  0  0  0  0  0  0 ]  [ 0  1  0  0  0  0  0  0  0  0 ]  [ 0  0  0  0  0  0  0  0  0  1 ]  [ 0  0  0  0  0  0  0  0  0  1 ]  [ 1  0  0  0  0  0  0  0  0  0 ]  [ 0  0  0  0  0  0  0  1  0  0 ]  [ 0  0  0  0  1  0  0  0  0  0 ]  [ 0  0  0  1  0  0  0  0  0  0 ]  [ 0  1  0  0  0  0  0  0  0  0 ]  [ 0  0  0  1  0  0  0  0  0  0 ]  [ 0  0  0  0  0  0  0  0  1  0 ]  [ 0  0  1  0  0  0  0  0  0  0 ]  [ 0  0  0  0  0  0  0  1  0  0 ]  [ 1  0  0  0  0  0  0  0  0  0 ]  [ 0  0  0  0  1  0  0  0  0  0 ]  [ 0  1  0  0  0  0  0  0  0  0 ]  [ 0  0  0  0  0  0  1  0  0  0 ]  [ 0  0  0  0  0  0  0  0  0  1 ]  [ 0  0  0  0  0  0  0  0  0  1 ]  [ 0  0  0  0  0  0  0  0  0  1 ]  [ 0  0  0  0  0  0  1  0  0  0 ]  [ 0  0  0  0  0  0  1  0  0  0 ]  [ 0  0  0  0  0  0  0  1  0  0 ]  [ 1  0  0  0  0  0  0  0  0  0 ]  [ 0  0  0  0  0  1  0  0  0  0 ]  [ 0  0  0  0  1  0  0  0  0  0 ]  [ 0  0  1  0  0  0  0  0  0  0 ]  [ 0  0  0  0  0  0  0  0  1  0 ]  [ 0  0  0  0  0  1  0  0  0  0 ]  [ 1  0  0  0  0  0  0  0  0  0 ]  [ 0  1  0  0  0  0  0  0  0  0 ]  [ 0  1  0  0  0  0  0  0  0  0 ]  [ 0  0  0  0  1  0  0  0  0  0 ]  [ 0  0  0  0  0  0  1  0  0  0 ]  [ 0  0  0  0  0  0  0  1  0  0 ]  [ 0  0  0  0  0  0  0  0  1  0 ]  [ 0  0  0  0  0  1  0  0  0  0 ]  [ 0  0  0  0  0  0  0  0  0  1 ]  [ 0  0  0  0  1  0  0  0  0  0 ]  [ 0  1  0  0  0  0  0  0  0  0 ]  [ 0  1  0  0  0  0  0  0  0  0 ]  [ 0  0  0  0  0  0  0  0  0  1 ]  [ 1  0  0  0  0  0  0  0  0  0 ]  [ 0  0  0  0  0  0  0  1  0  0 ]  [ 0  0  0  0  0  0  0  0  0  1 ]  [ 0  1  0  0  0  0  0  0  0  0 ]  [ 0  0  0  0  0  1  0  0  0  0 ]  [ 0  0  0  0  0  0  0  1  0  0 ]  [ 0  0  0  0  1  0  0  0  0  0 ]  [ 1  0  0  0  0  0  0  0  0  0 ]  [ 0  0  0  1  0  0  0  0  0  0 ]  [ 0  1  0  0  0  0  0  0  0  0 ]  [ 0  0  0  0  1  0  0  0  0  0 ]  [ 0  0  0  0  0  0  0  0  0  1 ]  [ 1  0  0  0  0  0  0  0  0  0 ]  [ 1  0  0  0  0  0  0  0  0  0 ]  [ 0  0  0  0  0  0  0  0  1  0 ]  [ 0  0  0  0  1  0  0  0  0  0 ]  [ 0  0  0  0  0  0  0  1  0  0 ]  [ 0  0  0  0  1  0  0  0  0  0 ]  [ 0  0  0  0  0  0  0  0  1  0 ]  [ 0  0  0  0  0  0  0  1  0  0 ]  [ 0  0  0  0  0  0  0  0  1  0 ]  [ 0  0  0  1  0  0  0  0  0  0 ]  [ 0  0  0  0  1  0  0  0  0  0 ]  [ 0  0  0  0  1  0  0  0  0  0 ]  [ 0  0  0  0  0  0  0  0  0  1 ]  [ 0  0  0  0  0  0  0  0  0  1 ]  [ 1  0  0  0  0  0  0  0  0  0 ]  [ 0  0  0  0  0  1  0  0  0  0 ]  [ 0  0  0  0  0  0  0  0  0  1 ]  [ 1  0  0  0  0  0  0  0  0  0 ]  [ 0  1  0  0  0  0  0  0  0  0 ]  [ 0  0  0  0  0  0  0  0  0  1 ]  [ 0  0  0  0  1  0  0  0  0  0 ]  [ 0  0  0  0  0  0  0  1  0  0 ]  [ 0  0  0  0  0  1  0  0  0  0 ]  [ 0  0  0  0  1  0  0  0  0  0 ]  [ 0  0  0  0  1  0  0  0  0  0 ]  [ 0  0  0  0  0  0  0  0  0  1 ]  [ 0  0  1  0  0  0  0  0  0  0 ]  [ 0  0  0  0  0  0  0  0  0  1 ]  [ 0  0  0  1  0  0  0  0  0  0 ]  [ 1  0  0  0  0  0  0  0  0  0 ]  [ 0  0  0  0  0  0  0  0  1  0 ]  [ 0  0  0  0  1  0  0  0  0  0 ]  [ 0  0  0  0  0  0  0  1  0  0 ]  [ 0  0  0  1  0  0  0  0  0  0 ]  [ 0  0  0  0  0  1  0  0  0  0 ]  [ 0  0  0  0  0  0  0  0  1  0 ]  [ 0  0  1  0  0  0  0  0  0  0 ]  [ 0  1  0  0  0  0  0  0  0  0 ]  [ 0  0  0  0  0  0  0  0  0  1 ]  [ 1  0  0  0  0  0  0  0  0  0 ]  [ 0  0  0  0  0  0  0  0  0  1 ]  [ 0  0  1  0  0  0  0  0  0  0 ]  [ 0  0  1  0  0  0  0  0  0  0 ]  [ 0  0  1  0  0  0  0  0  0  0 ]  [ 0  0  0  0  0  0  0  0  0  1 ]  [ 0  0  0  0  0  0  0  1  0  0 ]  [ 0  0  1  0  0  0  0  0  0  0 ]  [ 0  0  0  0  0  0  0  0  1  0 ]  [ 0  0  0  0  0  0  0  0  0  1 ]  [ 0  0  0  0  0  1  0  0  0  0 ]  [ 1  0  0  0  0  0  0  0  0  0 ]  [ 0  0  0  0  0  1  0  0  0  0 ]  [ 0  0  0  0  1  0  0  0  0  0 ]  [ 0  1  0  0  0  0  0  0  0  0 ]  [ 0  0  0  0  0  0  1  0  0  0 ]  [ 0  0  0  0  1  0  0  0  0  0 ]  [ 0  0  0  1  0  0  0  0  0  0 ]  [ 0  0  0  0  0  0  0  0  1  0 ]  [ 0  0  0  0  0  1  0  0  0  0 ]  [ 0  1  0  0  0  0  0  0  0  0 ]  [ 0  0  0  0  0  0  0  1  0  0 ]  [ 0  0  0  0  0  0  0  0  0  1 ]  [ 0  0  0  0  0  0  1  0  0  0 ]  [ 0  1  0  0  0  0  0  0  0  0 ]  [ 0  1  0  0  0  0  0  0  0  0 ]  [ 0  0  0  0  0  0  1  0  0  0 ]  [ 0  0  0  0  0  1  0  0  0  0 ]  [ 1  0  0  0  0  0  0  0  0  0 ]  [ 0  0  0  1  0  0  0  0  0  0 ]  [ 0  0  0  0  0  0  1  0  0  0 ]  [ 0  0  0  0  0  1  0  0  0  0 ]  [ 0  0  0  0  0  0  0  1  0  0 ]  [ 0  0  0  0  0  0  1  0  0  0 ]  [ 0  1  0  0  0  0  0  0  0  0 ]  [ 0  0  0  0  0  0  1  0  0  0 ]  [ 0  0  0  0  0  1  0  0  0  0 ]  [ 0  1  0  0  0  0  0  0  0  0 ]  [ 0  1  0  0  0  0  0  0  0  0 ]  [ 0  0  0  1  0  0  0  0  0  0 ]  [ 0  0  0  0  0  0  0  0  0  1 ]  [ 0  0  0  0  0  0  0  0  0  1 ]  [ 0  0  0  0  0  0  0  0  1  0 ]  [ 0  0  0  1  0  0  0  0  0  0 ]  [ 0  0  0  1  0  0  0  0  0  0 ]  [ 0  0  0  0  0  0  0  1  0  0 ]  [ 1  0  0  0  0  0  0  0  0  0 ]  [ 0  0  0  0  0  1  0  0  0  0 ]  [ 0  0  0  0  1  0  0  0  0  0 ]  [ 0  0  0  0  0  0  0  1  0  0 ]  [ 0  0  0  1  0  0  0  0  0  0 ]  [ 0  0  0  0  0  0  1  0  0  0 ]  [ 0  0  0  0  0  0  0  1  0  0 ]  [ 0  0  1  0  0  0  0  0  0  0 ]  [ 0  0  1  0  0  0  0  0  0  0 ]  [ 0  0  0  0  0  0  0  1  0  0 ]  [ 0  0  0  1  0  0  0  0  0  0 ]  [ 0  0  0  1  0  0  0  0  0  0 ]  [ 0  0  0  0  0  0  0  0  1  0 ]  [ 0  0  0  0  0  1  0  0  0  0 ]  [ 0  0  1  0  0  0  0  0  0  0 ]  [ 0  0  0  0  0  1  0  0  0  0 ]  [ 0  0  0  0  0  0  0  0  1  0 ]  [ 0  1  0  0  0  0  0  0  0  0 ]  [ 0  0  0  0  0  0  0  0  0  1 ]  [ 0  0  0  1  0  0  0  0  0  0 ]  [ 1  0  0  0  0  0  0  0  0  0 ]  [ 0  0  0  1  0  0  0  0  0  0 ]  [ 0  0  0  0  0  1  0  0  0  0 ]  [ 0  0  0  0  0  1  0  0  0  0 ]  [ 0  0  0  0  0  0  0  0  0  1 ]  [ 1  0  0  0  0  0  0  0  0  0 ]  [ 0  0  1  0  0  0  0  0  0  0 ]  [ 0  0  0  1  0  0  0  0  0  0 ]  [ 0  0  0  0  0  0  0  0  0  1 ]  [ 0  0  1  0  0  0  0  0  0  0 ]  [ 0  0  0  0  0  1  0  0  0  0 ]  [ 0  1  0  0  0  0  0  0  0  0 ]  [ 0  0  0  0  0  0  0  1  0  0 ]  [ 0  0  0  0  0  0  1  0  0  0 ]  [ 0  0  1  0  0  0  0  0  0  0 ]  [ 0  0  0  0  0  1  0  0  0  0 ]  [ 0  0  0  0  0  0  1  0  0  0 ]  [ 0  0  0  0  0  0  0  0  0  1 ]  [ 0  0  0  1  0  0  0  0  0  0 ]  [ 0  1  0  0  0  0  0  0  0  0 ]  [ 0  0  0  0  0  0  0  0  0  1 ]  [ 0  0  0  1  0  0  0  0  0  0 ]  [ 0  0  1  0  0  0  0  0  0  0 ]  [ 0  0  0  0  0  0  0  0  1  0 ]  [ 0  0  0  0  0  0  0  1  0  0 ]  [ 0  0  0  1  0  0  0  0  0  0 ]  [ 0  0  0  0  0  0  1  0  0  0 ]  [ 0  0  0  0  1  0  0  0  0  0 ]  [ 0  0  0  0  1  0  0  0  0  0 ]  [ 0  0  0  0  0  1  0  0  0  0 ]  [ 0  0  0  0  1  0  0  0  0  0 ]  [ 0  0  0  0  0  1  0  0  0  0 ]  [ 0  0  0  1  0  0  0  0  0  0 ]  [ 1  0  0  0  0  0  0  0  0  0 ]  [ 0  0  1  0  0  0  0  0  0  0 ]  [ 0  0  0  1  0  0  0  0  0  0 ]  [ 0  0  0  1  0  0  0  0  0  0 ]  [ 0  0  0  0  0  0  0  1  0  0 ]  [ 0  1  0  0  0  0  0  0  0  0 ]  [ 1  0  0  0  0  0  0  0  0  0 ] ];

ObjRequests = {  <1,3,76>, <2,3,49>, <3,3,130>, <4,3,59>, <5,3,49>, <6,3,1>, <7,3,52>, <8,3,48>, <9,3,10>, <11,3,8>, <12,3,4>, <13,3,14>, <14,3,21>, <15,3,4>, <16,3,16>, <17,3,39>, <18,3,16>, <19,3,16>, <20,3,2>, <21,3,25>, <22,3,2>, <23,3,3>, <25,3,3>, <26,3,2>, <27,3,34>, <28,3,1>, <29,3,12>, <30,3,21>, <31,3,27>, <32,3,10>, <33,3,13>, <35,3,6>, <36,3,10>, <37,3,1>, <39,3,14>, <40,3,3>, <41,3,9>, <42,3,1>, <43,3,3>, <44,3,11>, <45,3,6>, <46,3,6>, <47,3,2>, <48,3,4>, <49,3,4>, <52,3,7>, <53,3,8>, <54,3,9>, <55,3,10>, <56,3,3>, <57,3,1>, <58,3,3>, <59,3,1>, <60,3,11>, <61,3,1>, <62,3,2>, <63,3,5>, <64,3,5>, <66,3,8>, <67,3,1>, <68,3,6>, <69,3,5>, <70,3,6>, <71,3,1>, <72,3,1>, <73,3,2>, <75,3,5>, <76,3,6>, <77,3,6>, <78,3,1>, <79,3,11>, <80,3,3>, <81,3,1>, <82,3,3>, <83,3,1>, <84,3,4>, <85,3,1>, <86,3,3>, <87,3,1>, <88,3,2>, <90,3,3>, <92,3,4>, <93,3,10>, <94,3,3>, <95,3,3>, <96,3,1>, <100,3,2>, <101,3,5>, <102,3,2>, <103,3,5>, <104,3,1>, <105,3,1>, <107,3,3>, <108,3,1>, <110,3,5>, <111,3,2>, <113,3,1>, <114,3,3>, <115,3,1>, <116,3,3>, <117,3,3>, <118,3,1>, <119,3,6>, <120,3,2>, <122,3,2>, <123,3,7>, <126,3,3>, <127,3,4>, <128,3,4>, <129,3,2>, <130,3,1>, <132,3,1>, <134,3,1>, <135,3,2>, <136,3,1>, <137,3,6>, <140,3,3>, <141,3,4>, <142,3,1>, <144,3,1>, <145,3,1>, <146,3,1>, <147,3,1>, <148,3,1>, <149,3,2>, <150,3,1>, <151,3,4>, <153,3,2>, <154,3,1>, <156,3,2>, <157,3,4>, <159,3,5>, <162,3,1>, <163,3,1>, <164,3,1>, <165,3,3>, <166,3,2>, <167,3,1>, <170,3,2>, <173,3,3>, <175,3,1>, <176,3,4>, <179,3,3>, <181,3,2>, <184,3,1>, <185,3,2>, <189,3,1>, <190,3,2>, <191,3,3>, <192,3,1>, <202,3,1>, <203,3,1>, <204,3,1>, <205,3,1>, <206,3,1>, <211,3,2>, <213,3,2>, <215,3,1>, <217,3,1>, <218,3,1>, <219,3,1>, <220,3,1>, <221,3,2>, <223,3,1>, <224,3,2>, <225,3,2>, <227,3,1>, <228,3,2>, <229,3,1>, <230,3,1>, <233,3,3>, <234,3,2>, <236,3,1>, <237,3,1>, <238,3,2>, <243,3,1>, <244,3,2>, <246,3,1>, <248,3,5>, <249,3,1>, <250,3,1>, <252,3,1>, <253,3,3>, <256,3,1>, <258,3,3>, <259,3,1>, <260,3,2>, <264,3,1>, <268,3,2>, <269,3,2>, <270,3,1>, <275,3,1>, <276,3,1>, <277,3,1>, <279,3,1>, <280,3,1>, <281,3,2>, <283,3,1>, <284,3,1>, <289,3,5>, <291,3,1>, <292,3,1>, <294,3,1>, <296,3,1>, <297,3,1>, <299,3,1>, <301,3,1>, <302,3,2>, <303,3,1>, <305,3,1>, <308,3,1>, <310,3,1>, <311,3,1>, <315,3,1>, <316,3,2>, <318,3,1>, <319,3,1>, <320,3,1>, <321,3,2>, <323,3,1>, <324,3,1>, <328,3,1>, <329,3,1>, <330,3,1>, <331,3,1>, <332,3,1>, <335,3,2>, <337,3,1>, <340,3,1>, <342,3,1>, <344,3,2>, <349,3,1>, <350,3,1>, <352,3,1>, <354,3,1>, <358,3,1>, <362,3,1>, <363,3,1>, <365,3,1>, <368,3,1>, <375,3,2>, <376,3,1>, <377,3,2>, <378,3,1>, <379,3,1>, <380,3,1>, <381,3,1>, <382,3,2>, <383,3,2>, <390,3,1>, <391,3,1>, <393,3,1>, <395,3,2>, <397,3,1>, <412,3,1>, <413,3,2>, <414,3,1>, <415,3,2>, <417,3,1>, <419,3,1>, <420,3,1>, <422,3,1>, <425,3,1>, <429,3,1>, <431,3,1>, <432,3,1>, <433,3,1>, <435,3,1>, <439,3,1>, <440,3,3>, <446,3,1>, <450,3,1>, <455,3,1>, <457,3,1>, <458,3,2>, <459,3,1>, <460,3,1>, <464,3,1>, <466,3,1>, <472,3,1>, <476,3,1>, <482,3,1>, <483,3,1>, <485,3,1>, <488,3,1>, <493,3,1>, <494,3,1>, <499,3,1>, <502,3,1>, <503,3,1>, <504,3,1>, <505,3,1>, <511,3,1>, <512,3,1>, <518,3,1>, <527,3,2>, <528,3,1>, <529,3,1>, <531,3,1>, <533,3,1>, <538,3,1>, <541,3,3>, <550,3,1>, <556,3,1>, <565,3,1>, <569,3,1>, <571,3,1>, <579,3,1>, <580,3,1>, <582,3,1>, <588,3,1>, <589,3,1>, <591,3,1>, <592,3,1>, <600,3,1>, <602,3,1>, <617,3,2>, <633,3,1>, <635,3,1>, <637,3,1>, <645,3,2>, <650,3,2>, <654,3,1>, <658,3,1>, <663,3,1>, <672,3,1>, <687,3,2>, <692,3,1>, <696,3,1>, <698,3,1>, <700,3,1>, <709,3,1>, <710,3,1>, <728,3,1>, <735,3,1>, <738,3,1>, <744,3,1>, <746,3,1>, <752,3,1>, <760,3,1>, <766,3,1>, <767,3,1>, <776,3,1>, <794,3,2>, <795,3,1>, <802,3,1>, <803,3,1>, <804,3,1>, <807,3,1>, <816,3,1>, <817,3,1>, <820,3,2>, <841,3,1>, <847,3,1>, <863,3,1>, <869,3,1>, <871,3,1>, <876,3,1>, <878,3,1>, <884,3,1>, <902,3,1>, <903,3,1>, <905,3,1>, <906,3,1>, <911,3,1>, <919,3,1>, <920,3,1>, <922,3,1>, <931,3,2>, <943,3,1>, <944,3,1>, <951,3,1>, <955,3,1>, <960,3,1>, <991,3,1>, <994,3,1>, <998,3,1>, <1000,3,1>, <1,4,152>, <2,4,6>, <3,4,104>, <4,4,15>, <5,4,38>, <6,4,45>, <7,4,43>, <8,4,10>, <9,4,14>, <10,4,45>, <11,4,19>, <12,4,1>, <13,4,6>, <15,4,34>, <16,4,8>, <18,4,20>, <19,4,4>, <20,4,1>, <21,4,8>, <22,4,26>, <23,4,27>, <24,4,34>, <25,4,19>, <26,4,3>, <27,4,3>, <28,4,8>, <29,4,9>, <30,4,3>, <31,4,11>, <32,4,14>, <33,4,1>, <34,4,3>, <35,4,1>, <36,4,4>, <37,4,4>, <38,4,4>, <39,4,8>, <40,4,11>, <41,4,2>, <42,4,3>, <43,4,9>, <44,4,6>, <45,4,2>, <46,4,8>, <47,4,3>, <48,4,5>, <49,4,1>, <50,4,9>, <51,4,6>, <52,4,2>, <53,4,4>, <55,4,5>, <56,4,1>, <57,4,2>, <58,4,7>, <59,4,6>, <60,4,2>, <61,4,2>, <62,4,7>, <63,4,1>, <64,4,19>, <67,4,1>, <68,4,1>, <69,4,1>, <70,4,2>, <71,4,3>, <72,4,2>, <73,4,3>, <74,4,7>, <75,4,6>, <76,4,2>, <77,4,7>, <78,4,9>, <80,4,2>, <83,4,1>, <84,4,2>, <85,4,5>, <86,4,2>, <87,4,2>, <89,4,2>, <90,4,1>, <91,4,2>, <92,4,2>, <93,4,1>, <95,4,3>, <96,4,6>, <97,4,9>, <98,4,1>, <99,4,1>, <100,4,1>, <104,4,3>, <105,4,1>, <106,4,3>, <107,4,4>, <108,4,1>, <110,4,2>, <111,4,1>, <112,4,1>, <113,4,2>, <114,4,5>, <115,4,1>, <116,4,6>, <117,4,6>, <118,4,5>, <119,4,2>, <120,4,2>, <123,4,5>, <124,4,2>, <125,4,4>, <126,4,1>, <128,4,1>, <129,4,2>, <130,4,1>, <131,4,2>, <132,4,1>, <133,4,1>, <134,4,1>, <135,4,8>, <137,4,1>, <138,4,1>, <139,4,1>, <143,4,2>, <144,4,2>, <145,4,2>, <146,4,1>, <147,4,3>, <148,4,1>, <149,4,1>, <150,4,1>, <151,4,5>, <152,4,1>, <153,4,4>, <154,4,4>, <158,4,3>, <159,4,2>, <160,4,2>, <162,4,1>, <163,4,1>, <166,4,1>, <167,4,5>, <168,4,5>, <173,4,1>, <176,4,1>, <177,4,1>, <178,4,1>, <181,4,1>, <183,4,2>, <184,4,2>, <185,4,2>, <187,4,1>, <188,4,2>, <191,4,1>, <192,4,2>, <193,4,1>, <194,4,4>, <195,4,1>, <196,4,1>, <197,4,1>, <198,4,1>, <199,4,1>, <200,4,2>, <201,4,2>, <202,4,1>, <203,4,1>, <204,4,2>, <205,4,1>, <209,4,2>, <210,4,1>, <216,4,1>, <217,4,2>, <218,4,2>, <219,4,1>, <220,4,1>, <226,4,1>, <227,4,5>, <228,4,4>, <229,4,2>, <231,4,1>, <232,4,1>, <234,4,2>, <235,4,1>, <237,4,2>, <239,4,2>, <240,4,1>, <241,4,1>, <242,4,1>, <243,4,3>, <244,4,1>, <247,4,4>, <250,4,1>, <251,4,1>, <252,4,1>, <254,4,1>, <255,4,1>, <257,4,1>, <258,4,1>, <259,4,1>, <260,4,1>, <261,4,1>, <263,4,1>, <265,4,1>, <267,4,1>, <268,4,3>, <270,4,1>, <271,4,1>, <272,4,1>, <273,4,1>, <275,4,1>, <277,4,1>, <278,4,1>, <279,4,1>, <285,4,1>, <286,4,2>, <287,4,2>, <289,4,1>, <291,4,1>, <294,4,2>, <295,4,1>, <297,4,1>, <298,4,1>, <301,4,1>, <305,4,1>, <307,4,1>, <309,4,1>, <310,4,1>, <311,4,1>, <314,4,1>, <315,4,2>, <316,4,1>, <321,4,1>, <323,4,1>, <326,4,4>, <328,4,1>, <331,4,1>, <333,4,1>, <335,4,1>, <336,4,1>, <337,4,1>, <339,4,1>, <340,4,1>, <341,4,1>, <344,4,1>, <345,4,2>, <349,4,1>, <350,4,2>, <351,4,1>, <352,4,1>, <353,4,3>, <354,4,1>, <357,4,1>, <360,4,1>, <361,4,1>, <362,4,1>, <363,4,1>, <365,4,1>, <366,4,1>, <368,4,1>, <369,4,1>, <370,4,1>, <371,4,1>, <372,4,1>, <376,4,1>, <382,4,1>, <386,4,1>, <388,4,1>, <389,4,1>, <390,4,1>, <392,4,2>, <393,4,2>, <399,4,1>, <406,4,1>, <409,4,1>, <412,4,1>, <415,4,4>, <422,4,1>, <424,4,1>, <427,4,3>, <428,4,1>, <429,4,1>, <430,4,1>, <432,4,1>, <435,4,1>, <438,4,1>, <439,4,1>, <440,4,1>, <443,4,1>, <444,4,1>, <448,4,1>, <455,4,1>, <457,4,1>, <461,4,1>, <463,4,1>, <464,4,2>, <465,4,2>, <468,4,1>, <469,4,1>, <471,4,1>, <479,4,1>, <483,4,1>, <486,4,1>, <487,4,1>, <488,4,1>, <491,4,1>, <494,4,2>, <495,4,1>, <498,4,1>, <499,4,1>, <502,4,1>, <505,4,1>, <507,4,1>, <509,4,1>, <512,4,3>, <513,4,1>, <525,4,1>, <526,4,1>, <527,4,1>, <531,4,1>, <533,4,2>, <541,4,1>, <544,4,1>, <548,4,1>, <551,4,1>, <553,4,1>, <555,4,1>, <558,4,1>, <561,4,1>, <566,4,1>, <569,4,1>, <571,4,1>, <572,4,2>, <575,4,1>, <583,4,1>, <584,4,1>, <588,4,3>, <592,4,2>, <595,4,1>, <603,4,1>, <615,4,1>, <617,4,1>, <618,4,2>, <619,4,1>, <626,4,1>, <638,4,1>, <648,4,1>, <681,4,1>, <683,4,1>, <688,4,1>, <691,4,2>, <714,4,1>, <717,4,1>, <727,4,1>, <732,4,1>, <742,4,1>, <754,4,1>, <756,4,1>, <762,4,2>, <766,4,1>, <776,4,1>, <784,4,1>, <788,4,2>, <797,4,1>, <804,4,1>, <810,4,1>, <811,4,1>, <817,4,1>, <824,4,1>, <826,4,1>, <829,4,1>, <838,4,1>, <844,4,1>, <850,4,1>, <855,4,1>, <860,4,1>, <875,4,1>, <877,4,1>, <878,4,1>, <884,4,1>, <885,4,1>, <890,4,1>, <894,4,1>, <913,4,1>, <914,4,1>, <930,4,1>, <932,4,1>, <934,4,1>, <938,4,1>, <949,4,1>, <957,4,1>, <963,4,1>, <977,4,1>, <989,4,1>, <992,4,1>, <994,4,1>, <999,4,1>, <1,7,47>, <2,7,335>, <3,7,210>, <4,7,20>, <5,7,17>, <6,7,12>, <7,7,76>, <8,7,36>, <9,7,31>, <10,7,8>, <11,7,48>, <12,7,26>, <13,7,47>, <14,7,29>, <15,7,1>, <16,7,13>, <17,7,1>, <18,7,37>, <19,7,10>, <20,7,11>, <21,7,25>, <22,7,2>, <23,7,15>, <24,7,20>, <25,7,5>, <26,7,1>, <27,7,3>, <28,7,6>, <29,7,12>, <30,7,3>, <31,7,1>, <32,7,14>, <33,7,2>, <34,7,8>, <36,7,4>, <37,7,4>, <38,7,10>, <39,7,2>, <40,7,7>, <41,7,13>, <42,7,11>, <45,7,3>, <46,7,3>, <47,7,1>, <48,7,2>, <49,7,2>, <50,7,15>, <51,7,3>, <52,7,10>, <54,7,7>, <55,7,2>, <56,7,8>, <57,7,9>, <58,7,2>, <59,7,4>, <60,7,4>, <61,7,5>, <62,7,4>, <63,7,2>, <64,7,4>, <65,7,3>, <66,7,5>, <67,7,9>, <70,7,3>, <71,7,1>, <72,7,1>, <73,7,2>, <74,7,13>, <77,7,1>, <79,7,3>, <80,7,5>, <82,7,2>, <83,7,6>, <84,7,2>, <85,7,1>, <87,7,1>, <88,7,7>, <89,7,1>, <90,7,2>, <92,7,3>, <93,7,3>, <95,7,3>, <96,7,3>, <97,7,3>, <98,7,10>, <99,7,3>, <100,7,1>, <102,7,1>, <105,7,2>, <106,7,1>, <108,7,6>, <109,7,1>, <110,7,3>, <111,7,1>, <113,7,6>, <116,7,4>, <117,7,2>, <118,7,1>, <119,7,5>, <120,7,1>, <121,7,1>, <122,7,1>, <124,7,1>, <125,7,2>, <126,7,2>, <129,7,2>, <132,7,1>, <133,7,1>, <134,7,5>, <135,7,1>, <136,7,3>, <137,7,1>, <138,7,3>, <139,7,3>, <140,7,2>, <141,7,7>, <142,7,1>, <143,7,7>, <144,7,1>, <148,7,2>, <149,7,1>, <150,7,2>, <151,7,2>, <152,7,2>, <153,7,3>, <155,7,1>, <156,7,2>, <158,7,5>, <159,7,1>, <160,7,1>, <162,7,1>, <164,7,3>, <165,7,2>, <166,7,1>, <167,7,2>, <168,7,1>, <169,7,1>, <170,7,3>, <171,7,2>, <172,7,2>, <173,7,1>, <174,7,1>, <176,7,2>, <177,7,1>, <178,7,1>, <181,7,3>, <182,7,3>, <184,7,2>, <186,7,1>, <187,7,1>, <188,7,2>, <189,7,5>, <190,7,1>, <191,7,2>, <192,7,3>, <194,7,2>, <197,7,4>, <198,7,1>, <199,7,1>, <200,7,1>, <201,7,1>, <203,7,1>, <206,7,1>, <207,7,1>, <210,7,1>, <212,7,1>, <214,7,1>, <215,7,1>, <216,7,1>, <218,7,2>, <220,7,1>, <221,7,2>, <223,7,5>, <224,7,1>, <227,7,1>, <228,7,1>, <229,7,4>, <231,7,1>, <232,7,1>, <233,7,1>, <234,7,1>, <235,7,3>, <236,7,1>, <241,7,2>, <243,7,1>, <245,7,1>, <246,7,1>, <248,7,1>, <249,7,1>, <251,7,1>, <253,7,1>, <257,7,1>, <258,7,1>, <260,7,4>, <261,7,1>, <266,7,1>, <267,7,1>, <269,7,4>, <270,7,1>, <271,7,1>, <272,7,1>, <273,7,1>, <274,7,1>, <276,7,2>, <277,7,1>, <279,7,2>, <281,7,2>, <284,7,1>, <288,7,1>, <291,7,1>, <293,7,1>, <295,7,1>, <296,7,1>, <300,7,2>, <305,7,1>, <308,7,2>, <310,7,3>, <312,7,3>, <313,7,1>, <314,7,1>, <316,7,1>, <317,7,1>, <322,7,1>, <325,7,1>, <326,7,1>, <327,7,2>, <329,7,1>, <335,7,3>, <336,7,1>, <337,7,1>, <340,7,1>, <341,7,1>, <343,7,1>, <349,7,1>, <351,7,1>, <357,7,4>, <361,7,1>, <362,7,1>, <364,7,1>, <365,7,1>, <370,7,2>, <371,7,1>, <375,7,1>, <383,7,1>, <385,7,1>, <388,7,1>, <389,7,1>, <391,7,1>, <395,7,1>, <397,7,1>, <399,7,1>, <406,7,1>, <407,7,1>, <408,7,1>, <410,7,1>, <411,7,1>, <413,7,1>, <414,7,1>, <419,7,1>, <422,7,1>, <426,7,1>, <427,7,1>, <431,7,2>, <432,7,1>, <434,7,2>, <435,7,1>, <440,7,1>, <445,7,1>, <450,7,1>, <452,7,1>, <454,7,1>, <457,7,1>, <458,7,1>, <462,7,1>, <466,7,1>, <468,7,1>, <470,7,1>, <472,7,2>, <476,7,2>, <480,7,1>, <481,7,1>, <483,7,1>, <485,7,2>, <486,7,1>, <491,7,1>, <493,7,3>, <495,7,1>, <498,7,1>, <502,7,1>, <506,7,1>, <507,7,1>, <508,7,1>, <510,7,1>, <512,7,1>, <513,7,3>, <515,7,1>, <523,7,1>, <526,7,1>, <533,7,1>, <538,7,1>, <544,7,1>, <545,7,1>, <564,7,1>, <566,7,2>, <570,7,1>, <571,7,1>, <572,7,1>, <575,7,1>, <578,7,1>, <579,7,1>, <583,7,1>, <588,7,1>, <589,7,1>, <604,7,1>, <612,7,1>, <613,7,1>, <614,7,1>, <616,7,1>, <617,7,1>, <626,7,1>, <637,7,1>, <645,7,1>, <678,7,1>, <679,7,1>, <685,7,1>, <691,7,1>, <692,7,1>, <695,7,1>, <698,7,1>, <700,7,1>, <704,7,2>, <710,7,1>, <712,7,2>, <720,7,1>, <721,7,1>, <725,7,1>, <728,7,1>, <746,7,1>, <758,7,1>, <759,7,1>, <760,7,1>, <763,7,1>, <769,7,1>, <778,7,1>, <786,7,2>, <787,7,2>, <795,7,1>, <797,7,1>, <804,7,1>, <808,7,1>, <814,7,1>, <826,7,1>, <832,7,1>, <834,7,1>, <835,7,2>, <837,7,1>, <839,7,2>, <850,7,1>, <855,7,1>, <866,7,1>, <871,7,1>, <876,7,1>, <884,7,1>, <887,7,1>, <911,7,1>, <920,7,2>, <928,7,1>, <930,7,1>, <931,7,1>, <933,7,1>, <935,7,1>, <938,7,1>, <942,7,1>, <943,7,1>, <952,7,1>, <958,7,1>, <977,7,1>, <988,7,1>, <990,7,1>, <996,7,1>, <997,7,1>, <1,9,127>, <2,9,32>, <3,9,52>, <4,9,32>, <5,9,28>, <6,9,9>, <7,9,16>, <8,9,22>, <9,9,57>, <10,9,22>, <11,9,7>, <12,9,46>, <13,9,9>, <14,9,14>, <15,9,10>, <16,9,18>, <17,9,31>, <18,9,9>, <19,9,56>, <20,9,2>, <21,9,6>, <22,9,26>, <23,9,1>, <24,9,11>, <25,9,6>, <26,9,2>, <27,9,4>, <28,9,23>, <29,9,2>, <30,9,1>, <31,9,8>, <32,9,4>, <33,9,9>, <35,9,13>, <36,9,18>, <37,9,1>, <38,9,5>, <39,9,3>, <40,9,3>, <41,9,3>, <42,9,3>, <43,9,1>, <44,9,11>, <45,9,12>, <46,9,7>, <47,9,2>, <48,9,4>, <50,9,2>, <51,9,4>, <52,9,1>, <53,9,8>, <54,9,5>, <55,9,6>, <56,9,1>, <57,9,1>, <58,9,2>, <59,9,12>, <60,9,4>, <61,9,1>, <62,9,4>, <63,9,9>, <64,9,2>, <65,9,11>, <66,9,6>, <67,9,3>, <68,9,3>, <70,9,5>, <71,9,3>, <72,9,3>, <73,9,1>, <74,9,3>, <75,9,4>, <76,9,1>, <77,9,2>, <78,9,6>, <79,9,2>, <81,9,3>, <83,9,2>, <85,9,3>, <86,9,1>, <87,9,4>, <89,9,5>, <90,9,2>, <91,9,1>, <92,9,1>, <93,9,3>, <95,9,5>, <96,9,1>, <99,9,1>, <100,9,2>, <102,9,1>, <103,9,1>, <104,9,1>, <105,9,3>, <106,9,2>, <107,9,1>, <108,9,1>, <109,9,5>, <110,9,3>, <111,9,5>, <113,9,3>, <114,9,2>, <116,9,2>, <117,9,2>, <118,9,1>, <119,9,1>, <120,9,1>, <121,9,1>, <122,9,1>, <123,9,6>, <126,9,3>, <127,9,2>, <128,9,5>, <130,9,1>, <131,9,1>, <132,9,3>, <133,9,4>, <134,9,1>, <136,9,1>, <138,9,1>, <139,9,1>, <140,9,2>, <143,9,2>, <144,9,1>, <145,9,1>, <146,9,1>, <148,9,2>, <149,9,2>, <150,9,4>, <151,9,2>, <153,9,1>, <154,9,1>, <158,9,1>, <159,9,2>, <160,9,1>, <161,9,2>, <163,9,2>, <164,9,1>, <165,9,7>, <166,9,2>, <168,9,2>, <169,9,2>, <170,9,2>, <171,9,3>, <172,9,5>, <173,9,1>, <174,9,1>, <176,9,3>, <177,9,3>, <179,9,4>, <181,9,1>, <183,9,1>, <184,9,1>, <185,9,2>, <186,9,1>, <188,9,3>, <193,9,2>, <194,9,2>, <195,9,2>, <196,9,2>, <197,9,2>, <199,9,3>, <201,9,1>, <204,9,2>, <206,9,2>, <207,9,1>, <209,9,1>, <210,9,1>, <211,9,1>, <213,9,1>, <214,9,1>, <215,9,6>, <216,9,1>, <217,9,3>, <219,9,1>, <220,9,1>, <221,9,1>, <223,9,3>, <224,9,1>, <226,9,4>, <227,9,1>, <229,9,1>, <230,9,3>, <231,9,2>, <232,9,4>, <233,9,2>, <235,9,2>, <237,9,1>, <238,9,2>, <240,9,1>, <243,9,1>, <244,9,1>, <245,9,2>, <246,9,3>, <247,9,2>, <248,9,1>, <249,9,1>, <251,9,1>, <255,9,1>, <256,9,1>, <257,9,1>, <258,9,5>, <262,9,1>, <263,9,1>, <265,9,1>, <267,9,2>, <270,9,2>, <276,9,1>, <277,9,1>, <278,9,2>, <281,9,1>, <283,9,1>, <285,9,1>, <289,9,1>, <292,9,1>, <294,9,1>, <295,9,2>, <296,9,1>, <299,9,1>, <302,9,1>, <303,9,1>, <304,9,1>, <305,9,1>, <309,9,1>, <311,9,1>, <315,9,1>, <319,9,1>, <322,9,1>, <325,9,1>, <328,9,2>, <332,9,1>, <336,9,1>, <337,9,1>, <339,9,2>, <341,9,1>, <344,9,3>, <346,9,1>, <348,9,1>, <351,9,1>, <352,9,2>, <356,9,2>, <358,9,2>, <360,9,1>, <363,9,1>, <365,9,1>, <368,9,1>, <369,9,1>, <372,9,1>, <377,9,1>, <378,9,2>, <379,9,1>, <380,9,1>, <383,9,1>, <384,9,1>, <386,9,2>, <391,9,1>, <394,9,1>, <397,9,1>, <400,9,1>, <401,9,1>, <404,9,1>, <407,9,1>, <409,9,1>, <413,9,2>, <421,9,2>, <423,9,1>, <427,9,1>, <430,9,1>, <431,9,1>, <433,9,1>, <435,9,1>, <436,9,1>, <437,9,1>, <438,9,2>, <440,9,1>, <441,9,1>, <443,9,2>, <451,9,1>, <456,9,1>, <458,9,1>, <459,9,1>, <460,9,3>, <461,9,1>, <462,9,1>, <463,9,1>, <465,9,2>, <478,9,1>, <485,9,1>, <488,9,1>, <493,9,2>, <494,9,1>, <495,9,1>, <497,9,1>, <506,9,1>, <507,9,3>, <509,9,1>, <512,9,2>, <513,9,1>, <514,9,1>, <520,9,1>, <521,9,3>, <525,9,1>, <528,9,1>, <530,9,1>, <533,9,1>, <535,9,2>, <540,9,1>, <544,9,1>, <545,9,1>, <547,9,1>, <548,9,1>, <551,9,1>, <552,9,1>, <556,9,1>, <561,9,1>, <563,9,1>, <564,9,1>, <566,9,1>, <576,9,1>, <577,9,1>, <580,9,1>, <581,9,1>, <582,9,1>, <591,9,2>, <608,9,1>, <609,9,1>, <611,9,1>, <612,9,1>, <619,9,1>, <643,9,1>, <644,9,1>, <647,9,1>, <648,9,1>, <649,9,1>, <650,9,1>, <651,9,1>, <659,9,1>, <672,9,1>, <681,9,1>, <684,9,1>, <686,9,1>, <687,9,1>, <689,9,1>, <691,9,1>, <696,9,1>, <697,9,1>, <698,9,1>, <700,9,1>, <709,9,1>, <713,9,1>, <716,9,1>, <724,9,1>, <725,9,1>, <735,9,1>, <746,9,1>, <756,9,1>, <758,9,1>, <763,9,1>, <768,9,1>, <769,9,1>, <780,9,1>, <786,9,2>, <787,9,1>, <788,9,1>, <803,9,1>, <805,9,1>, <817,9,1>, <824,9,1>, <834,9,1>, <839,9,1>, <843,9,1>, <845,9,1>, <850,9,1>, <855,9,1>, <864,9,1>, <871,9,1>, <877,9,1>, <878,9,1>, <884,9,1>, <894,9,1>, <906,9,1>, <913,9,1>, <919,9,1>, <941,9,1>, <960,9,1>, <964,9,1>, <985,9,1>, <992,9,1>, <998,9,1>, <1000,9,1>, <1,10,406>, <2,10,109>, <3,10,19>, <4,10,41>, <5,10,13>, <6,10,57>, <7,10,10>, <8,10,15>, <9,10,19>, <10,10,4>, <11,10,32>, <12,10,25>, <13,10,2>, <14,10,19>, <15,10,2>, <16,10,5>, <17,10,4>, <18,10,3>, <19,10,1>, <20,10,8>, <21,10,7>, <22,10,12>, <23,10,2>, <24,10,1>, <25,10,4>, <26,10,9>, <27,10,25>, <28,10,17>, <29,10,16>, <30,10,3>, <31,10,18>, <32,10,3>, <33,10,3>, <35,10,3>, <36,10,2>, <37,10,15>, <38,10,2>, <39,10,2>, <40,10,13>, <42,10,1>, <43,10,1>, <44,10,7>, <45,10,3>, <47,10,1>, <48,10,18>, <49,10,15>, <50,10,3>, <51,10,13>, <53,10,1>, <54,10,2>, <55,10,1>, <56,10,5>, <58,10,9>, <59,10,11>, <60,10,3>, <61,10,2>, <62,10,3>, <63,10,4>, <64,10,1>, <66,10,3>, <67,10,3>, <69,10,13>, <70,10,3>, <71,10,1>, <72,10,2>, <74,10,1>, <76,10,2>, <78,10,1>, <79,10,1>, <80,10,1>, <81,10,10>, <82,10,5>, <83,10,3>, <84,10,3>, <85,10,2>, <86,10,2>, <87,10,1>, <88,10,7>, <89,10,2>, <90,10,3>, <91,10,4>, <92,10,4>, <93,10,5>, <94,10,1>, <95,10,4>, <96,10,1>, <98,10,2>, <99,10,2>, <100,10,1>, <101,10,1>, <102,10,2>, <103,10,4>, <108,10,1>, <109,10,4>, <111,10,2>, <112,10,8>, <114,10,2>, <115,10,2>, <117,10,1>, <118,10,2>, <119,10,2>, <120,10,1>, <121,10,4>, <122,10,1>, <124,10,2>, <125,10,2>, <126,10,1>, <127,10,1>, <129,10,2>, <130,10,2>, <131,10,1>, <133,10,8>, <134,10,1>, <135,10,1>, <137,10,3>, <139,10,1>, <141,10,2>, <143,10,2>, <144,10,2>, <145,10,1>, <146,10,1>, <147,10,2>, <149,10,3>, <150,10,2>, <151,10,3>, <152,10,2>, <153,10,1>, <154,10,1>, <155,10,1>, <156,10,1>, <157,10,1>, <159,10,4>, <160,10,1>, <161,10,4>, <162,10,1>, <167,10,1>, <168,10,1>, <169,10,1>, <170,10,3>, <171,10,1>, <173,10,1>, <175,10,1>, <176,10,1>, <178,10,1>, <179,10,4>, <180,10,1>, <182,10,4>, <183,10,1>, <185,10,2>, <186,10,5>, <188,10,1>, <189,10,1>, <191,10,3>, <194,10,1>, <196,10,2>, <197,10,1>, <198,10,2>, <199,10,1>, <200,10,3>, <201,10,4>, <204,10,1>, <205,10,1>, <207,10,2>, <209,10,4>, <210,10,1>, <211,10,1>, <213,10,2>, <215,10,4>, <218,10,2>, <219,10,1>, <220,10,1>, <221,10,2>, <224,10,1>, <225,10,1>, <226,10,2>, <227,10,1>, <229,10,1>, <230,10,1>, <231,10,1>, <232,10,2>, <233,10,2>, <235,10,1>, <236,10,3>, <239,10,1>, <240,10,1>, <241,10,1>, <242,10,2>, <244,10,1>, <246,10,1>, <247,10,3>, <248,10,1>, <250,10,2>, <251,10,1>, <254,10,3>, <256,10,1>, <257,10,2>, <259,10,1>, <262,10,1>, <265,10,2>, <266,10,1>, <267,10,1>, <268,10,1>, <271,10,1>, <273,10,2>, <274,10,1>, <275,10,1>, <276,10,1>, <277,10,1>, <279,10,1>, <280,10,1>, <281,10,1>, <282,10,1>, <283,10,1>, <284,10,2>, <286,10,1>, <288,10,1>, <289,10,3>, <290,10,1>, <291,10,1>, <294,10,1>, <296,10,1>, <301,10,1>, <302,10,1>, <307,10,1>, <308,10,4>, <309,10,1>, <310,10,2>, <311,10,1>, <313,10,1>, <315,10,1>, <316,10,4>, <318,10,1>, <322,10,1>, <325,10,1>, <328,10,1>, <329,10,1>, <330,10,1>, <331,10,1>, <337,10,2>, <338,10,1>, <339,10,1>, <342,10,1>, <343,10,1>, <344,10,2>, <345,10,1>, <346,10,1>, <347,10,1>, <349,10,1>, <353,10,1>, <355,10,1>, <357,10,1>, <358,10,1>, <364,10,1>, <366,10,1>, <372,10,1>, <380,10,1>, <384,10,2>, <386,10,1>, <388,10,1>, <392,10,2>, <393,10,5>, <397,10,3>, <403,10,1>, <414,10,1>, <417,10,1>, <420,10,1>, <421,10,1>, <423,10,2>, <431,10,1>, <434,10,1>, <435,10,1>, <438,10,1>, <440,10,2>, <444,10,1>, <447,10,2>, <451,10,2>, <454,10,1>, <456,10,1>, <461,10,1>, <464,10,1>, <471,10,1>, <472,10,1>, <477,10,1>, <479,10,1>, <481,10,1>, <483,10,2>, <486,10,3>, <488,10,1>, <491,10,3>, <493,10,1>, <494,10,1>, <497,10,1>, <504,10,1>, <505,10,1>, <507,10,1>, <509,10,1>, <515,10,1>, <517,10,2>, <519,10,1>, <521,10,1>, <527,10,1>, <530,10,1>, <531,10,1>, <532,10,1>, <536,10,1>, <540,10,1>, <541,10,1>, <543,10,1>, <545,10,1>, <555,10,1>, <556,10,1>, <565,10,1>, <568,10,1>, <571,10,1>, <572,10,1>, <575,10,1>, <577,10,2>, <583,10,2>, <587,10,1>, <588,10,2>, <591,10,1>, <603,10,1>, <608,10,1>, <623,10,1>, <626,10,1>, <631,10,1>, <633,10,1>, <637,10,1>, <641,10,1>, <643,10,1>, <646,10,1>, <651,10,1>, <654,10,1>, <655,10,1>, <659,10,1>, <660,10,1>, <663,10,1>, <664,10,2>, <669,10,1>, <679,10,2>, <687,10,1>, <691,10,1>, <692,10,1>, <696,10,1>, <698,10,1>, <700,10,1>, <712,10,1>, <713,10,1>, <718,10,1>, <720,10,1>, <721,10,1>, <724,10,1>, <725,10,1>, <735,10,1>, <736,10,1>, <741,10,1>, <742,10,2>, <746,10,1>, <756,10,1>, <762,10,2>, <764,10,1>, <770,10,1>, <780,10,2>, <788,10,1>, <797,10,1>, <803,10,1>, <804,10,1>, <805,10,1>, <811,10,1>, <828,10,1>, <830,10,2>, <847,10,1>, <852,10,1>, <870,10,1>, <877,10,1>, <882,10,1>, <898,10,1>, <914,10,1>, <919,10,1>, <933,10,1>, <938,10,1>, <939,10,1>, <942,10,1>, <943,10,1>, <956,10,1>, <976,10,1>, <977,10,1>, <979,10,1>, <988,10,1>, <1,2,97>, <2,2,316>, <3,2,1>, <4,2,44>, <5,2,167>, <6,2,45>, <7,2,58>, <8,2,12>, <9,2,18>, <10,2,2>, <11,2,31>, <12,2,18>, <13,2,3>, <14,2,31>, <15,2,7>, <16,2,15>, <17,2,2>, <18,2,17>, <19,2,34>, <20,2,18>, <21,2,10>, <22,2,5>, <23,2,5>, <24,2,8>, <25,2,8>, <26,2,11>, <27,2,11>, <28,2,5>, <29,2,4>, <30,2,1>, <31,2,7>, <32,2,17>, <33,2,4>, <34,2,18>, <35,2,6>, <36,2,3>, <37,2,6>, <38,2,10>, <39,2,6>, <41,2,8>, <42,2,4>, <43,2,6>, <44,2,14>, <45,2,1>, <46,2,6>, <47,2,5>, <49,2,11>, <50,2,10>, <51,2,5>, <52,2,5>, <53,2,7>, <54,2,12>, <55,2,2>, <57,2,2>, <58,2,1>, <59,2,3>, <61,2,1>, <63,2,2>, <64,2,2>, <65,2,1>, <67,2,2>, <68,2,3>, <69,2,1>, <70,2,6>, <71,2,1>, <72,2,2>, <73,2,1>, <74,2,3>, <75,2,5>, <76,2,2>, <77,2,5>, <78,2,1>, <79,2,1>, <80,2,8>, <81,2,2>, <82,2,4>, <83,2,5>, <84,2,6>, <85,2,2>, <86,2,3>, <87,2,1>, <88,2,1>, <90,2,3>, <91,2,2>, <92,2,6>, <94,2,5>, <95,2,3>, <97,2,1>, <100,2,1>, <101,2,1>, <102,2,3>, <103,2,1>, <104,2,1>, <105,2,1>, <106,2,3>, <109,2,4>, <110,2,2>, <111,2,3>, <112,2,1>, <113,2,1>, <114,2,5>, <115,2,2>, <116,2,1>, <118,2,1>, <119,2,2>, <120,2,2>, <121,2,1>, <123,2,1>, <125,2,1>, <126,2,4>, <128,2,6>, <129,2,1>, <130,2,3>, <131,2,1>, <132,2,4>, <133,2,2>, <135,2,1>, <136,2,2>, <137,2,1>, <138,2,2>, <139,2,1>, <142,2,2>, <143,2,1>, <144,2,1>, <145,2,1>, <147,2,3>, <148,2,1>, <151,2,3>, <152,2,6>, <155,2,6>, <157,2,1>, <158,2,2>, <159,2,1>, <160,2,1>, <161,2,5>, <162,2,1>, <163,2,1>, <164,2,1>, <166,2,3>, <169,2,4>, <170,2,1>, <171,2,1>, <172,2,6>, <173,2,1>, <174,2,1>, <175,2,2>, <176,2,2>, <177,2,2>, <179,2,1>, <180,2,1>, <182,2,2>, <183,2,1>, <184,2,1>, <188,2,1>, <189,2,2>, <190,2,3>, <192,2,2>, <193,2,1>, <194,2,2>, <196,2,1>, <198,2,1>, <199,2,1>, <200,2,1>, <201,2,1>, <203,2,7>, <206,2,2>, <207,2,6>, <209,2,1>, <210,2,1>, <213,2,4>, <217,2,1>, <220,2,1>, <221,2,1>, <223,2,1>, <226,2,2>, <228,2,2>, <230,2,1>, <234,2,1>, <235,2,1>, <237,2,1>, <239,2,3>, <240,2,1>, <243,2,1>, <247,2,1>, <248,2,1>, <250,2,3>, <251,2,1>, <252,2,3>, <256,2,1>, <257,2,1>, <260,2,3>, <263,2,1>, <268,2,2>, <271,2,1>, <273,2,1>, <274,2,1>, <275,2,1>, <276,2,1>, <279,2,2>, <280,2,1>, <282,2,2>, <288,2,1>, <290,2,3>, <291,2,2>, <294,2,1>, <297,2,1>, <299,2,1>, <301,2,1>, <303,2,1>, <304,2,1>, <305,2,1>, <307,2,1>, <308,2,1>, <309,2,1>, <310,2,1>, <312,2,1>, <318,2,1>, <319,2,1>, <321,2,1>, <322,2,1>, <323,2,1>, <324,2,1>, <325,2,1>, <328,2,1>, <329,2,2>, <331,2,1>, <332,2,1>, <333,2,1>, <335,2,1>, <336,2,1>, <340,2,1>, <341,2,1>, <342,2,1>, <345,2,3>, <347,2,1>, <348,2,1>, <349,2,1>, <354,2,2>, <355,2,1>, <358,2,1>, <360,2,1>, <363,2,1>, <368,2,1>, <370,2,1>, <376,2,1>, <377,2,1>, <379,2,1>, <381,2,1>, <384,2,1>, <386,2,1>, <387,2,1>, <389,2,1>, <390,2,1>, <392,2,1>, <395,2,1>, <397,2,1>, <402,2,2>, <403,2,1>, <404,2,1>, <405,2,1>, <407,2,1>, <410,2,1>, <412,2,1>, <413,2,1>, <415,2,2>, <418,2,1>, <419,2,2>, <420,2,1>, <423,2,1>, <425,2,1>, <427,2,1>, <429,2,1>, <431,2,1>, <432,2,2>, <441,2,1>, <443,2,1>, <444,2,2>, <449,2,1>, <451,2,1>, <454,2,2>, <456,2,1>, <457,2,1>, <459,2,1>, <461,2,1>, <462,2,1>, <463,2,1>, <464,2,1>, <465,2,1>, <466,2,2>, <469,2,1>, <470,2,1>, <480,2,1>, <481,2,1>, <482,2,1>, <485,2,2>, <489,2,1>, <495,2,1>, <499,2,1>, <512,2,1>, <513,2,1>, <515,2,1>, <517,2,2>, <523,2,1>, <524,2,1>, <525,2,1>, <528,2,1>, <530,2,1>, <531,2,1>, <538,2,1>, <540,2,1>, <543,2,1>, <544,2,1>, <547,2,2>, <555,2,1>, <556,2,1>, <557,2,1>, <558,2,1>, <561,2,1>, <564,2,1>, <566,2,1>, <568,2,1>, <572,2,1>, <582,2,1>, <588,2,1>, <591,2,1>, <599,2,1>, <600,2,2>, <602,2,1>, <609,2,1>, <611,2,2>, <612,2,1>, <614,2,1>, <615,2,1>, <616,2,1>, <626,2,1>, <630,2,1>, <645,2,1>, <647,2,1>, <648,2,2>, <654,2,2>, <659,2,2>, <663,2,1>, <666,2,1>, <672,2,1>, <675,2,1>, <677,2,1>, <680,2,1>, <683,2,1>, <685,2,1>, <687,2,1>, <689,2,1>, <697,2,1>, <701,2,1>, <704,2,1>, <712,2,1>, <717,2,1>, <732,2,1>, <738,2,1>, <749,2,1>, <752,2,1>, <753,2,1>, <754,2,1>, <756,2,2>, <760,2,1>, <765,2,1>, <768,2,1>, <776,2,1>, <785,2,1>, <786,2,1>, <787,2,1>, <789,2,1>, <794,2,1>, <795,2,1>, <806,2,1>, <807,2,1>, <808,2,1>, <809,2,1>, <816,2,2>, <822,2,1>, <829,2,2>, <840,2,1>, <858,2,1>, <860,2,1>, <875,2,1>, <884,2,1>, <887,2,1>, <891,2,1>, <902,2,1>, <905,2,1>, <907,2,1>, <944,2,1>, <954,2,1>, <962,2,1>, <983,2,1>, <985,2,1>, <992,2,1>, <998,2,1>, <1,5,120>, <2,5,1>, <3,5,78>, <4,5,184>, <5,5,16>, <6,5,9>, <7,5,2>, <8,5,10>, <9,5,13>, <10,5,64>, <11,5,10>, <12,5,37>, <13,5,20>, <14,5,4>, <15,5,10>, <16,5,39>, <17,5,33>, <18,5,1>, <19,5,1>, <23,5,22>, <24,5,5>, <25,5,6>, <26,5,13>, <27,5,2>, <28,5,4>, <29,5,7>, <30,5,2>, <31,5,5>, <32,5,4>, <33,5,10>, <34,5,8>, <35,5,16>, <37,5,2>, <38,5,1>, <39,5,10>, <40,5,4>, <42,5,1>, <43,5,9>, <44,5,1>, <45,5,6>, <46,5,1>, <47,5,15>, <48,5,1>, <49,5,6>, <50,5,3>, <51,5,2>, <52,5,2>, <53,5,6>, <54,5,2>, <56,5,8>, <57,5,6>, <58,5,1>, <59,5,4>, <61,5,13>, <62,5,2>, <63,5,5>, <64,5,1>, <65,5,2>, <66,5,2>, <67,5,1>, <68,5,2>, <69,5,1>, <70,5,3>, <71,5,3>, <72,5,1>, <73,5,2>, <75,5,1>, <76,5,2>, <77,5,2>, <78,5,4>, <79,5,3>, <81,5,5>, <82,5,1>, <83,5,3>, <84,5,5>, <85,5,1>, <87,5,1>, <88,5,1>, <89,5,2>, <91,5,8>, <92,5,2>, <93,5,2>, <94,5,2>, <95,5,5>, <96,5,1>, <97,5,1>, <98,5,1>, <99,5,4>, <100,5,8>, <101,5,2>, <102,5,1>, <103,5,2>, <105,5,5>, <106,5,4>, <107,5,3>, <108,5,6>, <109,5,1>, <110,5,5>, <111,5,1>, <112,5,1>, <114,5,2>, <115,5,1>, <116,5,1>, <117,5,2>, <118,5,2>, <119,5,3>, <120,5,4>, <123,5,1>, <124,5,2>, <125,5,1>, <126,5,6>, <127,5,2>, <128,5,1>, <129,5,1>, <130,5,4>, <131,5,1>, <132,5,2>, <133,5,1>, <134,5,4>, <135,5,2>, <136,5,1>, <137,5,1>, <138,5,1>, <139,5,2>, <141,5,2>, <142,5,1>, <143,5,1>, <144,5,4>, <147,5,5>, <148,5,1>, <150,5,2>, <152,5,1>, <153,5,1>, <154,5,1>, <156,5,1>, <157,5,1>, <158,5,1>, <159,5,5>, <160,5,1>, <161,5,3>, <162,5,3>, <164,5,1>, <168,5,1>, <170,5,1>, <171,5,1>, <172,5,1>, <174,5,1>, <175,5,2>, <176,5,1>, <179,5,2>, <182,5,1>, <183,5,1>, <185,5,2>, <186,5,1>, <187,5,2>, <190,5,2>, <193,5,1>, <195,5,1>, <196,5,1>, <198,5,1>, <199,5,1>, <200,5,2>, <203,5,1>, <204,5,1>, <205,5,1>, <206,5,2>, <207,5,3>, <208,5,1>, <209,5,1>, <210,5,1>, <212,5,2>, <213,5,2>, <217,5,2>, <218,5,1>, <221,5,1>, <222,5,1>, <223,5,2>, <225,5,1>, <226,5,1>, <228,5,2>, <230,5,2>, <231,5,1>, <233,5,3>, <235,5,1>, <238,5,1>, <241,5,1>, <245,5,1>, <246,5,3>, <247,5,2>, <250,5,3>, <251,5,3>, <253,5,2>, <256,5,1>, <257,5,1>, <260,5,1>, <261,5,1>, <263,5,1>, <264,5,1>, <265,5,2>, <266,5,4>, <268,5,3>, <269,5,3>, <270,5,1>, <271,5,1>, <272,5,1>, <274,5,4>, <277,5,1>, <278,5,2>, <280,5,4>, <281,5,1>, <283,5,3>, <284,5,1>, <289,5,1>, <290,5,4>, <291,5,1>, <293,5,1>, <294,5,1>, <297,5,2>, <298,5,2>, <299,5,1>, <300,5,1>, <303,5,1>, <305,5,1>, <306,5,1>, <311,5,3>, <320,5,1>, <322,5,1>, <323,5,1>, <324,5,1>, <326,5,1>, <329,5,2>, <330,5,1>, <334,5,1>, <335,5,1>, <345,5,1>, <347,5,2>, <348,5,1>, <349,5,1>, <350,5,1>, <351,5,1>, <352,5,4>, <358,5,1>, <368,5,1>, <369,5,2>, <371,5,1>, <375,5,1>, <376,5,1>, <377,5,1>, <383,5,1>, <385,5,1>, <387,5,1>, <388,5,1>, <392,5,2>, <394,5,1>, <395,5,1>, <397,5,1>, <401,5,2>, <411,5,1>, <415,5,1>, <420,5,1>, <421,5,1>, <422,5,1>, <425,5,2>, <426,5,1>, <434,5,1>, <436,5,1>, <440,5,2>, <451,5,1>, <452,5,1>, <453,5,1>, <457,5,1>, <459,5,1>, <462,5,1>, <465,5,1>, <468,5,1>, <472,5,1>, <473,5,3>, <483,5,1>, <486,5,1>, <490,5,1>, <491,5,1>, <493,5,1>, <495,5,1>, <503,5,1>, <507,5,1>, <508,5,1>, <510,5,1>, <512,5,1>, <513,5,1>, <519,5,1>, <521,5,1>, <523,5,1>, <531,5,1>, <535,5,1>, <537,5,1>, <538,5,2>, <539,5,1>, <540,5,1>, <544,5,1>, <546,5,1>, <547,5,1>, <553,5,2>, <558,5,1>, <559,5,1>, <564,5,1>, <566,5,1>, <568,5,1>, <569,5,1>, <570,5,2>, <571,5,1>, <579,5,1>, <581,5,1>, <582,5,1>, <583,5,1>, <584,5,1>, <587,5,1>, <590,5,1>, <591,5,1>, <592,5,2>, <595,5,1>, <600,5,1>, <603,5,1>, <606,5,1>, <621,5,1>, <630,5,1>, <636,5,1>, <641,5,1>, <645,5,1>, <650,5,1>, <651,5,1>, <652,5,1>, <660,5,1>, <663,5,1>, <669,5,1>, <679,5,1>, <680,5,1>, <684,5,1>, <685,5,1>, <686,5,1>, <689,5,1>, <691,5,1>, <695,5,1>, <698,5,1>, <700,5,1>, <706,5,1>, <709,5,1>, <716,5,1>, <725,5,2>, <726,5,2>, <735,5,1>, <741,5,1>, <744,5,1>, <749,5,1>, <754,5,1>, <755,5,1>, <756,5,4>, <764,5,1>, <765,5,1>, <768,5,1>, <778,5,1>, <787,5,2>, <791,5,1>, <794,5,1>, <804,5,1>, <807,5,1>, <826,5,1>, <828,5,1>, <830,5,1>, <832,5,1>, <835,5,1>, <836,5,1>, <839,5,1>, <845,5,1>, <855,5,2>, <860,5,1>, <866,5,1>, <868,5,1>, <869,5,1>, <882,5,1>, <884,5,2>, <902,5,1>, <903,5,1>, <914,5,1>, <920,5,1>, <932,5,1>, <949,5,1>, <950,5,1>, <951,5,1>, <965,5,2>, <978,5,1>, <981,5,1>, <983,5,1>, <985,5,1>, <994,5,1>, <996,5,1>, <1,8,269>, <2,8,80>, <3,8,89>, <4,8,25>, <5,8,13>, <6,8,83>, <7,8,23>, <8,8,3>, <9,8,23>, <10,8,26>, <11,8,4>, <12,8,9>, <13,8,43>, <14,8,5>, <15,8,35>, <16,8,3>, <18,8,7>, <19,8,15>, <20,8,23>, <21,8,8>, <23,8,11>, <24,8,16>, <25,8,29>, <26,8,25>, <27,8,1>, <28,8,11>, <29,8,6>, <30,8,10>, <31,8,2>, <32,8,5>, <33,8,2>, <34,8,18>, <35,8,6>, <36,8,16>, <37,8,7>, <38,8,8>, <39,8,2>, <40,8,8>, <42,8,1>, <45,8,11>, <46,8,3>, <47,8,2>, <48,8,8>, <49,8,6>, <50,8,3>, <51,8,1>, <52,8,2>, <53,8,3>, <54,8,2>, <55,8,2>, <56,8,8>, <57,8,2>, <58,8,3>, <59,8,5>, <60,8,2>, <61,8,8>, <62,8,1>, <63,8,7>, <64,8,1>, <65,8,5>, <66,8,5>, <67,8,10>, <68,8,6>, <69,8,8>, <70,8,7>, <71,8,5>, <72,8,10>, <73,8,2>, <75,8,4>, <76,8,4>, <78,8,3>, <79,8,1>, <81,8,4>, <82,8,3>, <83,8,1>, <85,8,1>, <86,8,4>, <87,8,5>, <88,8,2>, <89,8,8>, <90,8,1>, <94,8,2>, <95,8,1>, <96,8,4>, <97,8,3>, <98,8,1>, <99,8,5>, <101,8,1>, <102,8,1>, <105,8,1>, <107,8,5>, <108,8,1>, <109,8,3>, <110,8,1>, <111,8,1>, <112,8,4>, <114,8,2>, <115,8,1>, <116,8,1>, <118,8,3>, <120,8,1>, <121,8,1>, <123,8,2>, <125,8,2>, <126,8,1>, <127,8,1>, <128,8,1>, <129,8,8>, <130,8,2>, <131,8,1>, <132,8,1>, <133,8,2>, <134,8,4>, <135,8,1>, <137,8,1>, <139,8,1>, <140,8,1>, <141,8,2>, <142,8,3>, <143,8,1>, <144,8,3>, <145,8,1>, <146,8,1>, <147,8,3>, <149,8,2>, <150,8,1>, <151,8,2>, <152,8,1>, <153,8,3>, <154,8,3>, <155,8,2>, <156,8,2>, <157,8,1>, <158,8,3>, <159,8,1>, <160,8,3>, <161,8,2>, <162,8,2>, <163,8,2>, <164,8,1>, <165,8,2>, <168,8,2>, <169,8,2>, <174,8,2>, <175,8,1>, <176,8,5>, <177,8,1>, <178,8,2>, <180,8,1>, <182,8,5>, <183,8,2>, <184,8,3>, <185,8,1>, <186,8,1>, <188,8,2>, <189,8,3>, <190,8,1>, <191,8,1>, <193,8,4>, <195,8,2>, <196,8,2>, <197,8,2>, <199,8,2>, <202,8,5>, <203,8,1>, <204,8,4>, <205,8,1>, <206,8,5>, <207,8,1>, <209,8,1>, <210,8,3>, <211,8,1>, <216,8,1>, <218,8,1>, <219,8,1>, <220,8,1>, <221,8,4>, <222,8,2>, <223,8,1>, <224,8,2>, <225,8,3>, <228,8,1>, <231,8,1>, <232,8,2>, <233,8,1>, <234,8,1>, <235,8,2>, <236,8,1>, <238,8,1>, <239,8,2>, <241,8,2>, <242,8,1>, <243,8,1>, <244,8,1>, <246,8,2>, <248,8,1>, <249,8,1>, <250,8,3>, <251,8,1>, <253,8,3>, <254,8,1>, <256,8,1>, <257,8,1>, <260,8,1>, <261,8,1>, <265,8,1>, <267,8,1>, <268,8,1>, <269,8,1>, <272,8,1>, <275,8,1>, <279,8,2>, <280,8,1>, <281,8,3>, <286,8,2>, <288,8,4>, <289,8,2>, <292,8,1>, <293,8,1>, <294,8,1>, <295,8,1>, <298,8,1>, <301,8,1>, <303,8,2>, <304,8,1>, <305,8,1>, <306,8,1>, <308,8,3>, <312,8,2>, <314,8,1>, <315,8,1>, <316,8,1>, <317,8,1>, <318,8,1>, <321,8,1>, <323,8,2>, <325,8,1>, <327,8,1>, <329,8,3>, <330,8,1>, <332,8,1>, <334,8,1>, <335,8,1>, <336,8,1>, <340,8,1>, <341,8,2>, <343,8,1>, <347,8,1>, <348,8,1>, <353,8,1>, <354,8,1>, <355,8,1>, <357,8,1>, <362,8,2>, <363,8,1>, <365,8,1>, <369,8,1>, <370,8,2>, <372,8,2>, <376,8,1>, <379,8,1>, <382,8,1>, <383,8,1>, <384,8,1>, <387,8,1>, <390,8,1>, <392,8,1>, <393,8,1>, <398,8,3>, <400,8,1>, <405,8,1>, <406,8,1>, <408,8,1>, <409,8,1>, <417,8,4>, <418,8,1>, <420,8,2>, <421,8,1>, <422,8,2>, <424,8,1>, <425,8,1>, <427,8,1>, <428,8,1>, <433,8,1>, <434,8,1>, <436,8,1>, <437,8,1>, <440,8,1>, <443,8,1>, <444,8,1>, <445,8,1>, <446,8,1>, <450,8,1>, <452,8,1>, <455,8,1>, <457,8,2>, <459,8,1>, <460,8,1>, <463,8,1>, <464,8,1>, <465,8,2>, <466,8,1>, <469,8,1>, <479,8,1>, <482,8,2>, <488,8,2>, <489,8,1>, <490,8,1>, <494,8,1>, <504,8,1>, <505,8,1>, <506,8,1>, <509,8,1>, <510,8,1>, <511,8,1>, <512,8,1>, <514,8,1>, <515,8,1>, <516,8,1>, <518,8,1>, <519,8,1>, <520,8,1>, <527,8,1>, <529,8,3>, <540,8,1>, <544,8,2>, <554,8,1>, <555,8,1>, <556,8,1>, <558,8,1>, <576,8,2>, <582,8,1>, <586,8,1>, <587,8,1>, <588,8,1>, <591,8,1>, <592,8,1>, <595,8,1>, <603,8,1>, <608,8,1>, <621,8,1>, <635,8,1>, <645,8,1>, <648,8,1>, <660,8,1>, <661,8,1>, <666,8,1>, <669,8,1>, <676,8,1>, <677,8,1>, <680,8,1>, <685,8,1>, <691,8,1>, <692,8,2>, <696,8,1>, <698,8,1>, <700,8,2>, <701,8,1>, <708,8,1>, <714,8,1>, <717,8,1>, <725,8,2>, <726,8,1>, <735,8,1>, <737,8,1>, <738,8,1>, <740,8,1>, <746,8,1>, <756,8,1>, <762,8,1>, <765,8,1>, <768,8,1>, <769,8,1>, <775,8,1>, <777,8,1>, <785,8,1>, <788,8,1>, <793,8,1>, <794,8,1>, <799,8,1>, <804,8,1>, <814,8,1>, <817,8,1>, <822,8,1>, <835,8,1>, <841,8,1>, <847,8,1>, <857,8,1>, <858,8,1>, <862,8,1>, <863,8,1>, <866,8,1>, <885,8,1>, <886,8,1>, <887,8,1>, <894,8,1>, <899,8,1>, <911,8,1>, <914,8,1>, <920,8,1>, <930,8,1>, <942,8,1>, <952,8,1>, <956,8,1>, <958,8,1>, <960,8,1>, <975,8,1>, <977,8,1>, <994,8,1>, <1,6,522>, <2,6,55>, <3,6,47>, <4,6,118>, <5,6,26>, <6,6,103>, <7,6,18>, <8,6,5>, <9,6,29>, <10,6,5>, <11,6,32>, <12,6,20>, <13,6,18>, <14,6,12>, <15,6,21>, <16,6,20>, <17,6,12>, <18,6,2>, <19,6,12>, <20,6,10>, <21,6,4>, <22,6,16>, <23,6,9>, <24,6,2>, <25,6,8>, <26,6,8>, <27,6,1>, <28,6,3>, <29,6,4>, <30,6,28>, <31,6,1>, <32,6,10>, <33,6,6>, <34,6,2>, <35,6,1>, <36,6,1>, <37,6,5>, <38,6,11>, <39,6,6>, <40,6,1>, <41,6,2>, <42,6,7>, <43,6,14>, <44,6,7>, <48,6,4>, <49,6,7>, <50,6,2>, <52,6,3>, <53,6,2>, <54,6,5>, <55,6,6>, <57,6,2>, <58,6,2>, <59,6,3>, <60,6,7>, <61,6,6>, <62,6,5>, <63,6,4>, <64,6,1>, <65,6,3>, <66,6,1>, <67,6,2>, <68,6,4>, <70,6,2>, <71,6,2>, <72,6,8>, <73,6,3>, <74,6,1>, <75,6,6>, <76,6,1>, <77,6,4>, <78,6,3>, <79,6,8>, <80,6,4>, <81,6,9>, <82,6,3>, <84,6,1>, <85,6,1>, <86,6,1>, <87,6,2>, <88,6,3>, <89,6,2>, <91,6,4>, <92,6,2>, <93,6,1>, <94,6,3>, <96,6,5>, <97,6,1>, <98,6,2>, <99,6,8>, <100,6,2>, <101,6,1>, <102,6,3>, <103,6,3>, <104,6,8>, <106,6,2>, <107,6,2>, <109,6,1>, <110,6,5>, <111,6,1>, <112,6,1>, <113,6,1>, <114,6,2>, <115,6,3>, <116,6,2>, <117,6,1>, <118,6,1>, <119,6,1>, <121,6,2>, <122,6,3>, <125,6,1>, <127,6,2>, <128,6,1>, <129,6,1>, <131,6,1>, <133,6,1>, <134,6,2>, <135,6,1>, <136,6,2>, <137,6,2>, <138,6,2>, <139,6,1>, <141,6,1>, <142,6,1>, <143,6,1>, <144,6,2>, <145,6,4>, <146,6,1>, <147,6,1>, <148,6,5>, <149,6,1>, <151,6,3>, <152,6,1>, <153,6,1>, <155,6,1>, <156,6,1>, <157,6,1>, <158,6,3>, <159,6,1>, <160,6,1>, <161,6,2>, <162,6,1>, <163,6,2>, <164,6,1>, <165,6,3>, <166,6,1>, <169,6,1>, <173,6,3>, <174,6,3>, <175,6,1>, <176,6,1>, <177,6,1>, <182,6,1>, <183,6,1>, <184,6,3>, <185,6,1>, <186,6,1>, <187,6,4>, <188,6,1>, <189,6,2>, <190,6,1>, <191,6,2>, <194,6,1>, <195,6,1>, <196,6,1>, <199,6,1>, <202,6,1>, <203,6,1>, <205,6,2>, <206,6,3>, <212,6,2>, <216,6,1>, <218,6,1>, <222,6,1>, <223,6,1>, <225,6,1>, <227,6,4>, <229,6,3>, <230,6,1>, <232,6,4>, <233,6,1>, <235,6,1>, <237,6,1>, <240,6,1>, <243,6,1>, <244,6,3>, <245,6,1>, <248,6,1>, <249,6,1>, <251,6,1>, <252,6,1>, <253,6,1>, <256,6,2>, <257,6,1>, <258,6,1>, <260,6,1>, <263,6,1>, <264,6,1>, <269,6,1>, <273,6,1>, <274,6,2>, <275,6,1>, <276,6,1>, <277,6,1>, <279,6,1>, <280,6,1>, <281,6,1>, <282,6,1>, <284,6,1>, <285,6,1>, <286,6,1>, <288,6,3>, <299,6,1>, <301,6,2>, <302,6,2>, <303,6,1>, <304,6,1>, <305,6,1>, <306,6,2>, <308,6,1>, <314,6,1>, <315,6,1>, <316,6,1>, <318,6,1>, <325,6,1>, <328,6,1>, <331,6,1>, <335,6,2>, <336,6,1>, <340,6,1>, <345,6,1>, <349,6,1>, <350,6,2>, <353,6,1>, <355,6,1>, <356,6,2>, <363,6,1>, <364,6,1>, <370,6,1>, <371,6,1>, <375,6,1>, <376,6,1>, <377,6,1>, <379,6,2>, <381,6,1>, <384,6,1>, <386,6,1>, <388,6,1>, <389,6,1>, <390,6,1>, <394,6,1>, <399,6,2>, <401,6,1>, <404,6,1>, <406,6,2>, <409,6,1>, <422,6,2>, <428,6,1>, <429,6,1>, <432,6,1>, <435,6,3>, <445,6,1>, <447,6,1>, <450,6,1>, <451,6,2>, <452,6,1>, <454,6,1>, <455,6,1>, <457,6,1>, <459,6,1>, <460,6,1>, <466,6,3>, <482,6,1>, <485,6,1>, <488,6,1>, <495,6,1>, <498,6,2>, <501,6,1>, <502,6,1>, <503,6,1>, <504,6,1>, <505,6,2>, <510,6,1>, <511,6,1>, <512,6,1>, <515,6,1>, <516,6,2>, <517,6,1>, <520,6,1>, <521,6,1>, <528,6,1>, <533,6,1>, <538,6,1>, <544,6,1>, <553,6,1>, <558,6,1>, <561,6,2>, <564,6,1>, <566,6,1>, <568,6,1>, <583,6,1>, <590,6,1>, <592,6,1>, <600,6,1>, <603,6,1>, <615,6,1>, <623,6,1>, <635,6,1>, <641,6,1>, <643,6,1>, <649,6,1>, <661,6,1>, <670,6,1>, <671,6,1>, <679,6,1>, <680,6,1>, <685,6,1>, <688,6,1>, <691,6,1>, <692,6,1>, <695,6,1>, <698,6,1>, <712,6,1>, <719,6,1>, <737,6,1>, <743,6,2>, <746,6,1>, <753,6,1>, <755,6,1>, <756,6,1>, <759,6,1>, <763,6,1>, <766,6,1>, <777,6,1>, <778,6,1>, <782,6,1>, <784,6,1>, <787,6,1>, <794,6,1>, <803,6,1>, <807,6,1>, <816,6,2>, <822,6,2>, <826,6,1>, <827,6,1>, <841,6,1>, <850,6,1>, <854,6,1>, <862,6,1>, <877,6,1>, <882,6,1>, <883,6,2>, <887,6,1>, <890,6,1>, <898,6,1>, <903,6,1>, <906,6,1>, <913,6,1>, <914,6,2>, <930,6,1>, <944,6,1>, <949,6,1>, <951,6,1>, <954,6,1>, <958,6,1>, <960,6,1>, <964,6,1>, <980,6,1>, <989,6,1>, <992,6,1>, <1,1,378>, <2,1,71>, <3,1,24>, <4,1,29>, <5,1,76>, <6,1,5>, <7,1,22>, <8,1,95>, <9,1,12>, <10,1,31>, <11,1,6>, <12,1,3>, <13,1,8>, <14,1,12>, <15,1,23>, <16,1,2>, <17,1,10>, <18,1,3>, <20,1,18>, <21,1,10>, <23,1,10>, <24,1,2>, <25,1,1>, <26,1,9>, <27,1,8>, <28,1,1>, <29,1,16>, <30,1,2>, <32,1,1>, <33,1,8>, <34,1,4>, <35,1,1>, <36,1,1>, <37,1,2>, <38,1,3>, <39,1,2>, <40,1,6>, <41,1,21>, <42,1,17>, <43,1,1>, <44,1,5>, <45,1,1>, <46,1,9>, <47,1,1>, <48,1,9>, <49,1,3>, <50,1,9>, <51,1,1>, <52,1,1>, <53,1,1>, <54,1,5>, <55,1,5>, <56,1,3>, <57,1,5>, <58,1,2>, <59,1,4>, <60,1,8>, <61,1,2>, <62,1,2>, <63,1,4>, <65,1,15>, <66,1,2>, <67,1,3>, <68,1,1>, <69,1,1>, <71,1,9>, <72,1,1>, <73,1,2>, <74,1,1>, <75,1,2>, <76,1,2>, <77,1,1>, <78,1,1>, <79,1,4>, <80,1,5>, <81,1,2>, <83,1,1>, <84,1,1>, <85,1,3>, <86,1,6>, <87,1,6>, <88,1,2>, <89,1,1>, <90,1,1>, <91,1,2>, <93,1,4>, <95,1,2>, <96,1,1>, <97,1,2>, <98,1,4>, <99,1,1>, <102,1,5>, <105,1,1>, <106,1,1>, <107,1,2>, <108,1,3>, <109,1,1>, <110,1,2>, <111,1,6>, <112,1,3>, <114,1,3>, <115,1,3>, <116,1,1>, <117,1,1>, <120,1,6>, <121,1,2>, <122,1,7>, <123,1,2>, <124,1,1>, <125,1,2>, <126,1,1>, <127,1,1>, <128,1,2>, <129,1,2>, <130,1,1>, <131,1,2>, <132,1,1>, <135,1,1>, <136,1,2>, <138,1,4>, <139,1,5>, <142,1,1>, <143,1,1>, <145,1,1>, <146,1,4>, <148,1,2>, <149,1,1>, <150,1,1>, <152,1,3>, <153,1,2>, <154,1,1>, <157,1,4>, <158,1,1>, <159,1,1>, <160,1,5>, <161,1,1>, <163,1,1>, <164,1,7>, <165,1,1>, <168,1,2>, <171,1,1>, <172,1,1>, <173,1,4>, <175,1,1>, <177,1,1>, <179,1,4>, <181,1,1>, <184,1,1>, <186,1,1>, <187,1,2>, <188,1,2>, <190,1,1>, <192,1,1>, <193,1,1>, <194,1,1>, <195,1,2>, <196,1,3>, <197,1,2>, <198,1,1>, <199,1,1>, <202,1,4>, <203,1,3>, <205,1,1>, <207,1,1>, <208,1,1>, <209,1,1>, <210,1,5>, <212,1,1>, <215,1,1>, <216,1,1>, <219,1,1>, <220,1,2>, <221,1,1>, <222,1,2>, <223,1,1>, <225,1,1>, <227,1,1>, <228,1,1>, <229,1,4>, <230,1,2>, <231,1,2>, <236,1,2>, <237,1,2>, <239,1,3>, <240,1,2>, <241,1,2>, <242,1,2>, <246,1,2>, <247,1,1>, <249,1,1>, <251,1,1>, <252,1,1>, <253,1,1>, <256,1,2>, <258,1,1>, <261,1,1>, <262,1,1>, <263,1,2>, <265,1,1>, <267,1,3>, <268,1,1>, <269,1,1>, <270,1,1>, <272,1,1>, <276,1,1>, <277,1,1>, <279,1,1>, <280,1,1>, <281,1,1>, <284,1,3>, <285,1,4>, <286,1,1>, <290,1,2>, <291,1,2>, <294,1,1>, <296,1,1>, <297,1,1>, <298,1,1>, <299,1,1>, <300,1,1>, <301,1,2>, <302,1,1>, <303,1,1>, <305,1,1>, <308,1,3>, <312,1,4>, <316,1,1>, <317,1,3>, <319,1,1>, <321,1,1>, <324,1,2>, <326,1,1>, <328,1,2>, <329,1,1>, <335,1,1>, <337,1,1>, <339,1,1>, <349,1,1>, <351,1,1>, <354,1,1>, <355,1,1>, <356,1,2>, <358,1,1>, <360,1,1>, <361,1,1>, <363,1,2>, <364,1,1>, <365,1,1>, <368,1,2>, <376,1,2>, <378,1,1>, <379,1,2>, <380,1,1>, <381,1,2>, <386,1,1>, <388,1,1>, <389,1,1>, <391,1,1>, <393,1,1>, <396,1,2>, <399,1,2>, <402,1,1>, <403,1,1>, <404,1,1>, <406,1,2>, <410,1,1>, <412,1,1>, <413,1,1>, <414,1,1>, <417,1,1>, <419,1,1>, <421,1,1>, <422,1,1>, <429,1,2>, <433,1,1>, <435,1,2>, <437,1,1>, <447,1,2>, <452,1,1>, <454,1,2>, <455,1,4>, <460,1,1>, <463,1,1>, <467,1,1>, <477,1,1>, <480,1,1>, <481,1,1>, <482,1,1>, <483,1,1>, <485,1,2>, <489,1,1>, <490,1,1>, <495,1,1>, <496,1,1>, <505,1,1>, <506,1,1>, <507,1,1>, <509,1,1>, <510,1,1>, <511,1,3>, <512,1,1>, <523,1,2>, <527,1,3>, <536,1,1>, <538,1,1>, <541,1,1>, <544,1,2>, <547,1,1>, <548,1,1>, <550,1,1>, <551,1,1>, <553,1,1>, <556,1,1>, <558,1,1>, <559,1,1>, <561,1,1>, <566,1,1>, <570,1,1>, <575,1,2>, <578,1,1>, <580,1,1>, <582,1,1>, <583,1,1>, <584,1,1>, <590,1,1>, <591,1,1>, <597,1,1>, <599,1,1>, <602,1,2>, <605,1,1>, <607,1,1>, <608,1,1>, <613,1,1>, <626,1,1>, <629,1,1>, <632,1,1>, <638,1,1>, <645,1,2>, <651,1,1>, <654,1,2>, <664,1,1>, <672,1,1>, <676,1,1>, <680,1,1>, <681,1,1>, <685,1,1>, <687,1,1>, <698,1,1>, <700,1,1>, <704,1,1>, <706,1,1>, <716,1,3>, <720,1,1>, <724,1,1>, <725,1,2>, <726,1,1>, <756,1,1>, <759,1,1>, <763,1,1>, <764,1,1>, <765,1,1>, <792,1,1>, <794,1,1>, <797,1,1>, <799,1,1>, <803,1,1>, <817,1,1>, <827,1,1>, <863,1,1>, <866,1,1>, <883,1,1>, <914,1,1>, <933,1,1>, <934,1,1>, <958,1,1>, <965,1,1>, <966,1,1>, <980,1,1>, <981,1,1>, <985,1,1>, <1000,1,1> };

MaxCacheStorageAtSingleAS= [ 1312.5  1312.5  1312.5  1312.5  1312.5  1312.5  1312.5  1312.5  1312.5  1312.5 ] ;

MaxCacheStorage = 13125 ;
SolutionGap = 0.01 ;
