
ASes= { 1, 2, 3, 4, 5, 6, 7, 8, 9, 10 } ;


Objects= { 1, 2, 3, 4, 5, 6, 7, 8, 9, 10, 11, 12, 13, 14, 15, 16, 17, 18, 19, 20, 21, 22, 23, 24, 25, 26, 27, 28, 29, 30, 31, 32, 33, 34, 35, 36, 37, 38, 39, 40, 41, 42, 43, 44, 45, 46, 47, 48, 49, 50, 51, 52, 53, 54, 55, 56, 57, 58, 59, 60, 61, 62, 63, 64, 65, 66, 67, 68, 69, 70, 71, 72, 73, 74, 75, 76, 77, 78, 79, 80, 81, 82, 83, 84, 85, 86, 87, 88, 89, 90, 91, 92, 93, 94, 95, 96, 97, 98, 99, 100, 101, 102, 103, 104, 105, 106, 107, 108, 109, 110, 111, 112, 113, 114, 115, 116, 117, 118, 119, 120, 121, 122, 123, 124, 125, 126, 127, 128, 129, 130, 131, 132, 133, 134, 135, 136, 137, 138, 139, 140, 141, 142, 143, 144, 145, 146, 147, 148, 149, 150, 151, 152, 153, 154, 155, 156, 157, 158, 159, 160, 161, 162, 163, 164, 165, 166, 167, 168, 169, 170, 171, 172, 173, 174, 175, 176, 177, 178, 179, 180, 181, 182, 183, 184, 185, 186, 187, 188, 189, 190, 191, 192, 193, 194, 195, 196, 197, 198, 199, 200, 201, 202, 203, 204, 205, 206, 207, 208, 209, 210, 211, 212, 213, 214, 215, 216, 217, 218, 219, 220, 221, 222, 223, 224, 225, 226, 227, 228, 229, 230, 231, 232, 233, 234, 235, 236, 237, 238, 239, 240, 241, 242, 243, 244, 245, 246, 247, 248, 249, 250, 251, 252, 253, 254, 255, 256, 257, 258, 259, 260, 261, 262, 263, 264, 265, 266, 267, 268, 269, 270, 271, 272, 273, 274, 275, 276, 277, 278, 279, 280, 281, 282, 283, 284, 285, 286, 287, 288, 289, 290, 291, 292, 293, 294, 295, 296, 297, 298, 299, 300, 301, 302, 303, 304, 305, 306, 307, 308, 309, 310, 311, 312, 313, 314, 315, 316, 317, 318, 319, 320, 321, 322, 323, 324, 325, 326, 327, 328, 329, 330, 331, 332, 333, 334, 335, 336, 337, 338, 339, 340, 341, 342, 343, 344, 345, 346, 347, 348, 349, 350, 351, 352, 353, 354, 355, 356, 357, 358, 359, 360, 361, 362, 363, 364, 365, 366, 367, 368, 369, 370, 371, 372, 373, 374, 375, 376, 377, 378, 379, 380, 381, 382, 383, 384, 385, 386, 387, 388, 389, 390, 391, 392, 393, 394, 395, 396, 397, 398, 399, 400, 401, 402, 403, 404, 405, 406, 407, 408, 409, 410, 411, 412, 413, 414, 415, 416, 417, 418, 419, 420, 421, 422, 423, 424, 425, 426, 427, 428, 429, 430, 431, 432, 433, 434, 435, 436, 437, 438, 439, 440, 441, 442, 443, 444, 445, 446, 447, 448, 449, 450, 451, 452, 453, 454, 455, 456, 457, 458, 459, 460, 461, 462, 463, 464, 465, 466, 467, 468, 469, 470, 471, 472, 473, 474, 475, 476, 477, 478, 479, 480, 481, 482, 483, 484, 485, 486, 487, 488, 489, 490, 491, 492, 493, 494, 495, 496, 497, 498, 499, 500, 501, 502, 503, 504, 505, 506, 507, 508, 509, 510, 511, 512, 513, 514, 515, 516, 517, 518, 519, 520, 521, 522, 523, 524, 525, 526, 527, 528, 529, 530, 531, 532, 533, 534, 535, 536, 537, 538, 539, 540, 541, 542, 543, 544, 545, 546, 547, 548, 549, 550, 551, 552, 553, 554, 555, 556, 557, 558, 559, 560, 561, 562, 563, 564, 565, 566, 567, 568, 569, 570, 571, 572, 573, 574, 575, 576, 577, 578, 579, 580, 581, 582, 583, 584, 585, 586, 587, 588, 589, 590, 591, 592, 593, 594, 595, 596, 597, 598, 599, 600, 601, 602, 603, 604, 605, 606, 607, 608, 609, 610, 611, 612, 613, 614, 615, 616, 617, 618, 619, 620, 621, 622, 623, 624, 625, 626, 627, 628, 629, 630, 631, 632, 633, 634, 635, 636, 637, 638, 639, 640, 641, 642, 643, 644, 645, 646, 647, 648, 649, 650, 651, 652, 653, 654, 655, 656, 657, 658, 659, 660, 661, 662, 663, 664, 665, 666, 667, 668, 669, 670, 671, 672, 673, 674, 675, 676, 677, 678, 679, 680, 681, 682, 683, 684, 685, 686, 687, 688, 689, 690, 691, 692, 693, 694, 695, 696, 697, 698, 699, 700, 701, 702, 703, 704, 705, 706, 707, 708, 709, 710, 711, 712, 713, 714, 715, 716, 717, 718, 719, 720, 721, 722, 723, 724, 725, 726, 727, 728, 729, 730, 731, 732, 733, 734, 735, 736, 737, 738, 739, 740, 741, 742, 743, 744, 745, 746, 747, 748, 749, 750, 751, 752, 753, 754, 755, 756, 757, 758, 759, 760, 761, 762, 763, 764, 765, 766, 767, 768, 769, 770, 771, 772, 773, 774, 775, 776, 777, 778, 779, 780, 781, 782, 783, 784, 785, 786, 787, 788, 789, 790, 791, 792, 793, 794, 795, 796, 797, 798, 799, 800, 801, 802, 803, 804, 805, 806, 807, 808, 809, 810, 811, 812, 813, 814, 815, 816, 817, 818, 819, 820, 821, 822, 823, 824, 825, 826, 827, 828, 829, 830, 831, 832, 833, 834, 835, 836, 837, 838, 839, 840, 841, 842, 843, 844, 845, 846, 847, 848, 849, 850, 851, 852, 853, 854, 855, 856, 857, 858, 859, 860, 861, 862, 863, 864, 865, 866, 867, 868, 869, 870, 871, 872, 873, 874, 875, 876, 877, 878, 879, 880, 881, 882, 883, 884, 885, 886, 887, 888, 889, 890, 891, 892, 893, 894, 895, 896, 897, 898, 899, 900, 901, 902, 903, 904, 905, 906, 907, 908, 909, 910, 911, 912, 913, 914, 915, 916, 917, 918, 919, 920, 921, 922, 923, 924, 925, 926, 927, 928, 929, 930, 931, 932, 933, 934, 935, 936, 937, 938, 939, 940, 941, 942, 943, 944, 945, 946, 947, 948, 949, 950, 951, 952, 953, 954, 955, 956, 957, 958, 959, 960, 961, 962, 963, 964, 965, 966, 967, 968, 969, 970, 971, 972, 973, 974, 975, 976, 977, 978, 979, 980, 981, 982, 983, 984, 985, 986, 987, 988, 989, 990, 991, 992, 993, 994, 995, 996, 997, 998, 999, 1000 } ;


QualityLevels= { 0, 1, 2, 3, 4, 5 } ;

Arcs = { <1,2,490000>, <2,1,490000>,<1,3,490000>, <3,1,490000>,<3,4,490000>, <4,3,490000>,<4,5,490000>, <5,4,490000>,<2,6,490000>, <6,2,490000>,<1,7,490000>, <7,1,490000>,<1,8,490000>, <8,1,490000>,<1,9,490000>, <9,1,490000>,<5,10,490000>, <10,5,490000> }; 


RatePerQuality= [ 0  300  700  1500  2500  3500 ] ;


CacheSpacePerQuality= [ 10000  11.25  26.25  56.25  93.75  131.25 ] ;


UtilityPerQuality= [ 0  0.2  0.4  0.6  0.8  1 ] ;


ObjectsPublishedByProducers=[ [ 0  0  0  0  0  0  1  0  0  0 ]  [ 0  0  0  0  0  1  0  0  0  0 ]  [ 0  0  0  0  0  0  1  0  0  0 ]  [ 0  0  0  0  0  1  0  0  0  0 ]  [ 0  0  0  0  0  1  0  0  0  0 ]  [ 0  0  0  0  0  0  0  1  0  0 ]  [ 0  0  0  0  0  0  0  0  0  1 ]  [ 0  0  0  0  0  0  0  0  0  1 ]  [ 0  0  0  0  0  0  0  0  1  0 ]  [ 0  0  0  0  0  0  1  0  0  0 ]  [ 0  0  0  0  0  0  0  1  0  0 ]  [ 0  0  0  0  0  0  1  0  0  0 ]  [ 0  0  0  0  0  1  0  0  0  0 ]  [ 0  0  0  0  0  1  0  0  0  0 ]  [ 0  0  0  0  0  0  1  0  0  0 ]  [ 0  0  0  0  0  0  0  0  0  1 ]  [ 0  0  0  0  0  0  0  0  0  1 ]  [ 0  0  0  0  0  0  0  0  0  1 ]  [ 0  0  0  0  0  0  0  0  0  1 ]  [ 0  0  0  0  0  1  0  0  0  0 ]  [ 0  0  0  0  0  0  1  0  0  0 ]  [ 0  0  0  0  0  0  0  0  1  0 ]  [ 0  0  0  0  0  0  0  0  1  0 ]  [ 0  0  0  0  0  0  0  0  0  1 ]  [ 0  0  0  0  0  0  0  0  0  1 ]  [ 0  0  0  0  0  1  0  0  0  0 ]  [ 0  0  0  0  0  0  0  0  1  0 ]  [ 0  0  0  0  0  0  0  0  1  0 ]  [ 0  0  0  0  0  0  0  1  0  0 ]  [ 0  0  0  0  0  1  0  0  0  0 ]  [ 0  0  0  0  0  0  0  1  0  0 ]  [ 0  0  0  0  0  1  0  0  0  0 ]  [ 0  0  0  0  0  0  0  0  0  1 ]  [ 0  0  0  0  0  0  0  0  0  1 ]  [ 0  0  0  0  0  0  0  1  0  0 ]  [ 0  0  0  0  0  0  1  0  0  0 ]  [ 0  0  0  0  0  0  0  0  0  1 ]  [ 0  0  0  0  0  0  0  1  0  0 ]  [ 0  0  0  0  0  0  0  0  0  1 ]  [ 0  0  0  0  0  0  0  0  0  1 ]  [ 0  0  0  0  0  0  0  1  0  0 ]  [ 0  0  0  0  0  0  0  1  0  0 ]  [ 0  0  0  0  0  0  0  1  0  0 ]  [ 0  0  0  0  0  0  0  1  0  0 ]  [ 0  0  0  0  0  1  0  0  0  0 ]  [ 0  0  0  0  0  0  1  0  0  0 ]  [ 0  0  0  0  0  0  0  0  0  1 ]  [ 0  0  0  0  0  1  0  0  0  0 ]  [ 0  0  0  0  0  1  0  0  0  0 ]  [ 0  0  0  0  0  0  0  0  1  0 ]  [ 0  0  0  0  0  0  1  0  0  0 ]  [ 0  0  0  0  0  0  0  1  0  0 ]  [ 0  0  0  0  0  0  0  1  0  0 ]  [ 0  0  0  0  0  0  1  0  0  0 ]  [ 0  0  0  0  0  0  0  0  0  1 ]  [ 0  0  0  0  0  1  0  0  0  0 ]  [ 0  0  0  0  0  0  0  1  0  0 ]  [ 0  0  0  0  0  0  1  0  0  0 ]  [ 0  0  0  0  0  0  0  0  1  0 ]  [ 0  0  0  0  0  0  1  0  0  0 ]  [ 0  0  0  0  0  0  1  0  0  0 ]  [ 0  0  0  0  0  0  0  0  1  0 ]  [ 0  0  0  0  0  0  1  0  0  0 ]  [ 0  0  0  0  0  0  0  1  0  0 ]  [ 0  0  0  0  0  0  0  0  0  1 ]  [ 0  0  0  0  0  1  0  0  0  0 ]  [ 0  0  0  0  0  1  0  0  0  0 ]  [ 0  0  0  0  0  0  1  0  0  0 ]  [ 0  0  0  0  0  0  0  0  1  0 ]  [ 0  0  0  0  0  0  0  0  1  0 ]  [ 0  0  0  0  0  0  1  0  0  0 ]  [ 0  0  0  0  0  0  1  0  0  0 ]  [ 0  0  0  0  0  1  0  0  0  0 ]  [ 0  0  0  0  0  0  0  1  0  0 ]  [ 0  0  0  0  0  1  0  0  0  0 ]  [ 0  0  0  0  0  0  0  0  1  0 ]  [ 0  0  0  0  0  0  0  0  0  1 ]  [ 0  0  0  0  0  0  0  0  0  1 ]  [ 0  0  0  0  0  0  0  0  1  0 ]  [ 0  0  0  0  0  0  0  0  0  1 ]  [ 0  0  0  0  0  1  0  0  0  0 ]  [ 0  0  0  0  0  0  1  0  0  0 ]  [ 0  0  0  0  0  0  0  0  0  1 ]  [ 0  0  0  0  0  0  0  0  1  0 ]  [ 0  0  0  0  0  0  0  1  0  0 ]  [ 0  0  0  0  0  0  0  0  0  1 ]  [ 0  0  0  0  0  0  0  0  1  0 ]  [ 0  0  0  0  0  0  0  0  0  1 ]  [ 0  0  0  0  0  0  1  0  0  0 ]  [ 0  0  0  0  0  1  0  0  0  0 ]  [ 0  0  0  0  0  0  0  1  0  0 ]  [ 0  0  0  0  0  1  0  0  0  0 ]  [ 0  0  0  0  0  0  1  0  0  0 ]  [ 0  0  0  0  0  0  0  0  0  1 ]  [ 0  0  0  0  0  0  1  0  0  0 ]  [ 0  0  0  0  0  1  0  0  0  0 ]  [ 0  0  0  0  0  1  0  0  0  0 ]  [ 0  0  0  0  0  1  0  0  0  0 ]  [ 0  0  0  0  0  0  0  0  1  0 ]  [ 0  0  0  0  0  0  1  0  0  0 ]  [ 0  0  0  0  0  0  1  0  0  0 ]  [ 0  0  0  0  0  1  0  0  0  0 ]  [ 0  0  0  0  0  0  0  0  0  1 ]  [ 0  0  0  0  0  0  0  1  0  0 ]  [ 0  0  0  0  0  0  1  0  0  0 ]  [ 0  0  0  0  0  1  0  0  0  0 ]  [ 0  0  0  0  0  1  0  0  0  0 ]  [ 0  0  0  0  0  1  0  0  0  0 ]  [ 0  0  0  0  0  0  0  0  1  0 ]  [ 0  0  0  0  0  1  0  0  0  0 ]  [ 0  0  0  0  0  1  0  0  0  0 ]  [ 0  0  0  0  0  0  0  1  0  0 ]  [ 0  0  0  0  0  0  1  0  0  0 ]  [ 0  0  0  0  0  0  0  0  0  1 ]  [ 0  0  0  0  0  1  0  0  0  0 ]  [ 0  0  0  0  0  0  0  1  0  0 ]  [ 0  0  0  0  0  0  0  0  1  0 ]  [ 0  0  0  0  0  0  0  1  0  0 ]  [ 0  0  0  0  0  0  0  0  0  1 ]  [ 0  0  0  0  0  0  0  1  0  0 ]  [ 0  0  0  0  0  0  1  0  0  0 ]  [ 0  0  0  0  0  0  0  1  0  0 ]  [ 0  0  0  0  0  1  0  0  0  0 ]  [ 0  0  0  0  0  0  0  1  0  0 ]  [ 0  0  0  0  0  0  1  0  0  0 ]  [ 0  0  0  0  0  0  0  0  0  1 ]  [ 0  0  0  0  0  0  0  0  0  1 ]  [ 0  0  0  0  0  0  0  1  0  0 ]  [ 0  0  0  0  0  1  0  0  0  0 ]  [ 0  0  0  0  0  0  1  0  0  0 ]  [ 0  0  0  0  0  0  1  0  0  0 ]  [ 0  0  0  0  0  0  1  0  0  0 ]  [ 0  0  0  0  0  0  1  0  0  0 ]  [ 0  0  0  0  0  0  0  0  0  1 ]  [ 0  0  0  0  0  1  0  0  0  0 ]  [ 0  0  0  0  0  1  0  0  0  0 ]  [ 0  0  0  0  0  0  0  0  0  1 ]  [ 0  0  0  0  0  0  0  1  0  0 ]  [ 0  0  0  0  0  0  0  0  0  1 ]  [ 0  0  0  0  0  0  0  1  0  0 ]  [ 0  0  0  0  0  0  0  0  0  1 ]  [ 0  0  0  0  0  0  0  0  1  0 ]  [ 0  0  0  0  0  0  0  0  1  0 ]  [ 0  0  0  0  0  0  0  0  1  0 ]  [ 0  0  0  0  0  0  0  1  0  0 ]  [ 0  0  0  0  0  1  0  0  0  0 ]  [ 0  0  0  0  0  0  1  0  0  0 ]  [ 0  0  0  0  0  0  0  0  0  1 ]  [ 0  0  0  0  0  0  0  0  0  1 ]  [ 0  0  0  0  0  0  0  0  0  1 ]  [ 0  0  0  0  0  0  1  0  0  0 ]  [ 0  0  0  0  0  0  0  0  1  0 ]  [ 0  0  0  0  0  0  0  0  1  0 ]  [ 0  0  0  0  0  0  0  0  1  0 ]  [ 0  0  0  0  0  0  0  0  0  1 ]  [ 0  0  0  0  0  0  0  1  0  0 ]  [ 0  0  0  0  0  0  0  0  1  0 ]  [ 0  0  0  0  0  0  0  0  1  0 ]  [ 0  0  0  0  0  0  1  0  0  0 ]  [ 0  0  0  0  0  0  0  0  0  1 ]  [ 0  0  0  0  0  0  0  0  0  1 ]  [ 0  0  0  0  0  1  0  0  0  0 ]  [ 0  0  0  0  0  0  0  0  0  1 ]  [ 0  0  0  0  0  0  0  0  0  1 ]  [ 0  0  0  0  0  0  0  0  1  0 ]  [ 0  0  0  0  0  1  0  0  0  0 ]  [ 0  0  0  0  0  0  0  0  0  1 ]  [ 0  0  0  0  0  1  0  0  0  0 ]  [ 0  0  0  0  0  0  0  0  0  1 ]  [ 0  0  0  0  0  0  0  0  1  0 ]  [ 0  0  0  0  0  1  0  0  0  0 ]  [ 0  0  0  0  0  1  0  0  0  0 ]  [ 0  0  0  0  0  0  0  0  1  0 ]  [ 0  0  0  0  0  0  0  1  0  0 ]  [ 0  0  0  0  0  0  0  0  1  0 ]  [ 0  0  0  0  0  0  0  0  0  1 ]  [ 0  0  0  0  0  0  1  0  0  0 ]  [ 0  0  0  0  0  1  0  0  0  0 ]  [ 0  0  0  0  0  0  0  0  0  1 ]  [ 0  0  0  0  0  1  0  0  0  0 ]  [ 0  0  0  0  0  0  0  0  0  1 ]  [ 0  0  0  0  0  1  0  0  0  0 ]  [ 0  0  0  0  0  0  0  0  0  1 ]  [ 0  0  0  0  0  0  0  0  1  0 ]  [ 0  0  0  0  0  0  0  0  0  1 ]  [ 0  0  0  0  0  0  0  1  0  0 ]  [ 0  0  0  0  0  0  0  0  0  1 ]  [ 0  0  0  0  0  0  1  0  0  0 ]  [ 0  0  0  0  0  0  0  0  1  0 ]  [ 0  0  0  0  0  0  1  0  0  0 ]  [ 0  0  0  0  0  0  0  0  0  1 ]  [ 0  0  0  0  0  0  0  0  1  0 ]  [ 0  0  0  0  0  0  0  1  0  0 ]  [ 0  0  0  0  0  0  0  1  0  0 ]  [ 0  0  0  0  0  1  0  0  0  0 ]  [ 0  0  0  0  0  1  0  0  0  0 ]  [ 0  0  0  0  0  0  0  1  0  0 ]  [ 0  0  0  0  0  0  0  1  0  0 ]  [ 0  0  0  0  0  0  0  0  0  1 ]  [ 0  0  0  0  0  0  0  0  1  0 ]  [ 0  0  0  0  0  1  0  0  0  0 ]  [ 0  0  0  0  0  0  1  0  0  0 ]  [ 0  0  0  0  0  0  0  0  1  0 ]  [ 0  0  0  0  0  0  0  1  0  0 ]  [ 0  0  0  0  0  1  0  0  0  0 ]  [ 0  0  0  0  0  0  0  0  0  1 ]  [ 0  0  0  0  0  0  0  0  0  1 ]  [ 0  0  0  0  0  1  0  0  0  0 ]  [ 0  0  0  0  0  0  0  1  0  0 ]  [ 0  0  0  0  0  0  1  0  0  0 ]  [ 0  0  0  0  0  0  0  0  1  0 ]  [ 0  0  0  0  0  0  1  0  0  0 ]  [ 0  0  0  0  0  0  1  0  0  0 ]  [ 0  0  0  0  0  0  0  1  0  0 ]  [ 0  0  0  0  0  0  0  0  0  1 ]  [ 0  0  0  0  0  1  0  0  0  0 ]  [ 0  0  0  0  0  1  0  0  0  0 ]  [ 0  0  0  0  0  0  0  0  1  0 ]  [ 0  0  0  0  0  0  0  0  0  1 ]  [ 0  0  0  0  0  0  0  1  0  0 ]  [ 0  0  0  0  0  0  0  1  0  0 ]  [ 0  0  0  0  0  0  0  0  0  1 ]  [ 0  0  0  0  0  0  0  0  1  0 ]  [ 0  0  0  0  0  1  0  0  0  0 ]  [ 0  0  0  0  0  0  0  0  0  1 ]  [ 0  0  0  0  0  1  0  0  0  0 ]  [ 0  0  0  0  0  0  1  0  0  0 ]  [ 0  0  0  0  0  0  0  0  0  1 ]  [ 0  0  0  0  0  0  0  1  0  0 ]  [ 0  0  0  0  0  0  0  0  1  0 ]  [ 0  0  0  0  0  1  0  0  0  0 ]  [ 0  0  0  0  0  0  0  0  0  1 ]  [ 0  0  0  0  0  1  0  0  0  0 ]  [ 0  0  0  0  0  1  0  0  0  0 ]  [ 0  0  0  0  0  0  0  1  0  0 ]  [ 0  0  0  0  0  0  1  0  0  0 ]  [ 0  0  0  0  0  0  0  1  0  0 ]  [ 0  0  0  0  0  0  0  0  0  1 ]  [ 0  0  0  0  0  0  0  0  1  0 ]  [ 0  0  0  0  0  1  0  0  0  0 ]  [ 0  0  0  0  0  0  1  0  0  0 ]  [ 0  0  0  0  0  0  0  1  0  0 ]  [ 0  0  0  0  0  0  0  1  0  0 ]  [ 0  0  0  0  0  0  0  0  1  0 ]  [ 0  0  0  0  0  0  0  1  0  0 ]  [ 0  0  0  0  0  1  0  0  0  0 ]  [ 0  0  0  0  0  0  1  0  0  0 ]  [ 0  0  0  0  0  0  0  0  0  1 ]  [ 0  0  0  0  0  0  1  0  0  0 ]  [ 0  0  0  0  0  0  0  0  1  0 ]  [ 0  0  0  0  0  0  0  0  0  1 ]  [ 0  0  0  0  0  0  0  0  1  0 ]  [ 0  0  0  0  0  0  0  0  1  0 ]  [ 0  0  0  0  0  0  0  0  1  0 ]  [ 0  0  0  0  0  0  1  0  0  0 ]  [ 0  0  0  0  0  0  0  0  0  1 ]  [ 0  0  0  0  0  0  0  1  0  0 ]  [ 0  0  0  0  0  0  0  0  0  1 ]  [ 0  0  0  0  0  0  1  0  0  0 ]  [ 0  0  0  0  0  0  0  0  0  1 ]  [ 0  0  0  0  0  0  0  0  1  0 ]  [ 0  0  0  0  0  0  0  0  1  0 ]  [ 0  0  0  0  0  0  0  1  0  0 ]  [ 0  0  0  0  0  1  0  0  0  0 ]  [ 0  0  0  0  0  0  0  0  1  0 ]  [ 0  0  0  0  0  0  1  0  0  0 ]  [ 0  0  0  0  0  0  0  0  1  0 ]  [ 0  0  0  0  0  1  0  0  0  0 ]  [ 0  0  0  0  0  1  0  0  0  0 ]  [ 0  0  0  0  0  1  0  0  0  0 ]  [ 0  0  0  0  0  0  0  0  0  1 ]  [ 0  0  0  0  0  1  0  0  0  0 ]  [ 0  0  0  0  0  0  0  0  0  1 ]  [ 0  0  0  0  0  0  1  0  0  0 ]  [ 0  0  0  0  0  0  0  1  0  0 ]  [ 0  0  0  0  0  0  1  0  0  0 ]  [ 0  0  0  0  0  0  0  0  1  0 ]  [ 0  0  0  0  0  1  0  0  0  0 ]  [ 0  0  0  0  0  0  0  1  0  0 ]  [ 0  0  0  0  0  0  0  0  0  1 ]  [ 0  0  0  0  0  1  0  0  0  0 ]  [ 0  0  0  0  0  0  0  0  1  0 ]  [ 0  0  0  0  0  0  1  0  0  0 ]  [ 0  0  0  0  0  0  1  0  0  0 ]  [ 0  0  0  0  0  1  0  0  0  0 ]  [ 0  0  0  0  0  1  0  0  0  0 ]  [ 0  0  0  0  0  0  0  0  0  1 ]  [ 0  0  0  0  0  0  0  0  0  1 ]  [ 0  0  0  0  0  0  0  0  0  1 ]  [ 0  0  0  0  0  0  0  0  0  1 ]  [ 0  0  0  0  0  0  0  0  0  1 ]  [ 0  0  0  0  0  1  0  0  0  0 ]  [ 0  0  0  0  0  0  0  1  0  0 ]  [ 0  0  0  0  0  0  0  1  0  0 ]  [ 0  0  0  0  0  0  0  1  0  0 ]  [ 0  0  0  0  0  0  0  0  0  1 ]  [ 0  0  0  0  0  0  0  0  1  0 ]  [ 0  0  0  0  0  0  0  0  0  1 ]  [ 0  0  0  0  0  1  0  0  0  0 ]  [ 0  0  0  0  0  0  0  0  1  0 ]  [ 0  0  0  0  0  0  0  0  1  0 ]  [ 0  0  0  0  0  0  0  0  1  0 ]  [ 0  0  0  0  0  0  0  0  1  0 ]  [ 0  0  0  0  0  0  0  0  0  1 ]  [ 0  0  0  0  0  0  1  0  0  0 ]  [ 0  0  0  0  0  0  0  0  0  1 ]  [ 0  0  0  0  0  0  0  1  0  0 ]  [ 0  0  0  0  0  0  0  1  0  0 ]  [ 0  0  0  0  0  0  0  0  0  1 ]  [ 0  0  0  0  0  0  0  0  1  0 ]  [ 0  0  0  0  0  0  1  0  0  0 ]  [ 0  0  0  0  0  0  1  0  0  0 ]  [ 0  0  0  0  0  0  1  0  0  0 ]  [ 0  0  0  0  0  0  0  0  1  0 ]  [ 0  0  0  0  0  0  0  0  0  1 ]  [ 0  0  0  0  0  0  0  0  0  1 ]  [ 0  0  0  0  0  0  0  1  0  0 ]  [ 0  0  0  0  0  0  0  1  0  0 ]  [ 0  0  0  0  0  0  0  0  0  1 ]  [ 0  0  0  0  0  0  1  0  0  0 ]  [ 0  0  0  0  0  0  0  1  0  0 ]  [ 0  0  0  0  0  1  0  0  0  0 ]  [ 0  0  0  0  0  1  0  0  0  0 ]  [ 0  0  0  0  0  0  0  1  0  0 ]  [ 0  0  0  0  0  0  0  0  1  0 ]  [ 0  0  0  0  0  0  0  0  1  0 ]  [ 0  0  0  0  0  0  1  0  0  0 ]  [ 0  0  0  0  0  0  0  0  0  1 ]  [ 0  0  0  0  0  0  0  0  1  0 ]  [ 0  0  0  0  0  1  0  0  0  0 ]  [ 0  0  0  0  0  1  0  0  0  0 ]  [ 0  0  0  0  0  0  0  0  0  1 ]  [ 0  0  0  0  0  0  0  0  0  1 ]  [ 0  0  0  0  0  0  0  0  0  1 ]  [ 0  0  0  0  0  0  0  0  1  0 ]  [ 0  0  0  0  0  0  1  0  0  0 ]  [ 0  0  0  0  0  1  0  0  0  0 ]  [ 0  0  0  0  0  0  1  0  0  0 ]  [ 0  0  0  0  0  0  1  0  0  0 ]  [ 0  0  0  0  0  0  0  0  0  1 ]  [ 0  0  0  0  0  0  0  0  0  1 ]  [ 0  0  0  0  0  0  0  0  1  0 ]  [ 0  0  0  0  0  1  0  0  0  0 ]  [ 0  0  0  0  0  0  1  0  0  0 ]  [ 0  0  0  0  0  0  1  0  0  0 ]  [ 0  0  0  0  0  0  0  0  0  1 ]  [ 0  0  0  0  0  1  0  0  0  0 ]  [ 0  0  0  0  0  0  0  0  1  0 ]  [ 0  0  0  0  0  0  0  0  1  0 ]  [ 0  0  0  0  0  0  0  1  0  0 ]  [ 0  0  0  0  0  0  0  0  0  1 ]  [ 0  0  0  0  0  0  1  0  0  0 ]  [ 0  0  0  0  0  0  0  1  0  0 ]  [ 0  0  0  0  0  1  0  0  0  0 ]  [ 0  0  0  0  0  1  0  0  0  0 ]  [ 0  0  0  0  0  1  0  0  0  0 ]  [ 0  0  0  0  0  0  1  0  0  0 ]  [ 0  0  0  0  0  1  0  0  0  0 ]  [ 0  0  0  0  0  1  0  0  0  0 ]  [ 0  0  0  0  0  0  0  0  0  1 ]  [ 0  0  0  0  0  0  1  0  0  0 ]  [ 0  0  0  0  0  0  0  0  0  1 ]  [ 0  0  0  0  0  0  0  0  1  0 ]  [ 0  0  0  0  0  0  0  0  1  0 ]  [ 0  0  0  0  0  0  0  0  1  0 ]  [ 0  0  0  0  0  0  0  0  0  1 ]  [ 0  0  0  0  0  0  0  0  0  1 ]  [ 0  0  0  0  0  0  0  0  1  0 ]  [ 0  0  0  0  0  0  0  1  0  0 ]  [ 0  0  0  0  0  0  0  0  1  0 ]  [ 0  0  0  0  0  0  0  0  1  0 ]  [ 0  0  0  0  0  0  0  1  0  0 ]  [ 0  0  0  0  0  0  0  1  0  0 ]  [ 0  0  0  0  0  1  0  0  0  0 ]  [ 0  0  0  0  0  0  0  0  0  1 ]  [ 0  0  0  0  0  0  0  1  0  0 ]  [ 0  0  0  0  0  1  0  0  0  0 ]  [ 0  0  0  0  0  1  0  0  0  0 ]  [ 0  0  0  0  0  0  0  0  0  1 ]  [ 0  0  0  0  0  0  1  0  0  0 ]  [ 0  0  0  0  0  0  1  0  0  0 ]  [ 0  0  0  0  0  0  0  0  1  0 ]  [ 0  0  0  0  0  0  0  0  0  1 ]  [ 0  0  0  0  0  0  1  0  0  0 ]  [ 0  0  0  0  0  0  1  0  0  0 ]  [ 0  0  0  0  0  0  0  1  0  0 ]  [ 0  0  0  0  0  1  0  0  0  0 ]  [ 0  0  0  0  0  0  0  0  0  1 ]  [ 0  0  0  0  0  1  0  0  0  0 ]  [ 0  0  0  0  0  0  0  0  0  1 ]  [ 0  0  0  0  0  1  0  0  0  0 ]  [ 0  0  0  0  0  1  0  0  0  0 ]  [ 0  0  0  0  0  0  0  0  0  1 ]  [ 0  0  0  0  0  0  0  0  0  1 ]  [ 0  0  0  0  0  0  1  0  0  0 ]  [ 0  0  0  0  0  0  0  1  0  0 ]  [ 0  0  0  0  0  0  0  1  0  0 ]  [ 0  0  0  0  0  0  0  0  1  0 ]  [ 0  0  0  0  0  1  0  0  0  0 ]  [ 0  0  0  0  0  0  0  0  0  1 ]  [ 0  0  0  0  0  0  0  0  0  1 ]  [ 0  0  0  0  0  0  0  0  1  0 ]  [ 0  0  0  0  0  0  0  0  0  1 ]  [ 0  0  0  0  0  0  0  0  0  1 ]  [ 0  0  0  0  0  0  1  0  0  0 ]  [ 0  0  0  0  0  0  0  0  0  1 ]  [ 0  0  0  0  0  0  0  0  0  1 ]  [ 0  0  0  0  0  0  0  1  0  0 ]  [ 0  0  0  0  0  1  0  0  0  0 ]  [ 0  0  0  0  0  0  0  0  1  0 ]  [ 0  0  0  0  0  0  0  0  0  1 ]  [ 0  0  0  0  0  0  1  0  0  0 ]  [ 0  0  0  0  0  0  0  0  1  0 ]  [ 0  0  0  0  0  0  0  0  0  1 ]  [ 0  0  0  0  0  0  0  0  1  0 ]  [ 0  0  0  0  0  1  0  0  0  0 ]  [ 0  0  0  0  0  0  0  0  1  0 ]  [ 0  0  0  0  0  0  1  0  0  0 ]  [ 0  0  0  0  0  0  0  0  0  1 ]  [ 0  0  0  0  0  0  0  0  1  0 ]  [ 0  0  0  0  0  0  1  0  0  0 ]  [ 0  0  0  0  0  0  0  0  0  1 ]  [ 0  0  0  0  0  0  0  0  1  0 ]  [ 0  0  0  0  0  0  1  0  0  0 ]  [ 0  0  0  0  0  0  0  0  0  1 ]  [ 0  0  0  0  0  0  0  0  0  1 ]  [ 0  0  0  0  0  0  0  0  0  1 ]  [ 0  0  0  0  0  0  0  0  0  1 ]  [ 0  0  0  0  0  0  0  0  1  0 ]  [ 0  0  0  0  0  0  0  0  1  0 ]  [ 0  0  0  0  0  0  0  0  1  0 ]  [ 0  0  0  0  0  0  0  1  0  0 ]  [ 0  0  0  0  0  0  0  0  0  1 ]  [ 0  0  0  0  0  0  1  0  0  0 ]  [ 0  0  0  0  0  1  0  0  0  0 ]  [ 0  0  0  0  0  0  0  0  1  0 ]  [ 0  0  0  0  0  0  0  1  0  0 ]  [ 0  0  0  0  0  0  0  1  0  0 ]  [ 0  0  0  0  0  0  0  1  0  0 ]  [ 0  0  0  0  0  0  1  0  0  0 ]  [ 0  0  0  0  0  0  1  0  0  0 ]  [ 0  0  0  0  0  1  0  0  0  0 ]  [ 0  0  0  0  0  0  0  0  1  0 ]  [ 0  0  0  0  0  0  0  0  0  1 ]  [ 0  0  0  0  0  0  0  0  1  0 ]  [ 0  0  0  0  0  1  0  0  0  0 ]  [ 0  0  0  0  0  0  0  0  0  1 ]  [ 0  0  0  0  0  0  0  0  0  1 ]  [ 0  0  0  0  0  0  0  1  0  0 ]  [ 0  0  0  0  0  1  0  0  0  0 ]  [ 0  0  0  0  0  0  0  0  0  1 ]  [ 0  0  0  0  0  0  0  0  1  0 ]  [ 0  0  0  0  0  0  0  0  1  0 ]  [ 0  0  0  0  0  1  0  0  0  0 ]  [ 0  0  0  0  0  0  0  0  1  0 ]  [ 0  0  0  0  0  1  0  0  0  0 ]  [ 0  0  0  0  0  0  0  1  0  0 ]  [ 0  0  0  0  0  1  0  0  0  0 ]  [ 0  0  0  0  0  0  1  0  0  0 ]  [ 0  0  0  0  0  0  0  0  0  1 ]  [ 0  0  0  0  0  0  0  0  1  0 ]  [ 0  0  0  0  0  0  0  0  0  1 ]  [ 0  0  0  0  0  0  1  0  0  0 ]  [ 0  0  0  0  0  0  1  0  0  0 ]  [ 0  0  0  0  0  0  0  0  1  0 ]  [ 0  0  0  0  0  1  0  0  0  0 ]  [ 0  0  0  0  0  0  0  1  0  0 ]  [ 0  0  0  0  0  0  0  0  0  1 ]  [ 0  0  0  0  0  0  0  0  1  0 ]  [ 0  0  0  0  0  0  0  0  0  1 ]  [ 0  0  0  0  0  0  1  0  0  0 ]  [ 0  0  0  0  0  0  0  0  1  0 ]  [ 0  0  0  0  0  0  0  0  1  0 ]  [ 0  0  0  0  0  0  0  0  1  0 ]  [ 0  0  0  0  0  0  0  1  0  0 ]  [ 0  0  0  0  0  1  0  0  0  0 ]  [ 0  0  0  0  0  1  0  0  0  0 ]  [ 0  0  0  0  0  0  0  0  0  1 ]  [ 0  0  0  0  0  0  0  0  0  1 ]  [ 0  0  0  0  0  0  1  0  0  0 ]  [ 0  0  0  0  0  0  0  0  1  0 ]  [ 0  0  0  0  0  0  0  1  0  0 ]  [ 0  0  0  0  0  0  0  0  1  0 ]  [ 0  0  0  0  0  0  0  0  0  1 ]  [ 0  0  0  0  0  0  1  0  0  0 ]  [ 0  0  0  0  0  0  0  0  1  0 ]  [ 0  0  0  0  0  0  1  0  0  0 ]  [ 0  0  0  0  0  0  0  1  0  0 ]  [ 0  0  0  0  0  1  0  0  0  0 ]  [ 0  0  0  0  0  0  1  0  0  0 ]  [ 0  0  0  0  0  0  1  0  0  0 ]  [ 0  0  0  0  0  0  0  0  0  1 ]  [ 0  0  0  0  0  1  0  0  0  0 ]  [ 0  0  0  0  0  0  0  0  1  0 ]  [ 0  0  0  0  0  1  0  0  0  0 ]  [ 0  0  0  0  0  0  0  0  0  1 ]  [ 0  0  0  0  0  1  0  0  0  0 ]  [ 0  0  0  0  0  1  0  0  0  0 ]  [ 0  0  0  0  0  0  1  0  0  0 ]  [ 0  0  0  0  0  0  0  0  0  1 ]  [ 0  0  0  0  0  0  0  0  1  0 ]  [ 0  0  0  0  0  0  0  0  0  1 ]  [ 0  0  0  0  0  0  0  1  0  0 ]  [ 0  0  0  0  0  1  0  0  0  0 ]  [ 0  0  0  0  0  0  1  0  0  0 ]  [ 0  0  0  0  0  0  0  1  0  0 ]  [ 0  0  0  0  0  0  0  0  0  1 ]  [ 0  0  0  0  0  1  0  0  0  0 ]  [ 0  0  0  0  0  0  1  0  0  0 ]  [ 0  0  0  0  0  0  0  0  0  1 ]  [ 0  0  0  0  0  1  0  0  0  0 ]  [ 0  0  0  0  0  0  0  0  0  1 ]  [ 0  0  0  0  0  0  1  0  0  0 ]  [ 0  0  0  0  0  0  0  1  0  0 ]  [ 0  0  0  0  0  0  0  0  1  0 ]  [ 0  0  0  0  0  0  0  0  0  1 ]  [ 0  0  0  0  0  1  0  0  0  0 ]  [ 0  0  0  0  0  0  0  0  0  1 ]  [ 0  0  0  0  0  1  0  0  0  0 ]  [ 0  0  0  0  0  0  0  0  1  0 ]  [ 0  0  0  0  0  1  0  0  0  0 ]  [ 0  0  0  0  0  0  0  0  1  0 ]  [ 0  0  0  0  0  1  0  0  0  0 ]  [ 0  0  0  0  0  0  1  0  0  0 ]  [ 0  0  0  0  0  1  0  0  0  0 ]  [ 0  0  0  0  0  0  1  0  0  0 ]  [ 0  0  0  0  0  0  1  0  0  0 ]  [ 0  0  0  0  0  0  0  0  0  1 ]  [ 0  0  0  0  0  0  0  0  1  0 ]  [ 0  0  0  0  0  0  1  0  0  0 ]  [ 0  0  0  0  0  0  0  0  0  1 ]  [ 0  0  0  0  0  1  0  0  0  0 ]  [ 0  0  0  0  0  0  1  0  0  0 ]  [ 0  0  0  0  0  0  0  0  0  1 ]  [ 0  0  0  0  0  0  0  0  0  1 ]  [ 0  0  0  0  0  0  0  0  1  0 ]  [ 0  0  0  0  0  0  0  0  0  1 ]  [ 0  0  0  0  0  1  0  0  0  0 ]  [ 0  0  0  0  0  0  0  0  0  1 ]  [ 0  0  0  0  0  0  0  0  1  0 ]  [ 0  0  0  0  0  0  0  0  1  0 ]  [ 0  0  0  0  0  0  0  0  0  1 ]  [ 0  0  0  0  0  1  0  0  0  0 ]  [ 0  0  0  0  0  1  0  0  0  0 ]  [ 0  0  0  0  0  1  0  0  0  0 ]  [ 0  0  0  0  0  0  0  1  0  0 ]  [ 0  0  0  0  0  0  0  1  0  0 ]  [ 0  0  0  0  0  0  0  1  0  0 ]  [ 0  0  0  0  0  0  1  0  0  0 ]  [ 0  0  0  0  0  0  0  0  1  0 ]  [ 0  0  0  0  0  0  0  0  0  1 ]  [ 0  0  0  0  0  0  0  0  1  0 ]  [ 0  0  0  0  0  1  0  0  0  0 ]  [ 0  0  0  0  0  1  0  0  0  0 ]  [ 0  0  0  0  0  0  1  0  0  0 ]  [ 0  0  0  0  0  0  1  0  0  0 ]  [ 0  0  0  0  0  0  0  1  0  0 ]  [ 0  0  0  0  0  1  0  0  0  0 ]  [ 0  0  0  0  0  0  0  0  1  0 ]  [ 0  0  0  0  0  0  1  0  0  0 ]  [ 0  0  0  0  0  0  1  0  0  0 ]  [ 0  0  0  0  0  0  0  0  1  0 ]  [ 0  0  0  0  0  0  0  0  0  1 ]  [ 0  0  0  0  0  1  0  0  0  0 ]  [ 0  0  0  0  0  0  1  0  0  0 ]  [ 0  0  0  0  0  0  0  0  0  1 ]  [ 0  0  0  0  0  0  1  0  0  0 ]  [ 0  0  0  0  0  1  0  0  0  0 ]  [ 0  0  0  0  0  1  0  0  0  0 ]  [ 0  0  0  0  0  0  0  0  0  1 ]  [ 0  0  0  0  0  0  0  0  1  0 ]  [ 0  0  0  0  0  0  0  0  0  1 ]  [ 0  0  0  0  0  0  0  1  0  0 ]  [ 0  0  0  0  0  1  0  0  0  0 ]  [ 0  0  0  0  0  0  1  0  0  0 ]  [ 0  0  0  0  0  0  0  0  1  0 ]  [ 0  0  0  0  0  0  1  0  0  0 ]  [ 0  0  0  0  0  1  0  0  0  0 ]  [ 0  0  0  0  0  0  1  0  0  0 ]  [ 0  0  0  0  0  0  0  1  0  0 ]  [ 0  0  0  0  0  0  1  0  0  0 ]  [ 0  0  0  0  0  0  0  1  0  0 ]  [ 0  0  0  0  0  1  0  0  0  0 ]  [ 0  0  0  0  0  1  0  0  0  0 ]  [ 0  0  0  0  0  0  0  0  1  0 ]  [ 0  0  0  0  0  0  0  0  1  0 ]  [ 0  0  0  0  0  0  0  1  0  0 ]  [ 0  0  0  0  0  1  0  0  0  0 ]  [ 0  0  0  0  0  0  1  0  0  0 ]  [ 0  0  0  0  0  0  0  1  0  0 ]  [ 0  0  0  0  0  0  0  0  0  1 ]  [ 0  0  0  0  0  0  0  1  0  0 ]  [ 0  0  0  0  0  0  0  0  0  1 ]  [ 0  0  0  0  0  0  0  1  0  0 ]  [ 0  0  0  0  0  1  0  0  0  0 ]  [ 0  0  0  0  0  0  0  0  1  0 ]  [ 0  0  0  0  0  0  0  0  1  0 ]  [ 0  0  0  0  0  0  0  1  0  0 ]  [ 0  0  0  0  0  0  0  0  1  0 ]  [ 0  0  0  0  0  1  0  0  0  0 ]  [ 0  0  0  0  0  0  0  1  0  0 ]  [ 0  0  0  0  0  0  0  0  0  1 ]  [ 0  0  0  0  0  1  0  0  0  0 ]  [ 0  0  0  0  0  1  0  0  0  0 ]  [ 0  0  0  0  0  1  0  0  0  0 ]  [ 0  0  0  0  0  0  1  0  0  0 ]  [ 0  0  0  0  0  0  0  1  0  0 ]  [ 0  0  0  0  0  0  1  0  0  0 ]  [ 0  0  0  0  0  0  0  0  1  0 ]  [ 0  0  0  0  0  1  0  0  0  0 ]  [ 0  0  0  0  0  0  1  0  0  0 ]  [ 0  0  0  0  0  0  0  0  1  0 ]  [ 0  0  0  0  0  0  0  1  0  0 ]  [ 0  0  0  0  0  0  0  0  0  1 ]  [ 0  0  0  0  0  0  0  0  0  1 ]  [ 0  0  0  0  0  0  1  0  0  0 ]  [ 0  0  0  0  0  0  1  0  0  0 ]  [ 0  0  0  0  0  0  0  1  0  0 ]  [ 0  0  0  0  0  0  0  1  0  0 ]  [ 0  0  0  0  0  0  1  0  0  0 ]  [ 0  0  0  0  0  0  0  0  0  1 ]  [ 0  0  0  0  0  1  0  0  0  0 ]  [ 0  0  0  0  0  0  0  1  0  0 ]  [ 0  0  0  0  0  1  0  0  0  0 ]  [ 0  0  0  0  0  0  0  0  0  1 ]  [ 0  0  0  0  0  0  0  1  0  0 ]  [ 0  0  0  0  0  0  0  0  0  1 ]  [ 0  0  0  0  0  1  0  0  0  0 ]  [ 0  0  0  0  0  0  0  0  1  0 ]  [ 0  0  0  0  0  0  0  1  0  0 ]  [ 0  0  0  0  0  1  0  0  0  0 ]  [ 0  0  0  0  0  0  0  0  0  1 ]  [ 0  0  0  0  0  0  0  0  0  1 ]  [ 0  0  0  0  0  1  0  0  0  0 ]  [ 0  0  0  0  0  0  0  0  0  1 ]  [ 0  0  0  0  0  0  0  0  1  0 ]  [ 0  0  0  0  0  0  0  0  1  0 ]  [ 0  0  0  0  0  0  0  1  0  0 ]  [ 0  0  0  0  0  0  1  0  0  0 ]  [ 0  0  0  0  0  1  0  0  0  0 ]  [ 0  0  0  0  0  0  0  1  0  0 ]  [ 0  0  0  0  0  0  0  0  0  1 ]  [ 0  0  0  0  0  0  1  0  0  0 ]  [ 0  0  0  0  0  0  0  1  0  0 ]  [ 0  0  0  0  0  0  1  0  0  0 ]  [ 0  0  0  0  0  0  0  0  1  0 ]  [ 0  0  0  0  0  0  0  0  0  1 ]  [ 0  0  0  0  0  0  0  0  0  1 ]  [ 0  0  0  0  0  0  1  0  0  0 ]  [ 0  0  0  0  0  0  0  1  0  0 ]  [ 0  0  0  0  0  1  0  0  0  0 ]  [ 0  0  0  0  0  0  0  1  0  0 ]  [ 0  0  0  0  0  0  0  0  0  1 ]  [ 0  0  0  0  0  0  0  0  0  1 ]  [ 0  0  0  0  0  1  0  0  0  0 ]  [ 0  0  0  0  0  0  0  1  0  0 ]  [ 0  0  0  0  0  1  0  0  0  0 ]  [ 0  0  0  0  0  0  0  1  0  0 ]  [ 0  0  0  0  0  0  0  0  0  1 ]  [ 0  0  0  0  0  0  1  0  0  0 ]  [ 0  0  0  0  0  0  0  0  0  1 ]  [ 0  0  0  0  0  0  0  0  0  1 ]  [ 0  0  0  0  0  0  0  0  0  1 ]  [ 0  0  0  0  0  0  1  0  0  0 ]  [ 0  0  0  0  0  0  0  0  0  1 ]  [ 0  0  0  0  0  0  0  0  0  1 ]  [ 0  0  0  0  0  0  0  0  0  1 ]  [ 0  0  0  0  0  1  0  0  0  0 ]  [ 0  0  0  0  0  1  0  0  0  0 ]  [ 0  0  0  0  0  0  1  0  0  0 ]  [ 0  0  0  0  0  0  0  1  0  0 ]  [ 0  0  0  0  0  0  0  1  0  0 ]  [ 0  0  0  0  0  1  0  0  0  0 ]  [ 0  0  0  0  0  0  0  0  1  0 ]  [ 0  0  0  0  0  0  0  0  1  0 ]  [ 0  0  0  0  0  0  0  0  1  0 ]  [ 0  0  0  0  0  0  0  1  0  0 ]  [ 0  0  0  0  0  0  0  1  0  0 ]  [ 0  0  0  0  0  0  0  0  1  0 ]  [ 0  0  0  0  0  1  0  0  0  0 ]  [ 0  0  0  0  0  0  0  1  0  0 ]  [ 0  0  0  0  0  1  0  0  0  0 ]  [ 0  0  0  0  0  1  0  0  0  0 ]  [ 0  0  0  0  0  0  0  0  1  0 ]  [ 0  0  0  0  0  0  1  0  0  0 ]  [ 0  0  0  0  0  0  1  0  0  0 ]  [ 0  0  0  0  0  0  1  0  0  0 ]  [ 0  0  0  0  0  0  0  1  0  0 ]  [ 0  0  0  0  0  1  0  0  0  0 ]  [ 0  0  0  0  0  0  0  0  1  0 ]  [ 0  0  0  0  0  1  0  0  0  0 ]  [ 0  0  0  0  0  0  0  0  0  1 ]  [ 0  0  0  0  0  1  0  0  0  0 ]  [ 0  0  0  0  0  0  0  0  1  0 ]  [ 0  0  0  0  0  0  0  1  0  0 ]  [ 0  0  0  0  0  0  0  1  0  0 ]  [ 0  0  0  0  0  0  1  0  0  0 ]  [ 0  0  0  0  0  0  1  0  0  0 ]  [ 0  0  0  0  0  0  0  0  1  0 ]  [ 0  0  0  0  0  0  0  1  0  0 ]  [ 0  0  0  0  0  0  0  1  0  0 ]  [ 0  0  0  0  0  0  1  0  0  0 ]  [ 0  0  0  0  0  0  0  0  1  0 ]  [ 0  0  0  0  0  1  0  0  0  0 ]  [ 0  0  0  0  0  0  0  1  0  0 ]  [ 0  0  0  0  0  0  0  0  1  0 ]  [ 0  0  0  0  0  0  0  1  0  0 ]  [ 0  0  0  0  0  0  0  1  0  0 ]  [ 0  0  0  0  0  0  0  1  0  0 ]  [ 0  0  0  0  0  1  0  0  0  0 ]  [ 0  0  0  0  0  0  0  0  0  1 ]  [ 0  0  0  0  0  0  0  0  1  0 ]  [ 0  0  0  0  0  0  0  0  1  0 ]  [ 0  0  0  0  0  0  0  0  0  1 ]  [ 0  0  0  0  0  0  0  1  0  0 ]  [ 0  0  0  0  0  0  1  0  0  0 ]  [ 0  0  0  0  0  0  1  0  0  0 ]  [ 0  0  0  0  0  0  1  0  0  0 ]  [ 0  0  0  0  0  0  1  0  0  0 ]  [ 0  0  0  0  0  0  1  0  0  0 ]  [ 0  0  0  0  0  0  1  0  0  0 ]  [ 0  0  0  0  0  0  0  1  0  0 ]  [ 0  0  0  0  0  0  1  0  0  0 ]  [ 0  0  0  0  0  0  1  0  0  0 ]  [ 0  0  0  0  0  0  0  0  1  0 ]  [ 0  0  0  0  0  0  1  0  0  0 ]  [ 0  0  0  0  0  0  0  0  0  1 ]  [ 0  0  0  0  0  0  0  0  1  0 ]  [ 0  0  0  0  0  0  1  0  0  0 ]  [ 0  0  0  0  0  0  0  0  0  1 ]  [ 0  0  0  0  0  1  0  0  0  0 ]  [ 0  0  0  0  0  1  0  0  0  0 ]  [ 0  0  0  0  0  0  0  0  0  1 ]  [ 0  0  0  0  0  1  0  0  0  0 ]  [ 0  0  0  0  0  1  0  0  0  0 ]  [ 0  0  0  0  0  0  0  0  0  1 ]  [ 0  0  0  0  0  1  0  0  0  0 ]  [ 0  0  0  0  0  0  0  0  1  0 ]  [ 0  0  0  0  0  0  0  1  0  0 ]  [ 0  0  0  0  0  0  1  0  0  0 ]  [ 0  0  0  0  0  0  1  0  0  0 ]  [ 0  0  0  0  0  0  0  0  0  1 ]  [ 0  0  0  0  0  0  1  0  0  0 ]  [ 0  0  0  0  0  0  1  0  0  0 ]  [ 0  0  0  0  0  0  0  1  0  0 ]  [ 0  0  0  0  0  0  0  0  1  0 ]  [ 0  0  0  0  0  0  1  0  0  0 ]  [ 0  0  0  0  0  1  0  0  0  0 ]  [ 0  0  0  0  0  0  0  0  1  0 ]  [ 0  0  0  0  0  1  0  0  0  0 ]  [ 0  0  0  0  0  1  0  0  0  0 ]  [ 0  0  0  0  0  1  0  0  0  0 ]  [ 0  0  0  0  0  0  0  0  0  1 ]  [ 0  0  0  0  0  0  0  1  0  0 ]  [ 0  0  0  0  0  0  0  0  1  0 ]  [ 0  0  0  0  0  0  0  1  0  0 ]  [ 0  0  0  0  0  0  0  0  0  1 ]  [ 0  0  0  0  0  0  1  0  0  0 ]  [ 0  0  0  0  0  0  1  0  0  0 ]  [ 0  0  0  0  0  0  0  0  1  0 ]  [ 0  0  0  0  0  1  0  0  0  0 ]  [ 0  0  0  0  0  0  1  0  0  0 ]  [ 0  0  0  0  0  0  0  0  1  0 ]  [ 0  0  0  0  0  0  0  1  0  0 ]  [ 0  0  0  0  0  0  0  1  0  0 ]  [ 0  0  0  0  0  0  0  0  0  1 ]  [ 0  0  0  0  0  0  0  1  0  0 ]  [ 0  0  0  0  0  0  0  0  1  0 ]  [ 0  0  0  0  0  0  1  0  0  0 ]  [ 0  0  0  0  0  1  0  0  0  0 ]  [ 0  0  0  0  0  0  1  0  0  0 ]  [ 0  0  0  0  0  0  1  0  0  0 ]  [ 0  0  0  0  0  1  0  0  0  0 ]  [ 0  0  0  0  0  0  1  0  0  0 ]  [ 0  0  0  0  0  1  0  0  0  0 ]  [ 0  0  0  0  0  0  0  1  0  0 ]  [ 0  0  0  0  0  0  0  0  1  0 ]  [ 0  0  0  0  0  0  0  0  1  0 ]  [ 0  0  0  0  0  0  0  0  0  1 ]  [ 0  0  0  0  0  0  1  0  0  0 ]  [ 0  0  0  0  0  0  0  0  1  0 ]  [ 0  0  0  0  0  0  0  0  0  1 ]  [ 0  0  0  0  0  0  1  0  0  0 ]  [ 0  0  0  0  0  0  0  0  0  1 ]  [ 0  0  0  0  0  1  0  0  0  0 ]  [ 0  0  0  0  0  0  0  0  0  1 ]  [ 0  0  0  0  0  0  0  0  0  1 ]  [ 0  0  0  0  0  0  0  0  0  1 ]  [ 0  0  0  0  0  0  0  0  0  1 ]  [ 0  0  0  0  0  0  0  0  1  0 ]  [ 0  0  0  0  0  0  0  1  0  0 ]  [ 0  0  0  0  0  0  0  0  1  0 ]  [ 0  0  0  0  0  0  0  0  0  1 ]  [ 0  0  0  0  0  0  0  1  0  0 ]  [ 0  0  0  0  0  0  0  0  1  0 ]  [ 0  0  0  0  0  0  0  0  0  1 ]  [ 0  0  0  0  0  0  1  0  0  0 ]  [ 0  0  0  0  0  0  1  0  0  0 ]  [ 0  0  0  0  0  1  0  0  0  0 ]  [ 0  0  0  0  0  0  0  0  0  1 ]  [ 0  0  0  0  0  0  0  0  1  0 ]  [ 0  0  0  0  0  0  0  0  1  0 ]  [ 0  0  0  0  0  0  1  0  0  0 ]  [ 0  0  0  0  0  1  0  0  0  0 ]  [ 0  0  0  0  0  0  0  1  0  0 ]  [ 0  0  0  0  0  0  0  0  0  1 ]  [ 0  0  0  0  0  0  1  0  0  0 ]  [ 0  0  0  0  0  0  0  1  0  0 ]  [ 0  0  0  0  0  0  0  1  0  0 ]  [ 0  0  0  0  0  0  0  0  0  1 ]  [ 0  0  0  0  0  1  0  0  0  0 ]  [ 0  0  0  0  0  0  0  0  0  1 ]  [ 0  0  0  0  0  1  0  0  0  0 ]  [ 0  0  0  0  0  0  0  0  1  0 ]  [ 0  0  0  0  0  0  0  0  1  0 ]  [ 0  0  0  0  0  0  0  1  0  0 ]  [ 0  0  0  0  0  0  0  0  1  0 ]  [ 0  0  0  0  0  0  1  0  0  0 ]  [ 0  0  0  0  0  1  0  0  0  0 ]  [ 0  0  0  0  0  0  1  0  0  0 ]  [ 0  0  0  0  0  0  1  0  0  0 ]  [ 0  0  0  0  0  0  0  0  1  0 ]  [ 0  0  0  0  0  0  0  1  0  0 ]  [ 0  0  0  0  0  0  0  0  1  0 ]  [ 0  0  0  0  0  0  0  0  0  1 ]  [ 0  0  0  0  0  0  0  0  1  0 ]  [ 0  0  0  0  0  0  0  0  1  0 ]  [ 0  0  0  0  0  0  0  0  0  1 ]  [ 0  0  0  0  0  0  0  0  0  1 ]  [ 0  0  0  0  0  0  0  0  1  0 ]  [ 0  0  0  0  0  0  1  0  0  0 ]  [ 0  0  0  0  0  0  0  1  0  0 ]  [ 0  0  0  0  0  0  0  0  1  0 ]  [ 0  0  0  0  0  0  0  0  1  0 ]  [ 0  0  0  0  0  0  0  0  0  1 ]  [ 0  0  0  0  0  0  0  0  1  0 ]  [ 0  0  0  0  0  0  0  0  1  0 ]  [ 0  0  0  0  0  0  1  0  0  0 ]  [ 0  0  0  0  0  0  0  0  1  0 ]  [ 0  0  0  0  0  1  0  0  0  0 ]  [ 0  0  0  0  0  0  0  0  1  0 ]  [ 0  0  0  0  0  1  0  0  0  0 ]  [ 0  0  0  0  0  1  0  0  0  0 ]  [ 0  0  0  0  0  0  0  0  0  1 ]  [ 0  0  0  0  0  0  0  0  0  1 ]  [ 0  0  0  0  0  0  1  0  0  0 ]  [ 0  0  0  0  0  1  0  0  0  0 ]  [ 0  0  0  0  0  0  0  0  0  1 ]  [ 0  0  0  0  0  0  0  0  1  0 ]  [ 0  0  0  0  0  1  0  0  0  0 ]  [ 0  0  0  0  0  0  0  0  0  1 ]  [ 0  0  0  0  0  0  0  0  0  1 ]  [ 0  0  0  0  0  0  0  1  0  0 ]  [ 0  0  0  0  0  0  1  0  0  0 ]  [ 0  0  0  0  0  1  0  0  0  0 ]  [ 0  0  0  0  0  1  0  0  0  0 ]  [ 0  0  0  0  0  0  0  1  0  0 ]  [ 0  0  0  0  0  0  0  0  1  0 ]  [ 0  0  0  0  0  0  0  0  1  0 ]  [ 0  0  0  0  0  0  1  0  0  0 ]  [ 0  0  0  0  0  0  0  0  1  0 ]  [ 0  0  0  0  0  1  0  0  0  0 ]  [ 0  0  0  0  0  0  0  0  1  0 ]  [ 0  0  0  0  0  1  0  0  0  0 ]  [ 0  0  0  0  0  1  0  0  0  0 ]  [ 0  0  0  0  0  1  0  0  0  0 ]  [ 0  0  0  0  0  0  0  0  1  0 ]  [ 0  0  0  0  0  0  1  0  0  0 ]  [ 0  0  0  0  0  1  0  0  0  0 ]  [ 0  0  0  0  0  0  0  1  0  0 ]  [ 0  0  0  0  0  0  1  0  0  0 ]  [ 0  0  0  0  0  0  0  1  0  0 ]  [ 0  0  0  0  0  0  0  1  0  0 ]  [ 0  0  0  0  0  0  0  0  1  0 ]  [ 0  0  0  0  0  0  0  0  0  1 ]  [ 0  0  0  0  0  0  1  0  0  0 ]  [ 0  0  0  0  0  0  0  0  1  0 ]  [ 0  0  0  0  0  1  0  0  0  0 ]  [ 0  0  0  0  0  0  1  0  0  0 ]  [ 0  0  0  0  0  1  0  0  0  0 ]  [ 0  0  0  0  0  0  0  0  0  1 ]  [ 0  0  0  0  0  0  1  0  0  0 ]  [ 0  0  0  0  0  0  0  0  1  0 ]  [ 0  0  0  0  0  0  0  0  0  1 ]  [ 0  0  0  0  0  0  1  0  0  0 ]  [ 0  0  0  0  0  0  1  0  0  0 ]  [ 0  0  0  0  0  0  1  0  0  0 ]  [ 0  0  0  0  0  0  0  1  0  0 ]  [ 0  0  0  0  0  0  1  0  0  0 ]  [ 0  0  0  0  0  1  0  0  0  0 ]  [ 0  0  0  0  0  0  0  0  0  1 ]  [ 0  0  0  0  0  0  0  0  1  0 ]  [ 0  0  0  0  0  0  0  0  0  1 ]  [ 0  0  0  0  0  0  0  0  0  1 ]  [ 0  0  0  0  0  0  0  0  1  0 ]  [ 0  0  0  0  0  0  0  0  0  1 ]  [ 0  0  0  0  0  0  0  0  1  0 ]  [ 0  0  0  0  0  0  0  1  0  0 ]  [ 0  0  0  0  0  0  0  0  0  1 ]  [ 0  0  0  0  0  0  0  0  0  1 ]  [ 0  0  0  0  0  1  0  0  0  0 ]  [ 0  0  0  0  0  1  0  0  0  0 ]  [ 0  0  0  0  0  1  0  0  0  0 ]  [ 0  0  0  0  0  0  0  1  0  0 ]  [ 0  0  0  0  0  0  0  0  0  1 ]  [ 0  0  0  0  0  0  0  1  0  0 ]  [ 0  0  0  0  0  0  0  0  0  1 ]  [ 0  0  0  0  0  0  1  0  0  0 ]  [ 0  0  0  0  0  0  0  1  0  0 ]  [ 0  0  0  0  0  0  1  0  0  0 ]  [ 0  0  0  0  0  0  0  0  1  0 ]  [ 0  0  0  0  0  0  1  0  0  0 ]  [ 0  0  0  0  0  1  0  0  0  0 ]  [ 0  0  0  0  0  0  1  0  0  0 ]  [ 0  0  0  0  0  0  0  1  0  0 ]  [ 0  0  0  0  0  0  0  0  0  1 ]  [ 0  0  0  0  0  0  1  0  0  0 ]  [ 0  0  0  0  0  0  0  0  0  1 ]  [ 0  0  0  0  0  0  0  0  0  1 ]  [ 0  0  0  0  0  1  0  0  0  0 ]  [ 0  0  0  0  0  0  0  0  1  0 ]  [ 0  0  0  0  0  0  0  0  0  1 ]  [ 0  0  0  0  0  0  0  0  0  1 ]  [ 0  0  0  0  0  0  0  0  1  0 ]  [ 0  0  0  0  0  0  1  0  0  0 ]  [ 0  0  0  0  0  0  0  1  0  0 ]  [ 0  0  0  0  0  0  0  0  1  0 ]  [ 0  0  0  0  0  0  0  0  1  0 ]  [ 0  0  0  0  0  1  0  0  0  0 ]  [ 0  0  0  0  0  0  0  0  0  1 ]  [ 0  0  0  0  0  0  0  1  0  0 ]  [ 0  0  0  0  0  1  0  0  0  0 ]  [ 0  0  0  0  0  0  1  0  0  0 ]  [ 0  0  0  0  0  1  0  0  0  0 ]  [ 0  0  0  0  0  0  0  1  0  0 ]  [ 0  0  0  0  0  1  0  0  0  0 ]  [ 0  0  0  0  0  0  0  1  0  0 ]  [ 0  0  0  0  0  0  1  0  0  0 ]  [ 0  0  0  0  0  0  0  0  0  1 ]  [ 0  0  0  0  0  0  0  0  1  0 ]  [ 0  0  0  0  0  1  0  0  0  0 ]  [ 0  0  0  0  0  0  0  0  0  1 ]  [ 0  0  0  0  0  0  0  1  0  0 ]  [ 0  0  0  0  0  0  1  0  0  0 ]  [ 0  0  0  0  0  0  0  0  0  1 ]  [ 0  0  0  0  0  1  0  0  0  0 ]  [ 0  0  0  0  0  0  1  0  0  0 ]  [ 0  0  0  0  0  0  0  1  0  0 ]  [ 0  0  0  0  0  1  0  0  0  0 ]  [ 0  0  0  0  0  0  0  1  0  0 ]  [ 0  0  0  0  0  0  0  0  0  1 ]  [ 0  0  0  0  0  0  1  0  0  0 ]  [ 0  0  0  0  0  0  0  0  1  0 ]  [ 0  0  0  0  0  1  0  0  0  0 ]  [ 0  0  0  0  0  0  0  0  0  1 ]  [ 0  0  0  0  0  0  0  0  0  1 ]  [ 0  0  0  0  0  1  0  0  0  0 ]  [ 0  0  0  0  0  0  0  0  1  0 ]  [ 0  0  0  0  0  0  1  0  0  0 ]  [ 0  0  0  0  0  1  0  0  0  0 ]  [ 0  0  0  0  0  0  1  0  0  0 ]  [ 0  0  0  0  0  0  0  0  1  0 ]  [ 0  0  0  0  0  0  0  1  0  0 ]  [ 0  0  0  0  0  0  0  1  0  0 ]  [ 0  0  0  0  0  1  0  0  0  0 ]  [ 0  0  0  0  0  1  0  0  0  0 ]  [ 0  0  0  0  0  0  1  0  0  0 ]  [ 0  0  0  0  0  0  0  1  0  0 ]  [ 0  0  0  0  0  0  0  0  0  1 ]  [ 0  0  0  0  0  0  0  1  0  0 ]  [ 0  0  0  0  0  0  1  0  0  0 ]  [ 0  0  0  0  0  0  0  0  0  1 ]  [ 0  0  0  0  0  0  0  0  1  0 ]  [ 0  0  0  0  0  0  0  0  1  0 ]  [ 0  0  0  0  0  0  0  0  0  1 ]  [ 0  0  0  0  0  0  0  1  0  0 ]  [ 0  0  0  0  0  0  1  0  0  0 ]  [ 0  0  0  0  0  1  0  0  0  0 ]  [ 0  0  0  0  0  0  0  0  1  0 ]  [ 0  0  0  0  0  0  0  0  1  0 ]  [ 0  0  0  0  0  0  0  0  0  1 ]  [ 0  0  0  0  0  0  0  0  0  1 ]  [ 0  0  0  0  0  0  0  1  0  0 ]  [ 0  0  0  0  0  0  0  1  0  0 ]  [ 0  0  0  0  0  0  0  0  0  1 ]  [ 0  0  0  0  0  1  0  0  0  0 ]  [ 0  0  0  0  0  0  1  0  0  0 ]  [ 0  0  0  0  0  0  0  1  0  0 ]  [ 0  0  0  0  0  0  0  0  1  0 ]  [ 0  0  0  0  0  0  0  0  1  0 ]  [ 0  0  0  0  0  1  0  0  0  0 ]  [ 0  0  0  0  0  0  0  1  0  0 ]  [ 0  0  0  0  0  1  0  0  0  0 ]  [ 0  0  0  0  0  0  1  0  0  0 ]  [ 0  0  0  0  0  1  0  0  0  0 ]  [ 0  0  0  0  0  0  1  0  0  0 ]  [ 0  0  0  0  0  0  0  0  1  0 ]  [ 0  0  0  0  0  0  1  0  0  0 ]  [ 0  0  0  0  0  1  0  0  0  0 ]  [ 0  0  0  0  0  0  0  1  0  0 ] ];

ObjRequests = {  <1,6,233>, <2,6,505>, <3,6,128>, <4,6,225>, <5,6,47>, <6,6,2>, <7,6,14>, <8,6,89>, <9,6,116>, <10,6,55>, <11,6,32>, <12,6,11>, <13,6,108>, <14,6,38>, <15,6,75>, <16,6,33>, <17,6,20>, <18,6,72>, <19,6,2>, <20,6,17>, <21,6,60>, <22,6,23>, <23,6,44>, <24,6,3>, <25,6,14>, <26,6,43>, <28,6,4>, <29,6,8>, <30,6,8>, <31,6,16>, <32,6,7>, <33,6,2>, <34,6,1>, <35,6,9>, <36,6,9>, <37,6,1>, <38,6,5>, <39,6,25>, <40,6,4>, <41,6,30>, <42,6,3>, <43,6,27>, <44,6,5>, <45,6,15>, <46,6,9>, <47,6,10>, <48,6,14>, <49,6,8>, <50,6,42>, <51,6,12>, <52,6,7>, <53,6,14>, <54,6,3>, <55,6,2>, <56,6,1>, <57,6,22>, <58,6,1>, <59,6,3>, <60,6,2>, <61,6,14>, <62,6,13>, <63,6,1>, <64,6,1>, <65,6,6>, <66,6,11>, <68,6,6>, <69,6,9>, <70,6,4>, <71,6,4>, <72,6,8>, <73,6,8>, <74,6,6>, <75,6,16>, <76,6,12>, <79,6,1>, <80,6,9>, <81,6,4>, <82,6,8>, <83,6,10>, <84,6,3>, <85,6,3>, <86,6,1>, <87,6,13>, <88,6,4>, <89,6,9>, <90,6,3>, <91,6,9>, <92,6,1>, <93,6,4>, <95,6,6>, <96,6,10>, <97,6,3>, <98,6,5>, <99,6,3>, <100,6,9>, <101,6,1>, <102,6,3>, <103,6,9>, <105,6,5>, <106,6,3>, <107,6,4>, <110,6,5>, <112,6,6>, <114,6,2>, <115,6,4>, <116,6,1>, <117,6,5>, <118,6,1>, <119,6,4>, <120,6,5>, <122,6,8>, <123,6,4>, <124,6,3>, <125,6,1>, <127,6,2>, <128,6,1>, <129,6,2>, <131,6,6>, <132,6,4>, <133,6,13>, <134,6,1>, <135,6,14>, <136,6,2>, <137,6,1>, <138,6,1>, <139,6,3>, <141,6,2>, <143,6,6>, <144,6,2>, <145,6,7>, <146,6,9>, <147,6,2>, <148,6,1>, <149,6,3>, <150,6,2>, <152,6,6>, <153,6,1>, <154,6,4>, <155,6,6>, <159,6,3>, <160,6,2>, <161,6,5>, <162,6,2>, <163,6,1>, <165,6,2>, <166,6,1>, <167,6,4>, <168,6,1>, <170,6,2>, <171,6,1>, <172,6,4>, <173,6,1>, <174,6,3>, <175,6,1>, <176,6,1>, <177,6,2>, <178,6,2>, <179,6,1>, <180,6,2>, <181,6,1>, <182,6,1>, <183,6,1>, <185,6,4>, <186,6,1>, <187,6,2>, <189,6,2>, <190,6,8>, <191,6,5>, <192,6,2>, <193,6,4>, <194,6,1>, <195,6,4>, <196,6,2>, <198,6,1>, <199,6,1>, <200,6,5>, <201,6,1>, <202,6,3>, <203,6,7>, <204,6,2>, <205,6,1>, <206,6,2>, <207,6,2>, <208,6,1>, <209,6,7>, <210,6,4>, <211,6,2>, <213,6,1>, <214,6,2>, <215,6,4>, <216,6,3>, <218,6,4>, <219,6,4>, <220,6,2>, <221,6,2>, <222,6,1>, <225,6,3>, <226,6,6>, <227,6,4>, <228,6,5>, <229,6,2>, <231,6,1>, <232,6,1>, <234,6,3>, <236,6,3>, <237,6,3>, <239,6,3>, <240,6,1>, <241,6,4>, <243,6,1>, <244,6,1>, <245,6,2>, <246,6,1>, <247,6,1>, <248,6,1>, <249,6,1>, <250,6,2>, <254,6,4>, <255,6,5>, <258,6,1>, <259,6,1>, <260,6,1>, <261,6,1>, <264,6,2>, <265,6,2>, <266,6,1>, <267,6,3>, <268,6,5>, <269,6,7>, <270,6,1>, <271,6,1>, <272,6,1>, <273,6,3>, <274,6,1>, <275,6,1>, <276,6,2>, <277,6,3>, <278,6,1>, <279,6,1>, <280,6,6>, <281,6,2>, <282,6,1>, <283,6,2>, <284,6,1>, <286,6,1>, <287,6,1>, <289,6,1>, <290,6,2>, <291,6,1>, <292,6,1>, <294,6,4>, <295,6,2>, <297,6,2>, <298,6,1>, <301,6,1>, <304,6,1>, <305,6,2>, <306,6,3>, <307,6,1>, <308,6,3>, <309,6,2>, <311,6,4>, <313,6,3>, <316,6,1>, <317,6,1>, <319,6,2>, <320,6,1>, <321,6,3>, <322,6,1>, <324,6,3>, <325,6,2>, <327,6,2>, <328,6,2>, <330,6,3>, <332,6,1>, <333,6,1>, <335,6,1>, <338,6,1>, <339,6,1>, <341,6,1>, <342,6,3>, <343,6,2>, <344,6,2>, <345,6,1>, <346,6,2>, <347,6,1>, <348,6,1>, <349,6,3>, <350,6,2>, <352,6,1>, <353,6,2>, <354,6,1>, <355,6,3>, <356,6,2>, <357,6,1>, <358,6,1>, <360,6,2>, <361,6,1>, <362,6,3>, <365,6,1>, <366,6,2>, <367,6,1>, <368,6,2>, <369,6,1>, <371,6,1>, <374,6,1>, <376,6,1>, <378,6,1>, <379,6,1>, <381,6,1>, <382,6,2>, <384,6,2>, <385,6,1>, <387,6,1>, <388,6,1>, <389,6,2>, <390,6,1>, <392,6,1>, <393,6,1>, <394,6,3>, <395,6,1>, <399,6,1>, <400,6,4>, <401,6,3>, <402,6,1>, <403,6,2>, <404,6,5>, <405,6,2>, <406,6,3>, <408,6,1>, <409,6,1>, <410,6,3>, <411,6,2>, <414,6,1>, <415,6,2>, <417,6,1>, <418,6,1>, <420,6,2>, <421,6,2>, <424,6,1>, <426,6,1>, <427,6,1>, <428,6,2>, <429,6,1>, <434,6,2>, <435,6,5>, <437,6,1>, <440,6,1>, <442,6,1>, <446,6,1>, <448,6,2>, <449,6,2>, <451,6,1>, <454,6,1>, <455,6,1>, <456,6,1>, <457,6,3>, <462,6,1>, <463,6,3>, <465,6,3>, <466,6,1>, <469,6,1>, <470,6,1>, <472,6,1>, <473,6,1>, <474,6,1>, <475,6,1>, <476,6,2>, <477,6,3>, <478,6,1>, <479,6,1>, <481,6,2>, <483,6,1>, <484,6,1>, <486,6,1>, <487,6,2>, <491,6,1>, <492,6,1>, <493,6,1>, <495,6,1>, <496,6,1>, <497,6,1>, <498,6,1>, <501,6,1>, <502,6,1>, <504,6,1>, <506,6,3>, <507,6,1>, <508,6,1>, <509,6,1>, <510,6,1>, <511,6,1>, <512,6,2>, <513,6,1>, <518,6,1>, <519,6,1>, <521,6,1>, <522,6,3>, <523,6,1>, <524,6,1>, <526,6,1>, <528,6,1>, <531,6,1>, <532,6,1>, <533,6,1>, <535,6,1>, <536,6,1>, <537,6,1>, <538,6,1>, <539,6,2>, <540,6,3>, <541,6,3>, <542,6,1>, <543,6,1>, <544,6,1>, <546,6,2>, <548,6,2>, <549,6,2>, <550,6,1>, <553,6,1>, <555,6,3>, <557,6,1>, <558,6,1>, <560,6,3>, <561,6,2>, <563,6,1>, <565,6,1>, <568,6,1>, <570,6,1>, <571,6,2>, <572,6,1>, <577,6,3>, <580,6,1>, <582,6,1>, <584,6,1>, <585,6,3>, <586,6,1>, <587,6,1>, <597,6,3>, <598,6,1>, <599,6,1>, <603,6,1>, <604,6,1>, <605,6,1>, <606,6,1>, <607,6,3>, <611,6,1>, <612,6,2>, <613,6,1>, <614,6,1>, <616,6,1>, <617,6,1>, <619,6,2>, <620,6,1>, <621,6,1>, <622,6,1>, <623,6,1>, <624,6,2>, <625,6,1>, <626,6,1>, <629,6,2>, <631,6,1>, <633,6,1>, <634,6,2>, <635,6,2>, <636,6,1>, <638,6,1>, <644,6,2>, <646,6,1>, <649,6,1>, <651,6,1>, <653,6,1>, <654,6,1>, <657,6,2>, <662,6,2>, <664,6,1>, <666,6,1>, <667,6,2>, <669,6,1>, <673,6,2>, <676,6,1>, <683,6,2>, <684,6,1>, <688,6,1>, <693,6,1>, <694,6,1>, <697,6,1>, <701,6,1>, <703,6,1>, <708,6,1>, <711,6,1>, <713,6,1>, <714,6,1>, <716,6,1>, <717,6,1>, <718,6,1>, <720,6,1>, <724,6,1>, <728,6,1>, <729,6,1>, <734,6,1>, <738,6,1>, <739,6,3>, <740,6,1>, <749,6,1>, <755,6,1>, <759,6,3>, <767,6,1>, <769,6,1>, <771,6,1>, <772,6,3>, <773,6,2>, <776,6,1>, <782,6,1>, <783,6,1>, <788,6,1>, <790,6,1>, <791,6,1>, <797,6,1>, <800,6,1>, <807,6,1>, <815,6,1>, <816,6,1>, <817,6,1>, <818,6,1>, <821,6,1>, <822,6,3>, <823,6,1>, <825,6,1>, <828,6,2>, <830,6,2>, <835,6,1>, <836,6,2>, <837,6,1>, <839,6,2>, <841,6,1>, <842,6,3>, <843,6,2>, <847,6,2>, <851,6,1>, <852,6,1>, <853,6,1>, <854,6,1>, <856,6,1>, <858,6,1>, <861,6,1>, <867,6,1>, <868,6,1>, <872,6,3>, <873,6,1>, <879,6,1>, <880,6,1>, <881,6,1>, <885,6,2>, <887,6,1>, <893,6,1>, <895,6,1>, <899,6,1>, <900,6,1>, <904,6,1>, <906,6,1>, <908,6,1>, <911,6,3>, <913,6,1>, <915,6,3>, <916,6,1>, <918,6,1>, <919,6,1>, <920,6,1>, <925,6,1>, <927,6,2>, <930,6,1>, <937,6,1>, <938,6,1>, <940,6,1>, <942,6,1>, <945,6,1>, <946,6,1>, <947,6,1>, <948,6,1>, <952,6,1>, <957,6,1>, <962,6,1>, <964,6,1>, <970,6,1>, <972,6,2>, <977,6,2>, <980,6,2>, <983,6,1>, <988,6,1>, <989,6,1>, <990,6,1>, <991,6,1>, <992,6,1>, <994,6,1>, <996,6,2>, <1000,6,2>, <1,7,52>, <2,7,188>, <3,7,72>, <4,7,230>, <5,7,81>, <6,7,63>, <7,7,40>, <8,7,46>, <9,7,40>, <10,7,3>, <11,7,24>, <12,7,11>, <13,7,30>, <14,7,20>, <15,7,13>, <16,7,17>, <17,7,50>, <18,7,11>, <19,7,15>, <20,7,24>, <21,7,15>, <22,7,31>, <23,7,10>, <24,7,2>, <25,7,11>, <26,7,8>, <27,7,3>, <28,7,16>, <29,7,33>, <30,7,46>, <31,7,11>, <32,7,21>, <33,7,19>, <34,7,30>, <35,7,23>, <36,7,12>, <37,7,39>, <38,7,42>, <39,7,2>, <40,7,3>, <41,7,16>, <43,7,7>, <44,7,9>, <45,7,6>, <46,7,8>, <47,7,7>, <48,7,21>, <49,7,4>, <50,7,5>, <51,7,7>, <53,7,5>, <54,7,1>, <55,7,8>, <56,7,37>, <57,7,2>, <58,7,6>, <59,7,8>, <60,7,4>, <61,7,10>, <62,7,7>, <63,7,22>, <64,7,11>, <65,7,2>, <66,7,4>, <67,7,2>, <68,7,1>, <69,7,4>, <70,7,3>, <71,7,6>, <72,7,14>, <73,7,5>, <74,7,8>, <75,7,1>, <76,7,9>, <77,7,6>, <78,7,8>, <79,7,2>, <80,7,4>, <81,7,7>, <83,7,9>, <84,7,4>, <85,7,6>, <86,7,2>, <87,7,1>, <88,7,4>, <89,7,2>, <90,7,5>, <92,7,3>, <93,7,4>, <94,7,9>, <95,7,1>, <96,7,4>, <97,7,2>, <98,7,5>, <100,7,2>, <101,7,16>, <102,7,10>, <103,7,1>, <104,7,1>, <105,7,1>, <106,7,9>, <108,7,4>, <109,7,10>, <110,7,4>, <111,7,9>, <112,7,9>, <113,7,8>, <114,7,3>, <115,7,3>, <116,7,1>, <117,7,2>, <118,7,1>, <119,7,2>, <120,7,4>, <121,7,15>, <122,7,1>, <123,7,3>, <124,7,2>, <125,7,1>, <126,7,3>, <127,7,1>, <128,7,7>, <129,7,2>, <130,7,1>, <132,7,1>, <133,7,3>, <134,7,12>, <135,7,1>, <136,7,3>, <140,7,4>, <141,7,2>, <142,7,2>, <143,7,11>, <144,7,4>, <146,7,2>, <147,7,1>, <148,7,2>, <150,7,3>, <151,7,3>, <153,7,2>, <154,7,4>, <157,7,2>, <158,7,1>, <159,7,7>, <160,7,1>, <161,7,6>, <163,7,3>, <164,7,5>, <165,7,1>, <166,7,4>, <167,7,1>, <168,7,1>, <169,7,2>, <170,7,1>, <171,7,1>, <172,7,3>, <174,7,4>, <175,7,1>, <176,7,2>, <177,7,5>, <178,7,1>, <179,7,4>, <180,7,8>, <181,7,2>, <183,7,4>, <184,7,8>, <185,7,5>, <186,7,4>, <187,7,4>, <188,7,7>, <189,7,5>, <190,7,2>, <191,7,1>, <192,7,2>, <193,7,1>, <194,7,4>, <195,7,3>, <196,7,2>, <197,7,2>, <198,7,5>, <199,7,3>, <201,7,5>, <202,7,5>, <204,7,5>, <205,7,2>, <206,7,1>, <208,7,3>, <209,7,1>, <210,7,4>, <211,7,1>, <212,7,1>, <213,7,2>, <215,7,2>, <216,7,2>, <217,7,2>, <218,7,4>, <219,7,1>, <220,7,1>, <221,7,1>, <223,7,6>, <224,7,3>, <226,7,2>, <227,7,1>, <229,7,2>, <230,7,3>, <231,7,1>, <232,7,2>, <233,7,4>, <234,7,1>, <235,7,1>, <236,7,3>, <237,7,4>, <238,7,2>, <239,7,3>, <241,7,1>, <243,7,1>, <245,7,2>, <246,7,2>, <247,7,4>, <249,7,1>, <250,7,1>, <251,7,3>, <252,7,5>, <253,7,3>, <254,7,1>, <255,7,2>, <256,7,1>, <257,7,3>, <258,7,2>, <259,7,3>, <260,7,1>, <261,7,1>, <262,7,1>, <263,7,1>, <264,7,1>, <266,7,1>, <267,7,1>, <268,7,3>, <269,7,2>, <270,7,4>, <271,7,1>, <272,7,3>, <273,7,3>, <274,7,1>, <275,7,1>, <276,7,1>, <277,7,2>, <278,7,4>, <279,7,2>, <280,7,2>, <281,7,2>, <282,7,2>, <283,7,1>, <284,7,2>, <285,7,7>, <286,7,1>, <292,7,2>, <293,7,1>, <294,7,1>, <298,7,1>, <299,7,1>, <300,7,1>, <301,7,2>, <302,7,1>, <303,7,1>, <304,7,5>, <306,7,1>, <308,7,1>, <309,7,1>, <310,7,1>, <311,7,6>, <313,7,3>, <315,7,3>, <316,7,1>, <317,7,2>, <319,7,2>, <320,7,2>, <321,7,2>, <322,7,3>, <324,7,1>, <325,7,3>, <326,7,1>, <327,7,4>, <328,7,2>, <329,7,1>, <330,7,6>, <331,7,3>, <333,7,2>, <334,7,4>, <336,7,1>, <338,7,3>, <340,7,1>, <341,7,1>, <342,7,1>, <343,7,1>, <344,7,1>, <345,7,2>, <348,7,1>, <349,7,1>, <350,7,1>, <351,7,1>, <352,7,1>, <355,7,1>, <356,7,4>, <357,7,2>, <358,7,1>, <362,7,1>, <363,7,1>, <364,7,2>, <365,7,1>, <366,7,3>, <367,7,1>, <368,7,1>, <369,7,1>, <372,7,1>, <373,7,1>, <374,7,1>, <376,7,1>, <377,7,3>, <379,7,2>, <381,7,2>, <384,7,1>, <387,7,1>, <388,7,3>, <389,7,2>, <391,7,1>, <393,7,1>, <395,7,1>, <396,7,1>, <398,7,2>, <399,7,1>, <400,7,2>, <401,7,1>, <403,7,1>, <404,7,2>, <405,7,3>, <409,7,3>, <410,7,1>, <411,7,3>, <412,7,2>, <413,7,1>, <414,7,2>, <415,7,2>, <417,7,2>, <418,7,1>, <420,7,1>, <423,7,2>, <425,7,2>, <428,7,2>, <429,7,2>, <430,7,1>, <432,7,1>, <434,7,1>, <435,7,1>, <437,7,3>, <440,7,1>, <442,7,3>, <443,7,1>, <445,7,1>, <447,7,2>, <448,7,1>, <449,7,1>, <450,7,2>, <451,7,1>, <452,7,1>, <453,7,1>, <455,7,1>, <456,7,1>, <457,7,1>, <459,7,1>, <462,7,1>, <463,7,1>, <464,7,2>, <467,7,2>, <470,7,4>, <471,7,1>, <473,7,1>, <474,7,1>, <475,7,4>, <476,7,2>, <477,7,1>, <478,7,3>, <479,7,1>, <480,7,2>, <481,7,2>, <482,7,2>, <485,7,1>, <487,7,2>, <488,7,1>, <489,7,4>, <490,7,1>, <492,7,1>, <493,7,1>, <496,7,1>, <498,7,3>, <499,7,1>, <500,7,1>, <502,7,2>, <503,7,1>, <504,7,1>, <506,7,4>, <507,7,1>, <508,7,1>, <509,7,1>, <510,7,1>, <513,7,1>, <514,7,1>, <515,7,3>, <517,7,3>, <518,7,4>, <522,7,1>, <525,7,2>, <526,7,1>, <528,7,1>, <530,7,1>, <533,7,1>, <536,7,2>, <537,7,1>, <538,7,1>, <539,7,2>, <540,7,1>, <541,7,2>, <542,7,1>, <545,7,1>, <546,7,1>, <547,7,1>, <548,7,1>, <549,7,2>, <550,7,2>, <551,7,2>, <552,7,1>, <553,7,2>, <557,7,2>, <558,7,1>, <561,7,3>, <562,7,2>, <563,7,3>, <567,7,1>, <568,7,1>, <570,7,1>, <571,7,1>, <572,7,1>, <576,7,1>, <581,7,4>, <582,7,2>, <583,7,1>, <584,7,2>, <590,7,1>, <597,7,1>, <601,7,1>, <605,7,1>, <608,7,1>, <609,7,1>, <611,7,2>, <613,7,2>, <617,7,1>, <621,7,3>, <623,7,1>, <624,7,1>, <630,7,1>, <632,7,1>, <633,7,1>, <634,7,1>, <635,7,2>, <636,7,1>, <637,7,1>, <638,7,1>, <644,7,2>, <645,7,1>, <646,7,1>, <647,7,2>, <648,7,1>, <649,7,1>, <653,7,1>, <656,7,1>, <657,7,1>, <659,7,1>, <660,7,1>, <662,7,1>, <663,7,2>, <666,7,1>, <671,7,1>, <673,7,1>, <677,7,1>, <678,7,1>, <683,7,1>, <685,7,1>, <694,7,1>, <696,7,1>, <697,7,1>, <699,7,1>, <700,7,1>, <701,7,4>, <702,7,1>, <703,7,1>, <704,7,1>, <705,7,1>, <706,7,2>, <708,7,1>, <719,7,1>, <726,7,1>, <727,7,1>, <729,7,1>, <733,7,1>, <735,7,1>, <736,7,1>, <737,7,1>, <739,7,1>, <740,7,1>, <741,7,2>, <742,7,4>, <743,7,1>, <749,7,2>, <750,7,1>, <751,7,1>, <752,7,2>, <753,7,1>, <754,7,2>, <759,7,1>, <762,7,1>, <763,7,2>, <768,7,1>, <769,7,1>, <771,7,1>, <772,7,1>, <774,7,1>, <775,7,2>, <776,7,3>, <780,7,2>, <781,7,1>, <789,7,1>, <791,7,1>, <794,7,1>, <797,7,1>, <800,7,1>, <803,7,1>, <805,7,1>, <807,7,1>, <808,7,1>, <810,7,1>, <818,7,1>, <819,7,1>, <820,7,1>, <822,7,2>, <825,7,1>, <831,7,1>, <833,7,1>, <838,7,1>, <843,7,2>, <851,7,1>, <852,7,2>, <854,7,1>, <859,7,1>, <861,7,1>, <863,7,1>, <864,7,1>, <867,7,1>, <878,7,1>, <879,7,1>, <881,7,1>, <888,7,1>, <895,7,1>, <899,7,1>, <900,7,1>, <901,7,1>, <904,7,1>, <905,7,1>, <908,7,1>, <910,7,1>, <911,7,1>, <913,7,2>, <915,7,1>, <918,7,1>, <925,7,1>, <926,7,1>, <927,7,1>, <928,7,1>, <930,7,2>, <931,7,1>, <937,7,1>, <939,7,1>, <941,7,1>, <942,7,1>, <944,7,1>, <947,7,1>, <949,7,1>, <954,7,2>, <956,7,3>, <961,7,1>, <962,7,1>, <970,7,1>, <971,7,1>, <973,7,1>, <975,7,1>, <980,7,1>, <982,7,1>, <985,7,1>, <989,7,1>, <990,7,1>, <991,7,1>, <996,7,1>, <997,7,1>, <1,8,1283>, <2,8,52>, <3,8,430>, <4,8,8>, <5,8,227>, <6,8,12>, <7,8,190>, <8,8,116>, <9,8,30>, <10,8,38>, <11,8,58>, <12,8,12>, <13,8,6>, <14,8,65>, <15,8,1>, <16,8,12>, <17,8,6>, <18,8,7>, <19,8,21>, <20,8,38>, <21,8,3>, <22,8,12>, <23,8,22>, <24,8,23>, <25,8,24>, <26,8,19>, <27,8,38>, <28,8,5>, <29,8,13>, <30,8,8>, <32,8,16>, <33,8,5>, <34,8,16>, <35,8,11>, <36,8,2>, <37,8,3>, <38,8,7>, <39,8,10>, <41,8,1>, <42,8,4>, <43,8,1>, <44,8,17>, <45,8,2>, <47,8,15>, <49,8,4>, <51,8,4>, <52,8,13>, <53,8,4>, <54,8,20>, <55,8,20>, <56,8,1>, <57,8,1>, <58,8,1>, <59,8,22>, <60,8,18>, <61,8,1>, <62,8,4>, <63,8,9>, <64,8,21>, <65,8,3>, <67,8,4>, <68,8,10>, <70,8,3>, <71,8,3>, <72,8,6>, <73,8,11>, <74,8,7>, <75,8,2>, <77,8,5>, <78,8,6>, <79,8,7>, <80,8,1>, <81,8,6>, <82,8,3>, <83,8,2>, <84,8,3>, <85,8,1>, <87,8,1>, <88,8,2>, <89,8,7>, <90,8,7>, <91,8,1>, <92,8,3>, <93,8,13>, <94,8,1>, <95,8,7>, <96,8,2>, <97,8,6>, <98,8,2>, <99,8,8>, <100,8,1>, <101,8,1>, <102,8,5>, <103,8,1>, <104,8,9>, <105,8,4>, <107,8,3>, <108,8,7>, <109,8,1>, <110,8,4>, <111,8,2>, <112,8,1>, <113,8,1>, <114,8,1>, <115,8,1>, <116,8,3>, <117,8,2>, <118,8,7>, <119,8,1>, <120,8,1>, <121,8,2>, <122,8,12>, <124,8,3>, <125,8,4>, <126,8,1>, <128,8,5>, <129,8,2>, <130,8,3>, <132,8,2>, <133,8,7>, <134,8,2>, <135,8,2>, <136,8,3>, <137,8,4>, <138,8,4>, <139,8,1>, <140,8,4>, <141,8,3>, <143,8,5>, <144,8,7>, <145,8,10>, <147,8,8>, <148,8,1>, <149,8,6>, <150,8,11>, <151,8,6>, <152,8,2>, <153,8,4>, <154,8,4>, <155,8,1>, <157,8,1>, <158,8,6>, <159,8,4>, <160,8,1>, <161,8,2>, <162,8,2>, <164,8,10>, <166,8,3>, <167,8,1>, <168,8,2>, <169,8,1>, <170,8,3>, <171,8,4>, <172,8,8>, <173,8,3>, <174,8,2>, <175,8,2>, <177,8,7>, <178,8,2>, <179,8,6>, <180,8,1>, <181,8,3>, <182,8,1>, <183,8,1>, <184,8,5>, <185,8,2>, <186,8,2>, <187,8,4>, <188,8,4>, <189,8,3>, <190,8,2>, <191,8,4>, <192,8,1>, <193,8,2>, <194,8,8>, <195,8,4>, <196,8,3>, <197,8,5>, <198,8,2>, <199,8,3>, <201,8,3>, <202,8,1>, <203,8,3>, <206,8,4>, <207,8,7>, <208,8,1>, <209,8,2>, <210,8,6>, <211,8,6>, <213,8,5>, <214,8,1>, <215,8,2>, <217,8,4>, <218,8,1>, <219,8,1>, <220,8,5>, <221,8,1>, <223,8,1>, <224,8,3>, <226,8,2>, <227,8,2>, <228,8,1>, <231,8,6>, <232,8,1>, <234,8,7>, <235,8,3>, <236,8,2>, <239,8,1>, <241,8,1>, <243,8,1>, <244,8,4>, <245,8,1>, <246,8,4>, <247,8,2>, <248,8,2>, <250,8,1>, <252,8,6>, <253,8,3>, <254,8,4>, <255,8,1>, <257,8,1>, <258,8,1>, <259,8,1>, <260,8,1>, <261,8,2>, <262,8,1>, <263,8,2>, <264,8,2>, <266,8,2>, <267,8,4>, <268,8,1>, <269,8,1>, <270,8,2>, <273,8,2>, <275,8,1>, <276,8,1>, <277,8,1>, <278,8,1>, <280,8,5>, <281,8,1>, <282,8,1>, <283,8,3>, <284,8,1>, <285,8,1>, <286,8,2>, <287,8,5>, <288,8,1>, <289,8,1>, <290,8,3>, <291,8,1>, <292,8,4>, <294,8,2>, <296,8,2>, <298,8,4>, <300,8,11>, <301,8,1>, <303,8,2>, <304,8,2>, <305,8,2>, <307,8,1>, <308,8,2>, <309,8,2>, <310,8,4>, <311,8,2>, <312,8,4>, <313,8,2>, <314,8,3>, <315,8,1>, <317,8,2>, <318,8,2>, <319,8,1>, <321,8,1>, <323,8,2>, <324,8,1>, <325,8,2>, <326,8,1>, <327,8,2>, <328,8,1>, <329,8,2>, <331,8,1>, <332,8,2>, <334,8,3>, <335,8,1>, <337,8,3>, <339,8,1>, <340,8,2>, <341,8,1>, <343,8,2>, <344,8,3>, <346,8,2>, <347,8,2>, <348,8,1>, <349,8,1>, <350,8,1>, <351,8,2>, <352,8,1>, <353,8,1>, <355,8,1>, <356,8,2>, <358,8,5>, <359,8,1>, <361,8,1>, <363,8,3>, <365,8,3>, <369,8,1>, <370,8,1>, <372,8,3>, <374,8,1>, <375,8,1>, <376,8,3>, <377,8,1>, <379,8,1>, <380,8,1>, <381,8,2>, <383,8,8>, <384,8,3>, <387,8,1>, <388,8,2>, <390,8,1>, <393,8,1>, <394,8,2>, <395,8,1>, <396,8,1>, <397,8,1>, <399,8,1>, <400,8,3>, <401,8,1>, <403,8,1>, <405,8,1>, <406,8,1>, <408,8,1>, <410,8,1>, <411,8,1>, <412,8,3>, <414,8,2>, <415,8,3>, <417,8,1>, <419,8,4>, <420,8,3>, <421,8,1>, <422,8,1>, <423,8,2>, <424,8,1>, <425,8,1>, <426,8,1>, <427,8,1>, <431,8,1>, <435,8,1>, <436,8,1>, <437,8,2>, <438,8,3>, <439,8,1>, <440,8,1>, <443,8,1>, <444,8,1>, <449,8,1>, <450,8,1>, <452,8,1>, <454,8,4>, <457,8,1>, <458,8,1>, <461,8,2>, <462,8,1>, <463,8,1>, <465,8,2>, <466,8,2>, <467,8,1>, <469,8,2>, <471,8,1>, <473,8,1>, <475,8,3>, <476,8,3>, <477,8,1>, <479,8,2>, <480,8,1>, <482,8,1>, <483,8,1>, <484,8,1>, <485,8,2>, <486,8,2>, <487,8,2>, <488,8,2>, <489,8,1>, <492,8,1>, <493,8,1>, <494,8,1>, <495,8,3>, <497,8,2>, <499,8,1>, <500,8,1>, <501,8,2>, <502,8,1>, <503,8,1>, <505,8,1>, <506,8,1>, <508,8,2>, <511,8,1>, <512,8,2>, <513,8,1>, <514,8,1>, <516,8,1>, <517,8,2>, <519,8,1>, <520,8,4>, <521,8,1>, <523,8,1>, <526,8,1>, <528,8,1>, <530,8,1>, <531,8,1>, <532,8,1>, <533,8,1>, <536,8,1>, <539,8,1>, <542,8,1>, <543,8,1>, <544,8,2>, <546,8,1>, <547,8,1>, <550,8,2>, <551,8,1>, <552,8,1>, <553,8,1>, <555,8,1>, <557,8,1>, <561,8,1>, <567,8,2>, <568,8,1>, <569,8,1>, <570,8,1>, <571,8,1>, <574,8,1>, <577,8,1>, <578,8,2>, <582,8,1>, <587,8,1>, <589,8,4>, <591,8,1>, <596,8,2>, <597,8,2>, <598,8,1>, <599,8,1>, <601,8,1>, <603,8,1>, <604,8,1>, <607,8,1>, <609,8,1>, <612,8,1>, <613,8,1>, <621,8,1>, <624,8,1>, <625,8,1>, <626,8,1>, <628,8,2>, <629,8,2>, <630,8,2>, <631,8,1>, <632,8,1>, <633,8,1>, <635,8,2>, <636,8,1>, <637,8,1>, <639,8,1>, <644,8,3>, <645,8,1>, <649,8,1>, <651,8,1>, <663,8,1>, <664,8,1>, <665,8,1>, <666,8,1>, <667,8,1>, <668,8,2>, <673,8,2>, <674,8,1>, <675,8,1>, <677,8,2>, <678,8,3>, <679,8,1>, <680,8,2>, <683,8,1>, <684,8,1>, <693,8,1>, <694,8,1>, <695,8,1>, <696,8,2>, <697,8,1>, <699,8,1>, <701,8,2>, <702,8,1>, <708,8,1>, <711,8,1>, <712,8,1>, <715,8,3>, <716,8,2>, <721,8,1>, <722,8,2>, <724,8,1>, <728,8,1>, <729,8,2>, <730,8,1>, <731,8,1>, <732,8,1>, <733,8,1>, <734,8,1>, <736,8,1>, <739,8,2>, <740,8,1>, <741,8,1>, <747,8,2>, <754,8,2>, <755,8,1>, <766,8,1>, <767,8,1>, <768,8,1>, <769,8,1>, <773,8,1>, <776,8,1>, <780,8,1>, <781,8,1>, <783,8,3>, <784,8,1>, <788,8,1>, <790,8,1>, <791,8,1>, <793,8,1>, <796,8,1>, <797,8,1>, <803,8,1>, <805,8,1>, <806,8,1>, <807,8,3>, <808,8,1>, <815,8,1>, <817,8,1>, <819,8,1>, <820,8,1>, <821,8,1>, <822,8,1>, <830,8,1>, <831,8,1>, <832,8,1>, <835,8,1>, <836,8,1>, <841,8,1>, <846,8,1>, <858,8,1>, <862,8,1>, <864,8,1>, <865,8,1>, <868,8,1>, <871,8,1>, <873,8,1>, <874,8,1>, <875,8,1>, <878,8,2>, <879,8,1>, <880,8,2>, <885,8,1>, <887,8,1>, <893,8,1>, <895,8,1>, <897,8,1>, <904,8,1>, <905,8,2>, <906,8,2>, <908,8,1>, <911,8,2>, <912,8,2>, <915,8,1>, <919,8,1>, <920,8,1>, <931,8,2>, <932,8,1>, <936,8,1>, <938,8,1>, <944,8,1>, <946,8,2>, <947,8,3>, <948,8,3>, <949,8,1>, <951,8,1>, <954,8,1>, <956,8,1>, <962,8,1>, <964,8,1>, <965,8,1>, <970,8,1>, <971,8,1>, <972,8,1>, <974,8,1>, <977,8,1>, <982,8,2>, <983,8,2>, <987,8,1>, <1000,8,1>, <1,9,451>, <2,9,55>, <3,9,29>, <4,9,73>, <5,9,109>, <6,9,286>, <7,9,5>, <8,9,19>, <9,9,12>, <10,9,89>, <11,9,48>, <12,9,11>, <13,9,1>, <14,9,6>, <15,9,12>, <16,9,67>, <17,9,29>, <18,9,25>, <19,9,20>, <20,9,37>, <21,9,24>, <22,9,3>, <23,9,19>, <24,9,9>, <25,9,40>, <26,9,2>, <27,9,9>, <28,9,20>, <29,9,22>, <30,9,4>, <31,9,3>, <32,9,13>, <33,9,4>, <34,9,5>, <35,9,10>, <36,9,9>, <37,9,3>, <38,9,1>, <39,9,2>, <40,9,16>, <41,9,10>, <42,9,22>, <43,9,11>, <44,9,3>, <45,9,11>, <46,9,8>, <47,9,4>, <48,9,7>, <49,9,17>, <50,9,3>, <51,9,12>, <52,9,20>, <53,9,5>, <54,9,15>, <55,9,6>, <56,9,5>, <57,9,12>, <58,9,21>, <59,9,4>, <60,9,17>, <61,9,5>, <62,9,4>, <63,9,4>, <64,9,4>, <65,9,11>, <66,9,7>, <67,9,1>, <68,9,12>, <69,9,5>, <70,9,13>, <71,9,13>, <72,9,1>, <73,9,9>, <74,9,1>, <76,9,2>, <77,9,7>, <78,9,11>, <79,9,9>, <80,9,17>, <81,9,7>, <82,9,11>, <83,9,2>, <84,9,3>, <85,9,9>, <87,9,1>, <88,9,5>, <90,9,11>, <91,9,1>, <93,9,1>, <94,9,3>, <95,9,3>, <96,9,2>, <97,9,1>, <98,9,3>, <99,9,14>, <101,9,4>, <102,9,2>, <103,9,7>, <104,9,8>, <105,9,3>, <106,9,5>, <107,9,1>, <108,9,3>, <109,9,5>, <110,9,4>, <111,9,3>, <112,9,3>, <113,9,1>, <114,9,6>, <115,9,11>, <116,9,2>, <117,9,9>, <118,9,3>, <119,9,1>, <121,9,2>, <122,9,2>, <123,9,8>, <124,9,2>, <125,9,1>, <126,9,1>, <128,9,4>, <130,9,5>, <131,9,5>, <132,9,2>, <133,9,4>, <134,9,1>, <135,9,2>, <136,9,4>, <137,9,5>, <138,9,1>, <139,9,4>, <140,9,5>, <141,9,1>, <142,9,1>, <144,9,1>, <145,9,1>, <146,9,3>, <147,9,8>, <148,9,7>, <149,9,5>, <150,9,4>, <151,9,2>, <152,9,7>, <153,9,2>, <154,9,3>, <155,9,8>, <156,9,3>, <157,9,5>, <158,9,1>, <159,9,1>, <160,9,8>, <161,9,1>, <162,9,1>, <163,9,6>, <164,9,3>, <165,9,2>, <166,9,3>, <167,9,6>, <168,9,3>, <169,9,5>, <170,9,1>, <171,9,2>, <172,9,6>, <173,9,1>, <174,9,1>, <175,9,1>, <176,9,1>, <178,9,1>, <179,9,1>, <180,9,1>, <182,9,4>, <183,9,4>, <185,9,1>, <187,9,2>, <188,9,1>, <189,9,2>, <191,9,1>, <192,9,2>, <193,9,2>, <194,9,1>, <195,9,1>, <196,9,5>, <197,9,1>, <198,9,3>, <199,9,1>, <201,9,1>, <203,9,3>, <204,9,2>, <208,9,2>, <209,9,1>, <210,9,2>, <211,9,1>, <212,9,3>, <214,9,3>, <215,9,2>, <216,9,4>, <217,9,6>, <218,9,1>, <219,9,1>, <220,9,3>, <221,9,3>, <222,9,2>, <223,9,5>, <225,9,2>, <226,9,1>, <229,9,2>, <232,9,5>, <233,9,3>, <234,9,3>, <235,9,2>, <236,9,1>, <238,9,4>, <240,9,1>, <241,9,3>, <243,9,1>, <244,9,3>, <245,9,1>, <248,9,2>, <249,9,2>, <250,9,2>, <251,9,5>, <252,9,1>, <253,9,1>, <254,9,1>, <255,9,5>, <256,9,5>, <257,9,1>, <258,9,2>, <259,9,1>, <261,9,1>, <262,9,3>, <265,9,1>, <266,9,2>, <268,9,1>, <269,9,1>, <270,9,1>, <271,9,1>, <272,9,3>, <273,9,2>, <274,9,1>, <275,9,3>, <276,9,1>, <277,9,1>, <279,9,1>, <281,9,1>, <282,9,1>, <283,9,1>, <284,9,3>, <285,9,2>, <286,9,1>, <287,9,1>, <288,9,2>, <290,9,1>, <291,9,2>, <293,9,1>, <294,9,4>, <297,9,2>, <298,9,2>, <299,9,1>, <301,9,2>, <302,9,6>, <303,9,3>, <305,9,2>, <306,9,4>, <308,9,1>, <310,9,5>, <311,9,1>, <313,9,1>, <314,9,1>, <315,9,1>, <316,9,2>, <317,9,1>, <318,9,5>, <319,9,1>, <320,9,2>, <321,9,2>, <322,9,1>, <323,9,1>, <329,9,3>, <331,9,2>, <333,9,2>, <334,9,1>, <335,9,2>, <336,9,3>, <337,9,3>, <339,9,1>, <341,9,2>, <342,9,5>, <343,9,1>, <344,9,1>, <345,9,1>, <347,9,2>, <348,9,2>, <350,9,1>, <351,9,1>, <352,9,5>, <353,9,1>, <354,9,1>, <355,9,1>, <357,9,1>, <358,9,2>, <359,9,1>, <360,9,1>, <361,9,1>, <362,9,1>, <364,9,2>, <365,9,1>, <367,9,1>, <369,9,1>, <370,9,1>, <371,9,1>, <373,9,1>, <374,9,1>, <376,9,4>, <377,9,2>, <378,9,2>, <379,9,1>, <380,9,1>, <381,9,2>, <382,9,1>, <383,9,3>, <384,9,1>, <389,9,1>, <390,9,1>, <391,9,1>, <392,9,1>, <393,9,1>, <395,9,1>, <396,9,2>, <397,9,2>, <398,9,3>, <399,9,2>, <400,9,1>, <403,9,2>, <404,9,1>, <405,9,1>, <406,9,2>, <411,9,2>, <412,9,2>, <413,9,3>, <414,9,2>, <415,9,1>, <416,9,1>, <417,9,1>, <418,9,1>, <419,9,1>, <420,9,1>, <421,9,1>, <424,9,1>, <426,9,2>, <427,9,4>, <429,9,3>, <432,9,1>, <433,9,1>, <434,9,3>, <435,9,1>, <436,9,2>, <437,9,1>, <439,9,2>, <440,9,1>, <441,9,1>, <442,9,1>, <443,9,2>, <444,9,2>, <445,9,2>, <447,9,3>, <448,9,1>, <449,9,1>, <451,9,1>, <453,9,1>, <454,9,1>, <455,9,1>, <456,9,1>, <458,9,1>, <459,9,1>, <463,9,1>, <464,9,1>, <466,9,1>, <467,9,3>, <468,9,1>, <469,9,3>, <470,9,1>, <471,9,3>, <472,9,1>, <475,9,1>, <477,9,1>, <479,9,1>, <480,9,1>, <482,9,1>, <484,9,4>, <487,9,1>, <488,9,1>, <491,9,1>, <492,9,1>, <493,9,2>, <495,9,1>, <497,9,2>, <498,9,1>, <499,9,2>, <500,9,1>, <501,9,1>, <502,9,1>, <503,9,1>, <506,9,2>, <508,9,1>, <513,9,1>, <514,9,4>, <515,9,1>, <516,9,1>, <517,9,3>, <518,9,1>, <521,9,1>, <524,9,3>, <526,9,1>, <532,9,2>, <534,9,1>, <537,9,1>, <540,9,2>, <541,9,3>, <546,9,1>, <549,9,1>, <552,9,1>, <553,9,1>, <555,9,1>, <556,9,1>, <557,9,1>, <558,9,1>, <560,9,1>, <562,9,1>, <567,9,2>, <570,9,1>, <571,9,1>, <577,9,1>, <578,9,1>, <583,9,3>, <584,9,1>, <589,9,1>, <590,9,1>, <592,9,1>, <597,9,2>, <599,9,3>, <601,9,1>, <602,9,2>, <603,9,3>, <604,9,1>, <612,9,5>, <614,9,1>, <615,9,1>, <616,9,1>, <619,9,1>, <621,9,1>, <623,9,1>, <625,9,1>, <626,9,1>, <629,9,1>, <633,9,1>, <637,9,2>, <638,9,4>, <642,9,2>, <644,9,1>, <645,9,1>, <646,9,1>, <647,9,2>, <648,9,1>, <649,9,2>, <651,9,1>, <653,9,1>, <654,9,1>, <655,9,1>, <657,9,1>, <659,9,1>, <668,9,2>, <669,9,2>, <670,9,1>, <675,9,1>, <677,9,2>, <678,9,1>, <679,9,1>, <684,9,1>, <685,9,1>, <688,9,1>, <689,9,1>, <691,9,1>, <696,9,1>, <701,9,1>, <702,9,1>, <705,9,1>, <706,9,1>, <707,9,1>, <708,9,1>, <711,9,1>, <715,9,1>, <716,9,2>, <719,9,1>, <722,9,1>, <724,9,1>, <726,9,1>, <728,9,1>, <729,9,1>, <730,9,1>, <731,9,1>, <732,9,2>, <733,9,1>, <734,9,1>, <736,9,1>, <740,9,1>, <741,9,1>, <744,9,1>, <746,9,1>, <751,9,1>, <755,9,1>, <758,9,1>, <763,9,1>, <772,9,1>, <774,9,2>, <777,9,1>, <783,9,1>, <785,9,1>, <787,9,1>, <792,9,1>, <793,9,1>, <795,9,2>, <796,9,1>, <797,9,1>, <799,9,1>, <805,9,1>, <806,9,1>, <807,9,1>, <808,9,1>, <810,9,1>, <812,9,3>, <816,9,1>, <818,9,1>, <820,9,1>, <821,9,1>, <825,9,1>, <827,9,1>, <829,9,1>, <831,9,1>, <832,9,1>, <836,9,1>, <840,9,1>, <842,9,2>, <843,9,1>, <845,9,1>, <846,9,1>, <849,9,1>, <852,9,1>, <853,9,1>, <854,9,2>, <855,9,1>, <856,9,1>, <859,9,1>, <860,9,1>, <863,9,1>, <865,9,1>, <867,9,1>, <869,9,1>, <871,9,1>, <872,9,1>, <873,9,1>, <875,9,1>, <879,9,1>, <880,9,1>, <881,9,1>, <882,9,1>, <887,9,2>, <889,9,1>, <891,9,1>, <896,9,1>, <897,9,1>, <899,9,1>, <900,9,1>, <903,9,1>, <904,9,1>, <906,9,1>, <908,9,4>, <911,9,1>, <912,9,1>, <913,9,2>, <914,9,1>, <918,9,2>, <919,9,1>, <920,9,1>, <926,9,1>, <929,9,1>, <930,9,2>, <931,9,1>, <934,9,1>, <942,9,2>, <945,9,2>, <946,9,1>, <948,9,1>, <954,9,1>, <957,9,1>, <960,9,1>, <961,9,1>, <962,9,1>, <965,9,1>, <970,9,1>, <972,9,1>, <973,9,1>, <977,9,4>, <980,9,1>, <982,9,2>, <983,9,1>, <985,9,1>, <986,9,2>, <987,9,1>, <990,9,1>, <997,9,1>, <998,9,1>, <1,10,131>, <2,10,273>, <3,10,48>, <4,10,49>, <5,10,6>, <6,10,17>, <7,10,70>, <8,10,23>, <9,10,44>, <10,10,53>, <11,10,54>, <12,10,120>, <13,10,16>, <14,10,27>, <15,10,44>, <16,10,10>, <17,10,12>, <18,10,15>, <19,10,83>, <20,10,8>, <21,10,17>, <22,10,29>, <23,10,6>, <24,10,35>, <26,10,1>, <27,10,19>, <28,10,22>, <29,10,6>, <30,10,3>, <31,10,34>, <32,10,1>, <33,10,43>, <34,10,1>, <35,10,1>, <36,10,18>, <37,10,7>, <38,10,7>, <39,10,12>, <40,10,30>, <41,10,6>, <42,10,14>, <43,10,3>, <44,10,18>, <45,10,1>, <46,10,20>, <47,10,7>, <48,10,7>, <49,10,13>, <50,10,4>, <51,10,4>, <52,10,6>, <54,10,1>, <55,10,5>, <57,10,7>, <58,10,11>, <59,10,1>, <60,10,1>, <61,10,7>, <62,10,8>, <63,10,6>, <64,10,7>, <65,10,4>, <66,10,7>, <67,10,21>, <68,10,2>, <69,10,1>, <70,10,1>, <71,10,2>, <73,10,1>, <74,10,12>, <75,10,16>, <76,10,1>, <77,10,7>, <78,10,4>, <79,10,13>, <80,10,3>, <81,10,2>, <82,10,4>, <83,10,2>, <84,10,5>, <85,10,3>, <86,10,19>, <87,10,1>, <88,10,1>, <90,10,3>, <91,10,7>, <92,10,6>, <93,10,1>, <94,10,7>, <95,10,2>, <96,10,12>, <97,10,4>, <98,10,4>, <99,10,6>, <100,10,8>, <101,10,6>, <102,10,2>, <103,10,6>, <104,10,1>, <105,10,8>, <107,10,15>, <108,10,6>, <109,10,3>, <110,10,7>, <112,10,2>, <113,10,12>, <114,10,2>, <115,10,1>, <116,10,2>, <117,10,1>, <118,10,4>, <119,10,2>, <120,10,8>, <121,10,4>, <122,10,2>, <123,10,10>, <124,10,5>, <125,10,10>, <126,10,11>, <127,10,10>, <128,10,2>, <129,10,1>, <130,10,4>, <131,10,9>, <132,10,3>, <133,10,3>, <134,10,2>, <135,10,1>, <136,10,3>, <138,10,11>, <139,10,3>, <140,10,5>, <141,10,5>, <142,10,4>, <144,10,4>, <145,10,1>, <146,10,4>, <147,10,1>, <148,10,4>, <150,10,4>, <151,10,1>, <153,10,5>, <156,10,4>, <157,10,6>, <159,10,1>, <160,10,2>, <161,10,3>, <162,10,6>, <163,10,2>, <164,10,3>, <165,10,5>, <166,10,1>, <167,10,2>, <170,10,1>, <171,10,1>, <172,10,1>, <173,10,3>, <174,10,3>, <175,10,2>, <176,10,3>, <177,10,1>, <178,10,1>, <180,10,2>, <181,10,7>, <182,10,5>, <184,10,5>, <186,10,3>, <187,10,1>, <188,10,1>, <190,10,3>, <191,10,3>, <192,10,5>, <193,10,3>, <195,10,1>, <196,10,1>, <197,10,2>, <198,10,1>, <199,10,3>, <200,10,3>, <201,10,1>, <202,10,1>, <203,10,2>, <204,10,2>, <205,10,2>, <206,10,1>, <207,10,1>, <212,10,2>, <213,10,2>, <214,10,1>, <215,10,1>, <216,10,1>, <218,10,3>, <219,10,3>, <220,10,1>, <222,10,1>, <224,10,1>, <225,10,4>, <226,10,1>, <228,10,1>, <230,10,5>, <231,10,5>, <233,10,1>, <234,10,1>, <235,10,1>, <236,10,3>, <237,10,1>, <238,10,1>, <239,10,1>, <240,10,4>, <241,10,3>, <242,10,3>, <243,10,2>, <244,10,1>, <245,10,2>, <246,10,2>, <247,10,1>, <248,10,1>, <249,10,5>, <250,10,1>, <251,10,1>, <252,10,1>, <253,10,1>, <254,10,2>, <256,10,2>, <257,10,5>, <258,10,1>, <259,10,1>, <260,10,1>, <262,10,5>, <263,10,1>, <266,10,2>, <267,10,2>, <268,10,1>, <269,10,3>, <271,10,1>, <272,10,1>, <273,10,2>, <274,10,6>, <276,10,1>, <277,10,6>, <278,10,3>, <279,10,2>, <280,10,1>, <283,10,2>, <284,10,1>, <285,10,2>, <286,10,2>, <287,10,1>, <288,10,4>, <290,10,5>, <291,10,5>, <293,10,1>, <295,10,2>, <296,10,1>, <297,10,1>, <298,10,2>, <299,10,5>, <300,10,3>, <301,10,1>, <303,10,5>, <304,10,1>, <305,10,1>, <306,10,2>, <308,10,1>, <309,10,2>, <311,10,1>, <314,10,1>, <316,10,2>, <319,10,1>, <320,10,4>, <321,10,1>, <322,10,1>, <323,10,1>, <324,10,3>, <325,10,2>, <328,10,3>, <329,10,1>, <330,10,2>, <331,10,1>, <333,10,4>, <334,10,2>, <338,10,1>, <341,10,2>, <342,10,1>, <343,10,1>, <344,10,1>, <345,10,6>, <346,10,1>, <348,10,4>, <349,10,1>, <352,10,5>, <353,10,1>, <354,10,1>, <356,10,1>, <358,10,1>, <359,10,2>, <360,10,2>, <361,10,6>, <362,10,1>, <363,10,1>, <364,10,1>, <365,10,1>, <366,10,5>, <367,10,1>, <369,10,1>, <370,10,7>, <371,10,1>, <372,10,1>, <373,10,4>, <374,10,1>, <375,10,2>, <377,10,2>, <381,10,2>, <382,10,5>, <383,10,3>, <384,10,2>, <386,10,1>, <388,10,1>, <390,10,1>, <391,10,2>, <392,10,1>, <393,10,1>, <394,10,1>, <395,10,1>, <397,10,1>, <398,10,1>, <399,10,1>, <401,10,6>, <402,10,1>, <404,10,1>, <406,10,1>, <408,10,1>, <409,10,1>, <411,10,1>, <412,10,3>, <416,10,1>, <418,10,1>, <420,10,1>, <421,10,2>, <422,10,1>, <426,10,4>, <427,10,1>, <428,10,3>, <429,10,1>, <430,10,1>, <432,10,1>, <433,10,2>, <434,10,1>, <435,10,1>, <436,10,1>, <438,10,2>, <439,10,1>, <440,10,5>, <441,10,1>, <444,10,2>, <445,10,3>, <446,10,1>, <448,10,1>, <451,10,2>, <452,10,1>, <453,10,2>, <455,10,2>, <456,10,2>, <458,10,3>, <459,10,2>, <461,10,1>, <462,10,1>, <463,10,1>, <464,10,1>, <465,10,1>, <467,10,1>, <468,10,1>, <471,10,1>, <472,10,1>, <474,10,1>, <476,10,2>, <480,10,2>, <482,10,1>, <484,10,1>, <485,10,2>, <486,10,1>, <487,10,1>, <488,10,2>, <489,10,1>, <490,10,1>, <491,10,1>, <492,10,1>, <493,10,1>, <496,10,1>, <497,10,3>, <498,10,1>, <499,10,1>, <500,10,3>, <501,10,1>, <502,10,4>, <503,10,1>, <504,10,2>, <505,10,2>, <508,10,1>, <509,10,1>, <513,10,1>, <520,10,1>, <524,10,2>, <525,10,2>, <527,10,1>, <528,10,2>, <530,10,1>, <531,10,1>, <533,10,1>, <538,10,2>, <540,10,1>, <541,10,1>, <542,10,1>, <545,10,2>, <549,10,1>, <550,10,2>, <553,10,1>, <556,10,1>, <560,10,2>, <561,10,4>, <562,10,1>, <563,10,1>, <565,10,2>, <567,10,1>, <568,10,1>, <570,10,1>, <571,10,1>, <572,10,1>, <577,10,3>, <578,10,3>, <580,10,2>, <582,10,1>, <583,10,2>, <584,10,1>, <586,10,1>, <591,10,1>, <593,10,2>, <597,10,1>, <598,10,1>, <599,10,1>, <603,10,1>, <604,10,1>, <606,10,1>, <608,10,1>, <615,10,1>, <617,10,1>, <618,10,1>, <619,10,3>, <620,10,1>, <622,10,1>, <624,10,1>, <628,10,1>, <630,10,2>, <631,10,2>, <632,10,1>, <635,10,1>, <636,10,1>, <637,10,1>, <638,10,1>, <639,10,1>, <642,10,1>, <643,10,1>, <644,10,1>, <645,10,1>, <649,10,1>, <651,10,4>, <653,10,1>, <654,10,1>, <656,10,1>, <658,10,1>, <660,10,2>, <665,10,1>, <666,10,1>, <668,10,1>, <669,10,2>, <677,10,1>, <679,10,2>, <680,10,1>, <683,10,1>, <685,10,1>, <688,10,1>, <701,10,1>, <702,10,1>, <705,10,1>, <706,10,1>, <707,10,1>, <712,10,1>, <713,10,1>, <714,10,1>, <715,10,1>, <716,10,2>, <720,10,2>, <722,10,1>, <724,10,1>, <725,10,1>, <726,10,1>, <727,10,1>, <728,10,1>, <732,10,3>, <734,10,1>, <735,10,2>, <737,10,1>, <741,10,1>, <742,10,2>, <743,10,1>, <747,10,3>, <749,10,1>, <752,10,1>, <755,10,1>, <759,10,1>, <766,10,1>, <769,10,1>, <773,10,1>, <776,10,1>, <777,10,2>, <780,10,2>, <782,10,5>, <784,10,2>, <786,10,1>, <788,10,2>, <789,10,1>, <790,10,2>, <797,10,1>, <799,10,1>, <800,10,1>, <805,10,2>, <807,10,1>, <817,10,1>, <821,10,1>, <828,10,1>, <833,10,1>, <834,10,1>, <839,10,2>, <840,10,1>, <841,10,3>, <843,10,2>, <846,10,1>, <847,10,1>, <851,10,1>, <852,10,1>, <853,10,1>, <854,10,1>, <856,10,1>, <858,10,1>, <860,10,1>, <861,10,1>, <863,10,1>, <864,10,1>, <865,10,1>, <867,10,2>, <869,10,1>, <873,10,1>, <874,10,1>, <880,10,2>, <881,10,1>, <882,10,2>, <887,10,1>, <893,10,1>, <896,10,1>, <897,10,1>, <900,10,1>, <901,10,1>, <903,10,1>, <905,10,1>, <910,10,1>, <913,10,1>, <915,10,1>, <916,10,1>, <919,10,1>, <925,10,2>, <926,10,1>, <928,10,1>, <930,10,1>, <931,10,1>, <943,10,1>, <944,10,1>, <945,10,2>, <947,10,1>, <951,10,1>, <960,10,1>, <964,10,1>, <965,10,2>, <970,10,1>, <975,10,1>, <976,10,1>, <977,10,1>, <980,10,1>, <983,10,1>, <985,10,1>, <986,10,1>, <990,10,1>, <991,10,1>, <997,10,1>, <999,10,1>, <1000,10,1> };

MaxCacheStorageAtSingleAS= [ 0  0  0  0  0  262.5  262.5  262.5  262.5  262.5 ] ;

MaxCacheStorage = 1312.5 ;
SolutionGap = 0.01 ;
