
ASes= { 1, 2, 3, 4, 5, 6, 7, 8, 9, 10 } ;


Objects= { 1, 2, 3, 4, 5, 6, 7, 8, 9, 10, 11, 12, 13, 14, 15, 16, 17, 18, 19, 20, 21, 22, 23, 24, 25, 26, 27, 28, 29, 30, 31, 32, 33, 34, 35, 36, 37, 38, 39, 40, 41, 42, 43, 44, 45, 46, 47, 48, 49, 50, 51, 52, 53, 54, 55, 56, 57, 58, 59, 60, 61, 62, 63, 64, 65, 66, 67, 68, 69, 70, 71, 72, 73, 74, 75, 76, 77, 78, 79, 80, 81, 82, 83, 84, 85, 86, 87, 88, 89, 90, 91, 92, 93, 94, 95, 96, 97, 98, 99, 100, 101, 102, 103, 104, 105, 106, 107, 108, 109, 110, 111, 112, 113, 114, 115, 116, 117, 118, 119, 120, 121, 122, 123, 124, 125, 126, 127, 128, 129, 130, 131, 132, 133, 134, 135, 136, 137, 138, 139, 140, 141, 142, 143, 144, 145, 146, 147, 148, 149, 150, 151, 152, 153, 154, 155, 156, 157, 158, 159, 160, 161, 162, 163, 164, 165, 166, 167, 168, 169, 170, 171, 172, 173, 174, 175, 176, 177, 178, 179, 180, 181, 182, 183, 184, 185, 186, 187, 188, 189, 190, 191, 192, 193, 194, 195, 196, 197, 198, 199, 200, 201, 202, 203, 204, 205, 206, 207, 208, 209, 210, 211, 212, 213, 214, 215, 216, 217, 218, 219, 220, 221, 222, 223, 224, 225, 226, 227, 228, 229, 230, 231, 232, 233, 234, 235, 236, 237, 238, 239, 240, 241, 242, 243, 244, 245, 246, 247, 248, 249, 250, 251, 252, 253, 254, 255, 256, 257, 258, 259, 260, 261, 262, 263, 264, 265, 266, 267, 268, 269, 270, 271, 272, 273, 274, 275, 276, 277, 278, 279, 280, 281, 282, 283, 284, 285, 286, 287, 288, 289, 290, 291, 292, 293, 294, 295, 296, 297, 298, 299, 300, 301, 302, 303, 304, 305, 306, 307, 308, 309, 310, 311, 312, 313, 314, 315, 316, 317, 318, 319, 320, 321, 322, 323, 324, 325, 326, 327, 328, 329, 330, 331, 332, 333, 334, 335, 336, 337, 338, 339, 340, 341, 342, 343, 344, 345, 346, 347, 348, 349, 350, 351, 352, 353, 354, 355, 356, 357, 358, 359, 360, 361, 362, 363, 364, 365, 366, 367, 368, 369, 370, 371, 372, 373, 374, 375, 376, 377, 378, 379, 380, 381, 382, 383, 384, 385, 386, 387, 388, 389, 390, 391, 392, 393, 394, 395, 396, 397, 398, 399, 400, 401, 402, 403, 404, 405, 406, 407, 408, 409, 410, 411, 412, 413, 414, 415, 416, 417, 418, 419, 420, 421, 422, 423, 424, 425, 426, 427, 428, 429, 430, 431, 432, 433, 434, 435, 436, 437, 438, 439, 440, 441, 442, 443, 444, 445, 446, 447, 448, 449, 450, 451, 452, 453, 454, 455, 456, 457, 458, 459, 460, 461, 462, 463, 464, 465, 466, 467, 468, 469, 470, 471, 472, 473, 474, 475, 476, 477, 478, 479, 480, 481, 482, 483, 484, 485, 486, 487, 488, 489, 490, 491, 492, 493, 494, 495, 496, 497, 498, 499, 500, 501, 502, 503, 504, 505, 506, 507, 508, 509, 510, 511, 512, 513, 514, 515, 516, 517, 518, 519, 520, 521, 522, 523, 524, 525, 526, 527, 528, 529, 530, 531, 532, 533, 534, 535, 536, 537, 538, 539, 540, 541, 542, 543, 544, 545, 546, 547, 548, 549, 550, 551, 552, 553, 554, 555, 556, 557, 558, 559, 560, 561, 562, 563, 564, 565, 566, 567, 568, 569, 570, 571, 572, 573, 574, 575, 576, 577, 578, 579, 580, 581, 582, 583, 584, 585, 586, 587, 588, 589, 590, 591, 592, 593, 594, 595, 596, 597, 598, 599, 600, 601, 602, 603, 604, 605, 606, 607, 608, 609, 610, 611, 612, 613, 614, 615, 616, 617, 618, 619, 620, 621, 622, 623, 624, 625, 626, 627, 628, 629, 630, 631, 632, 633, 634, 635, 636, 637, 638, 639, 640, 641, 642, 643, 644, 645, 646, 647, 648, 649, 650, 651, 652, 653, 654, 655, 656, 657, 658, 659, 660, 661, 662, 663, 664, 665, 666, 667, 668, 669, 670, 671, 672, 673, 674, 675, 676, 677, 678, 679, 680, 681, 682, 683, 684, 685, 686, 687, 688, 689, 690, 691, 692, 693, 694, 695, 696, 697, 698, 699, 700, 701, 702, 703, 704, 705, 706, 707, 708, 709, 710, 711, 712, 713, 714, 715, 716, 717, 718, 719, 720, 721, 722, 723, 724, 725, 726, 727, 728, 729, 730, 731, 732, 733, 734, 735, 736, 737, 738, 739, 740, 741, 742, 743, 744, 745, 746, 747, 748, 749, 750, 751, 752, 753, 754, 755, 756, 757, 758, 759, 760, 761, 762, 763, 764, 765, 766, 767, 768, 769, 770, 771, 772, 773, 774, 775, 776, 777, 778, 779, 780, 781, 782, 783, 784, 785, 786, 787, 788, 789, 790, 791, 792, 793, 794, 795, 796, 797, 798, 799, 800, 801, 802, 803, 804, 805, 806, 807, 808, 809, 810, 811, 812, 813, 814, 815, 816, 817, 818, 819, 820, 821, 822, 823, 824, 825, 826, 827, 828, 829, 830, 831, 832, 833, 834, 835, 836, 837, 838, 839, 840, 841, 842, 843, 844, 845, 846, 847, 848, 849, 850, 851, 852, 853, 854, 855, 856, 857, 858, 859, 860, 861, 862, 863, 864, 865, 866, 867, 868, 869, 870, 871, 872, 873, 874, 875, 876, 877, 878, 879, 880, 881, 882, 883, 884, 885, 886, 887, 888, 889, 890, 891, 892, 893, 894, 895, 896, 897, 898, 899, 900, 901, 902, 903, 904, 905, 906, 907, 908, 909, 910, 911, 912, 913, 914, 915, 916, 917, 918, 919, 920, 921, 922, 923, 924, 925, 926, 927, 928, 929, 930, 931, 932, 933, 934, 935, 936, 937, 938, 939, 940, 941, 942, 943, 944, 945, 946, 947, 948, 949, 950, 951, 952, 953, 954, 955, 956, 957, 958, 959, 960, 961, 962, 963, 964, 965, 966, 967, 968, 969, 970, 971, 972, 973, 974, 975, 976, 977, 978, 979, 980, 981, 982, 983, 984, 985, 986, 987, 988, 989, 990, 991, 992, 993, 994, 995, 996, 997, 998, 999, 1000 } ;


QualityLevels= { 0, 1, 2, 3, 4, 5 } ;

Arcs = { <1,2,490000>, <2,1,490000>,<1,3,490000>, <3,1,490000>,<3,4,490000>, <4,3,490000>,<2,5,490000>, <5,2,490000>,<2,6,490000>, <6,2,490000>,<3,7,490000>, <7,3,490000>,<4,8,490000>, <8,4,490000>,<1,9,490000>, <9,1,490000>,<2,10,490000>, <10,2,490000> }; 


RatePerQuality= [ 0  300  700  1500  2500  3500 ] ;


CacheSpacePerQuality= [ 10000  11.25  26.25  56.25  93.75  131.25 ] ;


UtilityPerQuality= [ 0  0.66874  0.795271  0.880112  0.945742  1 ] ;


ObjectsPublishedByProducers=[ [ 0  0  0  0  0  1  0  0  0  0 ]  [ 0  0  0  0  0  0  1  0  0  0 ]  [ 0  0  0  0  0  1  0  0  0  0 ]  [ 0  0  0  0  0  0  0  1  0  0 ]  [ 0  0  0  0  0  0  0  1  0  0 ]  [ 0  0  0  0  1  0  0  0  0  0 ]  [ 0  0  0  0  1  0  0  0  0  0 ]  [ 0  0  0  0  0  0  0  0  1  0 ]  [ 0  0  0  0  0  1  0  0  0  0 ]  [ 0  0  0  0  0  1  0  0  0  0 ]  [ 0  0  0  0  0  0  0  0  1  0 ]  [ 0  0  0  0  0  0  1  0  0  0 ]  [ 0  0  0  0  0  0  0  0  1  0 ]  [ 0  0  0  0  0  0  1  0  0  0 ]  [ 0  0  0  0  0  0  0  1  0  0 ]  [ 0  0  0  0  1  0  0  0  0  0 ]  [ 0  0  0  0  0  0  0  1  0  0 ]  [ 0  0  0  0  0  0  0  0  1  0 ]  [ 0  0  0  0  0  0  1  0  0  0 ]  [ 0  0  0  0  0  0  0  1  0  0 ]  [ 0  0  0  0  0  0  0  1  0  0 ]  [ 0  0  0  0  1  0  0  0  0  0 ]  [ 0  0  0  0  0  0  0  1  0  0 ]  [ 0  0  0  0  0  0  1  0  0  0 ]  [ 0  0  0  0  0  1  0  0  0  0 ]  [ 0  0  0  0  1  0  0  0  0  0 ]  [ 0  0  0  0  0  0  0  0  1  0 ]  [ 0  0  0  0  0  0  1  0  0  0 ]  [ 0  0  0  0  0  0  0  1  0  0 ]  [ 0  0  0  0  0  0  0  0  1  0 ]  [ 0  0  0  0  0  0  0  1  0  0 ]  [ 0  0  0  0  0  0  0  0  1  0 ]  [ 0  0  0  0  0  1  0  0  0  0 ]  [ 0  0  0  0  0  0  0  0  1  0 ]  [ 0  0  0  0  0  0  1  0  0  0 ]  [ 0  0  0  0  0  0  0  0  1  0 ]  [ 0  0  0  0  0  0  0  0  1  0 ]  [ 0  0  0  0  1  0  0  0  0  0 ]  [ 0  0  0  0  1  0  0  0  0  0 ]  [ 0  0  0  0  0  1  0  0  0  0 ]  [ 0  0  0  0  0  0  0  0  1  0 ]  [ 0  0  0  0  0  0  1  0  0  0 ]  [ 0  0  0  0  0  0  0  1  0  0 ]  [ 0  0  0  0  0  1  0  0  0  0 ]  [ 0  0  0  0  0  0  1  0  0  0 ]  [ 0  0  0  0  0  1  0  0  0  0 ]  [ 0  0  0  0  0  1  0  0  0  0 ]  [ 0  0  0  0  0  0  1  0  0  0 ]  [ 0  0  0  0  0  0  1  0  0  0 ]  [ 0  0  0  0  0  0  0  0  1  0 ]  [ 0  0  0  0  0  0  0  1  0  0 ]  [ 0  0  0  0  0  0  0  0  1  0 ]  [ 0  0  0  0  0  0  0  0  1  0 ]  [ 0  0  0  0  0  0  0  0  1  0 ]  [ 0  0  0  0  0  0  0  1  0  0 ]  [ 0  0  0  0  1  0  0  0  0  0 ]  [ 0  0  0  0  0  0  0  0  1  0 ]  [ 0  0  0  0  0  0  0  0  1  0 ]  [ 0  0  0  0  0  0  0  0  1  0 ]  [ 0  0  0  0  0  0  1  0  0  0 ]  [ 0  0  0  0  0  0  0  1  0  0 ]  [ 0  0  0  0  0  1  0  0  0  0 ]  [ 0  0  0  0  0  0  0  0  1  0 ]  [ 0  0  0  0  0  0  1  0  0  0 ]  [ 0  0  0  0  0  1  0  0  0  0 ]  [ 0  0  0  0  1  0  0  0  0  0 ]  [ 0  0  0  0  0  0  0  0  1  0 ]  [ 0  0  0  0  0  0  0  0  1  0 ]  [ 0  0  0  0  1  0  0  0  0  0 ]  [ 0  0  0  0  0  0  0  0  1  0 ]  [ 0  0  0  0  0  0  1  0  0  0 ]  [ 0  0  0  0  1  0  0  0  0  0 ]  [ 0  0  0  0  0  1  0  0  0  0 ]  [ 0  0  0  0  0  0  0  1  0  0 ]  [ 0  0  0  0  0  0  0  0  1  0 ]  [ 0  0  0  0  1  0  0  0  0  0 ]  [ 0  0  0  0  0  0  0  1  0  0 ]  [ 0  0  0  0  1  0  0  0  0  0 ]  [ 0  0  0  0  0  0  0  1  0  0 ]  [ 0  0  0  0  0  1  0  0  0  0 ]  [ 0  0  0  0  0  0  0  0  1  0 ]  [ 0  0  0  0  0  0  0  0  1  0 ]  [ 0  0  0  0  0  0  1  0  0  0 ]  [ 0  0  0  0  0  0  0  0  1  0 ]  [ 0  0  0  0  0  1  0  0  0  0 ]  [ 0  0  0  0  1  0  0  0  0  0 ]  [ 0  0  0  0  0  0  1  0  0  0 ]  [ 0  0  0  0  1  0  0  0  0  0 ]  [ 0  0  0  0  1  0  0  0  0  0 ]  [ 0  0  0  0  0  0  1  0  0  0 ]  [ 0  0  0  0  0  0  0  1  0  0 ]  [ 0  0  0  0  1  0  0  0  0  0 ]  [ 0  0  0  0  1  0  0  0  0  0 ]  [ 0  0  0  0  0  0  0  0  1  0 ]  [ 0  0  0  0  0  1  0  0  0  0 ]  [ 0  0  0  0  0  0  0  0  1  0 ]  [ 0  0  0  0  0  0  0  0  1  0 ]  [ 0  0  0  0  0  1  0  0  0  0 ]  [ 0  0  0  0  0  0  1  0  0  0 ]  [ 0  0  0  0  0  0  1  0  0  0 ]  [ 0  0  0  0  0  0  0  1  0  0 ]  [ 0  0  0  0  0  0  1  0  0  0 ]  [ 0  0  0  0  0  0  1  0  0  0 ]  [ 0  0  0  0  0  0  0  1  0  0 ]  [ 0  0  0  0  0  0  0  0  1  0 ]  [ 0  0  0  0  0  0  1  0  0  0 ]  [ 0  0  0  0  0  0  1  0  0  0 ]  [ 0  0  0  0  0  0  0  1  0  0 ]  [ 0  0  0  0  0  1  0  0  0  0 ]  [ 0  0  0  0  0  1  0  0  0  0 ]  [ 0  0  0  0  0  0  0  0  1  0 ]  [ 0  0  0  0  0  0  1  0  0  0 ]  [ 0  0  0  0  0  0  1  0  0  0 ]  [ 0  0  0  0  1  0  0  0  0  0 ]  [ 0  0  0  0  0  0  1  0  0  0 ]  [ 0  0  0  0  0  0  1  0  0  0 ]  [ 0  0  0  0  1  0  0  0  0  0 ]  [ 0  0  0  0  0  0  0  1  0  0 ]  [ 0  0  0  0  0  0  0  1  0  0 ]  [ 0  0  0  0  1  0  0  0  0  0 ]  [ 0  0  0  0  0  0  0  1  0  0 ]  [ 0  0  0  0  0  0  1  0  0  0 ]  [ 0  0  0  0  0  0  0  1  0  0 ]  [ 0  0  0  0  0  1  0  0  0  0 ]  [ 0  0  0  0  0  0  0  1  0  0 ]  [ 0  0  0  0  0  0  0  1  0  0 ]  [ 0  0  0  0  1  0  0  0  0  0 ]  [ 0  0  0  0  1  0  0  0  0  0 ]  [ 0  0  0  0  0  0  0  1  0  0 ]  [ 0  0  0  0  0  0  0  0  1  0 ]  [ 0  0  0  0  0  1  0  0  0  0 ]  [ 0  0  0  0  0  0  1  0  0  0 ]  [ 0  0  0  0  0  0  1  0  0  0 ]  [ 0  0  0  0  0  1  0  0  0  0 ]  [ 0  0  0  0  0  1  0  0  0  0 ]  [ 0  0  0  0  0  1  0  0  0  0 ]  [ 0  0  0  0  0  1  0  0  0  0 ]  [ 0  0  0  0  0  0  1  0  0  0 ]  [ 0  0  0  0  0  1  0  0  0  0 ]  [ 0  0  0  0  0  1  0  0  0  0 ]  [ 0  0  0  0  0  0  0  1  0  0 ]  [ 0  0  0  0  1  0  0  0  0  0 ]  [ 0  0  0  0  0  0  1  0  0  0 ]  [ 0  0  0  0  0  0  0  1  0  0 ]  [ 0  0  0  0  0  1  0  0  0  0 ]  [ 0  0  0  0  0  1  0  0  0  0 ]  [ 0  0  0  0  0  0  0  0  1  0 ]  [ 0  0  0  0  0  1  0  0  0  0 ]  [ 0  0  0  0  1  0  0  0  0  0 ]  [ 0  0  0  0  0  0  1  0  0  0 ]  [ 0  0  0  0  0  0  0  1  0  0 ]  [ 0  0  0  0  1  0  0  0  0  0 ]  [ 0  0  0  0  0  1  0  0  0  0 ]  [ 0  0  0  0  0  1  0  0  0  0 ]  [ 0  0  0  0  0  0  0  0  1  0 ]  [ 0  0  0  0  0  0  1  0  0  0 ]  [ 0  0  0  0  0  0  0  0  1  0 ]  [ 0  0  0  0  1  0  0  0  0  0 ]  [ 0  0  0  0  0  1  0  0  0  0 ]  [ 0  0  0  0  0  0  0  1  0  0 ]  [ 0  0  0  0  0  0  0  0  1  0 ]  [ 0  0  0  0  0  0  1  0  0  0 ]  [ 0  0  0  0  0  1  0  0  0  0 ]  [ 0  0  0  0  1  0  0  0  0  0 ]  [ 0  0  0  0  0  0  1  0  0  0 ]  [ 0  0  0  0  1  0  0  0  0  0 ]  [ 0  0  0  0  0  0  0  0  1  0 ]  [ 0  0  0  0  0  0  0  0  1  0 ]  [ 0  0  0  0  1  0  0  0  0  0 ]  [ 0  0  0  0  0  1  0  0  0  0 ]  [ 0  0  0  0  0  0  0  0  1  0 ]  [ 0  0  0  0  0  0  0  1  0  0 ]  [ 0  0  0  0  0  0  0  0  1  0 ]  [ 0  0  0  0  0  1  0  0  0  0 ]  [ 0  0  0  0  1  0  0  0  0  0 ]  [ 0  0  0  0  0  1  0  0  0  0 ]  [ 0  0  0  0  0  0  0  1  0  0 ]  [ 0  0  0  0  0  1  0  0  0  0 ]  [ 0  0  0  0  0  1  0  0  0  0 ]  [ 0  0  0  0  0  0  1  0  0  0 ]  [ 0  0  0  0  0  0  1  0  0  0 ]  [ 0  0  0  0  0  0  1  0  0  0 ]  [ 0  0  0  0  0  0  0  0  1  0 ]  [ 0  0  0  0  1  0  0  0  0  0 ]  [ 0  0  0  0  1  0  0  0  0  0 ]  [ 0  0  0  0  0  0  0  0  1  0 ]  [ 0  0  0  0  0  0  0  0  1  0 ]  [ 0  0  0  0  0  0  0  0  1  0 ]  [ 0  0  0  0  0  0  1  0  0  0 ]  [ 0  0  0  0  0  0  0  0  1  0 ]  [ 0  0  0  0  0  0  0  0  1  0 ]  [ 0  0  0  0  0  1  0  0  0  0 ]  [ 0  0  0  0  0  0  0  1  0  0 ]  [ 0  0  0  0  0  0  0  0  1  0 ]  [ 0  0  0  0  0  0  0  1  0  0 ]  [ 0  0  0  0  0  0  1  0  0  0 ]  [ 0  0  0  0  0  1  0  0  0  0 ]  [ 0  0  0  0  0  1  0  0  0  0 ]  [ 0  0  0  0  0  1  0  0  0  0 ]  [ 0  0  0  0  1  0  0  0  0  0 ]  [ 0  0  0  0  0  0  1  0  0  0 ]  [ 0  0  0  0  0  1  0  0  0  0 ]  [ 0  0  0  0  0  0  0  0  1  0 ]  [ 0  0  0  0  1  0  0  0  0  0 ]  [ 0  0  0  0  0  0  0  0  1  0 ]  [ 0  0  0  0  0  0  0  1  0  0 ]  [ 0  0  0  0  0  0  0  0  1  0 ]  [ 0  0  0  0  0  0  0  0  1  0 ]  [ 0  0  0  0  0  0  0  0  1  0 ]  [ 0  0  0  0  0  0  1  0  0  0 ]  [ 0  0  0  0  1  0  0  0  0  0 ]  [ 0  0  0  0  0  0  0  1  0  0 ]  [ 0  0  0  0  1  0  0  0  0  0 ]  [ 0  0  0  0  0  1  0  0  0  0 ]  [ 0  0  0  0  0  0  0  1  0  0 ]  [ 0  0  0  0  0  0  1  0  0  0 ]  [ 0  0  0  0  0  0  1  0  0  0 ]  [ 0  0  0  0  0  0  0  0  1  0 ]  [ 0  0  0  0  0  0  0  1  0  0 ]  [ 0  0  0  0  0  1  0  0  0  0 ]  [ 0  0  0  0  0  1  0  0  0  0 ]  [ 0  0  0  0  0  0  0  0  1  0 ]  [ 0  0  0  0  0  0  1  0  0  0 ]  [ 0  0  0  0  0  0  0  1  0  0 ]  [ 0  0  0  0  0  1  0  0  0  0 ]  [ 0  0  0  0  1  0  0  0  0  0 ]  [ 0  0  0  0  0  0  1  0  0  0 ]  [ 0  0  0  0  0  0  0  0  1  0 ]  [ 0  0  0  0  1  0  0  0  0  0 ]  [ 0  0  0  0  0  0  0  1  0  0 ]  [ 0  0  0  0  0  0  0  0  1  0 ]  [ 0  0  0  0  0  0  0  0  1  0 ]  [ 0  0  0  0  0  0  0  0  1  0 ]  [ 0  0  0  0  1  0  0  0  0  0 ]  [ 0  0  0  0  0  0  0  1  0  0 ]  [ 0  0  0  0  0  0  0  0  1  0 ]  [ 0  0  0  0  1  0  0  0  0  0 ]  [ 0  0  0  0  0  1  0  0  0  0 ]  [ 0  0  0  0  0  1  0  0  0  0 ]  [ 0  0  0  0  0  0  1  0  0  0 ]  [ 0  0  0  0  0  0  1  0  0  0 ]  [ 0  0  0  0  0  0  1  0  0  0 ]  [ 0  0  0  0  0  0  0  1  0  0 ]  [ 0  0  0  0  1  0  0  0  0  0 ]  [ 0  0  0  0  1  0  0  0  0  0 ]  [ 0  0  0  0  1  0  0  0  0  0 ]  [ 0  0  0  0  1  0  0  0  0  0 ]  [ 0  0  0  0  1  0  0  0  0  0 ]  [ 0  0  0  0  0  0  0  0  1  0 ]  [ 0  0  0  0  0  0  0  0  1  0 ]  [ 0  0  0  0  1  0  0  0  0  0 ]  [ 0  0  0  0  0  0  1  0  0  0 ]  [ 0  0  0  0  0  1  0  0  0  0 ]  [ 0  0  0  0  0  1  0  0  0  0 ]  [ 0  0  0  0  0  1  0  0  0  0 ]  [ 0  0  0  0  0  0  0  1  0  0 ]  [ 0  0  0  0  0  0  1  0  0  0 ]  [ 0  0  0  0  0  1  0  0  0  0 ]  [ 0  0  0  0  1  0  0  0  0  0 ]  [ 0  0  0  0  0  1  0  0  0  0 ]  [ 0  0  0  0  1  0  0  0  0  0 ]  [ 0  0  0  0  0  0  1  0  0  0 ]  [ 0  0  0  0  0  0  0  1  0  0 ]  [ 0  0  0  0  0  1  0  0  0  0 ]  [ 0  0  0  0  1  0  0  0  0  0 ]  [ 0  0  0  0  1  0  0  0  0  0 ]  [ 0  0  0  0  0  1  0  0  0  0 ]  [ 0  0  0  0  0  0  0  1  0  0 ]  [ 0  0  0  0  0  0  0  1  0  0 ]  [ 0  0  0  0  0  1  0  0  0  0 ]  [ 0  0  0  0  0  0  0  0  1  0 ]  [ 0  0  0  0  0  0  0  1  0  0 ]  [ 0  0  0  0  0  0  1  0  0  0 ]  [ 0  0  0  0  0  1  0  0  0  0 ]  [ 0  0  0  0  0  0  1  0  0  0 ]  [ 0  0  0  0  0  0  0  1  0  0 ]  [ 0  0  0  0  0  0  1  0  0  0 ]  [ 0  0  0  0  0  0  0  1  0  0 ]  [ 0  0  0  0  0  0  1  0  0  0 ]  [ 0  0  0  0  0  1  0  0  0  0 ]  [ 0  0  0  0  0  0  1  0  0  0 ]  [ 0  0  0  0  0  0  0  1  0  0 ]  [ 0  0  0  0  1  0  0  0  0  0 ]  [ 0  0  0  0  0  0  1  0  0  0 ]  [ 0  0  0  0  0  0  1  0  0  0 ]  [ 0  0  0  0  0  0  0  0  1  0 ]  [ 0  0  0  0  0  0  0  0  1  0 ]  [ 0  0  0  0  0  1  0  0  0  0 ]  [ 0  0  0  0  0  0  0  0  1  0 ]  [ 0  0  0  0  0  0  0  1  0  0 ]  [ 0  0  0  0  0  1  0  0  0  0 ]  [ 0  0  0  0  0  0  1  0  0  0 ]  [ 0  0  0  0  1  0  0  0  0  0 ]  [ 0  0  0  0  0  0  0  0  1  0 ]  [ 0  0  0  0  0  0  0  1  0  0 ]  [ 0  0  0  0  0  0  0  0  1  0 ]  [ 0  0  0  0  0  0  0  1  0  0 ]  [ 0  0  0  0  0  0  0  1  0  0 ]  [ 0  0  0  0  0  0  0  1  0  0 ]  [ 0  0  0  0  0  0  1  0  0  0 ]  [ 0  0  0  0  1  0  0  0  0  0 ]  [ 0  0  0  0  0  0  1  0  0  0 ]  [ 0  0  0  0  1  0  0  0  0  0 ]  [ 0  0  0  0  1  0  0  0  0  0 ]  [ 0  0  0  0  0  0  0  1  0  0 ]  [ 0  0  0  0  1  0  0  0  0  0 ]  [ 0  0  0  0  1  0  0  0  0  0 ]  [ 0  0  0  0  1  0  0  0  0  0 ]  [ 0  0  0  0  0  0  0  0  1  0 ]  [ 0  0  0  0  1  0  0  0  0  0 ]  [ 0  0  0  0  1  0  0  0  0  0 ]  [ 0  0  0  0  0  0  0  0  1  0 ]  [ 0  0  0  0  1  0  0  0  0  0 ]  [ 0  0  0  0  0  0  0  0  1  0 ]  [ 0  0  0  0  0  0  0  1  0  0 ]  [ 0  0  0  0  0  0  0  0  1  0 ]  [ 0  0  0  0  0  0  0  0  1  0 ]  [ 0  0  0  0  0  0  1  0  0  0 ]  [ 0  0  0  0  0  0  0  1  0  0 ]  [ 0  0  0  0  1  0  0  0  0  0 ]  [ 0  0  0  0  0  0  0  1  0  0 ]  [ 0  0  0  0  0  0  1  0  0  0 ]  [ 0  0  0  0  0  0  0  1  0  0 ]  [ 0  0  0  0  1  0  0  0  0  0 ]  [ 0  0  0  0  0  0  0  1  0  0 ]  [ 0  0  0  0  0  0  0  0  1  0 ]  [ 0  0  0  0  1  0  0  0  0  0 ]  [ 0  0  0  0  0  1  0  0  0  0 ]  [ 0  0  0  0  0  0  1  0  0  0 ]  [ 0  0  0  0  0  0  0  0  1  0 ]  [ 0  0  0  0  0  1  0  0  0  0 ]  [ 0  0  0  0  1  0  0  0  0  0 ]  [ 0  0  0  0  0  1  0  0  0  0 ]  [ 0  0  0  0  0  0  0  1  0  0 ]  [ 0  0  0  0  0  0  0  1  0  0 ]  [ 0  0  0  0  0  1  0  0  0  0 ]  [ 0  0  0  0  0  1  0  0  0  0 ]  [ 0  0  0  0  0  1  0  0  0  0 ]  [ 0  0  0  0  0  1  0  0  0  0 ]  [ 0  0  0  0  0  0  1  0  0  0 ]  [ 0  0  0  0  1  0  0  0  0  0 ]  [ 0  0  0  0  0  0  1  0  0  0 ]  [ 0  0  0  0  0  0  0  0  1  0 ]  [ 0  0  0  0  0  0  1  0  0  0 ]  [ 0  0  0  0  0  0  0  1  0  0 ]  [ 0  0  0  0  1  0  0  0  0  0 ]  [ 0  0  0  0  0  0  0  1  0  0 ]  [ 0  0  0  0  0  0  0  1  0  0 ]  [ 0  0  0  0  0  0  0  1  0  0 ]  [ 0  0  0  0  0  0  1  0  0  0 ]  [ 0  0  0  0  0  0  1  0  0  0 ]  [ 0  0  0  0  0  0  0  1  0  0 ]  [ 0  0  0  0  0  0  0  0  1  0 ]  [ 0  0  0  0  1  0  0  0  0  0 ]  [ 0  0  0  0  1  0  0  0  0  0 ]  [ 0  0  0  0  0  0  0  1  0  0 ]  [ 0  0  0  0  0  0  0  0  1  0 ]  [ 0  0  0  0  0  0  1  0  0  0 ]  [ 0  0  0  0  0  0  1  0  0  0 ]  [ 0  0  0  0  0  0  0  1  0  0 ]  [ 0  0  0  0  1  0  0  0  0  0 ]  [ 0  0  0  0  0  1  0  0  0  0 ]  [ 0  0  0  0  1  0  0  0  0  0 ]  [ 0  0  0  0  0  0  1  0  0  0 ]  [ 0  0  0  0  0  1  0  0  0  0 ]  [ 0  0  0  0  0  1  0  0  0  0 ]  [ 0  0  0  0  0  0  0  1  0  0 ]  [ 0  0  0  0  0  0  0  0  1  0 ]  [ 0  0  0  0  0  1  0  0  0  0 ]  [ 0  0  0  0  0  0  0  1  0  0 ]  [ 0  0  0  0  0  0  1  0  0  0 ]  [ 0  0  0  0  0  0  0  0  1  0 ]  [ 0  0  0  0  0  0  1  0  0  0 ]  [ 0  0  0  0  0  1  0  0  0  0 ]  [ 0  0  0  0  0  1  0  0  0  0 ]  [ 0  0  0  0  1  0  0  0  0  0 ]  [ 0  0  0  0  0  0  1  0  0  0 ]  [ 0  0  0  0  0  1  0  0  0  0 ]  [ 0  0  0  0  1  0  0  0  0  0 ]  [ 0  0  0  0  0  1  0  0  0  0 ]  [ 0  0  0  0  0  1  0  0  0  0 ]  [ 0  0  0  0  0  0  0  1  0  0 ]  [ 0  0  0  0  1  0  0  0  0  0 ]  [ 0  0  0  0  0  0  0  0  1  0 ]  [ 0  0  0  0  0  0  1  0  0  0 ]  [ 0  0  0  0  0  0  1  0  0  0 ]  [ 0  0  0  0  0  0  1  0  0  0 ]  [ 0  0  0  0  0  0  0  0  1  0 ]  [ 0  0  0  0  0  0  0  0  1  0 ]  [ 0  0  0  0  0  0  1  0  0  0 ]  [ 0  0  0  0  0  0  1  0  0  0 ]  [ 0  0  0  0  0  0  0  1  0  0 ]  [ 0  0  0  0  0  0  0  0  1  0 ]  [ 0  0  0  0  0  0  1  0  0  0 ]  [ 0  0  0  0  0  0  0  1  0  0 ]  [ 0  0  0  0  0  0  0  0  1  0 ]  [ 0  0  0  0  0  0  1  0  0  0 ]  [ 0  0  0  0  0  1  0  0  0  0 ]  [ 0  0  0  0  0  1  0  0  0  0 ]  [ 0  0  0  0  0  0  0  1  0  0 ]  [ 0  0  0  0  0  0  0  1  0  0 ]  [ 0  0  0  0  0  0  0  0  1  0 ]  [ 0  0  0  0  0  0  0  0  1  0 ]  [ 0  0  0  0  0  1  0  0  0  0 ]  [ 0  0  0  0  1  0  0  0  0  0 ]  [ 0  0  0  0  0  1  0  0  0  0 ]  [ 0  0  0  0  1  0  0  0  0  0 ]  [ 0  0  0  0  0  0  0  1  0  0 ]  [ 0  0  0  0  0  0  0  0  1  0 ]  [ 0  0  0  0  0  0  0  0  1  0 ]  [ 0  0  0  0  0  1  0  0  0  0 ]  [ 0  0  0  0  0  0  0  0  1  0 ]  [ 0  0  0  0  0  1  0  0  0  0 ]  [ 0  0  0  0  0  0  1  0  0  0 ]  [ 0  0  0  0  0  0  0  1  0  0 ]  [ 0  0  0  0  1  0  0  0  0  0 ]  [ 0  0  0  0  1  0  0  0  0  0 ]  [ 0  0  0  0  0  0  0  0  1  0 ]  [ 0  0  0  0  0  1  0  0  0  0 ]  [ 0  0  0  0  0  1  0  0  0  0 ]  [ 0  0  0  0  0  0  1  0  0  0 ]  [ 0  0  0  0  0  0  0  1  0  0 ]  [ 0  0  0  0  1  0  0  0  0  0 ]  [ 0  0  0  0  0  1  0  0  0  0 ]  [ 0  0  0  0  0  0  1  0  0  0 ]  [ 0  0  0  0  0  0  1  0  0  0 ]  [ 0  0  0  0  0  1  0  0  0  0 ]  [ 0  0  0  0  0  0  1  0  0  0 ]  [ 0  0  0  0  0  0  0  0  1  0 ]  [ 0  0  0  0  0  1  0  0  0  0 ]  [ 0  0  0  0  0  0  1  0  0  0 ]  [ 0  0  0  0  1  0  0  0  0  0 ]  [ 0  0  0  0  0  1  0  0  0  0 ]  [ 0  0  0  0  0  0  0  1  0  0 ]  [ 0  0  0  0  1  0  0  0  0  0 ]  [ 0  0  0  0  0  0  0  0  1  0 ]  [ 0  0  0  0  0  0  0  0  1  0 ]  [ 0  0  0  0  1  0  0  0  0  0 ]  [ 0  0  0  0  0  0  0  0  1  0 ]  [ 0  0  0  0  0  1  0  0  0  0 ]  [ 0  0  0  0  0  0  0  1  0  0 ]  [ 0  0  0  0  0  0  0  1  0  0 ]  [ 0  0  0  0  0  1  0  0  0  0 ]  [ 0  0  0  0  0  0  0  1  0  0 ]  [ 0  0  0  0  0  0  0  1  0  0 ]  [ 0  0  0  0  0  0  0  0  1  0 ]  [ 0  0  0  0  0  1  0  0  0  0 ]  [ 0  0  0  0  0  0  0  1  0  0 ]  [ 0  0  0  0  0  0  0  0  1  0 ]  [ 0  0  0  0  0  0  0  1  0  0 ]  [ 0  0  0  0  0  0  1  0  0  0 ]  [ 0  0  0  0  1  0  0  0  0  0 ]  [ 0  0  0  0  0  0  1  0  0  0 ]  [ 0  0  0  0  0  1  0  0  0  0 ]  [ 0  0  0  0  0  0  0  1  0  0 ]  [ 0  0  0  0  0  0  0  1  0  0 ]  [ 0  0  0  0  0  0  1  0  0  0 ]  [ 0  0  0  0  1  0  0  0  0  0 ]  [ 0  0  0  0  0  0  0  1  0  0 ]  [ 0  0  0  0  0  0  0  1  0  0 ]  [ 0  0  0  0  1  0  0  0  0  0 ]  [ 0  0  0  0  0  0  0  0  1  0 ]  [ 0  0  0  0  0  0  0  1  0  0 ]  [ 0  0  0  0  1  0  0  0  0  0 ]  [ 0  0  0  0  0  0  0  0  1  0 ]  [ 0  0  0  0  1  0  0  0  0  0 ]  [ 0  0  0  0  0  1  0  0  0  0 ]  [ 0  0  0  0  0  0  0  1  0  0 ]  [ 0  0  0  0  0  0  1  0  0  0 ]  [ 0  0  0  0  0  0  1  0  0  0 ]  [ 0  0  0  0  0  0  0  1  0  0 ]  [ 0  0  0  0  0  0  1  0  0  0 ]  [ 0  0  0  0  0  1  0  0  0  0 ]  [ 0  0  0  0  1  0  0  0  0  0 ]  [ 0  0  0  0  1  0  0  0  0  0 ]  [ 0  0  0  0  0  0  0  1  0  0 ]  [ 0  0  0  0  0  0  0  1  0  0 ]  [ 0  0  0  0  0  0  1  0  0  0 ]  [ 0  0  0  0  0  0  0  1  0  0 ]  [ 0  0  0  0  0  1  0  0  0  0 ]  [ 0  0  0  0  0  1  0  0  0  0 ]  [ 0  0  0  0  0  1  0  0  0  0 ]  [ 0  0  0  0  0  0  0  0  1  0 ]  [ 0  0  0  0  1  0  0  0  0  0 ]  [ 0  0  0  0  0  0  1  0  0  0 ]  [ 0  0  0  0  0  1  0  0  0  0 ]  [ 0  0  0  0  0  0  0  1  0  0 ]  [ 0  0  0  0  0  1  0  0  0  0 ]  [ 0  0  0  0  0  1  0  0  0  0 ]  [ 0  0  0  0  0  0  1  0  0  0 ]  [ 0  0  0  0  0  0  1  0  0  0 ]  [ 0  0  0  0  0  0  0  1  0  0 ]  [ 0  0  0  0  0  1  0  0  0  0 ]  [ 0  0  0  0  0  0  0  0  1  0 ]  [ 0  0  0  0  1  0  0  0  0  0 ]  [ 0  0  0  0  0  1  0  0  0  0 ]  [ 0  0  0  0  1  0  0  0  0  0 ]  [ 0  0  0  0  1  0  0  0  0  0 ]  [ 0  0  0  0  0  0  0  1  0  0 ]  [ 0  0  0  0  0  0  0  1  0  0 ]  [ 0  0  0  0  1  0  0  0  0  0 ]  [ 0  0  0  0  1  0  0  0  0  0 ]  [ 0  0  0  0  0  0  1  0  0  0 ]  [ 0  0  0  0  0  0  0  1  0  0 ]  [ 0  0  0  0  0  0  0  0  1  0 ]  [ 0  0  0  0  0  0  0  1  0  0 ]  [ 0  0  0  0  0  0  1  0  0  0 ]  [ 0  0  0  0  1  0  0  0  0  0 ]  [ 0  0  0  0  0  1  0  0  0  0 ]  [ 0  0  0  0  1  0  0  0  0  0 ]  [ 0  0  0  0  0  0  1  0  0  0 ]  [ 0  0  0  0  0  0  1  0  0  0 ]  [ 0  0  0  0  0  1  0  0  0  0 ]  [ 0  0  0  0  0  1  0  0  0  0 ]  [ 0  0  0  0  0  0  0  1  0  0 ]  [ 0  0  0  0  1  0  0  0  0  0 ]  [ 0  0  0  0  0  0  0  0  1  0 ]  [ 0  0  0  0  0  0  0  0  1  0 ]  [ 0  0  0  0  0  0  0  0  1  0 ]  [ 0  0  0  0  0  1  0  0  0  0 ]  [ 0  0  0  0  0  0  1  0  0  0 ]  [ 0  0  0  0  0  0  1  0  0  0 ]  [ 0  0  0  0  0  0  0  1  0  0 ]  [ 0  0  0  0  0  0  0  0  1  0 ]  [ 0  0  0  0  0  0  0  1  0  0 ]  [ 0  0  0  0  0  1  0  0  0  0 ]  [ 0  0  0  0  0  0  0  0  1  0 ]  [ 0  0  0  0  0  0  1  0  0  0 ]  [ 0  0  0  0  0  0  0  1  0  0 ]  [ 0  0  0  0  0  0  0  1  0  0 ]  [ 0  0  0  0  1  0  0  0  0  0 ]  [ 0  0  0  0  0  0  0  1  0  0 ]  [ 0  0  0  0  0  0  0  1  0  0 ]  [ 0  0  0  0  0  0  1  0  0  0 ]  [ 0  0  0  0  0  0  1  0  0  0 ]  [ 0  0  0  0  0  0  1  0  0  0 ]  [ 0  0  0  0  1  0  0  0  0  0 ]  [ 0  0  0  0  0  0  1  0  0  0 ]  [ 0  0  0  0  1  0  0  0  0  0 ]  [ 0  0  0  0  0  0  1  0  0  0 ]  [ 0  0  0  0  0  0  0  1  0  0 ]  [ 0  0  0  0  0  0  1  0  0  0 ]  [ 0  0  0  0  0  0  1  0  0  0 ]  [ 0  0  0  0  0  0  0  0  1  0 ]  [ 0  0  0  0  0  0  0  0  1  0 ]  [ 0  0  0  0  1  0  0  0  0  0 ]  [ 0  0  0  0  0  0  0  1  0  0 ]  [ 0  0  0  0  0  0  0  1  0  0 ]  [ 0  0  0  0  1  0  0  0  0  0 ]  [ 0  0  0  0  0  1  0  0  0  0 ]  [ 0  0  0  0  0  1  0  0  0  0 ]  [ 0  0  0  0  1  0  0  0  0  0 ]  [ 0  0  0  0  0  0  1  0  0  0 ]  [ 0  0  0  0  0  0  0  0  1  0 ]  [ 0  0  0  0  0  1  0  0  0  0 ]  [ 0  0  0  0  0  0  0  0  1  0 ]  [ 0  0  0  0  0  0  0  1  0  0 ]  [ 0  0  0  0  1  0  0  0  0  0 ]  [ 0  0  0  0  0  0  0  0  1  0 ]  [ 0  0  0  0  0  0  0  1  0  0 ]  [ 0  0  0  0  0  0  0  0  1  0 ]  [ 0  0  0  0  0  0  0  1  0  0 ]  [ 0  0  0  0  0  0  0  1  0  0 ]  [ 0  0  0  0  0  1  0  0  0  0 ]  [ 0  0  0  0  0  0  0  0  1  0 ]  [ 0  0  0  0  0  0  0  0  1  0 ]  [ 0  0  0  0  0  0  0  0  1  0 ]  [ 0  0  0  0  0  0  1  0  0  0 ]  [ 0  0  0  0  0  0  0  1  0  0 ]  [ 0  0  0  0  0  0  1  0  0  0 ]  [ 0  0  0  0  1  0  0  0  0  0 ]  [ 0  0  0  0  1  0  0  0  0  0 ]  [ 0  0  0  0  1  0  0  0  0  0 ]  [ 0  0  0  0  0  1  0  0  0  0 ]  [ 0  0  0  0  1  0  0  0  0  0 ]  [ 0  0  0  0  0  0  1  0  0  0 ]  [ 0  0  0  0  0  0  0  1  0  0 ]  [ 0  0  0  0  0  0  1  0  0  0 ]  [ 0  0  0  0  0  0  1  0  0  0 ]  [ 0  0  0  0  0  0  0  1  0  0 ]  [ 0  0  0  0  0  1  0  0  0  0 ]  [ 0  0  0  0  0  0  1  0  0  0 ]  [ 0  0  0  0  0  0  0  1  0  0 ]  [ 0  0  0  0  0  0  1  0  0  0 ]  [ 0  0  0  0  1  0  0  0  0  0 ]  [ 0  0  0  0  0  0  0  0  1  0 ]  [ 0  0  0  0  0  0  0  1  0  0 ]  [ 0  0  0  0  0  1  0  0  0  0 ]  [ 0  0  0  0  0  1  0  0  0  0 ]  [ 0  0  0  0  0  0  1  0  0  0 ]  [ 0  0  0  0  0  0  1  0  0  0 ]  [ 0  0  0  0  0  1  0  0  0  0 ]  [ 0  0  0  0  1  0  0  0  0  0 ]  [ 0  0  0  0  0  1  0  0  0  0 ]  [ 0  0  0  0  0  0  0  1  0  0 ]  [ 0  0  0  0  1  0  0  0  0  0 ]  [ 0  0  0  0  0  0  1  0  0  0 ]  [ 0  0  0  0  1  0  0  0  0  0 ]  [ 0  0  0  0  0  1  0  0  0  0 ]  [ 0  0  0  0  1  0  0  0  0  0 ]  [ 0  0  0  0  0  0  1  0  0  0 ]  [ 0  0  0  0  1  0  0  0  0  0 ]  [ 0  0  0  0  1  0  0  0  0  0 ]  [ 0  0  0  0  1  0  0  0  0  0 ]  [ 0  0  0  0  1  0  0  0  0  0 ]  [ 0  0  0  0  0  0  1  0  0  0 ]  [ 0  0  0  0  1  0  0  0  0  0 ]  [ 0  0  0  0  1  0  0  0  0  0 ]  [ 0  0  0  0  0  0  1  0  0  0 ]  [ 0  0  0  0  0  0  1  0  0  0 ]  [ 0  0  0  0  0  0  0  1  0  0 ]  [ 0  0  0  0  1  0  0  0  0  0 ]  [ 0  0  0  0  0  0  1  0  0  0 ]  [ 0  0  0  0  0  1  0  0  0  0 ]  [ 0  0  0  0  1  0  0  0  0  0 ]  [ 0  0  0  0  0  0  0  0  1  0 ]  [ 0  0  0  0  0  1  0  0  0  0 ]  [ 0  0  0  0  1  0  0  0  0  0 ]  [ 0  0  0  0  0  0  1  0  0  0 ]  [ 0  0  0  0  1  0  0  0  0  0 ]  [ 0  0  0  0  0  0  0  1  0  0 ]  [ 0  0  0  0  0  1  0  0  0  0 ]  [ 0  0  0  0  1  0  0  0  0  0 ]  [ 0  0  0  0  1  0  0  0  0  0 ]  [ 0  0  0  0  0  0  0  1  0  0 ]  [ 0  0  0  0  0  1  0  0  0  0 ]  [ 0  0  0  0  0  0  0  1  0  0 ]  [ 0  0  0  0  0  0  1  0  0  0 ]  [ 0  0  0  0  0  0  0  0  1  0 ]  [ 0  0  0  0  0  1  0  0  0  0 ]  [ 0  0  0  0  0  1  0  0  0  0 ]  [ 0  0  0  0  0  1  0  0  0  0 ]  [ 0  0  0  0  0  0  0  0  1  0 ]  [ 0  0  0  0  0  0  0  1  0  0 ]  [ 0  0  0  0  0  1  0  0  0  0 ]  [ 0  0  0  0  1  0  0  0  0  0 ]  [ 0  0  0  0  0  0  0  1  0  0 ]  [ 0  0  0  0  0  0  0  0  1  0 ]  [ 0  0  0  0  0  0  1  0  0  0 ]  [ 0  0  0  0  1  0  0  0  0  0 ]  [ 0  0  0  0  1  0  0  0  0  0 ]  [ 0  0  0  0  1  0  0  0  0  0 ]  [ 0  0  0  0  1  0  0  0  0  0 ]  [ 0  0  0  0  1  0  0  0  0  0 ]  [ 0  0  0  0  1  0  0  0  0  0 ]  [ 0  0  0  0  0  0  0  1  0  0 ]  [ 0  0  0  0  0  0  0  0  1  0 ]  [ 0  0  0  0  0  1  0  0  0  0 ]  [ 0  0  0  0  0  0  0  0  1  0 ]  [ 0  0  0  0  0  0  1  0  0  0 ]  [ 0  0  0  0  0  0  0  0  1  0 ]  [ 0  0  0  0  0  0  0  0  1  0 ]  [ 0  0  0  0  0  0  0  0  1  0 ]  [ 0  0  0  0  1  0  0  0  0  0 ]  [ 0  0  0  0  0  1  0  0  0  0 ]  [ 0  0  0  0  0  0  0  1  0  0 ]  [ 0  0  0  0  0  0  0  0  1  0 ]  [ 0  0  0  0  1  0  0  0  0  0 ]  [ 0  0  0  0  0  1  0  0  0  0 ]  [ 0  0  0  0  0  0  0  0  1  0 ]  [ 0  0  0  0  1  0  0  0  0  0 ]  [ 0  0  0  0  0  1  0  0  0  0 ]  [ 0  0  0  0  0  1  0  0  0  0 ]  [ 0  0  0  0  0  0  0  1  0  0 ]  [ 0  0  0  0  0  0  0  0  1  0 ]  [ 0  0  0  0  1  0  0  0  0  0 ]  [ 0  0  0  0  0  0  0  1  0  0 ]  [ 0  0  0  0  0  0  0  1  0  0 ]  [ 0  0  0  0  0  0  0  0  1  0 ]  [ 0  0  0  0  0  0  1  0  0  0 ]  [ 0  0  0  0  0  0  0  0  1  0 ]  [ 0  0  0  0  0  1  0  0  0  0 ]  [ 0  0  0  0  0  0  1  0  0  0 ]  [ 0  0  0  0  0  1  0  0  0  0 ]  [ 0  0  0  0  0  0  0  1  0  0 ]  [ 0  0  0  0  0  0  1  0  0  0 ]  [ 0  0  0  0  0  1  0  0  0  0 ]  [ 0  0  0  0  1  0  0  0  0  0 ]  [ 0  0  0  0  0  0  0  1  0  0 ]  [ 0  0  0  0  0  0  0  1  0  0 ]  [ 0  0  0  0  0  0  0  1  0  0 ]  [ 0  0  0  0  0  1  0  0  0  0 ]  [ 0  0  0  0  0  0  1  0  0  0 ]  [ 0  0  0  0  1  0  0  0  0  0 ]  [ 0  0  0  0  0  0  0  1  0  0 ]  [ 0  0  0  0  1  0  0  0  0  0 ]  [ 0  0  0  0  0  0  1  0  0  0 ]  [ 0  0  0  0  0  0  0  1  0  0 ]  [ 0  0  0  0  0  0  0  1  0  0 ]  [ 0  0  0  0  1  0  0  0  0  0 ]  [ 0  0  0  0  0  1  0  0  0  0 ]  [ 0  0  0  0  0  0  0  0  1  0 ]  [ 0  0  0  0  0  0  0  1  0  0 ]  [ 0  0  0  0  0  0  0  0  1  0 ]  [ 0  0  0  0  0  0  0  0  1  0 ]  [ 0  0  0  0  0  0  1  0  0  0 ]  [ 0  0  0  0  0  0  0  0  1  0 ]  [ 0  0  0  0  0  0  0  1  0  0 ]  [ 0  0  0  0  0  1  0  0  0  0 ]  [ 0  0  0  0  0  1  0  0  0  0 ]  [ 0  0  0  0  1  0  0  0  0  0 ]  [ 0  0  0  0  0  1  0  0  0  0 ]  [ 0  0  0  0  0  0  0  0  1  0 ]  [ 0  0  0  0  1  0  0  0  0  0 ]  [ 0  0  0  0  0  0  1  0  0  0 ]  [ 0  0  0  0  1  0  0  0  0  0 ]  [ 0  0  0  0  1  0  0  0  0  0 ]  [ 0  0  0  0  0  0  0  1  0  0 ]  [ 0  0  0  0  0  1  0  0  0  0 ]  [ 0  0  0  0  1  0  0  0  0  0 ]  [ 0  0  0  0  1  0  0  0  0  0 ]  [ 0  0  0  0  0  0  0  1  0  0 ]  [ 0  0  0  0  0  0  1  0  0  0 ]  [ 0  0  0  0  1  0  0  0  0  0 ]  [ 0  0  0  0  0  1  0  0  0  0 ]  [ 0  0  0  0  0  0  0  0  1  0 ]  [ 0  0  0  0  0  1  0  0  0  0 ]  [ 0  0  0  0  0  0  1  0  0  0 ]  [ 0  0  0  0  0  0  1  0  0  0 ]  [ 0  0  0  0  0  0  0  1  0  0 ]  [ 0  0  0  0  0  0  0  1  0  0 ]  [ 0  0  0  0  0  0  0  1  0  0 ]  [ 0  0  0  0  0  0  1  0  0  0 ]  [ 0  0  0  0  1  0  0  0  0  0 ]  [ 0  0  0  0  1  0  0  0  0  0 ]  [ 0  0  0  0  1  0  0  0  0  0 ]  [ 0  0  0  0  0  0  0  0  1  0 ]  [ 0  0  0  0  1  0  0  0  0  0 ]  [ 0  0  0  0  1  0  0  0  0  0 ]  [ 0  0  0  0  0  0  0  0  1  0 ]  [ 0  0  0  0  1  0  0  0  0  0 ]  [ 0  0  0  0  0  0  0  0  1  0 ]  [ 0  0  0  0  1  0  0  0  0  0 ]  [ 0  0  0  0  0  0  1  0  0  0 ]  [ 0  0  0  0  0  1  0  0  0  0 ]  [ 0  0  0  0  0  0  0  0  1  0 ]  [ 0  0  0  0  0  0  0  1  0  0 ]  [ 0  0  0  0  0  0  0  1  0  0 ]  [ 0  0  0  0  0  0  0  1  0  0 ]  [ 0  0  0  0  0  0  0  0  1  0 ]  [ 0  0  0  0  0  1  0  0  0  0 ]  [ 0  0  0  0  0  0  0  1  0  0 ]  [ 0  0  0  0  0  0  1  0  0  0 ]  [ 0  0  0  0  1  0  0  0  0  0 ]  [ 0  0  0  0  0  0  0  0  1  0 ]  [ 0  0  0  0  0  0  1  0  0  0 ]  [ 0  0  0  0  0  0  0  0  1  0 ]  [ 0  0  0  0  0  1  0  0  0  0 ]  [ 0  0  0  0  0  0  1  0  0  0 ]  [ 0  0  0  0  0  0  1  0  0  0 ]  [ 0  0  0  0  0  0  0  1  0  0 ]  [ 0  0  0  0  1  0  0  0  0  0 ]  [ 0  0  0  0  0  1  0  0  0  0 ]  [ 0  0  0  0  0  0  1  0  0  0 ]  [ 0  0  0  0  1  0  0  0  0  0 ]  [ 0  0  0  0  0  0  1  0  0  0 ]  [ 0  0  0  0  0  0  0  1  0  0 ]  [ 0  0  0  0  0  0  1  0  0  0 ]  [ 0  0  0  0  0  0  0  1  0  0 ]  [ 0  0  0  0  0  0  0  1  0  0 ]  [ 0  0  0  0  0  1  0  0  0  0 ]  [ 0  0  0  0  0  1  0  0  0  0 ]  [ 0  0  0  0  0  0  0  0  1  0 ]  [ 0  0  0  0  0  1  0  0  0  0 ]  [ 0  0  0  0  0  0  1  0  0  0 ]  [ 0  0  0  0  1  0  0  0  0  0 ]  [ 0  0  0  0  0  1  0  0  0  0 ]  [ 0  0  0  0  1  0  0  0  0  0 ]  [ 0  0  0  0  0  0  0  0  1  0 ]  [ 0  0  0  0  0  0  0  1  0  0 ]  [ 0  0  0  0  0  0  0  0  1  0 ]  [ 0  0  0  0  0  0  0  0  1  0 ]  [ 0  0  0  0  0  0  0  1  0  0 ]  [ 0  0  0  0  0  0  0  0  1  0 ]  [ 0  0  0  0  0  0  1  0  0  0 ]  [ 0  0  0  0  0  0  1  0  0  0 ]  [ 0  0  0  0  0  0  0  0  1  0 ]  [ 0  0  0  0  0  0  0  0  1  0 ]  [ 0  0  0  0  0  0  0  0  1  0 ]  [ 0  0  0  0  0  0  1  0  0  0 ]  [ 0  0  0  0  0  0  0  1  0  0 ]  [ 0  0  0  0  0  0  1  0  0  0 ]  [ 0  0  0  0  0  0  0  0  1  0 ]  [ 0  0  0  0  0  0  0  0  1  0 ]  [ 0  0  0  0  0  1  0  0  0  0 ]  [ 0  0  0  0  0  0  0  0  1  0 ]  [ 0  0  0  0  1  0  0  0  0  0 ]  [ 0  0  0  0  1  0  0  0  0  0 ]  [ 0  0  0  0  0  0  0  1  0  0 ]  [ 0  0  0  0  0  1  0  0  0  0 ]  [ 0  0  0  0  0  0  1  0  0  0 ]  [ 0  0  0  0  0  0  0  1  0  0 ]  [ 0  0  0  0  1  0  0  0  0  0 ]  [ 0  0  0  0  0  0  0  1  0  0 ]  [ 0  0  0  0  0  1  0  0  0  0 ]  [ 0  0  0  0  0  0  1  0  0  0 ]  [ 0  0  0  0  0  1  0  0  0  0 ]  [ 0  0  0  0  0  0  0  1  0  0 ]  [ 0  0  0  0  0  0  0  1  0  0 ]  [ 0  0  0  0  0  1  0  0  0  0 ]  [ 0  0  0  0  1  0  0  0  0  0 ]  [ 0  0  0  0  0  1  0  0  0  0 ]  [ 0  0  0  0  0  0  1  0  0  0 ]  [ 0  0  0  0  1  0  0  0  0  0 ]  [ 0  0  0  0  1  0  0  0  0  0 ]  [ 0  0  0  0  0  0  0  1  0  0 ]  [ 0  0  0  0  0  0  0  1  0  0 ]  [ 0  0  0  0  0  0  0  0  1  0 ]  [ 0  0  0  0  0  0  0  0  1  0 ]  [ 0  0  0  0  0  0  0  0  1  0 ]  [ 0  0  0  0  0  1  0  0  0  0 ]  [ 0  0  0  0  1  0  0  0  0  0 ]  [ 0  0  0  0  0  1  0  0  0  0 ]  [ 0  0  0  0  0  0  1  0  0  0 ]  [ 0  0  0  0  0  0  1  0  0  0 ]  [ 0  0  0  0  0  0  1  0  0  0 ]  [ 0  0  0  0  0  1  0  0  0  0 ]  [ 0  0  0  0  0  0  0  0  1  0 ]  [ 0  0  0  0  0  1  0  0  0  0 ]  [ 0  0  0  0  0  0  1  0  0  0 ]  [ 0  0  0  0  0  0  0  0  1  0 ]  [ 0  0  0  0  0  0  0  0  1  0 ]  [ 0  0  0  0  0  1  0  0  0  0 ]  [ 0  0  0  0  0  1  0  0  0  0 ]  [ 0  0  0  0  0  0  0  0  1  0 ]  [ 0  0  0  0  1  0  0  0  0  0 ]  [ 0  0  0  0  1  0  0  0  0  0 ]  [ 0  0  0  0  0  0  1  0  0  0 ]  [ 0  0  0  0  0  0  1  0  0  0 ]  [ 0  0  0  0  1  0  0  0  0  0 ]  [ 0  0  0  0  1  0  0  0  0  0 ]  [ 0  0  0  0  0  1  0  0  0  0 ]  [ 0  0  0  0  0  0  0  1  0  0 ]  [ 0  0  0  0  0  0  1  0  0  0 ]  [ 0  0  0  0  0  0  0  0  1  0 ]  [ 0  0  0  0  0  0  0  1  0  0 ]  [ 0  0  0  0  0  0  0  0  1  0 ]  [ 0  0  0  0  1  0  0  0  0  0 ]  [ 0  0  0  0  1  0  0  0  0  0 ]  [ 0  0  0  0  1  0  0  0  0  0 ]  [ 0  0  0  0  0  0  1  0  0  0 ]  [ 0  0  0  0  0  1  0  0  0  0 ]  [ 0  0  0  0  1  0  0  0  0  0 ]  [ 0  0  0  0  0  0  1  0  0  0 ]  [ 0  0  0  0  1  0  0  0  0  0 ]  [ 0  0  0  0  0  1  0  0  0  0 ]  [ 0  0  0  0  0  1  0  0  0  0 ]  [ 0  0  0  0  0  0  0  0  1  0 ]  [ 0  0  0  0  0  0  1  0  0  0 ]  [ 0  0  0  0  0  1  0  0  0  0 ]  [ 0  0  0  0  1  0  0  0  0  0 ]  [ 0  0  0  0  0  0  1  0  0  0 ]  [ 0  0  0  0  0  0  0  1  0  0 ]  [ 0  0  0  0  0  0  0  1  0  0 ]  [ 0  0  0  0  0  0  0  0  1  0 ]  [ 0  0  0  0  0  0  0  0  1  0 ]  [ 0  0  0  0  0  1  0  0  0  0 ]  [ 0  0  0  0  1  0  0  0  0  0 ]  [ 0  0  0  0  0  0  0  1  0  0 ]  [ 0  0  0  0  0  0  0  1  0  0 ]  [ 0  0  0  0  0  0  1  0  0  0 ]  [ 0  0  0  0  0  0  0  0  1  0 ]  [ 0  0  0  0  0  0  1  0  0  0 ]  [ 0  0  0  0  0  1  0  0  0  0 ]  [ 0  0  0  0  1  0  0  0  0  0 ]  [ 0  0  0  0  1  0  0  0  0  0 ]  [ 0  0  0  0  0  0  0  1  0  0 ]  [ 0  0  0  0  0  0  0  0  1  0 ]  [ 0  0  0  0  0  0  0  0  1  0 ]  [ 0  0  0  0  0  0  1  0  0  0 ]  [ 0  0  0  0  0  0  0  1  0  0 ]  [ 0  0  0  0  0  0  0  0  1  0 ]  [ 0  0  0  0  0  0  0  0  1  0 ]  [ 0  0  0  0  0  0  0  1  0  0 ]  [ 0  0  0  0  0  0  1  0  0  0 ]  [ 0  0  0  0  0  0  1  0  0  0 ]  [ 0  0  0  0  1  0  0  0  0  0 ]  [ 0  0  0  0  1  0  0  0  0  0 ]  [ 0  0  0  0  0  0  0  1  0  0 ]  [ 0  0  0  0  0  0  0  0  1  0 ]  [ 0  0  0  0  0  0  1  0  0  0 ]  [ 0  0  0  0  0  0  1  0  0  0 ]  [ 0  0  0  0  0  1  0  0  0  0 ]  [ 0  0  0  0  0  0  1  0  0  0 ]  [ 0  0  0  0  0  0  0  0  1  0 ]  [ 0  0  0  0  0  0  1  0  0  0 ]  [ 0  0  0  0  0  0  0  0  1  0 ]  [ 0  0  0  0  1  0  0  0  0  0 ]  [ 0  0  0  0  0  1  0  0  0  0 ]  [ 0  0  0  0  0  0  1  0  0  0 ]  [ 0  0  0  0  0  0  1  0  0  0 ]  [ 0  0  0  0  0  0  0  0  1  0 ]  [ 0  0  0  0  0  0  0  0  1  0 ]  [ 0  0  0  0  0  0  0  0  1  0 ]  [ 0  0  0  0  0  0  0  1  0  0 ]  [ 0  0  0  0  1  0  0  0  0  0 ]  [ 0  0  0  0  0  0  1  0  0  0 ]  [ 0  0  0  0  0  0  1  0  0  0 ]  [ 0  0  0  0  0  0  1  0  0  0 ]  [ 0  0  0  0  0  1  0  0  0  0 ]  [ 0  0  0  0  0  0  0  1  0  0 ]  [ 0  0  0  0  0  0  0  0  1  0 ]  [ 0  0  0  0  1  0  0  0  0  0 ]  [ 0  0  0  0  0  0  0  1  0  0 ]  [ 0  0  0  0  0  1  0  0  0  0 ]  [ 0  0  0  0  0  0  1  0  0  0 ]  [ 0  0  0  0  0  0  0  0  1  0 ]  [ 0  0  0  0  0  0  0  0  1  0 ]  [ 0  0  0  0  0  0  0  1  0  0 ]  [ 0  0  0  0  1  0  0  0  0  0 ]  [ 0  0  0  0  0  0  0  0  1  0 ]  [ 0  0  0  0  1  0  0  0  0  0 ]  [ 0  0  0  0  0  1  0  0  0  0 ]  [ 0  0  0  0  0  0  0  0  1  0 ]  [ 0  0  0  0  0  1  0  0  0  0 ]  [ 0  0  0  0  0  1  0  0  0  0 ]  [ 0  0  0  0  0  0  0  0  1  0 ]  [ 0  0  0  0  0  0  0  0  1  0 ]  [ 0  0  0  0  0  1  0  0  0  0 ]  [ 0  0  0  0  0  1  0  0  0  0 ]  [ 0  0  0  0  0  1  0  0  0  0 ]  [ 0  0  0  0  1  0  0  0  0  0 ]  [ 0  0  0  0  0  1  0  0  0  0 ]  [ 0  0  0  0  0  0  0  0  1  0 ]  [ 0  0  0  0  1  0  0  0  0  0 ]  [ 0  0  0  0  0  1  0  0  0  0 ]  [ 0  0  0  0  1  0  0  0  0  0 ]  [ 0  0  0  0  1  0  0  0  0  0 ]  [ 0  0  0  0  0  0  1  0  0  0 ]  [ 0  0  0  0  0  0  0  1  0  0 ]  [ 0  0  0  0  0  0  0  0  1  0 ]  [ 0  0  0  0  0  0  0  1  0  0 ]  [ 0  0  0  0  0  0  0  0  1  0 ]  [ 0  0  0  0  1  0  0  0  0  0 ]  [ 0  0  0  0  0  1  0  0  0  0 ]  [ 0  0  0  0  0  0  0  0  1  0 ]  [ 0  0  0  0  1  0  0  0  0  0 ]  [ 0  0  0  0  0  1  0  0  0  0 ]  [ 0  0  0  0  0  0  1  0  0  0 ]  [ 0  0  0  0  0  1  0  0  0  0 ]  [ 0  0  0  0  0  0  1  0  0  0 ]  [ 0  0  0  0  1  0  0  0  0  0 ]  [ 0  0  0  0  0  1  0  0  0  0 ]  [ 0  0  0  0  0  0  0  0  1  0 ]  [ 0  0  0  0  1  0  0  0  0  0 ]  [ 0  0  0  0  0  0  0  0  1  0 ]  [ 0  0  0  0  1  0  0  0  0  0 ]  [ 0  0  0  0  0  0  0  0  1  0 ]  [ 0  0  0  0  0  0  0  1  0  0 ]  [ 0  0  0  0  0  0  0  1  0  0 ]  [ 0  0  0  0  1  0  0  0  0  0 ]  [ 0  0  0  0  1  0  0  0  0  0 ]  [ 0  0  0  0  0  0  0  1  0  0 ]  [ 0  0  0  0  1  0  0  0  0  0 ]  [ 0  0  0  0  1  0  0  0  0  0 ]  [ 0  0  0  0  0  0  0  0  1  0 ]  [ 0  0  0  0  0  0  0  0  1  0 ]  [ 0  0  0  0  1  0  0  0  0  0 ]  [ 0  0  0  0  0  0  0  0  1  0 ]  [ 0  0  0  0  0  0  1  0  0  0 ]  [ 0  0  0  0  0  1  0  0  0  0 ]  [ 0  0  0  0  1  0  0  0  0  0 ]  [ 0  0  0  0  0  1  0  0  0  0 ]  [ 0  0  0  0  0  0  0  0  1  0 ]  [ 0  0  0  0  0  1  0  0  0  0 ]  [ 0  0  0  0  1  0  0  0  0  0 ]  [ 0  0  0  0  1  0  0  0  0  0 ]  [ 0  0  0  0  1  0  0  0  0  0 ]  [ 0  0  0  0  0  1  0  0  0  0 ]  [ 0  0  0  0  0  0  0  0  1  0 ]  [ 0  0  0  0  1  0  0  0  0  0 ]  [ 0  0  0  0  1  0  0  0  0  0 ]  [ 0  0  0  0  0  0  0  0  1  0 ]  [ 0  0  0  0  0  0  0  0  1  0 ]  [ 0  0  0  0  0  0  0  0  1  0 ]  [ 0  0  0  0  0  1  0  0  0  0 ]  [ 0  0  0  0  0  1  0  0  0  0 ]  [ 0  0  0  0  0  0  0  0  1  0 ]  [ 0  0  0  0  0  0  1  0  0  0 ]  [ 0  0  0  0  0  0  0  1  0  0 ]  [ 0  0  0  0  0  1  0  0  0  0 ]  [ 0  0  0  0  1  0  0  0  0  0 ]  [ 0  0  0  0  0  1  0  0  0  0 ]  [ 0  0  0  0  0  0  0  1  0  0 ]  [ 0  0  0  0  0  0  0  1  0  0 ]  [ 0  0  0  0  0  0  1  0  0  0 ]  [ 0  0  0  0  0  0  1  0  0  0 ]  [ 0  0  0  0  0  0  1  0  0  0 ]  [ 0  0  0  0  0  0  1  0  0  0 ]  [ 0  0  0  0  0  0  1  0  0  0 ]  [ 0  0  0  0  0  0  0  0  1  0 ]  [ 0  0  0  0  0  1  0  0  0  0 ]  [ 0  0  0  0  0  0  1  0  0  0 ]  [ 0  0  0  0  0  0  0  0  1  0 ]  [ 0  0  0  0  0  0  0  0  1  0 ]  [ 0  0  0  0  1  0  0  0  0  0 ]  [ 0  0  0  0  0  0  0  0  1  0 ]  [ 0  0  0  0  0  0  0  0  1  0 ]  [ 0  0  0  0  1  0  0  0  0  0 ]  [ 0  0  0  0  0  1  0  0  0  0 ] ];

ObjRequests = {  <1,5,181>, <2,5,62>, <3,5,75>, <4,5,71>, <5,5,24>, <6,5,30>, <7,5,41>, <8,5,28>, <9,5,23>, <10,5,37>, <11,5,11>, <12,5,24>, <13,5,11>, <14,5,34>, <15,5,18>, <16,5,28>, <17,5,10>, <18,5,9>, <19,5,2>, <20,5,11>, <21,5,1>, <22,5,10>, <23,5,3>, <24,5,13>, <25,5,6>, <26,5,15>, <27,5,4>, <28,5,22>, <29,5,9>, <30,5,8>, <31,5,1>, <32,5,7>, <33,5,2>, <34,5,9>, <35,5,7>, <36,5,14>, <37,5,4>, <38,5,18>, <39,5,18>, <40,5,3>, <41,5,6>, <42,5,8>, <43,5,2>, <45,5,6>, <46,5,6>, <47,5,7>, <48,5,2>, <49,5,8>, <50,5,5>, <51,5,7>, <52,5,1>, <54,5,4>, <55,5,6>, <56,5,1>, <57,5,3>, <58,5,1>, <60,5,7>, <61,5,7>, <62,5,9>, <63,5,1>, <64,5,3>, <65,5,2>, <67,5,1>, <68,5,3>, <69,5,6>, <70,5,1>, <71,5,4>, <72,5,1>, <73,5,5>, <74,5,4>, <75,5,3>, <76,5,3>, <77,5,1>, <78,5,1>, <79,5,5>, <82,5,2>, <83,5,1>, <84,5,3>, <85,5,2>, <86,5,5>, <87,5,4>, <88,5,5>, <89,5,1>, <90,5,1>, <91,5,2>, <92,5,6>, <94,5,2>, <97,5,3>, <98,5,1>, <99,5,3>, <103,5,4>, <104,5,4>, <105,5,2>, <106,5,1>, <108,5,1>, <109,5,2>, <110,5,1>, <111,5,4>, <112,5,1>, <113,5,5>, <114,5,2>, <115,5,5>, <116,5,3>, <117,5,3>, <118,5,1>, <119,5,1>, <120,5,1>, <121,5,1>, <122,5,1>, <123,5,1>, <124,5,1>, <125,5,2>, <128,5,2>, <130,5,1>, <131,5,1>, <133,5,2>, <134,5,2>, <135,5,1>, <136,5,1>, <139,5,1>, <140,5,1>, <141,5,1>, <142,5,1>, <143,5,3>, <144,5,1>, <146,5,1>, <147,5,2>, <148,5,1>, <149,5,3>, <150,5,3>, <151,5,1>, <152,5,2>, <154,5,5>, <156,5,1>, <158,5,1>, <159,5,1>, <161,5,5>, <162,5,2>, <163,5,1>, <164,5,2>, <166,5,1>, <167,5,2>, <169,5,1>, <171,5,1>, <172,5,2>, <173,5,4>, <174,5,2>, <175,5,2>, <176,5,1>, <177,5,1>, <178,5,1>, <182,5,6>, <183,5,1>, <184,5,1>, <187,5,1>, <189,5,1>, <191,5,1>, <192,5,2>, <194,5,1>, <195,5,2>, <196,5,1>, <197,5,1>, <198,5,2>, <199,5,3>, <200,5,1>, <202,5,1>, <203,5,1>, <204,5,1>, <208,5,1>, <211,5,2>, <212,5,4>, <215,5,1>, <216,5,1>, <217,5,1>, <218,5,3>, <219,5,1>, <220,5,1>, <225,5,1>, <226,5,4>, <228,5,2>, <230,5,3>, <231,5,1>, <232,5,2>, <233,5,1>, <235,5,6>, <236,5,1>, <237,5,1>, <238,5,1>, <239,5,2>, <242,5,1>, <244,5,1>, <245,5,1>, <247,5,1>, <249,5,1>, <250,5,2>, <252,5,1>, <255,5,1>, <256,5,2>, <260,5,1>, <263,5,1>, <264,5,1>, <265,5,1>, <267,5,1>, <268,5,1>, <270,5,1>, <271,5,1>, <272,5,1>, <279,5,1>, <284,5,1>, <287,5,1>, <288,5,1>, <292,5,1>, <293,5,1>, <294,5,1>, <295,5,2>, <297,5,2>, <299,5,1>, <303,5,1>, <309,5,1>, <310,5,1>, <311,5,1>, <312,5,2>, <316,5,1>, <317,5,1>, <318,5,2>, <319,5,1>, <320,5,2>, <321,5,1>, <322,5,1>, <328,5,2>, <329,5,1>, <330,5,1>, <332,5,1>, <333,5,2>, <335,5,1>, <337,5,1>, <340,5,2>, <342,5,1>, <344,5,1>, <346,5,1>, <347,5,4>, <348,5,1>, <349,5,1>, <350,5,1>, <354,5,3>, <357,5,1>, <358,5,2>, <359,5,2>, <362,5,1>, <364,5,1>, <365,5,1>, <366,5,1>, <368,5,1>, <371,5,1>, <373,5,4>, <375,5,2>, <377,5,1>, <380,5,1>, <381,5,1>, <384,5,1>, <392,5,1>, <394,5,1>, <397,5,1>, <400,5,1>, <408,5,1>, <413,5,2>, <415,5,1>, <416,5,1>, <417,5,2>, <419,5,1>, <423,5,1>, <424,5,2>, <431,5,1>, <432,5,1>, <434,5,1>, <435,5,1>, <439,5,1>, <440,5,1>, <441,5,1>, <446,5,2>, <448,5,1>, <454,5,2>, <462,5,3>, <463,5,1>, <464,5,1>, <467,5,2>, <468,5,2>, <472,5,1>, <480,5,1>, <486,5,1>, <492,5,1>, <496,5,1>, <503,5,1>, <505,5,1>, <510,5,1>, <511,5,1>, <512,5,1>, <518,5,1>, <519,5,1>, <520,5,1>, <524,5,1>, <526,5,1>, <529,5,2>, <535,5,1>, <546,5,1>, <551,5,1>, <555,5,1>, <560,5,1>, <561,5,1>, <563,5,1>, <571,5,1>, <573,5,1>, <575,5,1>, <583,5,1>, <584,5,1>, <587,5,1>, <588,5,1>, <593,5,1>, <597,5,1>, <598,5,2>, <600,5,2>, <601,5,1>, <604,5,3>, <609,5,1>, <614,5,1>, <615,5,1>, <617,5,1>, <626,5,1>, <627,5,1>, <628,5,1>, <629,5,2>, <631,5,1>, <632,5,3>, <640,5,1>, <646,5,1>, <648,5,1>, <660,5,1>, <668,5,1>, <670,5,1>, <673,5,1>, <678,5,2>, <685,5,1>, <699,5,1>, <701,5,2>, <703,5,1>, <707,5,1>, <716,5,2>, <718,5,1>, <721,5,1>, <722,5,1>, <724,5,1>, <728,5,1>, <734,5,1>, <738,5,1>, <741,5,1>, <743,5,1>, <744,5,1>, <746,5,1>, <751,5,1>, <753,5,1>, <760,5,1>, <762,5,1>, <768,5,1>, <769,5,1>, <773,5,1>, <791,5,1>, <792,5,1>, <795,5,1>, <802,5,3>, <810,5,1>, <818,5,1>, <819,5,1>, <821,5,1>, <823,5,1>, <835,5,1>, <843,5,1>, <852,5,1>, <856,5,2>, <876,5,1>, <879,5,1>, <885,5,1>, <889,5,1>, <899,5,2>, <906,5,1>, <907,5,1>, <923,5,1>, <925,5,1>, <926,5,1>, <931,5,1>, <934,5,1>, <937,5,1>, <941,5,1>, <957,5,1>, <959,5,1>, <965,5,1>, <968,5,1>, <978,5,1>, <987,5,1>, <996,5,1>, <1,6,20>, <2,6,58>, <3,6,80>, <4,6,38>, <5,6,18>, <6,6,88>, <7,6,48>, <8,6,64>, <9,6,5>, <10,6,9>, <11,6,2>, <12,6,12>, <13,6,16>, <14,6,5>, <15,6,29>, <16,6,14>, <17,6,23>, <18,6,27>, <19,6,26>, <20,6,8>, <21,6,12>, <22,6,2>, <24,6,12>, <25,6,2>, <26,6,3>, <27,6,15>, <28,6,2>, <29,6,1>, <30,6,1>, <31,6,1>, <32,6,3>, <33,6,2>, <34,6,2>, <35,6,11>, <36,6,7>, <37,6,10>, <38,6,7>, <39,6,13>, <40,6,15>, <41,6,9>, <42,6,1>, <43,6,2>, <44,6,2>, <45,6,4>, <46,6,1>, <48,6,10>, <49,6,1>, <50,6,2>, <51,6,3>, <52,6,2>, <53,6,6>, <54,6,3>, <55,6,5>, <56,6,1>, <57,6,3>, <58,6,3>, <59,6,3>, <60,6,3>, <61,6,4>, <63,6,5>, <64,6,1>, <65,6,1>, <66,6,1>, <67,6,4>, <68,6,12>, <69,6,3>, <70,6,4>, <72,6,6>, <73,6,7>, <74,6,2>, <75,6,5>, <76,6,3>, <77,6,4>, <78,6,1>, <79,6,3>, <80,6,2>, <81,6,5>, <82,6,1>, <83,6,3>, <84,6,4>, <85,6,1>, <86,6,1>, <87,6,1>, <89,6,6>, <90,6,4>, <93,6,2>, <94,6,6>, <97,6,1>, <98,6,3>, <99,6,3>, <100,6,1>, <101,6,2>, <102,6,2>, <104,6,1>, <106,6,5>, <107,6,1>, <108,6,1>, <109,6,1>, <110,6,5>, <112,6,2>, <113,6,1>, <118,6,1>, <119,6,8>, <120,6,2>, <121,6,3>, <124,6,1>, <125,6,2>, <127,6,3>, <128,6,2>, <129,6,3>, <130,6,2>, <132,6,2>, <133,6,1>, <134,6,1>, <135,6,1>, <138,6,6>, <139,6,1>, <141,6,1>, <143,6,4>, <144,6,2>, <146,6,2>, <147,6,4>, <149,6,1>, <150,6,1>, <151,6,1>, <153,6,1>, <154,6,1>, <155,6,4>, <159,6,2>, <161,6,1>, <162,6,1>, <163,6,2>, <164,6,3>, <166,6,1>, <171,6,1>, <172,6,1>, <173,6,1>, <174,6,1>, <175,6,1>, <176,6,1>, <177,6,1>, <180,6,3>, <181,6,1>, <183,6,2>, <185,6,1>, <188,6,2>, <191,6,1>, <192,6,1>, <193,6,2>, <194,6,5>, <196,6,4>, <197,6,1>, <198,6,2>, <200,6,1>, <201,6,4>, <202,6,1>, <205,6,2>, <206,6,2>, <207,6,1>, <209,6,6>, <211,6,1>, <212,6,2>, <213,6,1>, <214,6,1>, <216,6,2>, <217,6,3>, <219,6,1>, <220,6,2>, <221,6,7>, <222,6,1>, <224,6,4>, <226,6,4>, <227,6,1>, <229,6,1>, <230,6,1>, <232,6,3>, <234,6,1>, <236,6,4>, <237,6,1>, <238,6,1>, <240,6,1>, <242,6,1>, <243,6,3>, <246,6,1>, <247,6,1>, <248,6,2>, <249,6,3>, <250,6,2>, <252,6,1>, <253,6,1>, <255,6,2>, <256,6,1>, <258,6,1>, <259,6,1>, <260,6,1>, <262,6,1>, <263,6,1>, <264,6,1>, <265,6,1>, <266,6,1>, <268,6,2>, <269,6,1>, <271,6,1>, <273,6,1>, <275,6,2>, <276,6,2>, <280,6,1>, <283,6,1>, <286,6,4>, <287,6,1>, <288,6,1>, <290,6,1>, <291,6,1>, <292,6,1>, <293,6,1>, <294,6,2>, <297,6,1>, <300,6,1>, <304,6,1>, <309,6,1>, <310,6,4>, <313,6,1>, <315,6,1>, <318,6,1>, <319,6,1>, <321,6,2>, <322,6,3>, <323,6,1>, <324,6,1>, <325,6,1>, <328,6,1>, <329,6,1>, <335,6,1>, <336,6,1>, <339,6,2>, <340,6,1>, <345,6,3>, <347,6,2>, <348,6,5>, <353,6,1>, <354,6,1>, <355,6,1>, <357,6,2>, <359,6,1>, <361,6,1>, <363,6,1>, <365,6,1>, <366,6,1>, <367,6,1>, <368,6,1>, <369,6,1>, <371,6,1>, <372,6,1>, <374,6,1>, <376,6,1>, <380,6,1>, <384,6,1>, <386,6,2>, <391,6,2>, <393,6,1>, <394,6,1>, <395,6,1>, <397,6,1>, <398,6,1>, <403,6,1>, <404,6,1>, <405,6,2>, <406,6,1>, <407,6,1>, <408,6,1>, <410,6,1>, <412,6,1>, <414,6,1>, <416,6,1>, <418,6,2>, <419,6,2>, <422,6,2>, <426,6,1>, <428,6,1>, <431,6,1>, <438,6,1>, <441,6,1>, <443,6,2>, <444,6,1>, <446,6,1>, <450,6,1>, <457,6,1>, <462,6,1>, <463,6,2>, <467,6,1>, <468,6,1>, <469,6,3>, <471,6,4>, <472,6,2>, <473,6,1>, <483,6,1>, <491,6,1>, <493,6,1>, <494,6,1>, <495,6,1>, <496,6,2>, <503,6,1>, <504,6,1>, <514,6,1>, <519,6,1>, <520,6,1>, <529,6,1>, <539,6,1>, <541,6,1>, <546,6,1>, <552,6,1>, <554,6,1>, <557,6,1>, <564,6,1>, <567,6,1>, <568,6,1>, <574,6,1>, <575,6,1>, <580,6,2>, <585,6,1>, <587,6,1>, <589,6,1>, <592,6,1>, <596,6,1>, <598,6,1>, <601,6,1>, <612,6,1>, <613,6,1>, <614,6,2>, <617,6,1>, <618,6,1>, <619,6,1>, <623,6,1>, <626,6,1>, <627,6,3>, <628,6,1>, <631,6,1>, <632,6,2>, <639,6,1>, <641,6,4>, <643,6,1>, <645,6,1>, <646,6,2>, <648,6,1>, <649,6,1>, <650,6,1>, <653,6,1>, <654,6,1>, <660,6,1>, <673,6,1>, <675,6,1>, <679,6,2>, <680,6,1>, <684,6,1>, <688,6,1>, <696,6,1>, <704,6,1>, <722,6,1>, <724,6,1>, <725,6,1>, <726,6,1>, <735,6,1>, <741,6,1>, <743,6,1>, <765,6,1>, <773,6,2>, <791,6,1>, <792,6,1>, <796,6,2>, <818,6,1>, <819,6,1>, <821,6,1>, <828,6,3>, <834,6,2>, <843,6,1>, <844,6,1>, <849,6,1>, <851,6,1>, <852,6,1>, <856,6,1>, <859,6,1>, <861,6,1>, <865,6,1>, <868,6,1>, <870,6,1>, <882,6,1>, <902,6,1>, <904,6,1>, <906,6,1>, <909,6,1>, <911,6,1>, <918,6,1>, <920,6,1>, <921,6,1>, <926,6,1>, <943,6,1>, <947,6,1>, <948,6,1>, <965,6,1>, <969,6,1>, <983,6,1>, <985,6,1>, <988,6,1>, <996,6,1>, <1,7,22>, <2,7,85>, <3,7,148>, <4,7,65>, <5,7,10>, <6,7,51>, <7,7,35>, <8,7,9>, <9,7,39>, <10,7,47>, <11,7,37>, <12,7,8>, <13,7,22>, <14,7,6>, <15,7,12>, <16,7,21>, <17,7,12>, <18,7,13>, <19,7,3>, <20,7,8>, <21,7,26>, <22,7,5>, <23,7,12>, <24,7,12>, <25,7,23>, <26,7,2>, <27,7,3>, <29,7,17>, <30,7,2>, <31,7,26>, <32,7,7>, <34,7,4>, <35,7,3>, <36,7,4>, <37,7,4>, <38,7,1>, <39,7,2>, <41,7,2>, <42,7,1>, <43,7,18>, <44,7,3>, <45,7,11>, <46,7,6>, <47,7,10>, <48,7,3>, <49,7,3>, <51,7,5>, <52,7,3>, <54,7,2>, <55,7,4>, <56,7,6>, <57,7,4>, <58,7,1>, <59,7,2>, <60,7,1>, <61,7,8>, <62,7,6>, <63,7,8>, <64,7,2>, <65,7,1>, <66,7,12>, <69,7,8>, <70,7,7>, <71,7,1>, <72,7,3>, <73,7,5>, <76,7,2>, <77,7,4>, <78,7,4>, <80,7,3>, <81,7,1>, <82,7,3>, <83,7,1>, <85,7,1>, <86,7,2>, <87,7,1>, <88,7,1>, <89,7,2>, <90,7,2>, <92,7,1>, <94,7,1>, <95,7,2>, <96,7,3>, <97,7,1>, <98,7,5>, <99,7,2>, <100,7,4>, <101,7,3>, <103,7,5>, <105,7,5>, <106,7,5>, <108,7,4>, <109,7,3>, <112,7,1>, <114,7,1>, <115,7,2>, <116,7,1>, <118,7,1>, <120,7,3>, <122,7,5>, <123,7,5>, <124,7,1>, <125,7,1>, <127,7,1>, <129,7,2>, <130,7,2>, <131,7,2>, <132,7,1>, <133,7,1>, <136,7,2>, <137,7,2>, <138,7,1>, <139,7,1>, <144,7,2>, <147,7,3>, <148,7,2>, <149,7,6>, <150,7,2>, <151,7,1>, <152,7,2>, <153,7,2>, <154,7,1>, <156,7,1>, <157,7,3>, <159,7,2>, <160,7,1>, <161,7,1>, <162,7,1>, <164,7,1>, <165,7,1>, <166,7,1>, <168,7,2>, <169,7,5>, <174,7,1>, <175,7,1>, <177,7,5>, <179,7,3>, <180,7,1>, <181,7,2>, <183,7,4>, <184,7,1>, <185,7,3>, <188,7,2>, <189,7,3>, <191,7,2>, <194,7,2>, <195,7,1>, <196,7,1>, <199,7,2>, <200,7,1>, <201,7,1>, <202,7,1>, <203,7,3>, <206,7,2>, <211,7,1>, <213,7,2>, <215,7,1>, <216,7,2>, <221,7,1>, <222,7,1>, <224,7,2>, <225,7,2>, <226,7,1>, <227,7,1>, <228,7,1>, <229,7,3>, <232,7,1>, <233,7,3>, <234,7,1>, <235,7,2>, <237,7,3>, <240,7,1>, <242,7,1>, <243,7,2>, <244,7,2>, <245,7,3>, <247,7,1>, <249,7,2>, <252,7,2>, <254,7,1>, <255,7,1>, <256,7,2>, <258,7,1>, <259,7,1>, <264,7,1>, <267,7,1>, <268,7,1>, <269,7,1>, <271,7,1>, <275,7,1>, <276,7,1>, <279,7,2>, <280,7,1>, <281,7,2>, <283,7,1>, <285,7,3>, <286,7,2>, <288,7,1>, <289,7,1>, <291,7,3>, <292,7,1>, <294,7,2>, <296,7,1>, <299,7,2>, <300,7,1>, <301,7,1>, <302,7,2>, <309,7,1>, <312,7,2>, <315,7,2>, <316,7,1>, <317,7,2>, <318,7,3>, <319,7,2>, <320,7,1>, <321,7,4>, <324,7,1>, <327,7,1>, <329,7,1>, <332,7,1>, <333,7,1>, <335,7,2>, <336,7,3>, <337,7,2>, <342,7,1>, <344,7,1>, <346,7,1>, <347,7,1>, <349,7,1>, <351,7,2>, <353,7,1>, <355,7,1>, <357,7,1>, <358,7,1>, <364,7,1>, <366,7,4>, <372,7,1>, <376,7,1>, <381,7,1>, <382,7,1>, <385,7,4>, <386,7,1>, <388,7,1>, <389,7,2>, <391,7,1>, <392,7,1>, <393,7,2>, <395,7,1>, <396,7,1>, <400,7,1>, <401,7,1>, <406,7,1>, <407,7,1>, <408,7,1>, <410,7,1>, <412,7,2>, <414,7,1>, <418,7,1>, <419,7,1>, <420,7,2>, <422,7,1>, <424,7,1>, <427,7,1>, <430,7,3>, <434,7,1>, <435,7,1>, <440,7,1>, <443,7,1>, <444,7,1>, <445,7,1>, <452,7,1>, <454,7,1>, <458,7,1>, <459,7,1>, <463,7,1>, <464,7,3>, <469,7,2>, <471,7,1>, <474,7,1>, <477,7,1>, <479,7,1>, <480,7,1>, <482,7,1>, <484,7,1>, <485,7,1>, <490,7,2>, <491,7,1>, <492,7,1>, <494,7,1>, <496,7,1>, <500,7,1>, <502,7,2>, <503,7,1>, <511,7,1>, <513,7,1>, <514,7,1>, <519,7,1>, <526,7,1>, <529,7,1>, <533,7,1>, <539,7,1>, <541,7,1>, <545,7,1>, <548,7,1>, <553,7,2>, <554,7,1>, <557,7,1>, <559,7,1>, <563,7,1>, <564,7,1>, <581,7,1>, <584,7,1>, <589,7,1>, <592,7,2>, <593,7,3>, <598,7,1>, <599,7,1>, <601,7,1>, <605,7,1>, <610,7,1>, <617,7,2>, <623,7,1>, <626,7,1>, <627,7,1>, <633,7,1>, <645,7,1>, <646,7,2>, <651,7,1>, <654,7,1>, <670,7,1>, <678,7,1>, <679,7,1>, <680,7,1>, <688,7,2>, <698,7,1>, <699,7,1>, <704,7,1>, <705,7,1>, <706,7,1>, <714,7,1>, <734,7,1>, <735,7,1>, <753,7,1>, <756,7,1>, <762,7,1>, <771,7,1>, <777,7,1>, <779,7,1>, <796,7,1>, <803,7,1>, <815,7,1>, <834,7,2>, <839,7,1>, <841,7,1>, <847,7,1>, <849,7,2>, <858,7,1>, <860,7,1>, <864,7,1>, <865,7,3>, <868,7,1>, <876,7,2>, <878,7,2>, <879,7,1>, <884,7,1>, <896,7,2>, <904,7,1>, <919,7,1>, <920,7,1>, <921,7,1>, <925,7,1>, <930,7,1>, <965,7,1>, <976,7,1>, <980,7,1>, <985,7,1>, <987,7,2>, <989,7,1>, <990,7,1>, <1,8,442>, <2,8,213>, <3,8,32>, <4,8,26>, <5,8,116>, <6,8,18>, <7,8,25>, <8,8,56>, <9,8,64>, <10,8,7>, <11,8,37>, <12,8,38>, <13,8,43>, <14,8,30>, <15,8,4>, <16,8,1>, <17,8,14>, <18,8,10>, <19,8,9>, <20,8,21>, <21,8,5>, <22,8,24>, <23,8,3>, <24,8,1>, <25,8,9>, <26,8,2>, <27,8,16>, <28,8,9>, <29,8,7>, <30,8,24>, <31,8,2>, <32,8,6>, <33,8,20>, <34,8,1>, <36,8,4>, <37,8,5>, <38,8,5>, <41,8,4>, <42,8,3>, <43,8,2>, <44,8,8>, <45,8,10>, <46,8,4>, <48,8,2>, <50,8,8>, <51,8,13>, <52,8,8>, <53,8,7>, <54,8,3>, <55,8,7>, <56,8,1>, <57,8,3>, <58,8,2>, <59,8,1>, <60,8,2>, <61,8,2>, <62,8,4>, <63,8,1>, <64,8,5>, <65,8,1>, <66,8,3>, <67,8,2>, <68,8,1>, <70,8,1>, <71,8,8>, <72,8,4>, <74,8,5>, <75,8,3>, <76,8,5>, <77,8,3>, <78,8,3>, <79,8,4>, <80,8,1>, <82,8,4>, <83,8,1>, <84,8,4>, <85,8,3>, <86,8,1>, <87,8,2>, <88,8,4>, <89,8,2>, <90,8,5>, <91,8,2>, <92,8,1>, <93,8,6>, <94,8,1>, <95,8,1>, <96,8,5>, <97,8,1>, <98,8,2>, <99,8,1>, <100,8,1>, <101,8,2>, <103,8,1>, <104,8,2>, <105,8,1>, <106,8,1>, <108,8,3>, <109,8,1>, <110,8,5>, <111,8,1>, <112,8,2>, <113,8,2>, <115,8,9>, <116,8,1>, <118,8,1>, <119,8,2>, <120,8,2>, <121,8,2>, <122,8,1>, <123,8,1>, <124,8,1>, <125,8,5>, <126,8,1>, <127,8,1>, <129,8,3>, <130,8,1>, <131,8,2>, <132,8,1>, <133,8,2>, <134,8,1>, <135,8,7>, <137,8,1>, <139,8,2>, <140,8,2>, <141,8,5>, <142,8,2>, <143,8,3>, <145,8,1>, <147,8,1>, <148,8,1>, <151,8,2>, <152,8,4>, <153,8,2>, <154,8,2>, <155,8,1>, <156,8,6>, <157,8,2>, <158,8,5>, <159,8,5>, <160,8,1>, <161,8,2>, <162,8,4>, <163,8,3>, <164,8,3>, <165,8,1>, <166,8,2>, <170,8,1>, <171,8,1>, <172,8,1>, <175,8,1>, <176,8,2>, <178,8,1>, <179,8,1>, <180,8,1>, <181,8,1>, <182,8,2>, <183,8,1>, <185,8,1>, <188,8,1>, <191,8,2>, <192,8,1>, <193,8,4>, <195,8,1>, <198,8,1>, <200,8,1>, <202,8,1>, <203,8,1>, <204,8,1>, <205,8,1>, <208,8,2>, <213,8,1>, <214,8,1>, <215,8,2>, <216,8,1>, <217,8,1>, <219,8,2>, <220,8,1>, <221,8,1>, <224,8,1>, <225,8,1>, <228,8,1>, <230,8,2>, <232,8,1>, <234,8,1>, <235,8,3>, <237,8,2>, <238,8,1>, <239,8,3>, <245,8,2>, <247,8,2>, <248,8,2>, <249,8,1>, <250,8,2>, <251,8,2>, <252,8,1>, <254,8,1>, <256,8,1>, <257,8,1>, <258,8,3>, <259,8,2>, <262,8,2>, <264,8,2>, <265,8,3>, <266,8,1>, <267,8,2>, <268,8,1>, <269,8,1>, <270,8,2>, <271,8,2>, <273,8,1>, <274,8,2>, <275,8,1>, <276,8,1>, <277,8,1>, <278,8,1>, <279,8,3>, <280,8,1>, <281,8,1>, <282,8,1>, <287,8,2>, <288,8,2>, <289,8,1>, <290,8,1>, <294,8,1>, <297,8,4>, <306,8,1>, <309,8,1>, <312,8,1>, <313,8,1>, <314,8,5>, <315,8,1>, <316,8,1>, <319,8,1>, <321,8,1>, <324,8,1>, <326,8,1>, <327,8,2>, <328,8,1>, <329,8,1>, <330,8,1>, <335,8,1>, <337,8,3>, <340,8,1>, <342,8,1>, <345,8,1>, <346,8,1>, <347,8,1>, <348,8,2>, <349,8,1>, <351,8,2>, <353,8,1>, <354,8,1>, <355,8,1>, <358,8,1>, <359,8,1>, <361,8,1>, <365,8,1>, <366,8,2>, <373,8,1>, <374,8,1>, <375,8,3>, <377,8,1>, <380,8,1>, <381,8,1>, <382,8,1>, <384,8,1>, <387,8,1>, <389,8,1>, <392,8,1>, <393,8,1>, <394,8,1>, <396,8,1>, <399,8,1>, <404,8,1>, <408,8,2>, <410,8,1>, <413,8,1>, <414,8,1>, <418,8,1>, <419,8,2>, <422,8,1>, <423,8,1>, <424,8,1>, <426,8,1>, <430,8,1>, <432,8,1>, <434,8,1>, <435,8,1>, <438,8,1>, <439,8,1>, <441,8,1>, <443,8,2>, <445,8,1>, <450,8,3>, <452,8,1>, <459,8,1>, <462,8,1>, <463,8,1>, <466,8,1>, <467,8,1>, <469,8,1>, <472,8,1>, <473,8,1>, <478,8,1>, <480,8,1>, <483,8,1>, <485,8,1>, <489,8,1>, <493,8,1>, <496,8,1>, <510,8,2>, <517,8,1>, <519,8,1>, <522,8,1>, <523,8,1>, <530,8,1>, <534,8,1>, <535,8,1>, <536,8,1>, <537,8,1>, <538,8,2>, <541,8,1>, <543,8,1>, <546,8,1>, <554,8,1>, <557,8,1>, <559,8,1>, <562,8,1>, <566,8,1>, <569,8,1>, <576,8,1>, <578,8,1>, <582,8,1>, <585,8,1>, <587,8,1>, <594,8,1>, <598,8,1>, <601,8,1>, <605,8,1>, <610,8,1>, <612,8,1>, <614,8,1>, <615,8,1>, <623,8,1>, <626,8,1>, <627,8,1>, <631,8,1>, <632,8,2>, <644,8,1>, <645,8,1>, <653,8,1>, <654,8,2>, <655,8,1>, <673,8,2>, <677,8,1>, <684,8,1>, <687,8,1>, <689,8,1>, <691,8,2>, <700,8,1>, <701,8,1>, <702,8,1>, <707,8,2>, <716,8,2>, <718,8,1>, <721,8,1>, <724,8,1>, <726,8,1>, <736,8,1>, <738,8,1>, <746,8,1>, <758,8,1>, <760,8,1>, <762,8,1>, <765,8,3>, <769,8,1>, <773,8,2>, <774,8,1>, <795,8,1>, <799,8,1>, <806,8,1>, <820,8,1>, <841,8,1>, <844,8,1>, <849,8,1>, <852,8,1>, <856,8,1>, <859,8,1>, <868,8,1>, <870,8,1>, <875,8,2>, <876,8,1>, <911,8,1>, <921,8,1>, <923,8,1>, <932,8,1>, <934,8,1>, <936,8,2>, <941,8,1>, <947,8,1>, <949,8,1>, <953,8,1>, <957,8,1>, <967,8,1>, <978,8,1>, <980,8,2>, <1,9,383>, <2,9,109>, <3,9,41>, <4,9,90>, <5,9,60>, <6,9,14>, <7,9,12>, <8,9,1>, <9,9,19>, <10,9,4>, <11,9,2>, <12,9,14>, <13,9,3>, <14,9,16>, <15,9,21>, <16,9,8>, <17,9,5>, <18,9,1>, <19,9,21>, <21,9,4>, <23,9,27>, <24,9,6>, <25,9,21>, <26,9,9>, <27,9,5>, <28,9,4>, <29,9,7>, <30,9,1>, <31,9,9>, <32,9,13>, <33,9,16>, <34,9,7>, <35,9,1>, <36,9,3>, <37,9,2>, <38,9,1>, <40,9,12>, <41,9,1>, <42,9,4>, <43,9,7>, <44,9,5>, <45,9,2>, <46,9,1>, <47,9,9>, <48,9,2>, <49,9,7>, <50,9,4>, <51,9,1>, <52,9,5>, <53,9,3>, <54,9,5>, <56,9,9>, <57,9,6>, <58,9,5>, <59,9,2>, <60,9,10>, <61,9,1>, <62,9,1>, <63,9,1>, <65,9,3>, <66,9,3>, <67,9,1>, <70,9,5>, <71,9,7>, <73,9,1>, <74,9,1>, <75,9,1>, <78,9,2>, <79,9,1>, <80,9,8>, <81,9,2>, <82,9,3>, <83,9,3>, <84,9,5>, <85,9,1>, <86,9,1>, <87,9,1>, <88,9,3>, <89,9,2>, <91,9,1>, <92,9,1>, <93,9,4>, <94,9,1>, <95,9,2>, <96,9,3>, <97,9,6>, <98,9,1>, <101,9,1>, <102,9,11>, <103,9,3>, <104,9,5>, <105,9,1>, <107,9,3>, <109,9,1>, <110,9,1>, <112,9,1>, <113,9,2>, <114,9,6>, <116,9,3>, <117,9,1>, <118,9,3>, <119,9,2>, <121,9,4>, <123,9,2>, <124,9,1>, <125,9,1>, <126,9,1>, <127,9,2>, <128,9,2>, <130,9,3>, <131,9,1>, <132,9,1>, <133,9,1>, <134,9,4>, <136,9,2>, <137,9,1>, <138,9,1>, <139,9,3>, <141,9,1>, <142,9,1>, <143,9,1>, <144,9,1>, <147,9,1>, <148,9,3>, <150,9,3>, <151,9,3>, <152,9,1>, <156,9,2>, <160,9,1>, <162,9,1>, <163,9,2>, <164,9,6>, <165,9,2>, <166,9,4>, <167,9,2>, <168,9,1>, <170,9,2>, <172,9,1>, <174,9,1>, <175,9,1>, <176,9,2>, <177,9,1>, <178,9,2>, <180,9,3>, <181,9,1>, <183,9,1>, <184,9,2>, <185,9,1>, <187,9,1>, <189,9,2>, <193,9,1>, <197,9,1>, <198,9,1>, <199,9,3>, <200,9,1>, <201,9,1>, <204,9,2>, <206,9,3>, <208,9,2>, <212,9,4>, <215,9,2>, <216,9,2>, <217,9,1>, <219,9,1>, <220,9,1>, <222,9,3>, <224,9,1>, <226,9,1>, <227,9,3>, <228,9,1>, <231,9,1>, <233,9,2>, <234,9,1>, <237,9,2>, <238,9,1>, <242,9,2>, <249,9,1>, <250,9,1>, <253,9,1>, <255,9,1>, <260,9,1>, <265,9,1>, <272,9,2>, <273,9,1>, <274,9,1>, <278,9,2>, <280,9,1>, <282,9,1>, <283,9,1>, <284,9,2>, <286,9,1>, <289,9,4>, <291,9,1>, <293,9,1>, <294,9,1>, <296,9,3>, <297,9,1>, <298,9,2>, <300,9,1>, <303,9,1>, <306,9,2>, <307,9,1>, <308,9,2>, <310,9,1>, <311,9,2>, <313,9,1>, <315,9,1>, <318,9,1>, <319,9,1>, <320,9,1>, <321,9,1>, <322,9,2>, <324,9,1>, <326,9,1>, <328,9,1>, <329,9,1>, <330,9,1>, <332,9,1>, <335,9,2>, <336,9,1>, <339,9,1>, <340,9,1>, <341,9,1>, <342,9,1>, <346,9,1>, <349,9,1>, <353,9,1>, <355,9,1>, <356,9,1>, <357,9,1>, <359,9,1>, <362,9,1>, <363,9,1>, <366,9,1>, <372,9,1>, <373,9,1>, <374,9,1>, <375,9,1>, <377,9,1>, <382,9,1>, <386,9,1>, <392,9,1>, <393,9,1>, <394,9,2>, <400,9,1>, <404,9,1>, <413,9,1>, <415,9,1>, <419,9,1>, <424,9,1>, <428,9,1>, <431,9,1>, <435,9,1>, <438,9,1>, <441,9,1>, <445,9,2>, <446,9,1>, <449,9,1>, <452,9,1>, <458,9,1>, <459,9,1>, <462,9,1>, <464,9,1>, <466,9,1>, <468,9,1>, <472,9,2>, <476,9,1>, <477,9,1>, <478,9,1>, <479,9,1>, <481,9,1>, <482,9,1>, <484,9,1>, <485,9,1>, <488,9,1>, <490,9,2>, <491,9,1>, <493,9,1>, <494,9,1>, <496,9,1>, <505,9,1>, <510,9,2>, <511,9,1>, <512,9,1>, <516,9,1>, <518,9,1>, <523,9,1>, <524,9,1>, <526,9,2>, <530,9,1>, <536,9,1>, <537,9,1>, <538,9,1>, <539,9,1>, <541,9,1>, <551,9,1>, <554,9,1>, <559,9,1>, <568,9,1>, <569,9,1>, <573,9,1>, <581,9,1>, <584,9,1>, <586,9,1>, <587,9,1>, <594,9,1>, <598,9,1>, <601,9,1>, <604,9,1>, <605,9,1>, <606,9,1>, <609,9,1>, <610,9,1>, <611,9,1>, <614,9,2>, <617,9,2>, <618,9,1>, <653,9,1>, <673,9,1>, <674,9,1>, <677,9,1>, <678,9,1>, <683,9,1>, <684,9,1>, <689,9,1>, <692,9,1>, <705,9,1>, <706,9,1>, <711,9,1>, <719,9,1>, <731,9,1>, <739,9,1>, <748,9,1>, <749,9,1>, <756,9,1>, <761,9,1>, <762,9,1>, <765,9,1>, <769,9,2>, <770,9,1>, <773,9,1>, <785,9,1>, <790,9,1>, <795,9,1>, <796,9,1>, <799,9,1>, <800,9,1>, <810,9,1>, <819,9,1>, <820,9,1>, <824,9,1>, <837,9,1>, <839,9,1>, <845,9,2>, <851,9,1>, <852,9,1>, <854,9,1>, <856,9,1>, <859,9,1>, <861,9,1>, <875,9,1>, <899,9,1>, <905,9,1>, <911,9,1>, <912,9,1>, <918,9,1>, <925,9,1>, <927,9,1>, <934,9,1>, <943,9,1>, <948,9,1>, <968,9,1>, <969,9,1>, <976,9,1>, <978,9,1>, <985,9,1>, <989,9,1> };

MaxCacheStorageAtSingleAS= [ 0  0  0  0  1312.5  1312.5  1312.5  1312.5  1312.5  0 ] ;

MaxCacheStorage = 6562.5 ;
SolutionGap = 0.01 ;
