
ASes= { 1, 2, 3, 4, 5, 6, 7, 8, 9, 10 } ;


Objects= { 1, 2, 3, 4, 5, 6, 7, 8, 9, 10, 11, 12, 13, 14, 15, 16, 17, 18, 19, 20, 21, 22, 23, 24, 25, 26, 27, 28, 29, 30, 31, 32, 33, 34, 35, 36, 37, 38, 39, 40, 41, 42, 43, 44, 45, 46, 47, 48, 49, 50, 51, 52, 53, 54, 55, 56, 57, 58, 59, 60, 61, 62, 63, 64, 65, 66, 67, 68, 69, 70, 71, 72, 73, 74, 75, 76, 77, 78, 79, 80, 81, 82, 83, 84, 85, 86, 87, 88, 89, 90, 91, 92, 93, 94, 95, 96, 97, 98, 99, 100, 101, 102, 103, 104, 105, 106, 107, 108, 109, 110, 111, 112, 113, 114, 115, 116, 117, 118, 119, 120, 121, 122, 123, 124, 125, 126, 127, 128, 129, 130, 131, 132, 133, 134, 135, 136, 137, 138, 139, 140, 141, 142, 143, 144, 145, 146, 147, 148, 149, 150, 151, 152, 153, 154, 155, 156, 157, 158, 159, 160, 161, 162, 163, 164, 165, 166, 167, 168, 169, 170, 171, 172, 173, 174, 175, 176, 177, 178, 179, 180, 181, 182, 183, 184, 185, 186, 187, 188, 189, 190, 191, 192, 193, 194, 195, 196, 197, 198, 199, 200, 201, 202, 203, 204, 205, 206, 207, 208, 209, 210, 211, 212, 213, 214, 215, 216, 217, 218, 219, 220, 221, 222, 223, 224, 225, 226, 227, 228, 229, 230, 231, 232, 233, 234, 235, 236, 237, 238, 239, 240, 241, 242, 243, 244, 245, 246, 247, 248, 249, 250, 251, 252, 253, 254, 255, 256, 257, 258, 259, 260, 261, 262, 263, 264, 265, 266, 267, 268, 269, 270, 271, 272, 273, 274, 275, 276, 277, 278, 279, 280, 281, 282, 283, 284, 285, 286, 287, 288, 289, 290, 291, 292, 293, 294, 295, 296, 297, 298, 299, 300, 301, 302, 303, 304, 305, 306, 307, 308, 309, 310, 311, 312, 313, 314, 315, 316, 317, 318, 319, 320, 321, 322, 323, 324, 325, 326, 327, 328, 329, 330, 331, 332, 333, 334, 335, 336, 337, 338, 339, 340, 341, 342, 343, 344, 345, 346, 347, 348, 349, 350, 351, 352, 353, 354, 355, 356, 357, 358, 359, 360, 361, 362, 363, 364, 365, 366, 367, 368, 369, 370, 371, 372, 373, 374, 375, 376, 377, 378, 379, 380, 381, 382, 383, 384, 385, 386, 387, 388, 389, 390, 391, 392, 393, 394, 395, 396, 397, 398, 399, 400, 401, 402, 403, 404, 405, 406, 407, 408, 409, 410, 411, 412, 413, 414, 415, 416, 417, 418, 419, 420, 421, 422, 423, 424, 425, 426, 427, 428, 429, 430, 431, 432, 433, 434, 435, 436, 437, 438, 439, 440, 441, 442, 443, 444, 445, 446, 447, 448, 449, 450, 451, 452, 453, 454, 455, 456, 457, 458, 459, 460, 461, 462, 463, 464, 465, 466, 467, 468, 469, 470, 471, 472, 473, 474, 475, 476, 477, 478, 479, 480, 481, 482, 483, 484, 485, 486, 487, 488, 489, 490, 491, 492, 493, 494, 495, 496, 497, 498, 499, 500, 501, 502, 503, 504, 505, 506, 507, 508, 509, 510, 511, 512, 513, 514, 515, 516, 517, 518, 519, 520, 521, 522, 523, 524, 525, 526, 527, 528, 529, 530, 531, 532, 533, 534, 535, 536, 537, 538, 539, 540, 541, 542, 543, 544, 545, 546, 547, 548, 549, 550, 551, 552, 553, 554, 555, 556, 557, 558, 559, 560, 561, 562, 563, 564, 565, 566, 567, 568, 569, 570, 571, 572, 573, 574, 575, 576, 577, 578, 579, 580, 581, 582, 583, 584, 585, 586, 587, 588, 589, 590, 591, 592, 593, 594, 595, 596, 597, 598, 599, 600, 601, 602, 603, 604, 605, 606, 607, 608, 609, 610, 611, 612, 613, 614, 615, 616, 617, 618, 619, 620, 621, 622, 623, 624, 625, 626, 627, 628, 629, 630, 631, 632, 633, 634, 635, 636, 637, 638, 639, 640, 641, 642, 643, 644, 645, 646, 647, 648, 649, 650, 651, 652, 653, 654, 655, 656, 657, 658, 659, 660, 661, 662, 663, 664, 665, 666, 667, 668, 669, 670, 671, 672, 673, 674, 675, 676, 677, 678, 679, 680, 681, 682, 683, 684, 685, 686, 687, 688, 689, 690, 691, 692, 693, 694, 695, 696, 697, 698, 699, 700, 701, 702, 703, 704, 705, 706, 707, 708, 709, 710, 711, 712, 713, 714, 715, 716, 717, 718, 719, 720, 721, 722, 723, 724, 725, 726, 727, 728, 729, 730, 731, 732, 733, 734, 735, 736, 737, 738, 739, 740, 741, 742, 743, 744, 745, 746, 747, 748, 749, 750, 751, 752, 753, 754, 755, 756, 757, 758, 759, 760, 761, 762, 763, 764, 765, 766, 767, 768, 769, 770, 771, 772, 773, 774, 775, 776, 777, 778, 779, 780, 781, 782, 783, 784, 785, 786, 787, 788, 789, 790, 791, 792, 793, 794, 795, 796, 797, 798, 799, 800, 801, 802, 803, 804, 805, 806, 807, 808, 809, 810, 811, 812, 813, 814, 815, 816, 817, 818, 819, 820, 821, 822, 823, 824, 825, 826, 827, 828, 829, 830, 831, 832, 833, 834, 835, 836, 837, 838, 839, 840, 841, 842, 843, 844, 845, 846, 847, 848, 849, 850, 851, 852, 853, 854, 855, 856, 857, 858, 859, 860, 861, 862, 863, 864, 865, 866, 867, 868, 869, 870, 871, 872, 873, 874, 875, 876, 877, 878, 879, 880, 881, 882, 883, 884, 885, 886, 887, 888, 889, 890, 891, 892, 893, 894, 895, 896, 897, 898, 899, 900, 901, 902, 903, 904, 905, 906, 907, 908, 909, 910, 911, 912, 913, 914, 915, 916, 917, 918, 919, 920, 921, 922, 923, 924, 925, 926, 927, 928, 929, 930, 931, 932, 933, 934, 935, 936, 937, 938, 939, 940, 941, 942, 943, 944, 945, 946, 947, 948, 949, 950, 951, 952, 953, 954, 955, 956, 957, 958, 959, 960, 961, 962, 963, 964, 965, 966, 967, 968, 969, 970, 971, 972, 973, 974, 975, 976, 977, 978, 979, 980, 981, 982, 983, 984, 985, 986, 987, 988, 989, 990, 991, 992, 993, 994, 995, 996, 997, 998, 999, 1000 } ;


QualityLevels= { 0, 1, 2, 3, 4, 5 } ;

Arcs = { <1,2,490000>, <2,1,490000>,<2,3,490000>, <3,2,490000>,<2,4,490000>, <4,2,490000>,<4,5,490000>, <5,4,490000>,<2,6,490000>, <6,2,490000>,<3,7,490000>, <7,3,490000>,<6,8,490000>, <8,6,490000>,<3,9,490000>, <9,3,490000>,<2,10,490000>, <10,2,490000> }; 


RatePerQuality= [ 0  300  700  1500  2500  3500 ] ;


CacheSpacePerQuality= [ 10000  11.25  26.25  56.25  93.75  131.25 ] ;


UtilityPerQuality= [ 0  0.66874  0.795271  0.880112  0.945742  1 ] ;


ObjectsPublishedByProducers=[ [ 0  0  0  0  0  0  0  0  0  0 ]  [ 0  0  0  0  0  0  0  0  0  0 ]  [ 0  0  0  0  0  0  0  0  0  0 ]  [ 0  0  0  0  0  0  0  0  0  0 ]  [ 0  0  0  0  0  0  0  0  0  0 ]  [ 0  0  0  0  0  0  0  0  0  0 ]  [ 0  0  0  0  0  0  0  0  0  0 ]  [ 0  0  0  0  0  0  0  0  0  0 ]  [ 0  0  0  0  0  0  0  0  0  0 ]  [ 0  0  0  0  0  0  0  0  0  0 ]  [ 0  0  0  0  0  0  0  0  0  0 ]  [ 0  0  0  0  0  0  0  0  0  0 ]  [ 0  0  0  0  0  0  0  0  0  0 ]  [ 0  0  0  0  0  0  0  0  0  0 ]  [ 0  0  0  0  0  0  0  0  0  0 ]  [ 0  0  0  0  0  0  0  0  0  0 ]  [ 0  0  0  0  0  0  0  0  0  0 ]  [ 0  0  0  0  0  0  0  0  0  0 ]  [ 0  0  0  0  0  0  0  0  0  0 ]  [ 0  0  0  0  0  0  0  0  0  0 ]  [ 0  0  0  0  0  0  0  0  0  0 ]  [ 0  0  0  0  0  0  0  0  0  0 ]  [ 0  0  0  0  0  0  0  0  0  0 ]  [ 0  0  0  0  0  0  0  0  0  0 ]  [ 0  0  0  0  0  0  0  0  0  0 ]  [ 0  0  0  0  0  0  0  0  0  0 ]  [ 0  0  0  0  0  0  0  0  0  0 ]  [ 0  0  0  0  0  0  0  0  0  0 ]  [ 0  0  0  0  0  0  0  0  0  0 ]  [ 0  0  0  0  0  0  0  0  0  0 ]  [ 0  0  0  0  0  0  0  0  0  0 ]  [ 0  0  0  0  0  0  0  0  0  0 ]  [ 0  0  0  0  0  0  0  0  0  0 ]  [ 0  0  0  0  0  0  0  0  0  0 ]  [ 0  0  0  0  0  0  0  0  0  0 ]  [ 0  0  0  0  0  0  0  0  0  0 ]  [ 0  0  0  0  0  0  0  0  0  0 ]  [ 0  0  0  0  0  0  0  0  0  0 ]  [ 0  0  0  0  0  0  0  0  0  0 ]  [ 0  0  0  0  0  0  0  0  0  0 ]  [ 0  0  0  0  0  0  0  0  0  0 ]  [ 0  0  0  0  0  0  0  0  0  0 ]  [ 0  0  0  0  0  0  0  0  0  0 ]  [ 0  0  0  0  0  0  0  0  0  0 ]  [ 0  0  0  0  0  0  0  0  0  0 ]  [ 0  0  0  0  0  0  0  0  0  0 ]  [ 0  0  0  0  0  0  0  0  0  0 ]  [ 0  0  0  0  0  0  0  0  0  0 ]  [ 0  0  0  0  0  0  0  0  0  0 ]  [ 0  0  0  0  0  0  0  0  0  0 ]  [ 0  0  0  0  0  0  0  0  0  0 ]  [ 0  0  0  0  0  0  0  0  0  0 ]  [ 0  0  0  0  0  0  0  0  0  0 ]  [ 0  0  0  0  0  0  0  0  0  0 ]  [ 0  0  0  0  0  0  0  0  0  0 ]  [ 0  0  0  0  0  0  0  0  0  0 ]  [ 0  0  0  0  0  0  0  0  0  0 ]  [ 0  0  0  0  0  0  0  0  0  0 ]  [ 0  0  0  0  0  0  0  0  0  0 ]  [ 0  0  0  0  0  0  0  0  0  0 ]  [ 0  0  0  0  0  0  0  0  0  0 ]  [ 0  0  0  0  0  0  0  0  0  0 ]  [ 0  0  0  0  0  0  0  0  0  0 ]  [ 0  0  0  0  0  0  0  0  0  0 ]  [ 0  0  0  0  0  0  0  0  0  0 ]  [ 0  0  0  0  0  0  0  0  0  0 ]  [ 0  0  0  0  0  0  0  0  0  0 ]  [ 0  0  0  0  0  0  0  0  0  0 ]  [ 0  0  0  0  0  0  0  0  0  0 ]  [ 0  0  0  0  0  0  0  0  0  0 ]  [ 0  0  0  0  0  0  0  0  0  0 ]  [ 0  0  0  0  0  0  0  0  0  0 ]  [ 0  0  0  0  0  0  0  0  0  0 ]  [ 0  0  0  0  0  0  0  0  0  0 ]  [ 0  0  0  0  0  0  0  0  0  0 ]  [ 0  0  0  0  0  0  0  0  0  0 ]  [ 0  0  0  0  0  0  0  0  0  0 ]  [ 0  0  0  0  0  0  0  0  0  0 ]  [ 0  0  0  0  0  0  0  0  0  0 ]  [ 0  0  0  0  0  0  0  0  0  0 ]  [ 0  0  0  0  0  0  0  0  0  0 ]  [ 0  0  0  0  0  0  0  0  0  0 ]  [ 0  0  0  0  0  0  0  0  0  0 ]  [ 0  0  0  0  0  0  0  0  0  0 ]  [ 0  0  0  0  0  0  0  0  0  0 ]  [ 0  0  0  0  0  0  0  0  0  0 ]  [ 0  0  0  0  0  0  0  0  0  0 ]  [ 0  0  0  0  0  0  0  0  0  0 ]  [ 0  0  0  0  0  0  0  0  0  0 ]  [ 0  0  0  0  0  0  0  0  0  0 ]  [ 0  0  0  0  0  0  0  0  0  0 ]  [ 0  0  0  0  0  0  0  0  0  0 ]  [ 0  0  0  0  0  0  0  0  0  0 ]  [ 0  0  0  0  0  0  0  0  0  0 ]  [ 0  0  0  0  0  0  0  0  0  0 ]  [ 0  0  0  0  0  0  0  0  0  0 ]  [ 0  0  0  0  0  0  0  0  0  0 ]  [ 0  0  0  0  0  0  0  0  0  0 ]  [ 0  0  0  0  0  0  0  0  0  0 ]  [ 0  0  0  0  0  0  0  0  0  0 ]  [ 0  0  0  0  0  0  0  0  0  0 ]  [ 0  0  0  0  0  0  0  0  0  0 ]  [ 0  0  0  0  0  0  0  0  0  0 ]  [ 0  0  0  0  0  0  0  0  0  0 ]  [ 0  0  0  0  0  0  0  0  0  0 ]  [ 0  0  0  0  0  0  0  0  0  0 ]  [ 0  0  0  0  0  0  0  0  0  0 ]  [ 0  0  0  0  0  0  0  0  0  0 ]  [ 0  0  0  0  0  0  0  0  0  0 ]  [ 0  0  0  0  0  0  0  0  0  0 ]  [ 0  0  0  0  0  0  0  0  0  0 ]  [ 0  0  0  0  0  0  0  0  0  0 ]  [ 0  0  0  0  0  0  0  0  0  0 ]  [ 0  0  0  0  0  0  0  0  0  0 ]  [ 0  0  0  0  0  0  0  0  0  0 ]  [ 0  0  0  0  0  0  0  0  0  0 ]  [ 0  0  0  0  0  0  0  0  0  0 ]  [ 0  0  0  0  0  0  0  0  0  0 ]  [ 0  0  0  0  0  0  0  0  0  0 ]  [ 0  0  0  0  0  0  0  0  0  0 ]  [ 0  0  0  0  0  0  0  0  0  0 ]  [ 0  0  0  0  0  0  0  0  0  0 ]  [ 0  0  0  0  0  0  0  0  0  0 ]  [ 0  0  0  0  0  0  0  0  0  0 ]  [ 0  0  0  0  0  0  0  0  0  0 ]  [ 0  0  0  0  0  0  0  0  0  0 ]  [ 0  0  0  0  0  0  0  0  0  0 ]  [ 0  0  0  0  0  0  0  0  0  0 ]  [ 0  0  0  0  0  0  0  0  0  0 ]  [ 0  0  0  0  0  0  0  0  0  0 ]  [ 0  0  0  0  0  0  0  0  0  0 ]  [ 0  0  0  0  0  0  0  0  0  0 ]  [ 0  0  0  0  0  0  0  0  0  0 ]  [ 0  0  0  0  0  0  0  0  0  0 ]  [ 0  0  0  0  0  0  0  0  0  0 ]  [ 0  0  0  0  0  0  0  0  0  0 ]  [ 0  0  0  0  0  0  0  0  0  0 ]  [ 0  0  0  0  0  0  0  0  0  0 ]  [ 0  0  0  0  0  0  0  0  0  0 ]  [ 0  0  0  0  0  0  0  0  0  0 ]  [ 0  0  0  0  0  0  0  0  0  0 ]  [ 0  0  0  0  0  0  0  0  0  0 ]  [ 0  0  0  0  0  0  0  0  0  0 ]  [ 0  0  0  0  0  0  0  0  0  0 ]  [ 0  0  0  0  0  0  0  0  0  0 ]  [ 0  0  0  0  0  0  0  0  0  0 ]  [ 0  0  0  0  0  0  0  0  0  0 ]  [ 0  0  0  0  0  0  0  0  0  0 ]  [ 0  0  0  0  0  0  0  0  0  0 ]  [ 0  0  0  0  0  0  0  0  0  0 ]  [ 0  0  0  0  0  0  0  0  0  0 ]  [ 0  0  0  0  0  0  0  0  0  0 ]  [ 0  0  0  0  0  0  0  0  0  0 ]  [ 0  0  0  0  0  0  0  0  0  0 ]  [ 0  0  0  0  0  0  0  0  0  0 ]  [ 0  0  0  0  0  0  0  0  0  0 ]  [ 0  0  0  0  0  0  0  0  0  0 ]  [ 0  0  0  0  0  0  0  0  0  0 ]  [ 0  0  0  0  0  0  0  0  0  0 ]  [ 0  0  0  0  0  0  0  0  0  0 ]  [ 0  0  0  0  0  0  0  0  0  0 ]  [ 0  0  0  0  0  0  0  0  0  0 ]  [ 0  0  0  0  0  0  0  0  0  0 ]  [ 0  0  0  0  0  0  0  0  0  0 ]  [ 0  0  0  0  0  0  0  0  0  0 ]  [ 0  0  0  0  0  0  0  0  0  0 ]  [ 0  0  0  0  0  0  0  0  0  0 ]  [ 0  0  0  0  0  0  0  0  0  0 ]  [ 0  0  0  0  0  0  0  0  0  0 ]  [ 0  0  0  0  0  0  0  0  0  0 ]  [ 0  0  0  0  0  0  0  0  0  0 ]  [ 0  0  0  0  0  0  0  0  0  0 ]  [ 0  0  0  0  0  0  0  0  0  0 ]  [ 0  0  0  0  0  0  0  0  0  0 ]  [ 0  0  0  0  0  0  0  0  0  0 ]  [ 0  0  0  0  0  0  0  0  0  0 ]  [ 0  0  0  0  0  0  0  0  0  0 ]  [ 0  0  0  0  0  0  0  0  0  0 ]  [ 0  0  0  0  0  0  0  0  0  0 ]  [ 0  0  0  0  0  0  0  0  0  0 ]  [ 0  0  0  0  0  0  0  0  0  0 ]  [ 0  0  0  0  0  0  0  0  0  0 ]  [ 0  0  0  0  0  0  0  0  0  0 ]  [ 0  0  0  0  0  0  0  0  0  0 ]  [ 0  0  0  0  0  0  0  0  0  0 ]  [ 0  0  0  0  0  0  0  0  0  0 ]  [ 0  0  0  0  0  0  0  0  0  0 ]  [ 0  0  0  0  0  0  0  0  0  0 ]  [ 0  0  0  0  0  0  0  0  0  0 ]  [ 0  0  0  0  0  0  0  0  0  0 ]  [ 0  0  0  0  0  0  0  0  0  0 ]  [ 0  0  0  0  0  0  0  0  0  0 ]  [ 0  0  0  0  0  0  0  0  0  0 ]  [ 0  0  0  0  0  0  0  0  0  0 ]  [ 0  0  0  0  0  0  0  0  0  0 ]  [ 0  0  0  0  0  0  0  0  0  0 ]  [ 0  0  0  0  0  0  0  0  0  0 ]  [ 0  0  0  0  0  0  0  0  0  0 ]  [ 0  0  0  0  0  0  0  0  0  0 ]  [ 0  0  0  0  0  0  0  0  0  0 ]  [ 0  0  0  0  0  0  0  0  0  0 ]  [ 0  0  0  0  0  0  0  0  0  0 ]  [ 0  0  0  0  0  0  0  0  0  0 ]  [ 0  0  0  0  0  0  0  0  0  0 ]  [ 0  0  0  0  0  0  0  0  0  0 ]  [ 0  0  0  0  0  0  0  0  0  0 ]  [ 0  0  0  0  0  0  0  0  0  0 ]  [ 0  0  0  0  0  0  0  0  0  0 ]  [ 0  0  0  0  0  0  0  0  0  0 ]  [ 0  0  0  0  0  0  0  0  0  0 ]  [ 0  0  0  0  0  0  0  0  0  0 ]  [ 0  0  0  0  0  0  0  0  0  0 ]  [ 0  0  0  0  0  0  0  0  0  0 ]  [ 0  0  0  0  0  0  0  0  0  0 ]  [ 0  0  0  0  0  0  0  0  0  0 ]  [ 0  0  0  0  0  0  0  0  0  0 ]  [ 0  0  0  0  0  0  0  0  0  0 ]  [ 0  0  0  0  0  0  0  0  0  0 ]  [ 0  0  0  0  0  0  0  0  0  0 ]  [ 0  0  0  0  0  0  0  0  0  0 ]  [ 0  0  0  0  0  0  0  0  0  0 ]  [ 0  0  0  0  0  0  0  0  0  0 ]  [ 0  0  0  0  0  0  0  0  0  0 ]  [ 0  0  0  0  0  0  0  0  0  0 ]  [ 0  0  0  0  0  0  0  0  0  0 ]  [ 0  0  0  0  0  0  0  0  0  0 ]  [ 0  0  0  0  0  0  0  0  0  0 ]  [ 0  0  0  0  0  0  0  0  0  0 ]  [ 0  0  0  0  0  0  0  0  0  0 ]  [ 0  0  0  0  0  0  0  0  0  0 ]  [ 0  0  0  0  0  0  0  0  0  0 ]  [ 0  0  0  0  0  0  0  0  0  0 ]  [ 0  0  0  0  0  0  0  0  0  0 ]  [ 0  0  0  0  0  0  0  0  0  0 ]  [ 0  0  0  0  0  0  0  0  0  0 ]  [ 0  0  0  0  0  0  0  0  0  0 ]  [ 0  0  0  0  0  0  0  0  0  0 ]  [ 0  0  0  0  0  0  0  0  0  0 ]  [ 0  0  0  0  0  0  0  0  0  0 ]  [ 0  0  0  0  0  0  0  0  0  0 ]  [ 0  0  0  0  0  0  0  0  0  0 ]  [ 0  0  0  0  0  0  0  0  0  0 ]  [ 0  0  0  0  0  0  0  0  0  0 ]  [ 0  0  0  0  0  0  0  0  0  0 ]  [ 0  0  0  0  0  0  0  0  0  0 ]  [ 0  0  0  0  0  0  0  0  0  0 ]  [ 0  0  0  0  0  0  0  0  0  0 ]  [ 0  0  0  0  0  0  0  0  0  0 ]  [ 0  0  0  0  0  0  0  0  0  0 ]  [ 0  0  0  0  0  0  0  0  0  0 ]  [ 0  0  0  0  0  0  0  0  0  0 ]  [ 0  0  0  0  0  0  0  0  0  0 ]  [ 0  0  0  0  0  0  0  0  0  0 ]  [ 0  0  0  0  0  0  0  0  0  0 ]  [ 0  0  0  0  0  0  0  0  0  0 ]  [ 0  0  0  0  0  0  0  0  0  0 ]  [ 0  0  0  0  0  0  0  0  0  0 ]  [ 0  0  0  0  0  0  0  0  0  0 ]  [ 0  0  0  0  0  0  0  0  0  0 ]  [ 0  0  0  0  0  0  0  0  0  0 ]  [ 0  0  0  0  0  0  0  0  0  0 ]  [ 0  0  0  0  0  0  0  0  0  0 ]  [ 0  0  0  0  0  0  0  0  0  0 ]  [ 0  0  0  0  0  0  0  0  0  0 ]  [ 0  0  0  0  0  0  0  0  0  0 ]  [ 0  0  0  0  0  0  0  0  0  0 ]  [ 0  0  0  0  0  0  0  0  0  0 ]  [ 0  0  0  0  0  0  0  0  0  0 ]  [ 0  0  0  0  0  0  0  0  0  0 ]  [ 0  0  0  0  0  0  0  0  0  0 ]  [ 0  0  0  0  0  0  0  0  0  0 ]  [ 0  0  0  0  0  0  0  0  0  0 ]  [ 0  0  0  0  0  0  0  0  0  0 ]  [ 0  0  0  0  0  0  0  0  0  0 ]  [ 0  0  0  0  0  0  0  0  0  0 ]  [ 0  0  0  0  0  0  0  0  0  0 ]  [ 0  0  0  0  0  0  0  0  0  0 ]  [ 0  0  0  0  0  0  0  0  0  0 ]  [ 0  0  0  0  0  0  0  0  0  0 ]  [ 0  0  0  0  0  0  0  0  0  0 ]  [ 0  0  0  0  0  0  0  0  0  0 ]  [ 0  0  0  0  0  0  0  0  0  0 ]  [ 0  0  0  0  0  0  0  0  0  0 ]  [ 0  0  0  0  0  0  0  0  0  0 ]  [ 0  0  0  0  0  0  0  0  0  0 ]  [ 0  0  0  0  0  0  0  0  0  0 ]  [ 0  0  0  0  0  0  0  0  0  0 ]  [ 0  0  0  0  0  0  0  0  0  0 ]  [ 0  0  0  0  0  0  0  0  0  0 ]  [ 0  0  0  0  0  0  0  0  0  0 ]  [ 0  0  0  0  0  0  0  0  0  0 ]  [ 0  0  0  0  0  0  0  0  0  0 ]  [ 0  0  0  0  0  0  0  0  0  0 ]  [ 0  0  0  0  0  0  0  0  0  0 ]  [ 0  0  0  0  0  0  0  0  0  0 ]  [ 0  0  0  0  0  0  0  0  0  0 ]  [ 0  0  0  0  0  0  0  0  0  0 ]  [ 0  0  0  0  0  0  0  0  0  0 ]  [ 0  0  0  0  0  0  0  0  0  0 ]  [ 0  0  0  0  0  0  0  0  0  0 ]  [ 0  0  0  0  0  0  0  0  0  0 ]  [ 0  0  0  0  0  0  0  0  0  0 ]  [ 0  0  0  0  0  0  0  0  0  0 ]  [ 0  0  0  0  0  0  0  0  0  0 ]  [ 0  0  0  0  0  0  0  0  0  0 ]  [ 0  0  0  0  0  0  0  0  0  0 ]  [ 0  0  0  0  0  0  0  0  0  0 ]  [ 0  0  0  0  0  0  0  0  0  0 ]  [ 0  0  0  0  0  0  0  0  0  0 ]  [ 0  0  0  0  0  0  0  0  0  0 ]  [ 0  0  0  0  0  0  0  0  0  0 ]  [ 0  0  0  0  0  0  0  0  0  0 ]  [ 0  0  0  0  0  0  0  0  0  0 ]  [ 0  0  0  0  0  0  0  0  0  0 ]  [ 0  0  0  0  0  0  0  0  0  0 ]  [ 0  0  0  0  0  0  0  0  0  0 ]  [ 0  0  0  0  0  0  0  0  0  0 ]  [ 0  0  0  0  0  0  0  0  0  0 ]  [ 0  0  0  0  0  0  0  0  0  0 ]  [ 0  0  0  0  0  0  0  0  0  0 ]  [ 0  0  0  0  0  0  0  0  0  0 ]  [ 0  0  0  0  0  0  0  0  0  0 ]  [ 0  0  0  0  0  0  0  0  0  0 ]  [ 0  0  0  0  0  0  0  0  0  0 ]  [ 0  0  0  0  0  0  0  0  0  0 ]  [ 0  0  0  0  0  0  0  0  0  0 ]  [ 0  0  0  0  0  0  0  0  0  0 ]  [ 0  0  0  0  0  0  0  0  0  0 ]  [ 0  0  0  0  0  0  0  0  0  0 ]  [ 0  0  0  0  0  0  0  0  0  0 ]  [ 0  0  0  0  0  0  0  0  0  0 ]  [ 0  0  0  0  0  0  0  0  0  0 ]  [ 0  0  0  0  0  0  0  0  0  0 ]  [ 0  0  0  0  0  0  0  0  0  0 ]  [ 0  0  0  0  0  0  0  0  0  0 ]  [ 0  0  0  0  0  0  0  0  0  0 ]  [ 0  0  0  0  0  0  0  0  0  0 ]  [ 0  0  0  0  0  0  0  0  0  0 ]  [ 0  0  0  0  0  0  0  0  0  0 ]  [ 0  0  0  0  0  0  0  0  0  0 ]  [ 0  0  0  0  0  0  0  0  0  0 ]  [ 0  0  0  0  0  0  0  0  0  0 ]  [ 0  0  0  0  0  0  0  0  0  0 ]  [ 0  0  0  0  0  0  0  0  0  0 ]  [ 0  0  0  0  0  0  0  0  0  0 ]  [ 0  0  0  0  0  0  0  0  0  0 ]  [ 0  0  0  0  0  0  0  0  0  0 ]  [ 0  0  0  0  0  0  0  0  0  0 ]  [ 0  0  0  0  0  0  0  0  0  0 ]  [ 0  0  0  0  0  0  0  0  0  0 ]  [ 0  0  0  0  0  0  0  0  0  0 ]  [ 0  0  0  0  0  0  0  0  0  0 ]  [ 0  0  0  0  0  0  0  0  0  0 ]  [ 0  0  0  0  0  0  0  0  0  0 ]  [ 0  0  0  0  0  0  0  0  0  0 ]  [ 0  0  0  0  0  0  0  0  0  0 ]  [ 0  0  0  0  0  0  0  0  0  0 ]  [ 0  0  0  0  0  0  0  0  0  0 ]  [ 0  0  0  0  0  0  0  0  0  0 ]  [ 0  0  0  0  0  0  0  0  0  0 ]  [ 0  0  0  0  0  0  0  0  0  0 ]  [ 0  0  0  0  0  0  0  0  0  0 ]  [ 0  0  0  0  0  0  0  0  0  0 ]  [ 0  0  0  0  0  0  0  0  0  0 ]  [ 0  0  0  0  0  0  0  0  0  0 ]  [ 0  0  0  0  0  0  0  0  0  0 ]  [ 0  0  0  0  0  0  0  0  0  0 ]  [ 0  0  0  0  0  0  0  0  0  0 ]  [ 0  0  0  0  0  0  0  0  0  0 ]  [ 0  0  0  0  0  0  0  0  0  0 ]  [ 0  0  0  0  0  0  0  0  0  0 ]  [ 0  0  0  0  0  0  0  0  0  0 ]  [ 0  0  0  0  0  0  0  0  0  0 ]  [ 0  0  0  0  0  0  0  0  0  0 ]  [ 0  0  0  0  0  0  0  0  0  0 ]  [ 0  0  0  0  0  0  0  0  0  0 ]  [ 0  0  0  0  0  0  0  0  0  0 ]  [ 0  0  0  0  0  0  0  0  0  0 ]  [ 0  0  0  0  0  0  0  0  0  0 ]  [ 0  0  0  0  0  0  0  0  0  0 ]  [ 0  0  0  0  0  0  0  0  0  0 ]  [ 0  0  0  0  0  0  0  0  0  0 ]  [ 0  0  0  0  0  0  0  0  0  0 ]  [ 0  0  0  0  0  0  0  0  0  0 ]  [ 0  0  0  0  0  0  0  0  0  0 ]  [ 0  0  0  0  0  0  0  0  0  0 ]  [ 0  0  0  0  0  0  0  0  0  0 ]  [ 0  0  0  0  0  0  0  0  0  0 ]  [ 0  0  0  0  0  0  0  0  0  0 ]  [ 0  0  0  0  0  0  0  0  0  0 ]  [ 0  0  0  0  0  0  0  0  0  0 ]  [ 0  0  0  0  0  0  0  0  0  0 ]  [ 0  0  0  0  0  0  0  0  0  0 ]  [ 0  0  0  0  0  0  0  0  0  0 ]  [ 0  0  0  0  0  0  0  0  0  0 ]  [ 0  0  0  0  0  0  0  0  0  0 ]  [ 0  0  0  0  0  0  0  0  0  0 ]  [ 0  0  0  0  0  0  0  0  0  0 ]  [ 0  0  0  0  0  0  0  0  0  0 ]  [ 0  0  0  0  0  0  0  0  0  0 ]  [ 0  0  0  0  0  0  0  0  0  0 ]  [ 0  0  0  0  0  0  0  0  0  0 ]  [ 0  0  0  0  0  0  0  0  0  0 ]  [ 0  0  0  0  0  0  0  0  0  0 ]  [ 0  0  0  0  0  0  0  0  0  0 ]  [ 0  0  0  0  0  0  0  0  0  0 ]  [ 0  0  0  0  0  0  0  0  0  0 ]  [ 0  0  0  0  0  0  0  0  0  0 ]  [ 0  0  0  0  0  0  0  0  0  0 ]  [ 0  0  0  0  0  0  0  0  0  0 ]  [ 0  0  0  0  0  0  0  0  0  0 ]  [ 0  0  0  0  0  0  0  0  0  0 ]  [ 0  0  0  0  0  0  0  0  0  0 ]  [ 0  0  0  0  0  0  0  0  0  0 ]  [ 0  0  0  0  0  0  0  0  0  0 ]  [ 0  0  0  0  0  0  0  0  0  0 ]  [ 0  0  0  0  0  0  0  0  0  0 ]  [ 0  0  0  0  0  0  0  0  0  0 ]  [ 0  0  0  0  0  0  0  0  0  0 ]  [ 0  0  0  0  0  0  0  0  0  0 ]  [ 0  0  0  0  0  0  0  0  0  0 ]  [ 0  0  0  0  0  0  0  0  0  0 ]  [ 0  0  0  0  0  0  0  0  0  0 ]  [ 0  0  0  0  0  0  0  0  0  0 ]  [ 0  0  0  0  0  0  0  0  0  0 ]  [ 0  0  0  0  0  0  0  0  0  0 ]  [ 0  0  0  0  0  0  0  0  0  0 ]  [ 0  0  0  0  0  0  0  0  0  0 ]  [ 0  0  0  0  0  0  0  0  0  0 ]  [ 0  0  0  0  0  0  0  0  0  0 ]  [ 0  0  0  0  0  0  0  0  0  0 ]  [ 0  0  0  0  0  0  0  0  0  0 ]  [ 0  0  0  0  0  0  0  0  0  0 ]  [ 0  0  0  0  0  0  0  0  0  0 ]  [ 0  0  0  0  0  0  0  0  0  0 ]  [ 0  0  0  0  0  0  0  0  0  0 ]  [ 0  0  0  0  0  0  0  0  0  0 ]  [ 0  0  0  0  0  0  0  0  0  0 ]  [ 0  0  0  0  0  0  0  0  0  0 ]  [ 0  0  0  0  0  0  0  0  0  0 ]  [ 0  0  0  0  0  0  0  0  0  0 ]  [ 0  0  0  0  0  0  0  0  0  0 ]  [ 0  0  0  0  0  0  0  0  0  0 ]  [ 0  0  0  0  0  0  0  0  0  0 ]  [ 0  0  0  0  0  0  0  0  0  0 ]  [ 0  0  0  0  0  0  0  0  0  0 ]  [ 0  0  0  0  0  0  0  0  0  0 ]  [ 0  0  0  0  0  0  0  0  0  0 ]  [ 0  0  0  0  0  0  0  0  0  0 ]  [ 0  0  0  0  0  0  0  0  0  0 ]  [ 0  0  0  0  0  0  0  0  0  0 ]  [ 0  0  0  0  0  0  0  0  0  0 ]  [ 0  0  0  0  0  0  0  0  0  0 ]  [ 0  0  0  0  0  0  0  0  0  0 ]  [ 0  0  0  0  0  0  0  0  0  0 ]  [ 0  0  0  0  0  0  0  0  0  0 ]  [ 0  0  0  0  0  0  0  0  0  0 ]  [ 0  0  0  0  0  0  0  0  0  0 ]  [ 0  0  0  0  0  0  0  0  0  0 ]  [ 0  0  0  0  0  0  0  0  0  0 ]  [ 0  0  0  0  0  0  0  0  0  0 ]  [ 0  0  0  0  0  0  0  0  0  0 ]  [ 0  0  0  0  0  0  0  0  0  0 ]  [ 0  0  0  0  0  0  0  0  0  0 ]  [ 0  0  0  0  0  0  0  0  0  0 ]  [ 0  0  0  0  0  0  0  0  0  0 ]  [ 0  0  0  0  0  0  0  0  0  0 ]  [ 0  0  0  0  0  0  0  0  0  0 ]  [ 0  0  0  0  0  0  0  0  0  0 ]  [ 0  0  0  0  0  0  0  0  0  0 ]  [ 0  0  0  0  0  0  0  0  0  0 ]  [ 0  0  0  0  0  0  0  0  0  0 ]  [ 0  0  0  0  0  0  0  0  0  0 ]  [ 0  0  0  0  0  0  0  0  0  0 ]  [ 0  0  0  0  0  0  0  0  0  0 ]  [ 0  0  0  0  0  0  0  0  0  0 ]  [ 0  0  0  0  0  0  0  0  0  0 ]  [ 0  0  0  0  0  0  0  0  0  0 ]  [ 0  0  0  0  0  0  0  0  0  0 ]  [ 0  0  0  0  0  0  0  0  0  0 ]  [ 0  0  0  0  0  0  0  0  0  0 ]  [ 0  0  0  0  0  0  0  0  0  0 ]  [ 0  0  0  0  0  0  0  0  0  0 ]  [ 0  0  0  0  0  0  0  0  0  0 ]  [ 0  0  0  0  0  0  0  0  0  0 ]  [ 0  0  0  0  0  0  0  0  0  0 ]  [ 0  0  0  0  0  0  0  0  0  0 ]  [ 0  0  0  0  0  0  0  0  0  0 ]  [ 0  0  0  0  0  0  0  0  0  0 ]  [ 0  0  0  0  0  0  0  0  0  0 ]  [ 0  0  0  0  0  0  0  0  0  0 ]  [ 0  0  0  0  0  0  0  0  0  0 ]  [ 0  0  0  0  0  0  0  0  0  0 ]  [ 0  0  0  0  0  0  0  0  0  0 ]  [ 0  0  0  0  0  0  0  0  0  0 ]  [ 0  0  0  0  0  0  0  0  0  0 ]  [ 0  0  0  0  0  0  0  0  0  0 ]  [ 0  0  0  0  0  0  0  0  0  0 ]  [ 0  0  0  0  0  0  0  0  0  0 ]  [ 0  0  0  0  0  0  0  0  0  0 ]  [ 0  0  0  0  0  0  0  0  0  0 ]  [ 0  0  0  0  0  0  0  0  0  0 ]  [ 0  0  0  0  0  0  0  0  0  0 ]  [ 0  0  0  0  0  0  0  0  0  0 ]  [ 0  0  0  0  0  0  0  0  0  0 ]  [ 0  0  0  0  0  0  0  0  0  0 ]  [ 0  0  0  0  0  0  0  0  0  0 ]  [ 0  0  0  0  0  0  0  0  0  0 ]  [ 0  0  0  0  0  0  0  0  0  0 ]  [ 0  0  0  0  0  0  0  0  0  0 ]  [ 0  0  0  0  0  0  0  0  0  0 ]  [ 0  0  0  0  0  0  0  0  0  0 ]  [ 0  0  0  0  0  0  0  0  0  0 ]  [ 0  0  0  0  0  0  0  0  0  0 ]  [ 0  0  0  0  0  0  0  0  0  0 ]  [ 0  0  0  0  0  0  0  0  0  0 ]  [ 0  0  0  0  0  0  0  0  0  0 ]  [ 0  0  0  0  0  0  0  0  0  0 ]  [ 0  0  0  0  0  0  0  0  0  0 ]  [ 0  0  0  0  0  0  0  0  0  0 ]  [ 0  0  0  0  0  0  0  0  0  0 ]  [ 0  0  0  0  0  0  0  0  0  0 ]  [ 0  0  0  0  0  0  0  0  0  0 ]  [ 0  0  0  0  0  0  0  0  0  0 ]  [ 0  0  0  0  0  0  0  0  0  0 ]  [ 0  0  0  0  0  0  0  0  0  0 ]  [ 0  0  0  0  0  0  0  0  0  0 ]  [ 0  0  0  0  0  0  0  0  0  0 ]  [ 0  0  0  0  0  0  0  0  0  0 ]  [ 0  0  0  0  0  0  0  0  0  0 ]  [ 0  0  0  0  0  0  0  0  0  0 ]  [ 0  0  0  0  0  0  0  0  0  0 ]  [ 0  0  0  0  0  0  0  0  0  0 ]  [ 0  0  0  0  0  0  0  0  0  0 ]  [ 0  0  0  0  0  0  0  0  0  0 ]  [ 0  0  0  0  0  0  0  0  0  0 ]  [ 0  0  0  0  0  0  0  0  0  0 ]  [ 0  0  0  0  0  0  0  0  0  0 ]  [ 0  0  0  0  0  0  0  0  0  0 ]  [ 0  0  0  0  0  0  0  0  0  0 ]  [ 0  0  0  0  0  0  0  0  0  0 ]  [ 0  0  0  0  0  0  0  0  0  0 ]  [ 0  0  0  0  0  0  0  0  0  0 ]  [ 0  0  0  0  0  0  0  0  0  0 ]  [ 0  0  0  0  0  0  0  0  0  0 ]  [ 0  0  0  0  0  0  0  0  0  0 ]  [ 0  0  0  0  0  0  0  0  0  0 ]  [ 0  0  0  0  0  0  0  0  0  0 ]  [ 0  0  0  0  0  0  0  0  0  0 ]  [ 0  0  0  0  0  0  0  0  0  0 ]  [ 0  0  0  0  0  0  0  0  0  0 ]  [ 0  0  0  0  0  0  0  0  0  0 ]  [ 0  0  0  0  0  0  0  0  0  0 ]  [ 0  0  0  0  0  0  0  0  0  0 ]  [ 0  0  0  0  0  0  0  0  0  0 ]  [ 0  0  0  0  0  0  0  0  0  0 ]  [ 0  0  0  0  0  0  0  0  0  0 ]  [ 0  0  0  0  0  0  0  0  0  0 ]  [ 0  0  0  0  0  0  0  0  0  0 ]  [ 0  0  0  0  0  0  0  0  0  0 ]  [ 0  0  0  0  0  0  0  0  0  0 ]  [ 0  0  0  0  0  0  0  0  0  0 ]  [ 0  0  0  0  0  0  0  0  0  0 ]  [ 0  0  0  0  0  0  0  0  0  0 ]  [ 0  0  0  0  0  0  0  0  0  0 ]  [ 0  0  0  0  0  0  0  0  0  0 ]  [ 0  0  0  0  0  0  0  0  0  0 ]  [ 0  0  0  0  0  0  0  0  0  0 ]  [ 0  0  0  0  0  0  0  0  0  0 ]  [ 0  0  0  0  0  0  0  0  0  0 ]  [ 0  0  0  0  0  0  0  0  0  0 ]  [ 0  0  0  0  0  0  0  0  0  0 ]  [ 0  0  0  0  0  0  0  0  0  0 ]  [ 0  0  0  0  0  0  0  0  0  0 ]  [ 0  0  0  0  0  0  0  0  0  0 ]  [ 0  0  0  0  0  0  0  0  0  0 ]  [ 0  0  0  0  0  0  0  0  0  0 ]  [ 0  0  0  0  0  0  0  0  0  0 ]  [ 0  0  0  0  0  0  0  0  0  0 ]  [ 0  0  0  0  0  0  0  0  0  0 ]  [ 0  0  0  0  0  0  0  0  0  0 ]  [ 0  0  0  0  0  0  0  0  0  0 ]  [ 0  0  0  0  0  0  0  0  0  0 ]  [ 0  0  0  0  0  0  0  0  0  0 ]  [ 0  0  0  0  0  0  0  0  0  0 ]  [ 0  0  0  0  0  0  0  0  0  0 ]  [ 0  0  0  0  0  0  0  0  0  0 ]  [ 0  0  0  0  0  0  0  0  0  0 ]  [ 0  0  0  0  0  0  0  0  0  0 ]  [ 0  0  0  0  0  0  0  0  0  0 ]  [ 0  0  0  0  0  0  0  0  0  0 ]  [ 0  0  0  0  0  0  0  0  0  0 ]  [ 0  0  0  0  0  0  0  0  0  0 ]  [ 0  0  0  0  0  0  0  0  0  0 ]  [ 0  0  0  0  0  0  0  0  0  0 ]  [ 0  0  0  0  0  0  0  0  0  0 ]  [ 0  0  0  0  0  0  0  0  0  0 ]  [ 0  0  0  0  0  0  0  0  0  0 ]  [ 0  0  0  0  0  0  0  0  0  0 ]  [ 0  0  0  0  0  0  0  0  0  0 ]  [ 0  0  0  0  0  0  0  0  0  0 ]  [ 0  0  0  0  0  0  0  0  0  0 ]  [ 0  0  0  0  0  0  0  0  0  0 ]  [ 0  0  0  0  0  0  0  0  0  0 ]  [ 0  0  0  0  0  0  0  0  0  0 ]  [ 0  0  0  0  0  0  0  0  0  0 ]  [ 0  0  0  0  0  0  0  0  0  0 ]  [ 0  0  0  0  0  0  0  0  0  0 ]  [ 0  0  0  0  0  0  0  0  0  0 ]  [ 0  0  0  0  0  0  0  0  0  0 ]  [ 0  0  0  0  0  0  0  0  0  0 ]  [ 0  0  0  0  0  0  0  0  0  0 ]  [ 0  0  0  0  0  0  0  0  0  0 ]  [ 0  0  0  0  0  0  0  0  0  0 ]  [ 0  0  0  0  0  0  0  0  0  0 ]  [ 0  0  0  0  0  0  0  0  0  0 ]  [ 0  0  0  0  0  0  0  0  0  0 ]  [ 0  0  0  0  0  0  0  0  0  0 ]  [ 0  0  0  0  0  0  0  0  0  0 ]  [ 0  0  0  0  0  0  0  0  0  0 ]  [ 0  0  0  0  0  0  0  0  0  0 ]  [ 0  0  0  0  0  0  0  0  0  0 ]  [ 0  0  0  0  0  0  0  0  0  0 ]  [ 0  0  0  0  0  0  0  0  0  0 ]  [ 0  0  0  0  0  0  0  0  0  0 ]  [ 0  0  0  0  0  0  0  0  0  0 ]  [ 0  0  0  0  0  0  0  0  0  0 ]  [ 0  0  0  0  0  0  0  0  0  0 ]  [ 0  0  0  0  0  0  0  0  0  0 ]  [ 0  0  0  0  0  0  0  0  0  0 ]  [ 0  0  0  0  0  0  0  0  0  0 ]  [ 0  0  0  0  0  0  0  0  0  0 ]  [ 0  0  0  0  0  0  0  0  0  0 ]  [ 0  0  0  0  0  0  0  0  0  0 ]  [ 0  0  0  0  0  0  0  0  0  0 ]  [ 0  0  0  0  0  0  0  0  0  0 ]  [ 0  0  0  0  0  0  0  0  0  0 ]  [ 0  0  0  0  0  0  0  0  0  0 ]  [ 0  0  0  0  0  0  0  0  0  0 ]  [ 0  0  0  0  0  0  0  0  0  0 ]  [ 0  0  0  0  0  0  0  0  0  0 ]  [ 0  0  0  0  0  0  0  0  0  0 ]  [ 0  0  0  0  0  0  0  0  0  0 ]  [ 0  0  0  0  0  0  0  0  0  0 ]  [ 0  0  0  0  0  0  0  0  0  0 ]  [ 0  0  0  0  0  0  0  0  0  0 ]  [ 0  0  0  0  0  0  0  0  0  0 ]  [ 0  0  0  0  0  0  0  0  0  0 ]  [ 0  0  0  0  0  0  0  0  0  0 ]  [ 0  0  0  0  0  0  0  0  0  0 ]  [ 0  0  0  0  0  0  0  0  0  0 ]  [ 0  0  0  0  0  0  0  0  0  0 ]  [ 0  0  0  0  0  0  0  0  0  0 ]  [ 0  0  0  0  0  0  0  0  0  0 ]  [ 0  0  0  0  0  0  0  0  0  0 ]  [ 0  0  0  0  0  0  0  0  0  0 ]  [ 0  0  0  0  0  0  0  0  0  0 ]  [ 0  0  0  0  0  0  0  0  0  0 ]  [ 0  0  0  0  0  0  0  0  0  0 ]  [ 0  0  0  0  0  0  0  0  0  0 ]  [ 0  0  0  0  0  0  0  0  0  0 ]  [ 0  0  0  0  0  0  0  0  0  0 ]  [ 0  0  0  0  0  0  0  0  0  0 ]  [ 0  0  0  0  0  0  0  0  0  0 ]  [ 0  0  0  0  0  0  0  0  0  0 ]  [ 0  0  0  0  0  0  0  0  0  0 ]  [ 0  0  0  0  0  0  0  0  0  0 ]  [ 0  0  0  0  0  0  0  0  0  0 ]  [ 0  0  0  0  0  0  0  0  0  0 ]  [ 0  0  0  0  0  0  0  0  0  0 ]  [ 0  0  0  0  0  0  0  0  0  0 ]  [ 0  0  0  0  0  0  0  0  0  0 ]  [ 0  0  0  0  0  0  0  0  0  0 ]  [ 0  0  0  0  0  0  0  0  0  0 ]  [ 0  0  0  0  0  0  0  0  0  0 ]  [ 0  0  0  0  0  0  0  0  0  0 ]  [ 0  0  0  0  0  0  0  0  0  0 ]  [ 0  0  0  0  0  0  0  0  0  0 ]  [ 0  0  0  0  0  0  0  0  0  0 ]  [ 0  0  0  0  0  0  0  0  0  0 ]  [ 0  0  0  0  0  0  0  0  0  0 ]  [ 0  0  0  0  0  0  0  0  0  0 ]  [ 0  0  0  0  0  0  0  0  0  0 ]  [ 0  0  0  0  0  0  0  0  0  0 ]  [ 0  0  0  0  0  0  0  0  0  0 ]  [ 0  0  0  0  0  0  0  0  0  0 ]  [ 0  0  0  0  0  0  0  0  0  0 ]  [ 0  0  0  0  0  0  0  0  0  0 ]  [ 0  0  0  0  0  0  0  0  0  0 ]  [ 0  0  0  0  0  0  0  0  0  0 ]  [ 0  0  0  0  0  0  0  0  0  0 ]  [ 0  0  0  0  0  0  0  0  0  0 ]  [ 0  0  0  0  0  0  0  0  0  0 ]  [ 0  0  0  0  0  0  0  0  0  0 ]  [ 0  0  0  0  0  0  0  0  0  0 ]  [ 0  0  0  0  0  0  0  0  0  0 ]  [ 0  0  0  0  0  0  0  0  0  0 ]  [ 0  0  0  0  0  0  0  0  0  0 ]  [ 0  0  0  0  0  0  0  0  0  0 ]  [ 0  0  0  0  0  0  0  0  0  0 ]  [ 0  0  0  0  0  0  0  0  0  0 ]  [ 0  0  0  0  0  0  0  0  0  0 ]  [ 0  0  0  0  0  0  0  0  0  0 ]  [ 0  0  0  0  0  0  0  0  0  0 ]  [ 0  0  0  0  0  0  0  0  0  0 ]  [ 0  0  0  0  0  0  0  0  0  0 ]  [ 0  0  0  0  0  0  0  0  0  0 ]  [ 0  0  0  0  0  0  0  0  0  0 ]  [ 0  0  0  0  0  0  0  0  0  0 ]  [ 0  0  0  0  0  0  0  0  0  0 ]  [ 0  0  0  0  0  0  0  0  0  0 ]  [ 0  0  0  0  0  0  0  0  0  0 ]  [ 0  0  0  0  0  0  0  0  0  0 ]  [ 0  0  0  0  0  0  0  0  0  0 ]  [ 0  0  0  0  0  0  0  0  0  0 ]  [ 0  0  0  0  0  0  0  0  0  0 ]  [ 0  0  0  0  0  0  0  0  0  0 ]  [ 0  0  0  0  0  0  0  0  0  0 ]  [ 0  0  0  0  0  0  0  0  0  0 ]  [ 0  0  0  0  0  0  0  0  0  0 ]  [ 0  0  0  0  0  0  0  0  0  0 ]  [ 0  0  0  0  0  0  0  0  0  0 ]  [ 0  0  0  0  0  0  0  0  0  0 ]  [ 0  0  0  0  0  0  0  0  0  0 ]  [ 0  0  0  0  0  0  0  0  0  0 ]  [ 0  0  0  0  0  0  0  0  0  0 ]  [ 0  0  0  0  0  0  0  0  0  0 ]  [ 0  0  0  0  0  0  0  0  0  0 ]  [ 0  0  0  0  0  0  0  0  0  0 ]  [ 0  0  0  0  0  0  0  0  0  0 ]  [ 0  0  0  0  0  0  0  0  0  0 ]  [ 0  0  0  0  0  0  0  0  0  0 ]  [ 0  0  0  0  0  0  0  0  0  0 ]  [ 0  0  0  0  0  0  0  0  0  0 ]  [ 0  0  0  0  0  0  0  0  0  0 ]  [ 0  0  0  0  0  0  0  0  0  0 ]  [ 0  0  0  0  0  0  0  0  0  0 ]  [ 0  0  0  0  0  0  0  0  0  0 ]  [ 0  0  0  0  0  0  0  0  0  0 ]  [ 0  0  0  0  0  0  0  0  0  0 ]  [ 0  0  0  0  0  0  0  0  0  0 ]  [ 0  0  0  0  0  0  0  0  0  0 ]  [ 0  0  0  0  0  0  0  0  0  0 ]  [ 0  0  0  0  0  0  0  0  0  0 ]  [ 0  0  0  0  0  0  0  0  0  0 ]  [ 0  0  0  0  0  0  0  0  0  0 ]  [ 0  0  0  0  0  0  0  0  0  0 ]  [ 0  0  0  0  0  0  0  0  0  0 ]  [ 0  0  0  0  0  0  0  0  0  0 ]  [ 0  0  0  0  0  0  0  0  0  0 ]  [ 0  0  0  0  0  0  0  0  0  0 ]  [ 0  0  0  0  0  0  0  0  0  0 ]  [ 0  0  0  0  0  0  0  0  0  0 ]  [ 0  0  0  0  0  0  0  0  0  0 ]  [ 0  0  0  0  0  0  0  0  0  0 ]  [ 0  0  0  0  0  0  0  0  0  0 ]  [ 0  0  0  0  0  0  0  0  0  0 ]  [ 0  0  0  0  0  0  0  0  0  0 ]  [ 0  0  0  0  0  0  0  0  0  0 ]  [ 0  0  0  0  0  0  0  0  0  0 ]  [ 0  0  0  0  0  0  0  0  0  0 ]  [ 0  0  0  0  0  0  0  0  0  0 ]  [ 0  0  0  0  0  0  0  0  0  0 ]  [ 0  0  0  0  0  0  0  0  0  0 ]  [ 0  0  0  0  0  0  0  0  0  0 ]  [ 0  0  0  0  0  0  0  0  0  0 ]  [ 0  0  0  0  0  0  0  0  0  0 ]  [ 0  0  0  0  0  0  0  0  0  0 ]  [ 0  0  0  0  0  0  0  0  0  0 ]  [ 0  0  0  0  0  0  0  0  0  0 ]  [ 0  0  0  0  0  0  0  0  0  0 ]  [ 0  0  0  0  0  0  0  0  0  0 ]  [ 0  0  0  0  0  0  0  0  0  0 ]  [ 0  0  0  0  0  0  0  0  0  0 ]  [ 0  0  0  0  0  0  0  0  0  0 ]  [ 0  0  0  0  0  0  0  0  0  0 ]  [ 0  0  0  0  0  0  0  0  0  0 ]  [ 0  0  0  0  0  0  0  0  0  0 ]  [ 0  0  0  0  0  0  0  0  0  0 ]  [ 0  0  0  0  0  0  0  0  0  0 ]  [ 0  0  0  0  0  0  0  0  0  0 ]  [ 0  0  0  0  0  0  0  0  0  0 ]  [ 0  0  0  0  0  0  0  0  0  0 ]  [ 0  0  0  0  0  0  0  0  0  0 ]  [ 0  0  0  0  0  0  0  0  0  0 ]  [ 0  0  0  0  0  0  0  0  0  0 ]  [ 0  0  0  0  0  0  0  0  0  0 ]  [ 0  0  0  0  0  0  0  0  0  0 ]  [ 0  0  0  0  0  0  0  0  0  0 ]  [ 0  0  0  0  0  0  0  0  0  0 ]  [ 0  0  0  0  0  0  0  0  0  0 ]  [ 0  0  0  0  0  0  0  0  0  0 ]  [ 0  0  0  0  0  0  0  0  0  0 ]  [ 0  0  0  0  0  0  0  0  0  0 ]  [ 0  0  0  0  0  0  0  0  0  0 ]  [ 0  0  0  0  0  0  0  0  0  0 ]  [ 0  0  0  0  0  0  0  0  0  0 ]  [ 0  0  0  0  0  0  0  0  0  0 ]  [ 0  0  0  0  0  0  0  0  0  0 ]  [ 0  0  0  0  0  0  0  0  0  0 ]  [ 0  0  0  0  0  0  0  0  0  0 ]  [ 0  0  0  0  0  0  0  0  0  0 ]  [ 0  0  0  0  0  0  0  0  0  0 ]  [ 0  0  0  0  0  0  0  0  0  0 ]  [ 0  0  0  0  0  0  0  0  0  0 ]  [ 0  0  0  0  0  0  0  0  0  0 ]  [ 0  0  0  0  0  0  0  0  0  0 ]  [ 0  0  0  0  0  0  0  0  0  0 ]  [ 0  0  0  0  0  0  0  0  0  0 ]  [ 0  0  0  0  0  0  0  0  0  0 ]  [ 0  0  0  0  0  0  0  0  0  0 ]  [ 0  0  0  0  0  0  0  0  0  0 ]  [ 0  0  0  0  0  0  0  0  0  0 ]  [ 0  0  0  0  0  0  0  0  0  0 ]  [ 0  0  0  0  0  0  0  0  0  0 ]  [ 0  0  0  0  0  0  0  0  0  0 ]  [ 0  0  0  0  0  0  0  0  0  0 ]  [ 0  0  0  0  0  0  0  0  0  0 ]  [ 0  0  0  0  0  0  0  0  0  0 ]  [ 0  0  0  0  0  0  0  0  0  0 ]  [ 0  0  0  0  0  0  0  0  0  0 ]  [ 0  0  0  0  0  0  0  0  0  0 ]  [ 0  0  0  0  0  0  0  0  0  0 ]  [ 0  0  0  0  0  0  0  0  0  0 ]  [ 0  0  0  0  0  0  0  0  0  0 ]  [ 0  0  0  0  0  0  0  0  0  0 ]  [ 0  0  0  0  0  0  0  0  0  0 ]  [ 0  0  0  0  0  0  0  0  0  0 ]  [ 0  0  0  0  0  0  0  0  0  0 ]  [ 0  0  0  0  0  0  0  0  0  0 ]  [ 0  0  0  0  0  0  0  0  0  0 ]  [ 0  0  0  0  0  0  0  0  0  0 ]  [ 0  0  0  0  0  0  0  0  0  0 ]  [ 0  0  0  0  0  0  0  0  0  0 ]  [ 0  0  0  0  0  0  0  0  0  0 ]  [ 0  0  0  0  0  0  0  0  0  0 ]  [ 0  0  0  0  0  0  0  0  0  0 ]  [ 0  0  0  0  0  0  0  0  0  0 ]  [ 0  0  0  0  0  0  0  0  0  0 ]  [ 0  0  0  0  0  0  0  0  0  0 ]  [ 0  0  0  0  0  0  0  0  0  0 ]  [ 0  0  0  0  0  0  0  0  0  0 ]  [ 0  0  0  0  0  0  0  0  0  0 ]  [ 0  0  0  0  0  0  0  0  0  0 ]  [ 0  0  0  0  0  0  0  0  0  0 ]  [ 0  0  0  0  0  0  0  0  0  0 ]  [ 0  0  0  0  0  0  0  0  0  0 ]  [ 0  0  0  0  0  0  0  0  0  0 ]  [ 0  0  0  0  0  0  0  0  0  0 ]  [ 0  0  0  0  0  0  0  0  0  0 ]  [ 0  0  0  0  0  0  0  0  0  0 ]  [ 0  0  0  0  0  0  0  0  0  0 ]  [ 0  0  0  0  0  0  0  0  0  0 ]  [ 0  0  0  0  0  0  0  0  0  0 ]  [ 0  0  0  0  0  0  0  0  0  0 ]  [ 0  0  0  0  0  0  0  0  0  0 ]  [ 0  0  0  0  0  0  0  0  0  0 ]  [ 0  0  0  0  0  0  0  0  0  0 ]  [ 0  0  0  0  0  0  0  0  0  0 ]  [ 0  0  0  0  0  0  0  0  0  0 ]  [ 0  0  0  0  0  0  0  0  0  0 ]  [ 0  0  0  0  0  0  0  0  0  0 ]  [ 0  0  0  0  0  0  0  0  0  0 ]  [ 0  0  0  0  0  0  0  0  0  0 ]  [ 0  0  0  0  0  0  0  0  0  0 ]  [ 0  0  0  0  0  0  0  0  0  0 ]  [ 0  0  0  0  0  0  0  0  0  0 ]  [ 0  0  0  0  0  0  0  0  0  0 ]  [ 0  0  0  0  0  0  0  0  0  0 ]  [ 0  0  0  0  0  0  0  0  0  0 ]  [ 0  0  0  0  0  0  0  0  0  0 ]  [ 0  0  0  0  0  0  0  0  0  0 ]  [ 0  0  0  0  0  0  0  0  0  0 ]  [ 0  0  0  0  0  0  0  0  0  0 ]  [ 0  0  0  0  0  0  0  0  0  0 ]  [ 0  0  0  0  0  0  0  0  0  0 ]  [ 0  0  0  0  0  0  0  0  0  0 ]  [ 0  0  0  0  0  0  0  0  0  0 ]  [ 0  0  0  0  0  0  0  0  0  0 ]  [ 0  0  0  0  0  0  0  0  0  0 ]  [ 0  0  0  0  0  0  0  0  0  0 ]  [ 0  0  0  0  0  0  0  0  0  0 ]  [ 0  0  0  0  0  0  0  0  0  0 ]  [ 0  0  0  0  0  0  0  0  0  0 ]  [ 0  0  0  0  0  0  0  0  0  0 ]  [ 0  0  0  0  0  0  0  0  0  0 ]  [ 0  0  0  0  0  0  0  0  0  0 ]  [ 0  0  0  0  0  0  0  0  0  0 ]  [ 0  0  0  0  0  0  0  0  0  0 ]  [ 0  0  0  0  0  0  0  0  0  0 ]  [ 0  0  0  0  0  0  0  0  0  0 ]  [ 0  0  0  0  0  0  0  0  0  0 ]  [ 0  0  0  0  0  0  0  0  0  0 ]  [ 0  0  0  0  0  0  0  0  0  0 ]  [ 0  0  0  0  0  0  0  0  0  0 ]  [ 0  0  0  0  0  0  0  0  0  0 ]  [ 0  0  0  0  0  0  0  0  0  0 ]  [ 0  0  0  0  0  0  0  0  0  0 ]  [ 0  0  0  0  0  0  0  0  0  0 ]  [ 0  0  0  0  0  0  0  0  0  0 ]  [ 0  0  0  0  0  0  0  0  0  0 ]  [ 0  0  0  0  0  0  0  0  0  0 ]  [ 0  0  0  0  0  0  0  0  0  0 ]  [ 0  0  0  0  0  0  0  0  0  0 ]  [ 0  0  0  0  0  0  0  0  0  0 ]  [ 0  0  0  0  0  0  0  0  0  0 ]  [ 0  0  0  0  0  0  0  0  0  0 ]  [ 0  0  0  0  0  0  0  0  0  0 ]  [ 0  0  0  0  0  0  0  0  0  0 ]  [ 0  0  0  0  0  0  0  0  0  0 ]  [ 0  0  0  0  0  0  0  0  0  0 ]  [ 0  0  0  0  0  0  0  0  0  0 ]  [ 0  0  0  0  0  0  0  0  0  0 ]  [ 0  0  0  0  0  0  0  0  0  0 ]  [ 0  0  0  0  0  0  0  0  0  0 ]  [ 0  0  0  0  0  0  0  0  0  0 ]  [ 0  0  0  0  0  0  0  0  0  0 ]  [ 0  0  0  0  0  0  0  0  0  0 ]  [ 0  0  0  0  0  0  0  0  0  0 ]  [ 0  0  0  0  0  0  0  0  0  0 ]  [ 0  0  0  0  0  0  0  0  0  0 ]  [ 0  0  0  0  0  0  0  0  0  0 ]  [ 0  0  0  0  0  0  0  0  0  0 ]  [ 0  0  0  0  0  0  0  0  0  0 ]  [ 0  0  0  0  0  0  0  0  0  0 ]  [ 0  0  0  0  0  0  0  0  0  0 ]  [ 0  0  0  0  0  0  0  0  0  0 ]  [ 0  0  0  0  0  0  0  0  0  0 ]  [ 0  0  0  0  0  0  0  0  0  0 ]  [ 0  0  0  0  0  0  0  0  0  0 ]  [ 0  0  0  0  0  0  0  0  0  0 ]  [ 0  0  0  0  0  0  0  0  0  0 ]  [ 0  0  0  0  0  0  0  0  0  0 ]  [ 0  0  0  0  0  0  0  0  0  0 ]  [ 0  0  0  0  0  0  0  0  0  0 ]  [ 0  0  0  0  0  0  0  0  0  0 ]  [ 0  0  0  0  0  0  0  0  0  0 ]  [ 0  0  0  0  0  0  0  0  0  0 ]  [ 0  0  0  0  0  0  0  0  0  0 ]  [ 0  0  0  0  0  0  0  0  0  0 ]  [ 0  0  0  0  0  0  0  0  0  0 ]  [ 0  0  0  0  0  0  0  0  0  0 ]  [ 0  0  0  0  0  0  0  0  0  0 ]  [ 0  0  0  0  0  0  0  0  0  0 ]  [ 0  0  0  0  0  0  0  0  0  0 ]  [ 0  0  0  0  0  0  0  0  0  0 ]  [ 0  0  0  0  0  0  0  0  0  0 ]  [ 0  0  0  0  0  0  0  0  0  0 ]  [ 0  0  0  0  0  0  0  0  0  0 ]  [ 0  0  0  0  0  0  0  0  0  0 ]  [ 0  0  0  0  0  0  0  0  0  0 ]  [ 0  0  0  0  0  0  0  0  0  0 ]  [ 0  0  0  0  0  0  0  0  0  0 ]  [ 0  0  0  0  0  0  0  0  0  0 ]  [ 0  0  0  0  0  0  0  0  0  0 ]  [ 0  0  0  0  0  0  0  0  0  0 ]  [ 0  0  0  0  0  0  0  0  0  0 ]  [ 0  0  0  0  0  0  0  0  0  0 ]  [ 0  0  0  0  0  0  0  0  0  0 ]  [ 0  0  0  0  0  0  0  0  0  0 ]  [ 0  0  0  0  0  0  0  0  0  0 ]  [ 0  0  0  0  0  0  0  0  0  0 ]  [ 0  0  0  0  0  0  0  0  0  0 ]  [ 0  0  0  0  0  0  0  0  0  0 ]  [ 0  0  0  0  0  0  0  0  0  0 ]  [ 0  0  0  0  0  0  0  0  0  0 ]  [ 0  0  0  0  0  0  0  0  0  0 ]  [ 0  0  0  0  0  0  0  0  0  0 ]  [ 0  0  0  0  0  0  0  0  0  0 ]  [ 0  0  0  0  0  0  0  0  0  0 ]  [ 0  0  0  0  0  0  0  0  0  0 ]  [ 0  0  0  0  0  0  0  0  0  0 ]  [ 0  0  0  0  0  0  0  0  0  0 ]  [ 0  0  0  0  0  0  0  0  0  0 ]  [ 0  0  0  0  0  0  0  0  0  0 ]  [ 0  0  0  0  0  0  0  0  0  0 ]  [ 0  0  0  0  0  0  0  0  0  0 ]  [ 0  0  0  0  0  0  0  0  0  0 ]  [ 0  0  0  0  0  0  0  0  0  0 ]  [ 0  0  0  0  0  0  0  0  0  0 ]  [ 0  0  0  0  0  0  0  0  0  0 ]  [ 0  0  0  0  0  0  0  0  0  0 ]  [ 0  0  0  0  0  0  0  0  0  0 ]  [ 0  0  0  0  0  0  0  0  0  0 ]  [ 0  0  0  0  0  0  0  0  0  0 ]  [ 0  0  0  0  0  0  0  0  0  0 ]  [ 0  0  0  0  0  0  0  0  0  0 ]  [ 0  0  0  0  0  0  0  0  0  0 ]  [ 0  0  0  0  0  0  0  0  0  0 ]  [ 0  0  0  0  0  0  0  0  0  0 ]  [ 0  0  0  0  0  0  0  0  0  0 ]  [ 0  0  0  0  0  0  0  0  0  0 ]  [ 0  0  0  0  0  0  0  0  0  0 ]  [ 0  0  0  0  0  0  0  0  0  0 ]  [ 0  0  0  0  0  0  0  0  0  0 ]  [ 0  0  0  0  0  0  0  0  0  0 ]  [ 0  0  0  0  0  0  0  0  0  0 ]  [ 0  0  0  0  0  0  0  0  0  0 ]  [ 0  0  0  0  0  0  0  0  0  0 ]  [ 0  0  0  0  0  0  0  0  0  0 ] ];

ObjRequests = {  <1,1,393>, <2,1,93>, <3,1,15>, <4,1,59>, <5,1,22>, <6,1,48>, <7,1,20>, <8,1,50>, <9,1,19>, <10,1,1>, <11,1,8>, <12,1,1>, <14,1,21>, <16,1,20>, <17,1,1>, <18,1,11>, <19,1,3>, <20,1,24>, <21,1,1>, <22,1,3>, <23,1,5>, <24,1,7>, <25,1,19>, <26,1,20>, <27,1,26>, <28,1,7>, <29,1,2>, <30,1,14>, <31,1,7>, <32,1,1>, <34,1,14>, <35,1,15>, <36,1,13>, <37,1,1>, <38,1,14>, <39,1,9>, <40,1,11>, <41,1,11>, <42,1,13>, <43,1,1>, <44,1,2>, <45,1,3>, <46,1,4>, <47,1,6>, <48,1,1>, <49,1,1>, <50,1,21>, <51,1,3>, <53,1,9>, <54,1,9>, <55,1,4>, <56,1,9>, <57,1,20>, <58,1,13>, <59,1,4>, <60,1,2>, <61,1,9>, <62,1,7>, <63,1,4>, <64,1,2>, <65,1,4>, <66,1,5>, <67,1,4>, <68,1,4>, <69,1,10>, <70,1,5>, <71,1,3>, <72,1,1>, <73,1,2>, <74,1,4>, <75,1,12>, <76,1,2>, <77,1,4>, <78,1,3>, <79,1,2>, <80,1,4>, <81,1,2>, <82,1,4>, <83,1,2>, <84,1,1>, <85,1,8>, <86,1,5>, <87,1,5>, <88,1,1>, <89,1,1>, <90,1,1>, <91,1,1>, <92,1,1>, <93,1,2>, <94,1,5>, <95,1,1>, <97,1,1>, <98,1,10>, <100,1,3>, <101,1,1>, <102,1,1>, <103,1,1>, <104,1,1>, <106,1,6>, <107,1,3>, <108,1,1>, <109,1,5>, <110,1,3>, <111,1,1>, <112,1,3>, <113,1,1>, <114,1,2>, <115,1,6>, <116,1,2>, <119,1,5>, <120,1,1>, <121,1,6>, <122,1,2>, <123,1,1>, <124,1,4>, <125,1,2>, <126,1,2>, <127,1,3>, <131,1,1>, <132,1,6>, <133,1,4>, <134,1,5>, <135,1,1>, <137,1,5>, <139,1,2>, <140,1,4>, <141,1,2>, <143,1,3>, <144,1,2>, <145,1,2>, <146,1,1>, <147,1,1>, <148,1,2>, <149,1,8>, <150,1,3>, <151,1,1>, <152,1,4>, <153,1,1>, <154,1,7>, <155,1,3>, <156,1,1>, <157,1,1>, <160,1,7>, <163,1,1>, <164,1,1>, <165,1,3>, <166,1,1>, <167,1,1>, <170,1,5>, <171,1,5>, <172,1,2>, <174,1,1>, <175,1,1>, <176,1,2>, <178,1,1>, <179,1,5>, <180,1,2>, <182,1,3>, <185,1,3>, <187,1,2>, <188,1,1>, <190,1,1>, <191,1,1>, <192,1,1>, <193,1,3>, <194,1,1>, <196,1,1>, <197,1,4>, <198,1,2>, <199,1,5>, <200,1,1>, <201,1,3>, <202,1,1>, <203,1,1>, <205,1,3>, <206,1,2>, <209,1,1>, <212,1,1>, <213,1,1>, <215,1,1>, <216,1,2>, <219,1,3>, <220,1,4>, <221,1,2>, <222,1,1>, <226,1,3>, <227,1,2>, <228,1,1>, <230,1,5>, <232,1,1>, <233,1,2>, <238,1,1>, <242,1,2>, <243,1,3>, <245,1,1>, <246,1,1>, <247,1,1>, <249,1,1>, <250,1,2>, <253,1,1>, <257,1,2>, <258,1,4>, <260,1,1>, <263,1,1>, <265,1,1>, <267,1,1>, <268,1,6>, <269,1,1>, <270,1,2>, <271,1,2>, <272,1,2>, <274,1,1>, <275,1,2>, <276,1,1>, <278,1,2>, <279,1,2>, <281,1,3>, <284,1,3>, <285,1,3>, <287,1,2>, <289,1,2>, <290,1,4>, <291,1,1>, <293,1,1>, <294,1,1>, <297,1,2>, <298,1,1>, <299,1,2>, <302,1,3>, <303,1,1>, <304,1,1>, <306,1,1>, <312,1,2>, <315,1,2>, <316,1,1>, <317,1,2>, <318,1,1>, <319,1,1>, <320,1,2>, <321,1,1>, <323,1,2>, <325,1,2>, <328,1,1>, <329,1,2>, <330,1,1>, <331,1,1>, <332,1,2>, <333,1,1>, <335,1,4>, <336,1,1>, <337,1,3>, <339,1,2>, <344,1,4>, <345,1,1>, <347,1,1>, <351,1,1>, <352,1,1>, <354,1,1>, <355,1,1>, <359,1,1>, <363,1,1>, <365,1,1>, <367,1,1>, <369,1,2>, <370,1,1>, <377,1,2>, <381,1,1>, <384,1,1>, <388,1,2>, <391,1,1>, <392,1,1>, <395,1,1>, <403,1,1>, <405,1,1>, <406,1,1>, <411,1,1>, <415,1,1>, <417,1,2>, <420,1,1>, <424,1,1>, <425,1,2>, <427,1,1>, <434,1,1>, <435,1,1>, <442,1,1>, <444,1,2>, <450,1,2>, <463,1,1>, <465,1,1>, <466,1,1>, <467,1,3>, <470,1,1>, <471,1,1>, <472,1,1>, <477,1,1>, <479,1,1>, <482,1,1>, <488,1,2>, <489,1,1>, <492,1,2>, <493,1,1>, <497,1,1>, <500,1,1>, <505,1,1>, <506,1,1>, <507,1,2>, <508,1,4>, <510,1,1>, <512,1,1>, <514,1,1>, <515,1,1>, <517,1,1>, <518,1,1>, <520,1,1>, <522,1,1>, <523,1,1>, <524,1,1>, <526,1,1>, <527,1,1>, <529,1,1>, <534,1,1>, <537,1,1>, <543,1,1>, <545,1,1>, <548,1,3>, <552,1,1>, <559,1,1>, <560,1,5>, <561,1,2>, <563,1,2>, <565,1,1>, <573,1,2>, <574,1,1>, <580,1,1>, <583,1,1>, <584,1,1>, <592,1,1>, <604,1,1>, <605,1,1>, <606,1,1>, <607,1,1>, <615,1,1>, <616,1,2>, <621,1,2>, <623,1,1>, <625,1,1>, <626,1,1>, <634,1,1>, <635,1,1>, <637,1,1>, <641,1,1>, <642,1,1>, <647,1,1>, <648,1,1>, <650,1,1>, <651,1,2>, <653,1,1>, <658,1,1>, <662,1,1>, <664,1,1>, <670,1,1>, <674,1,1>, <676,1,1>, <677,1,1>, <678,1,1>, <682,1,1>, <683,1,1>, <686,1,1>, <696,1,1>, <701,1,1>, <702,1,1>, <704,1,1>, <707,1,1>, <710,1,1>, <711,1,1>, <712,1,1>, <724,1,1>, <727,1,1>, <735,1,1>, <741,1,1>, <742,1,1>, <744,1,1>, <746,1,1>, <748,1,1>, <757,1,1>, <765,1,1>, <766,1,1>, <768,1,1>, <770,1,1>, <773,1,1>, <775,1,1>, <776,1,1>, <778,1,1>, <779,1,1>, <781,1,1>, <783,1,1>, <785,1,1>, <792,1,1>, <795,1,1>, <797,1,1>, <798,1,4>, <802,1,1>, <804,1,1>, <806,1,1>, <807,1,1>, <811,1,1>, <813,1,1>, <821,1,1>, <830,1,1>, <833,1,1>, <835,1,1>, <836,1,1>, <840,1,1>, <843,1,1>, <846,1,1>, <857,1,1>, <860,1,1>, <876,1,2>, <882,1,1>, <885,1,1>, <886,1,1>, <894,1,1>, <895,1,1>, <896,1,1>, <900,1,2>, <902,1,1>, <907,1,1>, <908,1,1>, <909,1,1>, <915,1,1>, <921,1,1>, <928,1,2>, <933,1,1>, <937,1,2>, <938,1,2>, <945,1,1>, <960,1,1>, <966,1,1>, <969,1,1>, <972,1,1>, <988,1,2>, <1000,1,1>, <1,5,1260>, <2,5,86>, <3,5,89>, <4,5,44>, <5,5,56>, <6,5,14>, <7,5,39>, <8,5,22>, <9,5,22>, <10,5,10>, <11,5,8>, <13,5,66>, <14,5,27>, <15,5,51>, <16,5,28>, <17,5,31>, <18,5,18>, <19,5,12>, <20,5,20>, <21,5,6>, <22,5,4>, <23,5,35>, <24,5,12>, <25,5,10>, <26,5,2>, <27,5,7>, <28,5,19>, <29,5,7>, <31,5,1>, <32,5,3>, <33,5,2>, <34,5,8>, <35,5,7>, <36,5,9>, <37,5,8>, <38,5,4>, <39,5,24>, <40,5,5>, <41,5,6>, <42,5,1>, <43,5,2>, <44,5,4>, <45,5,2>, <46,5,1>, <47,5,10>, <48,5,14>, <49,5,4>, <51,5,2>, <52,5,14>, <53,5,2>, <55,5,4>, <56,5,6>, <58,5,4>, <59,5,5>, <60,5,9>, <61,5,4>, <62,5,11>, <64,5,3>, <65,5,7>, <66,5,4>, <68,5,2>, <69,5,2>, <70,5,3>, <71,5,4>, <72,5,2>, <73,5,1>, <74,5,4>, <75,5,3>, <76,5,4>, <77,5,2>, <78,5,4>, <79,5,1>, <80,5,1>, <81,5,3>, <82,5,4>, <83,5,1>, <84,5,16>, <85,5,3>, <87,5,5>, <88,5,2>, <90,5,3>, <91,5,2>, <92,5,1>, <93,5,1>, <94,5,3>, <95,5,2>, <96,5,1>, <97,5,10>, <98,5,3>, <99,5,14>, <100,5,8>, <102,5,6>, <103,5,2>, <104,5,1>, <105,5,1>, <106,5,9>, <109,5,8>, <110,5,3>, <111,5,5>, <112,5,1>, <113,5,5>, <115,5,4>, <117,5,2>, <118,5,2>, <119,5,1>, <121,5,3>, <122,5,4>, <123,5,3>, <125,5,1>, <126,5,2>, <127,5,2>, <128,5,2>, <129,5,1>, <130,5,2>, <132,5,3>, <134,5,2>, <135,5,1>, <136,5,1>, <137,5,1>, <138,5,1>, <139,5,1>, <140,5,3>, <141,5,2>, <142,5,1>, <145,5,1>, <148,5,3>, <149,5,1>, <150,5,2>, <151,5,1>, <152,5,1>, <153,5,4>, <154,5,3>, <156,5,5>, <157,5,1>, <158,5,1>, <159,5,1>, <160,5,1>, <161,5,1>, <162,5,1>, <164,5,1>, <165,5,1>, <166,5,1>, <167,5,1>, <169,5,2>, <170,5,1>, <172,5,1>, <173,5,1>, <174,5,2>, <175,5,1>, <176,5,2>, <177,5,3>, <178,5,2>, <179,5,1>, <180,5,1>, <181,5,4>, <182,5,1>, <183,5,4>, <184,5,3>, <185,5,1>, <186,5,1>, <187,5,3>, <188,5,3>, <191,5,2>, <193,5,2>, <194,5,1>, <195,5,1>, <196,5,1>, <198,5,3>, <199,5,1>, <201,5,1>, <205,5,1>, <206,5,2>, <208,5,1>, <209,5,1>, <211,5,2>, <213,5,1>, <214,5,2>, <215,5,1>, <218,5,1>, <219,5,1>, <220,5,4>, <221,5,1>, <222,5,3>, <223,5,1>, <224,5,1>, <225,5,3>, <227,5,2>, <232,5,1>, <233,5,1>, <234,5,1>, <235,5,3>, <237,5,1>, <239,5,2>, <240,5,2>, <241,5,3>, <244,5,1>, <245,5,4>, <247,5,1>, <248,5,1>, <249,5,1>, <250,5,1>, <254,5,1>, <257,5,1>, <259,5,2>, <263,5,1>, <264,5,2>, <266,5,1>, <267,5,1>, <268,5,1>, <269,5,3>, <271,5,1>, <273,5,1>, <277,5,2>, <278,5,2>, <279,5,3>, <280,5,1>, <281,5,1>, <283,5,1>, <284,5,2>, <286,5,1>, <288,5,1>, <296,5,1>, <297,5,1>, <298,5,1>, <299,5,1>, <300,5,2>, <303,5,2>, <304,5,1>, <305,5,1>, <307,5,5>, <308,5,1>, <310,5,1>, <311,5,1>, <313,5,1>, <314,5,1>, <315,5,1>, <316,5,3>, <317,5,1>, <319,5,1>, <320,5,1>, <322,5,1>, <326,5,1>, <328,5,1>, <329,5,1>, <330,5,1>, <332,5,1>, <333,5,1>, <334,5,1>, <336,5,3>, <337,5,1>, <338,5,2>, <342,5,3>, <343,5,1>, <345,5,3>, <349,5,1>, <350,5,1>, <352,5,1>, <355,5,1>, <357,5,2>, <360,5,3>, <361,5,1>, <364,5,1>, <365,5,1>, <366,5,4>, <367,5,1>, <368,5,1>, <369,5,1>, <373,5,2>, <375,5,1>, <377,5,1>, <379,5,1>, <382,5,1>, <383,5,1>, <384,5,1>, <387,5,1>, <388,5,2>, <389,5,2>, <390,5,1>, <391,5,1>, <392,5,1>, <395,5,1>, <396,5,1>, <397,5,1>, <400,5,1>, <401,5,1>, <403,5,1>, <407,5,1>, <408,5,2>, <416,5,1>, <417,5,1>, <420,5,2>, <421,5,1>, <422,5,1>, <425,5,1>, <427,5,2>, <430,5,3>, <440,5,1>, <445,5,2>, <448,5,1>, <451,5,1>, <452,5,2>, <453,5,2>, <455,5,1>, <457,5,1>, <458,5,2>, <459,5,1>, <461,5,2>, <464,5,2>, <471,5,1>, <472,5,1>, <474,5,1>, <476,5,2>, <478,5,3>, <487,5,1>, <488,5,1>, <490,5,2>, <494,5,1>, <495,5,1>, <496,5,1>, <497,5,1>, <498,5,1>, <499,5,1>, <504,5,2>, <511,5,1>, <513,5,1>, <514,5,1>, <515,5,1>, <520,5,1>, <525,5,1>, <526,5,1>, <527,5,1>, <530,5,1>, <531,5,1>, <533,5,1>, <543,5,1>, <546,5,1>, <548,5,1>, <549,5,1>, <555,5,1>, <556,5,1>, <557,5,1>, <560,5,1>, <563,5,1>, <564,5,1>, <567,5,1>, <573,5,1>, <574,5,2>, <576,5,1>, <578,5,2>, <582,5,1>, <583,5,2>, <584,5,2>, <585,5,1>, <589,5,2>, <592,5,1>, <598,5,1>, <600,5,1>, <601,5,1>, <606,5,2>, <608,5,1>, <615,5,1>, <622,5,1>, <623,5,1>, <625,5,1>, <626,5,1>, <627,5,1>, <629,5,1>, <630,5,1>, <655,5,1>, <657,5,1>, <659,5,1>, <667,5,1>, <674,5,1>, <678,5,1>, <679,5,1>, <687,5,1>, <689,5,1>, <691,5,1>, <698,5,1>, <699,5,2>, <700,5,1>, <701,5,1>, <705,5,1>, <712,5,1>, <713,5,1>, <715,5,1>, <724,5,1>, <742,5,1>, <744,5,2>, <746,5,1>, <750,5,1>, <752,5,1>, <753,5,1>, <756,5,1>, <757,5,1>, <765,5,1>, <769,5,1>, <786,5,1>, <791,5,1>, <810,5,1>, <811,5,1>, <812,5,1>, <813,5,1>, <818,5,2>, <823,5,1>, <826,5,1>, <828,5,1>, <835,5,1>, <837,5,1>, <838,5,1>, <846,5,1>, <847,5,1>, <854,5,1>, <867,5,1>, <883,5,1>, <885,5,1>, <887,5,1>, <890,5,1>, <894,5,1>, <895,5,1>, <897,5,1>, <900,5,2>, <903,5,1>, <908,5,1>, <916,5,2>, <917,5,1>, <923,5,1>, <926,5,1>, <931,5,1>, <933,5,1>, <937,5,1>, <939,5,1>, <940,5,1>, <942,5,1>, <946,5,1>, <952,5,1>, <956,5,1>, <962,5,2>, <966,5,1>, <968,5,1>, <969,5,1>, <970,5,1>, <972,5,1>, <978,5,2>, <984,5,1>, <988,5,1>, <998,5,1>, <1,7,228>, <2,7,93>, <3,7,90>, <4,7,150>, <5,7,94>, <6,7,37>, <7,7,38>, <8,7,5>, <9,7,11>, <10,7,11>, <11,7,25>, <12,7,9>, <13,7,25>, <14,7,25>, <15,7,19>, <16,7,1>, <17,7,18>, <18,7,22>, <19,7,36>, <20,7,10>, <21,7,10>, <22,7,19>, <24,7,6>, <25,7,10>, <26,7,12>, <27,7,7>, <28,7,16>, <29,7,14>, <30,7,7>, <31,7,2>, <32,7,9>, <33,7,7>, <34,7,2>, <35,7,4>, <37,7,4>, <38,7,6>, <39,7,5>, <40,7,4>, <41,7,27>, <42,7,1>, <43,7,3>, <44,7,25>, <45,7,2>, <46,7,4>, <47,7,9>, <48,7,4>, <49,7,4>, <50,7,9>, <51,7,7>, <52,7,7>, <53,7,1>, <54,7,3>, <55,7,5>, <56,7,4>, <57,7,2>, <58,7,5>, <59,7,6>, <61,7,4>, <62,7,6>, <64,7,4>, <65,7,12>, <66,7,3>, <67,7,1>, <68,7,1>, <69,7,6>, <72,7,3>, <73,7,2>, <74,7,3>, <75,7,2>, <76,7,2>, <77,7,3>, <78,7,3>, <79,7,4>, <80,7,4>, <81,7,3>, <82,7,1>, <83,7,1>, <84,7,2>, <86,7,7>, <87,7,5>, <89,7,4>, <91,7,1>, <92,7,2>, <93,7,4>, <95,7,11>, <96,7,3>, <98,7,2>, <99,7,1>, <100,7,2>, <101,7,3>, <102,7,1>, <103,7,1>, <104,7,2>, <105,7,3>, <107,7,4>, <108,7,3>, <109,7,3>, <110,7,2>, <111,7,1>, <112,7,1>, <113,7,2>, <114,7,3>, <116,7,1>, <118,7,2>, <119,7,2>, <121,7,1>, <122,7,6>, <123,7,1>, <124,7,2>, <125,7,3>, <128,7,2>, <129,7,3>, <131,7,4>, <133,7,2>, <138,7,3>, <140,7,1>, <141,7,1>, <142,7,2>, <143,7,3>, <144,7,3>, <145,7,2>, <146,7,1>, <147,7,6>, <148,7,3>, <149,7,1>, <150,7,2>, <151,7,4>, <152,7,2>, <155,7,2>, <157,7,1>, <158,7,1>, <159,7,1>, <161,7,1>, <163,7,1>, <165,7,1>, <166,7,1>, <167,7,3>, <168,7,1>, <169,7,5>, <170,7,4>, <171,7,1>, <172,7,4>, <173,7,3>, <174,7,2>, <175,7,2>, <178,7,2>, <179,7,3>, <180,7,1>, <181,7,6>, <182,7,1>, <184,7,1>, <186,7,3>, <187,7,3>, <188,7,5>, <190,7,1>, <191,7,2>, <194,7,3>, <195,7,3>, <196,7,1>, <198,7,1>, <199,7,1>, <200,7,1>, <205,7,1>, <207,7,1>, <208,7,1>, <209,7,2>, <211,7,1>, <212,7,1>, <213,7,3>, <214,7,3>, <215,7,1>, <216,7,3>, <217,7,2>, <218,7,1>, <219,7,2>, <220,7,1>, <221,7,1>, <223,7,2>, <225,7,1>, <226,7,1>, <228,7,3>, <229,7,3>, <230,7,2>, <231,7,3>, <234,7,3>, <235,7,2>, <236,7,1>, <237,7,3>, <240,7,1>, <242,7,1>, <246,7,2>, <247,7,1>, <249,7,2>, <250,7,1>, <251,7,1>, <253,7,2>, <254,7,2>, <257,7,1>, <258,7,1>, <259,7,3>, <260,7,1>, <263,7,1>, <266,7,1>, <267,7,1>, <268,7,1>, <270,7,1>, <272,7,1>, <273,7,1>, <274,7,2>, <275,7,2>, <278,7,2>, <279,7,3>, <281,7,1>, <282,7,2>, <283,7,1>, <285,7,1>, <286,7,2>, <287,7,1>, <288,7,2>, <293,7,2>, <296,7,1>, <297,7,1>, <300,7,1>, <302,7,2>, <303,7,1>, <304,7,1>, <312,7,2>, <316,7,1>, <317,7,1>, <319,7,1>, <321,7,1>, <322,7,1>, <323,7,1>, <324,7,1>, <325,7,1>, <327,7,1>, <328,7,1>, <329,7,1>, <330,7,1>, <331,7,1>, <333,7,1>, <334,7,1>, <335,7,1>, <337,7,2>, <343,7,2>, <344,7,1>, <347,7,1>, <349,7,1>, <350,7,1>, <351,7,2>, <352,7,1>, <354,7,2>, <356,7,1>, <358,7,2>, <365,7,1>, <366,7,1>, <372,7,1>, <373,7,1>, <374,7,1>, <379,7,1>, <381,7,1>, <382,7,1>, <386,7,1>, <393,7,1>, <395,7,1>, <396,7,1>, <397,7,1>, <400,7,2>, <402,7,2>, <408,7,4>, <411,7,1>, <412,7,1>, <413,7,1>, <414,7,1>, <416,7,1>, <417,7,1>, <419,7,1>, <424,7,1>, <425,7,2>, <426,7,1>, <427,7,1>, <428,7,1>, <429,7,2>, <430,7,1>, <432,7,1>, <434,7,1>, <435,7,1>, <438,7,1>, <444,7,2>, <448,7,1>, <450,7,1>, <451,7,2>, <452,7,4>, <455,7,1>, <456,7,1>, <457,7,1>, <462,7,1>, <463,7,1>, <464,7,1>, <465,7,1>, <466,7,1>, <467,7,2>, <468,7,1>, <469,7,1>, <477,7,2>, <480,7,1>, <481,7,1>, <482,7,1>, <483,7,2>, <487,7,1>, <490,7,2>, <491,7,2>, <493,7,1>, <494,7,1>, <495,7,2>, <496,7,1>, <497,7,1>, <499,7,1>, <501,7,1>, <506,7,2>, <507,7,1>, <508,7,1>, <509,7,2>, <512,7,1>, <513,7,1>, <523,7,2>, <525,7,1>, <527,7,1>, <530,7,1>, <535,7,1>, <538,7,1>, <545,7,1>, <552,7,3>, <553,7,1>, <556,7,1>, <564,7,1>, <566,7,1>, <567,7,1>, <568,7,1>, <570,7,1>, <571,7,3>, <573,7,1>, <582,7,4>, <584,7,1>, <588,7,1>, <592,7,1>, <600,7,1>, <612,7,1>, <613,7,1>, <615,7,1>, <616,7,1>, <622,7,1>, <624,7,1>, <625,7,1>, <626,7,1>, <628,7,1>, <635,7,1>, <637,7,1>, <639,7,1>, <645,7,1>, <648,7,1>, <649,7,1>, <650,7,3>, <652,7,1>, <653,7,1>, <655,7,1>, <657,7,1>, <660,7,1>, <664,7,1>, <665,7,1>, <675,7,1>, <677,7,1>, <682,7,1>, <688,7,1>, <690,7,1>, <692,7,1>, <703,7,1>, <704,7,2>, <705,7,1>, <713,7,2>, <714,7,1>, <715,7,1>, <716,7,1>, <717,7,1>, <721,7,1>, <723,7,1>, <724,7,1>, <726,7,1>, <731,7,1>, <738,7,1>, <739,7,1>, <746,7,1>, <759,7,1>, <769,7,1>, <773,7,1>, <780,7,1>, <783,7,1>, <803,7,1>, <804,7,2>, <807,7,1>, <808,7,1>, <814,7,1>, <815,7,1>, <816,7,1>, <818,7,2>, <822,7,1>, <823,7,1>, <833,7,1>, <835,7,1>, <837,7,1>, <840,7,1>, <844,7,1>, <846,7,1>, <854,7,1>, <855,7,1>, <875,7,1>, <876,7,1>, <877,7,1>, <894,7,1>, <895,7,1>, <897,7,1>, <908,7,2>, <911,7,1>, <914,7,1>, <929,7,1>, <931,7,1>, <939,7,1>, <950,7,1>, <951,7,2>, <954,7,1>, <959,7,1>, <966,7,1>, <970,7,1>, <986,7,1>, <996,7,1>, <1,8,341>, <2,8,307>, <3,8,13>, <4,8,65>, <5,8,53>, <6,8,3>, <7,8,23>, <8,8,66>, <9,8,1>, <10,8,6>, <11,8,34>, <12,8,1>, <13,8,15>, <14,8,20>, <15,8,29>, <16,8,11>, <17,8,2>, <18,8,19>, <19,8,7>, <20,8,6>, <21,8,1>, <23,8,2>, <24,8,2>, <25,8,14>, <27,8,15>, <28,8,12>, <29,8,8>, <30,8,1>, <31,8,3>, <32,8,12>, <33,8,10>, <34,8,9>, <35,8,12>, <36,8,2>, <38,8,8>, <39,8,3>, <40,8,3>, <41,8,4>, <42,8,1>, <43,8,1>, <45,8,10>, <46,8,4>, <47,8,1>, <48,8,13>, <49,8,19>, <50,8,3>, <51,8,3>, <52,8,8>, <53,8,6>, <54,8,9>, <55,8,1>, <57,8,1>, <58,8,9>, <59,8,4>, <60,8,9>, <61,8,2>, <62,8,2>, <63,8,8>, <64,8,2>, <65,8,15>, <66,8,6>, <67,8,1>, <68,8,6>, <69,8,12>, <70,8,5>, <71,8,2>, <72,8,2>, <73,8,1>, <74,8,2>, <75,8,1>, <76,8,4>, <77,8,4>, <78,8,3>, <79,8,2>, <80,8,7>, <81,8,6>, <82,8,2>, <83,8,4>, <84,8,1>, <85,8,2>, <88,8,5>, <89,8,9>, <90,8,10>, <91,8,2>, <92,8,6>, <93,8,4>, <94,8,7>, <95,8,1>, <96,8,1>, <97,8,1>, <98,8,3>, <100,8,1>, <101,8,2>, <102,8,1>, <103,8,1>, <104,8,1>, <107,8,1>, <108,8,2>, <109,8,4>, <110,8,4>, <111,8,4>, <113,8,4>, <114,8,2>, <115,8,3>, <116,8,6>, <117,8,2>, <118,8,5>, <119,8,3>, <121,8,3>, <122,8,1>, <124,8,4>, <125,8,2>, <126,8,3>, <127,8,1>, <128,8,11>, <129,8,2>, <130,8,3>, <131,8,2>, <133,8,4>, <135,8,2>, <136,8,2>, <138,8,2>, <139,8,1>, <141,8,1>, <142,8,2>, <143,8,1>, <144,8,1>, <145,8,4>, <146,8,3>, <150,8,3>, <151,8,1>, <152,8,1>, <153,8,2>, <154,8,2>, <156,8,1>, <157,8,1>, <158,8,1>, <159,8,3>, <160,8,2>, <161,8,2>, <165,8,1>, <166,8,4>, <167,8,5>, <168,8,1>, <169,8,1>, <170,8,2>, <171,8,1>, <172,8,1>, <173,8,1>, <177,8,2>, <178,8,2>, <179,8,1>, <180,8,2>, <181,8,1>, <184,8,1>, <185,8,1>, <186,8,3>, <187,8,1>, <188,8,1>, <189,8,1>, <190,8,1>, <192,8,1>, <194,8,2>, <195,8,3>, <196,8,1>, <197,8,1>, <198,8,1>, <200,8,1>, <201,8,3>, <203,8,4>, <204,8,2>, <207,8,1>, <209,8,1>, <210,8,1>, <212,8,1>, <214,8,1>, <215,8,1>, <216,8,1>, <217,8,3>, <218,8,1>, <219,8,1>, <220,8,1>, <222,8,1>, <223,8,1>, <224,8,2>, <226,8,1>, <227,8,1>, <229,8,4>, <230,8,1>, <231,8,4>, <232,8,1>, <234,8,1>, <235,8,1>, <237,8,1>, <238,8,1>, <240,8,1>, <241,8,1>, <242,8,3>, <243,8,2>, <244,8,1>, <245,8,1>, <247,8,2>, <249,8,2>, <250,8,1>, <251,8,1>, <255,8,1>, <260,8,1>, <261,8,1>, <262,8,2>, <264,8,1>, <267,8,1>, <271,8,1>, <273,8,1>, <274,8,1>, <275,8,1>, <277,8,3>, <278,8,1>, <281,8,1>, <282,8,4>, <283,8,1>, <285,8,1>, <286,8,1>, <287,8,1>, <289,8,1>, <290,8,3>, <291,8,2>, <295,8,1>, <300,8,1>, <301,8,2>, <302,8,1>, <303,8,3>, <305,8,2>, <307,8,1>, <309,8,1>, <313,8,2>, <314,8,1>, <315,8,1>, <316,8,1>, <317,8,1>, <321,8,1>, <322,8,1>, <328,8,1>, <329,8,1>, <330,8,1>, <331,8,1>, <333,8,1>, <334,8,1>, <337,8,1>, <338,8,1>, <340,8,1>, <346,8,1>, <347,8,2>, <348,8,1>, <350,8,1>, <351,8,1>, <352,8,1>, <353,8,6>, <355,8,1>, <356,8,1>, <357,8,1>, <360,8,1>, <361,8,2>, <367,8,2>, <368,8,1>, <370,8,1>, <373,8,1>, <375,8,1>, <376,8,2>, <378,8,3>, <383,8,1>, <384,8,1>, <385,8,1>, <386,8,2>, <387,8,1>, <389,8,2>, <391,8,2>, <394,8,1>, <400,8,2>, <401,8,1>, <402,8,1>, <403,8,1>, <413,8,1>, <414,8,1>, <415,8,6>, <416,8,1>, <417,8,1>, <419,8,1>, <420,8,1>, <421,8,2>, <423,8,1>, <424,8,1>, <427,8,1>, <429,8,1>, <430,8,1>, <432,8,1>, <433,8,1>, <434,8,1>, <435,8,1>, <440,8,3>, <443,8,1>, <444,8,2>, <445,8,1>, <449,8,1>, <451,8,1>, <454,8,1>, <457,8,1>, <461,8,1>, <462,8,2>, <466,8,1>, <469,8,3>, <472,8,2>, <473,8,1>, <474,8,1>, <475,8,1>, <476,8,1>, <480,8,1>, <481,8,1>, <483,8,3>, <487,8,2>, <493,8,1>, <496,8,2>, <497,8,1>, <498,8,1>, <499,8,1>, <505,8,2>, <506,8,2>, <507,8,2>, <510,8,1>, <511,8,1>, <512,8,1>, <513,8,3>, <516,8,1>, <520,8,2>, <521,8,1>, <524,8,2>, <525,8,3>, <529,8,1>, <531,8,1>, <532,8,1>, <533,8,1>, <534,8,1>, <535,8,1>, <538,8,1>, <539,8,1>, <544,8,2>, <546,8,1>, <550,8,1>, <552,8,1>, <553,8,1>, <559,8,1>, <563,8,1>, <565,8,1>, <566,8,1>, <571,8,1>, <574,8,2>, <577,8,1>, <584,8,2>, <586,8,1>, <588,8,1>, <589,8,1>, <590,8,1>, <592,8,1>, <595,8,1>, <596,8,2>, <600,8,1>, <604,8,2>, <605,8,1>, <606,8,1>, <609,8,1>, <611,8,1>, <613,8,1>, <620,8,2>, <621,8,2>, <622,8,1>, <623,8,2>, <625,8,1>, <626,8,2>, <628,8,1>, <632,8,1>, <634,8,1>, <635,8,1>, <637,8,1>, <643,8,1>, <647,8,1>, <652,8,2>, <655,8,1>, <656,8,1>, <658,8,1>, <663,8,1>, <664,8,1>, <668,8,1>, <672,8,1>, <674,8,1>, <676,8,1>, <677,8,1>, <686,8,1>, <687,8,1>, <691,8,1>, <696,8,1>, <704,8,2>, <706,8,1>, <711,8,1>, <712,8,1>, <715,8,1>, <719,8,1>, <722,8,1>, <725,8,1>, <732,8,1>, <739,8,1>, <741,8,1>, <743,8,1>, <746,8,1>, <747,8,1>, <750,8,1>, <751,8,2>, <753,8,1>, <755,8,2>, <757,8,1>, <758,8,1>, <765,8,1>, <776,8,1>, <785,8,1>, <790,8,1>, <791,8,1>, <797,8,3>, <799,8,2>, <802,8,1>, <807,8,1>, <808,8,1>, <810,8,1>, <816,8,1>, <826,8,1>, <828,8,1>, <830,8,1>, <831,8,1>, <837,8,1>, <838,8,1>, <845,8,1>, <846,8,1>, <853,8,1>, <863,8,1>, <870,8,1>, <874,8,1>, <875,8,1>, <882,8,1>, <883,8,1>, <886,8,1>, <887,8,1>, <894,8,1>, <897,8,1>, <900,8,2>, <902,8,1>, <925,8,1>, <930,8,1>, <939,8,1>, <950,8,1>, <951,8,2>, <952,8,1>, <953,8,1>, <955,8,1>, <957,8,1>, <968,8,1>, <972,8,1>, <974,8,1>, <984,8,1>, <996,8,1>, <998,8,1>, <1,9,14>, <2,9,121>, <3,9,124>, <4,9,61>, <5,9,3>, <6,9,54>, <7,9,92>, <8,9,21>, <9,9,5>, <10,9,24>, <11,9,51>, <12,9,18>, <13,9,10>, <14,9,3>, <15,9,3>, <16,9,5>, <17,9,36>, <18,9,33>, <19,9,7>, <20,9,8>, <21,9,20>, <22,9,14>, <23,9,32>, <24,9,3>, <25,9,1>, <26,9,1>, <27,9,3>, <28,9,11>, <29,9,2>, <30,9,6>, <31,9,31>, <32,9,2>, <33,9,1>, <34,9,2>, <35,9,3>, <36,9,30>, <37,9,16>, <38,9,4>, <39,9,3>, <40,9,27>, <41,9,3>, <42,9,6>, <43,9,4>, <44,9,5>, <45,9,2>, <46,9,2>, <47,9,2>, <48,9,2>, <49,9,5>, <50,9,2>, <51,9,13>, <52,9,2>, <53,9,15>, <55,9,2>, <56,9,5>, <57,9,14>, <59,9,3>, <60,9,6>, <61,9,9>, <62,9,1>, <63,9,5>, <65,9,1>, <66,9,5>, <68,9,1>, <69,9,3>, <70,9,5>, <72,9,3>, <73,9,4>, <75,9,1>, <76,9,1>, <77,9,1>, <78,9,3>, <79,9,8>, <80,9,5>, <81,9,3>, <82,9,2>, <83,9,4>, <84,9,9>, <85,9,2>, <86,9,6>, <88,9,2>, <89,9,8>, <90,9,2>, <91,9,6>, <92,9,7>, <93,9,2>, <94,9,1>, <95,9,2>, <96,9,2>, <97,9,2>, <98,9,10>, <99,9,1>, <100,9,1>, <101,9,1>, <103,9,2>, <104,9,3>, <105,9,1>, <106,9,1>, <107,9,5>, <108,9,7>, <109,9,1>, <110,9,1>, <111,9,7>, <112,9,4>, <113,9,4>, <114,9,2>, <115,9,2>, <116,9,1>, <118,9,8>, <119,9,1>, <120,9,5>, <124,9,1>, <125,9,1>, <126,9,2>, <127,9,5>, <128,9,6>, <129,9,6>, <130,9,3>, <132,9,1>, <133,9,1>, <134,9,2>, <135,9,3>, <136,9,2>, <137,9,1>, <139,9,1>, <140,9,1>, <142,9,3>, <144,9,3>, <145,9,1>, <146,9,2>, <147,9,1>, <150,9,1>, <151,9,3>, <152,9,4>, <154,9,1>, <155,9,1>, <157,9,5>, <158,9,5>, <159,9,5>, <160,9,3>, <162,9,3>, <163,9,1>, <164,9,2>, <165,9,4>, <166,9,5>, <167,9,3>, <169,9,2>, <171,9,2>, <172,9,1>, <174,9,3>, <176,9,2>, <177,9,1>, <179,9,1>, <180,9,2>, <181,9,1>, <184,9,3>, <185,9,1>, <187,9,1>, <189,9,1>, <190,9,2>, <192,9,1>, <193,9,1>, <194,9,1>, <195,9,3>, <198,9,2>, <199,9,4>, <200,9,2>, <202,9,2>, <203,9,3>, <204,9,2>, <205,9,1>, <206,9,2>, <207,9,1>, <208,9,2>, <209,9,2>, <210,9,2>, <213,9,1>, <215,9,2>, <218,9,2>, <220,9,3>, <223,9,1>, <224,9,1>, <225,9,3>, <226,9,1>, <227,9,3>, <228,9,2>, <229,9,2>, <232,9,1>, <234,9,1>, <235,9,2>, <239,9,2>, <241,9,1>, <242,9,1>, <243,9,1>, <244,9,1>, <245,9,1>, <246,9,3>, <248,9,3>, <250,9,1>, <251,9,3>, <252,9,1>, <253,9,5>, <254,9,1>, <255,9,1>, <257,9,1>, <258,9,1>, <259,9,2>, <260,9,1>, <261,9,5>, <262,9,3>, <263,9,5>, <264,9,1>, <265,9,2>, <269,9,1>, <270,9,1>, <271,9,1>, <275,9,4>, <276,9,1>, <281,9,1>, <282,9,1>, <285,9,2>, <287,9,1>, <288,9,1>, <289,9,4>, <292,9,1>, <293,9,2>, <295,9,3>, <297,9,1>, <298,9,2>, <299,9,1>, <302,9,1>, <304,9,2>, <305,9,3>, <306,9,2>, <307,9,2>, <308,9,3>, <312,9,1>, <315,9,2>, <321,9,1>, <326,9,1>, <328,9,1>, <329,9,1>, <331,9,2>, <332,9,1>, <333,9,1>, <334,9,3>, <335,9,1>, <341,9,3>, <344,9,2>, <345,9,2>, <346,9,1>, <348,9,1>, <349,9,1>, <350,9,1>, <351,9,3>, <352,9,2>, <354,9,1>, <357,9,4>, <358,9,1>, <359,9,1>, <360,9,1>, <361,9,1>, <362,9,1>, <363,9,2>, <365,9,1>, <367,9,1>, <368,9,2>, <369,9,1>, <371,9,1>, <374,9,1>, <376,9,1>, <378,9,2>, <381,9,1>, <383,9,1>, <384,9,2>, <386,9,1>, <387,9,1>, <388,9,1>, <390,9,4>, <391,9,1>, <394,9,3>, <395,9,1>, <400,9,2>, <405,9,1>, <408,9,1>, <409,9,1>, <410,9,1>, <412,9,1>, <415,9,2>, <416,9,2>, <418,9,1>, <420,9,2>, <421,9,2>, <423,9,1>, <424,9,1>, <426,9,1>, <429,9,1>, <430,9,3>, <432,9,1>, <435,9,1>, <438,9,1>, <441,9,1>, <443,9,1>, <444,9,1>, <445,9,1>, <448,9,1>, <451,9,1>, <452,9,2>, <453,9,3>, <461,9,1>, <462,9,2>, <464,9,1>, <466,9,1>, <467,9,1>, <471,9,1>, <477,9,2>, <478,9,3>, <481,9,3>, <482,9,1>, <483,9,1>, <484,9,1>, <488,9,1>, <491,9,1>, <493,9,1>, <495,9,4>, <496,9,2>, <497,9,1>, <500,9,1>, <505,9,1>, <509,9,1>, <513,9,1>, <514,9,1>, <516,9,1>, <517,9,2>, <518,9,1>, <520,9,1>, <523,9,1>, <526,9,1>, <527,9,2>, <531,9,1>, <537,9,1>, <538,9,2>, <541,9,1>, <542,9,1>, <547,9,1>, <552,9,1>, <553,9,1>, <555,9,1>, <557,9,1>, <558,9,1>, <560,9,1>, <561,9,2>, <562,9,1>, <563,9,2>, <565,9,1>, <566,9,1>, <568,9,2>, <570,9,2>, <580,9,2>, <582,9,1>, <584,9,1>, <585,9,1>, <586,9,1>, <592,9,1>, <594,9,1>, <596,9,2>, <604,9,1>, <605,9,1>, <613,9,1>, <616,9,1>, <619,9,1>, <623,9,1>, <634,9,1>, <639,9,1>, <643,9,1>, <647,9,1>, <648,9,1>, <649,9,1>, <652,9,1>, <655,9,1>, <656,9,2>, <659,9,3>, <664,9,1>, <669,9,1>, <671,9,1>, <674,9,1>, <676,9,2>, <677,9,1>, <678,9,1>, <681,9,1>, <696,9,1>, <699,9,1>, <703,9,1>, <709,9,1>, <711,9,1>, <713,9,1>, <714,9,1>, <716,9,1>, <718,9,1>, <724,9,1>, <728,9,1>, <735,9,2>, <738,9,1>, <741,9,1>, <743,9,1>, <747,9,1>, <751,9,1>, <753,9,1>, <755,9,3>, <760,9,1>, <761,9,1>, <768,9,1>, <772,9,1>, <779,9,1>, <781,9,1>, <783,9,1>, <784,9,1>, <785,9,1>, <789,9,1>, <796,9,1>, <799,9,1>, <803,9,1>, <805,9,2>, <807,9,2>, <808,9,1>, <818,9,1>, <822,9,1>, <830,9,1>, <831,9,1>, <839,9,1>, <840,9,1>, <846,9,1>, <848,9,1>, <851,9,1>, <855,9,1>, <867,9,1>, <895,9,1>, <897,9,1>, <900,9,1>, <901,9,1>, <902,9,1>, <907,9,1>, <908,9,1>, <909,9,1>, <912,9,1>, <920,9,1>, <921,9,1>, <925,9,1>, <926,9,2>, <933,9,1>, <937,9,1>, <942,9,1>, <946,9,1>, <951,9,1>, <954,9,1>, <955,9,1>, <966,9,1>, <968,9,1>, <970,9,1>, <972,9,1>, <982,9,1>, <984,9,1>, <986,9,1>, <989,9,1>, <998,9,1>, <1000,9,1>, <1,10,39>, <2,10,100>, <3,10,369>, <4,10,26>, <5,10,16>, <6,10,88>, <7,10,11>, <8,10,2>, <9,10,10>, <10,10,42>, <11,10,38>, <12,10,5>, <13,10,7>, <14,10,13>, <15,10,21>, <16,10,42>, <17,10,7>, <18,10,20>, <19,10,23>, <20,10,21>, <21,10,20>, <22,10,31>, <23,10,5>, <24,10,7>, <25,10,4>, <26,10,14>, <27,10,1>, <28,10,7>, <29,10,22>, <30,10,3>, <32,10,2>, <33,10,8>, <34,10,6>, <35,10,23>, <36,10,4>, <37,10,4>, <38,10,8>, <39,10,4>, <40,10,4>, <41,10,4>, <42,10,4>, <43,10,8>, <44,10,4>, <45,10,6>, <46,10,42>, <47,10,1>, <48,10,2>, <49,10,7>, <50,10,2>, <51,10,16>, <52,10,3>, <53,10,5>, <54,10,1>, <55,10,2>, <56,10,8>, <57,10,5>, <58,10,6>, <59,10,1>, <60,10,1>, <61,10,1>, <62,10,6>, <65,10,2>, <66,10,8>, <67,10,7>, <68,10,7>, <69,10,1>, <70,10,5>, <72,10,1>, <73,10,3>, <74,10,1>, <75,10,5>, <76,10,1>, <77,10,1>, <79,10,9>, <80,10,9>, <81,10,2>, <83,10,14>, <84,10,3>, <85,10,1>, <86,10,2>, <87,10,4>, <88,10,1>, <89,10,4>, <90,10,2>, <91,10,6>, <92,10,1>, <94,10,2>, <95,10,2>, <96,10,4>, <97,10,3>, <98,10,3>, <99,10,1>, <101,10,3>, <103,10,1>, <104,10,4>, <105,10,1>, <106,10,2>, <107,10,1>, <108,10,2>, <109,10,1>, <110,10,2>, <111,10,1>, <112,10,3>, <113,10,2>, <114,10,3>, <116,10,4>, <117,10,4>, <120,10,1>, <121,10,2>, <122,10,3>, <123,10,1>, <124,10,2>, <125,10,1>, <126,10,3>, <127,10,1>, <128,10,4>, <130,10,5>, <131,10,3>, <132,10,5>, <133,10,7>, <134,10,1>, <137,10,6>, <139,10,2>, <141,10,1>, <142,10,3>, <143,10,3>, <145,10,2>, <146,10,2>, <147,10,9>, <148,10,1>, <149,10,1>, <150,10,1>, <154,10,4>, <155,10,3>, <156,10,2>, <158,10,1>, <159,10,3>, <161,10,4>, <162,10,8>, <163,10,1>, <164,10,1>, <165,10,1>, <168,10,2>, <169,10,6>, <170,10,2>, <171,10,4>, <172,10,1>, <174,10,2>, <175,10,2>, <176,10,1>, <180,10,2>, <181,10,1>, <182,10,1>, <183,10,6>, <185,10,1>, <186,10,1>, <187,10,2>, <188,10,1>, <189,10,1>, <190,10,1>, <191,10,1>, <193,10,1>, <194,10,1>, <195,10,1>, <197,10,1>, <199,10,2>, <200,10,1>, <201,10,1>, <202,10,3>, <203,10,2>, <204,10,1>, <205,10,1>, <207,10,1>, <208,10,2>, <211,10,1>, <212,10,1>, <213,10,4>, <214,10,1>, <215,10,4>, <216,10,2>, <218,10,4>, <219,10,4>, <221,10,1>, <222,10,2>, <223,10,1>, <226,10,1>, <229,10,1>, <230,10,3>, <232,10,2>, <233,10,1>, <234,10,1>, <235,10,2>, <236,10,3>, <238,10,1>, <240,10,3>, <241,10,1>, <243,10,2>, <244,10,2>, <245,10,2>, <246,10,2>, <247,10,3>, <248,10,1>, <249,10,2>, <251,10,3>, <252,10,1>, <254,10,1>, <255,10,1>, <256,10,1>, <257,10,3>, <259,10,5>, <260,10,2>, <261,10,3>, <263,10,4>, <264,10,4>, <265,10,1>, <266,10,1>, <267,10,1>, <268,10,1>, <269,10,3>, <272,10,1>, <273,10,1>, <275,10,3>, <276,10,1>, <279,10,1>, <280,10,2>, <286,10,2>, <289,10,1>, <290,10,1>, <291,10,1>, <292,10,2>, <297,10,1>, <299,10,2>, <301,10,2>, <303,10,1>, <306,10,1>, <310,10,1>, <311,10,1>, <312,10,1>, <313,10,1>, <314,10,2>, <315,10,1>, <323,10,1>, <325,10,3>, <326,10,2>, <327,10,1>, <328,10,1>, <335,10,2>, <339,10,1>, <340,10,2>, <341,10,2>, <342,10,1>, <344,10,1>, <347,10,1>, <348,10,1>, <349,10,3>, <350,10,3>, <352,10,2>, <354,10,1>, <358,10,2>, <361,10,2>, <362,10,2>, <367,10,2>, <368,10,1>, <369,10,1>, <370,10,1>, <371,10,1>, <372,10,1>, <376,10,1>, <377,10,1>, <379,10,1>, <380,10,1>, <382,10,3>, <383,10,1>, <384,10,1>, <386,10,1>, <387,10,1>, <388,10,1>, <389,10,1>, <390,10,1>, <392,10,1>, <394,10,2>, <397,10,1>, <400,10,2>, <401,10,1>, <403,10,1>, <405,10,1>, <410,10,1>, <411,10,3>, <412,10,1>, <414,10,1>, <417,10,1>, <418,10,1>, <419,10,1>, <424,10,3>, <426,10,1>, <427,10,1>, <428,10,1>, <432,10,3>, <433,10,1>, <435,10,1>, <436,10,1>, <441,10,1>, <444,10,1>, <445,10,2>, <448,10,1>, <449,10,1>, <451,10,1>, <453,10,3>, <458,10,2>, <461,10,2>, <462,10,1>, <466,10,2>, <467,10,2>, <469,10,2>, <472,10,1>, <473,10,1>, <476,10,1>, <478,10,1>, <480,10,1>, <481,10,1>, <482,10,1>, <484,10,1>, <485,10,1>, <492,10,1>, <493,10,2>, <494,10,1>, <497,10,1>, <498,10,1>, <499,10,3>, <500,10,1>, <505,10,2>, <507,10,1>, <508,10,1>, <510,10,1>, <511,10,1>, <513,10,1>, <515,10,4>, <518,10,1>, <521,10,1>, <524,10,1>, <527,10,1>, <530,10,1>, <531,10,1>, <539,10,1>, <540,10,1>, <541,10,1>, <543,10,1>, <546,10,1>, <549,10,1>, <555,10,2>, <559,10,1>, <560,10,1>, <563,10,1>, <564,10,1>, <569,10,1>, <570,10,1>, <585,10,1>, <589,10,3>, <596,10,1>, <601,10,1>, <602,10,1>, <604,10,1>, <607,10,1>, <609,10,1>, <613,10,1>, <615,10,1>, <616,10,1>, <620,10,1>, <621,10,1>, <623,10,1>, <625,10,1>, <626,10,1>, <628,10,1>, <629,10,1>, <630,10,1>, <634,10,1>, <643,10,2>, <646,10,1>, <662,10,1>, <671,10,1>, <682,10,1>, <685,10,1>, <689,10,1>, <690,10,2>, <692,10,1>, <699,10,1>, <701,10,1>, <706,10,1>, <709,10,1>, <710,10,1>, <713,10,1>, <716,10,2>, <724,10,1>, <727,10,1>, <742,10,1>, <746,10,1>, <752,10,1>, <755,10,1>, <756,10,1>, <759,10,1>, <766,10,1>, <773,10,1>, <775,10,1>, <776,10,1>, <778,10,1>, <779,10,2>, <785,10,1>, <788,10,1>, <798,10,1>, <803,10,1>, <804,10,1>, <808,10,2>, <811,10,1>, <812,10,1>, <818,10,1>, <823,10,1>, <826,10,1>, <831,10,1>, <834,10,1>, <836,10,1>, <837,10,1>, <841,10,1>, <842,10,1>, <847,10,1>, <851,10,1>, <852,10,1>, <857,10,1>, <861,10,1>, <878,10,1>, <879,10,1>, <881,10,1>, <885,10,1>, <890,10,1>, <894,10,1>, <905,10,1>, <907,10,1>, <917,10,1>, <919,10,1>, <920,10,1>, <926,10,1>, <928,10,1>, <930,10,1>, <935,10,1>, <939,10,1>, <952,10,2>, <957,10,1>, <960,10,1>, <969,10,1>, <973,10,1>, <988,10,1>, <1,4,4>, <2,4,158>, <3,4,28>, <4,4,12>, <5,4,55>, <6,4,141>, <7,4,8>, <8,4,71>, <9,4,9>, <10,4,24>, <11,4,22>, <12,4,40>, <13,4,10>, <14,4,54>, <15,4,15>, <16,4,4>, <17,4,11>, <18,4,7>, <19,4,13>, <20,4,4>, <21,4,3>, <22,4,5>, <23,4,25>, <24,4,25>, <25,4,9>, <26,4,19>, <27,4,6>, <28,4,6>, <29,4,23>, <30,4,22>, <31,4,5>, <32,4,9>, <33,4,14>, <34,4,8>, <36,4,1>, <37,4,12>, <38,4,20>, <39,4,2>, <40,4,10>, <41,4,2>, <42,4,6>, <43,4,16>, <44,4,4>, <45,4,16>, <46,4,4>, <47,4,3>, <48,4,1>, <49,4,1>, <50,4,7>, <51,4,2>, <52,4,2>, <53,4,4>, <54,4,4>, <55,4,30>, <56,4,7>, <57,4,15>, <58,4,3>, <59,4,1>, <60,4,2>, <62,4,5>, <63,4,7>, <65,4,3>, <66,4,8>, <67,4,5>, <68,4,4>, <69,4,1>, <70,4,4>, <71,4,15>, <72,4,2>, <73,4,5>, <74,4,4>, <76,4,2>, <77,4,2>, <78,4,3>, <79,4,1>, <80,4,2>, <81,4,1>, <82,4,1>, <83,4,3>, <84,4,1>, <85,4,9>, <86,4,2>, <87,4,2>, <88,4,1>, <89,4,1>, <90,4,2>, <92,4,2>, <93,4,6>, <94,4,2>, <95,4,2>, <97,4,2>, <98,4,1>, <99,4,5>, <100,4,2>, <101,4,2>, <102,4,3>, <103,4,1>, <104,4,1>, <106,4,5>, <107,4,1>, <108,4,5>, <110,4,1>, <111,4,5>, <112,4,7>, <113,4,1>, <114,4,3>, <117,4,2>, <118,4,2>, <119,4,3>, <120,4,3>, <121,4,7>, <123,4,1>, <125,4,2>, <126,4,4>, <129,4,1>, <131,4,1>, <132,4,4>, <134,4,1>, <136,4,5>, <137,4,2>, <138,4,1>, <139,4,3>, <141,4,3>, <142,4,1>, <143,4,5>, <144,4,2>, <145,4,1>, <147,4,1>, <149,4,1>, <150,4,7>, <151,4,1>, <153,4,2>, <154,4,1>, <155,4,1>, <156,4,1>, <157,4,6>, <158,4,3>, <159,4,1>, <160,4,1>, <161,4,2>, <163,4,3>, <165,4,2>, <166,4,2>, <168,4,5>, <170,4,1>, <171,4,5>, <173,4,1>, <174,4,1>, <176,4,1>, <177,4,1>, <178,4,7>, <179,4,1>, <184,4,1>, <185,4,4>, <186,4,6>, <187,4,2>, <188,4,1>, <189,4,1>, <190,4,2>, <191,4,1>, <192,4,1>, <193,4,2>, <194,4,1>, <195,4,1>, <196,4,1>, <197,4,3>, <198,4,1>, <200,4,1>, <205,4,2>, <207,4,3>, <208,4,1>, <209,4,3>, <211,4,4>, <213,4,3>, <214,4,1>, <215,4,1>, <216,4,2>, <217,4,1>, <218,4,1>, <219,4,1>, <221,4,1>, <222,4,1>, <223,4,3>, <225,4,1>, <226,4,3>, <228,4,1>, <229,4,2>, <231,4,1>, <233,4,1>, <234,4,1>, <236,4,4>, <238,4,1>, <239,4,1>, <240,4,1>, <241,4,2>, <242,4,1>, <243,4,5>, <244,4,2>, <245,4,1>, <246,4,1>, <249,4,1>, <250,4,1>, <251,4,1>, <253,4,1>, <254,4,1>, <255,4,2>, <256,4,1>, <257,4,1>, <260,4,1>, <261,4,1>, <262,4,1>, <263,4,1>, <264,4,1>, <265,4,1>, <268,4,2>, <269,4,1>, <272,4,1>, <273,4,1>, <274,4,2>, <277,4,1>, <278,4,1>, <279,4,1>, <280,4,1>, <281,4,3>, <282,4,2>, <283,4,2>, <287,4,2>, <290,4,3>, <292,4,1>, <293,4,1>, <294,4,1>, <295,4,1>, <296,4,1>, <297,4,1>, <299,4,1>, <301,4,2>, <303,4,1>, <304,4,1>, <305,4,1>, <306,4,3>, <307,4,1>, <308,4,3>, <309,4,2>, <311,4,2>, <312,4,1>, <313,4,4>, <317,4,2>, <318,4,1>, <320,4,4>, <321,4,1>, <323,4,1>, <324,4,1>, <325,4,1>, <328,4,1>, <329,4,2>, <330,4,1>, <331,4,1>, <332,4,1>, <333,4,2>, <334,4,1>, <335,4,2>, <337,4,2>, <340,4,2>, <341,4,1>, <342,4,1>, <347,4,1>, <348,4,1>, <350,4,2>, <351,4,1>, <353,4,1>, <354,4,1>, <355,4,1>, <356,4,1>, <360,4,1>, <366,4,1>, <367,4,1>, <368,4,1>, <372,4,2>, <374,4,1>, <375,4,1>, <377,4,1>, <378,4,1>, <381,4,1>, <383,4,1>, <384,4,2>, <385,4,1>, <394,4,2>, <395,4,1>, <399,4,1>, <401,4,1>, <403,4,1>, <407,4,1>, <409,4,1>, <410,4,1>, <414,4,1>, <417,4,1>, <418,4,1>, <420,4,1>, <421,4,1>, <423,4,1>, <429,4,1>, <430,4,2>, <432,4,3>, <436,4,1>, <438,4,1>, <442,4,1>, <443,4,1>, <444,4,1>, <447,4,1>, <448,4,1>, <450,4,1>, <452,4,1>, <453,4,1>, <454,4,1>, <461,4,1>, <463,4,1>, <466,4,1>, <471,4,1>, <472,4,1>, <473,4,2>, <481,4,1>, <488,4,1>, <491,4,1>, <492,4,2>, <493,4,3>, <494,4,1>, <495,4,1>, <497,4,1>, <499,4,1>, <501,4,1>, <503,4,1>, <505,4,1>, <506,4,1>, <507,4,1>, <509,4,1>, <513,4,3>, <516,4,1>, <518,4,1>, <520,4,1>, <521,4,2>, <522,4,1>, <526,4,1>, <528,4,1>, <535,4,1>, <539,4,2>, <541,4,1>, <543,4,1>, <553,4,1>, <556,4,1>, <559,4,1>, <563,4,2>, <564,4,1>, <565,4,1>, <568,4,1>, <571,4,1>, <573,4,1>, <580,4,1>, <584,4,1>, <585,4,1>, <588,4,1>, <592,4,1>, <600,4,1>, <606,4,1>, <609,4,1>, <615,4,2>, <616,4,1>, <618,4,1>, <620,4,1>, <622,4,1>, <623,4,1>, <625,4,2>, <630,4,1>, <631,4,1>, <635,4,1>, <647,4,1>, <650,4,1>, <651,4,1>, <655,4,1>, <657,4,1>, <660,4,1>, <663,4,1>, <671,4,1>, <673,4,1>, <678,4,1>, <683,4,2>, <688,4,1>, <691,4,1>, <692,4,1>, <696,4,1>, <698,4,1>, <699,4,2>, <701,4,1>, <702,4,2>, <705,4,1>, <706,4,3>, <707,4,1>, <710,4,1>, <713,4,1>, <714,4,1>, <715,4,1>, <716,4,1>, <718,4,1>, <721,4,1>, <724,4,1>, <726,4,1>, <740,4,1>, <743,4,1>, <745,4,1>, <750,4,2>, <752,4,1>, <753,4,1>, <754,4,1>, <759,4,1>, <766,4,1>, <776,4,1>, <779,4,2>, <784,4,1>, <787,4,1>, <789,4,1>, <791,4,1>, <799,4,3>, <802,4,2>, <803,4,1>, <807,4,2>, <819,4,1>, <837,4,1>, <844,4,2>, <848,4,1>, <849,4,1>, <851,4,1>, <866,4,1>, <869,4,1>, <871,4,1>, <876,4,2>, <878,4,1>, <879,4,1>, <884,4,1>, <885,4,1>, <887,4,1>, <898,4,1>, <899,4,1>, <908,4,2>, <911,4,1>, <912,4,1>, <916,4,1>, <919,4,1>, <920,4,1>, <922,4,1>, <929,4,1>, <930,4,1>, <932,4,1>, <938,4,2>, <942,4,1>, <945,4,1>, <952,4,1>, <955,4,1>, <956,4,3>, <968,4,1>, <972,4,1>, <984,4,1>, <1,6,314>, <2,6,20>, <3,6,40>, <4,6,98>, <5,6,14>, <6,6,5>, <7,6,4>, <8,6,23>, <9,6,24>, <10,6,9>, <11,6,27>, <12,6,102>, <13,6,9>, <14,6,36>, <15,6,18>, <16,6,18>, <17,6,16>, <18,6,2>, <19,6,10>, <20,6,32>, <21,6,26>, <22,6,26>, <23,6,1>, <24,6,8>, <25,6,8>, <26,6,27>, <27,6,2>, <28,6,18>, <29,6,3>, <30,6,1>, <31,6,41>, <32,6,16>, <33,6,26>, <34,6,4>, <35,6,5>, <36,6,2>, <37,6,12>, <39,6,6>, <40,6,2>, <41,6,5>, <42,6,6>, <43,6,4>, <44,6,4>, <45,6,10>, <46,6,2>, <47,6,4>, <48,6,12>, <49,6,16>, <50,6,5>, <51,6,3>, <52,6,2>, <53,6,1>, <54,6,8>, <55,6,3>, <56,6,1>, <57,6,2>, <58,6,6>, <59,6,15>, <60,6,8>, <61,6,2>, <62,6,5>, <63,6,10>, <64,6,9>, <65,6,7>, <66,6,6>, <67,6,4>, <68,6,7>, <69,6,13>, <70,6,10>, <71,6,1>, <72,6,9>, <73,6,3>, <74,6,5>, <75,6,1>, <76,6,2>, <77,6,4>, <78,6,20>, <80,6,2>, <81,6,3>, <82,6,1>, <83,6,3>, <85,6,6>, <86,6,1>, <87,6,3>, <88,6,4>, <89,6,1>, <90,6,2>, <91,6,6>, <92,6,8>, <93,6,1>, <94,6,9>, <95,6,2>, <96,6,2>, <97,6,5>, <99,6,1>, <100,6,3>, <101,6,3>, <102,6,1>, <103,6,2>, <104,6,8>, <106,6,1>, <107,6,6>, <108,6,2>, <109,6,1>, <110,6,4>, <111,6,1>, <112,6,4>, <114,6,1>, <116,6,4>, <117,6,2>, <118,6,1>, <119,6,2>, <120,6,4>, <122,6,4>, <123,6,4>, <124,6,1>, <125,6,5>, <126,6,2>, <127,6,3>, <128,6,1>, <129,6,1>, <130,6,1>, <132,6,1>, <133,6,1>, <134,6,2>, <135,6,6>, <136,6,1>, <138,6,2>, <139,6,3>, <140,6,7>, <141,6,3>, <142,6,1>, <143,6,1>, <144,6,6>, <145,6,3>, <146,6,1>, <147,6,1>, <148,6,2>, <149,6,1>, <152,6,1>, <153,6,1>, <154,6,1>, <155,6,4>, <156,6,4>, <157,6,4>, <158,6,2>, <159,6,2>, <160,6,6>, <162,6,1>, <163,6,1>, <164,6,1>, <166,6,1>, <167,6,2>, <168,6,3>, <169,6,1>, <170,6,2>, <171,6,1>, <172,6,7>, <173,6,1>, <174,6,1>, <175,6,1>, <176,6,7>, <177,6,1>, <178,6,1>, <183,6,2>, <184,6,1>, <186,6,2>, <187,6,1>, <189,6,5>, <190,6,2>, <191,6,1>, <192,6,2>, <193,6,1>, <194,6,1>, <195,6,1>, <196,6,1>, <197,6,1>, <198,6,1>, <199,6,1>, <200,6,2>, <202,6,6>, <203,6,1>, <204,6,2>, <205,6,1>, <207,6,2>, <209,6,1>, <210,6,1>, <211,6,4>, <212,6,3>, <213,6,2>, <214,6,2>, <217,6,1>, <222,6,1>, <223,6,1>, <225,6,3>, <226,6,3>, <227,6,1>, <228,6,2>, <229,6,1>, <232,6,1>, <234,6,1>, <235,6,1>, <236,6,1>, <237,6,1>, <238,6,1>, <240,6,2>, <243,6,1>, <244,6,1>, <245,6,3>, <246,6,2>, <247,6,2>, <249,6,2>, <250,6,3>, <253,6,1>, <255,6,1>, <256,6,1>, <257,6,2>, <258,6,3>, <259,6,1>, <260,6,1>, <263,6,2>, <264,6,2>, <265,6,2>, <266,6,1>, <267,6,2>, <268,6,1>, <269,6,1>, <271,6,2>, <272,6,2>, <274,6,4>, <277,6,2>, <278,6,1>, <280,6,2>, <281,6,1>, <283,6,2>, <284,6,1>, <285,6,1>, <287,6,1>, <289,6,1>, <290,6,3>, <293,6,1>, <294,6,1>, <295,6,1>, <297,6,4>, <298,6,1>, <300,6,1>, <301,6,1>, <302,6,2>, <305,6,2>, <307,6,2>, <309,6,2>, <311,6,2>, <312,6,2>, <317,6,1>, <320,6,1>, <321,6,2>, <324,6,1>, <325,6,2>, <328,6,1>, <330,6,1>, <331,6,2>, <332,6,3>, <333,6,1>, <334,6,1>, <335,6,1>, <336,6,1>, <337,6,1>, <338,6,1>, <339,6,1>, <340,6,1>, <341,6,1>, <342,6,1>, <343,6,1>, <344,6,1>, <345,6,1>, <346,6,1>, <348,6,1>, <351,6,1>, <353,6,1>, <355,6,1>, <361,6,1>, <364,6,1>, <365,6,1>, <366,6,1>, <368,6,1>, <371,6,4>, <372,6,1>, <373,6,1>, <376,6,1>, <379,6,1>, <380,6,1>, <387,6,1>, <388,6,1>, <389,6,1>, <390,6,1>, <391,6,2>, <392,6,1>, <394,6,1>, <395,6,2>, <397,6,1>, <398,6,1>, <403,6,2>, <407,6,1>, <408,6,1>, <409,6,1>, <413,6,2>, <415,6,1>, <416,6,2>, <417,6,2>, <420,6,1>, <421,6,1>, <426,6,1>, <427,6,1>, <428,6,1>, <429,6,2>, <432,6,1>, <434,6,1>, <435,6,1>, <436,6,1>, <437,6,1>, <441,6,1>, <443,6,1>, <444,6,1>, <447,6,2>, <448,6,2>, <450,6,1>, <453,6,1>, <455,6,1>, <459,6,1>, <465,6,1>, <466,6,3>, <471,6,1>, <472,6,1>, <474,6,2>, <475,6,1>, <479,6,1>, <480,6,1>, <483,6,1>, <484,6,1>, <487,6,2>, <488,6,2>, <493,6,1>, <494,6,1>, <495,6,2>, <496,6,1>, <498,6,1>, <504,6,1>, <506,6,1>, <509,6,2>, <511,6,1>, <512,6,1>, <515,6,2>, <516,6,1>, <520,6,1>, <522,6,1>, <523,6,1>, <525,6,1>, <527,6,2>, <529,6,1>, <530,6,1>, <531,6,1>, <533,6,1>, <534,6,1>, <535,6,1>, <537,6,1>, <538,6,1>, <540,6,1>, <545,6,1>, <548,6,1>, <552,6,1>, <554,6,1>, <558,6,1>, <559,6,1>, <560,6,1>, <561,6,1>, <563,6,1>, <565,6,2>, <571,6,1>, <573,6,1>, <578,6,2>, <583,6,1>, <596,6,1>, <600,6,3>, <605,6,1>, <607,6,1>, <608,6,1>, <609,6,1>, <616,6,1>, <618,6,1>, <619,6,2>, <621,6,1>, <622,6,1>, <623,6,1>, <624,6,1>, <626,6,1>, <627,6,1>, <628,6,2>, <639,6,1>, <641,6,1>, <642,6,1>, <654,6,1>, <655,6,1>, <656,6,1>, <659,6,1>, <660,6,1>, <664,6,1>, <666,6,1>, <668,6,1>, <670,6,1>, <671,6,1>, <673,6,1>, <677,6,1>, <678,6,1>, <687,6,2>, <696,6,1>, <697,6,1>, <702,6,1>, <704,6,1>, <706,6,1>, <709,6,1>, <713,6,1>, <715,6,1>, <718,6,1>, <727,6,1>, <742,6,1>, <744,6,1>, <747,6,1>, <751,6,1>, <752,6,1>, <757,6,1>, <760,6,1>, <762,6,1>, <764,6,1>, <768,6,1>, <773,6,1>, <775,6,1>, <777,6,1>, <789,6,2>, <799,6,1>, <806,6,1>, <808,6,1>, <810,6,1>, <814,6,1>, <818,6,1>, <819,6,1>, <823,6,1>, <828,6,2>, <832,6,1>, <833,6,1>, <835,6,1>, <837,6,3>, <838,6,1>, <842,6,1>, <847,6,1>, <850,6,1>, <857,6,1>, <861,6,1>, <867,6,1>, <869,6,1>, <876,6,1>, <877,6,1>, <883,6,1>, <885,6,1>, <886,6,1>, <889,6,1>, <898,6,1>, <900,6,1>, <903,6,1>, <909,6,1>, <912,6,1>, <916,6,1>, <931,6,1>, <933,6,2>, <938,6,2>, <939,6,1>, <946,6,1>, <951,6,1>, <952,6,1>, <970,6,1>, <973,6,1>, <981,6,1>, <987,6,1>, <989,6,1>, <991,6,1>, <992,6,1>, <1,3,21>, <2,3,94>, <3,3,67>, <4,3,104>, <5,3,175>, <6,3,25>, <7,3,55>, <8,3,31>, <9,3,11>, <10,3,72>, <11,3,6>, <12,3,16>, <13,3,17>, <14,3,7>, <15,3,15>, <16,3,27>, <17,3,38>, <18,3,23>, <19,3,5>, <20,3,10>, <21,3,16>, <22,3,6>, <23,3,2>, <24,3,34>, <25,3,10>, <26,3,9>, <27,3,19>, <28,3,1>, <29,3,8>, <30,3,10>, <32,3,50>, <33,3,1>, <34,3,15>, <35,3,4>, <36,3,16>, <37,3,16>, <38,3,1>, <39,3,2>, <40,3,8>, <41,3,3>, <42,3,27>, <43,3,9>, <44,3,3>, <45,3,10>, <47,3,6>, <48,3,5>, <49,3,5>, <50,3,9>, <51,3,1>, <52,3,7>, <53,3,10>, <54,3,12>, <55,3,2>, <56,3,1>, <57,3,2>, <58,3,1>, <60,3,8>, <61,3,7>, <62,3,1>, <63,3,6>, <64,3,11>, <65,3,6>, <67,3,5>, <68,3,11>, <69,3,4>, <70,3,1>, <71,3,2>, <72,3,8>, <73,3,3>, <74,3,2>, <76,3,1>, <77,3,1>, <78,3,2>, <79,3,7>, <80,3,1>, <81,3,7>, <82,3,8>, <83,3,2>, <86,3,4>, <87,3,3>, <88,3,3>, <89,3,3>, <90,3,2>, <91,3,1>, <92,3,1>, <93,3,2>, <94,3,6>, <96,3,1>, <98,3,2>, <99,3,5>, <100,3,1>, <101,3,2>, <102,3,7>, <103,3,2>, <104,3,1>, <105,3,6>, <106,3,6>, <107,3,3>, <108,3,2>, <109,3,3>, <110,3,4>, <111,3,3>, <112,3,2>, <113,3,5>, <115,3,3>, <116,3,1>, <117,3,5>, <118,3,3>, <120,3,1>, <121,3,1>, <122,3,2>, <123,3,1>, <124,3,2>, <125,3,1>, <127,3,1>, <128,3,1>, <129,3,2>, <130,3,2>, <131,3,4>, <132,3,3>, <133,3,1>, <135,3,4>, <136,3,2>, <137,3,4>, <140,3,1>, <143,3,5>, <144,3,2>, <145,3,4>, <146,3,4>, <147,3,1>, <148,3,1>, <149,3,4>, <150,3,2>, <153,3,2>, <154,3,1>, <155,3,4>, <156,3,1>, <158,3,4>, <160,3,1>, <161,3,3>, <162,3,1>, <163,3,3>, <164,3,13>, <165,3,5>, <166,3,1>, <167,3,2>, <168,3,2>, <169,3,3>, <170,3,1>, <171,3,1>, <172,3,1>, <173,3,1>, <174,3,2>, <175,3,2>, <177,3,1>, <178,3,2>, <179,3,3>, <180,3,2>, <181,3,2>, <182,3,1>, <184,3,1>, <185,3,3>, <187,3,1>, <189,3,2>, <191,3,2>, <192,3,4>, <194,3,2>, <195,3,1>, <197,3,1>, <198,3,3>, <199,3,3>, <201,3,2>, <203,3,4>, <205,3,2>, <207,3,1>, <211,3,1>, <213,3,1>, <214,3,1>, <215,3,1>, <216,3,2>, <218,3,1>, <219,3,2>, <220,3,3>, <222,3,2>, <223,3,1>, <224,3,1>, <226,3,1>, <227,3,1>, <231,3,4>, <232,3,3>, <234,3,2>, <235,3,2>, <237,3,1>, <238,3,1>, <239,3,1>, <240,3,2>, <241,3,1>, <244,3,1>, <245,3,3>, <247,3,1>, <248,3,1>, <249,3,2>, <250,3,1>, <251,3,1>, <252,3,1>, <254,3,3>, <255,3,1>, <256,3,1>, <259,3,1>, <260,3,1>, <262,3,1>, <266,3,2>, <268,3,2>, <271,3,1>, <272,3,1>, <274,3,1>, <275,3,1>, <278,3,1>, <279,3,3>, <280,3,1>, <283,3,8>, <284,3,4>, <285,3,1>, <287,3,4>, <289,3,1>, <291,3,1>, <292,3,2>, <295,3,2>, <298,3,3>, <299,3,1>, <300,3,1>, <302,3,2>, <305,3,5>, <306,3,4>, <307,3,1>, <308,3,1>, <309,3,1>, <311,3,3>, <312,3,2>, <313,3,1>, <315,3,1>, <316,3,1>, <320,3,1>, <321,3,1>, <322,3,1>, <323,3,1>, <325,3,1>, <331,3,1>, <332,3,1>, <333,3,2>, <336,3,1>, <337,3,2>, <339,3,3>, <340,3,3>, <341,3,3>, <343,3,2>, <346,3,2>, <347,3,4>, <348,3,1>, <349,3,1>, <350,3,1>, <351,3,2>, <352,3,1>, <355,3,3>, <358,3,1>, <364,3,2>, <365,3,1>, <367,3,5>, <368,3,2>, <370,3,1>, <371,3,1>, <372,3,1>, <373,3,1>, <374,3,1>, <378,3,1>, <380,3,1>, <383,3,2>, <384,3,3>, <385,3,1>, <386,3,1>, <387,3,1>, <389,3,1>, <395,3,1>, <398,3,2>, <399,3,2>, <400,3,1>, <401,3,1>, <403,3,1>, <404,3,1>, <408,3,2>, <410,3,1>, <411,3,2>, <414,3,1>, <416,3,1>, <417,3,1>, <418,3,1>, <419,3,1>, <423,3,1>, <424,3,1>, <425,3,1>, <427,3,1>, <430,3,1>, <434,3,1>, <435,3,1>, <437,3,1>, <438,3,1>, <441,3,1>, <444,3,2>, <446,3,1>, <451,3,1>, <453,3,2>, <456,3,1>, <465,3,1>, <467,3,1>, <470,3,1>, <471,3,1>, <474,3,1>, <478,3,1>, <480,3,1>, <481,3,1>, <483,3,1>, <484,3,1>, <487,3,1>, <489,3,2>, <492,3,1>, <494,3,1>, <495,3,5>, <497,3,1>, <498,3,2>, <502,3,1>, <505,3,2>, <509,3,1>, <514,3,1>, <517,3,1>, <520,3,1>, <521,3,2>, <523,3,1>, <524,3,1>, <525,3,1>, <527,3,1>, <529,3,1>, <541,3,1>, <544,3,2>, <548,3,1>, <549,3,1>, <550,3,1>, <560,3,1>, <561,3,1>, <563,3,1>, <565,3,1>, <566,3,1>, <568,3,1>, <570,3,1>, <572,3,1>, <574,3,2>, <579,3,1>, <600,3,1>, <604,3,1>, <605,3,1>, <606,3,1>, <607,3,1>, <611,3,1>, <615,3,1>, <623,3,1>, <629,3,1>, <631,3,1>, <635,3,1>, <651,3,2>, <654,3,1>, <657,3,1>, <660,3,1>, <662,3,1>, <663,3,1>, <666,3,1>, <668,3,2>, <669,3,1>, <675,3,1>, <679,3,1>, <681,3,2>, <682,3,1>, <687,3,1>, <689,3,1>, <692,3,1>, <693,3,2>, <698,3,1>, <701,3,1>, <702,3,1>, <713,3,1>, <716,3,1>, <725,3,1>, <727,3,1>, <732,3,1>, <739,3,1>, <744,3,1>, <748,3,1>, <750,3,1>, <752,3,1>, <754,3,4>, <755,3,2>, <756,3,1>, <773,3,1>, <775,3,1>, <784,3,1>, <788,3,1>, <789,3,1>, <790,3,1>, <791,3,1>, <798,3,1>, <799,3,1>, <801,3,1>, <802,3,1>, <818,3,2>, <821,3,1>, <835,3,1>, <836,3,1>, <837,3,1>, <840,3,1>, <844,3,1>, <858,3,1>, <863,3,1>, <869,3,1>, <876,3,3>, <882,3,1>, <883,3,1>, <894,3,1>, <895,3,1>, <900,3,1>, <903,3,1>, <908,3,1>, <921,3,1>, <926,3,2>, <928,3,1>, <946,3,1>, <956,3,3>, <978,3,1>, <980,3,1>, <996,3,1>, <1,2,127>, <2,2,332>, <3,2,70>, <4,2,35>, <5,2,17>, <6,2,27>, <7,2,73>, <8,2,60>, <9,2,186>, <10,2,97>, <11,2,15>, <12,2,23>, <13,2,52>, <14,2,14>, <15,2,20>, <16,2,3>, <17,2,7>, <18,2,4>, <19,2,11>, <20,2,4>, <21,2,13>, <22,2,13>, <23,2,2>, <24,2,19>, <25,2,19>, <26,2,16>, <27,2,5>, <28,2,10>, <29,2,2>, <30,2,16>, <32,2,2>, <33,2,38>, <34,2,16>, <35,2,5>, <36,2,11>, <37,2,1>, <38,2,1>, <39,2,6>, <41,2,2>, <42,2,10>, <43,2,1>, <44,2,13>, <45,2,3>, <46,2,2>, <47,2,1>, <48,2,1>, <49,2,2>, <50,2,4>, <51,2,3>, <52,2,10>, <53,2,4>, <54,2,6>, <55,2,1>, <56,2,4>, <57,2,3>, <58,2,1>, <59,2,1>, <60,2,5>, <61,2,5>, <62,2,5>, <63,2,2>, <64,2,8>, <66,2,3>, <67,2,9>, <68,2,1>, <69,2,3>, <70,2,2>, <71,2,6>, <72,2,8>, <73,2,8>, <74,2,1>, <75,2,14>, <76,2,13>, <77,2,3>, <78,2,1>, <79,2,3>, <80,2,7>, <81,2,2>, <82,2,2>, <83,2,1>, <84,2,8>, <85,2,1>, <86,2,2>, <87,2,11>, <88,2,1>, <90,2,5>, <91,2,9>, <92,2,2>, <94,2,1>, <96,2,13>, <97,2,2>, <98,2,2>, <99,2,1>, <100,2,4>, <102,2,4>, <103,2,7>, <104,2,2>, <105,2,5>, <106,2,1>, <107,2,1>, <108,2,4>, <110,2,3>, <111,2,2>, <113,2,1>, <114,2,3>, <115,2,2>, <116,2,2>, <117,2,1>, <118,2,2>, <119,2,1>, <120,2,12>, <121,2,4>, <123,2,2>, <125,2,1>, <126,2,5>, <128,2,4>, <129,2,3>, <131,2,2>, <132,2,3>, <133,2,2>, <134,2,8>, <135,2,3>, <136,2,2>, <137,2,1>, <138,2,2>, <140,2,1>, <143,2,1>, <144,2,3>, <145,2,3>, <146,2,2>, <147,2,2>, <148,2,4>, <150,2,5>, <152,2,3>, <155,2,1>, <157,2,1>, <158,2,2>, <159,2,1>, <161,2,1>, <162,2,1>, <163,2,2>, <165,2,1>, <166,2,1>, <168,2,1>, <169,2,4>, <170,2,2>, <171,2,1>, <172,2,3>, <173,2,1>, <174,2,1>, <175,2,1>, <176,2,1>, <177,2,1>, <178,2,3>, <179,2,2>, <180,2,1>, <182,2,3>, <183,2,2>, <184,2,1>, <185,2,1>, <187,2,2>, <188,2,1>, <190,2,1>, <191,2,3>, <192,2,1>, <193,2,2>, <197,2,2>, <198,2,1>, <199,2,2>, <200,2,2>, <201,2,1>, <202,2,3>, <203,2,4>, <204,2,1>, <206,2,2>, <207,2,4>, <208,2,1>, <210,2,1>, <211,2,1>, <214,2,2>, <217,2,1>, <218,2,2>, <219,2,1>, <220,2,3>, <221,2,3>, <224,2,1>, <225,2,1>, <227,2,1>, <229,2,2>, <230,2,1>, <232,2,1>, <233,2,1>, <236,2,1>, <237,2,1>, <238,2,1>, <241,2,1>, <242,2,1>, <243,2,1>, <245,2,3>, <246,2,2>, <247,2,1>, <248,2,1>, <249,2,3>, <250,2,3>, <251,2,1>, <252,2,1>, <253,2,2>, <254,2,3>, <256,2,1>, <258,2,1>, <259,2,2>, <260,2,1>, <261,2,1>, <262,2,1>, <264,2,2>, <265,2,2>, <268,2,2>, <272,2,2>, <273,2,1>, <274,2,1>, <275,2,1>, <276,2,2>, <279,2,1>, <280,2,1>, <283,2,1>, <285,2,3>, <286,2,1>, <287,2,1>, <289,2,1>, <291,2,1>, <292,2,1>, <293,2,2>, <294,2,1>, <295,2,1>, <296,2,1>, <298,2,2>, <303,2,1>, <304,2,1>, <306,2,2>, <307,2,1>, <308,2,1>, <309,2,1>, <311,2,2>, <312,2,2>, <316,2,1>, <318,2,2>, <319,2,1>, <320,2,1>, <321,2,1>, <323,2,1>, <324,2,1>, <326,2,1>, <330,2,2>, <331,2,1>, <332,2,1>, <336,2,1>, <337,2,1>, <338,2,1>, <339,2,3>, <341,2,1>, <342,2,1>, <343,2,1>, <344,2,1>, <345,2,1>, <347,2,3>, <349,2,1>, <350,2,1>, <352,2,1>, <353,2,2>, <354,2,1>, <355,2,1>, <358,2,1>, <363,2,1>, <364,2,1>, <366,2,1>, <367,2,1>, <378,2,3>, <379,2,1>, <383,2,1>, <384,2,1>, <386,2,1>, <389,2,1>, <391,2,1>, <392,2,1>, <393,2,1>, <394,2,1>, <395,2,1>, <396,2,1>, <397,2,2>, <403,2,1>, <405,2,1>, <407,2,1>, <408,2,1>, <410,2,1>, <412,2,1>, <414,2,1>, <416,2,1>, <417,2,2>, <418,2,1>, <421,2,1>, <422,2,1>, <425,2,1>, <426,2,1>, <427,2,1>, <433,2,1>, <435,2,1>, <437,2,1>, <441,2,1>, <443,2,1>, <444,2,1>, <445,2,1>, <447,2,2>, <450,2,1>, <453,2,1>, <457,2,1>, <461,2,1>, <462,2,1>, <463,2,1>, <464,2,1>, <469,2,1>, <476,2,1>, <477,2,1>, <479,2,1>, <480,2,1>, <483,2,1>, <484,2,1>, <487,2,1>, <488,2,2>, <490,2,1>, <494,2,1>, <499,2,1>, <504,2,1>, <506,2,2>, <507,2,1>, <508,2,1>, <509,2,1>, <512,2,3>, <513,2,1>, <515,2,1>, <516,2,1>, <517,2,2>, <526,2,1>, <527,2,1>, <528,2,1>, <531,2,1>, <539,2,1>, <544,2,1>, <546,2,1>, <547,2,1>, <548,2,2>, <549,2,1>, <552,2,2>, <555,2,1>, <556,2,1>, <559,2,2>, <560,2,2>, <562,2,1>, <563,2,1>, <565,2,1>, <568,2,1>, <574,2,1>, <576,2,1>, <588,2,1>, <589,2,1>, <592,2,2>, <596,2,1>, <609,2,2>, <611,2,1>, <613,2,1>, <615,2,1>, <616,2,1>, <621,2,1>, <622,2,1>, <634,2,1>, <646,2,1>, <651,2,1>, <658,2,1>, <662,2,1>, <666,2,1>, <669,2,1>, <671,2,1>, <675,2,1>, <681,2,1>, <688,2,1>, <690,2,1>, <693,2,1>, <696,2,3>, <701,2,1>, <705,2,1>, <707,2,1>, <709,2,1>, <713,2,2>, <714,2,1>, <719,2,1>, <729,2,1>, <735,2,1>, <738,2,1>, <739,2,1>, <746,2,1>, <751,2,1>, <757,2,2>, <758,2,1>, <760,2,1>, <763,2,1>, <764,2,1>, <768,2,1>, <769,2,1>, <770,2,2>, <776,2,1>, <777,2,1>, <781,2,1>, <784,2,2>, <785,2,1>, <788,2,1>, <792,2,1>, <802,2,1>, <805,2,1>, <807,2,2>, <810,2,1>, <818,2,1>, <822,2,1>, <826,2,1>, <830,2,1>, <833,2,1>, <837,2,1>, <838,2,1>, <847,2,1>, <853,2,1>, <854,2,1>, <857,2,1>, <858,2,2>, <861,2,1>, <882,2,1>, <887,2,1>, <894,2,1>, <900,2,1>, <903,2,1>, <911,2,1>, <912,2,1>, <915,2,1>, <917,2,1>, <939,2,1>, <947,2,1>, <950,2,1>, <951,2,1>, <952,2,2>, <955,2,1>, <956,2,1>, <975,2,1>, <982,2,1>, <988,2,2>, <989,2,1>, <990,2,1>, <991,2,1>, <996,2,1>, <1000,2,1> };

MaxCacheStorageAtSingleAS= [ 1312.5  1312.5  1312.5  1312.5  1312.5  1312.5  1312.5  1312.5  1312.5  1312.5 ] ;

MaxCacheStorage = 13125 ;
SolutionGap = 0.01 ;
