
ASes= { 1, 2, 3, 4, 5, 6, 7, 8, 9, 10 } ;


Objects= { 1, 2, 3, 4, 5, 6, 7, 8, 9, 10, 11, 12, 13, 14, 15, 16, 17, 18, 19, 20, 21, 22, 23, 24, 25, 26, 27, 28, 29, 30, 31, 32, 33, 34, 35, 36, 37, 38, 39, 40, 41, 42, 43, 44, 45, 46, 47, 48, 49, 50, 51, 52, 53, 54, 55, 56, 57, 58, 59, 60, 61, 62, 63, 64, 65, 66, 67, 68, 69, 70, 71, 72, 73, 74, 75, 76, 77, 78, 79, 80, 81, 82, 83, 84, 85, 86, 87, 88, 89, 90, 91, 92, 93, 94, 95, 96, 97, 98, 99, 100, 101, 102, 103, 104, 105, 106, 107, 108, 109, 110, 111, 112, 113, 114, 115, 116, 117, 118, 119, 120, 121, 122, 123, 124, 125, 126, 127, 128, 129, 130, 131, 132, 133, 134, 135, 136, 137, 138, 139, 140, 141, 142, 143, 144, 145, 146, 147, 148, 149, 150, 151, 152, 153, 154, 155, 156, 157, 158, 159, 160, 161, 162, 163, 164, 165, 166, 167, 168, 169, 170, 171, 172, 173, 174, 175, 176, 177, 178, 179, 180, 181, 182, 183, 184, 185, 186, 187, 188, 189, 190, 191, 192, 193, 194, 195, 196, 197, 198, 199, 200, 201, 202, 203, 204, 205, 206, 207, 208, 209, 210, 211, 212, 213, 214, 215, 216, 217, 218, 219, 220, 221, 222, 223, 224, 225, 226, 227, 228, 229, 230, 231, 232, 233, 234, 235, 236, 237, 238, 239, 240, 241, 242, 243, 244, 245, 246, 247, 248, 249, 250, 251, 252, 253, 254, 255, 256, 257, 258, 259, 260, 261, 262, 263, 264, 265, 266, 267, 268, 269, 270, 271, 272, 273, 274, 275, 276, 277, 278, 279, 280, 281, 282, 283, 284, 285, 286, 287, 288, 289, 290, 291, 292, 293, 294, 295, 296, 297, 298, 299, 300, 301, 302, 303, 304, 305, 306, 307, 308, 309, 310, 311, 312, 313, 314, 315, 316, 317, 318, 319, 320, 321, 322, 323, 324, 325, 326, 327, 328, 329, 330, 331, 332, 333, 334, 335, 336, 337, 338, 339, 340, 341, 342, 343, 344, 345, 346, 347, 348, 349, 350, 351, 352, 353, 354, 355, 356, 357, 358, 359, 360, 361, 362, 363, 364, 365, 366, 367, 368, 369, 370, 371, 372, 373, 374, 375, 376, 377, 378, 379, 380, 381, 382, 383, 384, 385, 386, 387, 388, 389, 390, 391, 392, 393, 394, 395, 396, 397, 398, 399, 400, 401, 402, 403, 404, 405, 406, 407, 408, 409, 410, 411, 412, 413, 414, 415, 416, 417, 418, 419, 420, 421, 422, 423, 424, 425, 426, 427, 428, 429, 430, 431, 432, 433, 434, 435, 436, 437, 438, 439, 440, 441, 442, 443, 444, 445, 446, 447, 448, 449, 450, 451, 452, 453, 454, 455, 456, 457, 458, 459, 460, 461, 462, 463, 464, 465, 466, 467, 468, 469, 470, 471, 472, 473, 474, 475, 476, 477, 478, 479, 480, 481, 482, 483, 484, 485, 486, 487, 488, 489, 490, 491, 492, 493, 494, 495, 496, 497, 498, 499, 500, 501, 502, 503, 504, 505, 506, 507, 508, 509, 510, 511, 512, 513, 514, 515, 516, 517, 518, 519, 520, 521, 522, 523, 524, 525, 526, 527, 528, 529, 530, 531, 532, 533, 534, 535, 536, 537, 538, 539, 540, 541, 542, 543, 544, 545, 546, 547, 548, 549, 550, 551, 552, 553, 554, 555, 556, 557, 558, 559, 560, 561, 562, 563, 564, 565, 566, 567, 568, 569, 570, 571, 572, 573, 574, 575, 576, 577, 578, 579, 580, 581, 582, 583, 584, 585, 586, 587, 588, 589, 590, 591, 592, 593, 594, 595, 596, 597, 598, 599, 600, 601, 602, 603, 604, 605, 606, 607, 608, 609, 610, 611, 612, 613, 614, 615, 616, 617, 618, 619, 620, 621, 622, 623, 624, 625, 626, 627, 628, 629, 630, 631, 632, 633, 634, 635, 636, 637, 638, 639, 640, 641, 642, 643, 644, 645, 646, 647, 648, 649, 650, 651, 652, 653, 654, 655, 656, 657, 658, 659, 660, 661, 662, 663, 664, 665, 666, 667, 668, 669, 670, 671, 672, 673, 674, 675, 676, 677, 678, 679, 680, 681, 682, 683, 684, 685, 686, 687, 688, 689, 690, 691, 692, 693, 694, 695, 696, 697, 698, 699, 700, 701, 702, 703, 704, 705, 706, 707, 708, 709, 710, 711, 712, 713, 714, 715, 716, 717, 718, 719, 720, 721, 722, 723, 724, 725, 726, 727, 728, 729, 730, 731, 732, 733, 734, 735, 736, 737, 738, 739, 740, 741, 742, 743, 744, 745, 746, 747, 748, 749, 750, 751, 752, 753, 754, 755, 756, 757, 758, 759, 760, 761, 762, 763, 764, 765, 766, 767, 768, 769, 770, 771, 772, 773, 774, 775, 776, 777, 778, 779, 780, 781, 782, 783, 784, 785, 786, 787, 788, 789, 790, 791, 792, 793, 794, 795, 796, 797, 798, 799, 800, 801, 802, 803, 804, 805, 806, 807, 808, 809, 810, 811, 812, 813, 814, 815, 816, 817, 818, 819, 820, 821, 822, 823, 824, 825, 826, 827, 828, 829, 830, 831, 832, 833, 834, 835, 836, 837, 838, 839, 840, 841, 842, 843, 844, 845, 846, 847, 848, 849, 850, 851, 852, 853, 854, 855, 856, 857, 858, 859, 860, 861, 862, 863, 864, 865, 866, 867, 868, 869, 870, 871, 872, 873, 874, 875, 876, 877, 878, 879, 880, 881, 882, 883, 884, 885, 886, 887, 888, 889, 890, 891, 892, 893, 894, 895, 896, 897, 898, 899, 900, 901, 902, 903, 904, 905, 906, 907, 908, 909, 910, 911, 912, 913, 914, 915, 916, 917, 918, 919, 920, 921, 922, 923, 924, 925, 926, 927, 928, 929, 930, 931, 932, 933, 934, 935, 936, 937, 938, 939, 940, 941, 942, 943, 944, 945, 946, 947, 948, 949, 950, 951, 952, 953, 954, 955, 956, 957, 958, 959, 960, 961, 962, 963, 964, 965, 966, 967, 968, 969, 970, 971, 972, 973, 974, 975, 976, 977, 978, 979, 980, 981, 982, 983, 984, 985, 986, 987, 988, 989, 990, 991, 992, 993, 994, 995, 996, 997, 998, 999, 1000 } ;


QualityLevels= { 0, 1, 2, 3, 4, 5 } ;

Arcs = { <1,2,490000>, <2,1,490000>,<2,3,490000>, <3,2,490000>,<3,4,490000>, <4,3,490000>,<2,5,490000>, <5,2,490000>,<2,6,490000>, <6,2,490000>,<5,7,490000>, <7,5,490000>,<7,8,490000>, <8,7,490000>,<8,9,490000>, <9,8,490000>,<7,10,490000>, <10,7,490000> }; 


RatePerQuality= [ 0  300  700  1500  2500  3500 ] ;


CacheSpacePerQuality= [ 10000  11.25  26.25  56.25  93.75  131.25 ] ;


UtilityPerQuality= [ 0  0.2  0.4  0.6  0.8  1 ] ;


ObjectsPublishedByProducers=[ [ 0  0  0  1  0  0  0  0  0  0 ]  [ 0  0  0  0  0  1  0  0  0  0 ]  [ 0  0  0  1  0  0  0  0  0  0 ]  [ 0  0  0  0  0  0  0  0  1  0 ]  [ 0  0  0  0  0  0  0  0  1  0 ]  [ 1  0  0  0  0  0  0  0  0  0 ]  [ 1  0  0  0  0  0  0  0  0  0 ]  [ 0  0  0  0  0  0  0  0  0  1 ]  [ 0  0  0  1  0  0  0  0  0  0 ]  [ 0  0  0  1  0  0  0  0  0  0 ]  [ 0  0  0  0  0  0  0  0  0  1 ]  [ 0  0  0  0  0  1  0  0  0  0 ]  [ 0  0  0  0  0  0  0  0  0  1 ]  [ 0  0  0  0  0  1  0  0  0  0 ]  [ 0  0  0  0  0  0  0  0  1  0 ]  [ 1  0  0  0  0  0  0  0  0  0 ]  [ 0  0  0  0  0  0  0  0  1  0 ]  [ 0  0  0  0  0  0  0  0  0  1 ]  [ 0  0  0  0  0  1  0  0  0  0 ]  [ 0  0  0  0  0  0  0  0  1  0 ]  [ 0  0  0  0  0  0  0  0  1  0 ]  [ 1  0  0  0  0  0  0  0  0  0 ]  [ 0  0  0  0  0  0  0  0  1  0 ]  [ 0  0  0  0  0  1  0  0  0  0 ]  [ 0  0  0  1  0  0  0  0  0  0 ]  [ 1  0  0  0  0  0  0  0  0  0 ]  [ 0  0  0  0  0  0  0  0  0  1 ]  [ 0  0  0  0  0  1  0  0  0  0 ]  [ 0  0  0  0  0  0  0  0  1  0 ]  [ 0  0  0  0  0  0  0  0  0  1 ]  [ 0  0  0  0  0  0  0  0  1  0 ]  [ 0  0  0  0  0  0  0  0  0  1 ]  [ 0  0  0  1  0  0  0  0  0  0 ]  [ 0  0  0  0  0  0  0  0  0  1 ]  [ 0  0  0  0  0  1  0  0  0  0 ]  [ 0  0  0  0  0  0  0  0  0  1 ]  [ 0  0  0  0  0  0  0  0  0  1 ]  [ 1  0  0  0  0  0  0  0  0  0 ]  [ 1  0  0  0  0  0  0  0  0  0 ]  [ 0  0  0  1  0  0  0  0  0  0 ]  [ 0  0  0  0  0  0  0  0  0  1 ]  [ 0  0  0  0  0  1  0  0  0  0 ]  [ 0  0  0  0  0  0  0  0  1  0 ]  [ 0  0  0  1  0  0  0  0  0  0 ]  [ 0  0  0  0  0  1  0  0  0  0 ]  [ 0  0  0  1  0  0  0  0  0  0 ]  [ 0  0  0  1  0  0  0  0  0  0 ]  [ 0  0  0  0  0  1  0  0  0  0 ]  [ 0  0  0  0  0  1  0  0  0  0 ]  [ 0  0  0  0  0  0  0  0  0  1 ]  [ 0  0  0  0  0  0  0  0  1  0 ]  [ 0  0  0  0  0  0  0  0  0  1 ]  [ 0  0  0  0  0  0  0  0  0  1 ]  [ 0  0  0  0  0  0  0  0  0  1 ]  [ 0  0  0  0  0  0  0  0  1  0 ]  [ 1  0  0  0  0  0  0  0  0  0 ]  [ 0  0  0  0  0  0  0  0  0  1 ]  [ 0  0  0  0  0  0  0  0  0  1 ]  [ 0  0  0  0  0  0  0  0  0  1 ]  [ 0  0  0  0  0  1  0  0  0  0 ]  [ 0  0  0  0  0  0  0  0  1  0 ]  [ 0  0  0  1  0  0  0  0  0  0 ]  [ 0  0  0  0  0  0  0  0  0  1 ]  [ 0  0  0  0  0  1  0  0  0  0 ]  [ 0  0  0  1  0  0  0  0  0  0 ]  [ 1  0  0  0  0  0  0  0  0  0 ]  [ 0  0  0  0  0  0  0  0  0  1 ]  [ 0  0  0  0  0  0  0  0  0  1 ]  [ 1  0  0  0  0  0  0  0  0  0 ]  [ 0  0  0  0  0  0  0  0  0  1 ]  [ 0  0  0  0  0  1  0  0  0  0 ]  [ 1  0  0  0  0  0  0  0  0  0 ]  [ 0  0  0  1  0  0  0  0  0  0 ]  [ 0  0  0  0  0  0  0  0  1  0 ]  [ 0  0  0  0  0  0  0  0  0  1 ]  [ 1  0  0  0  0  0  0  0  0  0 ]  [ 0  0  0  0  0  0  0  0  1  0 ]  [ 1  0  0  0  0  0  0  0  0  0 ]  [ 0  0  0  0  0  0  0  0  1  0 ]  [ 0  0  0  1  0  0  0  0  0  0 ]  [ 0  0  0  0  0  0  0  0  0  1 ]  [ 0  0  0  0  0  0  0  0  0  1 ]  [ 0  0  0  0  0  1  0  0  0  0 ]  [ 0  0  0  0  0  0  0  0  0  1 ]  [ 0  0  0  1  0  0  0  0  0  0 ]  [ 1  0  0  0  0  0  0  0  0  0 ]  [ 0  0  0  0  0  1  0  0  0  0 ]  [ 1  0  0  0  0  0  0  0  0  0 ]  [ 1  0  0  0  0  0  0  0  0  0 ]  [ 0  0  0  0  0  1  0  0  0  0 ]  [ 0  0  0  0  0  0  0  0  1  0 ]  [ 1  0  0  0  0  0  0  0  0  0 ]  [ 1  0  0  0  0  0  0  0  0  0 ]  [ 0  0  0  0  0  0  0  0  0  1 ]  [ 0  0  0  1  0  0  0  0  0  0 ]  [ 0  0  0  0  0  0  0  0  0  1 ]  [ 0  0  0  0  0  0  0  0  0  1 ]  [ 0  0  0  1  0  0  0  0  0  0 ]  [ 0  0  0  0  0  1  0  0  0  0 ]  [ 0  0  0  0  0  1  0  0  0  0 ]  [ 0  0  0  0  0  0  0  0  1  0 ]  [ 0  0  0  0  0  1  0  0  0  0 ]  [ 0  0  0  0  0  1  0  0  0  0 ]  [ 0  0  0  0  0  0  0  0  1  0 ]  [ 0  0  0  0  0  0  0  0  0  1 ]  [ 0  0  0  0  0  1  0  0  0  0 ]  [ 0  0  0  0  0  1  0  0  0  0 ]  [ 0  0  0  0  0  0  0  0  1  0 ]  [ 0  0  0  1  0  0  0  0  0  0 ]  [ 0  0  0  1  0  0  0  0  0  0 ]  [ 0  0  0  0  0  0  0  0  0  1 ]  [ 0  0  0  0  0  1  0  0  0  0 ]  [ 0  0  0  0  0  1  0  0  0  0 ]  [ 1  0  0  0  0  0  0  0  0  0 ]  [ 0  0  0  0  0  1  0  0  0  0 ]  [ 0  0  0  0  0  1  0  0  0  0 ]  [ 1  0  0  0  0  0  0  0  0  0 ]  [ 0  0  0  0  0  0  0  0  1  0 ]  [ 0  0  0  0  0  0  0  0  1  0 ]  [ 1  0  0  0  0  0  0  0  0  0 ]  [ 0  0  0  0  0  0  0  0  1  0 ]  [ 0  0  0  0  0  1  0  0  0  0 ]  [ 0  0  0  0  0  0  0  0  1  0 ]  [ 0  0  0  1  0  0  0  0  0  0 ]  [ 0  0  0  0  0  0  0  0  1  0 ]  [ 0  0  0  0  0  0  0  0  1  0 ]  [ 1  0  0  0  0  0  0  0  0  0 ]  [ 1  0  0  0  0  0  0  0  0  0 ]  [ 0  0  0  0  0  0  0  0  1  0 ]  [ 0  0  0  0  0  0  0  0  0  1 ]  [ 0  0  0  1  0  0  0  0  0  0 ]  [ 0  0  0  0  0  1  0  0  0  0 ]  [ 0  0  0  0  0  1  0  0  0  0 ]  [ 0  0  0  1  0  0  0  0  0  0 ]  [ 0  0  0  1  0  0  0  0  0  0 ]  [ 0  0  0  1  0  0  0  0  0  0 ]  [ 0  0  0  1  0  0  0  0  0  0 ]  [ 0  0  0  0  0  1  0  0  0  0 ]  [ 0  0  0  1  0  0  0  0  0  0 ]  [ 0  0  0  1  0  0  0  0  0  0 ]  [ 0  0  0  0  0  0  0  0  1  0 ]  [ 1  0  0  0  0  0  0  0  0  0 ]  [ 0  0  0  0  0  1  0  0  0  0 ]  [ 0  0  0  0  0  0  0  0  1  0 ]  [ 0  0  0  1  0  0  0  0  0  0 ]  [ 0  0  0  1  0  0  0  0  0  0 ]  [ 0  0  0  0  0  0  0  0  0  1 ]  [ 0  0  0  1  0  0  0  0  0  0 ]  [ 1  0  0  0  0  0  0  0  0  0 ]  [ 0  0  0  0  0  1  0  0  0  0 ]  [ 0  0  0  0  0  0  0  0  1  0 ]  [ 1  0  0  0  0  0  0  0  0  0 ]  [ 0  0  0  1  0  0  0  0  0  0 ]  [ 0  0  0  1  0  0  0  0  0  0 ]  [ 0  0  0  0  0  0  0  0  0  1 ]  [ 0  0  0  0  0  1  0  0  0  0 ]  [ 0  0  0  0  0  0  0  0  0  1 ]  [ 1  0  0  0  0  0  0  0  0  0 ]  [ 0  0  0  1  0  0  0  0  0  0 ]  [ 0  0  0  0  0  0  0  0  1  0 ]  [ 0  0  0  0  0  0  0  0  0  1 ]  [ 0  0  0  0  0  1  0  0  0  0 ]  [ 0  0  0  1  0  0  0  0  0  0 ]  [ 1  0  0  0  0  0  0  0  0  0 ]  [ 0  0  0  0  0  1  0  0  0  0 ]  [ 1  0  0  0  0  0  0  0  0  0 ]  [ 0  0  0  0  0  0  0  0  0  1 ]  [ 0  0  0  0  0  0  0  0  0  1 ]  [ 1  0  0  0  0  0  0  0  0  0 ]  [ 0  0  0  1  0  0  0  0  0  0 ]  [ 0  0  0  0  0  0  0  0  0  1 ]  [ 0  0  0  0  0  0  0  0  1  0 ]  [ 0  0  0  0  0  0  0  0  0  1 ]  [ 0  0  0  1  0  0  0  0  0  0 ]  [ 1  0  0  0  0  0  0  0  0  0 ]  [ 0  0  0  1  0  0  0  0  0  0 ]  [ 0  0  0  0  0  0  0  0  1  0 ]  [ 0  0  0  1  0  0  0  0  0  0 ]  [ 0  0  0  1  0  0  0  0  0  0 ]  [ 0  0  0  0  0  1  0  0  0  0 ]  [ 0  0  0  0  0  1  0  0  0  0 ]  [ 0  0  0  0  0  1  0  0  0  0 ]  [ 0  0  0  0  0  0  0  0  0  1 ]  [ 1  0  0  0  0  0  0  0  0  0 ]  [ 1  0  0  0  0  0  0  0  0  0 ]  [ 0  0  0  0  0  0  0  0  0  1 ]  [ 0  0  0  0  0  0  0  0  0  1 ]  [ 0  0  0  0  0  0  0  0  0  1 ]  [ 0  0  0  0  0  1  0  0  0  0 ]  [ 0  0  0  0  0  0  0  0  0  1 ]  [ 0  0  0  0  0  0  0  0  0  1 ]  [ 0  0  0  1  0  0  0  0  0  0 ]  [ 0  0  0  0  0  0  0  0  1  0 ]  [ 0  0  0  0  0  0  0  0  0  1 ]  [ 0  0  0  0  0  0  0  0  1  0 ]  [ 0  0  0  0  0  1  0  0  0  0 ]  [ 0  0  0  1  0  0  0  0  0  0 ]  [ 0  0  0  1  0  0  0  0  0  0 ]  [ 0  0  0  1  0  0  0  0  0  0 ]  [ 1  0  0  0  0  0  0  0  0  0 ]  [ 0  0  0  0  0  1  0  0  0  0 ]  [ 0  0  0  1  0  0  0  0  0  0 ]  [ 0  0  0  0  0  0  0  0  0  1 ]  [ 1  0  0  0  0  0  0  0  0  0 ]  [ 0  0  0  0  0  0  0  0  0  1 ]  [ 0  0  0  0  0  0  0  0  1  0 ]  [ 0  0  0  0  0  0  0  0  0  1 ]  [ 0  0  0  0  0  0  0  0  0  1 ]  [ 0  0  0  0  0  0  0  0  0  1 ]  [ 0  0  0  0  0  1  0  0  0  0 ]  [ 1  0  0  0  0  0  0  0  0  0 ]  [ 0  0  0  0  0  0  0  0  1  0 ]  [ 1  0  0  0  0  0  0  0  0  0 ]  [ 0  0  0  1  0  0  0  0  0  0 ]  [ 0  0  0  0  0  0  0  0  1  0 ]  [ 0  0  0  0  0  1  0  0  0  0 ]  [ 0  0  0  0  0  1  0  0  0  0 ]  [ 0  0  0  0  0  0  0  0  0  1 ]  [ 0  0  0  0  0  0  0  0  1  0 ]  [ 0  0  0  1  0  0  0  0  0  0 ]  [ 0  0  0  1  0  0  0  0  0  0 ]  [ 0  0  0  0  0  0  0  0  0  1 ]  [ 0  0  0  0  0  1  0  0  0  0 ]  [ 0  0  0  0  0  0  0  0  1  0 ]  [ 0  0  0  1  0  0  0  0  0  0 ]  [ 1  0  0  0  0  0  0  0  0  0 ]  [ 0  0  0  0  0  1  0  0  0  0 ]  [ 0  0  0  0  0  0  0  0  0  1 ]  [ 1  0  0  0  0  0  0  0  0  0 ]  [ 0  0  0  0  0  0  0  0  1  0 ]  [ 0  0  0  0  0  0  0  0  0  1 ]  [ 0  0  0  0  0  0  0  0  0  1 ]  [ 0  0  0  0  0  0  0  0  0  1 ]  [ 1  0  0  0  0  0  0  0  0  0 ]  [ 0  0  0  0  0  0  0  0  1  0 ]  [ 0  0  0  0  0  0  0  0  0  1 ]  [ 1  0  0  0  0  0  0  0  0  0 ]  [ 0  0  0  1  0  0  0  0  0  0 ]  [ 0  0  0  1  0  0  0  0  0  0 ]  [ 0  0  0  0  0  1  0  0  0  0 ]  [ 0  0  0  0  0  1  0  0  0  0 ]  [ 0  0  0  0  0  1  0  0  0  0 ]  [ 0  0  0  0  0  0  0  0  1  0 ]  [ 1  0  0  0  0  0  0  0  0  0 ]  [ 1  0  0  0  0  0  0  0  0  0 ]  [ 1  0  0  0  0  0  0  0  0  0 ]  [ 1  0  0  0  0  0  0  0  0  0 ]  [ 1  0  0  0  0  0  0  0  0  0 ]  [ 0  0  0  0  0  0  0  0  0  1 ]  [ 0  0  0  0  0  0  0  0  0  1 ]  [ 1  0  0  0  0  0  0  0  0  0 ]  [ 0  0  0  0  0  1  0  0  0  0 ]  [ 0  0  0  1  0  0  0  0  0  0 ]  [ 0  0  0  1  0  0  0  0  0  0 ]  [ 0  0  0  1  0  0  0  0  0  0 ]  [ 0  0  0  0  0  0  0  0  1  0 ]  [ 0  0  0  0  0  1  0  0  0  0 ]  [ 0  0  0  1  0  0  0  0  0  0 ]  [ 1  0  0  0  0  0  0  0  0  0 ]  [ 0  0  0  1  0  0  0  0  0  0 ]  [ 1  0  0  0  0  0  0  0  0  0 ]  [ 0  0  0  0  0  1  0  0  0  0 ]  [ 0  0  0  0  0  0  0  0  1  0 ]  [ 0  0  0  1  0  0  0  0  0  0 ]  [ 1  0  0  0  0  0  0  0  0  0 ]  [ 1  0  0  0  0  0  0  0  0  0 ]  [ 0  0  0  1  0  0  0  0  0  0 ]  [ 0  0  0  0  0  0  0  0  1  0 ]  [ 0  0  0  0  0  0  0  0  1  0 ]  [ 0  0  0  1  0  0  0  0  0  0 ]  [ 0  0  0  0  0  0  0  0  0  1 ]  [ 0  0  0  0  0  0  0  0  1  0 ]  [ 0  0  0  0  0  1  0  0  0  0 ]  [ 0  0  0  1  0  0  0  0  0  0 ]  [ 0  0  0  0  0  1  0  0  0  0 ]  [ 0  0  0  0  0  0  0  0  1  0 ]  [ 0  0  0  0  0  1  0  0  0  0 ]  [ 0  0  0  0  0  0  0  0  1  0 ]  [ 0  0  0  0  0  1  0  0  0  0 ]  [ 0  0  0  1  0  0  0  0  0  0 ]  [ 0  0  0  0  0  1  0  0  0  0 ]  [ 0  0  0  0  0  0  0  0  1  0 ]  [ 1  0  0  0  0  0  0  0  0  0 ]  [ 0  0  0  0  0  1  0  0  0  0 ]  [ 0  0  0  0  0  1  0  0  0  0 ]  [ 0  0  0  0  0  0  0  0  0  1 ]  [ 0  0  0  0  0  0  0  0  0  1 ]  [ 0  0  0  1  0  0  0  0  0  0 ]  [ 0  0  0  0  0  0  0  0  0  1 ]  [ 0  0  0  0  0  0  0  0  1  0 ]  [ 0  0  0  1  0  0  0  0  0  0 ]  [ 0  0  0  0  0  1  0  0  0  0 ]  [ 1  0  0  0  0  0  0  0  0  0 ]  [ 0  0  0  0  0  0  0  0  0  1 ]  [ 0  0  0  0  0  0  0  0  1  0 ]  [ 0  0  0  0  0  0  0  0  0  1 ]  [ 0  0  0  0  0  0  0  0  1  0 ]  [ 0  0  0  0  0  0  0  0  1  0 ]  [ 0  0  0  0  0  0  0  0  1  0 ]  [ 0  0  0  0  0  1  0  0  0  0 ]  [ 1  0  0  0  0  0  0  0  0  0 ]  [ 0  0  0  0  0  1  0  0  0  0 ]  [ 1  0  0  0  0  0  0  0  0  0 ]  [ 1  0  0  0  0  0  0  0  0  0 ]  [ 0  0  0  0  0  0  0  0  1  0 ]  [ 1  0  0  0  0  0  0  0  0  0 ]  [ 1  0  0  0  0  0  0  0  0  0 ]  [ 1  0  0  0  0  0  0  0  0  0 ]  [ 0  0  0  0  0  0  0  0  0  1 ]  [ 1  0  0  0  0  0  0  0  0  0 ]  [ 1  0  0  0  0  0  0  0  0  0 ]  [ 0  0  0  0  0  0  0  0  0  1 ]  [ 1  0  0  0  0  0  0  0  0  0 ]  [ 0  0  0  0  0  0  0  0  0  1 ]  [ 0  0  0  0  0  0  0  0  1  0 ]  [ 0  0  0  0  0  0  0  0  0  1 ]  [ 0  0  0  0  0  0  0  0  0  1 ]  [ 0  0  0  0  0  1  0  0  0  0 ]  [ 0  0  0  0  0  0  0  0  1  0 ]  [ 1  0  0  0  0  0  0  0  0  0 ]  [ 0  0  0  0  0  0  0  0  1  0 ]  [ 0  0  0  0  0  1  0  0  0  0 ]  [ 0  0  0  0  0  0  0  0  1  0 ]  [ 1  0  0  0  0  0  0  0  0  0 ]  [ 0  0  0  0  0  0  0  0  1  0 ]  [ 0  0  0  0  0  0  0  0  0  1 ]  [ 1  0  0  0  0  0  0  0  0  0 ]  [ 0  0  0  1  0  0  0  0  0  0 ]  [ 0  0  0  0  0  1  0  0  0  0 ]  [ 0  0  0  0  0  0  0  0  0  1 ]  [ 0  0  0  1  0  0  0  0  0  0 ]  [ 1  0  0  0  0  0  0  0  0  0 ]  [ 0  0  0  1  0  0  0  0  0  0 ]  [ 0  0  0  0  0  0  0  0  1  0 ]  [ 0  0  0  0  0  0  0  0  1  0 ]  [ 0  0  0  1  0  0  0  0  0  0 ]  [ 0  0  0  1  0  0  0  0  0  0 ]  [ 0  0  0  1  0  0  0  0  0  0 ]  [ 0  0  0  1  0  0  0  0  0  0 ]  [ 0  0  0  0  0  1  0  0  0  0 ]  [ 1  0  0  0  0  0  0  0  0  0 ]  [ 0  0  0  0  0  1  0  0  0  0 ]  [ 0  0  0  0  0  0  0  0  0  1 ]  [ 0  0  0  0  0  1  0  0  0  0 ]  [ 0  0  0  0  0  0  0  0  1  0 ]  [ 1  0  0  0  0  0  0  0  0  0 ]  [ 0  0  0  0  0  0  0  0  1  0 ]  [ 0  0  0  0  0  0  0  0  1  0 ]  [ 0  0  0  0  0  0  0  0  1  0 ]  [ 0  0  0  0  0  1  0  0  0  0 ]  [ 0  0  0  0  0  1  0  0  0  0 ]  [ 0  0  0  0  0  0  0  0  1  0 ]  [ 0  0  0  0  0  0  0  0  0  1 ]  [ 1  0  0  0  0  0  0  0  0  0 ]  [ 1  0  0  0  0  0  0  0  0  0 ]  [ 0  0  0  0  0  0  0  0  1  0 ]  [ 0  0  0  0  0  0  0  0  0  1 ]  [ 0  0  0  0  0  1  0  0  0  0 ]  [ 0  0  0  0  0  1  0  0  0  0 ]  [ 0  0  0  0  0  0  0  0  1  0 ]  [ 1  0  0  0  0  0  0  0  0  0 ]  [ 0  0  0  1  0  0  0  0  0  0 ]  [ 1  0  0  0  0  0  0  0  0  0 ]  [ 0  0  0  0  0  1  0  0  0  0 ]  [ 0  0  0  1  0  0  0  0  0  0 ]  [ 0  0  0  1  0  0  0  0  0  0 ]  [ 0  0  0  0  0  0  0  0  1  0 ]  [ 0  0  0  0  0  0  0  0  0  1 ]  [ 0  0  0  1  0  0  0  0  0  0 ]  [ 0  0  0  0  0  0  0  0  1  0 ]  [ 0  0  0  0  0  1  0  0  0  0 ]  [ 0  0  0  0  0  0  0  0  0  1 ]  [ 0  0  0  0  0  1  0  0  0  0 ]  [ 0  0  0  1  0  0  0  0  0  0 ]  [ 0  0  0  1  0  0  0  0  0  0 ]  [ 1  0  0  0  0  0  0  0  0  0 ]  [ 0  0  0  0  0  1  0  0  0  0 ]  [ 0  0  0  1  0  0  0  0  0  0 ]  [ 1  0  0  0  0  0  0  0  0  0 ]  [ 0  0  0  1  0  0  0  0  0  0 ]  [ 0  0  0  1  0  0  0  0  0  0 ]  [ 0  0  0  0  0  0  0  0  1  0 ]  [ 1  0  0  0  0  0  0  0  0  0 ]  [ 0  0  0  0  0  0  0  0  0  1 ]  [ 0  0  0  0  0  1  0  0  0  0 ]  [ 0  0  0  0  0  1  0  0  0  0 ]  [ 0  0  0  0  0  1  0  0  0  0 ]  [ 0  0  0  0  0  0  0  0  0  1 ]  [ 0  0  0  0  0  0  0  0  0  1 ]  [ 0  0  0  0  0  1  0  0  0  0 ]  [ 0  0  0  0  0  1  0  0  0  0 ]  [ 0  0  0  0  0  0  0  0  1  0 ]  [ 0  0  0  0  0  0  0  0  0  1 ]  [ 0  0  0  0  0  1  0  0  0  0 ]  [ 0  0  0  0  0  0  0  0  1  0 ]  [ 0  0  0  0  0  0  0  0  0  1 ]  [ 0  0  0  0  0  1  0  0  0  0 ]  [ 0  0  0  1  0  0  0  0  0  0 ]  [ 0  0  0  1  0  0  0  0  0  0 ]  [ 0  0  0  0  0  0  0  0  1  0 ]  [ 0  0  0  0  0  0  0  0  1  0 ]  [ 0  0  0  0  0  0  0  0  0  1 ]  [ 0  0  0  0  0  0  0  0  0  1 ]  [ 0  0  0  1  0  0  0  0  0  0 ]  [ 1  0  0  0  0  0  0  0  0  0 ]  [ 0  0  0  1  0  0  0  0  0  0 ]  [ 1  0  0  0  0  0  0  0  0  0 ]  [ 0  0  0  0  0  0  0  0  1  0 ]  [ 0  0  0  0  0  0  0  0  0  1 ]  [ 0  0  0  0  0  0  0  0  0  1 ]  [ 0  0  0  1  0  0  0  0  0  0 ]  [ 0  0  0  0  0  0  0  0  0  1 ]  [ 0  0  0  1  0  0  0  0  0  0 ]  [ 0  0  0  0  0  1  0  0  0  0 ]  [ 0  0  0  0  0  0  0  0  1  0 ]  [ 1  0  0  0  0  0  0  0  0  0 ]  [ 1  0  0  0  0  0  0  0  0  0 ]  [ 0  0  0  0  0  0  0  0  0  1 ]  [ 0  0  0  1  0  0  0  0  0  0 ]  [ 0  0  0  1  0  0  0  0  0  0 ]  [ 0  0  0  0  0  1  0  0  0  0 ]  [ 0  0  0  0  0  0  0  0  1  0 ]  [ 1  0  0  0  0  0  0  0  0  0 ]  [ 0  0  0  1  0  0  0  0  0  0 ]  [ 0  0  0  0  0  1  0  0  0  0 ]  [ 0  0  0  0  0  1  0  0  0  0 ]  [ 0  0  0  1  0  0  0  0  0  0 ]  [ 0  0  0  0  0  1  0  0  0  0 ]  [ 0  0  0  0  0  0  0  0  0  1 ]  [ 0  0  0  1  0  0  0  0  0  0 ]  [ 0  0  0  0  0  1  0  0  0  0 ]  [ 1  0  0  0  0  0  0  0  0  0 ]  [ 0  0  0  1  0  0  0  0  0  0 ]  [ 0  0  0  0  0  0  0  0  1  0 ]  [ 1  0  0  0  0  0  0  0  0  0 ]  [ 0  0  0  0  0  0  0  0  0  1 ]  [ 0  0  0  0  0  0  0  0  0  1 ]  [ 1  0  0  0  0  0  0  0  0  0 ]  [ 0  0  0  0  0  0  0  0  0  1 ]  [ 0  0  0  1  0  0  0  0  0  0 ]  [ 0  0  0  0  0  0  0  0  1  0 ]  [ 0  0  0  0  0  0  0  0  1  0 ]  [ 0  0  0  1  0  0  0  0  0  0 ]  [ 0  0  0  0  0  0  0  0  1  0 ]  [ 0  0  0  0  0  0  0  0  1  0 ]  [ 0  0  0  0  0  0  0  0  0  1 ]  [ 0  0  0  1  0  0  0  0  0  0 ]  [ 0  0  0  0  0  0  0  0  1  0 ]  [ 0  0  0  0  0  0  0  0  0  1 ]  [ 0  0  0  0  0  0  0  0  1  0 ]  [ 0  0  0  0  0  1  0  0  0  0 ]  [ 1  0  0  0  0  0  0  0  0  0 ]  [ 0  0  0  0  0  1  0  0  0  0 ]  [ 0  0  0  1  0  0  0  0  0  0 ]  [ 0  0  0  0  0  0  0  0  1  0 ]  [ 0  0  0  0  0  0  0  0  1  0 ]  [ 0  0  0  0  0  1  0  0  0  0 ]  [ 1  0  0  0  0  0  0  0  0  0 ]  [ 0  0  0  0  0  0  0  0  1  0 ]  [ 0  0  0  0  0  0  0  0  1  0 ]  [ 1  0  0  0  0  0  0  0  0  0 ]  [ 0  0  0  0  0  0  0  0  0  1 ]  [ 0  0  0  0  0  0  0  0  1  0 ]  [ 1  0  0  0  0  0  0  0  0  0 ]  [ 0  0  0  0  0  0  0  0  0  1 ]  [ 1  0  0  0  0  0  0  0  0  0 ]  [ 0  0  0  1  0  0  0  0  0  0 ]  [ 0  0  0  0  0  0  0  0  1  0 ]  [ 0  0  0  0  0  1  0  0  0  0 ]  [ 0  0  0  0  0  1  0  0  0  0 ]  [ 0  0  0  0  0  0  0  0  1  0 ]  [ 0  0  0  0  0  1  0  0  0  0 ]  [ 0  0  0  1  0  0  0  0  0  0 ]  [ 1  0  0  0  0  0  0  0  0  0 ]  [ 1  0  0  0  0  0  0  0  0  0 ]  [ 0  0  0  0  0  0  0  0  1  0 ]  [ 0  0  0  0  0  0  0  0  1  0 ]  [ 0  0  0  0  0  1  0  0  0  0 ]  [ 0  0  0  0  0  0  0  0  1  0 ]  [ 0  0  0  1  0  0  0  0  0  0 ]  [ 0  0  0  1  0  0  0  0  0  0 ]  [ 0  0  0  1  0  0  0  0  0  0 ]  [ 0  0  0  0  0  0  0  0  0  1 ]  [ 1  0  0  0  0  0  0  0  0  0 ]  [ 0  0  0  0  0  1  0  0  0  0 ]  [ 0  0  0  1  0  0  0  0  0  0 ]  [ 0  0  0  0  0  0  0  0  1  0 ]  [ 0  0  0  1  0  0  0  0  0  0 ]  [ 0  0  0  1  0  0  0  0  0  0 ]  [ 0  0  0  0  0  1  0  0  0  0 ]  [ 0  0  0  0  0  1  0  0  0  0 ]  [ 0  0  0  0  0  0  0  0  1  0 ]  [ 0  0  0  1  0  0  0  0  0  0 ]  [ 0  0  0  0  0  0  0  0  0  1 ]  [ 1  0  0  0  0  0  0  0  0  0 ]  [ 0  0  0  1  0  0  0  0  0  0 ]  [ 1  0  0  0  0  0  0  0  0  0 ]  [ 1  0  0  0  0  0  0  0  0  0 ]  [ 0  0  0  0  0  0  0  0  1  0 ]  [ 0  0  0  0  0  0  0  0  1  0 ]  [ 1  0  0  0  0  0  0  0  0  0 ]  [ 1  0  0  0  0  0  0  0  0  0 ]  [ 0  0  0  0  0  1  0  0  0  0 ]  [ 0  0  0  0  0  0  0  0  1  0 ]  [ 0  0  0  0  0  0  0  0  0  1 ]  [ 0  0  0  0  0  0  0  0  1  0 ]  [ 0  0  0  0  0  1  0  0  0  0 ]  [ 1  0  0  0  0  0  0  0  0  0 ]  [ 0  0  0  1  0  0  0  0  0  0 ]  [ 1  0  0  0  0  0  0  0  0  0 ]  [ 0  0  0  0  0  1  0  0  0  0 ]  [ 0  0  0  0  0  1  0  0  0  0 ]  [ 0  0  0  1  0  0  0  0  0  0 ]  [ 0  0  0  1  0  0  0  0  0  0 ]  [ 0  0  0  0  0  0  0  0  1  0 ]  [ 1  0  0  0  0  0  0  0  0  0 ]  [ 0  0  0  0  0  0  0  0  0  1 ]  [ 0  0  0  0  0  0  0  0  0  1 ]  [ 0  0  0  0  0  0  0  0  0  1 ]  [ 0  0  0  1  0  0  0  0  0  0 ]  [ 0  0  0  0  0  1  0  0  0  0 ]  [ 0  0  0  0  0  1  0  0  0  0 ]  [ 0  0  0  0  0  0  0  0  1  0 ]  [ 0  0  0  0  0  0  0  0  0  1 ]  [ 0  0  0  0  0  0  0  0  1  0 ]  [ 0  0  0  1  0  0  0  0  0  0 ]  [ 0  0  0  0  0  0  0  0  0  1 ]  [ 0  0  0  0  0  1  0  0  0  0 ]  [ 0  0  0  0  0  0  0  0  1  0 ]  [ 0  0  0  0  0  0  0  0  1  0 ]  [ 1  0  0  0  0  0  0  0  0  0 ]  [ 0  0  0  0  0  0  0  0  1  0 ]  [ 0  0  0  0  0  0  0  0  1  0 ]  [ 0  0  0  0  0  1  0  0  0  0 ]  [ 0  0  0  0  0  1  0  0  0  0 ]  [ 0  0  0  0  0  1  0  0  0  0 ]  [ 1  0  0  0  0  0  0  0  0  0 ]  [ 0  0  0  0  0  1  0  0  0  0 ]  [ 1  0  0  0  0  0  0  0  0  0 ]  [ 0  0  0  0  0  1  0  0  0  0 ]  [ 0  0  0  0  0  0  0  0  1  0 ]  [ 0  0  0  0  0  1  0  0  0  0 ]  [ 0  0  0  0  0  1  0  0  0  0 ]  [ 0  0  0  0  0  0  0  0  0  1 ]  [ 0  0  0  0  0  0  0  0  0  1 ]  [ 1  0  0  0  0  0  0  0  0  0 ]  [ 0  0  0  0  0  0  0  0  1  0 ]  [ 0  0  0  0  0  0  0  0  1  0 ]  [ 1  0  0  0  0  0  0  0  0  0 ]  [ 0  0  0  1  0  0  0  0  0  0 ]  [ 0  0  0  1  0  0  0  0  0  0 ]  [ 1  0  0  0  0  0  0  0  0  0 ]  [ 0  0  0  0  0  1  0  0  0  0 ]  [ 0  0  0  0  0  0  0  0  0  1 ]  [ 0  0  0  1  0  0  0  0  0  0 ]  [ 0  0  0  0  0  0  0  0  0  1 ]  [ 0  0  0  0  0  0  0  0  1  0 ]  [ 1  0  0  0  0  0  0  0  0  0 ]  [ 0  0  0  0  0  0  0  0  0  1 ]  [ 0  0  0  0  0  0  0  0  1  0 ]  [ 0  0  0  0  0  0  0  0  0  1 ]  [ 0  0  0  0  0  0  0  0  1  0 ]  [ 0  0  0  0  0  0  0  0  1  0 ]  [ 0  0  0  1  0  0  0  0  0  0 ]  [ 0  0  0  0  0  0  0  0  0  1 ]  [ 0  0  0  0  0  0  0  0  0  1 ]  [ 0  0  0  0  0  0  0  0  0  1 ]  [ 0  0  0  0  0  1  0  0  0  0 ]  [ 0  0  0  0  0  0  0  0  1  0 ]  [ 0  0  0  0  0  1  0  0  0  0 ]  [ 1  0  0  0  0  0  0  0  0  0 ]  [ 1  0  0  0  0  0  0  0  0  0 ]  [ 1  0  0  0  0  0  0  0  0  0 ]  [ 0  0  0  1  0  0  0  0  0  0 ]  [ 1  0  0  0  0  0  0  0  0  0 ]  [ 0  0  0  0  0  1  0  0  0  0 ]  [ 0  0  0  0  0  0  0  0  1  0 ]  [ 0  0  0  0  0  1  0  0  0  0 ]  [ 0  0  0  0  0  1  0  0  0  0 ]  [ 0  0  0  0  0  0  0  0  1  0 ]  [ 0  0  0  1  0  0  0  0  0  0 ]  [ 0  0  0  0  0  1  0  0  0  0 ]  [ 0  0  0  0  0  0  0  0  1  0 ]  [ 0  0  0  0  0  1  0  0  0  0 ]  [ 1  0  0  0  0  0  0  0  0  0 ]  [ 0  0  0  0  0  0  0  0  0  1 ]  [ 0  0  0  0  0  0  0  0  1  0 ]  [ 0  0  0  1  0  0  0  0  0  0 ]  [ 0  0  0  1  0  0  0  0  0  0 ]  [ 0  0  0  0  0  1  0  0  0  0 ]  [ 0  0  0  0  0  1  0  0  0  0 ]  [ 0  0  0  1  0  0  0  0  0  0 ]  [ 1  0  0  0  0  0  0  0  0  0 ]  [ 0  0  0  1  0  0  0  0  0  0 ]  [ 0  0  0  0  0  0  0  0  1  0 ]  [ 1  0  0  0  0  0  0  0  0  0 ]  [ 0  0  0  0  0  1  0  0  0  0 ]  [ 1  0  0  0  0  0  0  0  0  0 ]  [ 0  0  0  1  0  0  0  0  0  0 ]  [ 1  0  0  0  0  0  0  0  0  0 ]  [ 0  0  0  0  0  1  0  0  0  0 ]  [ 1  0  0  0  0  0  0  0  0  0 ]  [ 1  0  0  0  0  0  0  0  0  0 ]  [ 1  0  0  0  0  0  0  0  0  0 ]  [ 1  0  0  0  0  0  0  0  0  0 ]  [ 0  0  0  0  0  1  0  0  0  0 ]  [ 1  0  0  0  0  0  0  0  0  0 ]  [ 1  0  0  0  0  0  0  0  0  0 ]  [ 0  0  0  0  0  1  0  0  0  0 ]  [ 0  0  0  0  0  1  0  0  0  0 ]  [ 0  0  0  0  0  0  0  0  1  0 ]  [ 1  0  0  0  0  0  0  0  0  0 ]  [ 0  0  0  0  0  1  0  0  0  0 ]  [ 0  0  0  1  0  0  0  0  0  0 ]  [ 1  0  0  0  0  0  0  0  0  0 ]  [ 0  0  0  0  0  0  0  0  0  1 ]  [ 0  0  0  1  0  0  0  0  0  0 ]  [ 1  0  0  0  0  0  0  0  0  0 ]  [ 0  0  0  0  0  1  0  0  0  0 ]  [ 1  0  0  0  0  0  0  0  0  0 ]  [ 0  0  0  0  0  0  0  0  1  0 ]  [ 0  0  0  1  0  0  0  0  0  0 ]  [ 1  0  0  0  0  0  0  0  0  0 ]  [ 1  0  0  0  0  0  0  0  0  0 ]  [ 0  0  0  0  0  0  0  0  1  0 ]  [ 0  0  0  1  0  0  0  0  0  0 ]  [ 0  0  0  0  0  0  0  0  1  0 ]  [ 0  0  0  0  0  1  0  0  0  0 ]  [ 0  0  0  0  0  0  0  0  0  1 ]  [ 0  0  0  1  0  0  0  0  0  0 ]  [ 0  0  0  1  0  0  0  0  0  0 ]  [ 0  0  0  1  0  0  0  0  0  0 ]  [ 0  0  0  0  0  0  0  0  0  1 ]  [ 0  0  0  0  0  0  0  0  1  0 ]  [ 0  0  0  1  0  0  0  0  0  0 ]  [ 1  0  0  0  0  0  0  0  0  0 ]  [ 0  0  0  0  0  0  0  0  1  0 ]  [ 0  0  0  0  0  0  0  0  0  1 ]  [ 0  0  0  0  0  1  0  0  0  0 ]  [ 1  0  0  0  0  0  0  0  0  0 ]  [ 1  0  0  0  0  0  0  0  0  0 ]  [ 1  0  0  0  0  0  0  0  0  0 ]  [ 1  0  0  0  0  0  0  0  0  0 ]  [ 1  0  0  0  0  0  0  0  0  0 ]  [ 1  0  0  0  0  0  0  0  0  0 ]  [ 0  0  0  0  0  0  0  0  1  0 ]  [ 0  0  0  0  0  0  0  0  0  1 ]  [ 0  0  0  1  0  0  0  0  0  0 ]  [ 0  0  0  0  0  0  0  0  0  1 ]  [ 0  0  0  0  0  1  0  0  0  0 ]  [ 0  0  0  0  0  0  0  0  0  1 ]  [ 0  0  0  0  0  0  0  0  0  1 ]  [ 0  0  0  0  0  0  0  0  0  1 ]  [ 1  0  0  0  0  0  0  0  0  0 ]  [ 0  0  0  1  0  0  0  0  0  0 ]  [ 0  0  0  0  0  0  0  0  1  0 ]  [ 0  0  0  0  0  0  0  0  0  1 ]  [ 1  0  0  0  0  0  0  0  0  0 ]  [ 0  0  0  1  0  0  0  0  0  0 ]  [ 0  0  0  0  0  0  0  0  0  1 ]  [ 1  0  0  0  0  0  0  0  0  0 ]  [ 0  0  0  1  0  0  0  0  0  0 ]  [ 0  0  0  1  0  0  0  0  0  0 ]  [ 0  0  0  0  0  0  0  0  1  0 ]  [ 0  0  0  0  0  0  0  0  0  1 ]  [ 1  0  0  0  0  0  0  0  0  0 ]  [ 0  0  0  0  0  0  0  0  1  0 ]  [ 0  0  0  0  0  0  0  0  1  0 ]  [ 0  0  0  0  0  0  0  0  0  1 ]  [ 0  0  0  0  0  1  0  0  0  0 ]  [ 0  0  0  0  0  0  0  0  0  1 ]  [ 0  0  0  1  0  0  0  0  0  0 ]  [ 0  0  0  0  0  1  0  0  0  0 ]  [ 0  0  0  1  0  0  0  0  0  0 ]  [ 0  0  0  0  0  0  0  0  1  0 ]  [ 0  0  0  0  0  1  0  0  0  0 ]  [ 0  0  0  1  0  0  0  0  0  0 ]  [ 1  0  0  0  0  0  0  0  0  0 ]  [ 0  0  0  0  0  0  0  0  1  0 ]  [ 0  0  0  0  0  0  0  0  1  0 ]  [ 0  0  0  0  0  0  0  0  1  0 ]  [ 0  0  0  1  0  0  0  0  0  0 ]  [ 0  0  0  0  0  1  0  0  0  0 ]  [ 1  0  0  0  0  0  0  0  0  0 ]  [ 0  0  0  0  0  0  0  0  1  0 ]  [ 1  0  0  0  0  0  0  0  0  0 ]  [ 0  0  0  0  0  1  0  0  0  0 ]  [ 0  0  0  0  0  0  0  0  1  0 ]  [ 0  0  0  0  0  0  0  0  1  0 ]  [ 1  0  0  0  0  0  0  0  0  0 ]  [ 0  0  0  1  0  0  0  0  0  0 ]  [ 0  0  0  0  0  0  0  0  0  1 ]  [ 0  0  0  0  0  0  0  0  1  0 ]  [ 0  0  0  0  0  0  0  0  0  1 ]  [ 0  0  0  0  0  0  0  0  0  1 ]  [ 0  0  0  0  0  1  0  0  0  0 ]  [ 0  0  0  0  0  0  0  0  0  1 ]  [ 0  0  0  0  0  0  0  0  1  0 ]  [ 0  0  0  1  0  0  0  0  0  0 ]  [ 0  0  0  1  0  0  0  0  0  0 ]  [ 1  0  0  0  0  0  0  0  0  0 ]  [ 0  0  0  1  0  0  0  0  0  0 ]  [ 0  0  0  0  0  0  0  0  0  1 ]  [ 1  0  0  0  0  0  0  0  0  0 ]  [ 0  0  0  0  0  1  0  0  0  0 ]  [ 1  0  0  0  0  0  0  0  0  0 ]  [ 1  0  0  0  0  0  0  0  0  0 ]  [ 0  0  0  0  0  0  0  0  1  0 ]  [ 0  0  0  1  0  0  0  0  0  0 ]  [ 1  0  0  0  0  0  0  0  0  0 ]  [ 1  0  0  0  0  0  0  0  0  0 ]  [ 0  0  0  0  0  0  0  0  1  0 ]  [ 0  0  0  0  0  1  0  0  0  0 ]  [ 1  0  0  0  0  0  0  0  0  0 ]  [ 0  0  0  1  0  0  0  0  0  0 ]  [ 0  0  0  0  0  0  0  0  0  1 ]  [ 0  0  0  1  0  0  0  0  0  0 ]  [ 0  0  0  0  0  1  0  0  0  0 ]  [ 0  0  0  0  0  1  0  0  0  0 ]  [ 0  0  0  0  0  0  0  0  1  0 ]  [ 0  0  0  0  0  0  0  0  1  0 ]  [ 0  0  0  0  0  0  0  0  1  0 ]  [ 0  0  0  0  0  1  0  0  0  0 ]  [ 1  0  0  0  0  0  0  0  0  0 ]  [ 1  0  0  0  0  0  0  0  0  0 ]  [ 1  0  0  0  0  0  0  0  0  0 ]  [ 0  0  0  0  0  0  0  0  0  1 ]  [ 1  0  0  0  0  0  0  0  0  0 ]  [ 1  0  0  0  0  0  0  0  0  0 ]  [ 0  0  0  0  0  0  0  0  0  1 ]  [ 1  0  0  0  0  0  0  0  0  0 ]  [ 0  0  0  0  0  0  0  0  0  1 ]  [ 1  0  0  0  0  0  0  0  0  0 ]  [ 0  0  0  0  0  1  0  0  0  0 ]  [ 0  0  0  1  0  0  0  0  0  0 ]  [ 0  0  0  0  0  0  0  0  0  1 ]  [ 0  0  0  0  0  0  0  0  1  0 ]  [ 0  0  0  0  0  0  0  0  1  0 ]  [ 0  0  0  0  0  0  0  0  1  0 ]  [ 0  0  0  0  0  0  0  0  0  1 ]  [ 0  0  0  1  0  0  0  0  0  0 ]  [ 0  0  0  0  0  0  0  0  1  0 ]  [ 0  0  0  0  0  1  0  0  0  0 ]  [ 1  0  0  0  0  0  0  0  0  0 ]  [ 0  0  0  0  0  0  0  0  0  1 ]  [ 0  0  0  0  0  1  0  0  0  0 ]  [ 0  0  0  0  0  0  0  0  0  1 ]  [ 0  0  0  1  0  0  0  0  0  0 ]  [ 0  0  0  0  0  1  0  0  0  0 ]  [ 0  0  0  0  0  1  0  0  0  0 ]  [ 0  0  0  0  0  0  0  0  1  0 ]  [ 1  0  0  0  0  0  0  0  0  0 ]  [ 0  0  0  1  0  0  0  0  0  0 ]  [ 0  0  0  0  0  1  0  0  0  0 ]  [ 1  0  0  0  0  0  0  0  0  0 ]  [ 0  0  0  0  0  1  0  0  0  0 ]  [ 0  0  0  0  0  0  0  0  1  0 ]  [ 0  0  0  0  0  1  0  0  0  0 ]  [ 0  0  0  0  0  0  0  0  1  0 ]  [ 0  0  0  0  0  0  0  0  1  0 ]  [ 0  0  0  1  0  0  0  0  0  0 ]  [ 0  0  0  1  0  0  0  0  0  0 ]  [ 0  0  0  0  0  0  0  0  0  1 ]  [ 0  0  0  1  0  0  0  0  0  0 ]  [ 0  0  0  0  0  1  0  0  0  0 ]  [ 1  0  0  0  0  0  0  0  0  0 ]  [ 0  0  0  1  0  0  0  0  0  0 ]  [ 1  0  0  0  0  0  0  0  0  0 ]  [ 0  0  0  0  0  0  0  0  0  1 ]  [ 0  0  0  0  0  0  0  0  1  0 ]  [ 0  0  0  0  0  0  0  0  0  1 ]  [ 0  0  0  0  0  0  0  0  0  1 ]  [ 0  0  0  0  0  0  0  0  1  0 ]  [ 0  0  0  0  0  0  0  0  0  1 ]  [ 0  0  0  0  0  1  0  0  0  0 ]  [ 0  0  0  0  0  1  0  0  0  0 ]  [ 0  0  0  0  0  0  0  0  0  1 ]  [ 0  0  0  0  0  0  0  0  0  1 ]  [ 0  0  0  0  0  0  0  0  0  1 ]  [ 0  0  0  0  0  1  0  0  0  0 ]  [ 0  0  0  0  0  0  0  0  1  0 ]  [ 0  0  0  0  0  1  0  0  0  0 ]  [ 0  0  0  0  0  0  0  0  0  1 ]  [ 0  0  0  0  0  0  0  0  0  1 ]  [ 0  0  0  1  0  0  0  0  0  0 ]  [ 0  0  0  0  0  0  0  0  0  1 ]  [ 1  0  0  0  0  0  0  0  0  0 ]  [ 1  0  0  0  0  0  0  0  0  0 ]  [ 0  0  0  0  0  0  0  0  1  0 ]  [ 0  0  0  1  0  0  0  0  0  0 ]  [ 0  0  0  0  0  1  0  0  0  0 ]  [ 0  0  0  0  0  0  0  0  1  0 ]  [ 1  0  0  0  0  0  0  0  0  0 ]  [ 0  0  0  0  0  0  0  0  1  0 ]  [ 0  0  0  1  0  0  0  0  0  0 ]  [ 0  0  0  0  0  1  0  0  0  0 ]  [ 0  0  0  1  0  0  0  0  0  0 ]  [ 0  0  0  0  0  0  0  0  1  0 ]  [ 0  0  0  0  0  0  0  0  1  0 ]  [ 0  0  0  1  0  0  0  0  0  0 ]  [ 1  0  0  0  0  0  0  0  0  0 ]  [ 0  0  0  1  0  0  0  0  0  0 ]  [ 0  0  0  0  0  1  0  0  0  0 ]  [ 1  0  0  0  0  0  0  0  0  0 ]  [ 1  0  0  0  0  0  0  0  0  0 ]  [ 0  0  0  0  0  0  0  0  1  0 ]  [ 0  0  0  0  0  0  0  0  1  0 ]  [ 0  0  0  0  0  0  0  0  0  1 ]  [ 0  0  0  0  0  0  0  0  0  1 ]  [ 0  0  0  0  0  0  0  0  0  1 ]  [ 0  0  0  1  0  0  0  0  0  0 ]  [ 1  0  0  0  0  0  0  0  0  0 ]  [ 0  0  0  1  0  0  0  0  0  0 ]  [ 0  0  0  0  0  1  0  0  0  0 ]  [ 0  0  0  0  0  1  0  0  0  0 ]  [ 0  0  0  0  0  1  0  0  0  0 ]  [ 0  0  0  1  0  0  0  0  0  0 ]  [ 0  0  0  0  0  0  0  0  0  1 ]  [ 0  0  0  1  0  0  0  0  0  0 ]  [ 0  0  0  0  0  1  0  0  0  0 ]  [ 0  0  0  0  0  0  0  0  0  1 ]  [ 0  0  0  0  0  0  0  0  0  1 ]  [ 0  0  0  1  0  0  0  0  0  0 ]  [ 0  0  0  1  0  0  0  0  0  0 ]  [ 0  0  0  0  0  0  0  0  0  1 ]  [ 1  0  0  0  0  0  0  0  0  0 ]  [ 1  0  0  0  0  0  0  0  0  0 ]  [ 0  0  0  0  0  1  0  0  0  0 ]  [ 0  0  0  0  0  1  0  0  0  0 ]  [ 1  0  0  0  0  0  0  0  0  0 ]  [ 1  0  0  0  0  0  0  0  0  0 ]  [ 0  0  0  1  0  0  0  0  0  0 ]  [ 0  0  0  0  0  0  0  0  1  0 ]  [ 0  0  0  0  0  1  0  0  0  0 ]  [ 0  0  0  0  0  0  0  0  0  1 ]  [ 0  0  0  0  0  0  0  0  1  0 ]  [ 0  0  0  0  0  0  0  0  0  1 ]  [ 1  0  0  0  0  0  0  0  0  0 ]  [ 1  0  0  0  0  0  0  0  0  0 ]  [ 1  0  0  0  0  0  0  0  0  0 ]  [ 0  0  0  0  0  1  0  0  0  0 ]  [ 0  0  0  1  0  0  0  0  0  0 ]  [ 1  0  0  0  0  0  0  0  0  0 ]  [ 0  0  0  0  0  1  0  0  0  0 ]  [ 1  0  0  0  0  0  0  0  0  0 ]  [ 0  0  0  1  0  0  0  0  0  0 ]  [ 0  0  0  1  0  0  0  0  0  0 ]  [ 0  0  0  0  0  0  0  0  0  1 ]  [ 0  0  0  0  0  1  0  0  0  0 ]  [ 0  0  0  1  0  0  0  0  0  0 ]  [ 1  0  0  0  0  0  0  0  0  0 ]  [ 0  0  0  0  0  1  0  0  0  0 ]  [ 0  0  0  0  0  0  0  0  1  0 ]  [ 0  0  0  0  0  0  0  0  1  0 ]  [ 0  0  0  0  0  0  0  0  0  1 ]  [ 0  0  0  0  0  0  0  0  0  1 ]  [ 0  0  0  1  0  0  0  0  0  0 ]  [ 1  0  0  0  0  0  0  0  0  0 ]  [ 0  0  0  0  0  0  0  0  1  0 ]  [ 0  0  0  0  0  0  0  0  1  0 ]  [ 0  0  0  0  0  1  0  0  0  0 ]  [ 0  0  0  0  0  0  0  0  0  1 ]  [ 0  0  0  0  0  1  0  0  0  0 ]  [ 0  0  0  1  0  0  0  0  0  0 ]  [ 1  0  0  0  0  0  0  0  0  0 ]  [ 1  0  0  0  0  0  0  0  0  0 ]  [ 0  0  0  0  0  0  0  0  1  0 ]  [ 0  0  0  0  0  0  0  0  0  1 ]  [ 0  0  0  0  0  0  0  0  0  1 ]  [ 0  0  0  0  0  1  0  0  0  0 ]  [ 0  0  0  0  0  0  0  0  1  0 ]  [ 0  0  0  0  0  0  0  0  0  1 ]  [ 0  0  0  0  0  0  0  0  0  1 ]  [ 0  0  0  0  0  0  0  0  1  0 ]  [ 0  0  0  0  0  1  0  0  0  0 ]  [ 0  0  0  0  0  1  0  0  0  0 ]  [ 1  0  0  0  0  0  0  0  0  0 ]  [ 1  0  0  0  0  0  0  0  0  0 ]  [ 0  0  0  0  0  0  0  0  1  0 ]  [ 0  0  0  0  0  0  0  0  0  1 ]  [ 0  0  0  0  0  1  0  0  0  0 ]  [ 0  0  0  0  0  1  0  0  0  0 ]  [ 0  0  0  1  0  0  0  0  0  0 ]  [ 0  0  0  0  0  1  0  0  0  0 ]  [ 0  0  0  0  0  0  0  0  0  1 ]  [ 0  0  0  0  0  1  0  0  0  0 ]  [ 0  0  0  0  0  0  0  0  0  1 ]  [ 1  0  0  0  0  0  0  0  0  0 ]  [ 0  0  0  1  0  0  0  0  0  0 ]  [ 0  0  0  0  0  1  0  0  0  0 ]  [ 0  0  0  0  0  1  0  0  0  0 ]  [ 0  0  0  0  0  0  0  0  0  1 ]  [ 0  0  0  0  0  0  0  0  0  1 ]  [ 0  0  0  0  0  0  0  0  0  1 ]  [ 0  0  0  0  0  0  0  0  1  0 ]  [ 1  0  0  0  0  0  0  0  0  0 ]  [ 0  0  0  0  0  1  0  0  0  0 ]  [ 0  0  0  0  0  1  0  0  0  0 ]  [ 0  0  0  0  0  1  0  0  0  0 ]  [ 0  0  0  1  0  0  0  0  0  0 ]  [ 0  0  0  0  0  0  0  0  1  0 ]  [ 0  0  0  0  0  0  0  0  0  1 ]  [ 1  0  0  0  0  0  0  0  0  0 ]  [ 0  0  0  0  0  0  0  0  1  0 ]  [ 0  0  0  1  0  0  0  0  0  0 ]  [ 0  0  0  0  0  1  0  0  0  0 ]  [ 0  0  0  0  0  0  0  0  0  1 ]  [ 0  0  0  0  0  0  0  0  0  1 ]  [ 0  0  0  0  0  0  0  0  1  0 ]  [ 1  0  0  0  0  0  0  0  0  0 ]  [ 0  0  0  0  0  0  0  0  0  1 ]  [ 1  0  0  0  0  0  0  0  0  0 ]  [ 0  0  0  1  0  0  0  0  0  0 ]  [ 0  0  0  0  0  0  0  0  0  1 ]  [ 0  0  0  1  0  0  0  0  0  0 ]  [ 0  0  0  1  0  0  0  0  0  0 ]  [ 0  0  0  0  0  0  0  0  0  1 ]  [ 0  0  0  0  0  0  0  0  0  1 ]  [ 0  0  0  1  0  0  0  0  0  0 ]  [ 0  0  0  1  0  0  0  0  0  0 ]  [ 0  0  0  1  0  0  0  0  0  0 ]  [ 1  0  0  0  0  0  0  0  0  0 ]  [ 0  0  0  1  0  0  0  0  0  0 ]  [ 0  0  0  0  0  0  0  0  0  1 ]  [ 1  0  0  0  0  0  0  0  0  0 ]  [ 0  0  0  1  0  0  0  0  0  0 ]  [ 1  0  0  0  0  0  0  0  0  0 ]  [ 1  0  0  0  0  0  0  0  0  0 ]  [ 0  0  0  0  0  1  0  0  0  0 ]  [ 0  0  0  0  0  0  0  0  1  0 ]  [ 0  0  0  0  0  0  0  0  0  1 ]  [ 0  0  0  0  0  0  0  0  1  0 ]  [ 0  0  0  0  0  0  0  0  0  1 ]  [ 1  0  0  0  0  0  0  0  0  0 ]  [ 0  0  0  1  0  0  0  0  0  0 ]  [ 0  0  0  0  0  0  0  0  0  1 ]  [ 1  0  0  0  0  0  0  0  0  0 ]  [ 0  0  0  1  0  0  0  0  0  0 ]  [ 0  0  0  0  0  1  0  0  0  0 ]  [ 0  0  0  1  0  0  0  0  0  0 ]  [ 0  0  0  0  0  1  0  0  0  0 ]  [ 1  0  0  0  0  0  0  0  0  0 ]  [ 0  0  0  1  0  0  0  0  0  0 ]  [ 0  0  0  0  0  0  0  0  0  1 ]  [ 1  0  0  0  0  0  0  0  0  0 ]  [ 0  0  0  0  0  0  0  0  0  1 ]  [ 1  0  0  0  0  0  0  0  0  0 ]  [ 0  0  0  0  0  0  0  0  0  1 ]  [ 0  0  0  0  0  0  0  0  1  0 ]  [ 0  0  0  0  0  0  0  0  1  0 ]  [ 1  0  0  0  0  0  0  0  0  0 ]  [ 1  0  0  0  0  0  0  0  0  0 ]  [ 0  0  0  0  0  0  0  0  1  0 ]  [ 1  0  0  0  0  0  0  0  0  0 ]  [ 1  0  0  0  0  0  0  0  0  0 ]  [ 0  0  0  0  0  0  0  0  0  1 ]  [ 0  0  0  0  0  0  0  0  0  1 ]  [ 1  0  0  0  0  0  0  0  0  0 ]  [ 0  0  0  0  0  0  0  0  0  1 ]  [ 0  0  0  0  0  1  0  0  0  0 ]  [ 0  0  0  1  0  0  0  0  0  0 ]  [ 1  0  0  0  0  0  0  0  0  0 ]  [ 0  0  0  1  0  0  0  0  0  0 ]  [ 0  0  0  0  0  0  0  0  0  1 ]  [ 0  0  0  1  0  0  0  0  0  0 ]  [ 1  0  0  0  0  0  0  0  0  0 ]  [ 1  0  0  0  0  0  0  0  0  0 ]  [ 1  0  0  0  0  0  0  0  0  0 ]  [ 0  0  0  1  0  0  0  0  0  0 ]  [ 0  0  0  0  0  0  0  0  0  1 ]  [ 1  0  0  0  0  0  0  0  0  0 ]  [ 1  0  0  0  0  0  0  0  0  0 ]  [ 0  0  0  0  0  0  0  0  0  1 ]  [ 0  0  0  0  0  0  0  0  0  1 ]  [ 0  0  0  0  0  0  0  0  0  1 ]  [ 0  0  0  1  0  0  0  0  0  0 ]  [ 0  0  0  1  0  0  0  0  0  0 ]  [ 0  0  0  0  0  0  0  0  0  1 ]  [ 0  0  0  0  0  1  0  0  0  0 ]  [ 0  0  0  0  0  0  0  0  1  0 ]  [ 0  0  0  1  0  0  0  0  0  0 ]  [ 1  0  0  0  0  0  0  0  0  0 ]  [ 0  0  0  1  0  0  0  0  0  0 ]  [ 0  0  0  0  0  0  0  0  1  0 ]  [ 0  0  0  0  0  0  0  0  1  0 ]  [ 0  0  0  0  0  1  0  0  0  0 ]  [ 0  0  0  0  0  1  0  0  0  0 ]  [ 0  0  0  0  0  1  0  0  0  0 ]  [ 0  0  0  0  0  1  0  0  0  0 ]  [ 0  0  0  0  0  1  0  0  0  0 ]  [ 0  0  0  0  0  0  0  0  0  1 ]  [ 0  0  0  1  0  0  0  0  0  0 ]  [ 0  0  0  0  0  1  0  0  0  0 ]  [ 0  0  0  0  0  0  0  0  0  1 ]  [ 0  0  0  0  0  0  0  0  0  1 ]  [ 1  0  0  0  0  0  0  0  0  0 ]  [ 0  0  0  0  0  0  0  0  0  1 ]  [ 0  0  0  0  0  0  0  0  0  1 ]  [ 1  0  0  0  0  0  0  0  0  0 ]  [ 0  0  0  1  0  0  0  0  0  0 ] ];

ObjRequests = {  <1,1,181>, <2,1,62>, <3,1,75>, <4,1,71>, <5,1,24>, <6,1,30>, <7,1,41>, <8,1,28>, <9,1,23>, <10,1,37>, <11,1,11>, <12,1,24>, <13,1,11>, <14,1,34>, <15,1,18>, <16,1,28>, <17,1,10>, <18,1,9>, <19,1,2>, <20,1,11>, <21,1,1>, <22,1,10>, <23,1,3>, <24,1,13>, <25,1,6>, <26,1,15>, <27,1,4>, <28,1,22>, <29,1,9>, <30,1,8>, <31,1,1>, <32,1,7>, <33,1,2>, <34,1,9>, <35,1,7>, <36,1,14>, <37,1,4>, <38,1,18>, <39,1,18>, <40,1,3>, <41,1,6>, <42,1,8>, <43,1,2>, <45,1,6>, <46,1,6>, <47,1,7>, <48,1,2>, <49,1,8>, <50,1,5>, <51,1,7>, <52,1,1>, <54,1,4>, <55,1,6>, <56,1,1>, <57,1,3>, <58,1,1>, <60,1,7>, <61,1,7>, <62,1,9>, <63,1,1>, <64,1,3>, <65,1,2>, <67,1,1>, <68,1,3>, <69,1,6>, <70,1,1>, <71,1,4>, <72,1,1>, <73,1,5>, <74,1,4>, <75,1,3>, <76,1,3>, <77,1,1>, <78,1,1>, <79,1,5>, <82,1,2>, <83,1,1>, <84,1,3>, <85,1,2>, <86,1,5>, <87,1,4>, <88,1,5>, <89,1,1>, <90,1,1>, <91,1,2>, <92,1,6>, <94,1,2>, <97,1,3>, <98,1,1>, <99,1,3>, <103,1,4>, <104,1,4>, <105,1,2>, <106,1,1>, <108,1,1>, <109,1,2>, <110,1,1>, <111,1,4>, <112,1,1>, <113,1,5>, <114,1,2>, <115,1,5>, <116,1,3>, <117,1,3>, <118,1,1>, <119,1,1>, <120,1,1>, <121,1,1>, <122,1,1>, <123,1,1>, <124,1,1>, <125,1,2>, <128,1,2>, <130,1,1>, <131,1,1>, <133,1,2>, <134,1,2>, <135,1,1>, <136,1,1>, <139,1,1>, <140,1,1>, <141,1,1>, <142,1,1>, <143,1,3>, <144,1,1>, <146,1,1>, <147,1,2>, <148,1,1>, <149,1,3>, <150,1,3>, <151,1,1>, <152,1,2>, <154,1,5>, <156,1,1>, <158,1,1>, <159,1,1>, <161,1,5>, <162,1,2>, <163,1,1>, <164,1,2>, <166,1,1>, <167,1,2>, <169,1,1>, <171,1,1>, <172,1,2>, <173,1,4>, <174,1,2>, <175,1,2>, <176,1,1>, <177,1,1>, <178,1,1>, <182,1,6>, <183,1,1>, <184,1,1>, <187,1,1>, <189,1,1>, <191,1,1>, <192,1,2>, <194,1,1>, <195,1,2>, <196,1,1>, <197,1,1>, <198,1,2>, <199,1,3>, <200,1,1>, <202,1,1>, <203,1,1>, <204,1,1>, <208,1,1>, <211,1,2>, <212,1,4>, <215,1,1>, <216,1,1>, <217,1,1>, <218,1,3>, <219,1,1>, <220,1,1>, <225,1,1>, <226,1,4>, <228,1,2>, <230,1,3>, <231,1,1>, <232,1,2>, <233,1,1>, <235,1,6>, <236,1,1>, <237,1,1>, <238,1,1>, <239,1,2>, <242,1,1>, <244,1,1>, <245,1,1>, <247,1,1>, <249,1,1>, <250,1,2>, <252,1,1>, <255,1,1>, <256,1,2>, <260,1,1>, <263,1,1>, <264,1,1>, <265,1,1>, <267,1,1>, <268,1,1>, <270,1,1>, <271,1,1>, <272,1,1>, <279,1,1>, <284,1,1>, <287,1,1>, <288,1,1>, <292,1,1>, <293,1,1>, <294,1,1>, <295,1,2>, <297,1,2>, <299,1,1>, <303,1,1>, <309,1,1>, <310,1,1>, <311,1,1>, <312,1,2>, <316,1,1>, <317,1,1>, <318,1,2>, <319,1,1>, <320,1,2>, <321,1,1>, <322,1,1>, <328,1,2>, <329,1,1>, <330,1,1>, <332,1,1>, <333,1,2>, <335,1,1>, <337,1,1>, <340,1,2>, <342,1,1>, <344,1,1>, <346,1,1>, <347,1,4>, <348,1,1>, <349,1,1>, <350,1,1>, <354,1,3>, <357,1,1>, <358,1,2>, <359,1,2>, <362,1,1>, <364,1,1>, <365,1,1>, <366,1,1>, <368,1,1>, <371,1,1>, <373,1,4>, <375,1,2>, <377,1,1>, <380,1,1>, <381,1,1>, <384,1,1>, <392,1,1>, <394,1,1>, <397,1,1>, <400,1,1>, <408,1,1>, <413,1,2>, <415,1,1>, <416,1,1>, <417,1,2>, <419,1,1>, <423,1,1>, <424,1,2>, <431,1,1>, <432,1,1>, <434,1,1>, <435,1,1>, <439,1,1>, <440,1,1>, <441,1,1>, <446,1,2>, <448,1,1>, <454,1,2>, <462,1,3>, <463,1,1>, <464,1,1>, <467,1,2>, <468,1,2>, <472,1,1>, <480,1,1>, <486,1,1>, <492,1,1>, <496,1,1>, <503,1,1>, <505,1,1>, <510,1,1>, <511,1,1>, <512,1,1>, <518,1,1>, <519,1,1>, <520,1,1>, <524,1,1>, <526,1,1>, <529,1,2>, <535,1,1>, <546,1,1>, <551,1,1>, <555,1,1>, <560,1,1>, <561,1,1>, <563,1,1>, <571,1,1>, <573,1,1>, <575,1,1>, <583,1,1>, <584,1,1>, <587,1,1>, <588,1,1>, <593,1,1>, <597,1,1>, <598,1,2>, <600,1,2>, <601,1,1>, <604,1,3>, <609,1,1>, <614,1,1>, <615,1,1>, <617,1,1>, <626,1,1>, <627,1,1>, <628,1,1>, <629,1,2>, <631,1,1>, <632,1,3>, <640,1,1>, <646,1,1>, <648,1,1>, <660,1,1>, <668,1,1>, <670,1,1>, <673,1,1>, <678,1,2>, <685,1,1>, <699,1,1>, <701,1,2>, <703,1,1>, <707,1,1>, <716,1,2>, <718,1,1>, <721,1,1>, <722,1,1>, <724,1,1>, <728,1,1>, <734,1,1>, <738,1,1>, <741,1,1>, <743,1,1>, <744,1,1>, <746,1,1>, <751,1,1>, <753,1,1>, <760,1,1>, <762,1,1>, <768,1,1>, <769,1,1>, <773,1,1>, <791,1,1>, <792,1,1>, <795,1,1>, <802,1,3>, <810,1,1>, <818,1,1>, <819,1,1>, <821,1,1>, <823,1,1>, <835,1,1>, <843,1,1>, <852,1,1>, <856,1,2>, <876,1,1>, <879,1,1>, <885,1,1>, <889,1,1>, <899,1,2>, <906,1,1>, <907,1,1>, <923,1,1>, <925,1,1>, <926,1,1>, <931,1,1>, <934,1,1>, <937,1,1>, <941,1,1>, <957,1,1>, <959,1,1>, <965,1,1>, <968,1,1>, <978,1,1>, <987,1,1>, <996,1,1>, <1,4,20>, <2,4,58>, <3,4,80>, <4,4,38>, <5,4,18>, <6,4,88>, <7,4,48>, <8,4,64>, <9,4,5>, <10,4,9>, <11,4,2>, <12,4,12>, <13,4,16>, <14,4,5>, <15,4,29>, <16,4,14>, <17,4,23>, <18,4,27>, <19,4,26>, <20,4,8>, <21,4,12>, <22,4,2>, <24,4,12>, <25,4,2>, <26,4,3>, <27,4,15>, <28,4,2>, <29,4,1>, <30,4,1>, <31,4,1>, <32,4,3>, <33,4,2>, <34,4,2>, <35,4,11>, <36,4,7>, <37,4,10>, <38,4,7>, <39,4,13>, <40,4,15>, <41,4,9>, <42,4,1>, <43,4,2>, <44,4,2>, <45,4,4>, <46,4,1>, <48,4,10>, <49,4,1>, <50,4,2>, <51,4,3>, <52,4,2>, <53,4,6>, <54,4,3>, <55,4,5>, <56,4,1>, <57,4,3>, <58,4,3>, <59,4,3>, <60,4,3>, <61,4,4>, <63,4,5>, <64,4,1>, <65,4,1>, <66,4,1>, <67,4,4>, <68,4,12>, <69,4,3>, <70,4,4>, <72,4,6>, <73,4,7>, <74,4,2>, <75,4,5>, <76,4,3>, <77,4,4>, <78,4,1>, <79,4,3>, <80,4,2>, <81,4,5>, <82,4,1>, <83,4,3>, <84,4,4>, <85,4,1>, <86,4,1>, <87,4,1>, <89,4,6>, <90,4,4>, <93,4,2>, <94,4,6>, <97,4,1>, <98,4,3>, <99,4,3>, <100,4,1>, <101,4,2>, <102,4,2>, <104,4,1>, <106,4,5>, <107,4,1>, <108,4,1>, <109,4,1>, <110,4,5>, <112,4,2>, <113,4,1>, <118,4,1>, <119,4,8>, <120,4,2>, <121,4,3>, <124,4,1>, <125,4,2>, <127,4,3>, <128,4,2>, <129,4,3>, <130,4,2>, <132,4,2>, <133,4,1>, <134,4,1>, <135,4,1>, <138,4,6>, <139,4,1>, <141,4,1>, <143,4,4>, <144,4,2>, <146,4,2>, <147,4,4>, <149,4,1>, <150,4,1>, <151,4,1>, <153,4,1>, <154,4,1>, <155,4,4>, <159,4,2>, <161,4,1>, <162,4,1>, <163,4,2>, <164,4,3>, <166,4,1>, <171,4,1>, <172,4,1>, <173,4,1>, <174,4,1>, <175,4,1>, <176,4,1>, <177,4,1>, <180,4,3>, <181,4,1>, <183,4,2>, <185,4,1>, <188,4,2>, <191,4,1>, <192,4,1>, <193,4,2>, <194,4,5>, <196,4,4>, <197,4,1>, <198,4,2>, <200,4,1>, <201,4,4>, <202,4,1>, <205,4,2>, <206,4,2>, <207,4,1>, <209,4,6>, <211,4,1>, <212,4,2>, <213,4,1>, <214,4,1>, <216,4,2>, <217,4,3>, <219,4,1>, <220,4,2>, <221,4,7>, <222,4,1>, <224,4,4>, <226,4,4>, <227,4,1>, <229,4,1>, <230,4,1>, <232,4,3>, <234,4,1>, <236,4,4>, <237,4,1>, <238,4,1>, <240,4,1>, <242,4,1>, <243,4,3>, <246,4,1>, <247,4,1>, <248,4,2>, <249,4,3>, <250,4,2>, <252,4,1>, <253,4,1>, <255,4,2>, <256,4,1>, <258,4,1>, <259,4,1>, <260,4,1>, <262,4,1>, <263,4,1>, <264,4,1>, <265,4,1>, <266,4,1>, <268,4,2>, <269,4,1>, <271,4,1>, <273,4,1>, <275,4,2>, <276,4,2>, <280,4,1>, <283,4,1>, <286,4,4>, <287,4,1>, <288,4,1>, <290,4,1>, <291,4,1>, <292,4,1>, <293,4,1>, <294,4,2>, <297,4,1>, <300,4,1>, <304,4,1>, <309,4,1>, <310,4,4>, <313,4,1>, <315,4,1>, <318,4,1>, <319,4,1>, <321,4,2>, <322,4,3>, <323,4,1>, <324,4,1>, <325,4,1>, <328,4,1>, <329,4,1>, <335,4,1>, <336,4,1>, <339,4,2>, <340,4,1>, <345,4,3>, <347,4,2>, <348,4,5>, <353,4,1>, <354,4,1>, <355,4,1>, <357,4,2>, <359,4,1>, <361,4,1>, <363,4,1>, <365,4,1>, <366,4,1>, <367,4,1>, <368,4,1>, <369,4,1>, <371,4,1>, <372,4,1>, <374,4,1>, <376,4,1>, <380,4,1>, <384,4,1>, <386,4,2>, <391,4,2>, <393,4,1>, <394,4,1>, <395,4,1>, <397,4,1>, <398,4,1>, <403,4,1>, <404,4,1>, <405,4,2>, <406,4,1>, <407,4,1>, <408,4,1>, <410,4,1>, <412,4,1>, <414,4,1>, <416,4,1>, <418,4,2>, <419,4,2>, <422,4,2>, <426,4,1>, <428,4,1>, <431,4,1>, <438,4,1>, <441,4,1>, <443,4,2>, <444,4,1>, <446,4,1>, <450,4,1>, <457,4,1>, <462,4,1>, <463,4,2>, <467,4,1>, <468,4,1>, <469,4,3>, <471,4,4>, <472,4,2>, <473,4,1>, <483,4,1>, <491,4,1>, <493,4,1>, <494,4,1>, <495,4,1>, <496,4,2>, <503,4,1>, <504,4,1>, <514,4,1>, <519,4,1>, <520,4,1>, <529,4,1>, <539,4,1>, <541,4,1>, <546,4,1>, <552,4,1>, <554,4,1>, <557,4,1>, <564,4,1>, <567,4,1>, <568,4,1>, <574,4,1>, <575,4,1>, <580,4,2>, <585,4,1>, <587,4,1>, <589,4,1>, <592,4,1>, <596,4,1>, <598,4,1>, <601,4,1>, <612,4,1>, <613,4,1>, <614,4,2>, <617,4,1>, <618,4,1>, <619,4,1>, <623,4,1>, <626,4,1>, <627,4,3>, <628,4,1>, <631,4,1>, <632,4,2>, <639,4,1>, <641,4,4>, <643,4,1>, <645,4,1>, <646,4,2>, <648,4,1>, <649,4,1>, <650,4,1>, <653,4,1>, <654,4,1>, <660,4,1>, <673,4,1>, <675,4,1>, <679,4,2>, <680,4,1>, <684,4,1>, <688,4,1>, <696,4,1>, <704,4,1>, <722,4,1>, <724,4,1>, <725,4,1>, <726,4,1>, <735,4,1>, <741,4,1>, <743,4,1>, <765,4,1>, <773,4,2>, <791,4,1>, <792,4,1>, <796,4,2>, <818,4,1>, <819,4,1>, <821,4,1>, <828,4,3>, <834,4,2>, <843,4,1>, <844,4,1>, <849,4,1>, <851,4,1>, <852,4,1>, <856,4,1>, <859,4,1>, <861,4,1>, <865,4,1>, <868,4,1>, <870,4,1>, <882,4,1>, <902,4,1>, <904,4,1>, <906,4,1>, <909,4,1>, <911,4,1>, <918,4,1>, <920,4,1>, <921,4,1>, <926,4,1>, <943,4,1>, <947,4,1>, <948,4,1>, <965,4,1>, <969,4,1>, <983,4,1>, <985,4,1>, <988,4,1>, <996,4,1>, <1,6,22>, <2,6,85>, <3,6,148>, <4,6,65>, <5,6,10>, <6,6,51>, <7,6,35>, <8,6,9>, <9,6,39>, <10,6,47>, <11,6,37>, <12,6,8>, <13,6,22>, <14,6,6>, <15,6,12>, <16,6,21>, <17,6,12>, <18,6,13>, <19,6,3>, <20,6,8>, <21,6,26>, <22,6,5>, <23,6,12>, <24,6,12>, <25,6,23>, <26,6,2>, <27,6,3>, <29,6,17>, <30,6,2>, <31,6,26>, <32,6,7>, <34,6,4>, <35,6,3>, <36,6,4>, <37,6,4>, <38,6,1>, <39,6,2>, <41,6,2>, <42,6,1>, <43,6,18>, <44,6,3>, <45,6,11>, <46,6,6>, <47,6,10>, <48,6,3>, <49,6,3>, <51,6,5>, <52,6,3>, <54,6,2>, <55,6,4>, <56,6,6>, <57,6,4>, <58,6,1>, <59,6,2>, <60,6,1>, <61,6,8>, <62,6,6>, <63,6,8>, <64,6,2>, <65,6,1>, <66,6,12>, <69,6,8>, <70,6,7>, <71,6,1>, <72,6,3>, <73,6,5>, <76,6,2>, <77,6,4>, <78,6,4>, <80,6,3>, <81,6,1>, <82,6,3>, <83,6,1>, <85,6,1>, <86,6,2>, <87,6,1>, <88,6,1>, <89,6,2>, <90,6,2>, <92,6,1>, <94,6,1>, <95,6,2>, <96,6,3>, <97,6,1>, <98,6,5>, <99,6,2>, <100,6,4>, <101,6,3>, <103,6,5>, <105,6,5>, <106,6,5>, <108,6,4>, <109,6,3>, <112,6,1>, <114,6,1>, <115,6,2>, <116,6,1>, <118,6,1>, <120,6,3>, <122,6,5>, <123,6,5>, <124,6,1>, <125,6,1>, <127,6,1>, <129,6,2>, <130,6,2>, <131,6,2>, <132,6,1>, <133,6,1>, <136,6,2>, <137,6,2>, <138,6,1>, <139,6,1>, <144,6,2>, <147,6,3>, <148,6,2>, <149,6,6>, <150,6,2>, <151,6,1>, <152,6,2>, <153,6,2>, <154,6,1>, <156,6,1>, <157,6,3>, <159,6,2>, <160,6,1>, <161,6,1>, <162,6,1>, <164,6,1>, <165,6,1>, <166,6,1>, <168,6,2>, <169,6,5>, <174,6,1>, <175,6,1>, <177,6,5>, <179,6,3>, <180,6,1>, <181,6,2>, <183,6,4>, <184,6,1>, <185,6,3>, <188,6,2>, <189,6,3>, <191,6,2>, <194,6,2>, <195,6,1>, <196,6,1>, <199,6,2>, <200,6,1>, <201,6,1>, <202,6,1>, <203,6,3>, <206,6,2>, <211,6,1>, <213,6,2>, <215,6,1>, <216,6,2>, <221,6,1>, <222,6,1>, <224,6,2>, <225,6,2>, <226,6,1>, <227,6,1>, <228,6,1>, <229,6,3>, <232,6,1>, <233,6,3>, <234,6,1>, <235,6,2>, <237,6,3>, <240,6,1>, <242,6,1>, <243,6,2>, <244,6,2>, <245,6,3>, <247,6,1>, <249,6,2>, <252,6,2>, <254,6,1>, <255,6,1>, <256,6,2>, <258,6,1>, <259,6,1>, <264,6,1>, <267,6,1>, <268,6,1>, <269,6,1>, <271,6,1>, <275,6,1>, <276,6,1>, <279,6,2>, <280,6,1>, <281,6,2>, <283,6,1>, <285,6,3>, <286,6,2>, <288,6,1>, <289,6,1>, <291,6,3>, <292,6,1>, <294,6,2>, <296,6,1>, <299,6,2>, <300,6,1>, <301,6,1>, <302,6,2>, <309,6,1>, <312,6,2>, <315,6,2>, <316,6,1>, <317,6,2>, <318,6,3>, <319,6,2>, <320,6,1>, <321,6,4>, <324,6,1>, <327,6,1>, <329,6,1>, <332,6,1>, <333,6,1>, <335,6,2>, <336,6,3>, <337,6,2>, <342,6,1>, <344,6,1>, <346,6,1>, <347,6,1>, <349,6,1>, <351,6,2>, <353,6,1>, <355,6,1>, <357,6,1>, <358,6,1>, <364,6,1>, <366,6,4>, <372,6,1>, <376,6,1>, <381,6,1>, <382,6,1>, <385,6,4>, <386,6,1>, <388,6,1>, <389,6,2>, <391,6,1>, <392,6,1>, <393,6,2>, <395,6,1>, <396,6,1>, <400,6,1>, <401,6,1>, <406,6,1>, <407,6,1>, <408,6,1>, <410,6,1>, <412,6,2>, <414,6,1>, <418,6,1>, <419,6,1>, <420,6,2>, <422,6,1>, <424,6,1>, <427,6,1>, <430,6,3>, <434,6,1>, <435,6,1>, <440,6,1>, <443,6,1>, <444,6,1>, <445,6,1>, <452,6,1>, <454,6,1>, <458,6,1>, <459,6,1>, <463,6,1>, <464,6,3>, <469,6,2>, <471,6,1>, <474,6,1>, <477,6,1>, <479,6,1>, <480,6,1>, <482,6,1>, <484,6,1>, <485,6,1>, <490,6,2>, <491,6,1>, <492,6,1>, <494,6,1>, <496,6,1>, <500,6,1>, <502,6,2>, <503,6,1>, <511,6,1>, <513,6,1>, <514,6,1>, <519,6,1>, <526,6,1>, <529,6,1>, <533,6,1>, <539,6,1>, <541,6,1>, <545,6,1>, <548,6,1>, <553,6,2>, <554,6,1>, <557,6,1>, <559,6,1>, <563,6,1>, <564,6,1>, <581,6,1>, <584,6,1>, <589,6,1>, <592,6,2>, <593,6,3>, <598,6,1>, <599,6,1>, <601,6,1>, <605,6,1>, <610,6,1>, <617,6,2>, <623,6,1>, <626,6,1>, <627,6,1>, <633,6,1>, <645,6,1>, <646,6,2>, <651,6,1>, <654,6,1>, <670,6,1>, <678,6,1>, <679,6,1>, <680,6,1>, <688,6,2>, <698,6,1>, <699,6,1>, <704,6,1>, <705,6,1>, <706,6,1>, <714,6,1>, <734,6,1>, <735,6,1>, <753,6,1>, <756,6,1>, <762,6,1>, <771,6,1>, <777,6,1>, <779,6,1>, <796,6,1>, <803,6,1>, <815,6,1>, <834,6,2>, <839,6,1>, <841,6,1>, <847,6,1>, <849,6,2>, <858,6,1>, <860,6,1>, <864,6,1>, <865,6,3>, <868,6,1>, <876,6,2>, <878,6,2>, <879,6,1>, <884,6,1>, <896,6,2>, <904,6,1>, <919,6,1>, <920,6,1>, <921,6,1>, <925,6,1>, <930,6,1>, <965,6,1>, <976,6,1>, <980,6,1>, <985,6,1>, <987,6,2>, <989,6,1>, <990,6,1>, <1,9,442>, <2,9,213>, <3,9,32>, <4,9,26>, <5,9,116>, <6,9,18>, <7,9,25>, <8,9,56>, <9,9,64>, <10,9,7>, <11,9,37>, <12,9,38>, <13,9,43>, <14,9,30>, <15,9,4>, <16,9,1>, <17,9,14>, <18,9,10>, <19,9,9>, <20,9,21>, <21,9,5>, <22,9,24>, <23,9,3>, <24,9,1>, <25,9,9>, <26,9,2>, <27,9,16>, <28,9,9>, <29,9,7>, <30,9,24>, <31,9,2>, <32,9,6>, <33,9,20>, <34,9,1>, <36,9,4>, <37,9,5>, <38,9,5>, <41,9,4>, <42,9,3>, <43,9,2>, <44,9,8>, <45,9,10>, <46,9,4>, <48,9,2>, <50,9,8>, <51,9,13>, <52,9,8>, <53,9,7>, <54,9,3>, <55,9,7>, <56,9,1>, <57,9,3>, <58,9,2>, <59,9,1>, <60,9,2>, <61,9,2>, <62,9,4>, <63,9,1>, <64,9,5>, <65,9,1>, <66,9,3>, <67,9,2>, <68,9,1>, <70,9,1>, <71,9,8>, <72,9,4>, <74,9,5>, <75,9,3>, <76,9,5>, <77,9,3>, <78,9,3>, <79,9,4>, <80,9,1>, <82,9,4>, <83,9,1>, <84,9,4>, <85,9,3>, <86,9,1>, <87,9,2>, <88,9,4>, <89,9,2>, <90,9,5>, <91,9,2>, <92,9,1>, <93,9,6>, <94,9,1>, <95,9,1>, <96,9,5>, <97,9,1>, <98,9,2>, <99,9,1>, <100,9,1>, <101,9,2>, <103,9,1>, <104,9,2>, <105,9,1>, <106,9,1>, <108,9,3>, <109,9,1>, <110,9,5>, <111,9,1>, <112,9,2>, <113,9,2>, <115,9,9>, <116,9,1>, <118,9,1>, <119,9,2>, <120,9,2>, <121,9,2>, <122,9,1>, <123,9,1>, <124,9,1>, <125,9,5>, <126,9,1>, <127,9,1>, <129,9,3>, <130,9,1>, <131,9,2>, <132,9,1>, <133,9,2>, <134,9,1>, <135,9,7>, <137,9,1>, <139,9,2>, <140,9,2>, <141,9,5>, <142,9,2>, <143,9,3>, <145,9,1>, <147,9,1>, <148,9,1>, <151,9,2>, <152,9,4>, <153,9,2>, <154,9,2>, <155,9,1>, <156,9,6>, <157,9,2>, <158,9,5>, <159,9,5>, <160,9,1>, <161,9,2>, <162,9,4>, <163,9,3>, <164,9,3>, <165,9,1>, <166,9,2>, <170,9,1>, <171,9,1>, <172,9,1>, <175,9,1>, <176,9,2>, <178,9,1>, <179,9,1>, <180,9,1>, <181,9,1>, <182,9,2>, <183,9,1>, <185,9,1>, <188,9,1>, <191,9,2>, <192,9,1>, <193,9,4>, <195,9,1>, <198,9,1>, <200,9,1>, <202,9,1>, <203,9,1>, <204,9,1>, <205,9,1>, <208,9,2>, <213,9,1>, <214,9,1>, <215,9,2>, <216,9,1>, <217,9,1>, <219,9,2>, <220,9,1>, <221,9,1>, <224,9,1>, <225,9,1>, <228,9,1>, <230,9,2>, <232,9,1>, <234,9,1>, <235,9,3>, <237,9,2>, <238,9,1>, <239,9,3>, <245,9,2>, <247,9,2>, <248,9,2>, <249,9,1>, <250,9,2>, <251,9,2>, <252,9,1>, <254,9,1>, <256,9,1>, <257,9,1>, <258,9,3>, <259,9,2>, <262,9,2>, <264,9,2>, <265,9,3>, <266,9,1>, <267,9,2>, <268,9,1>, <269,9,1>, <270,9,2>, <271,9,2>, <273,9,1>, <274,9,2>, <275,9,1>, <276,9,1>, <277,9,1>, <278,9,1>, <279,9,3>, <280,9,1>, <281,9,1>, <282,9,1>, <287,9,2>, <288,9,2>, <289,9,1>, <290,9,1>, <294,9,1>, <297,9,4>, <306,9,1>, <309,9,1>, <312,9,1>, <313,9,1>, <314,9,5>, <315,9,1>, <316,9,1>, <319,9,1>, <321,9,1>, <324,9,1>, <326,9,1>, <327,9,2>, <328,9,1>, <329,9,1>, <330,9,1>, <335,9,1>, <337,9,3>, <340,9,1>, <342,9,1>, <345,9,1>, <346,9,1>, <347,9,1>, <348,9,2>, <349,9,1>, <351,9,2>, <353,9,1>, <354,9,1>, <355,9,1>, <358,9,1>, <359,9,1>, <361,9,1>, <365,9,1>, <366,9,2>, <373,9,1>, <374,9,1>, <375,9,3>, <377,9,1>, <380,9,1>, <381,9,1>, <382,9,1>, <384,9,1>, <387,9,1>, <389,9,1>, <392,9,1>, <393,9,1>, <394,9,1>, <396,9,1>, <399,9,1>, <404,9,1>, <408,9,2>, <410,9,1>, <413,9,1>, <414,9,1>, <418,9,1>, <419,9,2>, <422,9,1>, <423,9,1>, <424,9,1>, <426,9,1>, <430,9,1>, <432,9,1>, <434,9,1>, <435,9,1>, <438,9,1>, <439,9,1>, <441,9,1>, <443,9,2>, <445,9,1>, <450,9,3>, <452,9,1>, <459,9,1>, <462,9,1>, <463,9,1>, <466,9,1>, <467,9,1>, <469,9,1>, <472,9,1>, <473,9,1>, <478,9,1>, <480,9,1>, <483,9,1>, <485,9,1>, <489,9,1>, <493,9,1>, <496,9,1>, <510,9,2>, <517,9,1>, <519,9,1>, <522,9,1>, <523,9,1>, <530,9,1>, <534,9,1>, <535,9,1>, <536,9,1>, <537,9,1>, <538,9,2>, <541,9,1>, <543,9,1>, <546,9,1>, <554,9,1>, <557,9,1>, <559,9,1>, <562,9,1>, <566,9,1>, <569,9,1>, <576,9,1>, <578,9,1>, <582,9,1>, <585,9,1>, <587,9,1>, <594,9,1>, <598,9,1>, <601,9,1>, <605,9,1>, <610,9,1>, <612,9,1>, <614,9,1>, <615,9,1>, <623,9,1>, <626,9,1>, <627,9,1>, <631,9,1>, <632,9,2>, <644,9,1>, <645,9,1>, <653,9,1>, <654,9,2>, <655,9,1>, <673,9,2>, <677,9,1>, <684,9,1>, <687,9,1>, <689,9,1>, <691,9,2>, <700,9,1>, <701,9,1>, <702,9,1>, <707,9,2>, <716,9,2>, <718,9,1>, <721,9,1>, <724,9,1>, <726,9,1>, <736,9,1>, <738,9,1>, <746,9,1>, <758,9,1>, <760,9,1>, <762,9,1>, <765,9,3>, <769,9,1>, <773,9,2>, <774,9,1>, <795,9,1>, <799,9,1>, <806,9,1>, <820,9,1>, <841,9,1>, <844,9,1>, <849,9,1>, <852,9,1>, <856,9,1>, <859,9,1>, <868,9,1>, <870,9,1>, <875,9,2>, <876,9,1>, <911,9,1>, <921,9,1>, <923,9,1>, <932,9,1>, <934,9,1>, <936,9,2>, <941,9,1>, <947,9,1>, <949,9,1>, <953,9,1>, <957,9,1>, <967,9,1>, <978,9,1>, <980,9,2>, <1,10,383>, <2,10,109>, <3,10,41>, <4,10,90>, <5,10,60>, <6,10,14>, <7,10,12>, <8,10,1>, <9,10,19>, <10,10,4>, <11,10,2>, <12,10,14>, <13,10,3>, <14,10,16>, <15,10,21>, <16,10,8>, <17,10,5>, <18,10,1>, <19,10,21>, <21,10,4>, <23,10,27>, <24,10,6>, <25,10,21>, <26,10,9>, <27,10,5>, <28,10,4>, <29,10,7>, <30,10,1>, <31,10,9>, <32,10,13>, <33,10,16>, <34,10,7>, <35,10,1>, <36,10,3>, <37,10,2>, <38,10,1>, <40,10,12>, <41,10,1>, <42,10,4>, <43,10,7>, <44,10,5>, <45,10,2>, <46,10,1>, <47,10,9>, <48,10,2>, <49,10,7>, <50,10,4>, <51,10,1>, <52,10,5>, <53,10,3>, <54,10,5>, <56,10,9>, <57,10,6>, <58,10,5>, <59,10,2>, <60,10,10>, <61,10,1>, <62,10,1>, <63,10,1>, <65,10,3>, <66,10,3>, <67,10,1>, <70,10,5>, <71,10,7>, <73,10,1>, <74,10,1>, <75,10,1>, <78,10,2>, <79,10,1>, <80,10,8>, <81,10,2>, <82,10,3>, <83,10,3>, <84,10,5>, <85,10,1>, <86,10,1>, <87,10,1>, <88,10,3>, <89,10,2>, <91,10,1>, <92,10,1>, <93,10,4>, <94,10,1>, <95,10,2>, <96,10,3>, <97,10,6>, <98,10,1>, <101,10,1>, <102,10,11>, <103,10,3>, <104,10,5>, <105,10,1>, <107,10,3>, <109,10,1>, <110,10,1>, <112,10,1>, <113,10,2>, <114,10,6>, <116,10,3>, <117,10,1>, <118,10,3>, <119,10,2>, <121,10,4>, <123,10,2>, <124,10,1>, <125,10,1>, <126,10,1>, <127,10,2>, <128,10,2>, <130,10,3>, <131,10,1>, <132,10,1>, <133,10,1>, <134,10,4>, <136,10,2>, <137,10,1>, <138,10,1>, <139,10,3>, <141,10,1>, <142,10,1>, <143,10,1>, <144,10,1>, <147,10,1>, <148,10,3>, <150,10,3>, <151,10,3>, <152,10,1>, <156,10,2>, <160,10,1>, <162,10,1>, <163,10,2>, <164,10,6>, <165,10,2>, <166,10,4>, <167,10,2>, <168,10,1>, <170,10,2>, <172,10,1>, <174,10,1>, <175,10,1>, <176,10,2>, <177,10,1>, <178,10,2>, <180,10,3>, <181,10,1>, <183,10,1>, <184,10,2>, <185,10,1>, <187,10,1>, <189,10,2>, <193,10,1>, <197,10,1>, <198,10,1>, <199,10,3>, <200,10,1>, <201,10,1>, <204,10,2>, <206,10,3>, <208,10,2>, <212,10,4>, <215,10,2>, <216,10,2>, <217,10,1>, <219,10,1>, <220,10,1>, <222,10,3>, <224,10,1>, <226,10,1>, <227,10,3>, <228,10,1>, <231,10,1>, <233,10,2>, <234,10,1>, <237,10,2>, <238,10,1>, <242,10,2>, <249,10,1>, <250,10,1>, <253,10,1>, <255,10,1>, <260,10,1>, <265,10,1>, <272,10,2>, <273,10,1>, <274,10,1>, <278,10,2>, <280,10,1>, <282,10,1>, <283,10,1>, <284,10,2>, <286,10,1>, <289,10,4>, <291,10,1>, <293,10,1>, <294,10,1>, <296,10,3>, <297,10,1>, <298,10,2>, <300,10,1>, <303,10,1>, <306,10,2>, <307,10,1>, <308,10,2>, <310,10,1>, <311,10,2>, <313,10,1>, <315,10,1>, <318,10,1>, <319,10,1>, <320,10,1>, <321,10,1>, <322,10,2>, <324,10,1>, <326,10,1>, <328,10,1>, <329,10,1>, <330,10,1>, <332,10,1>, <335,10,2>, <336,10,1>, <339,10,1>, <340,10,1>, <341,10,1>, <342,10,1>, <346,10,1>, <349,10,1>, <353,10,1>, <355,10,1>, <356,10,1>, <357,10,1>, <359,10,1>, <362,10,1>, <363,10,1>, <366,10,1>, <372,10,1>, <373,10,1>, <374,10,1>, <375,10,1>, <377,10,1>, <382,10,1>, <386,10,1>, <392,10,1>, <393,10,1>, <394,10,2>, <400,10,1>, <404,10,1>, <413,10,1>, <415,10,1>, <419,10,1>, <424,10,1>, <428,10,1>, <431,10,1>, <435,10,1>, <438,10,1>, <441,10,1>, <445,10,2>, <446,10,1>, <449,10,1>, <452,10,1>, <458,10,1>, <459,10,1>, <462,10,1>, <464,10,1>, <466,10,1>, <468,10,1>, <472,10,2>, <476,10,1>, <477,10,1>, <478,10,1>, <479,10,1>, <481,10,1>, <482,10,1>, <484,10,1>, <485,10,1>, <488,10,1>, <490,10,2>, <491,10,1>, <493,10,1>, <494,10,1>, <496,10,1>, <505,10,1>, <510,10,2>, <511,10,1>, <512,10,1>, <516,10,1>, <518,10,1>, <523,10,1>, <524,10,1>, <526,10,2>, <530,10,1>, <536,10,1>, <537,10,1>, <538,10,1>, <539,10,1>, <541,10,1>, <551,10,1>, <554,10,1>, <559,10,1>, <568,10,1>, <569,10,1>, <573,10,1>, <581,10,1>, <584,10,1>, <586,10,1>, <587,10,1>, <594,10,1>, <598,10,1>, <601,10,1>, <604,10,1>, <605,10,1>, <606,10,1>, <609,10,1>, <610,10,1>, <611,10,1>, <614,10,2>, <617,10,2>, <618,10,1>, <653,10,1>, <673,10,1>, <674,10,1>, <677,10,1>, <678,10,1>, <683,10,1>, <684,10,1>, <689,10,1>, <692,10,1>, <705,10,1>, <706,10,1>, <711,10,1>, <719,10,1>, <731,10,1>, <739,10,1>, <748,10,1>, <749,10,1>, <756,10,1>, <761,10,1>, <762,10,1>, <765,10,1>, <769,10,2>, <770,10,1>, <773,10,1>, <785,10,1>, <790,10,1>, <795,10,1>, <796,10,1>, <799,10,1>, <800,10,1>, <810,10,1>, <819,10,1>, <820,10,1>, <824,10,1>, <837,10,1>, <839,10,1>, <845,10,2>, <851,10,1>, <852,10,1>, <854,10,1>, <856,10,1>, <859,10,1>, <861,10,1>, <875,10,1>, <899,10,1>, <905,10,1>, <911,10,1>, <912,10,1>, <918,10,1>, <925,10,1>, <927,10,1>, <934,10,1>, <943,10,1>, <948,10,1>, <968,10,1>, <969,10,1>, <976,10,1>, <978,10,1>, <985,10,1>, <989,10,1> };

MaxCacheStorageAtSingleAS= [ 262.5  0  0  262.5  0  262.5  0  0  262.5  262.5 ] ;

MaxCacheStorage = 1312.5 ;
SolutionGap = 0.01 ;
