#rank	alpha_0_mean	alpha_0_conf	alpha_0.5_mean	alpha_0.5_conf	alpha_0.8_mean	alpha_0.8_conf	alpha_1_mean	alpha_1_conf	alpha_1.2_mean	alpha_1.2_conf	alpha_2_mean	alpha_2_conf
1	1	0	1	0	2	0	2	0	2	0	2	0
2	0.95	0.098	1	0	2	0	2	0	2	0	2	0
3	0.875	0.1603901493	1	0	1.001149	0.00225204	2	0	2	0	2	0
4	1	0	1	0	1	0	1.9	0.196	2	0	2	0
5	0.9666667	0.065333268	1	0	1	0	1.6	0.3200666597	2	0	1.9	0.196
6	0.88125	0.1282285557	1	0	1	0	1	0	1.028571	0.05599916	1.272073	0.2665092223
7	0.962963	0.07259252	1	0	1	0	1	0	1.003774	0.00739704	1.2	0.2613333333
8	0.9722222222	0.0544444444	1	0	1	0	1	0	1.073333	0.14373268	1.380952	0.306724405
9	0.9375	0.1225	1	0	1	0	0.9	0.196	1	0	1.4	0.3200666597
10	1	0	1	0	1	0	0.9305556	0.0950830597	1	0	1.3	0.2993949454
11	1	0	1	0	1	0	1	0	1.065203	0.1220249871	1.6	0.3200666597
12	1	0	1	0	1	0	0.9011904	0.131075849	1	0	1.58125	0.3120746105
13	0.9666667	0.065333268	1	0	1	0	0.812	0.2462780708	1	0	1.5	0.3266666667
14	1	0	1	0	1	0	0.9	0.196	1	0	1.6	0.3200666597
15	1	0	1	0	1	0	0.9878676	0.015862096	1	0	1.4	0.3200666597
16	1	0	1	0	1	0	0.9971429	0.005599916	1.136	0.2008019761	1.5	0.3266666667
17	1	0	1	0	1	0	1	0	1.075	0.147	1.8	0.2613333333
18	1	0	0.9	0.196	1	0	1	0	1.018095	0.0267549876	1.5	0.3266666667
19	1	0	0.9	0.196	1	0	1	0	0.9954545	0.00890918	1.6	0.3200666597
20	1	0	0.9	0.196	1	0	1	0	1.004348	0.00852208	1.3	0.2993949454
21	1	0	1	0	1	0	0.8947368	0.1951233038	1.1	0.196	1.5	0.3266666667
22	1	0	1	0	0.8	0.2613333333	1	0	1.135417	0.1769710448	1.3	0.2993949454
23	1	0	1	0	0.9	0.196	0.9944444	0.010888976	1	0	1.4444444444	0.3443369008
24	1	0	1	0	1	0	1	0	1	0	1.3	0.2993949454
25	1	0	1	0	1	0	0.9	0.196	1	0	1.4	0.3200666597
26	1	0	1	0	1	0	1	0	1.2	0.2613333333	1.625	0.3586432768
27	1	0	1	0	1	0	1.094118	0.18447128	1	0	1.3333333333	0.3266666667
28	1	0	1	0	1	0	1.1	0.196	1.14	0.202849216	1.528571	0.312492631
29	0.9833333	0.032666732	0.9	0.196	1	0	1	0	1.1	0.196	1.5	0.3704051835
30	1	0	1	0	1	0	1	0	1.1	0.196	1.5555555556	0.3443369008
31	1	0	0.9	0.196	0.9888889	0.021777756	1	0	1	0	1.5555555556	0.3443369008
32	1	0	1	0	1	0	1	0	1.14	0.202849216	1.6	0.3200666597
33	1	0	1	0	1	0	1	0	1	0	1.8	0.2613333333
34	1	0	1	0	0.9	0.196	1	0	1.1	0.196	1.625	0.3586432768
35	1	0	0.9	0.196	1	0	1	0	1.011111	0.02177756	1.5	0.3704051835
36	0.962963	0.07259252	1	0	0.9	0.196	1	0	1	0	1.6190471429	0.3614786866
37	1	0	1	0	1	0	1	0	1	0	1.7142857143	0.3614784456
38	1	0	0.8	0.2613333333	0.9	0.196	1	0	1	0	1.6666666667	0.4132042809
39	1	0	1	0	0.9857143	0.027999972	1.1	0.196	1.1	0.196	1.5555555556	0.3443369008
40	1	0	0.9	0.196	0.9857143	0.027999972	1	0	1.1	0.196	1.4	0.4800999896
41	1	0	0.9	0.196	0.9444445	0.0743851978	1	0	1	0	1.25	0.49
42	1	0	1	0	0.8757143	0.1933622501	1	0	1	0	1.8571428571	0.28
43	1	0	1	0	0.9833333	0.032666732	0.955556	0.2345543302	1.1	0.196	1.4285714286	0.3959797975
44	1	0	0.8	0.2613333333	1	0	1	0	1.1	0.196	2	0
45	1	0	0.9	0.196	1	0	1.1	0.196	1	0	1.6	0.4800999896
46	1	0	0.9	0.196	1	0	1	0	1.1	0.196	1.4	0.4800999896
47	1	0	0.7	0.2993949454	0.9	0.196	1	0	1.1	0.196	1.4285714286	0.3959797975
48	1	0	0.9	0.196	1	0	1	0	1.033333	0.06533268	1.8	0.392
49	1	0	0.8	0.2613333333	0.9818182	0.035636328	1	0	1	0	1.5714285714	0.3959797975
50	1	0	0.8833333	0.195090486	0.8833333	0.195090486	1	0	1.1111111111	0.2177777778	1.6	0.4800999896
51	1	0	0.7333333	0.2720043782	0.9	0.196	1	0	1	0	1.3333333333	0.6533333333
52	1	0	0.8	0.2613333333	1	0	1	0	1.075	0.147	1.8571428571	0.28
53	1	0	0.8	0.2613333333	1	0	1	0	1	0	1.6666666667	0.6533333333
54	1	0	0.4444444444	0.3443369008	1	0	1	0	1	0	1.75	0.49
55	1	0	0.7	0.2993949454	1	0	1	0	1	0	1.75	0.49
56	1	0	0.9	0.196	1	0	1	0	1	0	1.5	0.4382693236
57	1	0	0.9	0.196	1	0	1	0	1	0	1.25	0.49
58	1	0	0.9	0.196	1	0	1	0	1	0	1.25	0.49
59	1	0	1	0	1	0	1	0	1	0	1.6	0.4800999896
60	1	0	0.9	0.196	1	0	0.9666667	0.065333268	1	0	1	0
61	1	0	0.9	0.196	1	0	1	0	1	0	1.75	0.49
62	1	0	0.9	0.196	1	0	1	0	1	0	1.5	0.5658032638
63	1	0	0.9	0.196	1	0	1	0	1	0	1.6	0.4800999896
64	1	0	0.9	0.196	1	0	1	0	1	0	1.5	0.4382693236
65	1	0	1	0	1	0	1	0	1.1	0.196	1	0
66	1	0	0.75	0.2633670864	0.9	0.196	1	0	1	0	1.5	0.3704051835
67	1	0	0.8	0.2613333333	1	0	1	0	1	0	1.4	0.4800999896
68	1	0	0.9722222222	0.0544444444	1	0	1	0	1	0	1.5	0.98
69	0.9259258889	0.1451852578	0.8	0.2613333333	1	0	1	0	1	0	1	0
70	1	0	0.9	0.196	1	0	1	0	1	0	1	0
71	1	0	0.95	0.098	1	0	1	0	1	0	1.5	0.98
72	1	0	0.875	0.1966793781	1	0	1	0	1	0	1.5	0.98
73	1	0	1	0	1	0	1	0	1	0	1.3333333333	0.6533333333
74	1	0	0.9	0.196	1	0	1	0	1	0	2	0
75	1	0	0.9	0.196	1	0	1	0	1	0	2	0
76	1	0	1	0	1	0	1	0	1	0	2	0
77	1	0	0.9	0.196	1	0	1	0	1	0	1.6666666667	0.6533333333
78	1	0	1	0	1	0	1	0	1	0	1.6	0.4800999896
79	1	0	0.9	0.196	1	0	1	0	1	0	1	0
80	1	0	1	0	1	0	1	0	1	0	1.5	0.98
81	1	0	1	0	1	0	1	0	1	0	1.25	0.49
82	1	0	1	0	1	0	1	0	1	0	NaN	NaN
83	1	0	0.9	0.196	1	0	1	0	1.1	0.196	1.5	0.98
84	1	0	1	0	1	0	1	0	1	0	1.5	0.98
85	1	0	1	0	1	0	1	0	1	0	2	0
86	1	0	1	0	1	0	1.066667	0.13066732	1	0	1	0
87	1	0	1	0	1	0	1	0	1	0	NaN	NaN
88	1	0	0.9333333	0.130666732	1	0	0.9	0.196	1.1	0.196	1	0
89	1	0	1	0	1	0	0.9	0.196	1.1	0.196	1	0
90	1	0	1	0	1	0	0.9	0.196	1	0	1.8	0.392
91	1	0	1	0	1	0	1	0	1.1	0.196	2	0
92	1	0	1	0	0.8888888889	0.2177777778	0.9	0.196	1	0	1.6666666667	0.6533333333
93	1	0	1	0	1	0	0.9	0.196	1.1	0.196	2	0
94	1	0	0.9	0.196	1	0	0.9	0.196	1	0	2	0
95	1	0	1	0	1	0	0.9	0.196	1	0	2	0
96	1	0	1	0	1	0	0.9	0.196	1	0	1.6666666667	0.6533333333
97	1	0	1	0	1	0	0.9	0.196	1	0	2	0
98	1	0	1	0	1	0	0.9	0.196	1	0	2	0
99	1	0	1	0	1	0	0.8	0.2613333333	1.125	0.245	2	0
100	1	0	1	0	1	0	1	0	1	0	NaN	NaN
101	1	0	1	0	1	0	0.9	0.196	1	0	1	0
102	1	0	1	0	1	0	1	0	1	0	NaN	NaN
103	1	0	1	0	1	0	1	0	1	0	1.6	0.4800999896
104	1	0	1	0	1	0	1	0	1	0	NaN	NaN
105	1	0	1	0	1	0	0.8888888889	0.2177777778	1	0	1	0
106	1	0	1	0	1	0	0.9	0.196	1	0	1	0
107	1	0	1	0	1	0	0.875	0.245	1	0	1.5	0.98
108	0.8888888889	0.2177777778	1	0	1	0	0.9	0.196	1	0	NaN	NaN
109	0.9	0.196	1	0	1	0	0.8888888889	0.2177777778	1	0	1.5	0.5658032638
110	1	0	1	0	1	0	0.9	0.196	1	0	1.6666666667	0.6533333333
111	1	0	1	0	1	0	0.9	0.196	1	0	NaN	NaN
112	1	0	1	0	1	0	0.9	0.196	1	0	1.5	0.98
113	1	0	1	0	1	0	0.9	0.196	1	0	1.5	0.98
114	1	0	1	0	1	0	1	0	1	0	1	0
115	1	0	1	0	1	0	1	0	1	0	1	0
116	1	0	1	0	1	0	0.9	0.196	1	0	2	0
117	1	0	1	0	1	0	0.9	0.196	1	0	NaN	NaN
118	1	0	1	0	1	0	0.9	0.196	1	0	NaN	NaN
119	1	0	1	0	1	0	0.875	0.245	1	0	NaN	NaN
120	1	0	1	0	1	0	1	0	1	0	2	0
121	1	0	1	0	1	0	0.9	0.196	1	0	1.75	0.49
122	1	0	1	0	1	0	0.9	0.196	1	0	1.5	0.98
123	1	0	1	0	1	0	0.9	0.196	1	0	2	0
124	1	0	1	0	1	0	0.9	0.196	1	0	2	0
125	1	0	1	0	1	0	0.8888888889	0.2177777778	1	0	NaN	NaN
126	1	0	1	0	1	0	1	0	1	0	2	0
127	1	0	1	0	1	0	1	0	1	0	2	0
128	1	0	1	0	1	0	1	0	1	0	NaN	NaN
129	1	0	1	0	1	0	1.1	0.196	1	0	NaN	NaN
130	1	0	1	0	1	0	1	0	1	0	2	0
131	1	0	1	0	1	0	1	0	1	0	1.5	0.98
132	1	0	1	0	1	0	1	0	1	0	NaN	NaN
133	1	0	1	0	0.95	0.098	1	0	1	0	NaN	NaN
134	1	0	1	0	1	0	1	0	1	0	2	0
135	1	0	1	0	1	0	1	0	1	0	2	0
136	1	0	1	0	1	0	1	0	1	0	NaN	NaN
137	1	0	1	0	1	0	1	0	1	0	2	0
138	1	0	1	0	1	0	1	0	1	0	NaN	NaN
139	1	0	1	0	1	0	1	0	1	0	NaN	NaN
140	1	0	1	0	0.94	0.1176	1	0	1	0	2	0
141	1	0	1	0	0.8888888889	0.2177777778	1	0	1	0	1.5	0.98
142	1	0	0.9	0.196	0.9	0.196	1	0	1	0	NaN	NaN
143	1	0	1	0	1	0	1	0	1	0	2	0
144	1	0	0.9	0.196	1	0	1	0	1.1111111111	0.2177777778	NaN	NaN
145	1	0	1	0	1	0	1	0	1	0	NaN	NaN
146	1	0	1	0	1	0	1	0	1	0	2	0
147	1	0	1	0	0.8888888889	0.2177777778	1	0	1	0	NaN	NaN
148	1	0	0.8	0.2613333333	0.9	0.196	1	0	1	0	2	0
149	1	0	0.9	0.196	1	0	1	0	1	0	NaN	NaN
150	1	0	1	0	0.9	0.196	1	0	1	0	NaN	NaN
151	1	0	0.9	0.196	1	0	1	0	1	0	NaN	NaN
152	1	0	0.7037036667	0.2970980117	0.9	0.196	1	0	1	0	NaN	NaN
153	1	0	1	0	1	0	1	0	1.1	0.196	NaN	NaN
154	1	0	0.9	0.196	1	0	1.1111111111	0.2177777778	1	0	2	0
155	1	0	0.9	0.196	1	0	1	0	1	0	NaN	NaN
156	1	0	0.9	0.196	1	0	1	0	1	0	2	0
157	1	0	1	0	1	0	1	0	1	0	1.5	0.98
158	1	0	0.8	0.2613333333	1	0	1	0	1	0	NaN	NaN
159	1	0	0.7777777778	0.2880929205	1	0	1	0	1	0	NaN	NaN
160	1	0	0.9	0.196	0.8888888889	0.2177777778	1	0	1	0	NaN	NaN
161	1	0	1	0	0.9	0.196	1.125	0.245	1	0	1	0
162	1	0	1	0	1	0	1	0	1	0	NaN	NaN
163	1	0	1	0	1	0	1	0	1	0	2	0
164	1	0	0.9	0.196	0.8888888889	0.2177777778	1	0	1	0	NaN	NaN
165	0.7	0.2993949454	0.9	0.196	1	0	1	0	1	0	NaN	NaN
166	0.4444444444	0.3443369008	0.925	0.147	1	0	1	0	1	0	2	0
167	0.4444444444	0.3443369008	1	0	1	0	1	0	1	0	NaN	NaN
168	0.5555555556	0.3443369008	0.8	0.2613333333	0.8888888889	0.2177777778	1	0	1	0	NaN	NaN
169	0.2	0.2613333333	0.9	0.196	0.9	0.196	1	0	1	0	2	0
170	0.125	0.245	0.7	0.2993949454	0.9	0.196	1	0	1	0	2	0
171	0	0	1	0	1	0	1	0	1	0	2	0
172	0	0	0.8	0.2613333333	1	0	1	0	1	0	NaN	NaN
173	0.2	0.2613333333	0.7777777778	0.2880929205	1	0	1	0	1	0	NaN	NaN
174	0.2	0.2613333333	0.6666666667	0.3266666667	1	0	1	0	1	0	NaN	NaN
175	0	0	0.9	0.196	1	0	1	0	1	0	NaN	NaN
176	0.2333333	0.2585967777	0.8	0.2613333333	1	0	1	0	1	0	1.5	0.98
177	0	0	0.8	0.2613333333	1	0	1	0	1	0	NaN	NaN
178	0	0	0.8	0.2613333333	1	0	1	0	1	0	NaN	NaN
179	0	0	1	0	1	0	1	0	1	0	NaN	NaN
180	0.1111111111	0.2177777778	0.8888888889	0.2177777778	1	0	1	0	1	0	2	0
181	0	0	0.8	0.2613333333	1	0	1	0	1	0	NaN	NaN
182	0.2	0.2613333333	0.8	0.2613333333	1	0	1	0	1	0	NaN	NaN
183	0.25	0.3207802986	0.8	0.2613333333	1	0	1	0	1	0	NaN	NaN
184	0.1111111111	0.2177777778	0.75	0.3207802986	1	0	1	0	1	0	2	0
185	0	0	0.8	0.2613333333	1	0	1	0	1	0	2	0
186	0.1111111111	0.2177777778	1	0	1	0	1	0	1	0	1.5	0.98
187	0.4	0.3200666597	0.9	0.196	1	0	1	0	1	0	NaN	NaN
188	0.2222222222	0.2880929205	0.8	0.2613333333	1	0	1	0	1	0	1.5	0.98
189	0.2222222222	0.2880929205	0.7777777778	0.2880929205	1	0	1	0	1	0	2	0
190	0.4	0.3200666597	0.8	0.2613333333	1	0	1	0	1	0	NaN	NaN
191	0.5555555556	0.3443369008	0.7	0.2993949454	1	0	1	0	1	0	NaN	NaN
192	0.5	0.3704051835	0.8	0.2613333333	1	0	1	0	1	0	NaN	NaN
193	0.4444444444	0.3443369008	0.8	0.2613333333	1	0	1	0	1	0	NaN	NaN
194	0.5	0.3266666667	0.7	0.2993949454	1	0	1	0	1	0	1.5	0.98
195	0.3333333333	0.3266666667	0.9	0.196	1	0	1	0	1	0	NaN	NaN
196	0.5555555556	0.3443369008	0.8	0.2613333333	1	0	1	0	1	0	NaN	NaN
197	0.5	0.3266666667	0.9	0.196	1	0	1	0	1	0	1	0
198	0.4444444444	0.3443369008	0.8	0.2613333333	1	0	1	0	1	0	NaN	NaN
199	0.6666666667	0.3266666667	0.8	0.2613333333	1	0	1	0	1	0	NaN	NaN
200	0.9	0.196	0.7	0.2993949454	1	0	1	0	1	0	NaN	NaN
201	0.7	0.2993949454	0.7	0.2993949454	1	0	1.0555555556	0.1088888889	1	0	NaN	NaN
202	0.75	0.3207802986	0.6	0.3200666597	1	0	1	0	1	0	NaN	NaN
203	0.8	0.2613333333	0.8888888889	0.2177777778	1	0	1	0	1	0	NaN	NaN
204	0.6666666667	0.3266666667	0.5	0.3704051835	1	0	1	0	1	0	NaN	NaN
205	0.8888888889	0.2177777778	0.7	0.2993949454	1	0	1	0	1	0	1	0
206	0.8888888889	0.2177777778	0.7	0.2993949454	1	0	1	0	1	0	2	0
207	1	0	0.5555555556	0.3443369008	1	0	1	0	1	0	NaN	NaN
208	0.9	0.196	0.7	0.2993949454	1	0	1	0	1.125	0.245	2	0
209	0.7777777778	0.2880929205	0.7777777778	0.2880929205	1	0	1	0	1	0	NaN	NaN
210	1	0	0.6	0.3200666597	1	0	1	0	1	0	2	0
211	1	0	0.7	0.2993949454	1	0	1	0	1	0	2	0
212	1	0	0.6666666667	0.3266666667	1	0	1	0	1	0	NaN	NaN
213	1	0	0.7	0.2993949454	1	0	1	0	1	0	1	0
214	1	0	0.7	0.2993949454	1	0	1	0	1	0	1	0
215	1	0	0.8	0.2613333333	1	0	1	0	1	0	NaN	NaN
216	1	0	0.7777777778	0.2880929205	1	0	1	0	1	0	NaN	NaN
217	1	0	0.7777777778	0.2880929205	1	0	1	0	1	0	2	0
218	1	0	0.7	0.2993949454	1	0	1	0	1	0	NaN	NaN
219	1	0	0.82	0.2370078667	1	0	1	0	1	0	NaN	NaN
220	1	0	0.7777777778	0.2880929205	1	0	1	0	1	0	NaN	NaN
221	1	0	0.8	0.2613333333	1	0	1	0	1	0	NaN	NaN
222	1	0	0.7777777778	0.2880929205	1	0	1	0	1	0	NaN	NaN
223	1	0	0.7142857143	0.3614784456	1	0	1	0	1	0	NaN	NaN
224	0.8888888889	0.2177777778	0.7	0.2993949454	1	0	1	0	1	0	NaN	NaN
225	1	0	0.7777777778	0.2880929205	1	0	1	0	1	0	2	0
226	0.8888888889	0.2177777778	0.8	0.2613333333	1	0	1	0	1	0	NaN	NaN
227	0.8	0.2613333333	0.5555555556	0.3443369008	1	0	1	0	1	0	NaN	NaN
228	0.8	0.2613333333	0.5555555556	0.3443369008	1	0	1	0	1	0	NaN	NaN
229	0.8	0.2613333333	0.4444444444	0.3443369008	1	0	1	0	1	0	NaN	NaN
230	0.5555555556	0.3443369008	0.7	0.2993949454	1	0	1	0	1	0	NaN	NaN
231	0.3333333333	0.3266666667	0.6666666667	0.3266666667	1	0	1	0	1	0	NaN	NaN
232	0.4	0.3200666597	0.5	0.3266666667	1	0	1	0	1	0	NaN	NaN
233	0.2222222222	0.2880929205	0.4444444444	0.3443369008	1	0	1	0	1	0	1	0
234	0.2222222222	0.2880929205	0.5	0.3266666667	1	0	1	0	1	0	2	0
235	0	0	0.3333333333	0.3266666667	1	0	1	0	1	0	NaN	NaN
236	0.1111111111	0.2177777778	0.6	0.3200666597	1	0	1	0	1	0	NaN	NaN
237	0.2	0.2613333333	0.5	0.3266666667	1	0	1	0	1	0	NaN	NaN
238	0.2	0.2613333333	0.5	0.3704051835	1	0	1	0	1	0	NaN	NaN
239	0.3333333333	0.3266666667	0.6666666667	0.3266666667	1	0	1	0	1	0	NaN	NaN
240	0.1111111111	0.2177777778	0.5	0.3266666667	1	0	1	0	1	0	NaN	NaN
241	0.3333333333	0.3266666667	0.5	0.3266666667	1	0	1	0	1	0	NaN	NaN
242	0.3	0.2993949454	0.4	0.3200666597	1	0	1	0	1	0	NaN	NaN
243	0.3333333333	0.3266666667	0.6666666667	0.3266666667	1	0	1	0	1	0	NaN	NaN
244	0.3333333333	0.3266666667	0.5555555556	0.3443369008	1	0	1	0	1	0	NaN	NaN
245	0.6111111111	0.3174629365	0.3333333333	0.3266666667	1	0	1	0	1	0	NaN	NaN
246	0.7	0.2993949454	0.5	0.3266666667	1	0	1	0	1	0	NaN	NaN
247	0.5	0.3266666667	0.5555555556	0.3443369008	1	0	1	0	1	0	NaN	NaN
248	0.6666666667	0.3266666667	0.5	0.3704051835	1	0	1	0	1	0	NaN	NaN
249	0.4285714286	0.3959797975	0.5555555556	0.3443369008	1	0	1	0	1	0	NaN	NaN
250	0.8	0.2613333333	0.5	0.3266666667	1	0	1	0	1	0	NaN	NaN
251	0.7	0.2993949454	0.6	0.3200666597	1	0	1	0	1	0	2	0
252	0.6	0.3200666597	0.4444444444	0.3443369008	1	0	1	0	1	0	1	0
253	0.9	0.196	0.6	0.3200666597	1	0	1	0	1	0	NaN	NaN
254	1	0	0.3333333333	0.3266666667	1	0	1	0	1.3333333333	0.6533333333	NaN	NaN
255	1	0	0.6	0.3200666597	1	0	1	0	1	0	NaN	NaN
256	1	0	0.5714285714	0.3959797975	1	0	1	0	1	0	NaN	NaN
257	1	0	0.5	0.3266666667	1	0	1	0	1	0	NaN	NaN
258	1	0	0.5	0.3266666667	1	0	1	0	1	0	NaN	NaN
259	1	0	0.4444444444	0.3443369008	1	0	1	0	1	0	NaN	NaN
260	1	0	0.4444444444	0.3443369008	1	0	1	0	1	0	NaN	NaN
261	1	0	0.5	0.3266666667	1	0	1	0	1	0	NaN	NaN
262	1	0	0.4	0.3200666597	1	0	1	0	1	0	NaN	NaN
263	1	0	0.5	0.3704051835	1	0	1	0	1	0	2	0
264	1	0	0.5	0.3266666667	1	0	1.2	0.392	1	0	NaN	NaN
265	1	0	0.5	0.3266666667	1	0	1	0	1	0	2	0
266	1	0	0.4444444444	0.3443369008	1	0	1	0	1	0	NaN	NaN
267	1	0	0.6	0.3200666597	1	0	1	0	1	0	NaN	NaN
268	1	0	0.5	0.3704051835	1	0	1	0	1	0	NaN	NaN
269	1	0	0.5555555556	0.3443369008	1	0	1	0	1	0	NaN	NaN
270	1	0	0.4	0.3200666597	1	0	1	0	1	0	2	0
271	1	0	0.5555555556	0.3443369008	1	0	1	0	1	0	NaN	NaN
272	1	0	0.4444444444	0.3443369008	1	0	1	0	1	0	NaN	NaN
273	1	0	0.6666666667	0.3266666667	1	0	1	0	1	0	NaN	NaN
274	1	0	0.4166666667	0.3266666667	1	0	1	0	1	0	NaN	NaN
275	1	0	0.6	0.3200666597	1	0	1	0	1	0	NaN	NaN
276	1	0	0.625	0.3586432768	1	0	1	0	1	0	NaN	NaN
277	1	0	0.5555555556	0.3443369008	1	0	1	0	1	0	NaN	NaN
278	1	0	0.6	0.3200666597	1	0	1	0	1	0	NaN	NaN
279	1	0	0.5555555556	0.3443369008	1	0	1	0	1	0	2	0
280	1	0	0.5555555556	0.3443369008	1	0	1	0	1	0	NaN	NaN
281	1	0	0.5	0.3266666667	1	0	1	0	1	0	NaN	NaN
282	1	0	0.6	0.3200666597	1	0	1	0	1	0	2	0
283	1	0	0.4444444444	0.3443369008	1	0	1	0	1	0	2	0
284	1	0	0.4	0.3200666597	1	0	1	0	1	0	NaN	NaN
285	1	0	0.3333333333	0.3266666667	1	0	1	0	1	0	NaN	NaN
286	1	0	0.5	0.3266666667	1	0	1	0	1	0	2	0
287	1	0	0.3333333333	0.3266666667	1	0	1	0	1	0	NaN	NaN
288	1	0	0.3333333333	0.3266666667	1	0	1	0	1	0	NaN	NaN
289	1	0	0.3333333333	0.3266666667	1	0	1	0	1	0	NaN	NaN
290	1	0	0.2222222222	0.2880929205	1	0	1	0	1	0	NaN	NaN
291	1	0	0.5555555556	0.3443369008	1	0	1	0	1	0	NaN	NaN
292	1	0	0.4444444444	0.3443369008	1	0	1	0	1	0	NaN	NaN
293	1	0	0.6666666667	0.3266666667	1	0	1	0	1	0	NaN	NaN
294	1	0	0.4	0.3200666597	1	0	1	0	1	0	2	0
295	1	0	0.3	0.2993949454	1	0	1	0	1	0	NaN	NaN
296	1	0	0.6666666667	0.3266666667	1	0	1	0	1	0	NaN	NaN
297	1	0	0.7	0.2993949454	1	0	1	0	1	0	NaN	NaN
298	1	0	0.5555555556	0.3443369008	1	0	1	0	1	0	NaN	NaN
299	1	0	0.5	0.3266666667	1	0	1	0	1	0	NaN	NaN
300	1	0	0.6	0.3200666597	1	0	1	0	1	0	NaN	NaN
301	1	0	0.8333333333	0.3266666667	1	0	1	0	1	0	NaN	NaN
302	0.9	0.196	0.625	0.3586432768	1	0	1	0	1	0	NaN	NaN
303	0.8888888889	0.2177777778	0.6666666667	0.3266666667	1	0	1	0	1	0	NaN	NaN
304	0.875	0.245	0.7	0.2993949454	1	0	1	0	1	0	NaN	NaN
305	0.7	0.2993949454	0.75	0.3207802986	1	0	1	0	1	0	1	0
306	0.6666666667	0.3266666667	0.8	0.2613333333	1	0	1	0	1	0	NaN	NaN
307	0.6666666667	0.3266666667	0.8	0.2613333333	1	0	1	0	1	0	2	0
308	0.8888888889	0.2177777778	0.8888888889	0.2177777778	1	0	1	0	1	0	2	0
309	0.7777777778	0.2880929205	0.9	0.196	1	0	1	0	1	0	NaN	NaN
310	0.9	0.196	1	0	1	0	1	0	1	0	NaN	NaN
311	1	0	1	0	1	0	1	0	1	0	NaN	NaN
312	1	0	1	0	1	0	1	0	1	0	NaN	NaN
313	0.8571428571	0.28	1	0	1	0	1	0	1	0	NaN	NaN
314	0.9	0.196	1	0	1	0	1	0	1	0	NaN	NaN
315	1	0	1	0	1	0	1	0	1	0	NaN	NaN
316	1	0	1	0	1	0	1	0	1	0	NaN	NaN
317	1	0	1	0	1	0	1	0	1	0	NaN	NaN
318	1	0	1	0	1	0	1	0	1	0	NaN	NaN
319	1	0	1	0	1	0	1	0	1	0	NaN	NaN
320	1	0	1	0	1	0	1	0	1	0	NaN	NaN
321	1	0	1	0	1	0	1	0	1	0	NaN	NaN
322	1	0	1	0	1	0	1	0	1	0	NaN	NaN
323	1	0	1	0	1	0	1	0	1	0	NaN	NaN
324	1	0	0.9	0.196	1	0	1.1666666667	0.3266666667	1	0	NaN	NaN
325	1	0	1	0	1	0	1	0	1	0	NaN	NaN
326	1	0	1	0	1	0	1	0	1	0	NaN	NaN
327	1	0	1	0	1	0	1	0	1	0	1	0
328	1	0	1	0	1	0	1	0	1	0	NaN	NaN
329	1	0	1	0	1	0	1	0	1	0	NaN	NaN
330	1	0	0.9	0.196	1	0	1	0	1	0	NaN	NaN
331	1	0	1	0	1	0	1	0	1	0	2	0
332	1	0	0.8888888889	0.2177777778	1	0	1	0	1	0	NaN	NaN
333	1	0	1	0	1	0	1	0	1	0	NaN	NaN
334	1	0	1	0	1	0	1	0	1	0	NaN	NaN
335	1	0	1	0	1	0	1	0	1	0	NaN	NaN
336	1	0	1	0	1	0	1	0	1	0	NaN	NaN
337	1	0	0.875	0.245	1	0	1	0	1	0	NaN	NaN
338	1	0	0.9	0.196	1	0	1	0	1	0	NaN	NaN
339	1	0	1	0	1	0	1	0	1	0	NaN	NaN
340	1	0	0.9	0.196	1	0	1	0	1	0	NaN	NaN
341	1	0	1	0	1	0	1.1666666667	0.3266666667	1	0	NaN	NaN
342	1	0	1	0	1	0	1	0	1	0	NaN	NaN
343	1	0	1	0	1	0	1	0	1	0	NaN	NaN
344	1	0	1	0	1	0	1	0	1	0	NaN	NaN
345	1	0	1	0	1	0	1	0	1	0	NaN	NaN
346	1	0	1	0	1	0	1	0	1	0	NaN	NaN
347	1	0	1	0	1	0	1	0	1	0	2	0
348	1	0	1	0	1	0	1	0	1	0	NaN	NaN
349	1	0	1	0	1	0	1	0	1	0	NaN	NaN
350	1	0	1	0	1	0	1	0	1	0	NaN	NaN
351	1	0	1	0	1	0	1	0	1	0	NaN	NaN
352	1	0	1	0	1	0	1	0	1	0	NaN	NaN
353	1	0	1	0	1	0	1	0	1	0	NaN	NaN
354	1	0	1	0	1	0	1	0	1	0	NaN	NaN
355	1	0	1	0	1	0	1	0	1	0	NaN	NaN
356	1	0	1	0	1	0	1	0	1	0	NaN	NaN
357	1	0	1	0	1	0	1	0	1	0	NaN	NaN
358	1	0	1	0	1	0	1	0	1	0	NaN	NaN
359	1	0	1	0	1	0	1	0	1	0	2	0
360	1	0	1	0	1	0	1	0	1	0	NaN	NaN
361	1	0	1	0	1	0	1	0	1	0	NaN	NaN
362	1	0	1	0	1	0	1	0	1.3333333333	0.6533333333	NaN	NaN
363	1	0	1	0	1	0	1	0	1	0	NaN	NaN
364	1	0	1	0	1	0	1	0	1	0	2	0
365	1	0	1	0	1	0	1	0	1	0	NaN	NaN
366	1	0	1	0	1	0	1	0	1	0	NaN	NaN
367	1	0	1	0	1	0	1	0	1	0	2	0
368	1	0	1	0	1	0	1	0	1	0	NaN	NaN
369	1	0	1	0	1	0	1	0	1	0	NaN	NaN
370	1	0	1	0	1	0	1	0	1	0	NaN	NaN
371	1	0	1	0	1	0	1	0	1	0	NaN	NaN
372	1	0	1	0	1	0	1	0	1	0	NaN	NaN
373	1	0	1	0	1	0	1	0	1	0	NaN	NaN
374	1	0	1	0	1	0	1	0	1	0	NaN	NaN
375	1	0	1	0	1	0	1	0	1.25	0.49	NaN	NaN
376	1	0	1	0	1	0	1	0	1	0	NaN	NaN
377	1	0	1	0	1	0	1	0	1	0	NaN	NaN
378	1	0	1	0	1	0	1	0	1	0	NaN	NaN
379	1	0	1	0	1	0	1	0	1	0	NaN	NaN
380	1	0	1	0	1	0	1	0	1	0	NaN	NaN
381	1	0	1	0	1	0	1	0	1	0	NaN	NaN
382	1	0	1	0	1	0	1	0	1	0	NaN	NaN
383	1	0	0.9857143	0.027999972	1	0	1	0	1	0	NaN	NaN
384	1	0	0.875	0.245	1	0	1	0	1	0	NaN	NaN
385	1	0	1	0	1	0	1	0	1	0	NaN	NaN
386	1	0	1	0	1	0	1	0	1	0	NaN	NaN
387	1	0	1	0	1	0	1	0	1	0	NaN	NaN
388	1	0	1	0	1	0	1	0	1	0	NaN	NaN
389	1	0	1	0	1	0	1	0	1	0	2	0
390	1	0	0.8888888889	0.2177777778	1	0	1	0	1	0	NaN	NaN
391	1	0	1	0	1	0	1	0	1	0	NaN	NaN
392	1	0	1	0	1	0	1	0	1	0	NaN	NaN
393	1	0	1	0	1	0	1	0	1	0	NaN	NaN
394	1	0	1	0	1	0	1	0	1	0	NaN	NaN
395	1	0	1	0	1	0	1	0	1	0	NaN	NaN
396	1	0	0.9	0.196	1	0	1	0	1	0	NaN	NaN
397	1	0	1	0	1	0	1	0	1	0	NaN	NaN
398	1	0	1	0	1	0	1	0	1	0	NaN	NaN
399	1	0	1	0	1	0	1	0	1	0	NaN	NaN
400	1	0	1	0	1	0	1	0	1	0	NaN	NaN
401	1	0	1	0	1	0	1	0	1	0	NaN	NaN
402	1	0	0.9	0.196	1	0	1	0	1	0	NaN	NaN
403	1	0	0.875	0.245	0.875	0.245	1	0	1	0	NaN	NaN
404	1	0	1	0	0.8571428571	0.28	1	0	1	0	NaN	NaN
405	1	0	0.9	0.196	1	0	1	0	1	0	NaN	NaN
406	1	0	1	0	1	0	1	0	1	0	NaN	NaN
407	1	0	1	0	1	0	1	0	1	0	NaN	NaN
408	1	0	1	0	1	0	1	0	1	0	2	0
409	1	0	1	0	0.8888888889	0.2177777778	1	0	1	0	NaN	NaN
410	1	0	1	0	0.8	0.392	1	0	1	0	NaN	NaN
411	1	0	1	0	1	0	1	0	1	0	NaN	NaN
412	0.9333333	0.130666732	1	0	0.8571428571	0.28	1	0	1	0	NaN	NaN
413	1	0	0.875	0.245	1	0	1	0	1	0	NaN	NaN
414	1	0	1	0	1	0	1	0	1	0	NaN	NaN
415	1	0	1	0	1	0	1	0	1	0	NaN	NaN
416	1	0	1	0	1	0	1	0	1	0	NaN	NaN
417	0.9833333	0.032666732	1	0	1	0	1	0	1	0	NaN	NaN
418	1	0	1	0	1	0	1	0	1	0	2	0
419	1	0	1	0	1	0	1	0	1	0	NaN	NaN
420	1	0	0.875	0.245	1	0	1	0	1	0	NaN	NaN
421	1	0	0.8888888889	0.2177777778	1	0	1	0	1	0	NaN	NaN
422	1	0	1	0	1	0	1	0	1	0	NaN	NaN
423	1	0	1	0	1	0	1	0	1	0	NaN	NaN
424	1	0	0.875	0.245	1	0	1.1666666667	0.3266666667	1	0	NaN	NaN
425	1	0	1	0	1	0	1	0	1	0	NaN	NaN
426	1	0	1	0	1	0	1	0	1	0	NaN	NaN
427	1	0	1	0	1	0	1	0	1	0	NaN	NaN
428	1	0	1	0	1	0	1	0	1	0	NaN	NaN
429	1	0	1	0	1	0	1	0	1	0	NaN	NaN
430	1	0	1	0	1	0	1	0	1	0	NaN	NaN
431	1	0	0.9	0.196	1	0	1	0	1	0	NaN	NaN
432	1	0	1	0	1	0	1	0	1	0	NaN	NaN
433	1	0	0.9	0.196	1	0	1	0	1	0	NaN	NaN
434	1	0	1	0	1	0	1	0	1	0	NaN	NaN
435	1	0	1	0	1	0	1	0	1	0	NaN	NaN
436	1	0	1	0	1	0	1	0	1	0	NaN	NaN
437	1	0	1	0	1	0	1	0	1	0	NaN	NaN
438	1	0	0.95	0.098	1	0	1	0	1	0	NaN	NaN
439	1	0	1	0	1	0	1	0	1	0	2	0
440	1	0	1	0	1	0	1	0	1	0	NaN	NaN
441	1	0	1	0	1	0	1	0	1	0	NaN	NaN
442	1	0	1	0	1	0	1	0	1	0	NaN	NaN
443	1	0	1	0	1	0	1	0	1	0	NaN	NaN
444	1	0	1	0	1	0	1	0	1	0	NaN	NaN
445	1	0	1	0	1	0	1	0	1	0	1	0
446	1	0	1	0	1	0	1	0	1	0	NaN	NaN
447	1	0	1	0	1	0	1	0	1	0	NaN	NaN
448	1	0	1	0	1	0	1	0	1	0	NaN	NaN
449	1	0	1	0	1	0	1	0	1	0	2	0
450	1	0	1	0	1	0	1	0	1	0	1	0
451	1	0	1	0	1	0	1	0	1.125	0.245	1	0
452	1	0	1	0	1	0	1	0	NaN	NaN	NaN	NaN
453	1	0	1	0	1	0	1	0	1	0	1	0
454	1	0	1	0	1	0	1	0	1	0	NaN	NaN
455	0.9	0.196	1	0	1	0	1	0	1	0	NaN	NaN
456	0.9	0.196	1	0	1	0	1	0	1	0	NaN	NaN
457	1	0	1	0	1	0	1	0	1	0	NaN	NaN
458	1	0	1	0	1	0	1	0	1	0	NaN	NaN
459	1	0	1	0	1	0	1	0	1	0	NaN	NaN
460	1	0	1	0	1	0	1	0	1	0	NaN	NaN
461	1	0	1	0	1	0	1	0	1	0	NaN	NaN
462	1	0	1	0	1	0	1	0	1	0	NaN	NaN
463	1	0	1	0	1	0	1	0	1	0	NaN	NaN
464	1	0	1	0	1	0	1	0	NaN	NaN	NaN	NaN
465	1	0	1	0	1	0	1	0	1	0	NaN	NaN
466	1	0	1	0	1	0	1	0	1	0	NaN	NaN
467	1	0	1	0	1	0	1	0	1	0	NaN	NaN
468	1	0	1	0	1	0	1	0	1	0	NaN	NaN
469	1	0	1	0	1.1666666667	0.3266666667	1	0	1	0	1	0
470	1	0	1	0	1.1111111111	0.2177777778	1	0	1	0	NaN	NaN
471	1	0	1	0	1	0	1	0	1	0	NaN	NaN
472	1	0	1	0	1	0	1	0	1	0	NaN	NaN
473	1	0	1	0	1	0	1.1428571429	0.28	1	0	NaN	NaN
474	1	0	1	0	1.125	0.245	1	0	1	0	NaN	NaN
475	1	0	1	0	1.25	0.49	1	0	1	0	NaN	NaN
476	1	0	1	0	1	0	1	0	1	0	NaN	NaN
477	1	0	1	0	1.1428571429	0.28	1	0	1	0	NaN	NaN
478	1	0	1	0	1	0	1	0	1	0	NaN	NaN
479	1	0	0.8888888889	0.2177777778	1.125	0.245	1	0	1	0	NaN	NaN
480	1	0	1	0	1	0	1	0	1	0	NaN	NaN
481	1	0	1	0	1.2	0.392	1	0	1	0	NaN	NaN
482	1	0	0.875	0.245	1.125	0.245	1	0	1	0	NaN	NaN
483	1	0	1	0	1	0	1	0	1	0	NaN	NaN
484	1	0	1	0	1	0	1	0	1	0	NaN	NaN
485	0.8888888889	0.2177777778	1	0	1	0	1	0	1	0	NaN	NaN
486	1	0	1	0	1	0	1	0	1	0	NaN	NaN
487	1	0	0.875	0.245	1	0	1	0	1	0	NaN	NaN
488	1	0	1	0	1	0	1	0	1	0	NaN	NaN
489	1	0	1	0	1	0	1	0	1	0	NaN	NaN
490	1	0	1	0	1	0	1	0	1	0	NaN	NaN
491	1	0	1	0	1	0	1	0	1	0	NaN	NaN
492	1	0	1	0	1	0	1	0	1	0	NaN	NaN
493	1	0	1	0	1	0	1	0	1	0	NaN	NaN
494	1	0	1	0	1	0	1	0	1	0	NaN	NaN
495	1	0	1	0	1	0	1	0	1	0	NaN	NaN
496	1	0	1	0	1	0	1	0	1	0	NaN	NaN
497	1	0	1	0	1	0	1	0	1	0	NaN	NaN
498	1	0	1	0	1	0	1	0	1	0	NaN	NaN
499	1	0	1	0	1	0	1	0	1	0	NaN	NaN
500	1	0	1	0	1	0	1	0	1	0	NaN	NaN
501	1	0	1	0	1	0	1	0	1	0	NaN	NaN
502	1	0	1	0	1	0	1	0	1	0	NaN	NaN
503	1	0	1	0	1	0	1	0	1	0	NaN	NaN
504	1	0	1	0	1	0	1	0	1	0	NaN	NaN
505	1	0	1	0	1	0	1	0	1	0	NaN	NaN
506	1	0	1	0	1	0	1	0	1	0	NaN	NaN
507	1	0	1	0	1	0	1	0	1	0	NaN	NaN
508	1	0	1	0	1	0	1	0	1	0	2	0
509	1	0	1	0	1	0	1	0	1	0	NaN	NaN
510	1	0	1	0	1	0	1	0	1	0	NaN	NaN
511	1	0	0.9	0.196	1	0	1	0	1	0	NaN	NaN
512	1	0	1	0	1	0	1	0	1	0	NaN	NaN
513	1	0	0.875	0.245	1	0	1	0	1	0	NaN	NaN
514	1	0	1	0	1	0	1	0	1	0	NaN	NaN
515	1	0	1	0	1	0	1	0	1	0	NaN	NaN
516	1	0	1	0	1	0	1	0	1	0	NaN	NaN
517	1	0	1	0	1	0	1	0	1	0	NaN	NaN
518	1	0	1	0	0.8888888889	0.2177777778	1	0	1	0	NaN	NaN
519	0.8888888889	0.2177777778	1	0	1	0	1	0	1	0	NaN	NaN
520	1	0	1	0	1	0	1	0	1	0	NaN	NaN
521	1	0	1	0	1	0	1	0	1	0	NaN	NaN
522	1	0	1	0	1	0	1	0	1	0	NaN	NaN
523	1	0	1	0	1	0	1	0	1	0	NaN	NaN
524	1	0	1	0	1	0	1	0	NaN	NaN	NaN	NaN
525	1	0	1	0	1	0	1	0	1	0	NaN	NaN
526	1	0	1	0	1	0	1	0	1	0	NaN	NaN
527	1	0	1	0	1	0	1	0	1	0	NaN	NaN
528	1	0	1	0	1	0	1	0	1	0	NaN	NaN
529	1	0	1	0	1	0	1	0	1	0	NaN	NaN
530	1	0	1	0	1	0	1	0	1	0	2	0
531	1	0	1	0	1	0	1	0	1	0	NaN	NaN
532	1	0	1	0	1	0	1	0	1	0	NaN	NaN
533	1	0	1	0	1	0	1	0	1	0	NaN	NaN
534	1	0	0.8571428571	0.28	1	0	1	0	1	0	NaN	NaN
535	1	0	1	0	1	0	1	0	1	0	NaN	NaN
536	1	0	1	0	0.8333333333	0.3266666667	1	0	1	0	NaN	NaN
537	1	0	1	0	1	0	1	0	1	0	NaN	NaN
538	1	0	1	0	1	0	1	0	NaN	NaN	NaN	NaN
539	1	0	1	0	1	0	1	0	1	0	NaN	NaN
540	1	0	1	0	1	0	1	0	1	0	NaN	NaN
541	1	0	1	0	1	0	1	0	1	0	NaN	NaN
542	1	0	1	0	1	0	1	0	1	0	NaN	NaN
543	1	0	1	0	1	0	1	0	1	0	NaN	NaN
544	1	0	1	0	0.8333333333	0.3266666667	1	0	1	0	NaN	NaN
545	1	0	1	0	1	0	1	0	1	0	NaN	NaN
546	1	0	1	0	0.8571428571	0.28	1	0	1	0	NaN	NaN
547	1	0	0.9	0.196	1	0	1	0	1	0	NaN	NaN
548	1	0	1	0	1	0	1	0	1	0	NaN	NaN
549	1	0	1	0	0.875	0.245	1	0	1	0	NaN	NaN
550	1	0	1	0	0.8333333333	0.3266666667	1	0	1	0	NaN	NaN
551	1	0	1	0	1	0	1	0	1	0	NaN	NaN
552	1	0	0.9	0.196	1	0	1	0	1	0	NaN	NaN
553	1	0	1	0	1	0	1	0	1	0	NaN	NaN
554	1	0	1	0	1	0	1	0	1	0	NaN	NaN
555	1	0	1	0	1	0	1	0	1	0	NaN	NaN
556	1	0	1	0	1	0	1	0	1	0	NaN	NaN
557	1	0	1	0	1	0	1	0	1	0	NaN	NaN
558	1	0	1	0	1	0	1	0	1	0	NaN	NaN
559	1	0	1	0	1	0	1	0	1	0	NaN	NaN
560	1	0	1	0	1	0	1	0	1	0	NaN	NaN
561	1	0	1	0	0.75	0.49	1	0	1	0	NaN	NaN
562	1	0	1	0	0.75	0.49	1	0	1	0	NaN	NaN
563	1	0	1	0	1	0	1	0	1	0	NaN	NaN
564	1	0	1	0	1	0	1	0	1	0	NaN	NaN
565	1	0	1	0	1	0	1	0	1	0	NaN	NaN
566	1	0	1	0	0.7333334	0.3809555126	1	0	NaN	NaN	NaN	NaN
567	1	0	1	0	1	0	1	0	1	0	NaN	NaN
568	1	0	1	0	1	0	1	0	1	0	NaN	NaN
569	1	0	1	0	1	0	1	0	1	0	NaN	NaN
570	1	0	1	0	1	0	1	0	1	0	NaN	NaN
571	1	0	1	0	1	0	1	0	1	0	NaN	NaN
572	1	0	1	0	1	0	1	0	1	0	NaN	NaN
573	1	0	1	0	1	0	1	0	1	0	NaN	NaN
574	1	0	1	0	1	0	1	0	1	0	NaN	NaN
575	1	0	1	0	1	0	1	0	1	0	NaN	NaN
576	1	0	1	0	1	0	1	0	NaN	NaN	NaN	NaN
577	1	0	1	0	1	0	1	0	1	0	NaN	NaN
578	1	0	1	0	1	0	1	0	1	0	NaN	NaN
579	1	0	1	0	1	0	1	0	1	0	NaN	NaN
580	1	0	1	0	1	0	1	0	1	0	NaN	NaN
581	1	0	1	0	1	0	1	0	1	0	NaN	NaN
582	1	0	1	0	1	0	1	0	1	0	NaN	NaN
583	1	0	1	0	1	0	1	0	1	0	NaN	NaN
584	1	0	1	0	1	0	1	0	1	0	NaN	NaN
585	1	0	1	0	1	0	1	0	1	0	NaN	NaN
586	1	0	1	0	1	0	1	0	1	0	NaN	NaN
587	1	0	1	0	1	0	1	0	1	0	NaN	NaN
588	1	0	1	0	1	0	1	0	1	0	NaN	NaN
589	1	0	1	0	1	0	1	0	1	0	NaN	NaN
590	1	0	1	0	0.8571428571	0.28	1	0	1	0	NaN	NaN
591	1	0	1	0	1	0	1	0	1	0	NaN	NaN
592	1	0	1	0	0.8333333333	0.3266666667	1	0	1	0	NaN	NaN
593	1	0	1	0	0.75	0.49	1	0	1	0	NaN	NaN
594	1	0	1	0	0.7142857143	0.3614784456	1	0	1	0	NaN	NaN
595	0.9	0.196	1	0	0.8333333333	0.3266666667	1	0	1	0	NaN	NaN
596	1	0	1	0	0.7142857143	0.3614784456	1	0	NaN	NaN	1	0
597	1	0	1	0	0.8571428571	0.28	1	0	1	0	NaN	NaN
598	1	0	0.8571428571	0.28	0.8333333333	0.3266666667	1	0	1	0	2	0
599	1	0	1	0	0.875	0.245	1	0	1	0	NaN	NaN
600	1	0	1	0	0.8	0.392	1	0	1	0	NaN	NaN
601	1	0	1	0	0.8333333333	0.3266666667	1	0	1	0	NaN	NaN
602	1	0	1	0	1	0	1	0	1	0	NaN	NaN
603	1	0	1	0	1	0	1	0	1	0	NaN	NaN
604	1	0	1	0	0.8571428571	0.28	1	0	1	0	NaN	NaN
605	1	0	1	0	1	0	1	0	1	0	NaN	NaN
606	1	0	1	0	0.875	0.245	1	0	1	0	NaN	NaN
607	1	0	1	0	1	0	1	0	1	0	NaN	NaN
608	1	0	1	0	1	0	1	0	1	0	NaN	NaN
609	1	0	1	0	0.8571428571	0.28	1	0	NaN	NaN	NaN	NaN
610	1	0	1	0	0.8571428571	0.28	1	0	1	0	NaN	NaN
611	1	0	1	0	0.8	0.392	1	0	1	0	NaN	NaN
612	1	0	1	0	0.875	0.245	1	0	NaN	NaN	NaN	NaN
613	1	0	1	0	1	0	1	0	1	0	NaN	NaN
614	1	0	1	0	1	0	1	0	1	0	NaN	NaN
615	1	0	1	0	0.8571428571	0.28	1	0	1	0	NaN	NaN
616	1	0	1	0	0.875	0.245	1	0	1	0	NaN	NaN
617	1	0	1	0	0.875	0.245	1	0	1	0	NaN	NaN
618	1	0	1	0	1	0	1	0	1	0	NaN	NaN
619	1	0	1	0	0.8571428571	0.28	1	0	1	0	NaN	NaN
620	1	0	1	0	1	0	1	0	1	0	NaN	NaN
621	1	0	1	0	1	0	1	0	1	0	NaN	NaN
622	1	0	0.875	0.245	0.8	0.392	1	0	1	0	NaN	NaN
623	1	0	0.75	0.3207802986	1	0	1	0	NaN	NaN	NaN	NaN
624	0.9	0.196	0.875	0.245	1	0	1	0	1	0	NaN	NaN
625	1	0	0.8888888889	0.2177777778	1	0	1	0	1	0	NaN	NaN
626	1	0	0.8888888889	0.2177777778	1	0	1	0	1	0	NaN	NaN
627	1	0	0.75	0.49	1	0	1	0	1	0	NaN	NaN
628	0.9	0.196	1	0	1	0	1	0	1	0	NaN	NaN
629	1	0	0.8571428571	0.28	1	0	1	0	1	0	NaN	NaN
630	1	0	0.875	0.245	1	0	1	0	1	0	NaN	NaN
631	1	0	0.9	0.196	1	0	1	0	1	0	NaN	NaN
632	1	0	0.75	0.49	0.8571428571	0.28	1	0	1	0	NaN	NaN
633	1	0	1	0	0.8571428571	0.28	1	0	1	0	NaN	NaN
634	1	0	0.9	0.196	0.8888888889	0.2177777778	1	0	1	0	NaN	NaN
635	1	0	1	0	1	0	1	0	NaN	NaN	NaN	NaN
636	1	0	0.5714285714	0.3959797975	1	0	1	0	1	0	NaN	NaN
637	1	0	0.8571428571	0.28	1	0	1	0	1	0	NaN	NaN
638	1	0	0.75	0.3207802986	0.875	0.245	1	0	1	0	NaN	NaN
639	1	0	0.5	0.3704051835	0.8	0.392	1	0	NaN	NaN	NaN	NaN
640	1	0	0.5	0.3704051835	1	0	1	0	1	0	NaN	NaN
641	1	0	0.6	0.3200666597	1	0	1	0	1	0	NaN	NaN
642	1	0	0.625	0.3586432768	1	0	1	0	1	0	NaN	NaN
643	0.9666667	0.065333268	0.6666666667	0.3266666667	1	0	1	0	1	0	NaN	NaN
644	1	0	0.625	0.3586432768	1	0	1	0	1	0	NaN	NaN
645	1	0	0.5	0.4382693236	1	0	1	0	1	0	NaN	NaN
646	1	0	0.6666666667	0.4132042809	1	0	1	0	1	0	NaN	NaN
647	1	0	0.5714285714	0.3959797975	1	0	1	0	1	0	NaN	NaN
648	1	0	0.4	0.3200666597	1	0	1	0	1	0	NaN	NaN
649	1	0	0.4444444444	0.3443369008	1	0	1	0	1	0	NaN	NaN
650	1	0	0.5555555556	0.3443369008	1	0	1	0	1	0	NaN	NaN
651	1	0	0.75	0.3207802986	1	0	1	0	1	0	NaN	NaN
652	1	0	0.5	0.3704051835	1	0	1	0	1	0	NaN	NaN
653	1	0	0.4444444444	0.3443369008	1	0	1	0	1	0	NaN	NaN
654	1	0	0.6	0.3200666597	1	0	1	0	NaN	NaN	NaN	NaN
655	1	0	0.5555555556	0.3443369008	1	0	1	0	1	0	NaN	NaN
656	1	0	0.625	0.3586432768	1	0	1	0	1	0	NaN	NaN
657	1	0	0.7142857143	0.3614784456	1	0	1	0	1	0	NaN	NaN
658	1	0	0.5	0.3266666667	1	0	1	0	1	0	NaN	NaN
659	1	0	0.5	0.3266666667	1	0	1	0	1	0	NaN	NaN
660	1	0	0.5555555556	0.3443369008	1	0	1	0	1	0	1	0
661	0.8888888889	0.2177777778	0.5714285714	0.3959797975	1	0	1	0	1	0	NaN	NaN
662	0.9	0.196	0.375	0.3586432768	1	0	1	0	1	0	NaN	NaN
663	0.8888888889	0.2177777778	0.6	0.3200666597	1	0	1	0	1	0	NaN	NaN
664	0.6	0.3200666597	0.4444444444	0.3443369008	1	0	1	0	1	0	NaN	NaN
665	0.6	0.3200666597	0.4	0.3200666597	1	0	1	0	NaN	NaN	NaN	NaN
666	0.3	0.2993949454	0.2857142857	0.3614784456	1	0	1	0	1	0	NaN	NaN
667	0.3333333333	0.3266666667	0.4444444444	0.3443369008	1	0	1	0	1	0	NaN	NaN
668	0.2	0.2613333333	0.2222222222	0.2880929205	1	0	1	0	1	0	NaN	NaN
669	0.3333333333	0.3266666667	0.2857142857	0.3614784456	1	0	1	0	1	0	NaN	NaN
670	0.2	0.2613333333	0.3333333333	0.3266666667	1	0	1	0	NaN	NaN	NaN	NaN
671	0	0	0.625	0.3586432768	1	0	1	0	1	0	NaN	NaN
672	0	0	0.5	0.3266666667	1	0	1	0	1	0	NaN	NaN
673	0	0	0.4	0.4800999896	1	0	1	0	NaN	NaN	NaN	NaN
674	0	0	0.4444444444	0.3443369008	1	0	1	0	1	0	NaN	NaN
675	0.1111111111	0.2177777778	0.375	0.3586432768	1	0	1	0	1	0	NaN	NaN
676	0.1111111111	0.2177777778	0.75	0.3207802986	1	0	1	0	1	0	NaN	NaN
677	0.1481481111	0.2207817362	0.6666666667	0.3266666667	1	0	0.8	0.392	NaN	NaN	NaN	NaN
678	0.1	0.196	0.6666666667	0.3266666667	1	0	1	0	1	0	NaN	NaN
679	0	0	0.5	0.3266666667	1	0	1	0	1	0	NaN	NaN
680	0	0	0.5555555556	0.3443369008	1	0	1	0	1	0	NaN	NaN
681	0	0	0.625	0.3586432768	1	0	1	0	1	0	NaN	NaN
682	0	0	0.625	0.3586432768	1	0	1	0	1	0	NaN	NaN
683	0	0	0.5	0.3704051835	1	0	1	0	1	0	2	0
684	0.1	0.196	0.5	0.3704051835	1	0	1	0	1	0	NaN	NaN
685	0	0	0.7777777778	0.2880929205	1	0	1	0	1	0	NaN	NaN
686	0	0	0.7	0.2993949454	1	0	1	0	1	0	NaN	NaN
687	0.1111111111	0.2177777778	0.6666666667	0.4132042809	1	0	1	0	1	0	NaN	NaN
688	0.1111111111	0.2177777778	0.6666666667	0.3266666667	1	0	1	0	1	0	NaN	NaN
689	0	0	0.7142857143	0.3614784456	1	0	NaN	NaN	1	0	NaN	NaN
690	0.1111111111	0.2177777778	0.5555555556	0.3443369008	1	0	1	0	1	0	NaN	NaN
691	0.4	0.3200666597	0.6666666667	0.3266666667	1	0	1	0	NaN	NaN	NaN	NaN
692	0.3333333333	0.3266666667	0.8571428571	0.28	1	0	1	0	1	0	1	0
693	0.1111111111	0.2177777778	0.625	0.3586432768	1	0	1	0	1	0	NaN	NaN
694	0.2222222222	0.2880929205	0.625	0.3586432768	1	0	1	0	1	0	NaN	NaN
695	0.5	0.3266666667	0.7142857143	0.3614784456	1	0	1	0	1	0	NaN	NaN
696	0.4	0.3200666597	0.75	0.3207802986	1	0	1	0	1	0	NaN	NaN
697	0.3	0.2993949454	0.6666666667	0.4132042809	1	0	1	0	1	0	NaN	NaN
698	0.2	0.2613333333	0.625	0.3586432768	1	0	1	0	1	0	NaN	NaN
699	0.375	0.3586432768	0.625	0.3586432768	1	0	1	0	1	0	NaN	NaN
700	0.3333333	0.2921795491	0.6666666667	0.3266666667	1	0	1	0	1	0	NaN	NaN
701	0.4444444444	0.3443369008	0.75	0.3207802986	1	0	1	0	1	0	NaN	NaN
702	0.25	0.3207802986	0.6666666667	0.3266666667	1	0	1	0	1.1666666667	0.3266666667	NaN	NaN
703	0.6	0.3200666597	0.5555555556	0.3443369008	1	0	1	0	1	0	NaN	NaN
704	0.6666666667	0.3266666667	0.8571428571	0.28	1	0	1	0	1	0	NaN	NaN
705	0.8888888889	0.2177777778	0.8	0.392	1	0	1	0	1	0	NaN	NaN
706	0.8888888889	0.2177777778	0.7142857143	0.3614784456	1	0	1	0	1	0	NaN	NaN
707	0.6666666667	0.3266666667	0.8333333333	0.3266666667	1	0	1	0	1	0	NaN	NaN
708	0.9	0.196	0.7777777778	0.2880929205	1	0	1	0	1	0	NaN	NaN
709	0.8	0.2613333333	0.8	0.2613333333	1	0	1	0	NaN	NaN	NaN	NaN
710	0.625	0.3586432768	0.7777777778	0.2880929205	1	0	1	0	1	0	NaN	NaN
711	0.5	0.3266666667	0.7777777778	0.2880929205	1	0	1	0	1	0	NaN	NaN
712	0.5555555556	0.3443369008	1	0	1	0	1	0	1	0	NaN	NaN
713	0.7	0.2993949454	0.75	0.3207802986	1	0	1	0	1	0	NaN	NaN
714	0.8888888889	0.2177777778	0.6666666667	0.3266666667	1	0	1	0	1	0	NaN	NaN
715	0.9	0.196	0.8	0.2613333333	1	0	1	0	1	0	1	0
716	0.875	0.245	0.8	0.2613333333	1	0	1	0	1	0	NaN	NaN
717	0.5	0.4382693236	0.8333333333	0.3266666667	1	0	1	0	1	0	NaN	NaN
718	0.4444444444	0.3443369008	0.7142857143	0.3614784456	1	0	1	0	1	0	NaN	NaN
719	0.3	0.2993949454	0.8	0.2613333333	1	0	1	0	1	0	NaN	NaN
720	0.4	0.3200666597	0.7	0.2993949454	1	0	1	0	1	0	NaN	NaN
721	0.625	0.3586432768	0.8571428571	0.28	1	0	1	0	1	0	NaN	NaN
722	0.4444444444	0.3443369008	0.8333333333	0.3266666667	1	0	1	0	1	0	NaN	NaN
723	0.7777777778	0.2880929205	0.75	0.3207802986	1	0	1	0	1	0	NaN	NaN
724	0.625	0.3586432768	0.75	0.3207802986	1	0	1	0	1	0	NaN	NaN
725	0.3333333333	0.3266666667	0.75	0.3207802986	1	0	1	0	1	0	NaN	NaN
726	0.3	0.2993949454	0.875	0.245	1	0	1	0	1	0	NaN	NaN
727	0.3	0.2993949454	0.7777777778	0.2880929205	1	0	1	0	1	0	NaN	NaN
728	0.2222222222	0.2880929205	0.8	0.2613333333	1	0	1	0	1	0	NaN	NaN
729	0.2	0.2613333333	0.8	0.2613333333	1	0	1	0	1	0	NaN	NaN
730	0	0	0.75	0.3207802986	1	0	1	0	1	0	1	0
731	0.1111111111	0.2177777778	0.6666666667	0.4132042809	1	0	1	0	1	0	NaN	NaN
732	0.125	0.245	0.7142857143	0.3614784456	1	0	1	0	1	0	NaN	NaN
733	0.2	0.2613333333	0.75	0.3207802986	1	0	1	0	1	0	NaN	NaN
734	0.2222222222	0.2880929205	0.5714285714	0.3959797975	1	0	1	0	1	0	NaN	NaN
735	0.4	0.3200666597	0.875	0.245	1	0	1	0	1	0	NaN	NaN
736	0.2	0.2613333333	0.8	0.2613333333	1	0	1	0	1	0	NaN	NaN
737	0.2	0.2613333333	0.75	0.3207802986	1	0	1	0	1	0	NaN	NaN
738	0.1	0.196	0.7777777778	0.2880929205	1	0	1	0	1	0	NaN	NaN
739	0.3	0.2993949454	0.75	0.3207802986	1	0	1	0	1	0	NaN	NaN
740	0.2	0.2613333333	0.75	0.3207802986	1	0	1	0	1	0	NaN	NaN
741	0.1111111111	0.2177777778	0.7777777778	0.2880929205	1	0	1	0	1	0	NaN	NaN
742	0.2	0.2613333333	0.7	0.2993949454	1	0	1	0	1	0	NaN	NaN
743	0.3333333333	0.3266666667	0.75	0.3207802986	1	0	1	0	1	0	NaN	NaN
744	0.3333333333	0.3266666667	0.8333333333	0.3266666667	1	0	1	0	1	0	NaN	NaN
745	0.4	0.3200666597	0.6666666667	0.4132042809	1	0	1	0	1	0	NaN	NaN
746	0.6	0.3200666597	0.7777777778	0.2880929205	1	0	1	0	1	0	NaN	NaN
747	0.3	0.2993949454	0.75	0.3207802986	1	0	1	0	1	0	NaN	NaN
748	0.3	0.2993949454	0.6	0.4800999896	1	0	1	0	1	0	NaN	NaN
749	0.4444444444	0.3443369008	0.7142857143	0.3614784456	1	0	1	0	1	0	NaN	NaN
750	0.3333333333	0.3266666667	0.8	0.2613333333	1	0	1	0	1	0	NaN	NaN
751	0.6	0.3200666597	0.625	0.3586432768	1	0	1	0	NaN	NaN	NaN	NaN
752	0.7	0.2993949454	0.5714285714	0.3959797975	1	0	1	0	NaN	NaN	NaN	NaN
753	0.5555555556	0.3443369008	0.75	0.3207802986	1	0	1	0	1	0	NaN	NaN
754	0.5555555556	0.3443369008	0.8571428571	0.28	1	0	1	0	1	0	NaN	NaN
755	0.5	0.3266666667	0.7142857143	0.3614784456	1	0	1	0	1	0	NaN	NaN
756	0.7	0.2993949454	0.7	0.2993949454	1	0	1	0	1	0	NaN	NaN
757	0.4	0.3200666597	0.8333333333	0.3266666667	1	0	1	0	1	0	NaN	NaN
758	0.3333333333	0.3266666667	0.6	0.3200666597	1	0	1	0	1	0	NaN	NaN
759	0.4	0.3200666597	0.7	0.2993949454	1	0	1	0	1	0	NaN	NaN
760	0.7	0.2993949454	0.7777777778	0.2880929205	1	0	1	0	1	0	NaN	NaN
761	0.6	0.3200666597	0.5	0.4382693236	1	0	1	0	1	0	NaN	NaN
762	0.3333333333	0.3266666667	0.5555555556	0.3443369008	1	0	1	0	1	0	NaN	NaN
763	0.25	0.3207802986	0.625	0.3586432768	1	0	0.8333333333	0.3266666667	1	0	NaN	NaN
764	0.4	0.3200666597	0.6	0.3200666597	1	0	1	0	1	0	NaN	NaN
765	0.1	0.196	0.5555555556	0.3443369008	1	0	1	0	1	0	NaN	NaN
766	0.3	0.2993949454	0.6666666667	0.4132042809	1	0	1	0	1	0	NaN	NaN
767	0.4	0.3200666597	0.75	0.3207802986	1	0	1	0	1	0	NaN	NaN
768	0.2	0.2613333333	0.7142857143	0.3614784456	1	0	1	0	1	0	NaN	NaN
769	0.2222222222	0.2880929205	0.5	0.3704051835	1	0	1	0	1	0	NaN	NaN
770	0.1111111111	0.2177777778	0.625	0.3586432768	1	0	0.5	0.98	NaN	NaN	NaN	NaN
771	0.2	0.2613333333	0.5	0.4382693236	1	0	1	0	1	0	NaN	NaN
772	0.2	0.2613333333	0.5555555556	0.3443369008	1	0	1	0	1	0	NaN	NaN
773	0.125	0.245	0.5	0.3704051835	1	0	0.6666666667	0.6533333333	1	0	NaN	NaN
774	0.1	0.196	0.6666666667	0.3266666667	1	0	1	0	1	0	NaN	NaN
775	0.2	0.2613333333	0.6	0.3200666597	1	0	1	0	1	0	NaN	NaN
776	0.125	0.245	0.6	0.3200666597	1	0	0.875	0.245	1	0	NaN	NaN
777	0.1	0.196	0.5555555556	0.3443369008	1	0	1	0	1	0	NaN	NaN
778	0.125	0.245	0.625	0.3586432768	1	0	1	0	1	0	NaN	NaN
779	0.2222222222	0.2880929205	0.5555555556	0.3443369008	1	0	1	0	1	0	NaN	NaN
780	0.3	0.2993949454	0.625	0.3586432768	1	0	1	0	1	0	NaN	NaN
781	0.2	0.2613333333	0.5555555556	0.3443369008	1	0	1	0	1	0	NaN	NaN
782	0.2	0.2613333333	0.625	0.3586432768	1	0	1	0	1	0	NaN	NaN
783	0.1	0.196	0.4285714286	0.3959797975	1	0	1	0	1	0	NaN	NaN
784	0.2	0.2613333333	0.4285714286	0.3959797975	1	0	1	0	1	0	NaN	NaN
785	0.1111111111	0.2177777778	0.4444444444	0.3443369008	1	0	1	0	NaN	NaN	NaN	NaN
786	0.2	0.2613333333	0.375	0.3586432768	1	0	1	0	1	0	NaN	NaN
787	0.1	0.196	0.5555555556	0.3443369008	1	0	1	0	1	0	NaN	NaN
788	0.125	0.245	0.3333333333	0.4132042809	1	0	1	0	1	0	NaN	NaN
789	0.2	0.2613333333	0.5	0.4382693236	1	0	1	0	1	0	NaN	NaN
790	0.1	0.196	0.375	0.3586432768	1	0	1	0	1	0	NaN	NaN
791	0.125	0.245	0.3333333333	0.3266666667	1	0	1	0	NaN	NaN	NaN	NaN
792	0.3333333333	0.3266666667	0.5	0.3704051835	1	0	1	0	1	0	NaN	NaN
793	0.3333333333	0.3266666667	0.5	0.3266666667	1	0	1	0	1	0	NaN	NaN
794	0.3333333333	0.3266666667	0.4285714286	0.3959797975	1	0	1	0	1	0	NaN	NaN
795	0.4444444444	0.3443369008	0.3333333333	0.4132042809	1	0	1	0	1	0	NaN	NaN
796	0.3	0.2993949454	0.4444444444	0.3443369008	1	0	1	0	NaN	NaN	NaN	NaN
797	0.3333333333	0.3266666667	0.6666666667	0.4132042809	1	0	1	0	1	0	NaN	NaN
798	0.375	0.3586432768	0.5	0.3704051835	1	0	1	0	1	0	NaN	NaN
799	0.2857142857	0.3614784456	0.75	0.3207802986	1	0	1	0	1	0	NaN	NaN
800	0.7	0.2993949454	0.6666666667	0.4132042809	1	0	1	0	1	0	NaN	NaN
801	0.4	0.3200666597	0.6666666667	0.4132042809	1	0	1	0	1	0	NaN	NaN
802	0.3333333333	0.3266666667	0.6	0.3200666597	1	0	1	0	1	0	NaN	NaN
803	0.5	0.3266666667	0.4444444444	0.3443369008	1	0	1	0	NaN	NaN	NaN	NaN
804	0.7777777778	0.2880929205	0.5555555556	0.3443369008	1	0	1	0	1	0	NaN	NaN
805	0.6	0.3200666597	0.6	0.3200666597	1	0	1	0	1	0	NaN	NaN
806	0.4	0.3200666597	0.6666666667	0.3266666667	1	0	1	0	1	0	NaN	NaN
807	0.6	0.3200666597	0.75	0.49	1	0	1	0	1	0	NaN	NaN
808	0.5	0.3266666667	0.5	0.3704051835	1	0	1	0	NaN	NaN	NaN	NaN
809	0.8571428571	0.28	0.6666666667	0.3266666667	1	0	1	0	1	0	NaN	NaN
810	0.5	0.3266666667	0.4285714286	0.3959797975	1	0	1	0	1	0	NaN	NaN
811	0.2	0.2613333333	0.5555555556	0.3443369008	1	0	1	0	1	0	2	0
812	0.1	0.196	0.6666666667	0.3266666667	1	0	1	0	1	0	NaN	NaN
813	0.1	0.196	0.6666666667	0.3266666667	1	0	1	0	1	0	NaN	NaN
814	0.25	0.3207802986	0.6	0.3200666597	1	0	NaN	NaN	1	0	NaN	NaN
815	0.1111111111	0.2177777778	0.6666666667	0.3266666667	1	0	1	0	1	0	NaN	NaN
816	0.1	0.196	0.625	0.3586432768	1	0	1	0	1	0	NaN	NaN
817	0.1111111111	0.2177777778	0.7	0.2993949454	1	0	1	0	1	0	NaN	NaN
818	0.2222222222	0.2880929205	1	0	1	0	1	0	1	0	NaN	NaN
819	0.2222222222	0.2880929205	0.7	0.2993949454	1	0	1	0	1	0	NaN	NaN
820	0.2	0.2613333333	0.7142857143	0.3614784456	1	0	1	0	1	0	NaN	NaN
821	0.2	0.2613333333	0.5	0.3704051835	1	0	1	0	1	0	NaN	NaN
822	0	0	0.625	0.3586432768	1	0	1	0	1	0	NaN	NaN
823	0.1	0.196	0.875	0.245	1	0	1	0	1	0	NaN	NaN
824	0.3	0.2993949454	0.6666666667	0.3266666667	1	0	1	0	1	0	NaN	NaN
825	0	0	0.6666666667	0.3266666667	1	0	1	0	1	0	NaN	NaN
826	0.1	0.196	0.6666666667	0.3266666667	1	0	1	0	1	0	NaN	NaN
827	0	0	0.625	0.3586432768	1	0	1	0	1	0	NaN	NaN
828	0.1111111111	0.2177777778	0.6666666667	0.4132042809	1	0	1	0	1	0	NaN	NaN
829	0.1	0.196	0.6666666667	0.3266666667	1	0	1	0	1	0	NaN	NaN
830	0.125	0.245	0.75	0.3207802986	1	0	1	0	1	0	NaN	NaN
831	0	0	0.5555555556	0.3443369008	1	0	1	0	1	0	NaN	NaN
832	0.25	0.3207802986	0.5714285714	0.3959797975	1	0	1	0	1	0	NaN	NaN
833	0.2	0.2613333333	0.5714285714	0.3959797975	1	0	1	0	1	0	NaN	NaN
834	0.1	0.196	1	0	1	0	1	0	1	0	NaN	NaN
835	0	0	0.625	0.3586432768	1	0	1	0	1	0	NaN	NaN
836	0.125	0.245	0.625	0.3586432768	1	0	1	0	1	0	NaN	NaN
837	0	0	0.6666666667	0.4132042809	1	0	1	0	1	0	NaN	NaN
838	0	0	0.625	0.3586432768	1	0	1	0	1	0	NaN	NaN
839	0	0	0.6666666667	0.3266666667	1	0	1	0	1	0	NaN	NaN
840	0	0	0.75	0.3207802986	1	0	1	0	1	0	NaN	NaN
841	0	0	0.5	0.4382693236	1	0	1	0	1	0	NaN	NaN
842	0	0	0.5555555556	0.3443369008	1	0	1	0	NaN	NaN	NaN	NaN
843	0	0	0.7142857143	0.3614784456	1	0	1	0	1	0	NaN	NaN
844	0	0	0.4285714286	0.3959797975	1	0	0.75	0.49	1	0	NaN	NaN
845	0.3	0.2993949454	0.5	0.3704051835	1	0	1	0	1	0	NaN	NaN
846	0	0	0.625	0.3586432768	1	0	1	0	1	0	NaN	NaN
847	0	0	0.5	0.4382693236	1	0	1	0	1	0	NaN	NaN
848	0.1111111111	0.2177777778	0.2857142857	0.3614784456	1	0	1	0	1	0	NaN	NaN
849	0	0	0.625	0.3586432768	1	0	1	0	1	0	NaN	NaN
850	0	0	0.3333333333	0.3266666667	1	0	1	0	1	0	NaN	NaN
851	0	0	0.3333333333	0.3266666667	1	0	1	0	1	0	NaN	NaN
852	0.125	0.245	0.416666625	0.343721469	1	0	1	0	1	0	NaN	NaN
853	0	0	0.5555555556	0.3443369008	1	0	1	0	1	0	NaN	NaN
854	0.1	0.196	0.3333333333	0.3266666667	1	0	1	0	1	0	NaN	NaN
855	0	0	0.2222222222	0.2880929205	1	0	0.875	0.245	1	0	NaN	NaN
856	0.2222222222	0.2880929205	0.2857142857	0.3614784456	1	0	0.5	0.98	1	0	NaN	NaN
857	0	0	0.1428571429	0.28	1	0	0	0	1	0	NaN	NaN
858	0.1111111111	0.2177777778	0.25	0.3207802986	1	0	0.5	0.98	1	0	NaN	NaN
859	0	0	0.2	0.2613333333	1	0	1	0	1	0	NaN	NaN
860	0	0	0.2222222222	0.2880929205	1	0	1	0	1	0	NaN	NaN
861	0.1111111111	0.2177777778	0.2857142857	0.3614784456	1	0	1	0	1	0	NaN	NaN
862	0	0	0.1	0.196	0.8571428571	0.28	1	0	1	0	NaN	NaN
863	0.1	0.196	0	0	0.8571428571	0.28	1	0	1	0	NaN	NaN
864	0.1111111111	0.2177777778	0.1428571429	0.28	0.8	0.392	1	0	1	0	NaN	NaN
865	0.1	0.196	0.1666666667	0.3266666667	0.8	0.392	1	0	1	0	NaN	NaN
866	0	0	0	0	1	0	1	0	1	0	NaN	NaN
867	0	0	0	0	0.875	0.245	1	0	1	0	NaN	NaN
868	0.1	0.196	0	0	1	0	1	0	1	0	NaN	NaN
869	0.1	0.196	0	0	0.6666666667	0.6533333333	1	0	NaN	NaN	NaN	NaN
870	0.1111111111	0.2177777778	0.1428571429	0.28	0.8333333333	0.3266666667	1	0	1	0	NaN	NaN
871	0	0	0.25	0.3207802986	1	0	1	0	1	0	NaN	NaN
872	0.3333333333	0.3266666667	0.1	0.196	0.75	0.49	1	0	1	0	NaN	NaN
873	0.3333333333	0.3266666667	0.125	0.245	0.6666666667	0.4132042809	1	0	1	0	NaN	NaN
874	0.5	0.3266666667	0.3333333333	0.4132042809	1	0	1	0	1	0	NaN	NaN
875	0.4444444444	0.3443369008	0.2222222222	0.2880929205	0.875	0.245	1	0	1	0	NaN	NaN
876	0.5	0.3266666667	0.1111111111	0.2177777778	1	0	1	0	1	0	NaN	NaN
877	0.6	0.3200666597	0.25	0.3207802986	0.8571428571	0.28	1	0	1	0	NaN	NaN
878	0.6	0.3200666597	0.1111111111	0.2177777778	1	0	1.25	0.49	1	0	NaN	NaN
879	0.6666666667	0.3266666667	0	0	0.8571428571	0.28	1	0	1	0	NaN	NaN
880	0.5555555556	0.3443369008	0	0	0.8333333333	0.3266666667	1	0	NaN	NaN	NaN	NaN
881	0.8	0.2613333333	0	0	0.6666666667	0.6533333333	1	0	1	0	NaN	NaN
882	1	0	0	0	0.8333333333	0.3266666667	1	0	1	0	NaN	NaN
883	0.875	0.245	0.25	0.3207802986	0.75	0.49	1	0	1	0	NaN	NaN
884	0.8	0.2613333333	0	0	0.75	0.49	1	0	1	0	NaN	NaN
885	0.8	0.2613333333	0	0	0.7142857143	0.3614784456	1	0	1	0	NaN	NaN
886	0.8888888889	0.2177777778	0	0	0.8	0.392	1	0	1	0	NaN	NaN
887	0.8	0.2613333333	0.125	0.245	0.8333333333	0.3266666667	1	0	NaN	NaN	NaN	NaN
888	0.9	0.196	0	0	0.8	0.392	1	0	1	0	NaN	NaN
889	0.8888888889	0.2177777778	0	0	0.8571428571	0.28	1	0	1	0	NaN	NaN
890	0.8888888889	0.2177777778	0	0	0.8	0.392	1	0	1	0	NaN	NaN
891	1	0	0	0	1	0	1	0	NaN	NaN	NaN	NaN
892	1	0	0	0	1	0	1	0	1	0	NaN	NaN
893	0.7777777778	0.2880929205	0.1428571429	0.28	1	0	1	0	1	0	NaN	NaN
894	0.9	0.196	0	0	1	0	1	0	1	0	NaN	NaN
895	0.8	0.2613333333	0	0	1	0	1	0	1	0	NaN	NaN
896	0.7777777778	0.2880929205	0	0	0.8333333333	0.3266666667	1	0	1	0	NaN	NaN
897	0.5	0.3266666667	0	0	0.8888888889	0.2177777778	1	0	NaN	NaN	NaN	NaN
898	0.75	0.3207802986	0	0	1	0	1	0	NaN	NaN	NaN	NaN
899	0.5555555556	0.3443369008	0	0	1	0	1	0	1	0	NaN	NaN
900	0.6	0.3200666597	0	0	0.8888888889	0.2177777778	1	0	1	0	NaN	NaN
901	0.4444444444	0.3443369008	0.125	0.245	1	0	1	0	1	0	NaN	NaN
902	0.4	0.3200666597	0	0	0.75	0.49	1	0	1	0	NaN	NaN
903	0.4	0.3200666597	0.1666666667	0.3266666667	1	0	1	0	1	0	NaN	NaN
904	0.3	0.2993949454	0	0	0.75	0.49	1	0	1	0	NaN	NaN
905	0.2	0.2613333333	0	0	1	0	1	0	1	0	NaN	NaN
906	0.2	0.2613333333	0	0	0.8	0.392	1	0	1	0	NaN	NaN
907	0	0	0	0	0.875	0.245	1	0	1	0	NaN	NaN
908	0	0	0	0	1	0	1	0	1	0	NaN	NaN
909	0	0	0	0	0.7777777778	0.2880929205	1	0	1	0	NaN	NaN
910	0.1	0.196	0	0	0.6666666667	0.6533333333	1	0	1	0	NaN	NaN
911	0	0	0	0	0.8571428571	0.28	1	0	NaN	NaN	NaN	NaN
912	0	0	0	0	1	0	0.8	0.392	1	0	NaN	NaN
913	0.1111111111	0.2177777778	0	0	0.8333333333	0.3266666667	1	0	1	0	NaN	NaN
914	0.1	0.196	0.1428571429	0.28	0.8333333333	0.3266666667	0.6666666667	0.6533333333	1	0	NaN	NaN
915	0.1	0.196	0	0	0.8571428571	0.28	0.6666666667	0.6533333333	1	0	NaN	NaN
916	0.2222222222	0.2880929205	0	0	1	0	0.75	0.49	NaN	NaN	NaN	NaN
917	0.2222222222	0.2880929205	0	0	0.8571428571	0.28	0.75	0.49	1	0	NaN	NaN
918	0.2222222222	0.2880929205	0.1428571429	0.28	0.8	0.392	0.8	0.392	NaN	NaN	NaN	NaN
919	0	0	0	0	1	0	1	0	1	0	NaN	NaN
920	0.1	0.196	0	0	0.8	0.392	0.6666666667	0.6533333333	1	0	NaN	NaN
921	0.1111111111	0.2177777778	0.1	0.196	0.9	0.196	1	0	1	0	NaN	NaN
922	0.3333333333	0.3266666667	0	0	1	0	0.75	0.49	1	0	NaN	NaN
923	0.1	0.196	0.125	0.245	1	0	0.5	0.98	1	0	NaN	NaN
924	0	0	0	0	1	0	1	0	1	0	NaN	NaN
925	0.1	0.196	0	0	1	0	0.6666666667	0.6533333333	NaN	NaN	NaN	NaN
926	0.1	0.196	0	0	1	0	0.8333333333	0.3266666667	NaN	NaN	NaN	NaN
927	0.2	0.2613333333	0.1428571429	0.28	1	0	1	0	1	0	NaN	NaN
928	0.1111111111	0.2177777778	0.125	0.245	0.8333333333	0.3266666667	1	0	1	0	NaN	NaN
929	0	0	0.1111111111	0.2177777778	0.8571428571	0.28	1	0	1	0	1	0
930	0	0	0.2	0.392	1	0	0.8	0.392	NaN	NaN	NaN	NaN
931	0	0	0.1111111111	0.2177777778	0.8333333333	0.3266666667	1	0	1	0	NaN	NaN
932	0	0	0.3333333333	0.4132042809	0.8571428571	0.28	1	0	NaN	NaN	NaN	NaN
933	0.1	0.196	0	0	0.8571428571	0.28	1	0	1	0	NaN	NaN
934	0.1111111111	0.2177777778	0	0	1	0	1	0	1	0	NaN	NaN
935	0	0	0	0	0.8	0.392	1	0	1	0	NaN	NaN
936	0	0	0	0	0.75	0.49	1	0	1	0	NaN	NaN
937	0	0	0.1111111111	0.2177777778	0.8571428571	0.28	1	0	1	0	NaN	NaN
938	0.25	0.3207802986	0	0	1	0	1	0	1	0	NaN	NaN
939	0.1111111111	0.2177777778	0.1428571429	0.28	1	0	1	0	1	0	NaN	NaN
940	0.125	0.245	0	0	1	0	1	0	1	0	NaN	NaN
941	0.1	0.196	0	0	0.75	0.49	1	0	1	0	NaN	NaN
942	0	0	0	0	0.8	0.392	1	0	1	0	NaN	NaN
943	0.1111111111	0.2177777778	0	0	0.8333333333	0.3266666667	1	0	NaN	NaN	NaN	NaN
944	0	0	0	0	1	0	1	0	NaN	NaN	NaN	NaN
945	0.1111111111	0.2177777778	0	0	0.8	0.392	1	0	1	0	NaN	NaN
946	0	0	0	0	1	0	1	0	1	0	NaN	NaN
947	0.125	0.245	0	0	1	0	1	0	NaN	NaN	NaN	NaN
948	0	0	0	0	0.8333333333	0.3266666667	1	0	1	0	NaN	NaN
949	0.1	0.196	0	0	1	0	1	0	1	0	NaN	NaN
950	0.3	0.2993949454	0	0	0.75	0.49	1	0	NaN	NaN	NaN	NaN
951	0.12	0.1955639594	0	0	1	0	1	0	1	0	NaN	NaN
952	0.1111111111	0.2177777778	0	0	1	0	1	0	NaN	NaN	NaN	NaN
953	0	0	0	0	0.875	0.245	1	0	1	0	NaN	NaN
954	0.1111111111	0.2177777778	0	0	0.875	0.245	NaN	NaN	1	0	NaN	NaN
955	0.2222222222	0.2880929205	0	0	0.8333333333	0.3266666667	1	0	1	0	NaN	NaN
956	0	0	0	0	1	0	1	0	1	0	NaN	NaN
957	0	0	0	0	1	0	1	0	1	0	NaN	NaN
958	0.1111111111	0.2177777778	0	0	0.8333333333	0.3266666667	1	0	1	0	NaN	NaN
959	0.3	0.2993949454	0	0	1	0	1	0	1	0	NaN	NaN
960	0.1	0.196	0	0	0.8	0.392	1	0	NaN	NaN	NaN	NaN
961	0.1111111111	0.2177777778	0	0	0.8571428571	0.28	1	0	1	0	NaN	NaN
962	0	0	0.125	0.245	1	0	1	0	1	0	NaN	NaN
963	0.1	0.196	0	0	0.8333333333	0.3266666667	1	0	1	0	NaN	NaN
964	0.1111111111	0.2177777778	0	0	1	0	1	0	NaN	NaN	NaN	NaN
965	0.1111111111	0.2177777778	0	0	0.8333333333	0.3266666667	1	0	1	0	NaN	NaN
966	0	0	0.125	0.245	0.8888888889	0.2177777778	1	0	NaN	NaN	NaN	NaN
967	0.2	0.2613333333	0.125	0.245	1	0	NaN	NaN	1	0	NaN	NaN
968	0.125	0.245	0	0	1	0	1	0	NaN	NaN	NaN	NaN
969	0	0	0.1428571429	0.28	0.75	0.49	1	0	NaN	NaN	NaN	NaN
970	0.2444444444	0.2831111111	0	0	0.75	0.49	1	0	1	0	NaN	NaN
971	0	0	0	0	0.8333333333	0.3266666667	1	0	NaN	NaN	NaN	NaN
972	0.1111111111	0.2177777778	0	0	0.75	0.49	1	0	1	0	NaN	NaN
973	0.1111111111	0.2177777778	0	0	0.8333333333	0.3266666667	1	0	1	0	NaN	NaN
974	0.2	0.2613333333	0	0	0.6	0.4800999896	1	0	1	0	NaN	NaN
975	0.1111111111	0.2177777778	0.2	0.392	1	0	1	0	1	0	NaN	NaN
976	0.2	0.2613333333	0	0	1	0	1	0	1	0	NaN	NaN
977	0.1111111111	0.2177777778	0	0	0.7142857143	0.3614784456	1	0	1	0	NaN	NaN
978	0	0	0	0	0.8	0.392	1	0	NaN	NaN	1	0
979	0.3	0.2993949454	0	0	1	0	1	0	1	0	NaN	NaN
980	0	0	0	0	0.8333333333	0.3266666667	1	0	NaN	NaN	NaN	NaN
981	0.2	0.2613333333	0	0	0.8333333333	0.3266666667	1	0	1	0	NaN	NaN
982	0	0	0	0	0.75	0.49	1	0	1	0	NaN	NaN
983	0	0	0.1111111111	0.2177777778	1	0	1	0	1	0	NaN	NaN
984	0.4444444444	0.3443369008	0	0	0.8333333333	0.3266666667	1	0	1	0	NaN	NaN
985	0.1111111111	0.2177777778	0	0	0.7142857143	0.3614784456	1	0	1	0	NaN	NaN
986	0.1333333333	0.216686153	0	0	0.8333333333	0.3266666667	1	0	1	0	NaN	NaN
987	0	0	0.125	0.245	1	0	1	0	1	0	NaN	NaN
988	0.1111111111	0.2177777778	0	0	0.75	0.49	0.6666666667	0.6533333333	1	0	NaN	NaN
989	0.3333333333	0.3266666667	0.125	0.245	0.75	0.49	1	0	1	0	NaN	NaN
990	0	0	0.1428571429	0.28	0.6666666667	0.4132042809	0.8	0.392	1	0	NaN	NaN
991	0.1	0.196	0.1111111111	0.2177777778	0.3333333333	0.6533333333	1	0	1	0	NaN	NaN
992	0.1	0.196	0.125	0.245	0.5714285714	0.3959797975	0.5	0.98	NaN	NaN	NaN	NaN
993	0.1	0.196	0	0	0.3333333333	0.6533333333	1	0	1	0	NaN	NaN
994	0.25	0.3207802986	0	0	0.6666666667	0.4132042809	1	0	NaN	NaN	NaN	NaN
995	0.125	0.245	0	0	0.5714285714	0.3959797975	1	0	1	0	NaN	NaN
996	0.3	0.2993949454	0.1428571429	0.28	0.4	0.4800999896	1	0	1	0	NaN	NaN
997	0	0	0.1428571429	0.28	0.75	0.49	1	0	1	0	NaN	NaN
998	0.1111111111	0.2177777778	0.3333333333	0.4132042809	0.5	0.4382693236	1	0	1	0	NaN	NaN
999	0	0	0.1428571429	0.28	0.5	0.5658032638	1	0	NaN	NaN	NaN	NaN
1000	0	0	0	0	0.75	0.49	1	0	1	0	NaN	NaN
