
ASes= { 1, 2, 3, 4, 5, 6, 7, 8, 9, 10 } ;


Objects= { 1, 2, 3, 4, 5, 6, 7, 8, 9, 10, 11, 12, 13, 14, 15, 16, 17, 18, 19, 20, 21, 22, 23, 24, 25, 26, 27, 28, 29, 30, 31, 32, 33, 34, 35, 36, 37, 38, 39, 40, 41, 42, 43, 44, 45, 46, 47, 48, 49, 50, 51, 52, 53, 54, 55, 56, 57, 58, 59, 60, 61, 62, 63, 64, 65, 66, 67, 68, 69, 70, 71, 72, 73, 74, 75, 76, 77, 78, 79, 80, 81, 82, 83, 84, 85, 86, 87, 88, 89, 90, 91, 92, 93, 94, 95, 96, 97, 98, 99, 100, 101, 102, 103, 104, 105, 106, 107, 108, 109, 110, 111, 112, 113, 114, 115, 116, 117, 118, 119, 120, 121, 122, 123, 124, 125, 126, 127, 128, 129, 130, 131, 132, 133, 134, 135, 136, 137, 138, 139, 140, 141, 142, 143, 144, 145, 146, 147, 148, 149, 150, 151, 152, 153, 154, 155, 156, 157, 158, 159, 160, 161, 162, 163, 164, 165, 166, 167, 168, 169, 170, 171, 172, 173, 174, 175, 176, 177, 178, 179, 180, 181, 182, 183, 184, 185, 186, 187, 188, 189, 190, 191, 192, 193, 194, 195, 196, 197, 198, 199, 200, 201, 202, 203, 204, 205, 206, 207, 208, 209, 210, 211, 212, 213, 214, 215, 216, 217, 218, 219, 220, 221, 222, 223, 224, 225, 226, 227, 228, 229, 230, 231, 232, 233, 234, 235, 236, 237, 238, 239, 240, 241, 242, 243, 244, 245, 246, 247, 248, 249, 250, 251, 252, 253, 254, 255, 256, 257, 258, 259, 260, 261, 262, 263, 264, 265, 266, 267, 268, 269, 270, 271, 272, 273, 274, 275, 276, 277, 278, 279, 280, 281, 282, 283, 284, 285, 286, 287, 288, 289, 290, 291, 292, 293, 294, 295, 296, 297, 298, 299, 300, 301, 302, 303, 304, 305, 306, 307, 308, 309, 310, 311, 312, 313, 314, 315, 316, 317, 318, 319, 320, 321, 322, 323, 324, 325, 326, 327, 328, 329, 330, 331, 332, 333, 334, 335, 336, 337, 338, 339, 340, 341, 342, 343, 344, 345, 346, 347, 348, 349, 350, 351, 352, 353, 354, 355, 356, 357, 358, 359, 360, 361, 362, 363, 364, 365, 366, 367, 368, 369, 370, 371, 372, 373, 374, 375, 376, 377, 378, 379, 380, 381, 382, 383, 384, 385, 386, 387, 388, 389, 390, 391, 392, 393, 394, 395, 396, 397, 398, 399, 400, 401, 402, 403, 404, 405, 406, 407, 408, 409, 410, 411, 412, 413, 414, 415, 416, 417, 418, 419, 420, 421, 422, 423, 424, 425, 426, 427, 428, 429, 430, 431, 432, 433, 434, 435, 436, 437, 438, 439, 440, 441, 442, 443, 444, 445, 446, 447, 448, 449, 450, 451, 452, 453, 454, 455, 456, 457, 458, 459, 460, 461, 462, 463, 464, 465, 466, 467, 468, 469, 470, 471, 472, 473, 474, 475, 476, 477, 478, 479, 480, 481, 482, 483, 484, 485, 486, 487, 488, 489, 490, 491, 492, 493, 494, 495, 496, 497, 498, 499, 500, 501, 502, 503, 504, 505, 506, 507, 508, 509, 510, 511, 512, 513, 514, 515, 516, 517, 518, 519, 520, 521, 522, 523, 524, 525, 526, 527, 528, 529, 530, 531, 532, 533, 534, 535, 536, 537, 538, 539, 540, 541, 542, 543, 544, 545, 546, 547, 548, 549, 550, 551, 552, 553, 554, 555, 556, 557, 558, 559, 560, 561, 562, 563, 564, 565, 566, 567, 568, 569, 570, 571, 572, 573, 574, 575, 576, 577, 578, 579, 580, 581, 582, 583, 584, 585, 586, 587, 588, 589, 590, 591, 592, 593, 594, 595, 596, 597, 598, 599, 600, 601, 602, 603, 604, 605, 606, 607, 608, 609, 610, 611, 612, 613, 614, 615, 616, 617, 618, 619, 620, 621, 622, 623, 624, 625, 626, 627, 628, 629, 630, 631, 632, 633, 634, 635, 636, 637, 638, 639, 640, 641, 642, 643, 644, 645, 646, 647, 648, 649, 650, 651, 652, 653, 654, 655, 656, 657, 658, 659, 660, 661, 662, 663, 664, 665, 666, 667, 668, 669, 670, 671, 672, 673, 674, 675, 676, 677, 678, 679, 680, 681, 682, 683, 684, 685, 686, 687, 688, 689, 690, 691, 692, 693, 694, 695, 696, 697, 698, 699, 700, 701, 702, 703, 704, 705, 706, 707, 708, 709, 710, 711, 712, 713, 714, 715, 716, 717, 718, 719, 720, 721, 722, 723, 724, 725, 726, 727, 728, 729, 730, 731, 732, 733, 734, 735, 736, 737, 738, 739, 740, 741, 742, 743, 744, 745, 746, 747, 748, 749, 750, 751, 752, 753, 754, 755, 756, 757, 758, 759, 760, 761, 762, 763, 764, 765, 766, 767, 768, 769, 770, 771, 772, 773, 774, 775, 776, 777, 778, 779, 780, 781, 782, 783, 784, 785, 786, 787, 788, 789, 790, 791, 792, 793, 794, 795, 796, 797, 798, 799, 800, 801, 802, 803, 804, 805, 806, 807, 808, 809, 810, 811, 812, 813, 814, 815, 816, 817, 818, 819, 820, 821, 822, 823, 824, 825, 826, 827, 828, 829, 830, 831, 832, 833, 834, 835, 836, 837, 838, 839, 840, 841, 842, 843, 844, 845, 846, 847, 848, 849, 850, 851, 852, 853, 854, 855, 856, 857, 858, 859, 860, 861, 862, 863, 864, 865, 866, 867, 868, 869, 870, 871, 872, 873, 874, 875, 876, 877, 878, 879, 880, 881, 882, 883, 884, 885, 886, 887, 888, 889, 890, 891, 892, 893, 894, 895, 896, 897, 898, 899, 900, 901, 902, 903, 904, 905, 906, 907, 908, 909, 910, 911, 912, 913, 914, 915, 916, 917, 918, 919, 920, 921, 922, 923, 924, 925, 926, 927, 928, 929, 930, 931, 932, 933, 934, 935, 936, 937, 938, 939, 940, 941, 942, 943, 944, 945, 946, 947, 948, 949, 950, 951, 952, 953, 954, 955, 956, 957, 958, 959, 960, 961, 962, 963, 964, 965, 966, 967, 968, 969, 970, 971, 972, 973, 974, 975, 976, 977, 978, 979, 980, 981, 982, 983, 984, 985, 986, 987, 988, 989, 990, 991, 992, 993, 994, 995, 996, 997, 998, 999, 1000 } ;


QualityLevels= { 0, 1, 2, 3, 4, 5 } ;

Arcs = { <1,2,490000>, <2,1,490000>,<1,3,490000>, <3,1,490000>,<3,4,490000>, <4,3,490000>,<2,5,490000>, <5,2,490000>,<2,6,490000>, <6,2,490000>,<3,7,490000>, <7,3,490000>,<4,8,490000>, <8,4,490000>,<1,9,490000>, <9,1,490000>,<2,10,490000>, <10,2,490000> }; 


RatePerQuality= [ 0  300  700  1500  2500  3500 ] ;


CacheSpacePerQuality= [ 10000  11.25  26.25  56.25  93.75  131.25 ] ;


UtilityPerQuality= [ 0  0.66874  0.795271  0.880112  0.945742  1 ] ;


ObjectsPublishedByProducers=[ [ 0  0  0  0  0  0  0  1  0  0 ]  [ 0  0  0  0  0  0  0  1  0  0 ]  [ 0  0  0  0  0  0  0  1  0  0 ]  [ 0  0  0  0  0  0  0  0  1  0 ]  [ 0  0  0  0  0  0  0  1  0  0 ]  [ 0  0  0  0  0  0  0  0  1  0 ]  [ 0  0  0  0  1  0  0  0  0  0 ]  [ 0  0  0  0  0  0  1  0  0  0 ]  [ 0  0  0  0  0  0  0  0  1  0 ]  [ 0  0  0  0  0  0  0  1  0  0 ]  [ 0  0  0  0  0  0  0  0  1  0 ]  [ 0  0  0  0  1  0  0  0  0  0 ]  [ 0  0  0  0  0  0  1  0  0  0 ]  [ 0  0  0  0  0  1  0  0  0  0 ]  [ 0  0  0  0  0  0  1  0  0  0 ]  [ 0  0  0  0  0  0  1  0  0  0 ]  [ 0  0  0  0  1  0  0  0  0  0 ]  [ 0  0  0  0  0  1  0  0  0  0 ]  [ 0  0  0  0  0  1  0  0  0  0 ]  [ 0  0  0  0  0  0  0  0  1  0 ]  [ 0  0  0  0  0  0  0  1  0  0 ]  [ 0  0  0  0  1  0  0  0  0  0 ]  [ 0  0  0  0  0  0  0  1  0  0 ]  [ 0  0  0  0  1  0  0  0  0  0 ]  [ 0  0  0  0  0  0  0  1  0  0 ]  [ 0  0  0  0  1  0  0  0  0  0 ]  [ 0  0  0  0  1  0  0  0  0  0 ]  [ 0  0  0  0  0  0  0  0  1  0 ]  [ 0  0  0  0  0  1  0  0  0  0 ]  [ 0  0  0  0  0  1  0  0  0  0 ]  [ 0  0  0  0  0  0  0  0  1  0 ]  [ 0  0  0  0  0  0  0  0  1  0 ]  [ 0  0  0  0  0  1  0  0  0  0 ]  [ 0  0  0  0  0  0  0  0  1  0 ]  [ 0  0  0  0  0  0  1  0  0  0 ]  [ 0  0  0  0  0  0  0  1  0  0 ]  [ 0  0  0  0  0  1  0  0  0  0 ]  [ 0  0  0  0  0  0  0  0  1  0 ]  [ 0  0  0  0  0  0  0  1  0  0 ]  [ 0  0  0  0  0  0  0  0  1  0 ]  [ 0  0  0  0  0  0  0  0  1  0 ]  [ 0  0  0  0  0  1  0  0  0  0 ]  [ 0  0  0  0  0  1  0  0  0  0 ]  [ 0  0  0  0  1  0  0  0  0  0 ]  [ 0  0  0  0  1  0  0  0  0  0 ]  [ 0  0  0  0  1  0  0  0  0  0 ]  [ 0  0  0  0  0  1  0  0  0  0 ]  [ 0  0  0  0  0  0  0  1  0  0 ]  [ 0  0  0  0  1  0  0  0  0  0 ]  [ 0  0  0  0  0  0  0  1  0  0 ]  [ 0  0  0  0  0  1  0  0  0  0 ]  [ 0  0  0  0  0  1  0  0  0  0 ]  [ 0  0  0  0  0  0  0  0  1  0 ]  [ 0  0  0  0  0  0  1  0  0  0 ]  [ 0  0  0  0  0  1  0  0  0  0 ]  [ 0  0  0  0  0  0  1  0  0  0 ]  [ 0  0  0  0  0  0  0  1  0  0 ]  [ 0  0  0  0  1  0  0  0  0  0 ]  [ 0  0  0  0  0  0  0  0  1  0 ]  [ 0  0  0  0  1  0  0  0  0  0 ]  [ 0  0  0  0  0  0  0  1  0  0 ]  [ 0  0  0  0  0  0  0  0  1  0 ]  [ 0  0  0  0  1  0  0  0  0  0 ]  [ 0  0  0  0  0  0  0  1  0  0 ]  [ 0  0  0  0  0  1  0  0  0  0 ]  [ 0  0  0  0  0  0  1  0  0  0 ]  [ 0  0  0  0  1  0  0  0  0  0 ]  [ 0  0  0  0  1  0  0  0  0  0 ]  [ 0  0  0  0  1  0  0  0  0  0 ]  [ 0  0  0  0  0  0  0  0  1  0 ]  [ 0  0  0  0  1  0  0  0  0  0 ]  [ 0  0  0  0  0  0  0  1  0  0 ]  [ 0  0  0  0  0  0  0  0  1  0 ]  [ 0  0  0  0  0  0  0  0  1  0 ]  [ 0  0  0  0  0  1  0  0  0  0 ]  [ 0  0  0  0  0  1  0  0  0  0 ]  [ 0  0  0  0  0  0  1  0  0  0 ]  [ 0  0  0  0  0  0  0  1  0  0 ]  [ 0  0  0  0  1  0  0  0  0  0 ]  [ 0  0  0  0  0  0  0  1  0  0 ]  [ 0  0  0  0  0  0  0  1  0  0 ]  [ 0  0  0  0  0  0  0  0  1  0 ]  [ 0  0  0  0  1  0  0  0  0  0 ]  [ 0  0  0  0  0  0  0  0  1  0 ]  [ 0  0  0  0  1  0  0  0  0  0 ]  [ 0  0  0  0  0  1  0  0  0  0 ]  [ 0  0  0  0  0  0  0  1  0  0 ]  [ 0  0  0  0  0  0  0  0  1  0 ]  [ 0  0  0  0  0  1  0  0  0  0 ]  [ 0  0  0  0  0  0  0  0  1  0 ]  [ 0  0  0  0  0  0  1  0  0  0 ]  [ 0  0  0  0  0  1  0  0  0  0 ]  [ 0  0  0  0  0  1  0  0  0  0 ]  [ 0  0  0  0  1  0  0  0  0  0 ]  [ 0  0  0  0  1  0  0  0  0  0 ]  [ 0  0  0  0  1  0  0  0  0  0 ]  [ 0  0  0  0  0  0  0  1  0  0 ]  [ 0  0  0  0  0  0  0  0  1  0 ]  [ 0  0  0  0  1  0  0  0  0  0 ]  [ 0  0  0  0  1  0  0  0  0  0 ]  [ 0  0  0  0  0  0  0  0  1  0 ]  [ 0  0  0  0  0  0  1  0  0  0 ]  [ 0  0  0  0  0  0  1  0  0  0 ]  [ 0  0  0  0  0  1  0  0  0  0 ]  [ 0  0  0  0  0  0  1  0  0  0 ]  [ 0  0  0  0  0  0  0  0  1  0 ]  [ 0  0  0  0  0  0  1  0  0  0 ]  [ 0  0  0  0  0  0  1  0  0  0 ]  [ 0  0  0  0  1  0  0  0  0  0 ]  [ 0  0  0  0  0  0  0  0  1  0 ]  [ 0  0  0  0  1  0  0  0  0  0 ]  [ 0  0  0  0  0  0  1  0  0  0 ]  [ 0  0  0  0  0  0  0  0  1  0 ]  [ 0  0  0  0  1  0  0  0  0  0 ]  [ 0  0  0  0  0  0  0  1  0  0 ]  [ 0  0  0  0  0  0  0  0  1  0 ]  [ 0  0  0  0  0  0  0  1  0  0 ]  [ 0  0  0  0  0  0  0  1  0  0 ]  [ 0  0  0  0  1  0  0  0  0  0 ]  [ 0  0  0  0  0  0  1  0  0  0 ]  [ 0  0  0  0  1  0  0  0  0  0 ]  [ 0  0  0  0  0  0  0  0  1  0 ]  [ 0  0  0  0  0  1  0  0  0  0 ]  [ 0  0  0  0  0  0  1  0  0  0 ]  [ 0  0  0  0  0  0  0  0  1  0 ]  [ 0  0  0  0  0  0  0  0  1  0 ]  [ 0  0  0  0  0  0  0  0  1  0 ]  [ 0  0  0  0  0  0  1  0  0  0 ]  [ 0  0  0  0  0  0  1  0  0  0 ]  [ 0  0  0  0  0  0  0  1  0  0 ]  [ 0  0  0  0  0  0  1  0  0  0 ]  [ 0  0  0  0  0  1  0  0  0  0 ]  [ 0  0  0  0  0  0  1  0  0  0 ]  [ 0  0  0  0  1  0  0  0  0  0 ]  [ 0  0  0  0  0  1  0  0  0  0 ]  [ 0  0  0  0  0  0  0  0  1  0 ]  [ 0  0  0  0  0  0  0  0  1  0 ]  [ 0  0  0  0  0  0  0  1  0  0 ]  [ 0  0  0  0  0  0  1  0  0  0 ]  [ 0  0  0  0  0  1  0  0  0  0 ]  [ 0  0  0  0  1  0  0  0  0  0 ]  [ 0  0  0  0  0  1  0  0  0  0 ]  [ 0  0  0  0  0  0  0  1  0  0 ]  [ 0  0  0  0  0  0  0  0  1  0 ]  [ 0  0  0  0  0  1  0  0  0  0 ]  [ 0  0  0  0  0  0  0  1  0  0 ]  [ 0  0  0  0  0  0  0  1  0  0 ]  [ 0  0  0  0  0  0  0  1  0  0 ]  [ 0  0  0  0  0  0  0  1  0  0 ]  [ 0  0  0  0  0  0  0  1  0  0 ]  [ 0  0  0  0  0  1  0  0  0  0 ]  [ 0  0  0  0  0  0  0  1  0  0 ]  [ 0  0  0  0  0  1  0  0  0  0 ]  [ 0  0  0  0  0  0  1  0  0  0 ]  [ 0  0  0  0  0  0  0  1  0  0 ]  [ 0  0  0  0  0  0  0  1  0  0 ]  [ 0  0  0  0  0  1  0  0  0  0 ]  [ 0  0  0  0  0  0  0  0  1  0 ]  [ 0  0  0  0  0  0  0  1  0  0 ]  [ 0  0  0  0  0  0  1  0  0  0 ]  [ 0  0  0  0  1  0  0  0  0  0 ]  [ 0  0  0  0  0  0  1  0  0  0 ]  [ 0  0  0  0  0  1  0  0  0  0 ]  [ 0  0  0  0  0  0  0  1  0  0 ]  [ 0  0  0  0  0  0  1  0  0  0 ]  [ 0  0  0  0  0  0  0  0  1  0 ]  [ 0  0  0  0  0  0  0  1  0  0 ]  [ 0  0  0  0  0  0  0  1  0  0 ]  [ 0  0  0  0  0  1  0  0  0  0 ]  [ 0  0  0  0  0  0  0  1  0  0 ]  [ 0  0  0  0  0  0  0  1  0  0 ]  [ 0  0  0  0  0  0  0  0  1  0 ]  [ 0  0  0  0  0  1  0  0  0  0 ]  [ 0  0  0  0  0  0  0  0  1  0 ]  [ 0  0  0  0  0  0  0  0  1  0 ]  [ 0  0  0  0  0  0  0  1  0  0 ]  [ 0  0  0  0  0  0  0  0  1  0 ]  [ 0  0  0  0  0  0  0  0  1  0 ]  [ 0  0  0  0  0  0  1  0  0  0 ]  [ 0  0  0  0  0  0  1  0  0  0 ]  [ 0  0  0  0  1  0  0  0  0  0 ]  [ 0  0  0  0  0  0  0  0  1  0 ]  [ 0  0  0  0  0  0  0  0  1  0 ]  [ 0  0  0  0  0  0  1  0  0  0 ]  [ 0  0  0  0  0  0  0  1  0  0 ]  [ 0  0  0  0  0  0  0  1  0  0 ]  [ 0  0  0  0  0  0  0  1  0  0 ]  [ 0  0  0  0  1  0  0  0  0  0 ]  [ 0  0  0  0  0  0  0  1  0  0 ]  [ 0  0  0  0  0  0  1  0  0  0 ]  [ 0  0  0  0  0  0  0  1  0  0 ]  [ 0  0  0  0  0  0  1  0  0  0 ]  [ 0  0  0  0  0  0  0  1  0  0 ]  [ 0  0  0  0  0  0  0  1  0  0 ]  [ 0  0  0  0  0  0  0  1  0  0 ]  [ 0  0  0  0  0  0  0  1  0  0 ]  [ 0  0  0  0  1  0  0  0  0  0 ]  [ 0  0  0  0  1  0  0  0  0  0 ]  [ 0  0  0  0  0  0  1  0  0  0 ]  [ 0  0  0  0  0  0  0  1  0  0 ]  [ 0  0  0  0  0  1  0  0  0  0 ]  [ 0  0  0  0  0  0  0  1  0  0 ]  [ 0  0  0  0  0  0  0  1  0  0 ]  [ 0  0  0  0  1  0  0  0  0  0 ]  [ 0  0  0  0  0  0  1  0  0  0 ]  [ 0  0  0  0  0  1  0  0  0  0 ]  [ 0  0  0  0  1  0  0  0  0  0 ]  [ 0  0  0  0  1  0  0  0  0  0 ]  [ 0  0  0  0  0  1  0  0  0  0 ]  [ 0  0  0  0  1  0  0  0  0  0 ]  [ 0  0  0  0  1  0  0  0  0  0 ]  [ 0  0  0  0  1  0  0  0  0  0 ]  [ 0  0  0  0  0  0  1  0  0  0 ]  [ 0  0  0  0  0  1  0  0  0  0 ]  [ 0  0  0  0  0  0  0  1  0  0 ]  [ 0  0  0  0  0  0  1  0  0  0 ]  [ 0  0  0  0  0  1  0  0  0  0 ]  [ 0  0  0  0  0  0  0  0  1  0 ]  [ 0  0  0  0  1  0  0  0  0  0 ]  [ 0  0  0  0  0  0  1  0  0  0 ]  [ 0  0  0  0  0  1  0  0  0  0 ]  [ 0  0  0  0  0  0  1  0  0  0 ]  [ 0  0  0  0  1  0  0  0  0  0 ]  [ 0  0  0  0  0  0  0  0  1  0 ]  [ 0  0  0  0  0  1  0  0  0  0 ]  [ 0  0  0  0  1  0  0  0  0  0 ]  [ 0  0  0  0  0  0  0  1  0  0 ]  [ 0  0  0  0  1  0  0  0  0  0 ]  [ 0  0  0  0  0  0  1  0  0  0 ]  [ 0  0  0  0  0  1  0  0  0  0 ]  [ 0  0  0  0  0  0  1  0  0  0 ]  [ 0  0  0  0  0  0  0  0  1  0 ]  [ 0  0  0  0  0  0  0  0  1  0 ]  [ 0  0  0  0  0  0  1  0  0  0 ]  [ 0  0  0  0  0  0  0  0  1  0 ]  [ 0  0  0  0  0  0  0  1  0  0 ]  [ 0  0  0  0  0  1  0  0  0  0 ]  [ 0  0  0  0  1  0  0  0  0  0 ]  [ 0  0  0  0  0  0  1  0  0  0 ]  [ 0  0  0  0  0  0  1  0  0  0 ]  [ 0  0  0  0  0  0  0  0  1  0 ]  [ 0  0  0  0  0  0  0  0  1  0 ]  [ 0  0  0  0  0  0  0  1  0  0 ]  [ 0  0  0  0  0  1  0  0  0  0 ]  [ 0  0  0  0  0  0  0  0  1  0 ]  [ 0  0  0  0  1  0  0  0  0  0 ]  [ 0  0  0  0  1  0  0  0  0  0 ]  [ 0  0  0  0  0  0  1  0  0  0 ]  [ 0  0  0  0  0  0  0  1  0  0 ]  [ 0  0  0  0  1  0  0  0  0  0 ]  [ 0  0  0  0  0  0  0  1  0  0 ]  [ 0  0  0  0  0  0  0  0  1  0 ]  [ 0  0  0  0  0  1  0  0  0  0 ]  [ 0  0  0  0  0  0  1  0  0  0 ]  [ 0  0  0  0  0  1  0  0  0  0 ]  [ 0  0  0  0  0  1  0  0  0  0 ]  [ 0  0  0  0  0  0  0  0  1  0 ]  [ 0  0  0  0  0  1  0  0  0  0 ]  [ 0  0  0  0  0  0  0  0  1  0 ]  [ 0  0  0  0  0  0  0  0  1  0 ]  [ 0  0  0  0  0  0  1  0  0  0 ]  [ 0  0  0  0  0  1  0  0  0  0 ]  [ 0  0  0  0  0  0  0  0  1  0 ]  [ 0  0  0  0  0  0  1  0  0  0 ]  [ 0  0  0  0  0  0  1  0  0  0 ]  [ 0  0  0  0  0  1  0  0  0  0 ]  [ 0  0  0  0  0  0  0  0  1  0 ]  [ 0  0  0  0  0  0  1  0  0  0 ]  [ 0  0  0  0  0  1  0  0  0  0 ]  [ 0  0  0  0  0  0  1  0  0  0 ]  [ 0  0  0  0  1  0  0  0  0  0 ]  [ 0  0  0  0  0  0  0  1  0  0 ]  [ 0  0  0  0  0  0  1  0  0  0 ]  [ 0  0  0  0  0  1  0  0  0  0 ]  [ 0  0  0  0  0  0  0  1  0  0 ]  [ 0  0  0  0  0  0  0  0  1  0 ]  [ 0  0  0  0  1  0  0  0  0  0 ]  [ 0  0  0  0  0  0  1  0  0  0 ]  [ 0  0  0  0  0  1  0  0  0  0 ]  [ 0  0  0  0  0  0  0  0  1  0 ]  [ 0  0  0  0  0  0  0  1  0  0 ]  [ 0  0  0  0  0  1  0  0  0  0 ]  [ 0  0  0  0  0  1  0  0  0  0 ]  [ 0  0  0  0  1  0  0  0  0  0 ]  [ 0  0  0  0  0  0  0  0  1  0 ]  [ 0  0  0  0  0  1  0  0  0  0 ]  [ 0  0  0  0  0  0  0  1  0  0 ]  [ 0  0  0  0  0  0  1  0  0  0 ]  [ 0  0  0  0  0  0  0  1  0  0 ]  [ 0  0  0  0  0  0  0  1  0  0 ]  [ 0  0  0  0  0  0  0  1  0  0 ]  [ 0  0  0  0  1  0  0  0  0  0 ]  [ 0  0  0  0  0  0  0  1  0  0 ]  [ 0  0  0  0  0  1  0  0  0  0 ]  [ 0  0  0  0  0  0  1  0  0  0 ]  [ 0  0  0  0  0  1  0  0  0  0 ]  [ 0  0  0  0  0  1  0  0  0  0 ]  [ 0  0  0  0  0  0  1  0  0  0 ]  [ 0  0  0  0  0  0  1  0  0  0 ]  [ 0  0  0  0  0  1  0  0  0  0 ]  [ 0  0  0  0  0  0  0  1  0  0 ]  [ 0  0  0  0  0  0  1  0  0  0 ]  [ 0  0  0  0  1  0  0  0  0  0 ]  [ 0  0  0  0  0  1  0  0  0  0 ]  [ 0  0  0  0  0  0  1  0  0  0 ]  [ 0  0  0  0  0  0  0  0  1  0 ]  [ 0  0  0  0  0  0  0  0  1  0 ]  [ 0  0  0  0  0  0  1  0  0  0 ]  [ 0  0  0  0  1  0  0  0  0  0 ]  [ 0  0  0  0  0  0  0  1  0  0 ]  [ 0  0  0  0  0  0  1  0  0  0 ]  [ 0  0  0  0  0  0  1  0  0  0 ]  [ 0  0  0  0  0  0  0  1  0  0 ]  [ 0  0  0  0  0  0  0  1  0  0 ]  [ 0  0  0  0  0  0  1  0  0  0 ]  [ 0  0  0  0  0  0  0  0  1  0 ]  [ 0  0  0  0  0  1  0  0  0  0 ]  [ 0  0  0  0  0  1  0  0  0  0 ]  [ 0  0  0  0  0  0  0  0  1  0 ]  [ 0  0  0  0  1  0  0  0  0  0 ]  [ 0  0  0  0  0  1  0  0  0  0 ]  [ 0  0  0  0  0  0  0  0  1  0 ]  [ 0  0  0  0  1  0  0  0  0  0 ]  [ 0  0  0  0  0  0  0  0  1  0 ]  [ 0  0  0  0  0  0  0  1  0  0 ]  [ 0  0  0  0  0  0  1  0  0  0 ]  [ 0  0  0  0  0  1  0  0  0  0 ]  [ 0  0  0  0  0  0  0  1  0  0 ]  [ 0  0  0  0  0  0  0  0  1  0 ]  [ 0  0  0  0  1  0  0  0  0  0 ]  [ 0  0  0  0  0  0  1  0  0  0 ]  [ 0  0  0  0  0  0  1  0  0  0 ]  [ 0  0  0  0  0  0  1  0  0  0 ]  [ 0  0  0  0  0  1  0  0  0  0 ]  [ 0  0  0  0  1  0  0  0  0  0 ]  [ 0  0  0  0  0  0  1  0  0  0 ]  [ 0  0  0  0  0  0  0  0  1  0 ]  [ 0  0  0  0  1  0  0  0  0  0 ]  [ 0  0  0  0  0  1  0  0  0  0 ]  [ 0  0  0  0  0  0  0  0  1  0 ]  [ 0  0  0  0  0  0  0  1  0  0 ]  [ 0  0  0  0  0  0  0  1  0  0 ]  [ 0  0  0  0  1  0  0  0  0  0 ]  [ 0  0  0  0  0  0  0  1  0  0 ]  [ 0  0  0  0  0  0  0  0  1  0 ]  [ 0  0  0  0  0  0  0  0  1  0 ]  [ 0  0  0  0  0  0  0  1  0  0 ]  [ 0  0  0  0  1  0  0  0  0  0 ]  [ 0  0  0  0  0  0  0  0  1  0 ]  [ 0  0  0  0  0  1  0  0  0  0 ]  [ 0  0  0  0  0  0  0  1  0  0 ]  [ 0  0  0  0  0  0  0  0  1  0 ]  [ 0  0  0  0  0  0  0  1  0  0 ]  [ 0  0  0  0  1  0  0  0  0  0 ]  [ 0  0  0  0  0  1  0  0  0  0 ]  [ 0  0  0  0  0  0  0  0  1  0 ]  [ 0  0  0  0  1  0  0  0  0  0 ]  [ 0  0  0  0  0  0  0  1  0  0 ]  [ 0  0  0  0  0  0  1  0  0  0 ]  [ 0  0  0  0  1  0  0  0  0  0 ]  [ 0  0  0  0  0  0  0  1  0  0 ]  [ 0  0  0  0  1  0  0  0  0  0 ]  [ 0  0  0  0  1  0  0  0  0  0 ]  [ 0  0  0  0  0  1  0  0  0  0 ]  [ 0  0  0  0  1  0  0  0  0  0 ]  [ 0  0  0  0  1  0  0  0  0  0 ]  [ 0  0  0  0  0  0  1  0  0  0 ]  [ 0  0  0  0  0  0  0  1  0  0 ]  [ 0  0  0  0  0  0  0  0  1  0 ]  [ 0  0  0  0  1  0  0  0  0  0 ]  [ 0  0  0  0  0  0  1  0  0  0 ]  [ 0  0  0  0  0  1  0  0  0  0 ]  [ 0  0  0  0  0  0  0  1  0  0 ]  [ 0  0  0  0  0  0  1  0  0  0 ]  [ 0  0  0  0  0  0  0  0  1  0 ]  [ 0  0  0  0  0  1  0  0  0  0 ]  [ 0  0  0  0  1  0  0  0  0  0 ]  [ 0  0  0  0  0  0  0  1  0  0 ]  [ 0  0  0  0  1  0  0  0  0  0 ]  [ 0  0  0  0  0  0  0  1  0  0 ]  [ 0  0  0  0  0  0  1  0  0  0 ]  [ 0  0  0  0  0  0  0  0  1  0 ]  [ 0  0  0  0  0  0  1  0  0  0 ]  [ 0  0  0  0  0  0  0  1  0  0 ]  [ 0  0  0  0  0  1  0  0  0  0 ]  [ 0  0  0  0  0  0  1  0  0  0 ]  [ 0  0  0  0  0  1  0  0  0  0 ]  [ 0  0  0  0  0  0  0  1  0  0 ]  [ 0  0  0  0  0  0  1  0  0  0 ]  [ 0  0  0  0  1  0  0  0  0  0 ]  [ 0  0  0  0  0  1  0  0  0  0 ]  [ 0  0  0  0  0  1  0  0  0  0 ]  [ 0  0  0  0  0  0  0  1  0  0 ]  [ 0  0  0  0  1  0  0  0  0  0 ]  [ 0  0  0  0  0  0  0  1  0  0 ]  [ 0  0  0  0  0  0  0  1  0  0 ]  [ 0  0  0  0  1  0  0  0  0  0 ]  [ 0  0  0  0  0  0  0  1  0  0 ]  [ 0  0  0  0  1  0  0  0  0  0 ]  [ 0  0  0  0  1  0  0  0  0  0 ]  [ 0  0  0  0  0  0  1  0  0  0 ]  [ 0  0  0  0  0  1  0  0  0  0 ]  [ 0  0  0  0  0  0  0  0  1  0 ]  [ 0  0  0  0  0  0  1  0  0  0 ]  [ 0  0  0  0  0  1  0  0  0  0 ]  [ 0  0  0  0  0  0  0  1  0  0 ]  [ 0  0  0  0  1  0  0  0  0  0 ]  [ 0  0  0  0  0  0  0  1  0  0 ]  [ 0  0  0  0  1  0  0  0  0  0 ]  [ 0  0  0  0  1  0  0  0  0  0 ]  [ 0  0  0  0  0  0  0  0  1  0 ]  [ 0  0  0  0  0  0  0  1  0  0 ]  [ 0  0  0  0  0  1  0  0  0  0 ]  [ 0  0  0  0  1  0  0  0  0  0 ]  [ 0  0  0  0  0  0  0  0  1  0 ]  [ 0  0  0  0  0  0  0  1  0  0 ]  [ 0  0  0  0  0  0  0  0  1  0 ]  [ 0  0  0  0  1  0  0  0  0  0 ]  [ 0  0  0  0  0  0  0  1  0  0 ]  [ 0  0  0  0  0  1  0  0  0  0 ]  [ 0  0  0  0  0  1  0  0  0  0 ]  [ 0  0  0  0  0  1  0  0  0  0 ]  [ 0  0  0  0  0  0  0  1  0  0 ]  [ 0  0  0  0  0  1  0  0  0  0 ]  [ 0  0  0  0  0  1  0  0  0  0 ]  [ 0  0  0  0  1  0  0  0  0  0 ]  [ 0  0  0  0  0  0  0  0  1  0 ]  [ 0  0  0  0  0  0  0  1  0  0 ]  [ 0  0  0  0  0  0  0  0  1  0 ]  [ 0  0  0  0  0  0  1  0  0  0 ]  [ 0  0  0  0  0  0  0  0  1  0 ]  [ 0  0  0  0  0  0  1  0  0  0 ]  [ 0  0  0  0  0  0  1  0  0  0 ]  [ 0  0  0  0  0  0  1  0  0  0 ]  [ 0  0  0  0  0  0  0  1  0  0 ]  [ 0  0  0  0  0  1  0  0  0  0 ]  [ 0  0  0  0  1  0  0  0  0  0 ]  [ 0  0  0  0  1  0  0  0  0  0 ]  [ 0  0  0  0  0  1  0  0  0  0 ]  [ 0  0  0  0  1  0  0  0  0  0 ]  [ 0  0  0  0  0  0  0  0  1  0 ]  [ 0  0  0  0  0  0  1  0  0  0 ]  [ 0  0  0  0  0  0  0  1  0  0 ]  [ 0  0  0  0  1  0  0  0  0  0 ]  [ 0  0  0  0  0  0  1  0  0  0 ]  [ 0  0  0  0  0  0  0  0  1  0 ]  [ 0  0  0  0  0  0  0  1  0  0 ]  [ 0  0  0  0  0  0  1  0  0  0 ]  [ 0  0  0  0  0  0  1  0  0  0 ]  [ 0  0  0  0  1  0  0  0  0  0 ]  [ 0  0  0  0  1  0  0  0  0  0 ]  [ 0  0  0  0  1  0  0  0  0  0 ]  [ 0  0  0  0  0  1  0  0  0  0 ]  [ 0  0  0  0  0  1  0  0  0  0 ]  [ 0  0  0  0  0  0  0  0  1  0 ]  [ 0  0  0  0  1  0  0  0  0  0 ]  [ 0  0  0  0  0  1  0  0  0  0 ]  [ 0  0  0  0  0  1  0  0  0  0 ]  [ 0  0  0  0  1  0  0  0  0  0 ]  [ 0  0  0  0  0  1  0  0  0  0 ]  [ 0  0  0  0  0  1  0  0  0  0 ]  [ 0  0  0  0  0  0  1  0  0  0 ]  [ 0  0  0  0  1  0  0  0  0  0 ]  [ 0  0  0  0  0  0  0  0  1  0 ]  [ 0  0  0  0  0  1  0  0  0  0 ]  [ 0  0  0  0  0  0  0  0  1  0 ]  [ 0  0  0  0  0  0  0  1  0  0 ]  [ 0  0  0  0  0  0  0  1  0  0 ]  [ 0  0  0  0  0  0  1  0  0  0 ]  [ 0  0  0  0  0  0  0  0  1  0 ]  [ 0  0  0  0  1  0  0  0  0  0 ]  [ 0  0  0  0  0  0  0  1  0  0 ]  [ 0  0  0  0  0  1  0  0  0  0 ]  [ 0  0  0  0  0  0  0  1  0  0 ]  [ 0  0  0  0  0  0  0  1  0  0 ]  [ 0  0  0  0  1  0  0  0  0  0 ]  [ 0  0  0  0  0  1  0  0  0  0 ]  [ 0  0  0  0  1  0  0  0  0  0 ]  [ 0  0  0  0  0  1  0  0  0  0 ]  [ 0  0  0  0  1  0  0  0  0  0 ]  [ 0  0  0  0  0  0  1  0  0  0 ]  [ 0  0  0  0  0  0  0  0  1  0 ]  [ 0  0  0  0  0  1  0  0  0  0 ]  [ 0  0  0  0  0  1  0  0  0  0 ]  [ 0  0  0  0  0  0  1  0  0  0 ]  [ 0  0  0  0  0  1  0  0  0  0 ]  [ 0  0  0  0  0  0  0  1  0  0 ]  [ 0  0  0  0  0  0  0  1  0  0 ]  [ 0  0  0  0  1  0  0  0  0  0 ]  [ 0  0  0  0  0  1  0  0  0  0 ]  [ 0  0  0  0  0  0  0  1  0  0 ]  [ 0  0  0  0  0  0  0  0  1  0 ]  [ 0  0  0  0  0  0  0  1  0  0 ]  [ 0  0  0  0  0  0  1  0  0  0 ]  [ 0  0  0  0  0  0  0  0  1  0 ]  [ 0  0  0  0  1  0  0  0  0  0 ]  [ 0  0  0  0  1  0  0  0  0  0 ]  [ 0  0  0  0  0  0  0  1  0  0 ]  [ 0  0  0  0  0  0  1  0  0  0 ]  [ 0  0  0  0  1  0  0  0  0  0 ]  [ 0  0  0  0  0  0  1  0  0  0 ]  [ 0  0  0  0  0  0  0  0  1  0 ]  [ 0  0  0  0  0  0  1  0  0  0 ]  [ 0  0  0  0  0  1  0  0  0  0 ]  [ 0  0  0  0  1  0  0  0  0  0 ]  [ 0  0  0  0  1  0  0  0  0  0 ]  [ 0  0  0  0  0  0  0  0  1  0 ]  [ 0  0  0  0  0  0  1  0  0  0 ]  [ 0  0  0  0  0  0  0  0  1  0 ]  [ 0  0  0  0  1  0  0  0  0  0 ]  [ 0  0  0  0  0  1  0  0  0  0 ]  [ 0  0  0  0  1  0  0  0  0  0 ]  [ 0  0  0  0  0  1  0  0  0  0 ]  [ 0  0  0  0  1  0  0  0  0  0 ]  [ 0  0  0  0  0  1  0  0  0  0 ]  [ 0  0  0  0  0  0  1  0  0  0 ]  [ 0  0  0  0  0  1  0  0  0  0 ]  [ 0  0  0  0  1  0  0  0  0  0 ]  [ 0  0  0  0  1  0  0  0  0  0 ]  [ 0  0  0  0  0  0  0  0  1  0 ]  [ 0  0  0  0  1  0  0  0  0  0 ]  [ 0  0  0  0  0  0  1  0  0  0 ]  [ 0  0  0  0  0  0  1  0  0  0 ]  [ 0  0  0  0  0  0  1  0  0  0 ]  [ 0  0  0  0  1  0  0  0  0  0 ]  [ 0  0  0  0  0  1  0  0  0  0 ]  [ 0  0  0  0  1  0  0  0  0  0 ]  [ 0  0  0  0  0  0  1  0  0  0 ]  [ 0  0  0  0  0  0  0  0  1  0 ]  [ 0  0  0  0  0  0  1  0  0  0 ]  [ 0  0  0  0  0  0  0  0  1  0 ]  [ 0  0  0  0  0  1  0  0  0  0 ]  [ 0  0  0  0  1  0  0  0  0  0 ]  [ 0  0  0  0  0  0  1  0  0  0 ]  [ 0  0  0  0  0  0  1  0  0  0 ]  [ 0  0  0  0  0  0  1  0  0  0 ]  [ 0  0  0  0  0  1  0  0  0  0 ]  [ 0  0  0  0  0  0  0  1  0  0 ]  [ 0  0  0  0  0  0  0  1  0  0 ]  [ 0  0  0  0  0  0  0  0  1  0 ]  [ 0  0  0  0  0  1  0  0  0  0 ]  [ 0  0  0  0  0  0  1  0  0  0 ]  [ 0  0  0  0  0  0  0  0  1  0 ]  [ 0  0  0  0  0  1  0  0  0  0 ]  [ 0  0  0  0  1  0  0  0  0  0 ]  [ 0  0  0  0  0  1  0  0  0  0 ]  [ 0  0  0  0  1  0  0  0  0  0 ]  [ 0  0  0  0  0  0  0  1  0  0 ]  [ 0  0  0  0  0  0  0  0  1  0 ]  [ 0  0  0  0  0  1  0  0  0  0 ]  [ 0  0  0  0  1  0  0  0  0  0 ]  [ 0  0  0  0  1  0  0  0  0  0 ]  [ 0  0  0  0  0  1  0  0  0  0 ]  [ 0  0  0  0  1  0  0  0  0  0 ]  [ 0  0  0  0  0  0  1  0  0  0 ]  [ 0  0  0  0  0  0  1  0  0  0 ]  [ 0  0  0  0  0  1  0  0  0  0 ]  [ 0  0  0  0  1  0  0  0  0  0 ]  [ 0  0  0  0  0  0  0  1  0  0 ]  [ 0  0  0  0  1  0  0  0  0  0 ]  [ 0  0  0  0  1  0  0  0  0  0 ]  [ 0  0  0  0  0  1  0  0  0  0 ]  [ 0  0  0  0  0  1  0  0  0  0 ]  [ 0  0  0  0  1  0  0  0  0  0 ]  [ 0  0  0  0  0  0  1  0  0  0 ]  [ 0  0  0  0  0  1  0  0  0  0 ]  [ 0  0  0  0  0  0  0  1  0  0 ]  [ 0  0  0  0  0  0  1  0  0  0 ]  [ 0  0  0  0  0  0  0  0  1  0 ]  [ 0  0  0  0  0  0  0  1  0  0 ]  [ 0  0  0  0  0  0  0  1  0  0 ]  [ 0  0  0  0  0  0  1  0  0  0 ]  [ 0  0  0  0  0  0  1  0  0  0 ]  [ 0  0  0  0  0  0  0  0  1  0 ]  [ 0  0  0  0  0  0  0  1  0  0 ]  [ 0  0  0  0  0  0  0  0  1  0 ]  [ 0  0  0  0  0  0  0  1  0  0 ]  [ 0  0  0  0  0  0  0  1  0  0 ]  [ 0  0  0  0  0  1  0  0  0  0 ]  [ 0  0  0  0  0  0  0  0  1  0 ]  [ 0  0  0  0  0  1  0  0  0  0 ]  [ 0  0  0  0  1  0  0  0  0  0 ]  [ 0  0  0  0  1  0  0  0  0  0 ]  [ 0  0  0  0  1  0  0  0  0  0 ]  [ 0  0  0  0  0  1  0  0  0  0 ]  [ 0  0  0  0  0  0  0  1  0  0 ]  [ 0  0  0  0  0  1  0  0  0  0 ]  [ 0  0  0  0  1  0  0  0  0  0 ]  [ 0  0  0  0  0  0  0  1  0  0 ]  [ 0  0  0  0  0  0  1  0  0  0 ]  [ 0  0  0  0  1  0  0  0  0  0 ]  [ 0  0  0  0  1  0  0  0  0  0 ]  [ 0  0  0  0  1  0  0  0  0  0 ]  [ 0  0  0  0  0  1  0  0  0  0 ]  [ 0  0  0  0  0  0  0  0  1  0 ]  [ 0  0  0  0  0  0  0  0  1  0 ]  [ 0  0  0  0  0  0  0  1  0  0 ]  [ 0  0  0  0  0  1  0  0  0  0 ]  [ 0  0  0  0  0  0  1  0  0  0 ]  [ 0  0  0  0  0  1  0  0  0  0 ]  [ 0  0  0  0  0  1  0  0  0  0 ]  [ 0  0  0  0  1  0  0  0  0  0 ]  [ 0  0  0  0  0  0  1  0  0  0 ]  [ 0  0  0  0  0  0  0  0  1  0 ]  [ 0  0  0  0  0  0  0  1  0  0 ]  [ 0  0  0  0  1  0  0  0  0  0 ]  [ 0  0  0  0  0  0  1  0  0  0 ]  [ 0  0  0  0  1  0  0  0  0  0 ]  [ 0  0  0  0  0  0  0  1  0  0 ]  [ 0  0  0  0  0  0  1  0  0  0 ]  [ 0  0  0  0  0  0  0  0  1  0 ]  [ 0  0  0  0  0  0  0  1  0  0 ]  [ 0  0  0  0  1  0  0  0  0  0 ]  [ 0  0  0  0  0  1  0  0  0  0 ]  [ 0  0  0  0  0  0  0  0  1  0 ]  [ 0  0  0  0  0  0  1  0  0  0 ]  [ 0  0  0  0  0  0  1  0  0  0 ]  [ 0  0  0  0  0  0  1  0  0  0 ]  [ 0  0  0  0  0  0  0  1  0  0 ]  [ 0  0  0  0  0  0  0  0  1  0 ]  [ 0  0  0  0  0  0  1  0  0  0 ]  [ 0  0  0  0  0  0  0  0  1  0 ]  [ 0  0  0  0  0  0  1  0  0  0 ]  [ 0  0  0  0  1  0  0  0  0  0 ]  [ 0  0  0  0  0  0  0  0  1  0 ]  [ 0  0  0  0  0  0  1  0  0  0 ]  [ 0  0  0  0  1  0  0  0  0  0 ]  [ 0  0  0  0  0  0  0  0  1  0 ]  [ 0  0  0  0  1  0  0  0  0  0 ]  [ 0  0  0  0  0  0  1  0  0  0 ]  [ 0  0  0  0  0  0  1  0  0  0 ]  [ 0  0  0  0  0  0  0  0  1  0 ]  [ 0  0  0  0  0  1  0  0  0  0 ]  [ 0  0  0  0  0  1  0  0  0  0 ]  [ 0  0  0  0  0  1  0  0  0  0 ]  [ 0  0  0  0  0  1  0  0  0  0 ]  [ 0  0  0  0  0  0  1  0  0  0 ]  [ 0  0  0  0  0  1  0  0  0  0 ]  [ 0  0  0  0  0  0  0  1  0  0 ]  [ 0  0  0  0  0  1  0  0  0  0 ]  [ 0  0  0  0  0  1  0  0  0  0 ]  [ 0  0  0  0  0  1  0  0  0  0 ]  [ 0  0  0  0  0  0  0  0  1  0 ]  [ 0  0  0  0  0  0  0  0  1  0 ]  [ 0  0  0  0  0  0  0  0  1  0 ]  [ 0  0  0  0  0  0  0  1  0  0 ]  [ 0  0  0  0  0  0  1  0  0  0 ]  [ 0  0  0  0  1  0  0  0  0  0 ]  [ 0  0  0  0  0  0  0  0  1  0 ]  [ 0  0  0  0  0  0  1  0  0  0 ]  [ 0  0  0  0  1  0  0  0  0  0 ]  [ 0  0  0  0  1  0  0  0  0  0 ]  [ 0  0  0  0  1  0  0  0  0  0 ]  [ 0  0  0  0  0  0  0  1  0  0 ]  [ 0  0  0  0  0  0  0  0  1  0 ]  [ 0  0  0  0  1  0  0  0  0  0 ]  [ 0  0  0  0  0  0  0  1  0  0 ]  [ 0  0  0  0  0  1  0  0  0  0 ]  [ 0  0  0  0  0  0  0  1  0  0 ]  [ 0  0  0  0  0  0  0  0  1  0 ]  [ 0  0  0  0  0  0  0  1  0  0 ]  [ 0  0  0  0  0  0  0  0  1  0 ]  [ 0  0  0  0  0  1  0  0  0  0 ]  [ 0  0  0  0  1  0  0  0  0  0 ]  [ 0  0  0  0  0  0  1  0  0  0 ]  [ 0  0  0  0  0  0  1  0  0  0 ]  [ 0  0  0  0  1  0  0  0  0  0 ]  [ 0  0  0  0  0  1  0  0  0  0 ]  [ 0  0  0  0  0  1  0  0  0  0 ]  [ 0  0  0  0  1  0  0  0  0  0 ]  [ 0  0  0  0  0  1  0  0  0  0 ]  [ 0  0  0  0  0  1  0  0  0  0 ]  [ 0  0  0  0  0  0  1  0  0  0 ]  [ 0  0  0  0  0  0  0  1  0  0 ]  [ 0  0  0  0  0  1  0  0  0  0 ]  [ 0  0  0  0  0  0  0  0  1  0 ]  [ 0  0  0  0  0  0  0  0  1  0 ]  [ 0  0  0  0  0  0  0  0  1  0 ]  [ 0  0  0  0  0  0  0  1  0  0 ]  [ 0  0  0  0  0  0  0  1  0  0 ]  [ 0  0  0  0  0  0  1  0  0  0 ]  [ 0  0  0  0  0  0  0  1  0  0 ]  [ 0  0  0  0  0  1  0  0  0  0 ]  [ 0  0  0  0  0  0  1  0  0  0 ]  [ 0  0  0  0  0  0  0  1  0  0 ]  [ 0  0  0  0  0  0  1  0  0  0 ]  [ 0  0  0  0  0  1  0  0  0  0 ]  [ 0  0  0  0  1  0  0  0  0  0 ]  [ 0  0  0  0  1  0  0  0  0  0 ]  [ 0  0  0  0  0  1  0  0  0  0 ]  [ 0  0  0  0  0  0  1  0  0  0 ]  [ 0  0  0  0  0  0  0  1  0  0 ]  [ 0  0  0  0  0  0  0  1  0  0 ]  [ 0  0  0  0  0  1  0  0  0  0 ]  [ 0  0  0  0  0  0  0  0  1  0 ]  [ 0  0  0  0  0  1  0  0  0  0 ]  [ 0  0  0  0  0  0  0  1  0  0 ]  [ 0  0  0  0  1  0  0  0  0  0 ]  [ 0  0  0  0  0  0  0  1  0  0 ]  [ 0  0  0  0  0  0  0  1  0  0 ]  [ 0  0  0  0  0  0  0  0  1  0 ]  [ 0  0  0  0  0  0  0  0  1  0 ]  [ 0  0  0  0  0  0  0  1  0  0 ]  [ 0  0  0  0  0  0  0  0  1  0 ]  [ 0  0  0  0  0  0  0  1  0  0 ]  [ 0  0  0  0  0  0  0  1  0  0 ]  [ 0  0  0  0  0  1  0  0  0  0 ]  [ 0  0  0  0  0  0  1  0  0  0 ]  [ 0  0  0  0  0  0  0  0  1  0 ]  [ 0  0  0  0  0  1  0  0  0  0 ]  [ 0  0  0  0  0  0  0  0  1  0 ]  [ 0  0  0  0  0  0  1  0  0  0 ]  [ 0  0  0  0  0  1  0  0  0  0 ]  [ 0  0  0  0  1  0  0  0  0  0 ]  [ 0  0  0  0  0  1  0  0  0  0 ]  [ 0  0  0  0  1  0  0  0  0  0 ]  [ 0  0  0  0  0  0  0  1  0  0 ]  [ 0  0  0  0  0  0  0  0  1  0 ]  [ 0  0  0  0  0  0  0  0  1  0 ]  [ 0  0  0  0  0  0  0  1  0  0 ]  [ 0  0  0  0  0  1  0  0  0  0 ]  [ 0  0  0  0  1  0  0  0  0  0 ]  [ 0  0  0  0  0  0  0  1  0  0 ]  [ 0  0  0  0  0  0  1  0  0  0 ]  [ 0  0  0  0  0  0  0  1  0  0 ]  [ 0  0  0  0  0  1  0  0  0  0 ]  [ 0  0  0  0  0  0  0  0  1  0 ]  [ 0  0  0  0  0  1  0  0  0  0 ]  [ 0  0  0  0  0  1  0  0  0  0 ]  [ 0  0  0  0  0  1  0  0  0  0 ]  [ 0  0  0  0  0  0  0  1  0  0 ]  [ 0  0  0  0  0  0  0  0  1  0 ]  [ 0  0  0  0  1  0  0  0  0  0 ]  [ 0  0  0  0  0  0  0  1  0  0 ]  [ 0  0  0  0  0  0  0  1  0  0 ]  [ 0  0  0  0  0  1  0  0  0  0 ]  [ 0  0  0  0  1  0  0  0  0  0 ]  [ 0  0  0  0  0  0  1  0  0  0 ]  [ 0  0  0  0  0  0  0  0  1  0 ]  [ 0  0  0  0  0  0  0  0  1  0 ]  [ 0  0  0  0  0  0  0  1  0  0 ]  [ 0  0  0  0  0  0  1  0  0  0 ]  [ 0  0  0  0  0  0  1  0  0  0 ]  [ 0  0  0  0  0  0  1  0  0  0 ]  [ 0  0  0  0  0  0  0  0  1  0 ]  [ 0  0  0  0  0  1  0  0  0  0 ]  [ 0  0  0  0  0  1  0  0  0  0 ]  [ 0  0  0  0  0  0  0  1  0  0 ]  [ 0  0  0  0  0  0  0  0  1  0 ]  [ 0  0  0  0  1  0  0  0  0  0 ]  [ 0  0  0  0  1  0  0  0  0  0 ]  [ 0  0  0  0  1  0  0  0  0  0 ]  [ 0  0  0  0  0  0  1  0  0  0 ]  [ 0  0  0  0  0  0  0  1  0  0 ]  [ 0  0  0  0  1  0  0  0  0  0 ]  [ 0  0  0  0  1  0  0  0  0  0 ]  [ 0  0  0  0  0  0  1  0  0  0 ]  [ 0  0  0  0  0  0  0  1  0  0 ]  [ 0  0  0  0  0  0  0  1  0  0 ]  [ 0  0  0  0  0  0  0  1  0  0 ]  [ 0  0  0  0  1  0  0  0  0  0 ]  [ 0  0  0  0  0  0  1  0  0  0 ]  [ 0  0  0  0  0  0  0  0  1  0 ]  [ 0  0  0  0  0  0  0  0  1  0 ]  [ 0  0  0  0  0  1  0  0  0  0 ]  [ 0  0  0  0  0  0  0  0  1  0 ]  [ 0  0  0  0  0  0  0  1  0  0 ]  [ 0  0  0  0  0  0  0  0  1  0 ]  [ 0  0  0  0  0  1  0  0  0  0 ]  [ 0  0  0  0  0  0  0  1  0  0 ]  [ 0  0  0  0  0  0  0  0  1  0 ]  [ 0  0  0  0  0  0  1  0  0  0 ]  [ 0  0  0  0  1  0  0  0  0  0 ]  [ 0  0  0  0  1  0  0  0  0  0 ]  [ 0  0  0  0  1  0  0  0  0  0 ]  [ 0  0  0  0  1  0  0  0  0  0 ]  [ 0  0  0  0  1  0  0  0  0  0 ]  [ 0  0  0  0  0  0  0  1  0  0 ]  [ 0  0  0  0  1  0  0  0  0  0 ]  [ 0  0  0  0  0  0  0  1  0  0 ]  [ 0  0  0  0  0  0  0  1  0  0 ]  [ 0  0  0  0  0  0  0  0  1  0 ]  [ 0  0  0  0  0  0  0  0  1  0 ]  [ 0  0  0  0  0  0  0  1  0  0 ]  [ 0  0  0  0  0  0  0  0  1  0 ]  [ 0  0  0  0  0  0  0  0  1  0 ]  [ 0  0  0  0  0  0  0  1  0  0 ]  [ 0  0  0  0  0  0  0  0  1  0 ]  [ 0  0  0  0  1  0  0  0  0  0 ]  [ 0  0  0  0  1  0  0  0  0  0 ]  [ 0  0  0  0  1  0  0  0  0  0 ]  [ 0  0  0  0  0  1  0  0  0  0 ]  [ 0  0  0  0  0  1  0  0  0  0 ]  [ 0  0  0  0  0  0  1  0  0  0 ]  [ 0  0  0  0  0  0  0  1  0  0 ]  [ 0  0  0  0  0  0  0  1  0  0 ]  [ 0  0  0  0  1  0  0  0  0  0 ]  [ 0  0  0  0  0  0  1  0  0  0 ]  [ 0  0  0  0  0  0  1  0  0  0 ]  [ 0  0  0  0  0  1  0  0  0  0 ]  [ 0  0  0  0  1  0  0  0  0  0 ]  [ 0  0  0  0  0  0  1  0  0  0 ]  [ 0  0  0  0  0  1  0  0  0  0 ]  [ 0  0  0  0  0  0  0  1  0  0 ]  [ 0  0  0  0  0  0  1  0  0  0 ]  [ 0  0  0  0  0  0  0  0  1  0 ]  [ 0  0  0  0  0  0  0  0  1  0 ]  [ 0  0  0  0  1  0  0  0  0  0 ]  [ 0  0  0  0  0  0  0  1  0  0 ]  [ 0  0  0  0  0  0  0  1  0  0 ]  [ 0  0  0  0  0  1  0  0  0  0 ]  [ 0  0  0  0  1  0  0  0  0  0 ]  [ 0  0  0  0  0  0  1  0  0  0 ]  [ 0  0  0  0  0  1  0  0  0  0 ]  [ 0  0  0  0  0  0  0  1  0  0 ]  [ 0  0  0  0  0  0  0  0  1  0 ]  [ 0  0  0  0  0  1  0  0  0  0 ]  [ 0  0  0  0  0  1  0  0  0  0 ]  [ 0  0  0  0  0  0  1  0  0  0 ]  [ 0  0  0  0  0  0  0  1  0  0 ]  [ 0  0  0  0  0  0  0  1  0  0 ]  [ 0  0  0  0  0  0  1  0  0  0 ]  [ 0  0  0  0  0  1  0  0  0  0 ]  [ 0  0  0  0  0  1  0  0  0  0 ]  [ 0  0  0  0  0  0  0  0  1  0 ]  [ 0  0  0  0  0  0  1  0  0  0 ]  [ 0  0  0  0  1  0  0  0  0  0 ]  [ 0  0  0  0  0  0  1  0  0  0 ]  [ 0  0  0  0  0  1  0  0  0  0 ]  [ 0  0  0  0  0  0  0  1  0  0 ]  [ 0  0  0  0  1  0  0  0  0  0 ]  [ 0  0  0  0  0  1  0  0  0  0 ]  [ 0  0  0  0  1  0  0  0  0  0 ]  [ 0  0  0  0  0  0  1  0  0  0 ]  [ 0  0  0  0  0  0  0  0  1  0 ]  [ 0  0  0  0  0  0  1  0  0  0 ]  [ 0  0  0  0  0  1  0  0  0  0 ]  [ 0  0  0  0  0  0  0  0  1  0 ]  [ 0  0  0  0  1  0  0  0  0  0 ]  [ 0  0  0  0  0  1  0  0  0  0 ]  [ 0  0  0  0  0  0  0  0  1  0 ]  [ 0  0  0  0  1  0  0  0  0  0 ]  [ 0  0  0  0  0  0  0  1  0  0 ]  [ 0  0  0  0  0  1  0  0  0  0 ]  [ 0  0  0  0  1  0  0  0  0  0 ]  [ 0  0  0  0  0  1  0  0  0  0 ]  [ 0  0  0  0  0  0  1  0  0  0 ]  [ 0  0  0  0  0  1  0  0  0  0 ]  [ 0  0  0  0  0  0  1  0  0  0 ]  [ 0  0  0  0  1  0  0  0  0  0 ]  [ 0  0  0  0  0  1  0  0  0  0 ]  [ 0  0  0  0  0  0  0  0  1  0 ]  [ 0  0  0  0  0  0  1  0  0  0 ]  [ 0  0  0  0  0  0  1  0  0  0 ]  [ 0  0  0  0  1  0  0  0  0  0 ]  [ 0  0  0  0  0  1  0  0  0  0 ]  [ 0  0  0  0  0  0  0  0  1  0 ]  [ 0  0  0  0  0  0  0  1  0  0 ]  [ 0  0  0  0  0  0  1  0  0  0 ]  [ 0  0  0  0  1  0  0  0  0  0 ]  [ 0  0  0  0  0  1  0  0  0  0 ]  [ 0  0  0  0  0  0  0  1  0  0 ]  [ 0  0  0  0  0  0  1  0  0  0 ]  [ 0  0  0  0  0  0  1  0  0  0 ]  [ 0  0  0  0  0  0  0  0  1  0 ]  [ 0  0  0  0  0  0  0  1  0  0 ]  [ 0  0  0  0  0  0  0  1  0  0 ]  [ 0  0  0  0  1  0  0  0  0  0 ]  [ 0  0  0  0  1  0  0  0  0  0 ]  [ 0  0  0  0  0  0  0  1  0  0 ]  [ 0  0  0  0  0  0  1  0  0  0 ]  [ 0  0  0  0  0  0  0  0  1  0 ]  [ 0  0  0  0  0  0  0  0  1  0 ]  [ 0  0  0  0  0  0  0  0  1  0 ]  [ 0  0  0  0  0  1  0  0  0  0 ]  [ 0  0  0  0  0  0  0  0  1  0 ]  [ 0  0  0  0  0  0  0  1  0  0 ]  [ 0  0  0  0  0  0  0  0  1  0 ]  [ 0  0  0  0  1  0  0  0  0  0 ]  [ 0  0  0  0  0  0  0  1  0  0 ]  [ 0  0  0  0  0  0  1  0  0  0 ]  [ 0  0  0  0  0  0  0  0  1  0 ]  [ 0  0  0  0  0  0  0  0  1  0 ]  [ 0  0  0  0  0  1  0  0  0  0 ]  [ 0  0  0  0  0  0  1  0  0  0 ]  [ 0  0  0  0  0  1  0  0  0  0 ]  [ 0  0  0  0  0  0  1  0  0  0 ]  [ 0  0  0  0  0  1  0  0  0  0 ]  [ 0  0  0  0  0  0  0  1  0  0 ]  [ 0  0  0  0  1  0  0  0  0  0 ]  [ 0  0  0  0  1  0  0  0  0  0 ]  [ 0  0  0  0  0  0  1  0  0  0 ]  [ 0  0  0  0  1  0  0  0  0  0 ]  [ 0  0  0  0  0  1  0  0  0  0 ]  [ 0  0  0  0  0  0  0  0  1  0 ]  [ 0  0  0  0  0  0  0  0  1  0 ]  [ 0  0  0  0  1  0  0  0  0  0 ]  [ 0  0  0  0  1  0  0  0  0  0 ]  [ 0  0  0  0  0  0  0  0  1  0 ]  [ 0  0  0  0  0  0  0  0  1  0 ]  [ 0  0  0  0  0  0  1  0  0  0 ]  [ 0  0  0  0  1  0  0  0  0  0 ]  [ 0  0  0  0  0  1  0  0  0  0 ]  [ 0  0  0  0  0  0  0  0  1  0 ]  [ 0  0  0  0  0  0  0  0  1  0 ]  [ 0  0  0  0  1  0  0  0  0  0 ]  [ 0  0  0  0  1  0  0  0  0  0 ]  [ 0  0  0  0  0  0  1  0  0  0 ]  [ 0  0  0  0  0  1  0  0  0  0 ]  [ 0  0  0  0  0  0  0  1  0  0 ]  [ 0  0  0  0  0  1  0  0  0  0 ]  [ 0  0  0  0  0  0  0  1  0  0 ]  [ 0  0  0  0  1  0  0  0  0  0 ]  [ 0  0  0  0  0  0  1  0  0  0 ]  [ 0  0  0  0  0  0  0  0  1  0 ]  [ 0  0  0  0  0  0  0  1  0  0 ]  [ 0  0  0  0  1  0  0  0  0  0 ]  [ 0  0  0  0  1  0  0  0  0  0 ]  [ 0  0  0  0  0  0  0  1  0  0 ]  [ 0  0  0  0  0  1  0  0  0  0 ]  [ 0  0  0  0  0  1  0  0  0  0 ]  [ 0  0  0  0  0  0  1  0  0  0 ]  [ 0  0  0  0  0  0  1  0  0  0 ]  [ 0  0  0  0  0  0  0  0  1  0 ]  [ 0  0  0  0  0  1  0  0  0  0 ]  [ 0  0  0  0  0  0  1  0  0  0 ]  [ 0  0  0  0  0  1  0  0  0  0 ]  [ 0  0  0  0  0  0  1  0  0  0 ]  [ 0  0  0  0  0  0  0  1  0  0 ]  [ 0  0  0  0  1  0  0  0  0  0 ]  [ 0  0  0  0  0  0  1  0  0  0 ]  [ 0  0  0  0  0  0  0  1  0  0 ]  [ 0  0  0  0  1  0  0  0  0  0 ]  [ 0  0  0  0  0  0  0  1  0  0 ]  [ 0  0  0  0  0  0  1  0  0  0 ]  [ 0  0  0  0  0  0  1  0  0  0 ]  [ 0  0  0  0  0  0  0  1  0  0 ]  [ 0  0  0  0  0  0  0  1  0  0 ]  [ 0  0  0  0  1  0  0  0  0  0 ]  [ 0  0  0  0  0  0  1  0  0  0 ]  [ 0  0  0  0  1  0  0  0  0  0 ]  [ 0  0  0  0  0  1  0  0  0  0 ]  [ 0  0  0  0  0  1  0  0  0  0 ]  [ 0  0  0  0  1  0  0  0  0  0 ]  [ 0  0  0  0  0  1  0  0  0  0 ]  [ 0  0  0  0  0  0  1  0  0  0 ]  [ 0  0  0  0  0  0  0  1  0  0 ]  [ 0  0  0  0  0  0  0  0  1  0 ]  [ 0  0  0  0  0  1  0  0  0  0 ]  [ 0  0  0  0  0  0  1  0  0  0 ]  [ 0  0  0  0  0  0  0  1  0  0 ]  [ 0  0  0  0  0  0  0  0  1  0 ]  [ 0  0  0  0  0  0  0  0  1  0 ]  [ 0  0  0  0  0  0  0  0  1  0 ]  [ 0  0  0  0  0  1  0  0  0  0 ]  [ 0  0  0  0  1  0  0  0  0  0 ]  [ 0  0  0  0  0  0  0  0  1  0 ]  [ 0  0  0  0  1  0  0  0  0  0 ]  [ 0  0  0  0  0  0  1  0  0  0 ]  [ 0  0  0  0  0  0  0  1  0  0 ]  [ 0  0  0  0  0  0  1  0  0  0 ]  [ 0  0  0  0  0  1  0  0  0  0 ]  [ 0  0  0  0  0  0  0  0  1  0 ]  [ 0  0  0  0  0  1  0  0  0  0 ]  [ 0  0  0  0  0  0  1  0  0  0 ]  [ 0  0  0  0  0  0  0  0  1  0 ]  [ 0  0  0  0  1  0  0  0  0  0 ]  [ 0  0  0  0  0  1  0  0  0  0 ]  [ 0  0  0  0  0  0  1  0  0  0 ]  [ 0  0  0  0  0  0  1  0  0  0 ]  [ 0  0  0  0  0  1  0  0  0  0 ]  [ 0  0  0  0  0  0  1  0  0  0 ]  [ 0  0  0  0  1  0  0  0  0  0 ]  [ 0  0  0  0  1  0  0  0  0  0 ]  [ 0  0  0  0  0  1  0  0  0  0 ]  [ 0  0  0  0  1  0  0  0  0  0 ]  [ 0  0  0  0  0  0  0  0  1  0 ]  [ 0  0  0  0  0  1  0  0  0  0 ]  [ 0  0  0  0  0  1  0  0  0  0 ]  [ 0  0  0  0  0  0  0  1  0  0 ]  [ 0  0  0  0  0  0  0  1  0  0 ]  [ 0  0  0  0  0  1  0  0  0  0 ]  [ 0  0  0  0  0  0  0  0  1  0 ]  [ 0  0  0  0  0  0  0  1  0  0 ]  [ 0  0  0  0  0  1  0  0  0  0 ]  [ 0  0  0  0  0  0  0  1  0  0 ]  [ 0  0  0  0  0  1  0  0  0  0 ]  [ 0  0  0  0  0  1  0  0  0  0 ]  [ 0  0  0  0  0  0  0  0  1  0 ]  [ 0  0  0  0  0  0  1  0  0  0 ]  [ 0  0  0  0  0  0  0  0  1  0 ]  [ 0  0  0  0  1  0  0  0  0  0 ]  [ 0  0  0  0  1  0  0  0  0  0 ]  [ 0  0  0  0  1  0  0  0  0  0 ]  [ 0  0  0  0  0  0  0  1  0  0 ]  [ 0  0  0  0  0  0  1  0  0  0 ]  [ 0  0  0  0  1  0  0  0  0  0 ]  [ 0  0  0  0  1  0  0  0  0  0 ]  [ 0  0  0  0  0  0  0  0  1  0 ]  [ 0  0  0  0  0  0  1  0  0  0 ] ];

ObjRequests = {  <1,5,128>, <2,5,178>, <3,5,170>, <4,5,71>, <5,5,57>, <6,5,31>, <7,5,43>, <8,5,7>, <9,5,48>, <10,5,3>, <11,5,36>, <12,5,15>, <13,5,1>, <14,5,7>, <15,5,5>, <16,5,3>, <17,5,17>, <18,5,29>, <19,5,19>, <20,5,23>, <21,5,7>, <22,5,13>, <23,5,14>, <24,5,9>, <25,5,3>, <26,5,1>, <27,5,1>, <29,5,5>, <30,5,7>, <31,5,5>, <32,5,1>, <33,5,8>, <34,5,1>, <35,5,4>, <36,5,2>, <37,5,2>, <38,5,6>, <39,5,8>, <40,5,4>, <41,5,2>, <42,5,6>, <43,5,3>, <44,5,1>, <45,5,17>, <46,5,6>, <47,5,11>, <48,5,4>, <49,5,11>, <50,5,3>, <51,5,1>, <53,5,3>, <54,5,1>, <55,5,5>, <56,5,4>, <57,5,6>, <58,5,9>, <59,5,11>, <60,5,4>, <61,5,8>, <62,5,4>, <63,5,2>, <64,5,5>, <65,5,2>, <66,5,5>, <67,5,5>, <68,5,1>, <69,5,5>, <70,5,2>, <71,5,3>, <72,5,1>, <73,5,3>, <74,5,2>, <75,5,1>, <76,5,6>, <77,5,3>, <78,5,1>, <80,5,1>, <82,5,2>, <83,5,9>, <84,5,1>, <85,5,9>, <86,5,2>, <87,5,3>, <88,5,2>, <91,5,1>, <92,5,2>, <93,5,1>, <94,5,2>, <95,5,1>, <96,5,2>, <98,5,6>, <99,5,2>, <100,5,2>, <101,5,1>, <102,5,2>, <103,5,2>, <105,5,7>, <106,5,2>, <107,5,1>, <108,5,3>, <109,5,4>, <110,5,1>, <111,5,3>, <112,5,2>, <113,5,3>, <114,5,7>, <115,5,2>, <116,5,3>, <117,5,2>, <118,5,3>, <119,5,1>, <120,5,1>, <121,5,6>, <122,5,4>, <123,5,4>, <124,5,3>, <125,5,3>, <128,5,2>, <129,5,1>, <130,5,2>, <131,5,2>, <132,5,1>, <133,5,4>, <134,5,1>, <135,5,5>, <137,5,1>, <138,5,1>, <139,5,1>, <140,5,3>, <141,5,5>, <143,5,1>, <144,5,2>, <145,5,1>, <146,5,1>, <147,5,3>, <149,5,5>, <150,5,2>, <152,5,1>, <154,5,3>, <155,5,3>, <156,5,2>, <157,5,4>, <159,5,1>, <160,5,1>, <161,5,2>, <163,5,1>, <164,5,1>, <165,5,1>, <169,5,1>, <172,5,2>, <175,5,2>, <176,5,3>, <178,5,1>, <180,5,1>, <181,5,1>, <182,5,2>, <183,5,2>, <184,5,1>, <185,5,2>, <186,5,2>, <188,5,1>, <190,5,1>, <192,5,3>, <193,5,1>, <194,5,1>, <195,5,1>, <196,5,3>, <197,5,1>, <199,5,1>, <200,5,1>, <204,5,1>, <207,5,2>, <208,5,2>, <210,5,1>, <212,5,1>, <216,5,1>, <217,5,2>, <219,5,1>, <220,5,2>, <221,5,1>, <226,5,1>, <227,5,1>, <229,5,1>, <230,5,1>, <231,5,2>, <233,5,1>, <235,5,1>, <236,5,1>, <237,5,1>, <241,5,2>, <244,5,1>, <247,5,1>, <248,5,1>, <250,5,1>, <251,5,1>, <253,5,1>, <257,5,3>, <259,5,1>, <260,5,3>, <262,5,1>, <267,5,1>, <268,5,1>, <269,5,3>, <273,5,1>, <274,5,1>, <276,5,1>, <280,5,1>, <284,5,1>, <287,5,1>, <288,5,2>, <290,5,2>, <293,5,1>, <296,5,1>, <297,5,1>, <299,5,1>, <303,5,2>, <306,5,1>, <307,5,1>, <308,5,1>, <309,5,1>, <312,5,2>, <313,5,1>, <316,5,4>, <320,5,1>, <321,5,1>, <325,5,1>, <326,5,1>, <327,5,1>, <328,5,1>, <333,5,1>, <334,5,3>, <335,5,2>, <338,5,2>, <339,5,1>, <341,5,1>, <342,5,1>, <344,5,1>, <346,5,1>, <348,5,1>, <350,5,2>, <352,5,1>, <355,5,1>, <357,5,1>, <358,5,1>, <359,5,1>, <361,5,1>, <362,5,1>, <364,5,1>, <365,5,1>, <366,5,2>, <367,5,2>, <368,5,1>, <371,5,1>, <373,5,1>, <374,5,2>, <375,5,1>, <380,5,1>, <381,5,2>, <382,5,4>, <384,5,1>, <385,5,2>, <392,5,1>, <396,5,1>, <397,5,1>, <402,5,1>, <403,5,1>, <406,5,1>, <407,5,1>, <408,5,2>, <409,5,1>, <410,5,1>, <413,5,1>, <416,5,1>, <421,5,1>, <423,5,1>, <424,5,1>, <426,5,1>, <429,5,1>, <431,5,1>, <432,5,2>, <434,5,1>, <436,5,1>, <437,5,1>, <442,5,1>, <444,5,1>, <446,5,1>, <448,5,2>, <449,5,2>, <451,5,1>, <453,5,1>, <454,5,1>, <455,5,1>, <456,5,1>, <457,5,1>, <460,5,1>, <464,5,2>, <465,5,1>, <474,5,1>, <476,5,3>, <480,5,1>, <482,5,1>, <483,5,1>, <484,5,1>, <488,5,1>, <491,5,1>, <495,5,1>, <496,5,3>, <498,5,1>, <499,5,1>, <501,5,1>, <502,5,1>, <506,5,1>, <507,5,2>, <509,5,1>, <514,5,1>, <515,5,1>, <517,5,1>, <519,5,1>, <521,5,1>, <523,5,1>, <527,5,3>, <530,5,1>, <532,5,1>, <533,5,1>, <536,5,1>, <537,5,1>, <538,5,2>, <542,5,1>, <543,5,1>, <545,5,1>, <547,5,2>, <554,5,1>, <555,5,1>, <557,5,2>, <559,5,1>, <567,5,1>, <569,5,1>, <570,5,1>, <573,5,3>, <574,5,1>, <576,5,1>, <577,5,1>, <586,5,2>, <587,5,1>, <588,5,1>, <589,5,1>, <591,5,1>, <594,5,1>, <601,5,1>, <603,5,1>, <604,5,1>, <607,5,1>, <612,5,1>, <613,5,1>, <616,5,2>, <620,5,2>, <621,5,1>, <623,5,2>, <626,5,1>, <629,5,1>, <630,5,1>, <632,5,1>, <636,5,2>, <651,5,1>, <654,5,1>, <661,5,1>, <663,5,1>, <665,5,1>, <683,5,1>, <684,5,1>, <686,5,1>, <687,5,1>, <704,5,1>, <706,5,1>, <713,5,1>, <722,5,1>, <723,5,1>, <724,5,1>, <730,5,1>, <735,5,1>, <738,5,1>, <740,5,1>, <741,5,1>, <742,5,1>, <747,5,1>, <751,5,1>, <757,5,1>, <762,5,1>, <774,5,1>, <776,5,1>, <779,5,1>, <795,5,1>, <802,5,1>, <814,5,1>, <815,5,1>, <817,5,1>, <825,5,1>, <830,5,1>, <836,5,2>, <837,5,1>, <849,5,1>, <850,5,1>, <857,5,1>, <860,5,1>, <866,5,1>, <868,5,2>, <869,5,1>, <886,5,1>, <889,5,1>, <893,5,1>, <903,5,1>, <904,5,1>, <906,5,1>, <908,5,1>, <914,5,1>, <915,5,1>, <916,5,1>, <917,5,1>, <922,5,1>, <923,5,1>, <925,5,1>, <933,5,1>, <941,5,1>, <955,5,1>, <964,5,1>, <966,5,1>, <975,5,1>, <976,5,1>, <978,5,1>, <986,5,2>, <995,5,1>, <1,6,316>, <2,6,35>, <3,6,133>, <4,6,38>, <5,6,13>, <6,6,3>, <7,6,28>, <8,6,24>, <9,6,47>, <10,6,37>, <11,6,5>, <12,6,18>, <13,6,8>, <14,6,2>, <15,6,28>, <16,6,3>, <17,6,2>, <18,6,3>, <19,6,2>, <20,6,12>, <21,6,13>, <22,6,3>, <23,6,15>, <24,6,4>, <25,6,16>, <26,6,31>, <27,6,2>, <28,6,10>, <29,6,6>, <30,6,1>, <31,6,3>, <32,6,2>, <33,6,7>, <34,6,4>, <35,6,3>, <36,6,4>, <37,6,2>, <38,6,3>, <39,6,4>, <40,6,2>, <41,6,12>, <42,6,4>, <43,6,8>, <44,6,5>, <45,6,1>, <46,6,6>, <47,6,8>, <48,6,8>, <50,6,2>, <51,6,2>, <52,6,3>, <53,6,7>, <54,6,1>, <55,6,6>, <57,6,5>, <59,6,3>, <60,6,6>, <61,6,2>, <62,6,4>, <63,6,3>, <64,6,5>, <65,6,4>, <66,6,5>, <67,6,1>, <68,6,8>, <69,6,3>, <70,6,5>, <72,6,1>, <73,6,2>, <74,6,3>, <75,6,2>, <77,6,1>, <78,6,2>, <79,6,7>, <81,6,1>, <82,6,1>, <83,6,5>, <84,6,2>, <85,6,1>, <86,6,3>, <87,6,4>, <88,6,4>, <89,6,1>, <90,6,4>, <91,6,1>, <92,6,4>, <93,6,3>, <94,6,1>, <95,6,1>, <96,6,1>, <97,6,5>, <98,6,1>, <100,6,2>, <101,6,5>, <102,6,3>, <103,6,2>, <104,6,1>, <105,6,1>, <106,6,1>, <107,6,5>, <108,6,4>, <110,6,3>, <111,6,1>, <114,6,4>, <115,6,2>, <116,6,2>, <117,6,4>, <118,6,3>, <119,6,2>, <120,6,2>, <121,6,1>, <123,6,1>, <124,6,2>, <125,6,1>, <126,6,1>, <128,6,2>, <129,6,2>, <130,6,3>, <134,6,3>, <135,6,2>, <138,6,2>, <139,6,2>, <140,6,1>, <142,6,1>, <144,6,2>, <147,6,2>, <148,6,2>, <149,6,1>, <150,6,2>, <151,6,4>, <152,6,1>, <153,6,1>, <154,6,1>, <155,6,1>, <156,6,1>, <157,6,1>, <159,6,2>, <160,6,2>, <161,6,2>, <162,6,4>, <163,6,2>, <165,6,3>, <166,6,3>, <167,6,1>, <169,6,1>, <170,6,2>, <172,6,1>, <173,6,2>, <174,6,3>, <175,6,1>, <176,6,4>, <177,6,2>, <178,6,2>, <179,6,5>, <180,6,1>, <181,6,1>, <182,6,1>, <185,6,1>, <186,6,3>, <187,6,2>, <189,6,1>, <190,6,1>, <192,6,1>, <193,6,1>, <195,6,1>, <197,6,1>, <198,6,1>, <199,6,1>, <201,6,1>, <202,6,1>, <203,6,1>, <204,6,1>, <205,6,1>, <207,6,1>, <209,6,1>, <210,6,2>, <211,6,2>, <212,6,1>, <213,6,1>, <215,6,1>, <216,6,3>, <217,6,1>, <218,6,3>, <219,6,1>, <220,6,3>, <221,6,1>, <222,6,7>, <223,6,2>, <228,6,1>, <233,6,1>, <235,6,4>, <237,6,1>, <239,6,1>, <243,6,2>, <245,6,3>, <247,6,1>, <248,6,1>, <249,6,2>, <251,6,1>, <254,6,3>, <257,6,1>, <258,6,1>, <259,6,3>, <260,6,1>, <261,6,1>, <262,6,1>, <263,6,2>, <264,6,2>, <267,6,1>, <268,6,2>, <269,6,1>, <271,6,1>, <273,6,1>, <277,6,2>, <278,6,1>, <280,6,3>, <282,6,1>, <283,6,1>, <284,6,1>, <286,6,1>, <288,6,3>, <290,6,1>, <291,6,3>, <293,6,3>, <294,6,1>, <297,6,2>, <298,6,1>, <300,6,1>, <302,6,1>, <307,6,1>, <311,6,1>, <312,6,1>, <313,6,1>, <317,6,2>, <318,6,1>, <321,6,1>, <324,6,3>, <326,6,3>, <328,6,1>, <331,6,2>, <338,6,1>, <339,6,1>, <342,6,2>, <344,6,1>, <346,6,1>, <347,6,3>, <355,6,1>, <364,6,1>, <365,6,1>, <368,6,1>, <370,6,1>, <375,6,1>, <377,6,1>, <378,6,2>, <380,6,1>, <381,6,1>, <382,6,2>, <383,6,1>, <384,6,1>, <387,6,1>, <389,6,1>, <392,6,2>, <397,6,1>, <399,6,1>, <400,6,1>, <401,6,1>, <409,6,2>, <410,6,1>, <417,6,1>, <419,6,1>, <420,6,1>, <421,6,1>, <424,6,1>, <430,6,1>, <433,6,1>, <436,6,1>, <438,6,1>, <442,6,1>, <444,6,1>, <448,6,1>, <453,6,1>, <456,6,1>, <457,6,1>, <460,6,1>, <462,6,1>, <463,6,1>, <466,6,2>, <469,6,1>, <474,6,1>, <476,6,1>, <480,6,1>, <483,6,1>, <485,6,1>, <490,6,1>, <491,6,1>, <497,6,1>, <506,6,2>, <509,6,1>, <511,6,1>, <512,6,1>, <513,6,1>, <517,6,1>, <530,6,1>, <532,6,1>, <533,6,1>, <534,6,1>, <538,6,1>, <539,6,1>, <540,6,1>, <543,6,2>, <545,6,1>, <554,6,1>, <555,6,1>, <556,6,1>, <561,6,1>, <564,6,1>, <565,6,1>, <570,6,2>, <571,6,1>, <585,6,1>, <589,6,1>, <595,6,1>, <596,6,1>, <601,6,2>, <603,6,1>, <607,6,1>, <611,6,2>, <616,6,1>, <619,6,1>, <620,6,1>, <628,6,2>, <629,6,1>, <630,6,2>, <636,6,1>, <648,6,1>, <650,6,1>, <652,6,1>, <653,6,1>, <666,6,1>, <669,6,1>, <672,6,1>, <674,6,1>, <680,6,1>, <681,6,1>, <684,6,1>, <686,6,2>, <692,6,1>, <698,6,1>, <704,6,1>, <710,6,1>, <711,6,1>, <721,6,1>, <722,6,1>, <723,6,1>, <726,6,1>, <732,6,1>, <733,6,1>, <736,6,1>, <738,6,1>, <741,6,1>, <742,6,1>, <752,6,1>, <755,6,1>, <770,6,3>, <775,6,2>, <779,6,1>, <783,6,1>, <784,6,1>, <788,6,1>, <804,6,2>, <816,6,1>, <817,6,1>, <826,6,1>, <828,6,2>, <835,6,1>, <845,6,1>, <858,6,1>, <859,6,1>, <864,6,1>, <865,6,1>, <866,6,1>, <870,6,1>, <877,6,2>, <881,6,1>, <882,6,1>, <886,6,1>, <890,6,1>, <893,6,1>, <899,6,1>, <903,6,1>, <904,6,1>, <906,6,1>, <925,6,3>, <930,6,1>, <932,6,1>, <938,6,1>, <940,6,1>, <943,6,1>, <944,6,1>, <962,6,1>, <976,6,1>, <978,6,1>, <984,6,1>, <985,6,1>, <1000,6,1>, <1,7,402>, <2,7,99>, <3,7,15>, <4,7,119>, <5,7,25>, <6,7,79>, <7,7,29>, <8,7,59>, <9,7,2>, <10,7,23>, <11,7,17>, <12,7,11>, <13,7,38>, <14,7,28>, <15,7,10>, <16,7,45>, <17,7,3>, <19,7,37>, <20,7,1>, <21,7,22>, <22,7,2>, <24,7,19>, <25,7,29>, <26,7,1>, <27,7,7>, <28,7,1>, <29,7,4>, <30,7,4>, <31,7,2>, <32,7,1>, <33,7,6>, <35,7,1>, <36,7,2>, <37,7,7>, <38,7,4>, <39,7,15>, <40,7,1>, <41,7,5>, <42,7,3>, <43,7,7>, <44,7,6>, <45,7,1>, <46,7,10>, <47,7,1>, <49,7,2>, <50,7,6>, <51,7,1>, <52,7,11>, <53,7,8>, <54,7,6>, <55,7,1>, <56,7,3>, <57,7,2>, <58,7,5>, <59,7,7>, <60,7,10>, <61,7,5>, <62,7,2>, <63,7,2>, <64,7,4>, <65,7,6>, <66,7,2>, <67,7,7>, <68,7,7>, <69,7,1>, <71,7,3>, <72,7,2>, <73,7,1>, <74,7,5>, <76,7,3>, <77,7,1>, <78,7,2>, <80,7,9>, <82,7,1>, <83,7,2>, <84,7,2>, <85,7,1>, <86,7,2>, <87,7,1>, <88,7,8>, <89,7,1>, <91,7,4>, <92,7,5>, <93,7,3>, <94,7,4>, <95,7,3>, <97,7,2>, <98,7,5>, <99,7,4>, <102,7,4>, <103,7,1>, <104,7,2>, <105,7,3>, <106,7,5>, <107,7,5>, <108,7,4>, <109,7,1>, <110,7,6>, <112,7,2>, <114,7,3>, <117,7,1>, <118,7,4>, <119,7,1>, <120,7,1>, <121,7,4>, <122,7,1>, <124,7,2>, <126,7,4>, <128,7,2>, <129,7,5>, <130,7,2>, <131,7,2>, <132,7,1>, <133,7,3>, <135,7,1>, <136,7,1>, <137,7,1>, <139,7,1>, <140,7,2>, <141,7,3>, <142,7,1>, <143,7,1>, <145,7,3>, <146,7,3>, <147,7,5>, <148,7,1>, <149,7,1>, <151,7,2>, <152,7,1>, <153,7,2>, <155,7,2>, <156,7,3>, <157,7,1>, <158,7,1>, <159,7,1>, <160,7,1>, <161,7,1>, <162,7,1>, <163,7,1>, <165,7,1>, <166,7,2>, <167,7,3>, <168,7,1>, <169,7,1>, <170,7,1>, <171,7,3>, <173,7,2>, <177,7,4>, <179,7,2>, <181,7,2>, <182,7,1>, <183,7,1>, <184,7,3>, <185,7,1>, <186,7,1>, <187,7,3>, <188,7,1>, <189,7,1>, <193,7,1>, <195,7,5>, <196,7,1>, <197,7,1>, <198,7,1>, <199,7,1>, <201,7,3>, <204,7,1>, <206,7,2>, <208,7,3>, <210,7,1>, <213,7,1>, <215,7,1>, <216,7,1>, <217,7,1>, <218,7,1>, <219,7,2>, <221,7,1>, <222,7,1>, <223,7,1>, <224,7,1>, <226,7,1>, <230,7,1>, <232,7,1>, <234,7,1>, <237,7,2>, <238,7,1>, <240,7,1>, <244,7,1>, <246,7,2>, <250,7,1>, <251,7,3>, <253,7,2>, <254,7,1>, <257,7,1>, <259,7,1>, <261,7,1>, <263,7,1>, <264,7,1>, <266,7,1>, <268,7,1>, <269,7,1>, <270,7,1>, <272,7,1>, <273,7,2>, <276,7,2>, <277,7,1>, <278,7,1>, <280,7,1>, <281,7,1>, <282,7,1>, <283,7,1>, <284,7,1>, <285,7,2>, <287,7,1>, <288,7,2>, <289,7,2>, <291,7,2>, <292,7,3>, <293,7,1>, <295,7,6>, <296,7,1>, <297,7,2>, <298,7,1>, <299,7,2>, <301,7,1>, <302,7,1>, <303,7,1>, <306,7,2>, <311,7,1>, <312,7,1>, <313,7,1>, <315,7,1>, <322,7,1>, <325,7,1>, <329,7,1>, <332,7,1>, <333,7,1>, <335,7,1>, <339,7,1>, <341,7,1>, <348,7,1>, <352,7,1>, <353,7,1>, <358,7,1>, <359,7,1>, <360,7,3>, <361,7,1>, <362,7,1>, <366,7,2>, <367,7,1>, <370,7,1>, <371,7,1>, <373,7,3>, <376,7,2>, <379,7,1>, <380,7,1>, <383,7,1>, <384,7,2>, <394,7,1>, <395,7,1>, <402,7,1>, <420,7,1>, <421,7,1>, <423,7,1>, <424,7,1>, <432,7,1>, <436,7,1>, <438,7,1>, <440,7,1>, <442,7,1>, <443,7,2>, <448,7,1>, <452,7,1>, <453,7,1>, <454,7,1>, <461,7,1>, <463,7,1>, <467,7,1>, <469,7,2>, <473,7,1>, <482,7,1>, <483,7,1>, <484,7,1>, <485,7,1>, <486,7,1>, <492,7,1>, <493,7,1>, <498,7,1>, <501,7,1>, <513,7,1>, <516,7,1>, <517,7,1>, <518,7,2>, <519,7,1>, <521,7,1>, <525,7,1>, <529,7,1>, <532,7,2>, <533,7,1>, <534,7,1>, <536,7,1>, <540,7,2>, <542,7,1>, <556,7,1>, <563,7,1>, <564,7,1>, <566,7,1>, <569,7,3>, <570,7,1>, <587,7,2>, <588,7,1>, <589,7,1>, <594,7,1>, <602,7,1>, <604,7,1>, <607,7,1>, <609,7,1>, <611,7,1>, <613,7,1>, <614,7,1>, <618,7,1>, <620,7,2>, <623,7,1>, <625,7,1>, <627,7,1>, <628,7,1>, <634,7,1>, <638,7,1>, <643,7,2>, <650,7,1>, <653,7,1>, <659,7,1>, <661,7,1>, <662,7,1>, <663,7,1>, <669,7,1>, <672,7,1>, <677,7,1>, <681,7,1>, <684,7,1>, <687,7,1>, <688,7,2>, <698,7,2>, <704,7,1>, <710,7,1>, <711,7,1>, <713,7,1>, <725,7,1>, <726,7,1>, <727,7,2>, <729,7,1>, <734,7,1>, <746,7,1>, <750,7,1>, <751,7,2>, <759,7,1>, <766,7,1>, <780,7,1>, <783,7,1>, <787,7,1>, <799,7,1>, <802,7,1>, <804,7,1>, <812,7,1>, <814,7,1>, <823,7,1>, <825,7,1>, <826,7,1>, <830,7,1>, <832,7,1>, <835,7,1>, <837,7,1>, <848,7,1>, <849,7,1>, <851,7,1>, <853,7,1>, <866,7,1>, <879,7,1>, <881,7,1>, <889,7,2>, <890,7,1>, <899,7,2>, <903,7,1>, <906,7,1>, <909,7,1>, <911,7,1>, <914,7,1>, <917,7,1>, <919,7,1>, <920,7,1>, <922,7,2>, <943,7,1>, <955,7,1>, <975,7,1>, <976,7,1>, <983,7,1>, <985,7,1>, <995,7,1>, <998,7,1>, <999,7,1>, <1,8,213>, <2,8,193>, <3,8,8>, <4,8,36>, <5,8,25>, <6,8,32>, <7,8,41>, <8,8,2>, <9,8,16>, <10,8,18>, <11,8,21>, <12,8,15>, <13,8,4>, <14,8,3>, <15,8,10>, <16,8,9>, <17,8,24>, <18,8,13>, <19,8,4>, <20,8,11>, <21,8,5>, <22,8,3>, <23,8,4>, <24,8,3>, <25,8,5>, <26,8,4>, <27,8,6>, <28,8,5>, <29,8,9>, <30,8,11>, <31,8,10>, <32,8,15>, <33,8,4>, <34,8,26>, <35,8,9>, <36,8,6>, <37,8,6>, <38,8,5>, <39,8,8>, <40,8,10>, <41,8,2>, <42,8,2>, <43,8,4>, <44,8,4>, <45,8,2>, <47,8,2>, <48,8,12>, <49,8,14>, <50,8,2>, <51,8,7>, <52,8,3>, <53,8,6>, <54,8,8>, <55,8,4>, <56,8,12>, <57,8,5>, <58,8,6>, <60,8,1>, <61,8,1>, <62,8,3>, <63,8,16>, <64,8,1>, <65,8,2>, <66,8,2>, <68,8,3>, <69,8,5>, <70,8,3>, <71,8,1>, <72,8,6>, <73,8,3>, <74,8,1>, <75,8,4>, <76,8,7>, <77,8,4>, <79,8,1>, <80,8,3>, <81,8,2>, <82,8,1>, <83,8,1>, <85,8,3>, <86,8,4>, <87,8,3>, <88,8,3>, <89,8,1>, <91,8,1>, <92,8,1>, <93,8,1>, <95,8,1>, <96,8,3>, <97,8,8>, <98,8,1>, <99,8,2>, <100,8,1>, <102,8,2>, <105,8,1>, <106,8,2>, <107,8,1>, <108,8,1>, <111,8,5>, <112,8,1>, <113,8,1>, <114,8,3>, <115,8,5>, <116,8,4>, <117,8,1>, <120,8,1>, <124,8,1>, <125,8,6>, <126,8,1>, <128,8,5>, <129,8,2>, <130,8,1>, <131,8,2>, <132,8,3>, <133,8,2>, <134,8,2>, <135,8,2>, <136,8,1>, <137,8,3>, <138,8,1>, <140,8,2>, <142,8,2>, <143,8,5>, <145,8,2>, <147,8,2>, <148,8,1>, <149,8,1>, <150,8,3>, <151,8,2>, <152,8,1>, <155,8,1>, <158,8,1>, <159,8,1>, <160,8,1>, <161,8,2>, <162,8,1>, <163,8,2>, <165,8,5>, <166,8,4>, <172,8,4>, <173,8,2>, <175,8,1>, <176,8,3>, <177,8,1>, <178,8,2>, <180,8,1>, <184,8,1>, <185,8,1>, <186,8,1>, <187,8,1>, <188,8,1>, <189,8,1>, <191,8,2>, <193,8,1>, <194,8,2>, <195,8,3>, <196,8,2>, <197,8,1>, <199,8,2>, <200,8,2>, <201,8,1>, <203,8,1>, <205,8,3>, <207,8,4>, <210,8,1>, <212,8,2>, <213,8,1>, <216,8,2>, <217,8,3>, <218,8,1>, <219,8,6>, <227,8,1>, <228,8,1>, <229,8,1>, <230,8,1>, <231,8,2>, <232,8,1>, <233,8,1>, <234,8,1>, <237,8,1>, <238,8,1>, <239,8,1>, <241,8,1>, <242,8,1>, <243,8,1>, <244,8,2>, <245,8,2>, <246,8,1>, <248,8,1>, <250,8,1>, <251,8,2>, <252,8,1>, <255,8,1>, <257,8,1>, <258,8,1>, <259,8,1>, <261,8,1>, <262,8,1>, <263,8,1>, <264,8,2>, <265,8,2>, <266,8,1>, <268,8,1>, <269,8,1>, <274,8,2>, <275,8,1>, <276,8,1>, <277,8,2>, <280,8,2>, <283,8,1>, <285,8,1>, <291,8,2>, <295,8,3>, <296,8,1>, <298,8,3>, <303,8,2>, <308,8,1>, <309,8,1>, <310,8,2>, <313,8,1>, <314,8,1>, <316,8,1>, <320,8,1>, <322,8,1>, <325,8,1>, <327,8,3>, <328,8,2>, <329,8,1>, <330,8,2>, <331,8,1>, <334,8,1>, <337,8,1>, <338,8,1>, <342,8,1>, <343,8,1>, <346,8,1>, <347,8,1>, <350,8,2>, <353,8,1>, <354,8,1>, <355,8,1>, <359,8,2>, <366,8,1>, <367,8,1>, <368,8,1>, <370,8,1>, <371,8,1>, <372,8,1>, <373,8,1>, <374,8,1>, <376,8,4>, <380,8,1>, <381,8,1>, <383,8,1>, <384,8,1>, <385,8,1>, <386,8,1>, <390,8,1>, <392,8,2>, <394,8,1>, <395,8,1>, <396,8,1>, <397,8,1>, <398,8,1>, <404,8,2>, <408,8,1>, <412,8,1>, <416,8,2>, <422,8,1>, <428,8,1>, <433,8,2>, <434,8,1>, <435,8,1>, <436,8,1>, <438,8,1>, <440,8,1>, <442,8,1>, <446,8,2>, <447,8,2>, <451,8,2>, <453,8,1>, <454,8,1>, <457,8,1>, <461,8,1>, <464,8,1>, <469,8,1>, <473,8,2>, <476,8,2>, <480,8,1>, <485,8,2>, <488,8,1>, <491,8,1>, <495,8,1>, <497,8,1>, <506,8,1>, <507,8,1>, <508,8,1>, <511,8,1>, <512,8,1>, <514,8,1>, <518,8,1>, <519,8,2>, <527,8,1>, <529,8,1>, <531,8,1>, <532,8,1>, <533,8,1>, <540,8,2>, <547,8,1>, <551,8,1>, <552,8,1>, <555,8,1>, <559,8,1>, <560,8,1>, <564,8,1>, <565,8,1>, <568,8,1>, <569,8,1>, <570,8,1>, <572,8,1>, <574,8,1>, <577,8,1>, <578,8,1>, <586,8,1>, <588,8,1>, <592,8,1>, <599,8,1>, <601,8,1>, <607,8,1>, <611,8,1>, <612,8,1>, <617,8,1>, <618,8,1>, <619,8,1>, <621,8,1>, <622,8,1>, <626,8,1>, <628,8,1>, <630,8,1>, <634,8,1>, <635,8,1>, <640,8,1>, <643,8,1>, <645,8,1>, <646,8,1>, <648,8,1>, <652,8,1>, <656,8,3>, <661,8,1>, <672,8,1>, <677,8,1>, <680,8,1>, <688,8,1>, <698,8,1>, <699,8,1>, <700,8,2>, <704,8,2>, <706,8,1>, <711,8,1>, <713,8,1>, <714,8,1>, <715,8,1>, <717,8,1>, <719,8,1>, <720,8,1>, <725,8,1>, <727,8,1>, <728,8,1>, <729,8,1>, <732,8,1>, <736,8,1>, <749,8,1>, <750,8,1>, <751,8,1>, <762,8,1>, <779,8,1>, <784,8,1>, <805,8,1>, <809,8,1>, <815,8,1>, <817,8,1>, <825,8,1>, <828,8,1>, <830,8,1>, <832,8,1>, <833,8,1>, <836,8,2>, <837,8,1>, <851,8,2>, <853,8,2>, <859,8,1>, <865,8,1>, <866,8,1>, <877,8,1>, <878,8,1>, <882,8,1>, <890,8,1>, <906,8,1>, <911,8,2>, <916,8,1>, <919,8,1>, <930,8,1>, <934,8,1>, <941,8,1>, <949,8,1>, <966,8,1>, <969,8,1>, <975,8,1>, <976,8,1>, <978,8,1>, <1000,8,1>, <1,9,20>, <2,9,56>, <3,9,32>, <4,9,20>, <5,9,106>, <6,9,30>, <7,9,26>, <8,9,45>, <9,9,4>, <10,9,18>, <12,9,23>, <13,9,34>, <14,9,39>, <15,9,30>, <16,9,10>, <17,9,17>, <18,9,9>, <19,9,5>, <20,9,14>, <21,9,4>, <22,9,35>, <23,9,9>, <24,9,1>, <25,9,4>, <26,9,9>, <27,9,21>, <28,9,13>, <29,9,3>, <30,9,14>, <31,9,9>, <32,9,12>, <33,9,14>, <34,9,6>, <35,9,5>, <36,9,11>, <38,9,8>, <39,9,2>, <40,9,10>, <41,9,3>, <42,9,3>, <43,9,7>, <44,9,13>, <45,9,2>, <46,9,5>, <49,9,2>, <50,9,2>, <51,9,15>, <52,9,6>, <54,9,11>, <56,9,8>, <57,9,2>, <58,9,1>, <59,9,3>, <62,9,1>, <63,9,1>, <64,9,2>, <65,9,5>, <66,9,5>, <67,9,8>, <68,9,1>, <69,9,1>, <70,9,5>, <71,9,1>, <72,9,3>, <73,9,7>, <74,9,5>, <76,9,3>, <77,9,7>, <79,9,2>, <80,9,1>, <81,9,7>, <82,9,6>, <83,9,2>, <84,9,3>, <85,9,2>, <86,9,1>, <89,9,2>, <90,9,1>, <91,9,3>, <92,9,7>, <93,9,4>, <94,9,8>, <95,9,2>, <96,9,5>, <97,9,5>, <98,9,1>, <99,9,2>, <100,9,1>, <101,9,1>, <102,9,2>, <103,9,2>, <104,9,1>, <105,9,4>, <106,9,1>, <107,9,1>, <108,9,1>, <109,9,1>, <110,9,1>, <111,9,1>, <112,9,3>, <113,9,1>, <116,9,5>, <117,9,1>, <119,9,2>, <120,9,2>, <122,9,2>, <123,9,3>, <125,9,5>, <127,9,1>, <129,9,4>, <130,9,2>, <131,9,1>, <132,9,2>, <133,9,2>, <134,9,1>, <135,9,1>, <136,9,2>, <137,9,2>, <138,9,2>, <139,9,1>, <140,9,1>, <141,9,1>, <142,9,3>, <143,9,5>, <145,9,2>, <146,9,2>, <147,9,1>, <148,9,4>, <149,9,1>, <150,9,3>, <151,9,4>, <153,9,1>, <154,9,2>, <155,9,3>, <156,9,1>, <157,9,1>, <160,9,1>, <161,9,1>, <164,9,1>, <165,9,1>, <166,9,4>, <167,9,1>, <170,9,1>, <171,9,2>, <173,9,1>, <174,9,3>, <175,9,1>, <176,9,1>, <177,9,1>, <180,9,1>, <181,9,1>, <182,9,4>, <183,9,2>, <186,9,1>, <187,9,1>, <189,9,4>, <190,9,1>, <191,9,1>, <192,9,1>, <193,9,1>, <196,9,1>, <197,9,2>, <198,9,1>, <199,9,2>, <201,9,2>, <202,9,4>, <203,9,1>, <204,9,1>, <206,9,4>, <209,9,1>, <210,9,1>, <215,9,1>, <216,9,1>, <217,9,1>, <220,9,1>, <221,9,1>, <223,9,1>, <227,9,2>, <228,9,1>, <230,9,1>, <233,9,1>, <234,9,2>, <235,9,1>, <236,9,1>, <237,9,1>, <239,9,1>, <241,9,2>, <242,9,1>, <243,9,2>, <245,9,2>, <247,9,1>, <249,9,2>, <251,9,1>, <254,9,2>, <257,9,1>, <259,9,2>, <261,9,5>, <263,9,1>, <264,9,1>, <267,9,1>, <268,9,4>, <269,9,1>, <271,9,1>, <272,9,1>, <273,9,3>, <274,9,1>, <277,9,1>, <282,9,1>, <285,9,1>, <286,9,1>, <287,9,2>, <289,9,4>, <293,9,2>, <294,9,3>, <295,9,1>, <296,9,2>, <300,9,2>, <302,9,1>, <303,9,1>, <306,9,1>, <307,9,1>, <308,9,1>, <309,9,2>, <311,9,1>, <312,9,1>, <313,9,1>, <315,9,1>, <324,9,1>, <325,9,1>, <326,9,1>, <329,9,2>, <330,9,2>, <331,9,1>, <341,9,1>, <342,9,1>, <346,9,2>, <350,9,1>, <351,9,1>, <354,9,1>, <355,9,1>, <357,9,1>, <361,9,1>, <362,9,1>, <367,9,1>, <368,9,2>, <371,9,1>, <373,9,1>, <375,9,1>, <377,9,4>, <378,9,1>, <380,9,1>, <383,9,1>, <384,9,1>, <386,9,1>, <387,9,1>, <388,9,1>, <390,9,1>, <391,9,1>, <392,9,1>, <396,9,1>, <397,9,1>, <401,9,1>, <403,9,1>, <413,9,1>, <416,9,1>, <420,9,1>, <421,9,3>, <423,9,1>, <431,9,1>, <432,9,2>, <436,9,1>, <437,9,1>, <449,9,1>, <450,9,1>, <451,9,1>, <452,9,1>, <453,9,1>, <454,9,1>, <455,9,1>, <456,9,2>, <460,9,3>, <461,9,1>, <466,9,1>, <469,9,1>, <473,9,1>, <477,9,1>, <480,9,1>, <484,9,1>, <485,9,1>, <495,9,1>, <496,9,1>, <499,9,1>, <502,9,1>, <507,9,1>, <513,9,1>, <517,9,2>, <523,9,1>, <532,9,3>, <534,9,1>, <536,9,1>, <539,9,1>, <542,9,2>, <547,9,1>, <553,9,1>, <555,9,1>, <557,9,1>, <561,9,1>, <567,9,1>, <569,9,1>, <571,9,1>, <575,9,1>, <577,9,1>, <586,9,1>, <595,9,1>, <596,9,1>, <601,9,1>, <602,9,2>, <611,9,1>, <613,9,1>, <616,9,1>, <622,9,1>, <625,9,1>, <626,9,1>, <631,9,1>, <641,9,1>, <646,9,1>, <655,9,3>, <666,9,1>, <668,9,1>, <669,9,1>, <672,9,1>, <674,9,1>, <688,9,1>, <689,9,1>, <698,9,1>, <699,9,1>, <720,9,1>, <722,9,1>, <724,9,1>, <725,9,1>, <726,9,2>, <727,9,1>, <730,9,2>, <741,9,1>, <748,9,2>, <750,9,1>, <751,9,1>, <757,9,2>, <759,9,2>, <767,9,1>, <770,9,1>, <772,9,3>, <779,9,1>, <799,9,1>, <801,9,1>, <802,9,1>, <808,9,1>, <809,9,1>, <817,9,1>, <820,9,2>, <821,9,2>, <823,9,1>, <825,9,1>, <832,9,1>, <835,9,1>, <837,9,1>, <838,9,1>, <864,9,1>, <865,9,1>, <868,9,1>, <879,9,1>, <888,9,1>, <889,9,2>, <890,9,1>, <893,9,1>, <904,9,1>, <910,9,1>, <920,9,1>, <926,9,1>, <932,9,2>, <933,9,1>, <935,9,1>, <954,9,1>, <958,9,1>, <964,9,1>, <971,9,1>, <974,9,1>, <977,9,1>, <978,9,1>, <984,9,1>, <993,9,1> };

MaxCacheStorageAtSingleAS= [ 0  0  0  0  1312.5  1312.5  1312.5  1312.5  1312.5  0 ] ;

MaxCacheStorage = 6562.5 ;
SolutionGap = 0.01 ;
