0 10 0	0 10 0	0 10 0
10095 10 0.2992527736794762	10131 9 0.2992527736794762	9970 10 0.2992527736794762
19970 10 0.2992527736794762	20032 8 0.2955746526080493	20052 10 0.2976180532032865
29723 10 0.2991598918342381	30024 8 0.2919873493408551	29949 11 0.2979710042151911
39878 9 0.3020206526675702	39982 9 0.2945880410075206	39873 10 0.2975623240961437
49898 9 0.2985840243937622	50055 8 0.2977666641556674	49941 10 0.2979710042151911
59871 9 0.3015624355643958	60097 8 0.2971887326741861	60029 10 0.2967676683091069
69851 9 0.2980886545524926	70041 8 0.2971887326741861	69920 10 0.293804737446013
79890 9 0.3037289641442177	79854 9 0.2971887326741861	79870 10 0.2947923810670443
89965 11 0.2978275533653233	89748 8 0.3001630157628092	89770 10 0.293804737446013
99904 9 0.3109737480727859	99629 9 0.2993683599757724	99816 10 0.2967676683091069
109889 10 0.3026021962208107	109696 9 0.3023426430643955	109747 10 0.2971763484281544
120043 9 0.3081710242166218	119797 9 0.3040454768937598	119746 10 0.2969493039175725
129889 9 0.3046916408077043	129922 9 0.3042498169532835	129651 11 0.298945549114458
139938 9 0.3070245231539335	139998 10 0.3038184323831779	139786 11 0.3040664348485828
149923 10 0.3068201830944097	150095 10 0.3064958111118092	149827 10 0.3040664348485828
160078 10 0.3100369910011543	160146 10 0.3088797784729192	159774 10 0.3018744233009646
170202 10 0.3131352639815951	170290 10 0.3104123289193471	169816 9 0.3045081396237148
180169 10 0.3115765160916385	180215 10 0.3088797784729192	179909 9 0.3016473787903827
190020 11 0.3107512966204851	190229 9 0.3109231790681564	189737 9 0.301443038730859
200191 12 0.315544464811039	200268 9 0.3102630034912336	199707 10 0.3038393903380008
210196 10 0.3201988772779681	210278 8 0.3080624182348244	209864 10 0.3090841185324429
220248 11 0.3100847588072768	220143 8 0.3065639244649838	220081 10 0.3088286934580383
230337 10 0.3177038939970736	230299 9 0.308764509721393	230046 11 0.3088286934580383
240257 10 0.3142321770261757	240252 9 0.3117160883589579	240177 11 0.3114293851247038
250170 10 0.3159374434752963	250365 9 0.3132486388053857	250238 12 0.3106914904653125
259985 11 0.3146035569756275	260503 8 0.3110480535489764	260121 12 0.3152760430828319
269987 10 0.317255333657174	270644 9 0.3103254407316436	270230 12 0.3168596785441407
279966 10 0.3146035569756275	280808 9 0.3117160883589579	280252 12 0.3165085704259908
290006 10 0.3157331034157726	290774 9 0.3097425476131305	290490 12 0.3165085704259908
300073 10 0.3184860181065782	300661 9 0.3094587419749031	300415 12 0.3143079851695815
310095 11 0.3174943201192865	310682 9 0.3094587419749031	310419 12 0.3149145183621361
320022 11 0.3207818214304622	320753 10 0.3109685879702728	320339 13 0.3148634333472551
330017 11 0.3195121186674388	330821 10 0.313810573969076	330334 13 0.3168369740930825
340020 10 0.3200821115296689	340855 11 0.3133979642334992	340385 13 0.3150489985722499
349946 10 0.3174814198630034	350820 11 0.3139836358687503	350394 14 0.31335926346465
359833 10 0.3174814198630034	360604 11 0.3162824615383921	360545 14 0.3173762048057145
369805 12 0.3172259947885988	370694 11 0.3171989868053735	370635 13 0.3206495753746234
379676 11 0.3224660788907789	380628 11 0.31529748902925	380598 14 0.314821954061668
389727 12 0.3167801619314561	390628 12 0.3124697528520025	390506 13 0.3190659399133144
399666 11 0.320872639234695	400568 11 0.31768145639036	400412 13 0.3170225393180773
409668 12 0.3195103721712035	410549 12 0.3166597560927414	410264 13 0.3168653546569052
419807 11 0.3188576192032805	420514 11 0.3192991485282561	420240 14 0.3188615998537908
429942 12 0.3188885798183599	430486 11 0.3166597560927414	430150 13 0.3187044151926187
439820 11 0.3192291465842327	440486 11 0.318165419689232	440068 12 0.3182762741155214
449895 12 0.3202766473944175	450320 11 0.318165419689232	450041 13 0.3181555787506928
459970 12 0.3211280643090996	460253 10 0.318165419689232	460103 13 0.3200642496363539
469786 12 0.3189881697968652	470445 10 0.3174378452348672	470190 12 0.3222648348927631
479836 13 0.3191170986439456	480347 10 0.3185763112807851	480017 13 0.3182762741155213
489666 13 0.3206989876090192	490184 10 0.3179924825392887	490008 13 0.3185033186261033
499434 13 0.3197454006645752	500224 10 0.3170583565528945	499940 13 0.3202498148613487
509448 13 0.320676283157961	510189 10 0.3183371069543096	510045 13 0.3206130860782798
519511 14 0.3191453544580373	520219 11 0.3198427705508002	520131 14 0.3203576610038752
529466 14 0.3205303259725869	530405 10 0.3215677191052212	530068 14 0.3220604948332395
539327 14 0.3233229734527444	540461 10 0.3213023424045411	540216 15 0.3223159199076441
549472 15 0.3176583376634569	550548 10 0.3200885931787986	550142 14 0.3226905433501043
559434 15 0.3225981775151175	560521 10 0.3200885931787986	560227 14 0.3219242681268903
569357 15 0.3186476030309923	570667 10 0.3190182404860554	570234 14 0.3239676687221275
579273 16 0.3215579008484513	580680 10 0.3185219860557835	580329 13 0.3239676687221276
589139 17 0.3177499436591725	590636 9 0.3199102010633414	590406 13 0.3226905433501043
599090 17 0.3194327441493678	600821 10 0.3180427599638052	600342 12 0.3235760169413737
609011 18 0.3214379599860071	610668 10 0.3173135464180539	610284 13 0.3231634072057969
619041 17 0.3206092475223831	620677 10 0.3189963469082492	620212 13 0.3254775147174972
629119 18 0.322540157882832	630546 10 0.3187693023976673	630185 14 0.3257045592280791
639148 18 0.3239194532846171	640530 11 0.3185422578870855	640204 14 0.3257329397919018
649289 18 0.3207998027366215	650535 11 0.3193265934690957	650243 14 0.3290534657591623
659275 19 0.3238829639882735	660647 11 0.3212078194139172	660079 15 0.3257329397919018
669359 18 0.3227992881436276	670580 12 0.3201496298199551	669907 15 0.3288320973613449
679335 18 0.3212181396189436	680484 12 0.3227379372405888	680019 14 0.3300362441406811
689315 18 0.3218782641618855	690638 11 0.3231920262617526	690060 14 0.3281290702517931
699178 18 0.3240045949760852	700693 11 0.3240491192891994	700268 15 0.3257329397919018
709214 18 0.3212232997214569	710588 11 0.3224338597710595	710180 14 0.3270279043754708
719350 18 0.325877712188386	720654 12 0.3218135417332196	720177 15 0.3272654902383298
729366 19 0.3249411535822356	730537 13 0.323942084019925	730199 14 0.3300362441406811
739471 19 0.3269576673275355	740638 13 0.3258872442019297	740326 14 0.3268519448797698
749417 20 0.3199239315917582	750734 14 0.3245047053071362	750291 15 0.3278736451773884
759213 19 0.3286434728186061	760872 14 0.3278455031056986	760368 15 0.3311717051857236
769239 20 0.3203240380020145	770816 15 0.3297526769945867	770404 15 0.3300362441406811
779194 18 0.3269218641547129	780764 15 0.3307232922773243	780308 15 0.3314271302601283
789319 19 0.323317785331575	790773 16 0.3319370415030667	790333 15 0.3314271302601282
799408 17 0.3251779479707241	800777 16 0.3322193534274086	800372 16 0.3315122719515964
809487 18 0.3223359652548086	810705 16 0.3340826121280657	810349 16 0.3316174469822337
819535 18 0.3237063410508209	820750 17 0.3342869521875894	820261 16 0.3326191139406832
829550 18 0.3217480821470519	830796 16 0.3373606387972319	830359 17 0.3336124336744791
839559 19 0.3239333855614027	840631 16 0.3356778383070366	840455 17 0.333507258643842
849497 19 0.3263365384164436	850412 17 0.3330367136655035	850606 17 0.3339613476650058
859521 19 0.3251471347871451	860408 16 0.3366066547054178	860581 17 0.3355506592390791
869478 20 0.3238700094151219	870210 16 0.3343278623749451	870608 17 0.3337626837182466
879377 20 0.3255785193572507	880131 17 0.3342402880637206	880413 17 0.3355506592390791
889337 20 0.324783863570214	890091 17 0.336536108732487	890335 18 0.3370563228355696
899257 20 0.3258704337279989	900129 16 0.3342402880637205	900287 18 0.3383902093352383
909365 21 0.3230145154524101	910074 16 0.3342402880637206	910327 18 0.3379835174874467
919304 21 0.326948895153263	920117 17 0.3350576483018154	920249 17 0.3383467887043778
929374 21 0.3219928151547915	930131 16 0.3350576483018154	930171 17 0.3377831037615647
939401 21 0.324278542102669	940141 17 0.3348533082422917	940085 18 0.3379348650923221
949303 21 0.3219229553053817	950387 17 0.3382461123885013	950075 18 0.340584670847495
959299 21 0.3274287846869929	960441 17 0.3392905171371781	960078 18 0.3403292457730903
969353 22 0.3284602381454058	970384 17 0.3373606387972318	969875 19 0.338739934199017
979256 22 0.3296161011083682	980269 18 0.3372925254440573	979906 18 0.3429733754154987
989372 22 0.3312183129387246	990120 18 0.3382888501787285	989827 17 0.3409422659516615
999351 23 0.3322400132363432	1000066 19 0.3392424371231725	999828 16 0.3397616344966356
1009325 22 0.3306684703630979	1010199 18 0.3407481007196631	1009767 16 0.3375987970412099
1019311 23 0.3321135907247692	1020074 19 0.3407549542304314	1019867 15 0.3397330154406799
1029300 23 0.3309053190684551	1030119 19 0.342147095571631	1029757 15 0.3379450399198474
1039422 23 0.3319270193660737	1040144 18 0.3424309012098584	1039844 14 0.336355728345774
1049197 24 0.3300408034320085	1050179 19 0.3417117846678838	1049770 15 0.3373382118642921
1059345 23 0.3310756024513915	1060310 19 0.3423092702220467	1059870 14 0.3372473940600594
1069479 23 0.3303529896340587	1070456 19 0.3436096160553794	1069913 15 0.3374013894672366
1079334 23 0.3329072403781052	1080474 18 0.3409183841025994	1080026 14 0.3381134066932789
1089239 23 0.3294002135628666	1090483 18 0.3399235706549182	1089932 14 0.3362743461575655
1099162 23 0.3325854484467611	1100464 18 0.3392424371231725	1099843 14 0.3362743461575655
1109058 24 0.3294473689612183	1110450 19 0.3389505227524244	1109860 15 0.3360907797997452
1119023 23 0.3317495118396186	1120632 18 0.3395050320242272	1119746 14 0.3366373788823635
1128917 23 0.3243674465024294	1130680 18 0.3386805019594823	1129679 14 0.3351388851125229
1138983 22 0.3307618682185874	1140673 18 0.3392997142610693	1139514 15 0.3360907797997452
1149090 22 0.3276085036859535	1150745 18 0.3386805019594823	1149473 14 0.3377425286142285
1158936 22 0.33016275443	1160794 18 0.3366881863791261	1159398 15 0.3365297712319701
1169003 21 0.329530273293379	1170762 18 0.3368414414237688	1169441 16 0.3384734344172016
1178887 20 0.3290837259605038	1180649 19 0.3368414414237688	1179338 16 0.3402614099380342
1188754 20 0.3275356952065362	1190614 19 0.3363037044250222	1189520 16 0.3391034829340664
1198750 20 0.3276816523919103	1200702 19 0.3379213965629183	1199547 15 0.340809560256439
1208718 20 0.3293713874995102	1210593 19 0.3361504493803794	1209493 16 0.3401486280452777
1218576 20 0.3295076142058594	1220704 19 0.336218562733554	1219621 16 0.3410608604538657
1228730 20 0.3271480977920428	1230524 19 0.3353183233104775	1229573 16 0.3425665240503563
1238781 20 0.3270799844388682	1240474 19 0.3374507952137122	1239520 17 0.3429339776661665
1248745 20 0.3274205512047411	1250340 19 0.3342904308898431	1249445 16 0.3438406444215041
1258529 18 0.3279793903069233	1260246 20 0.3350799265743664	1259313 17 0.3425665240503563
1268581 19 0.3248390062342429	1270105 19 0.3352099611576997	1269245 18 0.3454413082211066
1278761 19 0.3239607024696235	1280008 20 0.3372805118307757	1279179 17 0.3460624371321985
1288755 19 0.3289329772513673	1289990 20 0.3381659854220452	1288970 17 0.3443223031332386
1298737 18 0.3259220574349004	1299869 21 0.3387286609482699	1298974 17 0.3430784940752682
1308699 19 0.3255232358274967	1309804 21 0.3400909280117613	1309137 18 0.343621708643443
1318680 19 0.3264612881475324	1319918 21 0.3392735677736665	1319116 18 0.3452110202175164
1328729 19 0.326052608028485	1330073 21 0.3378903427553521	1329347 19 0.3464030038980714
1338600 18 0.3263445223992332	1339947 21 0.3388552819253252	1339264 19 0.3456002393785139
1348484 19 0.3247739889425764	1349939 21 0.340647187062687	1349218 19 0.3454834736302146
1358536 18 0.326685089165106	1359774 20 0.340874231573269	1359178 20 0.3460160893242113
1368582 19 0.3275706907889943	1369673 21 0.3401454186943009	1369144 20 0.3457218703663257
1378671 18 0.3287357876196119	1379752 21 0.3420525925831891	1379005 20 0.3469138540468807
1388813 19 0.3272301240231214	1389898 22 0.3418255480726072	1389128 20 0.3466219396761325
1398620 19 0.3309625703195499	1399988 21 0.342598015418837	1399132 21 0.3462813729102596
1408662 19 0.3302722676825691	1409922 21 0.3422342281916546	1409043 20 0.3479355543444992
1418681 19 0.3319102316517672	1419850 22 0.3429939540539864	1419073 20 0.346935619592068
1428696 19 0.3319467209481108	1429895 22 0.3461201161599152	1429000 20 0.3456002393785139
1438770 20 0.3319467209481108	1439931 23 0.3437153363853353	1439090 20 0.3456002393785139
1448819 19 0.3333771013647768	1449865 22 0.3449591454433057	1449074 19 0.3467653362091316
1458709 20 0.3331143784311034	1459804 22 0.3452819435083504	1459120 19 0.3474464697408773
1468842 20 0.3347842049492655	1469867 22 0.346303643805969	1469123 19 0.3488087368043687
1478895 20 0.3358869925720918	1479999 22 0.3452138301551759	1479202 20 0.3484681700384959
1488925 20 0.3358869925720918	1490050 22 0.3452138301551759	1489223 20 0.3490471335404797
1498857 20 0.3352189577621105	1499995 23 0.3452138301551759	1499284 19 0.3504094006039712
1508741 20 0.3360086235599035	1509929 23 0.3475171802625286	1509251 19 0.3497685158718287
1518681 20 0.3359682046470308	1519987 23 0.3472749994512412	1519182 19 0.3489790201873052
1528537 21 0.3359195522519061	1530048 24 0.3487710606013256	1529294 19 0.3478210931833375
1538466 21 0.3393252199106347	1539786 24 0.3488537696730376	1539256 18 0.3481616599492103
1548542 22 0.335783325545557	1549902 23 0.3504041275320601	1549262 19 0.3479842067396239
1558576 21 0.3410342458630149	1559808 24 0.3500295040895999	1559258 18 0.3490811902170671
1568528 21 0.3379824138051932	1569768 24 0.3496603182677713	1569353 18 0.3466219396761325
1578691 21 0.3403380006024805	1579849 23 0.3494521941330712	1579416 18 0.347255393860656
1588802 21 0.3367563734480509	1589992 24 0.3489791847360256	1589528 18 0.3478820367098621
1598985 21 0.3395263164771501	1600060 25 0.3494521941330712	1599386 18 0.3482089808051
1609229 20 0.3381445884556089	1610040 25 0.3514278820419172	1609257 17 0.348764366607908
1619201 22 0.3386100297023017	1619913 26 0.3503275894137126	1619166 17 0.3489460022163736
1629179 21 0.3398219903511579	1629910 26 0.3515551267676279	1629209 18 0.3469942926734868
1639147 22 0.3385216445178252	1639971 26 0.353825571873447	1639166 18 0.3481749241285127
1649257 21 0.3405882655743719	1649977 26 0.3542039793910835	1649234 18 0.3480727540987508
1659260 22 0.338655438604418	1660058 25 0.3511842874003441	1659339 17 0.3472690165312909
1669263 21 0.3432055626837114	1669836 26 0.3520819864652602	1669388 18 0.3477775962349944
1679219 22 0.3396428804770804	1679744 25 0.3537952992720361	1679358 17 0.3488560576602585
1689223 21 0.343163763799355	1689679 25 0.3533761401755772	1689283 18 0.3472667460861851
1699085 21 0.3416079928916176	1699697 25 0.3531789699427034	1699291 17 0.3481749241285128
1709182 21 0.3423085873814133	1709577 25 0.3533761401755772	1709270 17 0.3480159929711054
1719087 21 0.343317996547632	1719503 26 0.3507651283038852	1719301 17 0.3479478796179309
1728925 21 0.343317996547632	1729712 25 0.3511842874003441	1729166 16 0.3487076054802626
1739039 21 0.3421460462062459	1739804 24 0.3527063588693605	1739042 16 0.3477357083440047
1749153 21 0.3420312687292026	1749759 24 0.3515620545360277	1749068 16 0.3484954342063364
1759260 21 0.3408367613682586	1759850 23 0.3501997874725363	1759065 15 0.3481443884630521
1769434 20 0.3443780833522174	1769782 24 0.3496537062789815	1769255 16 0.3455390527041248
1779511 22 0.336954300237308	1779733 24 0.3496537062789815	1779374 15 0.3474056205555433
1789466 22 0.3435065440917328	1789724 24 0.3510159733424729	1789314 15 0.3468614540926813
1799559 21 0.3429430608972887	1799776 25 0.3516971068742187	1799222 15 0.3469531451450316
1809277 21 0.3432278985560187	1809640 25 0.3518549419546784	1809223 15 0.3476342786767774
1819265 21 0.3439911687783573	1819609 25 0.3501721414644831	1819349 15 0.3464899743434445
1829323 21 0.3426002826589101	1829688 25 0.3511738084229327	1829289 14 0.3477568827124916
1839356 20 0.3447598766213275	1839450 25 0.3535225447392972	1839430 14 0.3453865380220164
1849327 21 0.3404134855306739	1849543 25 0.3537949981519955	1849307 15 0.3461902755894763
1859300 21 0.3433689905018804	1859540 25 0.3511586107173562	1859319 14 0.347688769359317
1869266 21 0.3410946190624196	1869433 24 0.3521803110149748	1869524 15 0.3465413213327607
1879283 21 0.3414351858282924	1879615 24 0.3500143063840234	1879492 16 0.3495487878498534
1889228 21 0.3413865334331678	1889585 24 0.3519695602869169	1889536 16 0.3498277906234339
1899443 21 0.3431179863184878	1899594 24 0.3520376736400915	1899675 16 0.3510538309805762
1909623 21 0.3415286747444145	1909859 24 0.3517323379189641	1909571 17 0.3506451508615288
1919387 21 0.3410324203141425	1919802 25 0.3510512043872184	1919418 17 0.3514084210838673
1929454 21 0.3411254322459986	1929990 25 0.3532172090181698	1929437 17 0.3491638241223299
1939373 21 0.3430335080687713	1939950 24 0.3515143751888055	1939326 17 0.3503081284556627
1949361 20 0.3427664922767046	1949889 25 0.3519593824295461	1949269 17 0.3492864281580442
1959355 20 0.3421674954355517	1959870 24 0.3546093503593694	1959247 17 0.3513062510541055
1969498 20 0.3413092250101012	1969927 24 0.3522999491954189	1969380 17 0.3494703342116154
1979579 19 0.3449729888551237	1979842 25 0.3524690582101972	1979433 17 0.3504920345092341
1989559 20 0.342157636923908	1989819 24 0.3529776379139006	1989351 17 0.3503662867802964
1999508 19 0.3429749971620029	1999757 24 0.3524690582101972	1999417 16 0.3507749668993439
2009556 19 0.3438831752043305	2009727 24 0.3524690582101972	2009545 15 0.3509690676966256
2019472 19 0.342861474906712	2019660 24 0.3518912690763715	2019531 15 0.3483637319376982
2029342 18 0.3432701550257594	2029812 24 0.3520603780911498	2029549 16 0.3473420316400796
2039301 18 0.3436943697692151	2039843 24 0.3525443413900217	2039617 15 0.3502743114942449
2049320 17 0.3433310985522841	2049945 24 0.3533617016281165	2049684 16 0.3479754858246031
2059539 18 0.3413331068591632	2059824 24 0.3547920820447826	2059722 15 0.3499442237057836
2069448 18 0.3433310985522839	2069791 24 0.3539747218066878	2069627 16 0.3491779484825696
2079349 17 0.3457944771752292	2079848 25 0.3525443413900217	2079757 16 0.3519876243010208
2089290 18 0.3410946558061836	2089726 25 0.354097325842402	2089763 17 0.3516167849337369
2099288 18 0.343875951060812	2099526 25 0.3566175199098611	2099741 17 0.3519675909618517
2109153 18 0.3440462344437485	2109648 24 0.3547784593741477	2109516 16 0.3515967515945679
2119163 19 0.3431267041758918	2119628 24 0.3556434989594647	2119618 16 0.3517530116400862
2129321 19 0.3432133395812454	2129769 23 0.3564608591975596	2129438 16 0.3513443315210387
2139301 19 0.3435975687529993	2139893 23 0.3552688755170046	2139473 17 0.3506934705907039
2149188 19 0.3432683542126555	2149901 24 0.3555475210527188	2149436 16 0.3523762710808992
2159185 19 0.3427843909137836	2159995 25 0.355439158899941	2159247 15 0.3506934705907039
2169218 19 0.3435222855731748	2169887 25 0.3565215420031152	2169372 16 0.349586628601617
2179310 19 0.3432952410625928	2179818 24 0.3554936495824807	2179407 17 0.3513746041224496
2189482 19 0.3428411520414291	2189641 25 0.3550304787808937	2189340 17 0.3519571119844404
2199579 20 0.3426141075308471	2199605 25 0.3550542085942577	2199345 17 0.353057404612645
2209522 20 0.343606616391391	2209367 26 0.3561747831142265	2209278 18 0.3514870134144533
2219556 20 0.3447012952816966	2219310 26 0.3570059181371444	2219494 19 0.352603315591481
2229641 21 0.3406915270501697	2229248 26 0.3563617375975901	2229452 19 0.3546198293367809
2239591 20 0.3450459164138299	2239229 25 0.3569004522999709	2239446 19 0.3541089791879715
2249511 20 0.3411980843405856	2249024 25 0.3579149694275897	2249538 20 0.3551685202373538
2259463 20 0.3441944994991477	2258915 25 0.3564534286499406	2259501 20 0.3540711384362079
2269533 21 0.3426454930955452	2268885 25 0.3565153498800993	2269500 20 0.3551306794855902
2279557 21 0.3426819823918888	2278839 26 0.3558342163483536	2279784 20 0.3558799263705105
2289559 21 0.3424883084343732	2288917 26 0.3559128086789397	2289614 20 0.3540985002105602
2299561 21 0.3441123628085548	2298845 25 0.3563214887979871	2299755 20 0.3541770925411462
2309549 21 0.3405339791471335	2308984 26 0.356242896467401	2309732 20 0.356258333888147
2319602 21 0.3414535094149903	2319125 25 0.3580243226273514	2319546 19 0.3552366335905284
2329838 22 0.3396655338941577	2329032 25 0.3549487427570841	2329522 19 0.3558496537690996
2339628 21 0.3421092110129208	2338786 24 0.3572026755348608	2339400 18 0.3553388036202903
2349622 22 0.338030813417968	2348837 24 0.3563485933150545	2349431 18 0.3538331400237997
2359924 21 0.33797700092033	2358633 25 0.356058371201528	2359414 18 0.353152006492054
2369847 22 0.3381410921802506	2368663 25 0.3559023297015281	2369401 17 0.353152006492054
2379874 22 0.3375148031666454	2378708 26 0.3571038013125107	2379391 17 0.3515626949179806
2389761 22 0.34030595365003	2388624 26 0.3568725877463995	2389408 16 0.3535708644684724
2399756 21 0.3402928549282656	2398638 25 0.3570946965067514	2399495 16 0.351888063978277
2409708 21 0.335770223540905	2408713 26 0.3569172299538151	2409488 16 0.3528745332311501
2419705 21 0.3427387435195343	2418619 27 0.3559741219867826	2419394 15 0.3528064198779756
2429598 21 0.3417301419436801	2428761 28 0.357132537258515	2429346 15 0.3533035374959029
2439564 21 0.3448722757954832	2438875 28 0.3569104284981631	2439266 15 0.3499967440595244
2449438 21 0.3403886627217419	2448766 28 0.3569785418513378	2449194 14 0.3519720313015871
2459386 20 0.341926373270683	2458712 28 0.3558887282005446	2459364 14 0.3509876834879674
2469424 20 0.3400532560583822	2468685 28 0.3582223509093082	2469442 14 0.3529033715460023
2479452 20 0.3412452397389372	2478676 28 0.3569785418513377	2479382 14 0.351055796841142
2489422 20 0.3415216738021457	2488562 28 0.3573191086172106	2489364 14 0.3517369303728877
2499553 20 0.3423049773636533	2498502 28 0.3575608011607332	2499461 15 0.3509280843039397
2509364 21 0.3408405402703999	2508423 27 0.3584948043220064	2509334 15 0.3528352581928277
2519367 20 0.3435821027356765	2518453 27 0.3552075946687988	2519498 14 0.3523244080440184
2529429 20 0.3406362002108763	2528548 26 0.3562292949664175	2529674 15 0.3512841313773521
2539426 20 0.3437864427952002	2538496 26 0.3551697539170352	2539588 14 0.3521696049686217
2549311 20 0.341317333742622	2548425 25 0.3568725877463995	2549565 14 0.3498537509606862
2559393 20 0.3437864427952002	2558457 24 0.3566951211934632	2559490 14 0.3503491208019558
2569274 20 0.3435650743973829	2568582 24 0.3562319503918762	2569499 14 0.3503491208019558
2579299 20 0.3427023052571717	2578645 24 0.3549316045585435	2579550 13 0.3521796671685224
2589286 21 0.3421919711186137	2588634 24 0.3562342724380071	2589668 12 0.350817400105031
2599317 19 0.3445759384797237	2598660 23 0.355144458787214	2599739 12 0.3486168148486217
2609238 20 0.3428049912971848	2608745 23 0.3548193723288808	2609656 12 0.3476939887733532
2619201 20 0.3438039871437452	2618725 22 0.3548193723288808	2619716 13 0.347935681316876
2629032 19 0.3442353717138509	2628778 23 0.3567390096469593	2629693 12 0.350817400105031
2639042 20 0.3438553106507591	2638703 22 0.3556607725739784	2639715 12 0.3481485355455465
2648949 19 0.3436396183657063	2648644 22 0.354416963516008	2649449 12 0.3491021224899905
2658890 20 0.3450010777609783	2658650 22 0.35622815949815	2659553 13 0.3484209889582447
2668894 20 0.3448357301282719	2668565 22 0.3559495139624358	2669597 12 0.3503114151957341
2678825 19 0.3473963973476174	2678437 22 0.35622815949815	2679548 13 0.3480512307552971
2688699 19 0.3443135277539335	2688544 22 0.355512969289817	2689776 13 0.3502518160117064
2698794 19 0.3462278714694715	2698587 23 0.3565346695874356	2699691 14 0.3500389617830358
2708659 19 0.3432345503184181	2708686 22 0.3577784786454061	2709580 14 0.3511595363030046
2718667 19 0.3470338794820372	2718773 23 0.3557173093493407	2719726 14 0.3521175934230185
2728573 20 0.3463981548524079	2729062 23 0.3580346440823452	2729658 15 0.3499039094448449
2738455 20 0.3472340914595504	2739024 23 0.3582149441348661	2739763 15 0.353003067014288
2748429 20 0.3488339475909333	2749012 23 0.3549277344816585	2749814 16 0.3523219334825422
2758499 19 0.3474611359701323	2759103 22 0.3576940773164723	2759928 16 0.353811913083236
2768469 19 0.3478868444274734	2769074 23 0.3564502682585018	2769986 16 0.3533010629344267
2778432 19 0.3478868444274734	2779100 24 0.3568526770713747	2780007 15 0.3541679601566485
2788364 17 0.3508084944704615	2788898 23 0.3563418269225654	2789976 15 0.352379984635816
2798423 18 0.345200549375957	2799022 23 0.3580446607519297	2799853 16 0.3513582843381974
2808475 18 0.348203729038654	2809069 23 0.3560012601566925	2809838 17 0.3531462598590299
2818757 18 0.3485159152407042	2819046 23 0.3588860609970274	2819946 17 0.3548290603492252
2828902 16 0.3482362376844874	2829168 23 0.3556506767212352	2830003 17 0.3548290603492252
2838715 18 0.3450167586658535	2839072 23 0.3568526770713747	2840002 17 0.3548290603492252
2848833 17 0.3475551041527415	2849202 23 0.356171543539629	2849948 18 0.3537695192998431
2858880 18 0.3469874928762868	2859014 23 0.3556506767212351	2859994 19 0.3553588308739164
2868919 18 0.3477821486633235	2869109 22 0.356171543539629	2869983 19 0.356864494470407
2879006 18 0.3477369641134903	2879224 22 0.3556088680134042	2879930 19 0.3536190935250302
2889023 19 0.3460341302841259	2889134 22 0.3557691347267561	2889895 19 0.355880634924552
2898930 19 0.3510383433845832	2899178 23 0.3549277344816585	2900030 19 0.3548210938751697
2909000 19 0.3448565405737394	2909239 23 0.3580346440823452	2910229 19 0.3539541966529479
2918974 19 0.3483215494113702	2919286 23 0.3553101099553623	2920263 20 0.3558427941727884
2929212 19 0.3474856128042276	2929540 23 0.3564502682585018	2930380 20 0.3562514742918358
2939225 19 0.34593758205026	2939562 22 0.3564502682585018	2940385 20 0.3556676455503394
2949238 19 0.3486775964847827	2949375 22 0.3560238194386263	2950620 19 0.3562514742918358
2959136 20 0.3458694686970855	2959189 23 0.3559053614331053	2960669 19 0.3548210938751697
2969084 20 0.3476404158796244	2969348 22 0.3568086037252029	2970666 19 0.3558427941727883
2979041 20 0.3475651326997999	2979192 23 0.3558486003054598	2980846 19 0.3558427941727883
2989136 20 0.3449541208281079	2989031 23 0.3570924093634303	2990772 19 0.3538966983678006
2999145 20 0.3461453641461284	2999155 23 0.3569221259804939	3000533 19 0.3518532977725634
3009129 22 0.3460488702291312	3009116 23 0.3576953045840972	3010536 19 0.3538966983678006
3019233 22 0.3489158231854791	3019158 22 0.3566736042864785	3020495 19 0.3548385890798813
3029227 22 0.3478941228878604	3029184 22 0.3544080949308895	3030552 19 0.3538168887822627
3039239 23 0.3492295031014146	3039199 22 0.3555080335395869	3040526 18 0.3535939723536914
3049171 22 0.3492472718022427	3049164 22 0.3556000786114445	3050680 18 0.3519025450667247
3059300 23 0.3488889363355417	3059005 22 0.3544080949308895	3060930 18 0.3532450613930103
3069271 23 0.3515631258101782	3069070 22 0.3551609267291348	3070968 18 0.3552884619882475
3079160 23 0.3467757301299083	3079040 22 0.3537986596656433	3081116 19 0.3532450613930103
3089105 23 0.351861527166943	3089210 23 0.3551609267291348	3091155 19 0.3561129920529923
3099124 23 0.3505125289384856	3099154 23 0.3557759971424168	3101143 18 0.3550912917553738
3109139 23 0.3515342292361042	3109097 23 0.3540207684259952	3111271 18 0.3555609154009459
3119129 24 0.348438167728169	3119036 24 0.3550424687236137	3121179 18 0.3545392151033272
3129228 24 0.3541968421329283	3128794 23 0.3565033209035421	3131090 18 0.3550500652521365
3139300 24 0.3503289767205151	3138765 24 0.3540207684259952	3141124 18 0.3549378785527901
3149349 24 0.355122539376622	3148687 25 0.353169351511313	3151091 18 0.353951409299917
3159269 25 0.3481579490145219	3158699 25 0.3543136558446459	3161131 19 0.3539161782551716
3169291 25 0.3542666688965399	3168696 24 0.3543136558446459	3171130 19 0.3530478911601366
3179332 25 0.3524160066358352	3178897 24 0.3528811796324975	3181108 19 0.3530831222048821
3189396 24 0.3534377069334537	3188956 24 0.3549245802277347	3191070 19 0.3551265228001192
3199434 24 0.3509311355366295	3198835 24 0.3528811796324975	3201188 18 0.3561129920529923
3209332 24 0.3516852476610622	3208888 25 0.3547883535213855	3211293 18 0.3554839597463449
3219341 24 0.3519041834391234	3218827 24 0.3545870038041963	3221338 17 0.3544622594487263
3229120 25 0.3509093699914421	3228905 24 0.3554861000661007	3231371 18 0.3549163484698902
3239206 25 0.3536809689090772	3238704 24 0.354464399768482	3241292 18 0.3536208592036287
3249230 25 0.350134209304487	3248723 23 0.3524209991732449	3251198 18 0.355989346257199
3259082 24 0.3535593379212654	3258680 24 0.353272416087927	3261125 17 0.3556642597988658
3269047 26 0.3500579530767599	3268698 24 0.3537666532237669	3271106 17 0.3550966485224111
3279067 26 0.3544212338133591	3278593 24 0.3537666532237669	3281042 17 0.3532575879866977
3289157 26 0.3528886833669312	3288474 24 0.3550948636106712	3291011 17 0.3534278713696341
3299258 27 0.3504366026526466	3298526 24 0.3558100538190042	3300938 18 0.3541090049013798
3309254 25 0.3543082521402362	3308548 24 0.3578700674272107	3310982 19 0.3546665995082501
3319345 26 0.3502558402922987	3318553 24 0.3571723208824956	3320912 19 0.3556235722041677
3329270 26 0.3555314814701046	3328635 24 0.3550948636106712	3330760 19 0.3546397126583128
3339284 25 0.3524663805772489	3338494 25 0.3550948636106712	3340808 19 0.352558471311312
3349242 26 0.3516385413617425	3348421 25 0.3530378403447991	3350872 19 0.3533758315494068
3359107 25 0.3542175341357883	3358368 26 0.350994439749562	3360766 19 0.3549083819958347
3369241 25 0.3513084535732811	3368305 25 0.3531164326753851	3370670 19 0.3533758315494068
3379162 25 0.3549760956672966	3378278 25 0.351845856664244	3380955 19 0.3554570728964076
3389323 25 0.3533413751911068	3388256 26 0.351130666455911	3390863 19 0.3551921876340621
3399492 26 0.3523301538708998	3398306 25 0.3549895498876857	3400770 19 0.3564787731940262
3409659 26 0.354452146796723	3408263 25 0.3531740670511482	3410745 18 0.354435372598789
3419591 26 0.3540434666776755	3418264 25 0.356239167944004	3420773 19 0.3529297090022985
3429714 27 0.3499566654872012	3428179 25 0.3552174676463853	3430897 19 0.3566831132535499
3439606 27 0.3546116185362983	3438129 25 0.3547406741741634	3440613 19 0.3575004734916448
3449566 28 0.352908784706934	3448110 26 0.3567840747694005	3450596 19 0.3556614129559313
3459389 27 0.3549521853021712	3458126 25 0.3559253681313017	3460610 18 0.3546397126583127
3469499 27 0.3528893237488841	3468280 25 0.354825075503097	3470562 18 0.3572208502522966
3479521 27 0.3524701646524253	3478428 24 0.3521965192828601	3480508 17 0.3572208502522966
3489624 28 0.3533692609143296	3488346 25 0.351637370574527	3490585 18 0.3546098383806046
3499641 27 0.3543909612119482	3498291 25 0.3537189738765447	3500660 18 0.356199149954678
3509694 27 0.3506447267873468	3508252 24 0.3538033752054784	3510883 18 0.3546665995082501
3519778 26 0.3540017420509506	3518090 24 0.3577675723602385	3521139 17 0.3548116685160255
3529829 26 0.352043104739664	3528155 24 0.35340212563405	3531079 17 0.3540989882317953
3539904 26 0.3548162912617716	3538151 24 0.3544238259316687	3541172 16 0.3551206885294139
3549928 26 0.3533314201625659	3548138 23 0.3557241717650014	3550970 16 0.3524161877416
3560036 26 0.3538422703113753	3558195 23 0.3532039776975422	3561142 17 0.3539146815114406
3570301 26 0.3530589667498676	3568179 24 0.352925332161828	3571205 18 0.3544155149906654
3580517 27 0.3542509504304227	3578171 23 0.3548150623870982	3581190 18 0.355323693032993
3590385 26 0.3546974713012337	3588374 23 0.354923424539876	3591274 18 0.3544244186969627
3600280 27 0.3511858495375669	3598379 23 0.3528800239446387	3601187 19 0.3554839597463449
3610116 27 0.3576127228171054	3608475 23 0.3536230787065432	3611252 18 0.3568293566294835
3620065 28 0.352252127072428	3618438 23 0.3546447790041617	3621403 19 0.3556642597988658
3629887 26 0.3582743953908013	3628396 24 0.3529419451747974	3631555 18 0.3563030261731345
3639822 25 0.3527874863850718	3638436 24 0.3524310950259882	3641526 17 0.3557838318295171
3649873 23 0.3566018341628479	3648405 24 0.3517499614942425	3651428 18 0.3525269174708249
3659873 23 0.3512004452561043	3658330 25 0.3479418058394823	3661390 18 0.3551026982977714
3669729 23 0.3558383453949911	3668363 24 0.348466897871228	3671222 19 0.3548898440691008
3679844 24 0.3535224913870557	3678331 25 0.3520286070299566	3681260 19 0.357221382072833
3689795 23 0.3550442301901225	3688192 25 0.349086110172815	3691154 19 0.357221382072833
3699708 24 0.3516050502172695	3698221 25 0.349086110172815	3701007 19 0.3574630746163558
3709662 23 0.3571757494590471	3708246 25 0.3531729113632894	3711236 20 0.3555473865583209
3719480 24 0.3519456169831424	3718249 24 0.3518725655299567	3721252 20 0.356977766974987
3729618 22 0.3560859358082539	3728273 24 0.352771661791861	3731306 20 0.356977766974987
3739618 22 0.3549504889030611	3738209 24 0.3558367626847168	3741266 20 0.3578717547354032
3749835 22 0.3536501430697284	3748290 24 0.3564393619733344	3751355 20 0.3560326941996897
3759859 23 0.3549126481512975	3758396 23 0.3541173158423832	3761292 20 0.3566372002091142
3769777 22 0.3552345188935718	3768389 23 0.3529253321618281	3771150 20 0.3549343663797497
3779790 22 0.3545867016758788	3778240 23 0.3536230787065432	3781155 19 0.3559560666773684
3789697 22 0.3549272684417517	3788303 22 0.3542875992253195	3791229 19 0.3564413743187371
3799786 22 0.3535271606264965	3798354 23 0.3540654904649677	3801223 19 0.3533762734258814
3809826 22 0.3548963078266723	3808466 23 0.3553092995229381	3811317 19 0.3555473865583209
3819760 23 0.3555155201282593	3818366 23 0.3545941093146051	3821222 18 0.3564413743187371
3829775 22 0.3561401168846428	3828341 23 0.3556158096122237	3831145 19 0.3566385445516109
3839852 22 0.353193473997308	3838252 23 0.3566375099098423	3841208 19 0.3555473865583209
3849808 22 0.3553958057499525	3848240 24 0.3542535425487322	3851160 20 0.3571225078504829
3859871 23 0.3517366050544074	3858108 23 0.3554455262292873	3861249 20 0.3557143741338457
3869771 24 0.3561476850349956	3868065 23 0.3542535425487322	3871383 20 0.3546926738362271
3879952 23 0.3559154804219004	3878053 23 0.3549687327570652	3881335 20 0.3561538151220687
3889759 24 0.355745197038964	3888028 23 0.3536230787065432	3891380 21 0.3570766411973371
3899782 24 0.3548151877936957	3898147 23 0.3556664793017804	3901372 21 0.3584389082608286
3909767 24 0.3566079661791752	3908160 23 0.35491723241686	3911192 21 0.3584389082608286
3919787 24 0.3553260379425051	3918144 23 0.3542360988851143	3921183 21 0.3583400340384784
3929714 24 0.3536345563386698	3928308 23 0.35491723241686	3931075 21 0.35741720796321
3939654 24 0.3560071714742508	3938340 24 0.3542360988851143	3941002 21 0.3562677951283891
3949772 23 0.3564158515932981	3948463 24 0.3558367626847168	3951014 21 0.3553738073679729
3959806 24 0.3542313590521994	3958395 24 0.3544744956212254	3960997 21 0.3553738073679729
3969737 23 0.3576888520883436	3968273 24 0.3551556291529711	3971002 21 0.35741720796321
3979707 24 0.3564968684077885	3978237 25 0.3541339288553524	3980892 21 0.3573183337408598
3989672 24 0.3569509574289523	3988078 25 0.3532348325934481	3990867 21 0.3573183337408598
3999645 24 0.3559341928815637	3998008 25 0.3521450189426549	4000922 21 0.3572894954260077
4009632 25 0.3562698238972066	4008052 25 0.353575399359321	4010934 22 0.3564721351879128
4019784 25 0.358435828528158	4018121 25 0.3521450189426549	4020957 22 0.3579001935584479
4029721 25 0.3573289865390711	4028032 25 0.3545123732907956	4031036 22 0.3577639668520988
4039786 26 0.3592702171045465	4038093 26 0.3556187999545582	4041128 22 0.3576362543148964
4049821 26 0.3579524856950538	4048092 26 0.3563104124637153	4051235 22 0.3563092182961504
4059936 26 0.3606429631454494	4057926 27 0.3552887121660968	4061183 23 0.3556280847644047
4070027 26 0.3560929911533879	4067916 27 0.3532831523226233	4071058 24 0.3589152944176123
4079920 26 0.3586618376159718	4077894 26 0.3517774887261327	4080956 24 0.3568873741299148
4089920 27 0.3581850441437498	4087732 26 0.3527613482719877	4091060 24 0.3550483135942015
4099953 26 0.3580688894883362	4097932 27 0.353425868790764	4101052 24 0.3562248169672168
4109962 27 0.3576904819706996	4107876 27 0.3531231427766547	4111055 24 0.3553308292068005
4119866 27 0.3592131938216691	4118052 27 0.3565288104353834	4121084 24 0.3583959300996563
4129821 27 0.3579128479883362	4128132 28 0.3531231427766547	4131212 25 0.3581915900401326
4139820 28 0.3567208643077812	4138126 29 0.3531231427766547	4141088 25 0.3582763533240831
4149740 25 0.3620844336324125	4147915 28 0.3521963467025511	4151059 24 0.3591996676671163
4159902 25 0.3563827055897478	4157711 27 0.353593844810788	4161037 24 0.3558842502013439
4170109 26 0.3571660091512555	4167608 28 0.3518743979684543	4171046 24 0.3577233107370573
4180133 26 0.3603475431264609	4177460 29 0.352442009244909	4181030 23 0.3570917141894386
4190388 26 0.3573467715116034	4187456 29 0.3508174666260902	4190895 24 0.3589648314017393
4200321 26 0.3582663017794601	4197333 30 0.3528608672213274	4200969 24 0.3581134144870572
4210291 26 0.3591014307183831	4207331 29 0.3526451749362746	4210972 25 0.3570917141894386
4220381 26 0.3590050696869689	4217602 30 0.3537349885870677	4220902 25 0.3572143182251528
4230380 26 0.3582663017794601	4227622 29 0.354120964255057	4230910 25 0.3561547771757706
4240348 27 0.3575851682477144	4237632 29 0.3538825675189459	4241017 25 0.3592198780686264
4250379 26 0.3593258428288423	4247573 28 0.3531673773106129	4251038 25 0.3563095802511673
4260368 27 0.3577554516306508	4257680 29 0.3547919199294318	4261105 25 0.3573691213005496
4270477 26 0.3605696518868127	4267706 28 0.3547566888846863	4270878 24 0.356347421002931
4280508 27 0.3579775603910026	4277548 29 0.3534637095425276	4280879 24 0.3552031166695981
4290429 27 0.3592073848233213	4287405 29 0.3534284784977821	4290810 24 0.3572465172648354
4300556 27 0.3605588402434518	4297373 28 0.3521456770129943	4300831 24 0.3592899178600725
4310698 27 0.3574937393505959	4307371 29 0.352442009244909	4310719 24 0.3582682175624539
4321005 27 0.3575270556646488	4317244 28 0.3534284784977821	4320773 23 0.3582329865177085
4330818 27 0.3582081891963944	4327081 28 0.3531231427766546	4330787 24 0.3570410028371535
4340798 28 0.3550371341986005	4337242 28 0.3551665433718919	4340805 23 0.3572465172648354
4350757 27 0.3594028052770722	4347302 27 0.3548425896189885	4350888 24 0.3570762338818989
4360850 28 0.3544127617945003	4356998 27 0.3531231427766547	4360638 24 0.3583959300996562
4370879 27 0.3566642865244375	4367101 27 0.3531231427766547	4370605 24 0.3573742298020376
4380820 28 0.3562669586309192	4376983 27 0.3565288104353834	4380584 25 0.3583959300996562
4390799 28 0.3567778087797285	4387033 27 0.3531397557896241	4390631 25 0.3585185341353704
4400855 28 0.3590433181353174	4396977 26 0.3559910734366367	4400519 25 0.3574968338377519
4410923 29 0.3549546022141504	4407024 26 0.3539098320896359	4410764 25 0.3595402344329891
4420910 29 0.359126545096093	4416971 26 0.3553402125063019	4420707 26 0.3574589930859882
4430625 29 0.3582751281814108	4426987 25 0.3556292789319696	4430744 26 0.3576364596389244
4440519 29 0.3586776161774424	4437203 25 0.3562833204733345	4440720 26 0.3566042803638944
4450510 29 0.3569382930517345	4447299 25 0.3562833204733345	4450718 25 0.358658159936543
4460713 29 0.3596141747835928	4457169 24 0.3548869967332558	4460705 26 0.3566421211156581
4470648 28 0.35927360801772	4467304 23 0.3557860929951601	4470790 26 0.3597858143390998
4480632 28 0.3574357218501647	4477327 24 0.3545941093146051	4480654 25 0.3594074068214633
4490702 28 0.3575038352033393	4487202 24 0.3573746107073084	4490582 25 0.3583071141932587
4500708 28 0.3587360676834975	4497036 25 0.355052564576357	4500585 25 0.3596012679035756
4510921 28 0.3588661022668307	4507063 25 0.3541534683144527	4510581 24 0.3586174083577206
4520941 27 0.3556709667906417	4517029 25 0.3544321138501668	4520415 24 0.3573742298020376
4530954 28 0.358991492757902	4527034 25 0.3561968689096899	4530522 24 0.3582682175624539
4541010 27 0.3584806426090928	4537061 26 0.3561968689096899	4540463 25 0.3573742298020376
4551019 27 0.3584806426090928	4547192 26 0.3572971615378945	4550506 25 0.3584806933836068
4560867 27 0.3581400758432199	4557217 26 0.3562754612402759	4560428 26 0.3574589930859882
4570879 26 0.3594671118619659	4566931 26 0.357008989659079	4570532 25 0.3585592857141928
4580935 27 0.3550371341986005	4576996 26 0.357008989659079	4580643 25 0.3583529808464044
4590880 27 0.3595971464452991	4586888 26 0.3556467225955875	4590595 26 0.3564372927883696
4600856 28 0.3568044989651417	4596508 27 0.3556467225955875	4600764 25 0.3602999602953209
4610985 27 0.3598866281962911	4606360 27 0.3563656968790969	4610637 25 0.3591996676671163
4620948 27 0.3578432276010539	4616337 28 0.3559727352261666	4620762 26 0.3569907137829131
4630933 27 0.3589330412518471	4626396 27 0.3559570167600495	4630757 25 0.3580910064111176
4640779 27 0.3570939807161336	4636505 28 0.3542541829306852	4640609 25 0.356990713782913
4650686 27 0.3581156810137522	4646513 28 0.3542541829306852	4650468 25 0.3558142104098977
4660600 27 0.357502660835181	4656568 28 0.3549353164624308	4660276 25 0.3566934514067591
4670638 27 0.3585243611327996	4666579 29 0.3563656968790969	4670141 25 0.3568737514592799
4680572 27 0.3572302074224827	4676561 29 0.3555969374155483	4680162 24 0.3582360185227714
4690665 29 0.3568215273034353	4686568 29 0.353894103586184	4690076 25 0.3551652759178345
4700704 28 0.3580634216307131	4696641 29 0.3551944494195168	4700172 25 0.3563095802511673
4710665 28 0.3593757780474818	4706671 28 0.3549158038838026	4710202 24 0.3556284467194217
4720690 28 0.3550165234443091	4716923 27 0.3552296804642622	4720134 24 0.3568681097471988
4730942 29 0.3589789079049928	4726852 27 0.3544768486660169	4730400 24 0.3579276507965811
4740934 29 0.3590458468900092	4736953 26 0.3565202492612541	4740387 24 0.3568681097471988
4751049 30 0.3559807459971533	4746931 26 0.3574573490680876	4750428 25 0.358911510342436
4761038 30 0.35872230846243	4756934 26 0.3554139484728504	4760316 24 0.3589555220475642
4771119 29 0.3546355072719556	4766956 27 0.3523488475799947	4770230 24 0.3583220678630407
4781073 31 0.3536819203275116	4776832 27 0.3554517892246141	4780257 24 0.3569172299538151
4791061 30 0.3550743700483521	4786870 26 0.3546003723099319	4790332 25 0.3587903471661159
4801147 30 0.3543785884836655	4796817 26 0.3522309590841156	4800181 25 0.358061534287148
4811065 30 0.354208305100729	4806880 26 0.3567285361891196	4810091 25 0.3576495583606888
4821175 30 0.3567625558447755	4816938 26 0.3559757043908744	4820158 25 0.3585723844359572
4831211 30 0.3544126451602528	4826877 26 0.3580191049861116	4830282 25 0.3572173005424655
4841371 30 0.3565086244842564	4836987 26 0.3572459263825083	4840182 25 0.3587426678188936
4851314 30 0.3560969026205695	4846935 25 0.3572459263825083	4850309 24 0.3587426678188936
4861420 28 0.3593054000464244	4857072 24 0.3563726782648856	4860295 24 0.3558955296561965
4871459 28 0.3513187900409785	4867083 25 0.3563286665597574	4870271 23 0.3580175225820198
4881293 27 0.3583698576504914	4877082 25 0.3574729708930902	4880295 23 0.3567469465708787
4891378 27 0.3521828947371344	4887064 25 0.3582676266801269	4890085 23 0.3566192340336763
4901497 27 0.3562583437020796	4897046 25 0.3574729708930902	4900124 24 0.3575647235864842
4911431 27 0.354510100970599	4907147 26 0.3573943785625042	4910120 24 0.3573944402035478
4921334 27 0.3563264570552542	4917164 26 0.3584946711907088	4920271 24 0.3587567072670392
4931210 27 0.3542830564600171	4927297 26 0.3576773109526139	4930363 24 0.356634714341216
4941213 27 0.3524439959243036	4937463 25 0.3590395780161054	4940543 24 0.3565121103055018
4951243 28 0.3552366434044611	4947526 24 0.3581195854404217	4950511 24 0.3581672647876439
4961205 28 0.355350165659752	4957409 25 0.3579969814047075	4960537 24 0.3581672647876439
4971226 28 0.3541014208515515	4967458 25 0.3579969814047075	4970459 23 0.3584978148839323
4981334 29 0.3549187810896464	4977488 24 0.3584923512459771	4980320 24 0.3583275315009958
4991353 28 0.3559052503425195	4987420 24 0.3578112177142314	4990330 24 0.3584978148839323
5001322 28 0.3534870651170358	4997425 24 0.3586200637831794	5000349 24 0.3578643606994087
5011413 27 0.3530329760958719	5007425 24 0.3591734847777228	5010359 23 0.3581672647876439
5021280 27 0.3586254408828368	5017515 24 0.3593592484681989	5020410 23 0.3590186817023261
5031353 28 0.3514436645217986	5027437 23 0.3582303768106902	5030307 22 0.3576564146388347
5041300 29 0.3547812188273527	5037268 23 0.3568835900547385	5040174 21 0.356753172346737
5051236 28 0.3555406435696439	5047249 24 0.3579052903523571	5050460 21 0.3551122597475314
5061219 29 0.3552553411876855	5057122 24 0.3572086765130716	5060369 22 0.3559536599926291
5071285 28 0.3555406435696439	5067229 24 0.3580755737352935	5070349 22 0.3567908350243748
5081437 29 0.3559364747194312	5077139 24 0.3597784075646578	5080239 22 0.3550880011950104
5091464 28 0.3536024180050439	5087223 25 0.3565275429813259	5090031 22 0.3564502682585018
5101504 28 0.3563421498376033	5097345 25 0.3566992672236565	5100220 22 0.3559053614331053
5111526 28 0.3568529999864127	5107506 24 0.3591618269153525	5110309 23 0.3562459281989782
5121534 28 0.3571084250608172	5117377 25 0.3580175225820197	5120277 24 0.35646803695933
5131473 27 0.3541284658594297	5127370 25 0.3572173005424655	5130308 24 0.3588043249732178
5141577 27 0.3571084250608172	5137409 24 0.3581401266177339	5140329 25 0.3554803933382987
5151546 27 0.3557874388174316	5147338 24 0.3559741219867826	5150276 25 0.3566246976716315
5161570 28 0.3583984506891235	5157336 25 0.3566552555185282	5160198 25 0.3565906409950442
5171450 27 0.3578308394126688	5167393 25 0.3582768415918478	5170335 25 0.3553468319370738
5181477 28 0.355574584588761	5177307 25 0.3564372927883696	5180288 24 0.3545472403998071
5191564 28 0.3588525397102874	5187223 24 0.3585185341353704	5190118 25 0.3574329761293031
5201576 29 0.3557874388174315	5197179 24 0.3573742298020376	5200073 25 0.3565906409950442
5211693 28 0.3562361710715581	5207213 23 0.3588353710878792	5210066 25 0.3553468319370738
5221798 28 0.3578294950701718	5217266 24 0.3586650877049428	5220008 25 0.357163188021729
5231789 28 0.3583403452189812	5227407 24 0.3588353710878792	5229896 25 0.3558628421883963
5241682 28 0.3574037866128308	5237404 24 0.3557702701950236	5239845 24 0.3561414877241105
5251652 28 0.3591747337953697	5247477 24 0.3598218403407524	5249864 25 0.3567920622919995
5261669 28 0.3566545397279105	5257420 25 0.3578136707902607	5259950 25 0.357163188021729
5271569 28 0.3591552728373198	5267533 25 0.3589908574320226	5270076 25 0.3566523378729198
5281576 28 0.3580849201445765	5277311 25 0.3569826878815309	5280185 25 0.3564038161789044
5291535 28 0.3584680577561835	5287274 25 0.3549392872862937	5290090 25 0.3558628421883963
5301563 27 0.3584680577561835	5297193 26 0.3561312709668488	5300172 26 0.3573953926348242
5311696 27 0.3601708915855479	5307116 26 0.3572315635950534	5310238 26 0.3577010294759921
5321787 27 0.3576321211490411	5317109 26 0.3572667946397989	5320197 26 0.3564522846677917
5331768 26 0.3602250076186277	5327110 27 0.3572667946397989	5330278 26 0.3561117179019188
5342022 26 0.3567328468130108	5337160 28 0.3572667946397989	5340171 25 0.3561117179019188
5351896 25 0.3598466001009912	5347090 28 0.3572667946397989	5350172 25 0.3539897249760955
5361800 26 0.3590382218435347	5357106 27 0.3577776447886081	5360160 25 0.3560331255713328
5371827 26 0.3610045271049589	5367064 28 0.3567559444909895	5370183 25 0.3560331255713328
5381835 26 0.3537358592733296	5377057 28 0.3577776447886081	5380374 24 0.35537592375827
5391863 26 0.3589270698331344	5386906 28 0.3577776447886082	5390513 24 0.3556619998416032
5401699 26 0.3575161503745183	5396895 28 0.3577776447886082	5400305 24 0.3541395743530796
5411753 26 0.3585378506721369	5406996 29 0.355734244193371	5410148 24 0.3549127529566829
5421756 26 0.3553124830659292	5416996 29 0.3576638214132767	5420358 24 0.3534584408213339
5431735 25 0.35956522708252	5427209 29 0.3586476809591316	5430238 23 0.3542316194249372
5441664 26 0.3523559434057767	5437243 30 0.3575033766257988	5440201 23 0.3540613360420007
5451796 25 0.3582752557710823	5447208 30 0.3571387082118795	5450223 23 0.3555938864884287
5461625 26 0.3562384045367273	5457346 30 0.3582390008400842	5460314 23 0.35457218619081
5471420 26 0.3573386971649319	5467343 29 0.3566147593413059	5470396 23 0.354814167840246
5481514 26 0.3573386971649319	5477256 29 0.3577045729920991	5480632 23 0.3544700161610482
5491458 26 0.3580198306966776	5487297 29 0.3580829805097355	5490458 22 0.3542011476616749
5501546 26 0.3539330295062033	5497181 29 0.3569826878815309	5500377 22 0.3562913079959336
5511680 26 0.3571684137819955	5507036 28 0.3576638214132767	5510168 22 0.3542479074006963
5521726 26 0.3577010294759921	5517148 28 0.358039619223895	5520124 23 0.3548369958605845
5531557 25 0.3590632965394835	5527078 28 0.3568097947915763	5530181 23 0.3558322832245396
5541621 25 0.3566007368477875	5537191 28 0.356718103739226	5539881 23 0.3550591046209364
5551665 25 0.3601880401149817	5547137 28 0.3573992372709717	5549880 22 0.3544700161610482
5561746 24 0.3583716840303264	5556969 28 0.3573206449403856	5559966 22 0.3556101744641878
5571709 25 0.3564781328120734	5566960 27 0.3585126286209405	5569950 21 0.3566318747618064
5581808 24 0.3602756144262061	5576987 28 0.3554475277280849	5579882 21 0.356084360726719
5591739 24 0.3554872456980337	5587015 28 0.357490928323322	5589924 21 0.3539692618649822
5601598 24 0.3584501765611276	5597131 28 0.3551448017139756	5600026 20 0.355743793960846
5611584 24 0.3565486787850041	5607250 28 0.3578693358409585	5609995 20 0.3551612455455372
5621780 25 0.3567359905062342	5617251 29 0.3547663941963391	5619952 20 0.3546503953967279
5631809 25 0.3576532503289851	5627384 30 0.3561312709668488	5629943 20 0.354929040932442
5641792 25 0.357880294839567	5637370 30 0.3552594200462142	5639923 20 0.3544700161610482
5651675 26 0.3573613359582369	5647446 30 0.357370933994626	5649893 20 0.3556818727306874
5661729 24 0.359710373394642	5657527 29 0.3561108369608963	5659894 20 0.3543815268973546
5671697 25 0.3581469099648503	5667435 29 0.3568600838458167	5669843 19 0.3553413059648144
5681711 24 0.3592912142981832	5677559 29 0.3551572500164524	5679650 19 0.352879448214189
5691732 24 0.3577382298458028	5687293 29 0.3558383835481981	5689584 20 0.3539011485118076
5701621 24 0.3573295497267555	5697391 29 0.3563492336970074	5699520 20 0.3546503953967279
5711689 25 0.3604627639727858	5707516 28 0.3563492336970074	5709400 19 0.3553315289284736
5721897 25 0.3597439677634023	5717475 28 0.3554853684798485	5719322 19 0.3531279699082043
5731830 25 0.3604251012951481	5727495 29 0.3579374491941331	5729252 19 0.354428315741537
5741874 24 0.3598987708387991	5737503 29 0.3557362135184363	5739303 19 0.3544510201925952
5751711 25 0.3565562628348324	5747561 30 0.3567579138160549	5749348 18 0.3532641966145534
5761817 24 0.3630877141919723	5757543 29 0.3544761164847067	5759268 18 0.3521558609115813
5771740 24 0.3576027316245145	5767495 29 0.3548166832505795	5769099 19 0.3509071161033808
5781744 24 0.3607700025471321	5777464 29 0.3556162747878462	5779123 19 0.3524127796998713
5791696 25 0.358343464340288	5787341 28 0.3545945744902277	5789320 20 0.3516635328149511
5801611 26 0.3604591579717354	5797322 27 0.3570818862492577	5799482 19 0.3546163387201406
5811587 25 0.3610733689431943	5807458 27 0.3563326393643375	5809366 19 0.3513910794022527
5821544 26 0.3604839264637989	5817438 28 0.3567413194833849	5819342 18 0.3520722129339984
5831712 25 0.3612436523261306	5827499 27 0.3564626739476707	5829231 19 0.3512476828692536
5841823 26 0.3608399735372114	5837681 28 0.3560601859516391	5839273 20 0.3512775571469618
5852002 26 0.3614294160166068	5847622 28 0.3567413194833849	5849352 19 0.353093913231617
5862015 26 0.3617699827824797	5857666 27 0.3550384856540206	5859413 19 0.3507254804949153
5872054 26 0.3597730231098615	5867522 27 0.356282294711991	5869433 18 0.3522311440914058
5881924 26 0.3597885034174011	5877459 27 0.3552605944143725	5879455 18 0.3507254804949153
5891932 26 0.3602838732586707	5887354 26 0.356282294711991	5889386 18 0.3509006291173641
5901894 26 0.3618319040126383	5897331 27 0.3564147373431638	5899367 18 0.3504919489983167
5911742 25 0.3581264926571133	5907417 27 0.357474278392546	5909471 19 0.3513093092364115
5921661 25 0.3577267945187043	5917237 27 0.3554308777973089	5919544 19 0.3519976125948072
5931624 25 0.3598188475090661	5927331 27 0.3564525780949275	5929679 19 0.3519976125948072
5941635 26 0.3573327101181942	5937306 27 0.3552227536626087	5939805 19 0.3521779126473282
5951630 25 0.3614880077865113	5947368 28 0.3554308777973089	5949722 19 0.3514967791155824
5961443 25 0.3579519224197812	5957395 27 0.3553930370455452	5959791 20 0.3529271595322485
5971453 24 0.3609683709175123	5967434 28 0.3564147373431638	5969995 19 0.3543575399489144
5981603 26 0.3562967679376391	5977585 29 0.3553144447149592	5979926 19 0.3532522459905816
5991756 26 0.359769837876075	5987558 29 0.3563795062984184	5989878 19 0.3521779126473282
6001829 26 0.3578468100170516	5997440 29 0.3564235180035465	5999961 20 0.3518218655739157
6011908 25 0.3595662381790859	6007340 29 0.3552792136702137	6010012 20 0.3517465823940911
6021900 26 0.3566029241913237	6017393 29 0.3564235180035465	6019864 20 0.352613479616313
6031941 26 0.3596846961846069	6027340 29 0.3554018177059279	6030039 20 0.3521026294675036
6041986 26 0.3585960569019719	6037398 29 0.3566414807337052	6040090 20 0.352613479616313
6052001 27 0.3581521457381791	6047329 29 0.3576631810313237	6050077 21 0.3505133178934303
6062037 25 0.3593417213708945	6057344 29 0.356982047499578	6060011 21 0.3518755849569217
6071946 25 0.358871452687638	6067316 29 0.3563009139678323	6070086 20 0.3534648965309951
6082067 25 0.358871452687638	6077615 29 0.3581263518329109	6080113 20 0.3536082930639942
6092121 26 0.358871452687638	6087676 29 0.3574012065960369	6090261 20 0.3530244643224978
6102111 25 0.358950045018224	6097659 30 0.3574452183011651	6100388 20 0.3530244643224978
6112125 26 0.3572367322114482	6107618 30 0.3563554046503719	6110422 20 0.3538658645675955
6122151 25 0.3589852760629695	6117650 30 0.3569925264769895	6120378 19 0.3531847310358498
6132185 26 0.3598262140002402	6127686 30 0.3557528634492123	6130328 19 0.3524354841509295
6142154 26 0.3579635757653508	6137652 30 0.3581368308103223	6140314 19 0.3508325157641896
6152056 26 0.3597345229478898	6147552 30 0.3568531560774169	6150273 19 0.3515136492959353
6162032 26 0.3587260914853052	6157455 30 0.353709462853975	6160116 19 0.3518273292118708
6172004 26 0.3597345229478898	6167441 30 0.355869296531562	6170182 20 0.3524163093834392
6182029 25 0.3587942048384797	6177371 31 0.3564823167101331	6180136 19 0.3548683900977238
6191758 26 0.3577425646053997	6187389 31 0.3552831498595783	6190122 18 0.3534380096810578
6201726 26 0.3581617237018587	6197424 32 0.3563834424877829	6200151 18 0.3520296508748166
6211662 26 0.3597964441780485	6207556 32 0.355234029652962	6210076 18 0.3520296508748166
6221862 26 0.3581617237018587	6217677 32 0.3547231795041527	6220006 19 0.3507595371715025
6231855 27 0.3574124768169384	6227772 33 0.3588099806946271	6229988 19 0.3516521805894219
6241988 26 0.3604813617849704	6237787 33 0.3576334773216117	6240078 20 0.3522411607609903
6252140 26 0.3551504731095896	6247741 33 0.3586551776192303	6250030 20 0.3532628610586089
6262083 26 0.3586583107980802	6257909 32 0.3596768779168489	6259930 21 0.3539439945903546
6272246 27 0.3581238829500951	6267884 33 0.3577882803970084	6270067 21 0.3540987976657514
6282225 26 0.3590471972931282	6277925 33 0.3555114843957885	6279931 21 0.3534331444415453
6292470 27 0.3562848224143816	6287893 33 0.3585765852886442	6289812 21 0.3524114441439267
6302458 27 0.3591834239994773	6297907 34 0.3589171520545171	6299859 21 0.3544548447391639
6312616 27 0.3600750897137626	6307896 34 0.356693451406759	6309921 21 0.3538418245605927
6322699 28 0.3585425392673347	6317719 34 0.3565708473710448	6320044 22 0.3539966276359894
6332850 28 0.3595642395649533	6327957 34 0.3556339103573768	6330011 21 0.3542752731717036
6342750 28 0.358736400349447	6337798 34 0.3577937440349636	6340036 22 0.3519532270407523
6352790 28 0.3598262140002401	6347807 34 0.3567342029855814	6350301 22 0.3528448927550376
6362769 28 0.35957152928837	6357837 34 0.3597993038784372	6360494 21 0.3527899551222652
6372635 28 0.358576595943922	6367787 35 0.3577937440349636	6370660 21 0.3516444123643292
6382631 28 0.3603507161087516	6377924 35 0.3585732635212949	6380460 21 0.3528363960448843
6392665 28 0.3591392714701467	6387839 35 0.3575515632236762	6390529 21 0.3520004594377418
6402774 28 0.3601609717677653	6397646 35 0.3565298629260577	6400458 21 0.3512470844708109
6412949 28 0.3597345229478898	6407718 35 0.3575108116448539	6410421 21 0.351432848161287
6422918 28 0.3591392714701468	6417711 35 0.3575894039754399	6420651 20 0.3505659509390652
6432889 28 0.3598544616784797	6427539 34 0.3545243030825841	6430661 20 0.3514741289813928
6443035 29 0.3594658536103679	6437436 35 0.3537069428444893	6440609 20 0.3521552625131386
6452924 29 0.3602960241059563	6447504 35 0.3565298629260577	6450625 21 0.3505659509390652
6462965 29 0.359785173957147	6457456 34 0.3555081626284391	6460754 21 0.3520397130747174
6473011 28 0.3625778214373044	6467316 34 0.3577151517043776	6470921 21 0.3513443892610603
6483288 29 0.3587166067254475	6477216 35 0.356693451406759	6480862 22 0.3520397130747174
6493366 28 0.3621010279650825	6486972 34 0.3554674110496167	6490648 21 0.3516230347967745
6503238 28 0.3577568276579877	6497065 34 0.3575925476686633	6500774 22 0.3503226889634417
6513263 28 0.359387764059001	6507032 33 0.3575925476686633	6510862 22 0.352644735094393
6523462 28 0.3595277748405266	6517159 33 0.3567511474235657	6520901 22 0.3499402343065792
6533595 28 0.3587747438804299	6527022 34 0.3565808640406292	6530907 22 0.3516230347967745
6543454 27 0.3591934001976695	6536991 33 0.3553788636904898	6540813 22 0.3532123463708478
6553386 27 0.3584403692375728	6546958 34 0.3565808640406292	6550713 22 0.3540792435930697
6563589 27 0.3586825500488602	6556847 34 0.3567411307539812	6560800 22 0.352531212839102
6573592 26 0.3594999102869551	6566954 33 0.3557194304563626	6570828 22 0.3542071598185291
6583527 27 0.3572143288804305	6577158 33 0.3579431311041207	6580804 22 0.3537117899772594
6593481 27 0.3617313629659569	6587228 33 0.3569214308065021	6590895 22 0.3526900896796408
6603585 27 0.3592414414999086	6597186 33 0.3579431311041208	6600764 21 0.3548591019131999
6613584 27 0.3599127364361958	6607270 34 0.3569214308065021	6610853 22 0.3530925776756724
6623504 26 0.3608965959820507	6617321 34 0.3567032900022176	6620812 21 0.3542956187187557
6633470 26 0.3597348849029067	6627232 34 0.356873573385154	6630906 21 0.352995272885423
6643662 24 0.3623677279775392	6637135 34 0.3577249902998362	6641085 21 0.352995272885423
6653699 26 0.3580011380901785	6647073 35 0.3577249902998362	6651000 21 0.352995272885423
6663601 25 0.3624055687293027	6657183 35 0.3596018915873133	6661139 21 0.3531555395987749
6673494 27 0.3576128919770834	6667094 34 0.3575584909920761	6671155 22 0.352995272885423
6683464 27 0.3643846400465417	6677166 34 0.3577628310515998	6681255 22 0.3542956187187557
6693479 28 0.3583423452380042	6687095 35 0.3565190219936293	6691110 23 0.3527899551222652
6703499 26 0.3621331153166045	6696977 34 0.3585801912896946	6701088 23 0.3548751644253333
6713487 27 0.3585193235231757	6707078 35 0.3544756213983922	6710863 24 0.3524444526061623
6723479 27 0.3599194313384308	6716985 35 0.355292981636487	6720939 23 0.3529553027549716
6733489 28 0.3588977310408122	6726915 35 0.3575584909920761	6730907 24 0.3517633190744165
6743408 27 0.3611728334699253	6736852 35 0.3575584909920761	6741104 25 0.3535521054685012
6753417 28 0.3601132924205432	6747008 34 0.3585801912896946	6750957 25 0.3531070982277607
6763491 28 0.361645842866971	6756962 34 0.3577628310515998	6760911 24 0.353690926969257
6773401 28 0.3612371627479236	6766892 34 0.3536760298611255	6770947 24 0.3538258944371441
6783396 28 0.3604198025098287	6776767 35 0.3567058997092357	6780911 24 0.3527295938003344
6793511 29 0.3584785719443534	6786843 34 0.3563146819341056	6790903 25 0.352145765058838
6803583 30 0.3623258020305585	6796870 33 0.3564837909488839	6800822 25 0.3549637117844602
6813577 29 0.3608409309313529	6806816 33 0.3577035599998515	6810805 25 0.3538738981336672
6823543 30 0.3610997616734162	6816762 33 0.3568861997617566	6820843 25 0.3538738981336672
6833470 30 0.3626663687964314	6826805 33 0.3554732816890079	6830902 25 0.3539491813134916
6843419 30 0.3604526848182578	6836849 34 0.3556423907037862	6840862 25 0.3553795617301577
6853294 30 0.3633815590047643	6846842 34 0.3554973216960107	6850821 26 0.3538738981336672
6863405 30 0.3613078858081162	6856913 34 0.3575407222912479	6860782 25 0.3519836902082072
6873403 29 0.3622917453539712	6866809 34 0.3562403764579151	6870571 26 0.3512628862619752
6883328 30 0.3609975916436543	6876963 34 0.3572268457107883	6880628 26 0.3564045711785377
6893293 29 0.3643351459492085	6887138 34 0.3551834451155511	6890671 27 0.3539816819013279
6903298 28 0.3563690273210068	6897228 34 0.3572268457107883	6900676 26 0.3547836514471089
6913258 28 0.3615263825244802	6907168 34 0.3562051454131697	6910552 27 0.3550033821989465
6923396 28 0.3595851519590049	6917252 35 0.3562051454131697	6920385 26 0.3534519113766368
6933400 29 0.3583931682784499	6927378 35 0.3580442059488832	6930241 26 0.3529599816037093
6943409 30 0.3598904876801323	6937533 35 0.3570225056512646	6940239 25 0.3531402816562303
6953473 30 0.3596520909440213	6947499 35 0.3549791050560274	6950327 25 0.353216492401041
6963540 29 0.3608440746245763	6957614 35 0.3559326920004715	6960264 25 0.353700455699913
6973394 29 0.358187653850768	6967764 34 0.3579760925957086	6970301 26 0.3554032895292773
6983320 29 0.3596715519020711	6977879 34 0.3557964652941222	6980155 26 0.3554818818598633
6993417 30 0.358187653850768	6987891 33 0.3561370320599951	6990154 26 0.3560182745161131
7003327 29 0.3602310544460052	6997882 33 0.3583607327077532	7000146 26 0.3566312946946843
7013299 29 0.3573525249118449	7007784 33 0.3574071457633092	7010156 25 0.3563896021511616
7023226 29 0.3604207987869915	7017871 34 0.3563854454656906	7020330 26 0.3562121355982253
7033281 29 0.3554732155765283	7027829 34 0.3572268457107883	7030354 26 0.3565339899044349
7043369 29 0.3587683096099736	7037755 34 0.357907979242534	7040153 26 0.3550273350876701
7053400 28 0.3575909216479559	7047865 34 0.3569215099896609	7050244 26 0.3557798777800021
7063407 28 0.3578986061053997	7057931 35 0.3562403764579152	7060181 26 0.3544176107165106
7073520 28 0.3575580393395268	7067871 35 0.3563146819341056	7070103 26 0.3569171275160418
7083525 29 0.3577120347467042	7077986 34 0.3560360363983915	7080129 27 0.3567042732873713
7093564 28 0.3584472038021506	7087992 35 0.3575407222912479	7090157 26 0.3565977262858616
7103806 28 0.3562524628929633	7097918 34 0.3573363822317242	7100201 25 0.3555381852364794
7113877 28 0.3581953857156603	7108003 35 0.3577628310515998	7110182 25 0.3563824189811617
7123838 29 0.358239102360555	7117963 35 0.3596018915873133	7120112 25 0.3565952732098324
7133960 28 0.3580385236831032	7128068 35 0.3573363822317242	7129891 26 0.3545518726145951
7144138 29 0.3582958634882005	7138052 35 0.3562768411823419	7139777 26 0.3556521652427997
7153880 27 0.3604743164216286	7147973 36 0.3552551408847234	7149661 26 0.3549710317110541
7163701 27 0.3552307625953448	7158089 36 0.3547494508384273	7159752 26 0.3553773897839705
7173679 27 0.3585846048766579	7168070 36 0.3560497966717601	7169596 26 0.3560585233157162
7183522 27 0.3590386938978217	7178077 36 0.3567928514336645	7179507 26 0.356739656847462
7193581 26 0.358357560366076	7188099 36 0.3559712043411741	7189334 26 0.3558168307721936
7203598 27 0.3571795613111727	7198062 36 0.3582367136967631	7199234 26 0.3551003136803573
7213728 27 0.3577445401875047	7208158 36 0.3572150133991445	7209125 27 0.3571437142755944
7223756 27 0.3568931232728226	7218080 36 0.3570714969693787	7219070 27 0.3576194265834802
7233894 27 0.3584256737192505	7228138 37 0.3561933131015259	7229133 27 0.3569382930517345
7243915 27 0.3567746652673016	7238252 38 0.3547009823495401	7239185 26 0.3565977262858616
7253974 27 0.3580851069533778	7248121 38 0.3554538141477854	7249201 26 0.3581019239109534
7264052 27 0.357285515416111	7258081 38 0.3554538141477854	7259255 27 0.3565598855340981
7274031 27 0.3569449486502381	7268032 38 0.3574972147430226	7269192 27 0.3569382930517345
7283955 27 0.3579666489478567	7277907 39 0.3562754612402759	7279202 27 0.3579599933493531
7294008 27 0.3559232483526196	7287851 38 0.357008989659079	7289184 27 0.3568361230219727
7304128 26 0.3584093857434915	7297962 37 0.3562754612402759	7299167 27 0.357831133134178
7314115 28 0.3573384924685801	7307845 37 0.3555226294420306	7309078 28 0.357831133134178
7324191 28 0.3616334177937545	7317854 37 0.3575660300372678	7318996 28 0.3555090870032267
7334123 28 0.3599305839643902	7328028 37 0.3562037629737763	7329030 28 0.3561902205349725
7344156 28 0.3604414341131995	7338004 37 0.3574874377066817	7339184 29 0.3561902205349725
7354131 28 0.3566433743111825	7347954 36 0.3551820626761578	7348988 29 0.3577959020894326
7364078 28 0.3612614596564186	7357934 36 0.355771151136046	7359074 28 0.3575172565537184
7374185 28 0.3583555847839709	7367810 36 0.3554305843701731	7369159 28 0.3565307873008453
7384292 27 0.3602662854907506	7377734 37 0.3557711511360458	7379159 29 0.3574905663683052
7394320 27 0.3599802094074175	7387982 37 0.35624160372554	7389203 29 0.3586473190041147
7404146 26 0.3592445851931321	7397890 37 0.35624160372554	7399100 28 0.3568361230219727
7414179 28 0.3567069843798616	7408039 37 0.3558329236064925	7409062 29 0.3551685202373538
7424135 28 0.3642564222729285	7418131 38 0.3551820626761577	7419032 29 0.3571414587431
7434138 28 0.3592803634160083	7428028 38 0.355934894474403	7428892 29 0.357346973170782
7444164 27 0.3625535884435642	7438011 39 0.355934894474403	7438949 29 0.354622439043799
7454340 29 0.3592663787903565	7447839 39 0.3556467225955875	7448957 30 0.3573117421260364
7464334 29 0.363029207547628	7457783 39 0.3559086970308744	7458806 29 0.3589464626022262
7474437 29 0.360231694827958	7467751 38 0.3559086970308744	7468777 29 0.3579928756577822
7484520 29 0.3623480740158822	7477803 39 0.3544321138501668	7478763 29 0.3574541609554016
7494596 30 0.3607425449767673	7487779 39 0.3541439419713514	7488549 29 0.3574479688323856
7504611 29 0.3623772654529571	7497664 39 0.3541439419713514	7498424 29 0.3588102358958771
7514664 29 0.3605204362164155	7507596 38 0.3522000461007518	7508510 29 0.3570085278441625
7524792 29 0.3626156621890681	7517605 38 0.3526108220152816	7518482 29 0.3557824874870202
7534880 29 0.361423678508513	7527590 38 0.3558462062910738	7528295 29 0.3567668353006399
7544677 30 0.3604019782108945	7537613 38 0.3536802016601223	7538391 29 0.3550640014712756
7554638 30 0.3618664153041477	7547630 38 0.3557236022553595	7548389 29 0.3550640014712756
7564673 29 0.3623772654529571	7557816 37 0.3556759229081373	7558413 30 0.3556089082966721
7574583 28 0.3600095860676062	7567829 37 0.3569664917051292	7568327 31 0.3582653290704805
7584607 29 0.3580695298702891	7577840 37 0.3559447914075106	7578344 31 0.3568394188293843
7594496 29 0.3600398586690171	7587998 37 0.354923091109892	7588357 31 0.3571118722420826
7604399 29 0.3597990538850666	7598091 37 0.3569664917051292	7598423 31 0.3554090384127183
7614575 28 0.3603804254348899	7607890 37 0.3568438876694149	7608401 32 0.3570085278441625
7624454 28 0.3601432030669371	7617831 37 0.3578655879670335	7618495 32 0.3572894954260077
7634473 28 0.3593939561820168	7627923 36 0.3558221873717963	7628697 32 0.3563030261731345
7644220 27 0.35994615273083	7637894 36 0.3557301422999388	7638644 31 0.3564721351879128
7654134 27 0.3596160649423687	7647823 35 0.3555080335395869	7648655 31 0.3558846575167821
7664172 27 0.3605355952102254	7657738 35 0.3547133777525502	7658671 31 0.355986827546544
7674027 27 0.3596841782955433	7667642 35 0.357778478645406	7668603 32 0.3545564471298779
7684143 27 0.3593436115296704	7677718 36 0.3590222877033765	7678628 32 0.3568127019537857
7694174 28 0.3591215027693185	7687898 35 0.3587952431927946	7688774 32 0.3574257221323568
7704262 28 0.3590429104387325	7697835 34 0.3557350780501689	7698727 32 0.355791001656167
7714414 28 0.3604837698328101	7707696 35 0.3570129437847266	7708687 31 0.3564040218347382
7724362 28 0.3582700858546364	7717663 35 0.3568086037252029	7718746 31 0.355510034074322
7734527 28 0.3598026363010643	7727736 35 0.3557869034275843	7728580 31 0.3564328601495904
7744596 27 0.3599461527308301	7737739 35 0.3569788871081393	7738619 31 0.355510034074322
7754703 27 0.3598026363010643	7747657 34 0.3580005874057579	7748724 31 0.355510034074322
7764755 27 0.358934931410623	7757559 34 0.3552582845779469	7758767 31 0.3558434310135449
7774801 26 0.3599426470825898	7767547 34 0.3585454942311545	7768693 30 0.3577951272130818
7784675 26 0.3599566317082415	7777625 35 0.3586680982668687	7778499 30 0.3562606253017391
7794607 26 0.3591052147935594	7787371 34 0.3569788871081393	7788459 31 0.3553666375413229
7804366 26 0.3604188294619262	7797357 34 0.3569611184073112	7798539 30 0.3575907871535581
7814271 26 0.3604188294619262	7807364 34 0.3561615268700444	7808351 31 0.3577885355982585
7824334 27 0.3571456044343704	7817331 34 0.3575237939335359	7818427 31 0.3548289005425762
7834252 27 0.3580348621008162	7827440 35 0.3567567783477875	7828388 31 0.3568723011378134
7844294 28 0.3589592576081854	7837357 35 0.3576967426215965	7838291 31 0.3558506008401949
7854312 28 0.3599809579058039	7847306 35 0.3560756448160418	7848274 30 0.3575907871535581
7864274 28 0.3579375573105667	7857498 34 0.3570973451136603	7858315 31 0.3566679610782897
7874296 29 0.3582472110930758	7867594 35 0.3573016851731841	7868370 31 0.3566679610782897
7884363 28 0.3574092155287729	7877649 35 0.3581708707886944	7878408 31 0.3546926738362271
7894343 28 0.3615135083522318	7887652 35 0.357778478645406	7888409 31 0.3576896613759084
7904327 28 0.3577672739276303	7897789 34 0.3564781328120732	7898391 31 0.3577577747290829
7914217 28 0.3572564237788211	7907882 35 0.3566205516414383	7908525 31 0.3565998477251152
7924290 28 0.3604132157240272	7917978 35 0.3564162115819146	7918571 31 0.3568723011378134
7934221 29 0.3571048528555479	7927909 35 0.3569889829608826	7928629 30 0.3572809812568608
7944272 28 0.3597406383031483	7937949 35 0.3564781328120732	7938614 31 0.3577204222450839
7954212 28 0.3587055166551504	7948023 35 0.3584596121771518	7948675 30 0.3565998477251152
7964172 28 0.3604570028796394	7957948 35 0.3562459281989782	7958770 30 0.3586432483203524
7974451 27 0.358617942343926	7967985 35 0.3565864949648511	7968867 30 0.35613156842204
7984446 28 0.3612947971236867	7977988 34 0.3565864949648511	7978778 31 0.3576215480227337
7994515 27 0.3557766424686439	7987831 34 0.3552582845779469	7988753 31 0.3585443740980021
8004523 27 0.3590631117593169	7997956 34 0.3565020936359173	7998790 31 0.3571821070345107
8014733 27 0.355861784160112	8007733 34 0.3582049274652816	8008877 31 0.3547300263202261
8024748 25 0.3585863182870949	8017728 34 0.3573058312033772	8018824 31 0.3567734269154633
8034638 26 0.3552345009289531	8027570 33 0.3583275315009958	8028824 31 0.3557517266178447
8044719 26 0.3580708108149916	8037496 34 0.3576564146388346	8038778 31 0.3544883337767034
8054716 26 0.3522130624419784	8047322 34 0.357183227167663	8048801 32 0.357454560447209
8064676 25 0.3565382603685637	8057305 34 0.3562841309057586	8058921 31 0.356305147612388
8074705 25 0.3549271175915498	8067296 35 0.3553410229387261	8068967 30 0.3560326941996897
8084506 25 0.356970518186787	8077283 34 0.3581231914414721	8078863 31 0.3561315684220399
8094391 26 0.3528051246657266	8087398 34 0.3565330066192812	8088959 31 0.3568995914219116
8104376 26 0.3561531579486921	8097385 34 0.3575547069168997	8098919 31 0.3567138277314354
8114179 26 0.3503635229288535	8107079 34 0.3556339103573768	8108930 31 0.3575807249536573
8124147 26 0.3547050088311979	8117094 34 0.3565770183244094	8118895 31 0.3567138277314354
8134159 26 0.3549879412213077	8127189 34 0.3564544142886951	8128790 31 0.3571720448346098
8144230 26 0.3565204916677355	8137318 34 0.3561274701934571	8138758 31 0.3564909113028641
8154195 26 0.3544770910724984	8147199 33 0.3561274701934571	8148656 31 0.3563106112503432
8164352 26 0.3544770910724984	8157257 33 0.3563077702459781	8158456 32 0.3548561908266744
8174329 27 0.353591617481229	8167421 34 0.3594954751745481	8168461 32 0.3537067779918535
8184412 27 0.3552958273379301	8177511 35 0.356794981054568	8178291 32 0.3560907453529635
8194471 27 0.3550536465266427	8187749 35 0.3564989499426938	8188533 32 0.3571124456505821
8204351 28 0.3566202536496579	8197544 35 0.3553986573144892	8198572 32 0.3567718788847092
8214347 28 0.3550536465266427	8207435 35 0.358463758207345	8208625 32 0.3547284782894721
8224416 28 0.3571689445502308	8217538 36 0.3564203576121078	8218750 32 0.3547284782894721
8234400 29 0.3537830705155017	8227541 35 0.3582367136967631	8228946 32 0.3560907453529635
8244372 29 0.3566767136572628	8237486 35 0.3565906409950442	8239077 31 0.3526850776942349
8254444 30 0.351354790329223	8247606 35 0.3574897372569486	8249136 31 0.3548561908266744
8264460 30 0.3587201142525	8257632 35 0.3585114375545672	8259031 31 0.3562184578901659
8274548 30 0.3529304792326614	8267455 35 0.35727177452679	8269020 31 0.3568995914219116
8284512 29 0.3594074399072616	8277522 35 0.3562500742291714	8278982 32 0.3567192913693907
8294514 29 0.3548779019211525	8287412 36 0.3563286665597574	8288928 31 0.3557501785870907
8304583 29 0.3577677836808419	8297243 36 0.3571233223467941	8298843 31 0.3570598581352635
8314692 29 0.3582786338296511	8307041 35 0.3580664303138266	8308805 30 0.3577409916670092
8324727 29 0.3595492098407922	8316975 35 0.357350366857376	8318943 31 0.3571587323576137
8334630 29 0.3565692506394047	8326933 34 0.3572717745267899	8328935 30 0.3565149513098669
8344467 29 0.3595557592016744	8336957 34 0.3575987186220279	8338900 30 0.3574084813192538
8354572 29 0.3570015084576279	8347040 34 0.3576773109526139	8348934 30 0.3563867810216352
8364530 29 0.3588746256699287	8357114 34 0.3556339103573768	8359012 29 0.3540028136605252
8374475 29 0.3582421445333076	8367145 34 0.3565770183244092	8369060 29 0.3554331940771912
8384593 29 0.358193492138183	8377164 34 0.3587776035808185	8379161 28 0.353616837992536
8394841 29 0.3582898238805298	8387189 34 0.3597207115478512	8389056 28 0.3556954696325186
8404841 29 0.3580708881024688	8397177 34 0.3555553180267907	8398846 29 0.3560360363983915
8414842 30 0.357389754570723	8407108 34 0.3589609856855193	8408911 29 0.3574765946724284
8424974 29 0.3594501835042538	8417226 33 0.3580178777184869	8419140 29 0.3566819388853917
8434961 30 0.3553633823137795	8427278 34 0.3570978851428031	8429327 29 0.3577036391830103
8444768 29 0.3593820701510793	8437209 33 0.3588383816498051	8439384 29 0.3577036391830103
8454659 30 0.3526388481867965	8447225 33 0.3560321731400564	8449339 29 0.3551215238853924
8464788 29 0.3596091146616612	8457075 32 0.3590972740329122	8459530 29 0.3561609928838391
8474904 29 0.3509360143574323	8467103 32 0.3592899178600725	8469559 29 0.3563312762667756
8484972 29 0.3576678840961858	8477048 32 0.3572465172648354	8479393 30 0.3542878756715384
8494963 29 0.3557429415064697	8487199 32 0.3582303768106903	8489464 30 0.3523807017826504
8504891 29 0.3567646418040882	8497358 32 0.3570762338818989	8499298 29 0.353402402080269
8514877 29 0.3563763956909931	8507370 31 0.3570762338818989	8509218 29 0.3575573166239179
8525004 29 0.3568531891632152	8517440 31 0.3573742298020376	8519213 30 0.3567159163788202
8534981 29 0.3551503553338508	8527459 31 0.3600987639290205	8529282 30 0.3576695033232642
8545123 29 0.357432152665199	8537382 31 0.3568633796532283	8539232 31 0.3574992199403278
8555232 29 0.3566284150977391	8547366 32 0.3578850799508469	8549230 30 0.3585923293985326
8565131 29 0.3544147311195655	8557347 32 0.357927650796581	8559276 31 0.3576695033232642
8575048 28 0.3550215591751207	8567288 32 0.3582682175624539	8569213 30 0.3585923293985326
8584764 29 0.3538872866380862	8577296 32 0.3582682175624539	8579296 31 0.3567704070613599
8594636 29 0.3552824360100068	8587253 33 0.3592899178600725	8589278 31 0.3576932331366283
8604401 29 0.3563041363076253	8597291 32 0.3581134144870571	8599344 32 0.3568263359144064
8614465 30 0.3498952889861996	8607402 32 0.3592899178600725	8609220 31 0.3585872208970445
8624419 30 0.3530966165854045	8617480 32 0.3580979341795175	8619258 32 0.3536064319461539
8634543 30 0.3512389796806435	8627515 33 0.3557945840721648	8629330 32 0.3545004197065702
8644611 31 0.3524154830536589	8637879 33 0.3573426148261324	8639477 32 0.3545004197065703
8654454 31 0.3465888950416287	8647893 33 0.3584021558755145	8649530 32 0.3577203236748227
8664459 31 0.3521998430830093	8657890 33 0.3573426148261324	8659381 32 0.3547829353191693
8674488 31 0.3504962015854256	8668007 34 0.3570639692904182	8669522 32 0.3556769230795855
8684550 31 0.3511773351171714	8678159 34 0.3565431024720244	8679439 31 0.3567772157077901
8694393 31 0.3505230884353629	8688164 34 0.3579432102872795	8689369 31 0.3579266285426111
8704304 31 0.3504663273077175	8698069 34 0.3568836692378973	8699479 31 0.352739534723932
8714221 30 0.3502676633609583	8707983 34 0.3557833766096926	8709395 31 0.3556498325413911
8724300 31 0.3475697620211405	8717955 34 0.3555214021744058	8719283 31 0.3555272285056769
8734249 30 0.3516825634700846	8728048 34 0.3557938555871041	8729132 30 0.3533035278579188
8744191 29 0.3509811057926335	8738124 34 0.3574966894164684	8739115 31 0.3564675029731247
8754152 29 0.3490512274526874	8748097 33 0.356580943223788	8749250 31 0.355346928453156
8764088 29 0.3508902879884008	8758036 33 0.3542713218102607	8759233 31 0.3541208880960137
8773928 29 0.3501896934986052	8768099 34 0.3552825431304678	8769235 30 0.3561642886912508
8783833 29 0.3499626489880233	8778089 33 0.3551022430779469	8779282 31 0.3523807017826504
8793882 28 0.3529233094060114	8788026 33 0.3542608428328492	8789245 31 0.3533035278579187
8803780 29 0.3506880953449378	8797872 33 0.354941976364595	8799364 30 0.3551766450702195
8813789 28 0.3547396654906667	8807901 33 0.3537976720312621	8809448 30 0.3542538189949511
8823838 29 0.3545947546408321	8818143 33 0.3540224460967383	8819513 30 0.3576695033232642
8833924 28 0.3539904186057464	8828122 32 0.3569853769598321	8829599 30 0.3566478030256456
8843853 28 0.3550204630981731	8838303 32 0.3556553089360233	8839540 30 0.3564775196427092
8853954 28 0.352411721671587	8848215 32 0.3557779129717374	8849621 29 0.3576540230157245
8864007 28 0.3559025310217839	8858222 32 0.3556553089360233	8859634 28 0.3585890335911209
8874061 28 0.3536622162589104	8868146 32 0.3553147421701504	8869550 29 0.357261997572375
8884061 29 0.3526088919044608	8878037 32 0.3557779129717375	8879386 29 0.3582484668252481
8894124 29 0.3552811666484046	8887927 32 0.3568782055999421	8889258 29 0.3584087335386
8904147 29 0.3507289242112374	8898119 31 0.3570144323062912	8899282 30 0.3530781232901553
8914187 29 0.3553095472122274	8907941 31 0.3566312946946842	8909206 30 0.3591402117226922
8924309 30 0.3475500625709576	8918092 31 0.3560139876617175	8919287 30 0.3578398658893594
8934316 30 0.3538475427387302	8928070 30 0.3555310020664796	8929209 30 0.3560751108298364
8944344 30 0.3519744255264294	8938143 30 0.3559704430547027	8939258 30 0.3542120102871202
8954130 30 0.3524658147171889	8948305 30 0.3546081759912113	8949151 30 0.354712843766345
8964217 31 0.3521933613044906	8958179 30 0.3556298762888299	8959093 31 0.3544341982306308
8974150 31 0.354308171060314	8968286 29 0.3569921433523213	8969254 31 0.3551967575925473
8984062 32 0.3448774766465111	8978265 29 0.3548942520745445	8979230 31 0.3529730569447891
8993914 30 0.3525998280626782	8988298 28 0.3559221444951789	8989089 32 0.3550164575400264
9003876 31 0.3501870223867161	8998453 29 0.3556168087740515	8999219 32 0.3550690450553449
9014028 31 0.3511949901534527	9008527 29 0.3564848200214036	9009142 31 0.3542076114710783
9023874 32 0.3532864707626954	9018563 29 0.3548841562218012	9019168 31 0.3545156240608015
9034037 32 0.3538398917572388	9028503 29 0.355463119723785	9029061 31 0.3563787246035178
9044040 32 0.3530371272376813	9038374 28 0.3550707275804967	9039235 31 0.353313623710662
9054101 33 0.353820430799189	9048203 28 0.3560092009173398	9049231 30 0.3548561908266744
9064134 33 0.3562766395954841	9058181 29 0.3552599540324196	9059250 31 0.3569984656442617
9074106 34 0.3548576114043472	9068136 29 0.3559739698725943	9069185 31 0.3560326941996897
9083999 34 0.3543367445859534	9078004 29 0.3572681235829112	9079219 30 0.3550109939020712
9093899 34 0.3543367445859534	9087969 29 0.356757273434102	9089182 31 0.356317332112516
9103948 34 0.355585489394154	9097957 29 0.3579492571146569	9099096 31 0.355877891124293
9114005 34 0.3556990116494448	9108090 29 0.3574384069658477	9109149 32 0.3560326941996897
9123906 34 0.3538803851196838	9118101 29 0.3555134643761315	9119003 32 0.3560326941996897
9133925 33 0.3564346358637303	9128124 30 0.3567572734341019	9128944 32 0.3579483822577246
9143963 34 0.3542023494991854	9138123 30 0.3572000102297366	9139139 32 0.3548832813648689
9154067 34 0.3551223420748691	9148037 30 0.3572000102297366	9149167 31 0.3567138277314355
9164053 34 0.3547817753089963	9158065 30 0.3570637835233875	9159243 31 0.3552834473147695
9174148 33 0.3548304277041209	9168081 29 0.356042083225769	9169199 31 0.3554111598519719
9183959 34 0.3550107277566419	9178127 29 0.3570978401999748	9179294 31 0.3556921274338168
9193816 34 0.3565132281943162	9188079 29 0.3561101965789435	9189210 32 0.3542617470171509
9203737 34 0.3527383747137591	9198083 29 0.3573021802594985	9199387 32 0.3539792314045518
9213779 33 0.3558899687535031	9208047 28 0.3554290630471977	9209322 32 0.356022631999789
9223655 33 0.3550107277566419	9218273 28 0.3567788818082125	9219161 32 0.3547284782894721
9233678 33 0.3554572486274529	9228403 28 0.3564519377129746	9229047 32 0.3557501785870907
9243660 32 0.3538382050341367	9238275 28 0.3577665254292439	9239110 32 0.3522763975751875
9253739 33 0.3550633608022767	9248090 28 0.359888518355067	9249067 32 0.3541394981179037
9263694 33 0.3557399413023933	9258019 27 0.3587882257268624	9258932 31 0.3559785586536172
9273796 34 0.3537882317595064	9268022 27 0.356622221095911	9269014 32 0.3556223078919475
9283841 34 0.3561726614284434	9278093 27 0.3571330712447203	9279173 32 0.3526338345214132
9293826 34 0.3542409852247256	9288013 27 0.3561113709471017	9289243 33 0.353451194759508
9303830 33 0.3569454860125396	9298123 27 0.3571330712447203	9299149 33 0.3550063953401256
9313837 33 0.353637981715739	9308050 28 0.3559410875641653	9309305 33 0.3560280956377441
9323893 33 0.3549257247575218	9318125 27 0.3570853918974981	9319356 34 0.3546658285742527
9333968 33 0.3545851579916489	9328183 27 0.3552940107090068	9329331 34 0.357959309533635
9343979 33 0.3552662915233947	9338256 26 0.3568265611554348	9339148 34 0.3538725083431606
9354155 34 0.3540743078428396	9348196 25 0.356400474290576	9349282 34 0.3530311080980629
9364057 33 0.3554265582367466	9358211 25 0.3553001816623714	9359310 34 0.3543933751615544
9374145 34 0.3531547775749829	9368148 24 0.3553001816623714	9369469 34 0.3523499745663172
9384225 34 0.3565027492169049	9378271 24 0.354564557448086	9379540 35 0.3535264779393326
9394217 34 0.3533659906108677	9388199 24 0.3558927678349901	9389522 35 0.3549568583559986
9404128 35 0.3539449541128515	9398239 23 0.3557670201060525	9399572 35 0.3543438381774275
9414404 34 0.3552967421989315	9408127 23 0.3538834239163403	9409520 35 0.3549568583559986
9424332 34 0.3494015314816723	9418092 23 0.3549837165445449	9419480 36 0.3565149513098669
9434332 34 0.3519762162316711	9428078 23 0.3550215572963085	9429552 36 0.3542445062040478
9444361 34 0.3509545159340525	9438135 24 0.3560432575939271	9439593 36 0.3567273477875081
9454358 34 0.3528446614846468	9448072 24 0.3568265611554347	9449783 36 0.3544114937795727
9464280 33 0.3533555116334562	9458157 25 0.3551237273260704	9459849 35 0.3544114937795727
9474209 34 0.3502152857187167	9468044 25 0.3569151085145617	9469899 35 0.3556602385877732
9484253 34 0.3531171148973452	9477820 25 0.3560636915998795	9479793 36 0.3577036391830103
9494326 35 0.3527765481314723	9487766 25 0.3569151085145617	9489867 35 0.3575118257171739
9504314 35 0.351938753887425	9497884 26 0.3570853918974981	9499810 35 0.3567171699301372
9514381 35 0.3545304669757176	9508066 26 0.3552390416383679	9509584 34 0.3580175157634699
9524541 35 0.35055945848564	9517991 26 0.3552038105936224	9519498 34 0.357200155525375
9534535 35 0.3512600529754356	9528021 25 0.3574012065960369	9529449 34 0.357200155525375
9544584 36 0.3530991135111491	9538112 25 0.3572237400431007	9539432 35 0.357200155525375
9554403 35 0.3507946117287427	9548212 25 0.3573226142654509	9549434 36 0.3556954696325186
9564402 36 0.3504086360607535	9558101 26 0.3572237400431007	9559345 36 0.3575118257171739
9574398 34 0.3526336722644562	9568125 26 0.3562806320760681	9569186 36 0.3564901254195553
9584312 33 0.3470540534169058	9578177 27 0.3576854699852937	9579366 36 0.354787291590191
9594498 33 0.3507932761727981	9588353 27 0.3575530273541209	9589498 35 0.3537655912925724
9604470 32 0.3491074706817274	9598529 27 0.3569903518278961	9599498 35 0.3573983034618829
9614454 32 0.3477126949724026	9608633 27 0.3578850799508469	9609486 35 0.356000805353646
9624434 32 0.3496709538761715	9618606 26 0.356735667116026	9619456 34 0.3586572261274543
9634425 32 0.3495858121847034	9628532 26 0.3570383931301353	9629457 33 0.3582485460084069
9644697 32 0.3487830476651459	9638495 25 0.3558618897571199	9639452 34 0.3567260122315635
9654776 32 0.3495858121847034	9648708 25 0.3576564146388346	9649364 34 0.3572268457107883
9664724 32 0.349415528801767	9658796 25 0.356794981054568	9659408 33 0.3585891127742798
9674830 32 0.34772729069094	9668701 25 0.3570978851428032	9669498 33 0.3556361985807703
9684748 32 0.349126047050775	9678682 24 0.359296088813437	9679569 32 0.3577477125291821
9694808 31 0.3487003385934339	9688524 24 0.3564489506507399	9689620 32 0.3561996817752145
9704801 32 0.3498872137725009	9698677 24 0.3584923512459771	9699664 31 0.357561948838706
9714746 31 0.3473755338741885	9708518 25 0.3578112177142313	9709690 31 0.3566679610782897
9724834 31 0.3487033388244666	9718592 24 0.3579338217499456	9719694 31 0.3580302281417811
9734882 30 0.3440489263575375	9728538 25 0.3567895174166127	9729719 31 0.3586494404433682
9744751 30 0.3496754611644396	9738547 25 0.3590341143781502	9739734 31 0.357885079950847
9754761 30 0.344311534601942	9748556 26 0.3581981777710077	9749815 31 0.3589067802484656
9764860 29 0.3515405320190851	9758698 25 0.3571764774733892	9759918 31 0.3588715492037201
9774823 30 0.3453162065612669	9768739 25 0.3558142104098977	9770144 31 0.3547166346600711
9784851 30 0.3486537608668209	9778776 25 0.3573312805487859	9780224 31 0.3560789017235625
9794942 30 0.3475469188777341	9788908 25 0.3569907137829131	9790129 32 0.3578013193360977
9804887 30 0.3483131941009481	9798669 25 0.3578576110051349	9800151 32 0.3547073801283898
9814809 30 0.3472914938033295	9808644 25 0.3589171520545171	9810148 32 0.3560193025395348
9824908 30 0.3457233896835413	9818504 25 0.3576773109526139	9820302 32 0.3559511891863603
9834884 30 0.3443611226200499	9828408 25 0.3558142104098977	9830292 31 0.3561895859224713
9844922 30 0.3446230970553367	9838485 26 0.3585387445368807	9840287 31 0.3593823993525294
9854780 30 0.342968915621097	9848470 27 0.3585387445368807	9850265 31 0.3578498489061015
9864811 30 0.3446368195257564	9858498 27 0.3589171520545171	9860390 31 0.3578498489061015
9874619 30 0.3447503417810474	9868565 28 0.3575870840307082	9870280 31 0.3585813270901936
9884710 29 0.3440692082493017	9878625 27 0.357927650796581	9880195 32 0.3576277401457496
9894770 29 0.3437116131451352	9888593 27 0.357927650796581	9890235 31 0.3572213820728331
9904845 28 0.3449603579533356	9898409 27 0.3574168006477718	9900142 31 0.3569466066140039
9914908 27 0.3433576250288831	9908337 27 0.3566930962702919	9910248 30 0.3576277401457496
9924924 28 0.3433778968601851	9918385 26 0.3579839541731971	9920299 31 0.3572675895967059
9935064 27 0.3453058831625431	9928335 26 0.3590392228796384	9930265 31 0.3581904156719743
9945038 28 0.3406239501488768	9938332 26 0.3581163968043699	9940244 31 0.3571687153743558
9954979 28 0.3455977975332913	9948306 25 0.3587975303361157	9950148 32 0.3583606990549107
9965038 30 0.3427137916667329	9958278 25 0.356505254027356	9960363 31 0.3582682175624539
9975018 28 0.3459404334240142	9968280 24 0.3576972377079111	9970381 32 0.3573742298020376
9985012 28 0.3437733327161152	9978214 24 0.356454059152228	9980551 32 0.3577573674136446
9994871 28 0.3464411057154526	9988181 25 0.3553609496940232	9990531 33 0.3580979341795175
10004828 29 0.3458167333113523	9998312 24 0.3578675210908475	10000561 33 0.3589648314017393
10014727 29 0.3462015346111834	10008381 25 0.3589369007356882	10010450 33 0.3579431311041207
10024759 30 0.3478192267490795	10018416 25 0.3561646872614831	10020420 33 0.3601568150822944
10034702 29 0.3481403325569025	10028314 25 0.3571863875591018	10030236 33 0.3589648314017393
10044797 29 0.3470894408222091	10038459 25 0.3570161041761654	10040352 33 0.357905290352357
10054740 29 0.3485003602808253	10048390 25 0.3564534286499406	10050405 33 0.3574861312558982
10064606 29 0.3451433450172213	10058379 24 0.3576972377079111	10060615 32 0.3596081241817213
10074571 29 0.3472775634166912	10068516 25 0.3562319503918762	10070828 32 0.3577573674136446
10084583 29 0.3474633271071673	10078538 24 0.3566951211934632	10080816 33 0.3585569589509113
10094452 28 0.3481066198871494	10088567 24 0.3555508168601305	10090743 32 0.3583643151237509
10104302 29 0.3451145907908028	10098565 25 0.3562319503918762	10100800 33 0.3554540173062919
10114238 28 0.3471227603412945	10108586 25 0.3556734208958447	10110853 32 0.357039888812023
10124150 28 0.3440928904931842	10118639 24 0.3579389302514338	10120836 32 0.3571946918874199
10134138 28 0.3470606865957905	10128661 24 0.3558717998428325	10130815 32 0.3572566131175786
10144127 27 0.3460389862981719	10138559 24 0.3570637835233875	10140795 31 0.3578758254191656
10154176 28 0.3450172860005534	10148531 23 0.3558717998428325	10150933 31 0.3592473470143384
10164254 28 0.3473857730541237	10158456 24 0.3563826499916418	10161001 31 0.3580035379563679
10174316 27 0.3477418201275362	10168481 24 0.3555312330769597	10171039 31 0.3580035379563679
10184165 27 0.3434011418934113	10178536 24 0.3555312330769597	10181019 32 0.3563626253571623
10194097 27 0.3472979089637434	10188742 25 0.3550917920887366	10191025 32 0.3585569589509113
10204139 26 0.3459356419002519	10198699 25 0.3573259100728626	10201204 32 0.3571568511356563
10214065 26 0.345251898661488	10208834 25 0.3573259100728626	10211204 33 0.3548348050047049
10224053 26 0.346685085360506	10218807 25 0.3570842175293399	10221082 32 0.3573426148261324
10234007 26 0.3456289547237044	10228853 25 0.3558404084713694	10230969 32 0.3574974179015291
10244047 25 0.348374820468106	10238778 26 0.3579389302514338	10240794 31 0.3564757176039106
10253895 25 0.3479556613716471	10248849 26 0.3570946965067514	10250781 32 0.3575066724332105
10263860 25 0.3472745278399013	10259010 26 0.3580175225820198	10260835 31 0.3583220678630407
10273763 23 0.34821226081421	10268942 26 0.3584006601936267	10270927 31 0.358449780400243
10283826 23 0.3471178671275999	10278805 25 0.3570020480602595	10280814 32 0.3577686468684972
10293817 23 0.3491681182037598	10288795 25 0.3552206219003092	10291005 33 0.3576409343312949
10303845 23 0.3458747984321639	10298820 25 0.3583275315009958	10301121 32 0.3585078315535167
10313801 23 0.3478841423508138	10308836 26 0.3584978148839323	10311362 32 0.3568162843697835
10323914 22 0.3456704583726402	10318717 26 0.3563627232363447	10321337 33 0.3577593923368159
10333718 23 0.3490753856688344	10328638 26 0.3565430232888656	10331388 32 0.3576831815920052
10343581 23 0.3461302235065686	10338744 25 0.3570538734376749	10341340 32 0.3557945840721648
10353528 23 0.3457045150492275	10348735 25 0.3569752811070889	10351328 31 0.3578758254191656
10363441 21 0.3464424097086187	10358629 25 0.3559535808094703	10361378 31 0.3582256467167198
10373466 22 0.3472131046718114	10368532 25 0.3564167516110574	10371296 30 0.3592473470143384
10383519 21 0.3469809000587163	10378691 24 0.3591412857380403	10381278 31 0.35832452093907
10393481 22 0.345623793097738	10388831 24 0.3559857798491528	10391182 31 0.3578850799508469
10403663 22 0.3474349890798801	10398901 24 0.3568526770713746	10401123 31 0.3582256467167198
10413765 22 0.3470944223140072	10408834 24 0.3571300841824857	10411076 31 0.3592473470143384
10423787 21 0.3464132887822615	10418798 24 0.3579969814047075	10421171 31 0.3572039464191012
10433678 22 0.3438659446369635	10428830 23 0.3572086765130717	10431279 31 0.3576629711904951
10443676 21 0.3470603656374199	10438802 23 0.354916400204312	10441491 31 0.3569818376587493
10453601 22 0.3427931593244639	10448756 22 0.3561238641924068	10451604 32 0.3573224044246223
10463427 22 0.3467027705332534	10458625 22 0.3566614812943866	10461710 32 0.3571946918874199
10473388 22 0.3458400013930422	10468648 22 0.3576831815920052	10471684 32 0.3582163921850385
10483333 21 0.3463371190109695	10478861 23 0.3580615891096418	10481693 32 0.3572566131175786
10493221 21 0.3463564693953941	10488826 22 0.3582836978699936	10491712 33 0.3582783134151972
10503266 21 0.3454908621988005	10498726 22 0.3570398888120232	10501748 33 0.3571018100421818
10513044 21 0.3481457349418549	10508804 22 0.3566614812943866	10511802 32 0.356761243276309
10523090 21 0.3444983747396036	10518870 22 0.3563587552802774	10521674 33 0.3572566131175786
10533087 21 0.3459320509636814	10528787 22 0.3570398888120232	10531845 33 0.3584021558755145
10543123 21 0.3422556763884897	10538803 22 0.3571946918874199	10541767 33 0.3553370549826588
10553217 20 0.3459320509636813	10548767 21 0.3573452245331505	10551731 34 0.3571018100421818
10563279 20 0.3442259213269053	10558640 21 0.3570665789974364	10561531 34 0.3575407222912479
10573407 21 0.3420853930055532	10568599 21 0.358088279295055	10571381 34 0.3572268457107883
10583484 21 0.3443848524843127	10578631 20 0.3569984656442618	10581444 34 0.3575407222912479
10593513 21 0.3434476600690448	10588505 20 0.3556361985807703	10591451 34 0.3575054912465024
10603531 22 0.3429368099202354	10598397 19 0.3564721351879128	10601598 34 0.3587493003044729
10613409 22 0.3449182892853139	10608454 19 0.3559645808465151	10611771 34 0.3557194304563626
10623429 22 0.3439878122285541	10618553 19 0.3551286442393727	10621777 33 0.3599765150297733
10633473 23 0.3456480752121843	10628620 19 0.3565180018410586	10631791 34 0.3580781834423117
10643464 22 0.3458701839725362	10638588 19 0.3556240140806423	10641866 34 0.3577276000068543
10653466 22 0.3425829743193285	10648480 19 0.357454560447209	10651930 34 0.3568080697389976
10663425 22 0.3451311435139844	10658412 19 0.3561911676060677	10661853 34 0.3522818275603003
10673401 22 0.3438175288456177	10668306 19 0.3564328601495904	10671832 34 0.3510898438797452
10683499 21 0.3451797959091091	10678374 19 0.3554111598519717	10681749 34 0.3540272322353987
10693470 22 0.3430435134686339	10688342 20 0.3560922933837175	10691717 34 0.3541456902409196
10703328 21 0.3451797959091091	10698268 20 0.3565998477251152	10701635 34 0.3541456902409196
10713449 22 0.3431983165440306	10708437 20 0.3548970138957508	10711603 34 0.3519838316401614
10723283 21 0.3446121846326543	10718537 20 0.356940414490988	10721619 33 0.3540272322353986
10733253 21 0.3400300136009103	10728485 20 0.3580760947949269	10731599 33 0.353185831990301
10743268 21 0.3458815698509077	10738458 21 0.3547981396734007	10741621 33 0.3552292325855381
10753264 20 0.342816468958052	10748516 20 0.3568415402686378	10751542 33 0.3552292325855381
10763315 21 0.3395656043747201	10758508 20 0.3565998477251152	10761396 33 0.3542075322879195
10773253 21 0.3441827166720536	10768461 20 0.3575226738003836	10771414 33 0.356378645420359
10783328 22 0.3404851346425767	10778334 19 0.3580760947949269	10781518 32 0.3566478030256457
10793545 22 0.3422051073838601	10788532 19 0.3552834473147695	10791336 32 0.3568026061010424
10803702 22 0.3431051766936669	10798473 19 0.3573268479100066	10801150 32 0.3576540230157245
