0 10 0	0 10 0	0 10 0
99 10 0.2992527736794762	79 10 0.2992527736794762	95 10 0.2992527736794762
200 10 0.2992527736794762	172 10 0.295778992667573	194 9 0.2955746526080492
300 10 0.2939027793937642	261 10 0.2929182318342409	305 9 0.2955189235009064
408 10 0.2994385373699523	341 10 0.2929182318342409	418 9 0.2953145834413827
519 10 0.2988069408223335	429 10 0.2927138917747172	523 9 0.2951102433818589
634 9 0.2988255171913811	533 10 0.2867653255974713	623 9 0.2954817707628112
729 9 0.2989369754056668	621 10 0.2899253723765703	723 9 0.297971004215191
832 9 0.2934940992747169	717 10 0.290129712436094	818 9 0.2953145834413827
928 9 0.2936458062886056	800 10 0.2897210323170465	924 9 0.2927138917747172
1049 9 0.2942588264671769	894 11 0.2899253723765703	1018 8 0.295778992667573
1148 8 0.2896962638249831	979 11 0.2947923810670443	1115 8 0.2899439487456179
1244 9 0.2902979317780252	1081 11 0.2911978536563316	1216 8 0.2899439487456179
1354 8 0.2960421578957474	1179 12 0.2914021937158554	1306 8 0.2870831879122859
1441 8 0.2954631943937636	1256 11 0.2943155875948223	1402 8 0.2867653255974711
1538 8 0.2930678748071244	1366 12 0.2950875389308008	1480 9 0.2899253723765703
1612 8 0.2954477140862239	1458 12 0.2971536439770961	1585 9 0.2874732916622857
1715 8 0.2954291377171763	1558 11 0.2937634566259072	1686 9 0.2870831879122859
1815 7 0.2926120392897253	1631 11 0.2947696766159861	1775 8 0.2872689516027619
1911 7 0.2875035378016325	1753 10 0.2949554403064622	1862 8 0.2836816483355678
2025 7 0.2876607224628045	1856 11 0.2949554403064622	1962 7 0.286728172859376
2127 8 0.2876010637391324	1957 10 0.2973290874625458	2047 7 0.2835423255677108
2218 7 0.2947089064856188	2064 10 0.2947696766159861	2146 6 0.2799663745260457
2312 7 0.2873454401992465	2164 9 0.2947283957958803	2238 6 0.2816661122939021
2410 6 0.293362119729667	2241 10 0.2952320218011711	2336 6 0.2788734648137446
2508 6 0.2884653809100977	2348 10 0.297907018944027	2450 6 0.2818704523534258
2612 6 0.2863130227656389	2435 10 0.2977584079916462	2542 6 0.2822440437753833
2729 6 0.2910971522711313	2513 9 0.29821249701281	2640 6 0.2820747924129495
2821 6 0.2860397357979192	2602 9 0.2977253833355615	2732 6 0.2798487241887441
2929 6 0.2908417271967266	2708 9 0.2952165414936314	2843 6 0.2762727731470791
3028 6 0.2942168311713385	2795 9 0.2926385542780241	2916 6 0.2786877011232685
3127 6 0.2939614060969338	2905 8 0.2930699388481298	3002 6 0.2771706309843803
3217 6 0.2941471697874098	3004 9 0.2896642711894011	3118 6 0.2810871487919182
3328 6 0.293806603021537	3097 8 0.292865598788606	3206 6 0.2808828087323945
3431 6 0.2947447096584413	3203 9 0.2922649628560666	3301 7 0.2830833939888038
3534 6 0.296481600164393	3298 8 0.2980773023269635	3406 6 0.2883597972740578
3624 5 0.2966518835473294	3402 8 0.2972723263349004	3500 7 0.2844587597740595
3703 6 0.2916440040582444	3500 7 0.2948759747277586	3596 6 0.285934549092842
3799 5 0.2983547173766937	3608 7 0.2914799127983237	3693 6 0.2824256793838488
3902 6 0.2958469075552662	3718 8 0.2914799127983237	3797 6 0.2850263710505144
3996 5 0.2965302525595177	3817 8 0.2926822166839053	3894 5 0.2842317152634777
4102 6 0.2959652213343195	3908 7 0.2924221475172387	4006 5 0.2794637805412576
4196 5 0.2965302525595177	4018 7 0.2888461964755736	4113 4 0.2800055913051462
4308 6 0.2935502933581301	4124 7 0.2888461964755736	4209 4 0.2739125422575299
4426 5 0.2965302525595177	4234 7 0.2888461964755736	4298 4 0.2742685893309424
4542 6 0.293568206285426	4315 8 0.2858368246898607	4405 4 0.2683086709281673
4645 6 0.29815037731717	4416 7 0.2917864228876094	4514 5 0.2742685893309424
4751 6 0.3007093912327671	4510 7 0.2884375163565263	4604 6 0.2772088157429781
4854 6 0.2991768407863393	4605 8 0.2886645608671081	4720 6 0.2819767504651983
4955 6 0.2989214157119345	4708 8 0.2924221475172387	4831 7 0.2807847667846432
5041 6 0.3016365425751049	4806 8 0.2941703902487194	4936 7 0.2807847667846433
5138 6 0.3010008179454756	4913 9 0.2926491920278206	5045 7 0.2805990030941671
5212 6 0.3012123821485178	5023 9 0.2928184433902543	5140 8 0.2844814642251178
5324 6 0.2993626044768153	5140 9 0.2925913988796724	5248 8 0.2876487351477354
5437 5 0.2967619128101499	5229 9 0.2923643543690905	5345 9 0.2856734479056728
5555 7 0.2919291082277635	5313 8 0.2949650460357561	5466 8 0.2868977417665798
5648 6 0.3005227429532887	5424 9 0.2919907629471331	5565 9 0.2841277987374806
5744 7 0.2965575727506261	5515 10 0.292217807457715	5663 9 0.2873064218856273
5837 6 0.3013109117543087	5613 10 0.2950558638399889	5767 9 0.2907291178826495
5928 6 0.2984875985220727	5702 10 0.2944899990597694	5841 9 0.2866423166921752
6024 6 0.3006161408087782	5802 11 0.2970101931272285	5947 8 0.2868977417665798
6116 6 0.3020946012394498	5889 11 0.299610884793894	6045 8 0.2854088537260331
6225 6 0.3027957681103645	5992 11 0.3046001879139315	6144 8 0.2864986673768263
6327 6 0.3021286579160371	6094 10 0.3024716456272261	6241 7 0.2863593446089692
6435 6 0.3004823467221853	6188 11 0.3005293830412482	6344 8 0.2778993565385365
6522 7 0.3008431853193601	6285 10 0.3028047897840991	6443 8 0.2859878172280169
6615 7 0.3065136219711432	6385 11 0.3004311426280155	6544 8 0.283263283101034
6728 7 0.3046745614354298	6484 10 0.3028047897840992	6639 7 0.2816610712706776
6822 8 0.3039593712270968	6574 11 0.303031834294681	6746 7 0.2784566476099648
6923 8 0.310293913072332	6682 11 0.3026004497245753	6837 8 0.2830388186417088
7020 7 0.3094605848686577	6780 11 0.3051887571452092	6948 8 0.2840426570460123
7130 7 0.308270982773878	6876 12 0.3038541845220195	7075 8 0.2841587593525599
7225 7 0.3062275821786409	6992 12 0.308838843549795	7173 8 0.2817771735772252
7330 7 0.3086704937876905	7087 11 0.3064651963937114	7266 9 0.2759395496040135
7428 7 0.306155539208937	7193 12 0.306454876188685	7366 8 0.276917587495751
7525 6 0.3101675305874097	7290 11 0.3084387371395388	7480 8 0.2738961490087763
7615 7 0.3054257933087183	7382 10 0.3080981703736659	7577 8 0.2687876475206834
7715 7 0.3127647543309287	7486 11 0.3083900847444141	7689 7 0.2759395496040135
7833 7 0.3105682267236674	7575 11 0.3115583876875344	7795 7 0.2723635985623484
7929 8 0.3132220868451007	7659 12 0.3091744203264243	7896 7 0.2780851202290126
8024 6 0.3162303788592177	7755 12 0.3088469522823157	7992 6 0.2701630133059392
8106 7 0.3114371790335645	7864 11 0.3117417697922351	8083 6 0.2723295418857611
8197 6 0.3135032840798599	7970 12 0.3067184099956104	8185 6 0.266955221402487
8303 7 0.3095712859647823	8054 11 0.3088104629859723	8291 6 0.2597692626425696
8422 6 0.3123868396443669	8150 11 0.3091744203264243	8390 6 0.2573852952814595
8522 7 0.3102678998040677	8245 11 0.3110110482423815	8512 6 0.2669211647258997
8635 7 0.3133460994186878	8335 11 0.3110110482423815	8616 5 0.2702587190314538
8744 7 0.3157510247346208	8429 11 0.3088825059556761	8718 4 0.2655890247224663
8847 7 0.3135447666483346	8510 11 0.3107840037317996	8821 4 0.2600945475663841
8923 7 0.3135049601432326	8604 12 0.309014803045496	8918 4 0.2621532300036796
9027 7 0.3132892135413112	8692 11 0.3131395905290869	9023 4 0.2669910245753095
9132 8 0.3151030632904601	8797 10 0.3109599632275006	9119 4 0.2667639800647276
9238 7 0.3176406089114253	8890 10 0.3128586824868862	9216 4 0.268737520810555
9341 7 0.3141230407439098	8992 10 0.3086146966352398	9297 4 0.272306837434703
9435 7 0.3159037184054737	9088 10 0.3107301402001809	9395 4 0.2688186081357627
9542 7 0.3136121905951006	9191 9 0.3088701217096444	9488 4 0.2708620087309999
9643 7 0.3170178582538292	9284 9 0.3097935815940305	9586 5 0.274577282540522
9726 7 0.3168475748708928	9375 10 0.3097935815940305	9699 5 0.2800717596966042
9822 7 0.3168475748708928	9459 10 0.314442317948195	9801 5 0.2815167358318077
9925 7 0.3151544715205534	9573 10 0.3126032574124816	9905 5 0.2800717596966042
10018 7 0.3170519149304165	9668 10 0.3119221238807358	10018 5 0.2777218490120815
10127 7 0.3156653216693627	9750 11 0.3116287125132145	10120 5 0.2779488935226634
10235 8 0.3145414513419822	9841 10 0.3145228155474012	10247 5 0.2792543994585094
10329 8 0.3171978721157905	9938 11 0.3119221238807358	10358 4 0.2817802696387331
10443 8 0.3168573053499176	10036 12 0.3158461606947929	10459 5 0.2760019868444236
10548 8 0.3180492890304726	10133 11 0.3186582691330003	10555 5 0.2831028039128727
10653 8 0.3161604878223752	10226 11 0.3165662161426385	10662 5 0.2770708425403937
10761 8 0.3164748571447193	10324 11 0.3181814756607783	10772 4 0.2811576437308681
10868 8 0.3156651179811055	10418 11 0.317703797599554	10865 3 0.2761002272576561
10977 8 0.3147982207588837	10536 11 0.3176162232883296	10962 3 0.268948325174326
11069 8 0.3156496376735659	10644 12 0.3155728226930924	11058 3 0.2691055098354981
11174 8 0.3158199210565024	10746 12 0.3196474607847857	11153 3 0.2707363006951585
11272 7 0.3183472849506114	10842 12 0.3193555464140375	11268 3 0.2707363006951585
11378 8 0.3126895448668542	10946 12 0.3191512063545138	11376 3 0.2724191011853538
11468 8 0.3172686198370903	11054 13 0.3194528512042868	11486 3 0.2717418972701374
11599 9 0.3140873255770544	11157 13 0.3192485111447631	11586 3 0.2682340595816469
11690 9 0.3178419072263096	11250 13 0.3156603970043169	11679 3 0.2737398889632582
11793 9 0.3189487492153964	11349 13 0.3179382136851549	11774 3 0.2707500712502269
11899 8 0.3175694538136113	11435 13 0.3198468845708159	11862 3 0.2748368724407013
12004 8 0.3173706651171211	11552 12 0.3194342748352392	11967 4 0.2707500712502269
12114 8 0.315991369715336	11651 11 0.3174769515544534	12072 3 0.273134038611337
12217 8 0.315991369715336	11755 11 0.3170665249391708	12180 4 0.2674125169446729
12335 8 0.315991369715336	11864 11 0.3157254653299644	12302 4 0.2685509829905908
12422 8 0.3158210863323995	11970 11 0.3167757846835387	12415 5 0.2735427187303844
12511 8 0.3161616530982724	12095 12 0.3153162128297978	12513 5 0.2731340386113369
12614 8 0.3142544792093844	12185 11 0.3176434190632625	12612 5 0.274418461842629
12703 8 0.3115430438041658	12287 11 0.3166784798932893	12702 5 0.2728023177354868
12792 9 0.3152380651812676	12376 10 0.3187705328836513	12801 4 0.2729232115657966
12901 9 0.3147216669523125	12475 10 0.315965501157462	12916 4 0.2617720826032166
12989 8 0.3184166883294143	12569 10 0.315965501157462	13017 4 0.2687382209960706
13090 8 0.3134161610164665	12674 9 0.3148870397321979	13121 5 0.2673078405794047
13191 8 0.3165224884125595	12771 9 0.312318193269614	13233 5 0.2730293622460687
13281 7 0.3158413548808138	12871 10 0.3110975905331033	13323 4 0.273094232106235
13376 7 0.3118776816749243	12964 10 0.31182980907973	13437 5 0.2726401430850712
13469 7 0.3119117383515115	13058 10 0.3092291174130645	13541 6 0.2770181758056603
13572 7 0.315947454527105	13174 11 0.3089736923386598	13641 5 0.2756104998400525
13673 8 0.310392286626848	13271 10 0.3104959225800613	13745 5 0.2780697503809871
13757 7 0.3178506987994637	13366 10 0.3078952309133958	13849 5 0.2828376851032072
13860 7 0.3132189907835928	13446 10 0.3096832064342283	13949 5 0.2808211713579073
13963 7 0.3142437871427193	13547 11 0.3111105818500189	14033 5 0.2765736925137904
14061 7 0.3123366132538312	13647 10 0.3087136231719932	14133 5 0.2754620590009413
14169 6 0.3160828476784328	13742 10 0.3096832064342283	14222 5 0.2754620590009413
14262 5 0.3128474634026406	13847 10 0.3097683481256965	14318 5 0.2800728090619892
14377 7 0.306240468144707	13948 10 0.3078952309133958	14410 5 0.2797808946912411
14493 7 0.3138038831806911	14042 10 0.30675757574073	14508 4 0.2813702062653144
14614 7 0.3145488002352318	14142 10 0.3063318672833889	14610 5 0.2781461742150514
14720 7 0.3138814548316591	14253 11 0.3091358669890755	14720 6 0.2854570074557888
14837 7 0.3145488002352318	14365 10 0.3088757978224089	14807 6 0.2882950638380626
14932 7 0.3153329373517608	14474 11 0.3079579066459388	14900 6 0.2881093001475865
15035 7 0.3123731025501748	14574 11 0.3076354002388622	15010 7 0.2881093001475865
15141 7 0.3144846164985866	14696 10 0.3074732255884465	15110 7 0.2875254714060902
15241 7 0.3140720067630098	14783 9 0.304872533921781	15203 8 0.2891147829801636
15341 8 0.3143119515298748	14892 10 0.3007132017700076	15303 8 0.2926907340218286
15448 8 0.3174661237307281	15000 10 0.3016808120518699	15395 9 0.296777535212303
15553 8 0.3176364071136645	15099 10 0.3036023431671624	15485 8 0.2995124826589441
15635 7 0.3148267312952134	15208 10 0.3036023431671624	15569 8 0.2963688550932555
15739 8 0.3107326322454703	15308 10 0.3033802886458241	15663 8 0.3001264417433862
15832 8 0.3165450454321174	15412 9 0.3052671907034101	15764 8 0.3007427054149657
15935 8 0.3157592355351034	15506 9 0.3041944053909107	15851 9 0.2996983006662889
16050 9 0.3157251788585161	15603 9 0.303763020820805	15940 9 0.2989831104579559
16142 8 0.3213558827209474	15692 10 0.3023592744717264	16055 9 0.3034517049175403
16247 8 0.31893785868325	15782 9 0.3079236114772185	16152 9 0.300080093935399
16338 8 0.318036904784441	15862 9 0.3052200353050585	16244 10 0.3020141546742243
16442 9 0.3189038020066627	15950 9 0.3047091851562492	16347 9 0.3007313531894366
16535 8 0.3224075116131426	16038 9 0.3062190311516189	16433 8 0.299603300463177
16633 9 0.3206337263742215	16128 9 0.3067015007366055	16532 8 0.3000006283566953
16741 9 0.3217008355739566	16224 9 0.3034093553331678	16617 7 0.3014310087733613
16822 9 0.3225677327961783	16305 8 0.3039202054819771	16715 8 0.2978550577316962
16946 8 0.3195566092914544	16405 9 0.3007415823338304	16822 9 0.2978550577316962
17044 8 0.319457994962584	16504 9 0.299099563998372	16919 10 0.3021689034327525
17167 8 0.3207252618229635	16600 8 0.2973115884775395	17015 9 0.3048837070807105
17268 8 0.3199224973034061	16682 8 0.2979643414454625	17120 10 0.2994635354008188
17370 8 0.3184241704780585	16789 8 0.2993917168612531	17223 10 0.3019156161151033
17484 8 0.3187148296270543	16906 8 0.2994728041864609	17330 11 0.3007612274671447
17580 8 0.3182311826440639	17020 9 0.2989392495865934	17435 11 0.3036457247720376
17678 9 0.318203979478245	17117 8 0.3039042265090686	17530 11 0.3033619191338102
17787 9 0.3207224270494689	17205 8 0.2993633362974303	17634 11 0.3050709450861904
17897 9 0.321459230148713	17304 7 0.3025192549945189	17721 11 0.3032159619484361
17975 9 0.3205947145122666	17391 6 0.2992214334783167	17827 12 0.3025348284166904
18080 9 0.3208276336010943	17495 6 0.2953105917835434	17937 12 0.3053274758968479
18155 9 0.3205566371585175	17604 7 0.2979443081062935	18044 12 0.303702485899683
18256 9 0.32150876713284	17705 7 0.3016808120518699	18140 11 0.3007054983600019
18356 9 0.3230670637749655	17817 8 0.3002250560722565	18253 11 0.2971636039949241
18450 9 0.3212363137201417	17913 9 0.3061746542700051	18363 11 0.2973493676854002
18562 9 0.32150876713284	18009 8 0.3088424272693426	18463 12 0.2969406875663528
18687 9 0.3204189534820469	18110 8 0.3077558571115578	18545 11 0.2993489811250251
18784 9 0.3245015722736421	18220 8 0.307054690240643	18648 12 0.2971693538234388
18867 10 0.3210433258861471	18328 7 0.3094386576017531	18745 12 0.2997576612440726
18968 9 0.3280166341056511	18425 8 0.3072249736235795	18838 12 0.2995873778611362
19068 10 0.3215541760349563	18516 8 0.3114121983475804	18928 12 0.3057175796468477
19167 10 0.3283402462489805	18610 9 0.3103518256333244	19029 12 0.2995873778611362
19286 10 0.3221320901715553	18691 8 0.3132385344107229	19121 13 0.2952126429504239
19385 10 0.3254899130255235	18791 9 0.3125524108897336	19232 13 0.2974132282068331
19470 11 0.3220881749833243	18886 9 0.313530448781471	19325 14 0.2979240783556424
19576 12 0.3261476819473471	18986 8 0.3114383957911091	19426 15 0.2928155768675494
19672 12 0.3270769426942287	19084 8 0.3071894199502191	19530 14 0.2940416172246918
19761 12 0.3268855766067383	19186 8 0.3042968139128055	19620 15 0.2913170830977089
19876 12 0.3292082298085735	19288 8 0.3073466046113912	19718 15 0.2937351071354062
19966 12 0.3283640370374099	19392 8 0.3050201128536593	19825 15 0.2850165979290609
20052 12 0.3257940164597099	19498 8 0.3007319766045365	19933 16 0.2834499908060457
20156 12 0.327680232393775	19582 8 0.3004400622337884	20026 16 0.2710801193455921
20248 12 0.3280207991596478	19674 7 0.3030737785565386	20122 16 0.2845665632741574
20341 13 0.3257049451517123	19798 7 0.2998593522355693	20224 16 0.2941024327185976
20428 11 0.3301742290177054	19887 8 0.2971147447427657	20331 16 0.2849071300400303
20522 12 0.3253925061673124	19980 8 0.3018958182134018	20444 16 0.2834767496233643
20617 12 0.3272656233796131	20091 8 0.3005049320939547	20554 16 0.2834767496233643
20721 12 0.3279224307137965	20182 8 0.3015128475462879	20663 16 0.2944429994844704
20820 12 0.3261329808779602	20281 9 0.3035927374378686	20765 16 0.2942970422990964
20914 13 0.3276953862032145	20397 9 0.3067713605860153	20865 15 0.2940699977885145
21045 12 0.3287989879821808	20500 10 0.3060480616451615	20952 15 0.2911467997147724
21148 13 0.3272867060841672	20607 10 0.311509514145159	21060 15 0.3010232359250855
21233 13 0.3278097226146452	20714 10 0.3091131625380173	21165 14 0.2993204020957211
21320 13 0.3281746155780805	20803 9 0.3123530608194534	21266 14 0.2965050501645056
21424 14 0.3276637654292712	20887 9 0.3096966400456451	21343 13 0.2951453437533891
21530 14 0.3300801677204643	20988 9 0.3099885544163933	21440 14 0.2941050670867228
21607 14 0.3308196841263598	21089 8 0.3098538247068172	21500 14 0.2969137302835529
21726 13 0.3278964860526176	21201 8 0.3049924010684751	21600 13 0.2969137302835529
21823 13 0.3267612634997081	21298 9 0.3088321244091985	21704 13 0.3009916855840046
21917 13 0.3267953201762954	21407 9 0.3078378290257678	21806 13 0.3009916855840046
22006 13 0.3261141866445497	21511 9 0.3093348658254871	21905 13 0.3016120036218444
22105 13 0.3251125196861001	21623 8 0.3119823669935226	21998 12 0.302166640926266
22208 14 0.3261853049985996	21735 9 0.3088548288602568	22092 13 0.2947553841520019
22308 14 0.3294006559352228	21838 9 0.3117415376376553	22206 12 0.2961386091703163
22414 13 0.3300574632694061	21943 10 0.3117415376376553	22317 13 0.288403813968473
22496 13 0.3253519657875961	22044 9 0.3122183311098773	22416 13 0.2901786907675412
22590 13 0.3271010193923289	22143 9 0.3108333595953277	22519 13 0.2888164237040498
22688 12 0.3278210748401744	22236 8 0.3085732346945351	22613 12 0.2879650067893675
22774 13 0.3273941078781932	22349 9 0.3073141696813081	22714 12 0.2931717486906931
22868 13 0.3272761680147778	22437 9 0.3113086560707767	22814 13 0.2917413682740271
22952 13 0.3280651476890499	22533 9 0.3090382109649576	22913 13 0.2942338679011845
23051 12 0.3284482853006569	22631 9 0.3127195755293928	23016 12 0.2867559947705189
23160 13 0.326417983427184	22737 9 0.3091953956261296	23109 12 0.2847256928970461
23255 13 0.3268589737265836	22827 9 0.3091953956261296	23207 13 0.2906725125780568
23366 13 0.32702925710952	22935 9 0.3090382109649576	23289 13 0.2925796864669449
23470 13 0.3261778401948379	23033 9 0.3111951338154857	23401 13 0.2869472361082783
23576 13 0.3268589737265836	23143 10 0.312265486508229	23504 14 0.2936904580725609
23675 13 0.326314066901187	23231 10 0.3135369357674877	23605 13 0.2955766740066261
23766 13 0.3286619742517929	23315 10 0.3158073808733068	23692 13 0.2879689364058968
23866 13 0.3247855231225928	23408 11 0.315126247341561	23779 13 0.2789520258427867
23955 13 0.3240192478993789	23513 11 0.3190055580941352	23876 12 0.2787249813322048
24051 11 0.3254098955266931	23614 12 0.3173863722423537	23963 13 0.2860602655202358
24164 11 0.3223378600164327	23708 12 0.3195432950928819	24077 13 0.288260850776645
24272 10 0.3214694147634569	23826 13 0.322994118871377	24168 13 0.2877062134722235
24387 10 0.3202480184985765	23940 13 0.3250244207448498	24273 13 0.2878521706575976
24496 10 0.3200824095614462	24029 12 0.3253649875107227	24385 14 0.286346507061107
24595 10 0.3185678891202705	24136 13 0.3228238354884405	24496 14 0.2897496140674607
24696 9 0.3199376686859502	24240 13 0.3255621577435964	24581 14 0.2802137446230205
24802 9 0.3199676709962772	24326 13 0.3255621577435964	24688 14 0.2882439504709701
24895 9 0.3216192917781418	24407 13 0.3267272545742141	24800 13 0.2795254412646249
24993 9 0.3204516342951491	24500 12 0.3253975504734246	24894 14 0.2631782365027275
25085 9 0.3194907494914364	24588 12 0.3228563984511424	25004 14 0.2653675942833387
25182 8 0.3186137900693137	24697 13 0.3229699207064334	25108 14 0.2370154110244229
25289 8 0.3158139727625063	24808 13 0.3232406276228964	25222 14 0.2663113227161391
25389 8 0.3150306692009988	24922 12 0.3232406276228964	25311 13 0.2663113227161391
25502 8 0.3175162342107515	25036 13 0.3212670868770691	25408 14 0.2640124970464972
25585 8 0.3162391088387282	25142 14 0.3226022318813779	25512 13 0.2803597018083946
25663 8 0.3172040480087014	25236 13 0.3240296072971685	25603 14 0.2785717262875621
25774 7 0.3166364367322466	25321 12 0.322687373572846	25702 14 0.2789522786251367
25863 8 0.3137472953350919	25417 12 0.3216019775301774	25804 13 0.2803119850362531
25954 8 0.3186571328764256	25506 11 0.32376457649347	25921 13 0.2784956289515978
26064 8 0.3157937009312043	25591 12 0.3211251840579554	26019 14 0.2866717919849215
26166 8 0.3169218641169781	25706 12 0.3250984629931388	26120 14 0.2871258810060853
26281 8 0.3161585938946396	25812 12 0.3224402957230951	26216 14 0.2871258810060853
26371 8 0.3157679437808442	25914 12 0.3240296072971685	26306 14 0.292449025413846
26461 8 0.3164140189690443	25998 12 0.320396895127858	26410 14 0.2856133638988265
26566 9 0.31502337134173	26098 12 0.3220713483933995	26511 14 0.2872012922185286
26664 8 0.3190817919683817	26188 13 0.3219862067019313	26601 14 0.2942680526103905
26771 9 0.3144543291124774	26294 13 0.3241300308306951	26714 14 0.2942680526103905
26864 8 0.3198790711688809	26397 13 0.3243854559050998	26819 14 0.2988176239356686
26953 7 0.3161163190793503	26499 12 0.3250187479149729	26909 14 0.3046003243381026
27049 7 0.3158664226862098	26601 12 0.3256813561116519	26994 14 0.3034283739967166
27152 6 0.3173949381652589	26696 11 0.3237741822227639	27084 14 0.30161181944658
27254 6 0.3102980650035558	26783 12 0.3245476272726278	27166 14 0.3073008324674108
27359 6 0.3109256809006645	26865 12 0.3266396802629896	27268 14 0.3090888079882433
27474 6 0.3112175952714126	26977 11 0.3264548011615158	27369 15 0.3088333829138387
27575 6 0.3111460476315234	27103 11 0.3244114005662786	27450 14 0.3088333829138387
27672 6 0.313284192364635	27209 11 0.3260266600844185	27553 15 0.3080614315778602
27771 6 0.3124512391913759	27311 11 0.3235730823733609	27645 15 0.3121579632473594
27857 6 0.3141125904522654	27407 11 0.3257527096749472	27736 14 0.3116285367295025
27977 6 0.3143324651361973	27519 12 0.3250715761432014	27841 14 0.3071119727154267
28102 6 0.3139666332668913	27621 13 0.3289029522592711	27935 14 0.3118328767890263
28193 7 0.3128623519301795	27717 12 0.3296731570990143	28057 14 0.3114427730390265
28283 6 0.3162680195889082	27808 12 0.329243519025144	28154 13 0.3120177558905001
28387 7 0.3128623519301795	27925 13 0.3276127281654835	28259 14 0.3081320512665412
28483 7 0.3168031959352798	28023 12 0.3280408692425809	28371 13 0.312865929312174
28573 7 0.3168031959352798	28131 12 0.3245670882306776	28468 14 0.3079617678836047
28672 8 0.3169053659650417	28214 12 0.3248225133050823	28565 14 0.3068265453306952
28769 8 0.3185017369062508	28313 12 0.3267296871939703	28652 15 0.3070535898412771
28870 8 0.3189332862527391	28425 13 0.3258539440817259	28764 14 0.3058389017096638
28970 9 0.3186973958521346	28525 12 0.3271326944831409	28882 14 0.307280634351859
29077 9 0.3216902553098052	28638 12 0.3246401948559835	28987 14 0.3089153548280488
29188 9 0.3233963326321778	28741 11 0.3249321092267317	29076 13 0.3036025132804321
29287 9 0.3200885421448176	28844 12 0.3213318319875041	29163 13 0.3015591126851949
29396 9 0.321771342635013	28951 12 0.325276730358865	29260 14 0.2983804895370482
29515 9 0.3221428700159652	29042 12 0.326428170376816	29357 14 0.3016499304894277
29605 10 0.3196573050062124	29148 12 0.326428170376816	29439 15 0.3021607806382369
29701 9 0.3245452489697401	29232 11 0.3272595539523291	29539 15 0.3010879953257375
29785 9 0.3209952458721416	29349 12 0.3257270035059013	29648 15 0.2993000198049049
29889 9 0.321578337456136	29454 12 0.3277704041011385	29753 14 0.3010879953257375
29986 10 0.3219900593198228	29564 11 0.3261090495573612	29855 14 0.2975631292989533
30082 10 0.3263788175679534	29645 11 0.3279935189951911	29954 14 0.3021607806382369
30186 10 0.325682203728668	29762 11 0.3264042074211177	30058 13 0.3021607806382369
30312 11 0.3262766475381915	29860 11 0.3248785915920944	30180 13 0.3014966754447849
30422 10 0.3265304335212097	29949 10 0.3269019588481626	30269 14 0.3002925286654486
30526 11 0.3270119621463262	30053 11 0.3239607004156242	30372 14 0.3058389017096638
30635 10 0.3296126538129917	30151 11 0.3253126472740893	30468 14 0.3056929445242897
30732 10 0.3266713953804533	30272 11 0.3251554626129172	30567 13 0.3072538755345404
30826 9 0.3285826973513519	30379 11 0.3234726621227219	30677 12 0.3059402608661737
30929 9 0.3252442584567956	30492 10 0.3228845405228322	30754 13 0.3037396756097643
31012 9 0.3246011622521472	30602 10 0.3232237413792163	30851 13 0.3093304482173627
31114 9 0.3275372062653039	30691 9 0.3242292242117933	30963 13 0.3074372976658928
31222 8 0.3277725069399069	30788 9 0.3203629805458841	31062 13 0.3062653473245069
31325 8 0.3244810986939711	30882 9 0.3218671504284893	31163 12 0.3066456468797316
31401 8 0.324682342691987	30977 10 0.3218116445225963	31271 11 0.3061278621135176
31526 9 0.3251931928407963	31071 10 0.3243318385900554	31379 11 0.3003666076575017
31623 10 0.3273346353837847	31161 9 0.3215003972264169	31488 10 0.3003666076575017
31706 10 0.3308522035513001	31250 9 0.319065344850426	31591 11 0.2975388714802543
31798 10 0.3292288353006396	31347 10 0.3174760332763527	31677 12 0.3003666076575017
31892 10 0.3309543735810619	31447 10 0.3221247696305171	31764 12 0.3023418948995643
31996 10 0.3298645599302689	31551 9 0.3218693445561125	31871 11 0.3006136855072526
32120 10 0.3309543735810619	31663 10 0.3190085837227805	31972 11 0.2986838071673064
32210 10 0.3284341795136028	31764 10 0.3234586561301859	32083 11 0.300098282326814
32293 10 0.3305456934620146	31853 9 0.3203367941096847	32193 10 0.3025509354222178
32401 10 0.3302732400493163	31944 9 0.3179868834251619	32292 10 0.2999502437555522
32505 11 0.3292174830751105	32025 10 0.3177314583507572	32406 10 0.2998691564303444
32604 10 0.3333847818647911	32126 10 0.3205922191840893	32507 10 0.2962364442610338
32695 10 0.3304125628171733	32222 9 0.3218896163874145	32596 10 0.3003232454515082
32776 10 0.3301184369739195	32335 9 0.3179868834251619	32706 9 0.3017790014311216
32868 10 0.3295270892259039	32434 9 0.3192842806284871	32806 9 0.2993723296189534
32962 10 0.3297012426857253	32528 9 0.3211087454456631	32889 9 0.2948314394073152
33057 10 0.3266051811777901	32619 8 0.3193207699248306	32988 9 0.2966477954919705
33153 10 0.3320604415547717	32707 8 0.3189581078327828	33100 10 0.2964207509813886
33240 12 0.3284669461645617	32802 9 0.3174620466826984	33187 10 0.2944324897672927
33351 11 0.3342042863639723	32906 9 0.3195761949992353	33283 10 0.2956462389930351
33453 12 0.3282944513091197	33013 9 0.3177314583507573	33365 10 0.2942216627217525
33557 12 0.3313765805402691	33116 8 0.3213641705200678	33483 9 0.2953867595523701
33639 12 0.3320123051698984	33216 8 0.3165962357978477	33578 10 0.2925259987190381
33745 13 0.3305365158511159	33318 8 0.3148082602770152	33683 10 0.2937108125729431
33831 12 0.333883675885964	33402 7 0.3148082602770152	33791 10 0.2939151526324669
33932 13 0.3320094671135162	33504 7 0.3130202847561827	33908 10 0.2954208162289574
34046 12 0.3342100523699254	33603 7 0.314609596330256	34020 10 0.2994005821501574
34159 13 0.327262490346119	33702 7 0.314609596330256	34126 10 0.2984382036325593
34254 12 0.3310764359701567	33819 6 0.3162923968204514	34206 10 0.293647564459281
34350 13 0.3311292674812729	33915 6 0.3132004090776583	34303 11 0.2894317063891075
34447 12 0.3279036558792676	34032 5 0.3125393088850816	34399 11 0.2906143087705069
34545 13 0.3272859190601284	34131 5 0.3072883865136243	34493 10 0.2921783552411471
34651 13 0.3294003132596843	34234 4 0.3074741502041005	34593 10 0.2883152619536145
34735 13 0.3297408800255572	34328 4 0.3032582921339269	34699 11 0.2817066449491767
34845 13 0.3297408800255572	34441 4 0.3035137172083316	34813 10 0.2856670430269587
34954 13 0.3314236805157526	34559 4 0.3020080536118411	34909 11 0.2720248183193625
35050 12 0.3284272653571905	34658 4 0.3035833785922602	35004 10 0.2747957933689645
35139 12 0.3289025618326394	34767 4 0.303667026569843	35093 11 0.2818769283321131
35236 12 0.3286106474618913	34862 3 0.3051726901663336	35184 11 0.2841613794304682
35332 12 0.3271145863118069	34964 2 0.298276213157408	35281 10 0.2841613794304682
35433 12 0.327333522089868	35083 3 0.290170724129634	35361 10 0.2828805876698171
35529 12 0.3265469750353522	35186 3 0.298276213157408	35448 10 0.2889169299066565
35637 12 0.3275052364256023	35290 2 0.2978253676292525	35545 9 0.2815792641328503
35741 14 0.3264267750003381	35395 1 0.2898788097588857	35640 9 0.2708740611420448
35837 13 0.3298420483883606	35496 2 0.2774846121008698	35737 9 0.2792359878658445
35942 14 0.3280921839103758	35599 2 0.2904261492040386	35833 8 0.2797468380146538
36031 14 0.3307761743747548	35696 2 0.2915329911931254	35960 8 0.2828687000351551
36144 14 0.3302085630982999	35813 2 0.2917751474324959	36051 9 0.2843248266475186
36236 14 0.3312302633959186	35914 3 0.292272379566402	36140 9 0.2875034497956654
36342 14 0.3289019656023071	36001 2 0.3023569153394983	36244 10 0.2859977861991748
36447 14 0.3314086555113758	36093 3 0.2917250401212491	36344 9 0.2886727833420307
36523 14 0.330301813522289	36202 3 0.3010555918025314	36449 9 0.2915335441753629
36632 14 0.3278837894845917	36309 3 0.3011431661137559	36555 9 0.2915335441753629
36733 14 0.3268478989050617	36409 3 0.3010555918025314	36651 9 0.285607682449175
36844 13 0.3289054897822103	36521 3 0.2997581945992063	36737 8 0.2863593619538516
36941 14 0.3248044983098246	36623 3 0.2990970944066296	36827 8 0.2831807388057048
37041 13 0.3280382608391126	36714 2 0.2986008399763577	36930 8 0.2760288367223747
37151 13 0.3247592141574392	36825 2 0.2902941838713506	37032 8 0.2831807388057048
37230 13 0.3231046272865736	36930 3 0.2890138855170366	37117 8 0.2760288367223747
37336 12 0.3210271700147491	37021 3 0.298521374397654	37215 8 0.2775345003188652
37436 12 0.3214148921789736	37124 4 0.2979375456561577	37323 8 0.2668830710279343
37529 12 0.3202881837952109	37226 3 0.3036298758857469	37418 9 0.2763508271191999
37632 12 0.321241770739655	37343 4 0.298521374397654	37509 9 0.2777357986337495
37724 12 0.3202200704420364	37449 4 0.3038853009601515	37600 10 0.2790031198109977
37810 12 0.3207309205908457	37533 4 0.3032893091198741	37713 9 0.2818638806443298
37900 12 0.3205265805313219	37624 3 0.3038001592686834	37820 9 0.2696715904260813
37991 12 0.3215336851104031	37725 3 0.2987767994720587	37931 8 0.2709729139630481
38109 12 0.3180404431404501	37834 3 0.2966482571853533	38044 9 0.2692246712315674
38209 12 0.3200838437356872	37932 3 0.2962687685033807	38141 9 0.2801292947255157
38301 12 0.3227175600584374	38016 3 0.2947021613803655	38244 9 0.2811218035860594
38403 13 0.3202018257938646	38124 2 0.293985644288529	38329 10 0.2824840706495509
38492 12 0.3249992326400544	38243 3 0.286356948732977	38437 9 0.2763927907799392
38584 12 0.3268854485741196	38341 3 0.2945305511139257	38529 9 0.2735320299466071
38686 12 0.3265448818082467	38429 4 0.2926233772250376	38638 9 0.2735320299466071
38793 13 0.3262252729971968	38518 3 0.2995920956691482	38728 9 0.2733276898870833
38903 12 0.3274041579559874	38621 4 0.2932916105005002	38840 9 0.2729767802344147
39015 13 0.3260793158118227	38733 3 0.3013743950772163	38926 9 0.2727910165439386
39118 13 0.3285585466039461	38834 3 0.2938819262280132	39023 9 0.2823268859883788
39215 13 0.3266854293916453	38933 3 0.2942565496704734	39136 10 0.2907791339050417
39332 12 0.3277203985242979	39036 4 0.2942565496704734	39235 10 0.2864879926550436
39427 12 0.3257595368875031	39133 4 0.3027707188172949	39335 11 0.2845065132899651
39525 12 0.325602352226331	39227 4 0.3014084517538034	39442 11 0.2888843442621853
39607 12 0.3260037344861098	39320 3 0.3045586943381275	39537 11 0.2888843442621853
39695 11 0.3258577773007357	39403 3 0.2969656034899166	39638 11 0.2886572997516035
39787 11 0.3253605872474806	39491 4 0.2975415619910251	39751 11 0.2945088560016009
39899 11 0.3237206102712581	39592 4 0.3044380389999505	39850 11 0.2945088560016009
40002 11 0.3248785372752259	39680 4 0.3041826139255459	39948 11 0.2950926847430972
40118 11 0.3227074241427864	39779 5 0.303955569414964	40060 12 0.2892411284930998
40214 11 0.3243241806576992	39857 5 0.3096770910816281	40161 12 0.2911142457054005
40304 11 0.3216857238451677	39932 5 0.3089149439404247	40253 12 0.2805334555020322
40405 11 0.3218134363823701	40032 6 0.308473755175544	40344 11 0.2796309535724692
40501 11 0.3241974037434802	40144 6 0.3134971149721688	40433 12 0.2772469862113592
40605 11 0.3216431529994337	40256 7 0.3120697395563781	40550 12 0.2653271494058089
40693 11 0.3229912297810137	40351 6 0.3164922422732128	40656 12 0.2796309535724692
40795 11 0.3263633567734064	40447 6 0.3137963272021856	40767 11 0.2891668230169093
40888 11 0.3224448117827383	40561 6 0.3137963272021856	40865 11 0.2870747700265475
41001 11 0.3292476329310488	40666 7 0.3140882415729337	40967 12 0.2939347577391295
41084 11 0.3235624899871029	40772 8 0.3184304678378128	41074 12 0.2946840046240497
41182 11 0.3239688480600194	40873 7 0.3211185126684521	41182 13 0.2988998626942233
41279 11 0.324224273134424	40975 7 0.3166385116664701	41288 13 0.3024017714875994
41386 12 0.326131447023312	41076 7 0.3180202396880114	41394 13 0.300555541125236
41488 11 0.3261159667157723	41172 7 0.31490705878115	41490 12 0.3048126256986467
41579 11 0.3258249369340265	41263 7 0.31684528434575	41613 12 0.3035315707100942
41667 11 0.3237319993546623	41361 7 0.315560050241206	41721 12 0.2996150529025564
41767 11 0.3274498532154411	41469 7 0.3170642201238111	41806 12 0.3035826557249751
41868 11 0.3264281529178225	41569 7 0.3155585565273206	41897 12 0.308408845288726
41966 11 0.3243173793319452	41672 8 0.3132881114215015	42012 12 0.3069883233837037
42069 12 0.3289283136461127	41781 8 0.3154731763437194	42119 11 0.3105302177487815
42174 11 0.3315402328248322	41865 9 0.3154731763437194	42212 11 0.3081462503876715
42267 12 0.328035233192724	41967 8 0.3183112327259933	42322 11 0.3081462503876715
42360 11 0.3312621032993694	42071 8 0.3139122453334688	42426 10 0.3055409146287442
42459 11 0.329133561012664	42165 8 0.3140694299946409	42516 10 0.3030764496684277
42566 11 0.3299509212507589	42267 7 0.3137515676798261	42607 10 0.3061415505612835
42685 11 0.3270816799011225	42375 7 0.3101756166381611	42720 9 0.3061415505612835
42766 11 0.3305091110510392	42492 7 0.3103799566976849	42825 10 0.3034379743891236
42870 12 0.3280755156451696	42603 6 0.3085863050640877	42936 10 0.3062987352224556
42983 12 0.3334096046737231	42715 7 0.3060888154476868	43048 10 0.3078043988189462
43095 12 0.3326376533377446	42810 7 0.3101756166381611	43171 9 0.3072367875424914
43207 12 0.3326214358727031	42886 7 0.3118557460164673	43269 10 0.3058064071258253
43305 12 0.3326777915637225	42996 7 0.3099485721275792	43381 10 0.3086671679591574
43414 12 0.3317473145069627	43104 6 0.3096136814744709	43487 10 0.3100294350226489
43505 12 0.3317605833419967	43204 6 0.3074340541728846	43580 10 0.3103372719954378
43605 12 0.3320165244266526	43313 7 0.303965949273746	43682 11 0.3090369261621051
43701 13 0.3328168563264539	43424 7 0.3085717093455504	43776 11 0.3102753507652791
43814 14 0.333730585731815	43537 6 0.3067553532608951	43865 12 0.3114105733181887
43910 14 0.336127821927959	43637 7 0.304484908155076	43973 11 0.3162920302956997
44015 14 0.3354953407913381	43743 7 0.3078905758138047	44072 10 0.3143337713919307
44122 14 0.3359364558404686	43838 6 0.3064772237354322	44178 9 0.3145938405585972
44209 13 0.3352058590403462	43956 6 0.3042294830806713	44299 9 0.3104280897996706
44309 14 0.3326443104370309	44056 6 0.3044338231401951	44388 9 0.3101726647252659
44416 14 0.3379312040405811	44150 6 0.3043727691541563	44494 9 0.3142772346165684
44501 14 0.3335127556900067	44232 6 0.302669935324792	44614 9 0.3114164737832363
44609 13 0.3352553223087228	44324 5 0.3063920820439641	44721 9 0.3110515808198012
44702 13 0.3315575017871131	44431 5 0.3011416777367574	44831 9 0.3093203664266141
44798 14 0.3327253977622388	44514 5 0.3030472298791413	44934 8 0.3090649413522094
44916 15 0.3332603356164775	44622 5 0.3014738972779765	45028 9 0.3025657922368023
45010 13 0.3366108638940648	44728 6 0.301364429388946	45138 9 0.3067427625329078
45116 13 0.3322516092908921	44832 5 0.3063367041706898	45242 8 0.3074725484597782
45217 13 0.3322516092908921	44939 6 0.3016679344773562	45345 8 0.3042939253116315
45332 14 0.3328840904275131	45033 7 0.3041692399678846	45436 7 0.3049928356800574
45438 13 0.3312323416130297	45155 6 0.3081100839729849	45536 6 0.3015628418237664
45527 14 0.3318045232659962	45250 6 0.3055017432131821	45635 6 0.293900089591627
45625 13 0.3328476011311696	45360 6 0.3055017432131821	45741 6 0.2990464318314836
45711 14 0.3307312219432454	45455 5 0.305862343318224	45836 6 0.2953245236044445
45807 14 0.3316880523806977	45554 6 0.3013863229667521	45938 7 0.2984977409309106
45902 14 0.3317529222408639	45639 6 0.3063585977484958	46036 7 0.3011923351224322
46004 13 0.3316880523806977	45728 6 0.3045706222276633	46125 7 0.2980598693747884
46105 15 0.3295600261042436	45816 5 0.30650455493387	46218 8 0.2994113247949188
46214 15 0.3354591290131128	45921 5 0.3012987486555276	46319 7 0.3024764256877746
46324 16 0.3313990866399571	46008 4 0.302981549145723	46412 8 0.294615009508876
46418 17 0.3355336588415864	46112 4 0.2963249258430299	46507 8 0.2982810922312528
46517 17 0.3340151317325769	46217 4 0.2971903660951303	46603 8 0.2974864364442161
46607 17 0.3347643786174971	46311 5 0.2962008622354619	46697 8 0.3029224059764176
46693 16 0.3348115340158488	46413 5 0.3032038021325426	46796 8 0.301352014778226
46775 16 0.3331287335256535	46517 6 0.3021821018349239	46890 9 0.296584080056006
46892 16 0.3322400164413757	46607 7 0.3080003559107183	46996 8 0.3045306379263727
47010 16 0.3378077080805456	46706 6 0.308721556120802	47102 8 0.2999111553841486
47122 17 0.3357113648335226	46787 6 0.306317555420523	47209 8 0.3009085294842048
47222 17 0.338160440546932	46874 6 0.3082474337604693	47323 9 0.2998453124760798
47332 17 0.3362702949963376	46985 5 0.308005107407829	47408 9 0.297380257789762
47429 18 0.3372102592701466	47078 6 0.3014491971647763	47506 9 0.2978116423598676
47511 18 0.3395129034156483	47188 6 0.3060127918274727	47606 10 0.2963926141687306
47599 18 0.3405720660575129	47297 7 0.3078007673483052	47685 10 0.2947238370159536
47701 18 0.3397115673624074	47407 7 0.3103915073886953	47792 10 0.3001047919167448
47804 18 0.3403586442175659	47519 7 0.3102982569647063	47888 10 0.3001047919167448
47919 18 0.3401397084395048	47637 7 0.3114788884197321	47980 9 0.3048727266389649
48025 18 0.3394245182311718	47745 6 0.314667352506418	48074 9 0.2983883354167456
48129 18 0.3389136680823625	47849 6 0.3109892314349911	48162 9 0.298904799303454
48219 18 0.3390158381121243	47947 6 0.3109025960296375	48246 9 0.2978045066752493
48319 19 0.3349307834178852	48058 6 0.3111945104003856	48336 9 0.2930300849670125
48409 18 0.3406463761894349	48142 6 0.3106641992935265	48444 9 0.2917495539273306
48513 19 0.336648212965787	48246 6 0.311500135900669	48545 10 0.2917495539273306
48597 18 0.3379268320516956	48348 6 0.3087991908137465	48639 10 0.2940264860191663
48691 18 0.3397569762645238	48449 7 0.3092978041480245	48740 10 0.2935545577864568
48785 18 0.340069162466574	48570 7 0.3145652367935247	48851 9 0.2867927594531264
48889 17 0.34302327352368	48670 7 0.3144815888159419	48934 10 0.2910839007031245
48982 18 0.3405825450349244	48774 8 0.3138204886233652	49023 10 0.2866069957626504
49059 18 0.3458670060187183	48877 7 0.3158494952484339	49120 9 0.2933479293336446
49159 17 0.3468414053766323	48962 8 0.3141595073584841	49218 9 0.2904871685003125
49249 18 0.3433476851993767	49064 8 0.3179125952938539	49321 9 0.2822392606431733
49364 17 0.3459586970710687	49169 8 0.3179822566777825	49412 8 0.2903509417939634
49462 17 0.3425789773564065	49279 8 0.3165518762611164	49527 8 0.2885523544101363
49563 18 0.3444374988501699	49384 8 0.3162964511867118	49617 8 0.2884161277037871
49649 18 0.3442364022836546	49488 8 0.3178857627607852	49719 7 0.2871496141947584
49734 18 0.3467730523082882	49590 9 0.3181411878351898	49822 8 0.2844477845188338
49823 17 0.3446727284107551	49679 9 0.3208941025259954	49919 7 0.2808718334771687
49910 18 0.3442267481221121	49773 9 0.3195602160263267	50018 7 0.2844477845188338
50000 17 0.3441819116011149	49875 9 0.31889911583375	50120 6 0.2842207400082519
50106 17 0.3434530987221469	49982 9 0.3178774155361314	50221 6 0.2853446103356323
50215 17 0.3428196445376234	50085 9 0.31889911583375	50323 7 0.2842300281927757
50319 17 0.3434530987221469	50205 9 0.3192196492604538	50439 7 0.2828872220873341
50415 17 0.3436720345002081	50332 9 0.3194012848689194	50526 6 0.2872464766905067
50522 16 0.3454764659782151	50443 9 0.3168825477715816	50633 6 0.2831596755000324
50623 16 0.3419682276229412	50561 10 0.3168825477715816	50729 5 0.2776651983439502
50707 16 0.3457443363252508	50655 10 0.3191488647953901	50837 6 0.2787464978255965
50795 18 0.3440901548910112	50755 9 0.320806289722638	50941 5 0.2841651583326094
50904 16 0.3494796191911066	50849 9 0.3179455288893059	51040 5 0.2794702022030763
51021 17 0.345403769559378	50926 9 0.3199775229421455	51135 6 0.2781200982383661
51115 16 0.3470924083369883	51021 10 0.3166838838248224	51249 6 0.2827177495776498
51210 17 0.3458182879658404	51117 9 0.320637500053587	51347 5 0.2824623245032452
51314 16 0.3455598578905604	51218 10 0.3179625029107311	51440 5 0.2734628477150547
51423 16 0.3448987576979837	51315 9 0.3189160898551751	51532 6 0.2722708640344997
51528 16 0.3450520127426265	51402 9 0.3162823735324249	51643 5 0.2701423217477943
51621 16 0.3430086121473892	51496 9 0.3151552597120362	51750 6 0.2658852371743835
51714 15 0.3440303124450078	51596 9 0.3155567700044337	51835 6 0.2763746935632677
51825 16 0.3409224370181609	51689 9 0.3152648556336854	51928 6 0.2685416579481919
51908 16 0.343810705167198	51792 9 0.3155567700044337	52016 7 0.2766130902993787
52005 16 0.3434336491049816	51892 9 0.3155567700044337	52113 7 0.2792695110731871
52107 15 0.3418808268272518	51997 9 0.3169360654062187	52213 8 0.2797803612219963
52215 16 0.3411145516040379	52096 9 0.3169360654062187	52317 8 0.2838785146379998
52299 15 0.3417105434443154	52198 9 0.3178161013768566	52412 8 0.2838785146379998
52385 15 0.3414916076662543	52289 9 0.3170283802072245	52508 8 0.2837508021007975
52483 15 0.340214482294231	52402 9 0.3183350602581866	52604 8 0.2837508021007975
52576 15 0.3415328884863601	52501 10 0.3159015048789688	52705 8 0.2851130691642889
52661 15 0.3390838127729508	52598 11 0.3187622657123008	52813 9 0.283921085483734
52780 15 0.3373023866130005	52677 11 0.3210200090273181	52901 8 0.2882916923124357
52872 14 0.3398750284916454	52788 10 0.3232491733130313	52997 8 0.2894723237674616
52970 14 0.336466450005858	52880 11 0.3192163547334646	53080 8 0.2898980322248026
53048 14 0.3358080209251705	52982 11 0.3216598617389581	53182 8 0.2910900159053576
53155 15 0.3341903287872743	53083 11 0.3216598617389581	53268 8 0.2905791657565484
53256 13 0.3378570976331721	53195 11 0.3229935497731455	53360 7 0.291693747899405
53348 13 0.3339632842766925	53295 11 0.3203896709843395	53465 7 0.2889846940799618
53463 12 0.3347570668156115	53397 11 0.3212778156874981	53564 8 0.28811779685774
53561 13 0.3327267649421387	53511 11 0.3213192949730852	53667 7 0.2897122685343265
53692 12 0.3349273501985479	53605 11 0.3210223906130935	53768 6 0.2922045980482143
53777 13 0.3324016784838054	53712 12 0.3208652059519214	53872 6 0.288926642926688
53878 12 0.3347570668156115	53818 11 0.3232491733130314	53982 5 0.2930134441171623
53985 13 0.3298133710631717	53914 12 0.3195878821144169	54084 5 0.2878817221677599
54077 12 0.3344073838686319	54022 11 0.3178046580906949	54186 5 0.2919491729738097
54163 12 0.3306231631509138	54111 12 0.3202606684215088	54287 4 0.2923748814311508
54259 12 0.3296014628532953	54203 11 0.3239148265372374	54395 4 0.2834605463344286
54348 13 0.3305853223991502	54298 11 0.3215592397399502	54497 4 0.2823173851622679
54455 13 0.3323447188906787	54392 11 0.3215592397399502	54607 4 0.2857361515427609
54555 13 0.3317642073579408	54489 12 0.3172953016557711	54708 4 0.2841479315288345
54672 13 0.3316162844192285	54593 12 0.3254488706975508	54801 3 0.2873265546769812
54769 12 0.3309282707507984	54688 12 0.3251934456231461	54916 3 0.2830354134269832
54882 13 0.331216918946769	54801 12 0.326612473814283	55018 3 0.2856361050936486
55004 13 0.3315784436674648	54908 12 0.3196009808361812	55115 3 0.2863172386253944
55093 13 0.3309220521657184	55018 12 0.3196009808361812	55228 2 0.2863172386253944
55214 13 0.3319437524633369	55131 12 0.3196009808361812	55315 3 0.2778030694785728
55327 12 0.329487742132523	55243 12 0.3202650860296333	55417 2 0.2850045085460299
55415 12 0.3318361047862918	55349 12 0.3169929739653646	55521 2 0.2756145962869638
55517 11 0.3276432039495263	55439 12 0.3193969746656437	55619 3 0.2743664412047648
55612 10 0.3290264289678407	55539 12 0.319141549591239	55724 2 0.281467258273214
55713 10 0.3252468523423845	55629 13 0.3152817929113465	55813 2 0.2732414651411315
55819 9 0.327292634523397	55722 12 0.3217549430487063	55904 2 0.2691541479404059
55904 9 0.3250896166472316	55815 12 0.3165257461957847	56007 2 0.2684730144086602
55994 9 0.3269472535519926	55919 11 0.3183137217166173	56096 2 0.2716516375568069
56111 9 0.326451883710723	56023 11 0.3171232860668162	56197 2 0.2720850861679178
56202 9 0.3269472535519926	56114 12 0.3177363062453875	56284 2 0.2720850861679178
56316 9 0.3263877510080586	56216 11 0.3196240191762255	56393 1 0.2720850861679178
56413 9 0.3274581037008019	56307 11 0.319214766676059	56482 2 0.2597062245909738
56509 9 0.3289706208080608	56421 11 0.3191734858559532	56596 1 0.274010028757634
56618 9 0.3274581037008019	56541 11 0.3177177298763398	56709 1 0.2566553139800293
56725 10 0.3268986011568679	56654 11 0.3191451052921304	56815 1 0.259833937128176
56822 10 0.3303188645341339	56742 11 0.3177697395068746	56926 2 0.2585901280702056
56919 10 0.3282909442464364	56839 12 0.3153800960330001	57029 2 0.2751672153990672
57028 10 0.328786314087706	56941 13 0.3163366879783194	57133 2 0.2735502636237056
57141 10 0.3288753853957036	57028 13 0.3202588818986218	57217 2 0.2738056886981103
57253 10 0.3293993342662772	57132 13 0.3180881742028084	57314 2 0.2747706278680834
57350 10 0.3308635216070263	57229 13 0.3141950469698497	57422 2 0.2738056886981103
57443 11 0.3284995875850851	57336 12 0.3158129775998788	57520 2 0.2734984382462902
57557 10 0.3311288582810547	57444 12 0.3137185430237415	57615 2 0.2754226404734719
57663 11 0.3298904336778807	57548 13 0.3178053442142159	57712 2 0.2723258049501597
57745 11 0.3296443878486325	57640 13 0.3176706145046398	57825 2 0.2704475276353458
57843 11 0.3309254428371849	57741 14 0.3175134298434678	57943 1 0.2723258049501597
57953 11 0.3283030787399639	57837 13 0.3209889573516062	58028 2 0.2590669215424276
58036 10 0.332038385888655	57943 13 0.3146753734611938	58127 2 0.2713892463440094
58129 10 0.3280368174502815	58061 14 0.3183379599082126	58226 3 0.272543634991968
58230 10 0.3301002513846876	58152 14 0.3206732748741979	58326 3 0.2849402652697403
58324 10 0.3282071008332179	58244 13 0.3209190975021963	58423 3 0.2823263047680407
58418 10 0.3291126077636564	58335 13 0.3182910540093231	58512 4 0.2807791586030755
58522 10 0.3288672764101407	58429 12 0.3194943899154072	58610 4 0.2881354007459293
58611 10 0.3303386481207987	58524 11 0.3186584533082648	58723 4 0.289289789393888
58691 11 0.3307403936224415	58631 12 0.3165015304577365	58823 5 0.2882072736023635
58781 11 0.3331753549377999	58735 13 0.3184768176997992	58919 5 0.2936014973381887
58875 10 0.3338364551303766	58855 14 0.3221077833728744	59002 5 0.2954892102690269
58982 11 0.3319168969954568	58940 13 0.3224937590408637	59115 5 0.2928838745100995
59085 10 0.3317930545351395	59032 13 0.3205202182950364	59217 5 0.2954892102690269
59170 10 0.3302681531818488	59130 14 0.320934577809736	59324 5 0.2919473159039491
59268 10 0.3302976568268068	59245 15 0.3211048611926725	59414 5 0.2926284494356948
59359 10 0.3302254153916216	59347 14 0.3214227235074871	59495 6 0.292774406621069
59471 10 0.3300706123162249	59450 15 0.320777393148564	59585 5 0.2965206410456704
59571 8 0.3255951643458721	59541 16 0.3262050521998757	59678 5 0.2946134671567824
59673 8 0.3264151956958561	59634 15 0.3261954497534695	59772 5 0.2952813318534941
59773 8 0.3248671649418886	59736 16 0.3238697372338904	59879 5 0.2930530521567831
59883 9 0.3243432160713149	59844 16 0.3244594438365202	59972 5 0.2949779947464993
59989 8 0.3296787620699898	59936 15 0.3210101137719104	60074 6 0.2905555625403821
60093 9 0.3256771025709836	60045 16 0.3206411664422149	60183 6 0.2953234972626022
60180 9 0.3278692564662573	60145 17 0.3232106990283197	60274 6 0.2983561632253748
60272 9 0.3299909482720399	60243 17 0.3239261787627666	60372 6 0.2973219746124301
60392 9 0.3285054284742326	60346 17 0.3245374524451025	60474 6 0.3007179117921337
60496 9 0.3309502113292485	60452 18 0.322924511804317	60565 5 0.2978571509588017
60587 9 0.3268175538583118	60553 18 0.3219028115066984	60664 5 0.2917269491730902
60688 9 0.3271228895794392	60643 17 0.3203702610602706	60775 4 0.2899592454835596
60801 9 0.3275996830516612	60761 17 0.3214203419217118	60877 3 0.2848702049535166
60902 9 0.3259168825614658	60847 16 0.3192221382510779	60972 4 0.2814807547598295
61003 9 0.3276848247431294	60943 17 0.3136696294547146	61072 4 0.2872703897796681
61110 9 0.3268674645050345	61036 17 0.3147483293721117	61170 4 0.2872703897796681
61207 8 0.3298871564957739	61149 17 0.3168381708899679	61261 4 0.2872703897796681
61302 9 0.327162622368791	61262 17 0.3173003686436525	61358 4 0.2866379086430472
61397 8 0.3291918326821168	61359 16 0.3177487815520517	61457 5 0.2881835578112394
61497 9 0.3255105308787691	61444 16 0.3181434383336809	61545 5 0.2938564270827788
61585 9 0.3282051907280439	61536 16 0.318393187295321	61651 5 0.294211589567189
61672 9 0.3317542549197717	61655 16 0.3141361027219102	61754 5 0.2950025162045102
61784 10 0.3274107704032946	61764 17 0.3163366879783194	61856 5 0.2918238930563635
61893 10 0.3313613448874199	61839 17 0.3180194884685148	61964 5 0.2921644598222364
61994 10 0.3309526647683724	61936 16 0.3180194884685148	62071 4 0.295206856264034
62110 11 0.3310661870236633	62011 16 0.3141361027219102	62180 4 0.2863067114492232
62209 11 0.3304773016403558	62121 17 0.3165069713612559	62305 3 0.2905248035958167
62304 11 0.3343262466768872	62225 17 0.3159891865950419	62391 3 0.2836974416070241
62417 10 0.3327458547085868	62330 16 0.3161594699779784	62474 3 0.2831865914582148
62530 10 0.3299483911327502	62423 17 0.3166772547441923	62576 3 0.2848035432335765
62620 10 0.3317193383152891	62534 18 0.3175937800111737	62687 4 0.2848035432335765
62715 10 0.330402480153914	62644 18 0.319183091585247	62785 3 0.290812284144746
62830 10 0.3306579052283187	62735 18 0.3232698927757214	62907 3 0.2810550463024885
62938 11 0.3310836136856598	62827 18 0.3190468648788979	63010 3 0.2823553921358212
63033 11 0.3332585968949842	62924 18 0.3228417516986241	63099 3 0.2835992011937916
63140 11 0.3314876497124453	63021 17 0.3229779784049732	63193 4 0.2791767689876744
63230 12 0.3337505266679116	63109 17 0.3193865470557685	63301 4 0.288923465477655
63333 12 0.3345451824549483	63210 18 0.3231100770293118	63418 4 0.2876231196443222
63446 12 0.3357371661355033	63324 18 0.3227922147144971	63516 5 0.2886680404032502
63534 12 0.332520702235593	63424 19 0.322655988008148	63605 4 0.2943895620699144
63643 12 0.334261376816721	63526 18 0.3241616516046386	63684 5 0.2890946844835745
63742 12 0.331556876028907	63621 19 0.3264873641242177	63765 4 0.2948162061502386
63842 13 0.3345451824549483	63717 18 0.3240044669434665	63847 4 0.2873170550545703
63945 13 0.335096022230791	63827 18 0.3246993886033852	63953 5 0.2863286710710046
64033 13 0.3356890090701932	63927 17 0.3275577168169611	64038 5 0.291794767663264
64129 12 0.3359657257353649	64002 18 0.3248980525501443	64143 5 0.2880986165865849
64234 12 0.3335023756035623	64078 17 0.3275757208048895	64243 5 0.29167456762825
64337 11 0.3383172159716298	64198 17 0.3241945040934543	64350 5 0.2929183766862204
64433 11 0.3347899173250895	64299 16 0.3255608992389563	64450 5 0.2913826532575018
64539 10 0.336961030457529	64413 16 0.3255322801830006	64542 5 0.29167456762825
64645 10 0.3313152712371767	64523 16 0.326746029408743	64649 6 0.2935528449430641
64740 10 0.3330010767282474	64643 17 0.325792442464299	64751 6 0.2952881137025115
64846 9 0.3311631905606922	64752 16 0.3274466639251903	64857 6 0.2981164396057604
64952 9 0.3311620161925339	64861 17 0.3254898619915427	64943 6 0.3006852860683443
65028 9 0.3282909048006313	64945 18 0.3290302993864991	65035 6 0.2993230190048528
65139 8 0.3309870583637914	65043 18 0.3291139473640818	65138 5 0.2999394734701387
65245 8 0.3258331479735821	65139 18 0.3310211212529699	65241 5 0.2919020977955391
65360 8 0.3272635283902481	65233 18 0.3306196109605725	65342 5 0.2941790298873748
65466 8 0.3266827342555472	65329 18 0.3279631901867641	65454 4 0.2967797215540403
65563 8 0.3300439525209803	65428 18 0.328916777131208	65558 4 0.2927999556328402
65655 9 0.3265258722229899	65510 18 0.3291697695858565	65659 4 0.2935164727246767
65743 9 0.3306148072904434	65612 18 0.3290335428795073	65763 4 0.2928291470699151
65838 10 0.3313527019498346	65730 18 0.3310769434747446	65867 4 0.2911092849022572
65940 10 0.3326241512090932	65847 17 0.3310769434747446	65974 4 0.2916931136437534
66042 10 0.3326241512090932	65950 17 0.3294876319006712	66106 4 0.2932378271889625
66150 10 0.334787048915163	66051 18 0.3272870466442619	66209 4 0.2914376885693488
66237 11 0.3297834237149303	66150 18 0.3288763582183353	66309 5 0.29209592685633
66337 10 0.3347373218735302	66262 18 0.3304883742434669	66400 4 0.297817448522994
66441 11 0.3321366302068647	66353 18 0.328396321253105	66506 4 0.2957802400507727
66528 11 0.3329493463526976	66436 18 0.3263405364118361	66613 4 0.2946400817476331
66625 11 0.3330482205750478	66537 18 0.328396321253105	66713 4 0.2933962726896627
66707 11 0.3347310210652431	66636 19 0.3273622367094546	66803 5 0.293980101431159
66806 11 0.3322108269977839	66727 19 0.3290041270122944	66906 5 0.2971009314311576
66907 11 0.335108940315115	66843 19 0.3278462000083266	67024 6 0.3001345589037154
66999 12 0.3328982613378166	66950 20 0.3247810991154708	67126 6 0.3035888789575687
67088 13 0.335554682111625	67042 20 0.3262114795321368	67222 6 0.3051895427571711
67189 11 0.3383682875466054	67152 20 0.3262114795321368	67315 6 0.3039975590766161
67301 13 0.3303747714629457	67245 21 0.3262479688284803	67431 6 0.3024185677075693
67395 12 0.336066166069552	67345 20 0.3257517143982085	67532 7 0.3031017284224451
67496 13 0.3341696582826721	67439 20 0.3256154876918593	67626 7 0.3066047008714232
67598 13 0.3371535471005889	67533 20 0.3287681628959395	67720 7 0.3052037071522807
67699 13 0.3327261791442417	67619 20 0.3276613209068527	67816 7 0.3078043988189462
67785 12 0.3353777346785375	67722 20 0.3290235879703441	67916 7 0.3099613216694743
67888 12 0.3333381446205408	67828 20 0.328731673599596	68006 7 0.3092801881377286
67994 12 0.3311414889806609	67946 21 0.3313323652662615	68103 8 0.3123840156862354
68092 12 0.3309371489211372	68040 21 0.3301938992203437	68212 8 0.3151426064898056
68194 12 0.3308009222147881	68138 22 0.3294933047305481	68314 8 0.3129420212333964
68289 12 0.3315368425740873	68242 21 0.3314449098179184	68425 8 0.3140999482373641
68382 13 0.3317204524826448	68328 22 0.3305532441036331	68527 8 0.3137593814714912
68463 13 0.3346021712707997	68430 21 0.331230711246751	68609 7 0.3159599667279005
68569 12 0.3351904229573074	68517 22 0.3298654955532521	68711 8 0.3123840156862354
68660 12 0.330946437105661	68611 21 0.3311658413865848	68810 8 0.3138870940086936
68769 12 0.3326006185399006	68709 21 0.3298371149894292	68892 7 0.3128824220493686
68848 12 0.3348994442095424	68797 21 0.3277937143941921	68987 7 0.3096470377735763
68957 12 0.330386934561727	68872 21 0.3280491394685968	69080 8 0.30947675439064
69057 11 0.3354273226966454	68984 21 0.3302060623191249	69177 8 0.3139041223469872
69164 11 0.3309999547402982	69103 21 0.3309553092040452	69285 9 0.3102763459279067
69252 11 0.3352937671021855	69197 21 0.3295249287873792	69387 9 0.3164016119633882
69347 11 0.3322967795625043	69303 21 0.3329476247844014	69499 10 0.3154983696712906
69445 11 0.3319562127966313	69386 21 0.3312277626167435	69602 10 0.3190920894137838
69538 11 0.331858908006382	69482 20 0.3283598319567615	69699 10 0.3165378386697373
69640 12 0.3325740982147151	69573 20 0.3272246094038519	69793 10 0.3201137897114023
69738 11 0.335661903558629	69657 20 0.328321592881295	69902 11 0.31760210981309
69851 12 0.3319902694732187	69756 20 0.3295249287873792	70006 11 0.3201891788091206
69955 11 0.3358662436181527	69859 19 0.3308871958508706	70101 11 0.3225731461702306
70057 11 0.3316849337520912	69954 20 0.3294568154342046	70191 11 0.3225731461702306
70155 11 0.3322914669446458	70055 20 0.3297884625943046	70295 11 0.3200034151186445
70252 10 0.3341256622408468	70162 20 0.3297884625943046	70383 11 0.3204446038835252
70355 10 0.3310189856648844	70265 20 0.329751973297961	70489 12 0.3215448965117298
70466 10 0.3317001191966302	70352 20 0.3294965482235563	70615 12 0.3223517777724132
70575 10 0.3314730746860483	70452 20 0.3315399488187936	70708 12 0.3249691405395061
70671 10 0.3339191157926622	70537 20 0.3337405340752028	70799 12 0.3229071635752213
70760 10 0.3304513743884297	70628 20 0.3357839346704399	70881 11 0.320785170649398
70853 11 0.3316164712190474	70734 20 0.3338540563304938	70999 12 0.3195014959164926
70965 11 0.3355794299492044	70842 20 0.333015738137576	71105 12 0.323588297106967
71069 11 0.3343874462686493	70947 20 0.3352163233939852	71196 12 0.3222260300434756
71182 11 0.3371800937488068	71034 20 0.3369191572233495	71304 12 0.3241908383081267
71269 11 0.3331841103625652	71125 21 0.3364366876383629	71394 12 0.3251549042299822
71361 12 0.3336609038347872	71222 20 0.3377989547018544	71503 11 0.3231115036347451
71465 12 0.3367714136297594	71314 20 0.3367772544042358	71603 12 0.3238018988889504
71546 12 0.3379463689720207	71433 21 0.3346487121175304	71696 11 0.3252625519070273
71647 11 0.3373625402305244	71538 20 0.3360109791810219	71805 11 0.3230072431019137
71748 12 0.3362435351426564	71622 20 0.3360109791810219	71917 11 0.3221689249089959
71832 12 0.3376058022061478	71724 21 0.3366921127127677	72016 11 0.3240289433995323
71927 12 0.3386275025037664	71820 21 0.3375435296274498	72126 10 0.3250154126524054
72021 12 0.3369246686744022	71929 21 0.3384351953417351	72229 11 0.3224147209857399
72120 12 0.3379463689720207	72031 21 0.3376456996572116	72318 11 0.3240289433995323
72198 11 0.337026838704164	72133 22 0.3390420233972904	72422 11 0.3229720120571682
72293 11 0.3346076402983085	72227 22 0.3388438754607826	72521 10 0.3250154126524054
72397 11 0.3359820704605812	72333 22 0.3368004748655454	72612 11 0.3224147209857399
72488 12 0.3314283343095285	72449 22 0.3388476349640422	72714 11 0.3233125788230411
72591 11 0.336439531007372	72561 22 0.3368004748655454	72830 11 0.3243695101654052
72699 12 0.3324013822120224	72657 22 0.336057420103641	72911 11 0.3252549837566746
72781 10 0.3389109446470878	72759 22 0.3393446297568486	73020 11 0.3231434698082629
72888 12 0.3282365160420979	72865 22 0.336057420103641	73122 12 0.3234840365741357
72991 11 0.33609415131639	72962 22 0.3368925490425639	73244 12 0.323393218769903
73083 12 0.3346864753507822	73080 21 0.3393446297568486	73342 12 0.3254366193651401
73185 12 0.3349702809890096	73166 22 0.3380442839235158	73448 11 0.3244149190675215
73281 11 0.3377454946942474	73277 22 0.3405025567608163	73553 12 0.3230526520040302
73383 11 0.3331052725092296	73376 22 0.3389359496378012	73634 11 0.3274800199603773
73478 11 0.3315159609351562	73484 22 0.3369606623957386	73730 12 0.3250960525992673
73589 8 0.3362636238260743	73575 22 0.3394954521817351	73817 12 0.3267123932817432
73694 8 0.3226972546794218	73674 23 0.3387121486202275	73913 13 0.3256121006535386
73801 8 0.3270985077472095	73772 23 0.3397005326037933	74019 13 0.3266425334323334
73893 8 0.325083487715795	73869 22 0.3382531238488337	74124 12 0.3276642337299519
73983 8 0.3292046443256337	73979 22 0.3391378570775687	74216 13 0.324150033805176
74073 9 0.3273882882409784	74066 22 0.3410961159813376	74321 14 0.3263506190615852
74165 9 0.3303398668785433	74168 22 0.3398523069233672	74428 14 0.3262720267309991
74265 9 0.3302985860584375	74258 21 0.3399374486148353	74534 14 0.3286210641674043
74366 9 0.3304404888775512	74370 21 0.3368856165570135	74631 14 0.3274631371634365
74442 9 0.3293181665809247	74476 20 0.3394398673010601	74741 14 0.3295065377586737
74555 9 0.331021000410289	74580 20 0.3367772544042358	74849 14 0.3284062451304691
74649 9 0.3273882882409785	74672 19 0.3380776002375686	74959 15 0.3297685121939605
74758 9 0.3310223971297663	74767 19 0.3366472198209026	75053 16 0.3316756860828486
74863 9 0.3264627831175801	74876 19 0.3366472198209026	75156 16 0.331420261008444
74964 9 0.3295278840104359	74971 19 0.3346038192256654	75248 16 0.3329868681314591
75070 7 0.329187317244563	75058 18 0.3358476282836358	75344 16 0.3308242691681664
75174 8 0.3221663711914435	75166 19 0.3343419646871453	75434 16 0.3355694994393283
75259 7 0.3260257224347099	75264 18 0.3338042276883987	75543 17 0.3327734462915122
75348 7 0.3217971853696149	75363 18 0.3348893041322982	75651 17 0.3344562467817074
75447 6 0.3213374202356866	75454 18 0.3326887188758889	75766 17 0.3321574211120656
75551 6 0.3158680278360155	75571 18 0.3326887188758889	75856 17 0.3340680006686124
75647 6 0.3178433150780781	75668 18 0.33459738976155	75948 18 0.3357027211448021
75745 7 0.3163107646316503	75766 17 0.3348528148359546	76062 18 0.3366790125403043
75847 7 0.3197164322903788	75883 17 0.3362434624632688	76156 18 0.3355899473878977
75953 7 0.320567849205061	75966 16 0.3362434624632688	76258 18 0.3344896547596931
76063 7 0.3186152664140566	76061 15 0.3329997309628229	76364 18 0.3348910370194718
76175 7 0.320091055732839	76167 14 0.3312117554419903	76491 18 0.3333893621314884
76269 6 0.3215160587795175	76265 15 0.3293045815531023	76587 18 0.3359913296476764
76380 6 0.3149442945663294	76360 14 0.3320631723566725	76701 18 0.3344489031808707
76466 6 0.3195233695365655	76452 14 0.3301559984677844	76807 17 0.33664948843728
76571 7 0.3169933712743312	76541 15 0.3313479821483395	76918 17 0.3356731970417777
76670 5 0.3239385006783813	76638 15 0.3312117554419903	77021 17 0.3359286221161824
76766 6 0.3137214977021955	76714 14 0.3312117554419903	77120 18 0.3361801175740577
76863 5 0.3205624718350735	76802 14 0.3293045815531023	77215 17 0.337105323954679
76975 6 0.3110253441390353	76905 15 0.3299005733933798	77311 16 0.3367579067078834
77071 5 0.3184846409006533	77014 15 0.332099661653016	77403 16 0.3339539072552389
77183 7 0.3110975855742205	77110 16 0.332099661653016	77506 16 0.3337614915493214
77279 7 0.321436219538218	77207 16 0.3326438281158781	77609 15 0.3349756075528575
77381 7 0.3207356250484225	77309 15 0.3328992531902827	77713 16 0.3316329492626159
77473 6 0.3248723368856196	77403 15 0.329067877074213	77811 16 0.3337480701989421
77583 6 0.3187171389562631	77504 14 0.3292722171337367	77912 16 0.3340534059200695
77685 6 0.3210484732717382	77599 15 0.3286088523028192	78007 17 0.3306477382613409
77773 6 0.3195600417017984	77714 14 0.3296777079987894	78124 16 0.3297298470848707
77883 6 0.3200462339321695	77811 14 0.3282473275821233	78228 15 0.3270605773418023
77990 6 0.3195788178167498	77897 15 0.3294602692175013	78337 15 0.3292185322128331
78097 6 0.3189479061122295	77995 15 0.3289625177904563	78443 16 0.329559098978706
78203 6 0.3195101320824561	78105 16 0.3291668578499801	78545 16 0.3306829693060864
78299 6 0.3208776175076827	78218 15 0.3302218744616514	78648 16 0.3284909577584683
78391 5 0.3212181842735556	78326 16 0.3294733679392657	78742 15 0.3293180484755881
78497 6 0.3149377324440767	78419 16 0.3312613434600982	78847 15 0.3297220845023736
78612 6 0.3198345960133771	78533 16 0.328658440320927	78951 15 0.3308118981531668
78692 6 0.3185501727820851	78625 16 0.3294709353195094	79074 16 0.3287684975579296
78788 7 0.3188128957157585	78718 15 0.3271389375622826	79166 15 0.3325998736739993
78890 7 0.3214157988549297	78807 16 0.3286349987123669	79268 16 0.3319907831119575
78989 7 0.3214157988549297	78920 15 0.3315672785665323	79393 15 0.3317353580375528
79085 7 0.3177060537266717	79024 16 0.331979888302109	79486 15 0.3296919574423156
79189 7 0.3229850770898341	79113 16 0.3324377957991326	79594 16 0.3321270098183067
79285 8 0.319429159387338	79216 16 0.3330337876394101	79700 15 0.3347626181786449
79384 8 0.3235159605778123	79316 15 0.3335446377882195	79800 15 0.3310674687689243
79500 8 0.3229369970758285	79405 15 0.3321978510322676	79914 15 0.3337815239184958
79600 7 0.3231753938119395	79512 15 0.3294222829243847	80010 15 0.3327734462915122
79697 9 0.3190187327720553	79638 16 0.3303223522341916	80110 16 0.3344251951059956
79785 9 0.3283044056234674	79754 17 0.3329486459479419	80207 15 0.3344251951059956
79891 10 0.324155292195356	79853 17 0.3341205962893279	80319 16 0.3330288713659168
80003 9 0.3292097036676928	79960 16 0.3335732568441751	80429 16 0.3333694381317896
80102 10 0.3250718174623374	80065 17 0.3333266750580608	80513 16 0.3326542479234566
80195 10 0.3314558225759495	80170 17 0.3321764091552259	80608 15 0.3336452972121466
80292 10 0.3236955270614277	80275 17 0.3337875519322397	80701 15 0.3320105767359569
80396 10 0.3290594536239253	80363 17 0.3330278260699079	80806 16 0.3298309494343706
80499 10 0.3286468438883486	80469 16 0.3330278260699079	80903 16 0.3327192175834077
80599 10 0.3304868290397159	80566 16 0.3335456108361219	80998 15 0.3335771838589722
80713 10 0.3294272879903338	80660 16 0.3343053366984537	81102 16 0.3314591205496782
80800 10 0.3284434284444788	80758 15 0.3316369399504608	81192 16 0.3290031102188642
80904 10 0.3289862976909343	80864 15 0.3301043895040329	81303 16 0.3312036954752735
80993 9 0.3282862437833067	80964 14 0.3312046821322375	81395 16 0.3322632365246557
81107 10 0.3292587511036326	81060 15 0.3295594826786364	81520 16 0.332348378216124
81222 11 0.3273000971590486	81153 15 0.3336672418239336	81623 17 0.332348378216124
81324 11 0.3298629480739504	81257 15 0.3327087011810769	81715 18 0.3350528790039379
81407 11 0.3299007888257139	81369 14 0.332076220044456	81813 18 0.334598789982774
81503 11 0.3315680689817179	81485 14 0.3313133504889007	81916 18 0.3353272244542244
81603 11 0.3317870047597791	81578 14 0.3305777262746153	82022 18 0.3339649573907329
81709 11 0.3303961186403319	81681 14 0.3317220306079481	82115 18 0.3353272244542244
81822 10 0.3321356802581727	81769 14 0.3295214453515389	82207 17 0.3360083579859701
81913 10 0.3266034432931114	81854 14 0.3298620121174117	82302 17 0.3344190464118967
82023 10 0.3263673544270256	81958 14 0.3307765410551403	82406 17 0.3342828197055476
82110 10 0.3273890547246441	82067 14 0.3283925736940303	82495 18 0.3349639532372933
82212 10 0.3216126639679228	82162 13 0.3283925736940303	82594 18 0.3367300975551852
82307 10 0.324004728720669	82276 13 0.3283925736940302	82690 18 0.3358412182962571
82420 10 0.3240274331717272	82377 13 0.3287696297562466	82792 18 0.3372409477039945
82514 10 0.3252988824309858	82473 14 0.3319919153102744	82881 18 0.3367300975551852
82603 10 0.3259885301318783	82572 14 0.3334028347688907	82994 18 0.3358412182962571
82708 10 0.3258381131436178	82659 14 0.332302542140686	83101 19 0.3346492346157021
82823 10 0.325326389746691	82758 13 0.3314136628817579	83199 18 0.3361548982121926
82926 11 0.3234087368803915	82867 13 0.3314136628817578	83275 19 0.3388862858499438
83019 11 0.3272946002767355	82963 14 0.330513593571951	83381 19 0.3369544897494594
83129 12 0.3277908547070073	83057 14 0.3313309538100458	83477 20 0.3356773643774361
83237 11 0.3278589680601819	83142 13 0.329678464633028	83583 20 0.337107744794102
83343 11 0.3259858508478811	83239 13 0.3286600078284178	83680 20 0.3363414695708882
83445 11 0.3218877711476278	83348 14 0.3289519221991659	83777 20 0.3364509374599187
83545 10 0.3278607882721672	83453 13 0.3309255171840067	83865 21 0.3366831420730139
83641 11 0.3191298948197903	83572 13 0.3279302219015473	83958 20 0.3394076761999967
83741 11 0.3273368394015936	83669 12 0.3262745434705346	84039 20 0.3383659425632092
83847 11 0.3271324993420699	83748 12 0.3229593760712687	84152 21 0.3383659425632092
83958 12 0.3248944891663341	83836 11 0.3246002886704744	84263 20 0.3390105867986115
84051 11 0.3283852985165308	83917 11 0.3206682905553967	84352 21 0.3369872195425432
84143 12 0.3260297117192435	84018 12 0.3236149334427315	84446 20 0.3416245473003109
84243 12 0.3286407235909355	84123 11 0.3232743666768587	84542 20 0.3396430679352324
84338 12 0.3284136790803535	84217 12 0.3229824523061104	84648 20 0.3406879886941605
84435 12 0.3284136790803535	84316 11 0.3229824523061104	84734 20 0.3412555999706153
84540 12 0.3281493230592915	84422 11 0.3211823136864967	84832 19 0.3389851548647962
84656 12 0.3267676063786347	84517 11 0.3212796184767461	84927 19 0.3391440860222035
84765 11 0.3277325455486078	84631 11 0.3248555695184112	85025 19 0.3413308831504399
84868 11 0.3250080114216249	84718 11 0.3224530257882535	85126 19 0.3408817841185195
84973 11 0.3281109530662444	84813 11 0.3253001639509507	85228 20 0.3406199295799995
85070 11 0.3258972690880707	84898 11 0.3232567633557135	85325 21 0.3408065009386951
85180 11 0.3246712287309284	84995 11 0.3225756298239678	85432 20 0.3432422936772205
85270 10 0.3240940117251798	85092 12 0.3243601996771416	85550 20 0.3409281319265068
85381 10 0.3224242025519001	85183 12 0.327002997780315	85648 20 0.3421719409844772
85473 10 0.3227420648667148	85284 13 0.3257224667406331	85741 20 0.3433856902102196
85562 9 0.3196769639738591	85387 13 0.327650598584344	85835 19 0.3445776738907746
85660 9 0.3211737112474644	85483 13 0.327650598584344	85930 20 0.3427119825703614
85768 9 0.3262043689033578	85581 12 0.3280252220268041	86026 19 0.343972079604091
85868 10 0.3218791709767724	85653 12 0.3246326530898399	86138 20 0.3431751533719485
85975 10 0.3287513217881356	85752 12 0.3256543533874584	86241 19 0.3461111973851051
86082 10 0.3275381816872763	85832 12 0.3278549386438677	86344 18 0.3440473627839155
86189 9 0.3273735744171045	85928 12 0.3285360721756134	86443 18 0.3433444637069824
86273 10 0.3263518741194858	86030 12 0.3313150969851359	86531 17 0.3438076345085694
86362 9 0.327303913033176	86133 13 0.3292716963898987	86619 18 0.3417926144771551
86449 9 0.3238131036829791	86242 12 0.3292716963898988	86721 17 0.3426156508280145
86532 9 0.3256010792038115	86334 12 0.3270711111334895	86813 16 0.3417755861388614
86621 9 0.3264233466231389	86434 12 0.3259577197835204	86916 16 0.3413633616598071
86713 9 0.3261946384243329	86521 12 0.3259577197835204	87044 16 0.3431513371806397
86812 8 0.3275216744430789	86614 12 0.3262680139479825	87134 16 0.3403586897004822
86924 8 0.3223348817444404	86726 13 0.3257571637991732	87242 17 0.3417956194780304
87011 8 0.3226267961151886	86815 14 0.3274468989067731	87341 17 0.3444084292134939
87092 8 0.3207111080571537	86909 14 0.3294902995020103	87437 17 0.3431483321797644
87196 8 0.322364404902391	87001 13 0.3294902995020103	87536 17 0.3425050393997822
87307 8 0.3215284682952486	87102 13 0.3289794493532011	87634 18 0.344616553348194
87406 7 0.3244306256061566	87185 12 0.3274338001850088	87733 18 0.3417784969659201
87504 7 0.3206689108740154	87299 13 0.3260977305650461	87816 18 0.3413698168468727
87605 7 0.3210520484856224	87416 13 0.3256976241547898	87923 19 0.3403481165492541
87703 7 0.3183356548651906	87515 13 0.3266840934076629	88028 19 0.3441355774770928
87800 7 0.3202176599092339	87610 13 0.3256976241547898	88127 18 0.3431138771794743
87904 7 0.3185955816842015	87714 14 0.3262754132886155	88222 19 0.3405865132853652
87997 7 0.3183685371736196	87820 14 0.3275014536457578	88318 18 0.3434544439453471
88109 7 0.3176419947397575	87928 15 0.3279101337648052	88432 18 0.3415729825382383
88218 7 0.3160980920678005	88030 15 0.329648198638915	88515 19 0.3436163831334754
88323 8 0.3182323104672705	88133 15 0.3302259877727407	88594 18 0.3430786461347288
88439 8 0.3206191158847628	88236 15 0.330260044449328	88705 18 0.3436163831334754
88536 8 0.3214449902920045	88344 14 0.329306457504884	88809 19 0.3454740200382365
88639 7 0.3234883908872416	88436 13 0.3275564682771681	88903 19 0.3459579833371085
88737 8 0.3176817275291093	88543 13 0.3255130676819309	89005 19 0.3449362830394898
88835 8 0.3221772088386312	88641 13 0.326105129905679	89101 19 0.3445276029204424
88931 8 0.3187520802218526	88754 14 0.3271851406421196	89213 19 0.3465710035156796
89023 8 0.3224983146464541	88842 14 0.3287176910885474	89319 19 0.3444095789205451
89119 8 0.3166366366569116	88945 14 0.327794865013279	89418 19 0.3465710035156796
89230 9 0.3191749506228114	89049 14 0.3291702307985348	89548 19 0.3458898699839339
89316 8 0.3201183597098846	89161 14 0.3306129954612326	89651 19 0.3476279348580437
89419 8 0.3189457122376483	89259 14 0.328012303794567	89751 18 0.3458898699839339
89510 8 0.320103639241616	89377 14 0.328012303794567	89857 18 0.346122271261553
89599 8 0.3189517937870389	89478 15 0.3304427120782962	89969 18 0.3440788706663159
89700 8 0.3208538877934948	89570 15 0.3321796025842478	90074 18 0.3459322371414108
89797 7 0.3189953662997315	89691 15 0.3297491943005187	90173 18 0.3447600041980616
89890 7 0.316917909027907	89786 14 0.3323839426437715	90294 18 0.3439240675909191
89994 7 0.3177948684500297	89885 15 0.3301362019890106	90391 18 0.3449457678885377
90104 8 0.3163292569886182	89968 15 0.3299535343600424	90464 18 0.3439240675909191
90213 7 0.3189187387774101	90079 14 0.3315677567738348	90563 19 0.3440788706663159
90306 7 0.3151798441537972	90175 15 0.3280463604711544	90669 19 0.3455845342628065
90408 7 0.3184277550232767	90282 16 0.3299535343600424	90762 19 0.346559793637806
90504 7 0.3158053909260556	90396 16 0.327076919556575	90876 20 0.3470706437866153
90597 7 0.3183936983466894	90489 16 0.329937680389907	90988 21 0.3428816725663791
90695 7 0.3157767116194558	90597 15 0.3295971136240341	91088 20 0.344973725556741
90787 7 0.3179558267905672	90685 15 0.3278091381032016	91184 20 0.3428219628087261
90889 8 0.3182282802032654	90764 15 0.3251341409603457	91277 20 0.3405463576003938
90987 8 0.3205100775346136	90846 16 0.3246232908115363	91375 20 0.3441223086420588
91082 8 0.3223377858447979	90946 15 0.3273307966002256	91477 21 0.340778562213489
91195 9 0.3195024323733645	91053 15 0.3260536712282024	91567 21 0.3434411751103131
91295 8 0.3240433225850026	91155 15 0.3268896078353448	91656 21 0.3465062760031689
91402 8 0.3197227991042234	91265 16 0.328217818222249	91764 21 0.348549676598406
91487 8 0.3220377627415291	91368 16 0.3300057937430815	91851 20 0.3413599337633123
91596 8 0.3214634736853512	91468 17 0.3300057937430815	91957 21 0.3412414757577913
91714 9 0.3214634736853513	91573 17 0.3316885942332768	92052 21 0.3413599337633123
91811 8 0.3252551170120692	91659 17 0.3305987805824837	92152 21 0.3454467349537866
91916 9 0.3209866802131293	91756 17 0.3320291609991497	92254 21 0.3463898429208191
92019 7 0.324394011560082	91846 17 0.3291684001658177	92350 21 0.3463898429208191
92125 7 0.3182195752404122	91931 16 0.3291684001658177	92448 21 0.3448705613094253
92213 7 0.3172988706043973	92010 17 0.3268044661438766	92546 21 0.3452588074225204
92310 6 0.3201436047663943	92126 17 0.3289981167828813	92677 22 0.3450894970874864
92419 6 0.3158088910037036	92230 17 0.3258194936347346	92779 21 0.346326948642758
92519 6 0.317171158067195	92322 17 0.327938575733499	92879 22 0.3465591532558531
92613 6 0.3158684901877313	92444 17 0.3279764164852627	92978 23 0.3453052483451394
92714 6 0.3145913648157081	92551 17 0.3251228797954491	93095 23 0.3451713100320787
92809 6 0.3175713240170956	92653 17 0.3261445800930677	93183 24 0.3463632937126337
92917 6 0.3160047168940804	92764 18 0.3261093490483222	93271 24 0.3459630171891078
93023 6 0.3164304253514215	92855 18 0.331898984068161	93364 24 0.3481147799371228
93117 6 0.3161249169290944	92962 17 0.3308772837705423	93457 25 0.3431765618319663
93203 6 0.3151713299846504	93064 18 0.3266201991971315	93554 24 0.3472156836752184
93311 6 0.3136754415357657	93154 18 0.3282447418159504	93654 24 0.3493585889950932
93422 6 0.3143894573759406	93241 18 0.3246687907742853	93756 24 0.3471108483403323
93521 6 0.3118884676818917	93331 18 0.3268143613992844	93857 23 0.3494461633063176
93606 6 0.3143724290376469	93423 19 0.324445874345714	93956 23 0.3484585196852863
93705 5 0.3116898037351325	93505 19 0.3223755869005395	94078 23 0.349258111222553
93828 6 0.3071848065895054	93607 19 0.3211143154986517	94183 23 0.3485769776908073
93914 6 0.3105479034024999	93705 20 0.3218833131207778	94270 22 0.347400474317792
94003 6 0.3150081536672763	93811 19 0.3243001627903169	94375 22 0.3475808535534716
94095 6 0.3102277751593801	93921 20 0.3228697823736509	94492 23 0.3456559109637555
94210 6 0.3122013159052074	94005 19 0.3243001627903169	94580 23 0.3461001284844593
94310 5 0.3102032343188981	94118 19 0.3228697823736509	94680 23 0.3454189949527135
94425 5 0.3061778687018753	94221 20 0.3218833131207778	94774 23 0.3464406952503321
94514 4 0.3060142630986619	94321 20 0.3233136935374438	94879 23 0.3452657399080707
94611 4 0.3014780473328298	94414 20 0.3239936527010314	94995 22 0.344941461117957
94685 4 0.3032329678440335	94528 20 0.3243001627903169	95097 22 0.3437494774374021
94791 4 0.3014099339796552	94643 20 0.327876113831982	95209 23 0.3449414611179571
94894 4 0.3020409841634785	94738 20 0.3279636881432064	95313 22 0.3447548897592615
95007 5 0.3016516265231779	94841 19 0.3265333077265404	95402 22 0.344515752660616
95112 5 0.3083238970779037	94951 20 0.3261246276074929	95515 22 0.3446383566963302
95211 5 0.30662060549751	95057 20 0.3243877371015414	95597 23 0.3454216602578378
95289 5 0.3078855677707521	95153 20 0.3181224829776388	95690 22 0.3451805982166025
95392 5 0.3076848766408627	95245 19 0.3138982807126572	95786 23 0.3436813640842274
95499 5 0.3062253047871218	95344 20 0.3138812523743636	95884 23 0.3423232430509291
95605 5 0.3075145932579263	95422 19 0.3141537057870619	95995 23 0.3408961717850246
95700 5 0.3067483180347124	95529 19 0.3138812523743636	96101 23 0.3439678220387626
95811 6 0.3092174270872906	95635 19 0.3138812523743635	96186 23 0.343059643996435
95890 6 0.3129271722155486	95734 19 0.3064739252166288	96276 23 0.3439678220387626
95989 6 0.3124017263482019	95846 19 0.3068144919825017	96373 23 0.3450681146669672
96100 6 0.3133392866213107	95943 19 0.3145794142444029	96445 24 0.3426339355390939
96196 6 0.308072443701812	96058 19 0.3083503382363412	96532 24 0.3426273861782118
96310 7 0.3114757614087318	96153 20 0.3076692047045955	96626 24 0.3431949974546666
96414 7 0.3143847388470185	96266 21 0.2995637156768214	96720 23 0.3452383980499037
96492 7 0.3151101677598744	96366 20 0.3097944511838893	96805 24 0.3431164051240805
96588 5 0.3133218986564634	96452 20 0.30773731805777	96913 23 0.3437407775281807
96671 5 0.3044671627437691	96529 21 0.2987463554387265	97040 23 0.3423785104646893
96778 5 0.3051482962755147	96619 21 0.2995410112257631	97148 23 0.3432299273793714
96876 5 0.3076699278001026	96721 21 0.3004349989861794	97252 23 0.341547126889176
96958 5 0.3079618421708508	96823 21 0.2995410112257631	97353 23 0.3406582476302479
97073 5 0.306648227502484	96916 22 0.3088725406106796	97458 23 0.3410669277492954
97156 5 0.3053611505041853	97022 22 0.3015310047599885	97569 23 0.3386629270490163
97260 5 0.3070070389165287	97115 22 0.2999984543135606	97687 23 0.3376612600905668
97360 4 0.3077489879421803	97216 21 0.3100026030610759	97779 23 0.3374909767076303
97465 5 0.3030309219249631	97323 21 0.3155135925452004	97882 23 0.3414074945151683
97568 5 0.3081077993562249	97410 21 0.3198728471483731	97984 23 0.3396195189943357
97676 5 0.3069218972250605	97513 21 0.3212351142118645	98090 22 0.3389043287860027
97768 5 0.3080782761982743	97603 22 0.3134701919499632	98192 22 0.339056843468111
97871 4 0.3084699279790281	97698 22 0.3196746992118653	98304 21 0.3400444870891423
97979 5 0.3023567545316102	97804 23 0.3196746992118653	98395 21 0.3395955581704917
98072 4 0.3092532315405356	97908 23 0.3154240311137535	98475 22 0.3369277851711543
98175 4 0.3029941009077436	98015 23 0.316786298177245	98573 23 0.3380010864939051
98289 4 0.3033003248064697	98112 23 0.3167862981772449	98675 22 0.3402665958494941
98397 4 0.3024589245613721	98220 23 0.3218266863121633	98779 23 0.3383416532597779
98494 4 0.3029843704287187	98306 23 0.3230105612601976	98881 23 0.3395854623177484
98595 4 0.302303236896973	98409 22 0.3233024756309457	98984 23 0.3403850538550152
98671 4 0.3038257706738164	98509 22 0.3165641894168931	99091 23 0.3390227867915236
98767 4 0.3031446371420706	98611 22 0.3226607399626434	99196 23 0.3383416532597779
98864 4 0.3036810297983204	98693 23 0.3223201731967705	99298 23 0.3383416532597779
98958 4 0.3018519859321915	98793 22 0.3169484728276606	99376 23 0.3384035744899367
99045 4 0.305496050327031	98881 22 0.3209493919641322	99487 24 0.3393633535573966
99139 4 0.3002229112152221	98998 21 0.3218433797245485	99603 24 0.3382332911070002
99242 4 0.3029953172176218	99100 21 0.3244169808530196	99694 24 0.3386419712260477
99339 4 0.2998190302917119	99189 22 0.3251066285539121	99804 25 0.3396868919849758
99437 2 0.3042587824940908	99294 21 0.3255129866268286	99911 24 0.3384240084958891
99522 2 0.2865833673452892	99418 22 0.325447195319785	100007 24 0.338580049995889
99631 2 0.2890084030516957	99523 22 0.3210856186704814	100104 24 0.3395684339794547
99734 1 0.2876196633614452	99629 21 0.3210856186704814	100202 24 0.3409307010429463
99845 1 0.2737625766409299	99729 22 0.3188543903437628	100283 24 0.3396868919849758
99932 1 0.2772397919395477	99826 23 0.315122862211324	100398 24 0.3409307010429463
100035 2 0.2716386784464864	99921 22 0.3218611484253766	100499 25 0.3428378749318343
100127 1 0.2900465332891651	100012 22 0.3208216794269299	100621 25 0.3422112320826282
100241 1 0.2711966788083535	100121 22 0.3192972377130228	100719 25 0.3424642245372766
100353 1 0.2751041664364934	100224 21 0.3153272022708478	100808 25 0.3417676106979912
100463 1 0.2750048344631138	100315 21 0.3143187708082631	100900 25 0.3404208239420394
100555 0 0.2778996519730331	100403 21 0.3143187708082631	100992 25 0.339177014884069
100649 2 0.2480209998170799	100513 21 0.3156810378717546	101094 25 0.3384958813523233
100761 1 0.2927568771342367	100609 21 0.3151134265952998	101186 26 0.3424464558364484
100869 1 0.2770032315928606	100721 21 0.3194726811984725	101281 25 0.3435467484646532
100966 2 0.2750928142109642	100821 20 0.31863674459133	101387 25 0.3427383702071966
101054 2 0.2893317485174582	100927 20 0.3211484244896423	101475 24 0.3398714172508487
101154 2 0.2893317485174582	101035 19 0.3223829790159314	101586 24 0.3376202709284291
101263 4 0.286795926710959	101148 19 0.3250393997897397	101679 24 0.3368710240435088
101362 3 0.3031917838679811	101265 19 0.3253799665556126	101773 24 0.3402085783490628
101470 3 0.2970810430403195	101368 19 0.3255402332689646	101866 24 0.3371969950908442
101550 3 0.2955897734139973	101478 20 0.3251996665030917	101943 24 0.3380800360623574
101659 3 0.2953627289034154	101587 21 0.3266300469197578	102050 24 0.3366496556456914
101758 3 0.2940160895789641	101680 21 0.3271995661332763	102152 24 0.3381651777538257
101860 4 0.2945754446913977	101778 22 0.3268954886637468	102261 24 0.3383354611367621
101959 3 0.3036395333346287	101860 22 0.3279039201263315	102371 23 0.3372286191476753
102058 3 0.2952955001392432	101942 22 0.3282444868922043	102483 23 0.3368880523818024
102183 3 0.2989646365615882	102033 22 0.3290804234993468	102576 24 0.332801251191328
102283 2 0.2988186793762141	102115 23 0.327164735441312	102667 24 0.3343338016377559
102375 3 0.2866821182651084	102217 23 0.3316864996208088	102764 24 0.3353555019353746
102483 3 0.302020006975419	102320 23 0.3273077840595862	102866 25 0.3394423031258489
102586 3 0.3012482030709409	102427 23 0.330372884952442	102965 25 0.3405866074591817
102690 3 0.3004485346128914	102524 23 0.3305099962477934	103070 25 0.3373171665068023
102810 3 0.3034487883273502	102619 23 0.3305099962477934	103171 25 0.3385432068639446
102904 3 0.3034309264340351	102716 23 0.3305099962477934	103286 26 0.3393946237786267
103013 3 0.3036321704320509	102819 24 0.331351396492891	103387 26 0.3396775561687365
103116 4 0.3012272451161179	102943 23 0.3319303599948749	103478 25 0.340139753922421
103217 3 0.3089240540248446	103049 24 0.3293761092508284	103562 26 0.3372490531536277
103316 4 0.3006814537017191	103153 25 0.3338521296023004	103663 25 0.3383493457818323
103414 4 0.3086516006121463	103251 25 0.3360181342332518	103777 25 0.3375409675243758
103500 5 0.3066341479609757	103351 26 0.3324421831915867	103880 25 0.3375409675243758
103595 5 0.3161455664581224	103455 26 0.3292286301187351	103981 25 0.3360353039278853
103706 5 0.3122875562744652	103561 26 0.3289448244805077	104087 26 0.3346730368643938
103820 4 0.3157432485753605	103661 27 0.3289448244805077	104180 27 0.3371355965560899
103927 4 0.3047846337980634	103760 27 0.3298000254703662	104274 27 0.3388762711372179
104044 4 0.3109412571765531	103866 28 0.3289826652322713	104380 27 0.3345462079711201
104133 5 0.3090571986790139	103959 28 0.3252364308076698	104485 27 0.3365009705995309
104228 5 0.3175713678258356	104051 28 0.3240103904505275	104585 27 0.3382524568240199
104349 6 0.3131894087716047	104152 28 0.3259175643394155	104675 27 0.3367467932275294
104458 7 0.319623963210076	104242 28 0.3225508185967867	104778 27 0.3362090562287828
104555 6 0.3232485666468657	104347 28 0.3250483082131877	104877 26 0.3375226708971495
104656 7 0.3155493251183827	104470 27 0.3270268389482586	104967 26 0.334262544591358
104739 7 0.3215807251170718	104583 27 0.3280485392458772	105069 26 0.3332434049461144
104856 7 0.3192454101510865	104678 26 0.3243023048212757	105168 26 0.3351034234366507
104956 7 0.3186615814095902	104771 27 0.3254905044266543	105262 26 0.3345656864379041
105081 7 0.3185253547032411	104863 27 0.3265500454760366	105358 26 0.334760296018403
105166 7 0.3213536806064899	104951 27 0.3306368466665109	105458 27 0.3336495244127869
105258 8 0.317583119984326	105039 28 0.3268419598467848	105568 26 0.3347090654621691
105354 7 0.3269039832672344	105138 27 0.3275717457736552	105687 26 0.3315574714224249
105447 7 0.3201908883630097	105243 28 0.3306368466665109	105790 25 0.3339414387835349
105541 7 0.3230442265873419	105346 28 0.3267303455285575	105886 25 0.3328411461553303
105645 8 0.3227888015129373	105437 28 0.3303062965702225	105988 25 0.3314788790918389
105754 7 0.3255473923165074	105536 28 0.3334849197183692	106085 24 0.3314788790918389
105862 8 0.3245807066502991	105634 28 0.3314415191231321	106178 24 0.3290501515272141
105952 8 0.3277479775729166	105723 28 0.3346614230913846	106272 25 0.3321152524200698
106040 8 0.3271480561161099	105828 27 0.3346614230913846	106375 25 0.3307296322069186
106133 9 0.3290421312832336	105922 27 0.333639722793766	106468 25 0.3323059698089587
106229 8 0.330994714074238	106026 27 0.3373673808493199	106575 25 0.3281046143426907
106339 8 0.3286334511641861	106125 28 0.3342147056452397	106661 25 0.3307053060093563
106430 8 0.3286602099815047	106220 28 0.3378701222656085	106762 25 0.3321356864260223
106546 8 0.3291783579895828	106320 28 0.3399135228608456	106867 25 0.3315032052894013
106653 8 0.3283026148773382	106413 28 0.3361858648052917	106958 25 0.3305566950569754
106766 7 0.3277309492346231	106509 28 0.3353425566231303	107043 24 0.3313461907414988
106884 8 0.3248361317247038	106597 27 0.3367048236866218	107120 24 0.3315022322414987
106978 7 0.328548309472718	106678 27 0.3363229761006432	107224 25 0.3328025780748314
107063 7 0.3214095061111522	106773 27 0.3385438842223353	107320 25 0.3275999563168973
107156 6 0.3235099246717165	106864 27 0.3356831233890032	107421 25 0.3295681668469418
107270 6 0.3138867304155141	106965 27 0.3345066200159879	107520 25 0.3316734886723377
107374 5 0.316302410471422	107047 27 0.3324632194207507	107617 25 0.3326465365748316
107488 5 0.3076736870488068	107141 28 0.3292845962726039	107717 25 0.3323059698089587
107580 4 0.3090119141052955	107263 28 0.3348939312399217	107834 24 0.3319654030430859
107671 5 0.3020984087580764	107360 27 0.3327243206079198	107924 25 0.3321152524200698
107771 5 0.3049591695914084	107452 27 0.3350742312924426	108016 25 0.3312842695113401
107879 5 0.309001897435711	107538 27 0.3294548796555404	108119 24 0.333376322501702
