
ASes= { 1, 2, 3, 4, 5, 6, 7, 8, 9, 10 } ;


Objects= { 1, 2, 3, 4, 5, 6, 7, 8, 9, 10, 11, 12, 13, 14, 15, 16, 17, 18, 19, 20, 21, 22, 23, 24, 25, 26, 27, 28, 29, 30, 31, 32, 33, 34, 35, 36, 37, 38, 39, 40, 41, 42, 43, 44, 45, 46, 47, 48, 49, 50, 51, 52, 53, 54, 55, 56, 57, 58, 59, 60, 61, 62, 63, 64, 65, 66, 67, 68, 69, 70, 71, 72, 73, 74, 75, 76, 77, 78, 79, 80, 81, 82, 83, 84, 85, 86, 87, 88, 89, 90, 91, 92, 93, 94, 95, 96, 97, 98, 99, 100, 101, 102, 103, 104, 105, 106, 107, 108, 109, 110, 111, 112, 113, 114, 115, 116, 117, 118, 119, 120, 121, 122, 123, 124, 125, 126, 127, 128, 129, 130, 131, 132, 133, 134, 135, 136, 137, 138, 139, 140, 141, 142, 143, 144, 145, 146, 147, 148, 149, 150, 151, 152, 153, 154, 155, 156, 157, 158, 159, 160, 161, 162, 163, 164, 165, 166, 167, 168, 169, 170, 171, 172, 173, 174, 175, 176, 177, 178, 179, 180, 181, 182, 183, 184, 185, 186, 187, 188, 189, 190, 191, 192, 193, 194, 195, 196, 197, 198, 199, 200, 201, 202, 203, 204, 205, 206, 207, 208, 209, 210, 211, 212, 213, 214, 215, 216, 217, 218, 219, 220, 221, 222, 223, 224, 225, 226, 227, 228, 229, 230, 231, 232, 233, 234, 235, 236, 237, 238, 239, 240, 241, 242, 243, 244, 245, 246, 247, 248, 249, 250, 251, 252, 253, 254, 255, 256, 257, 258, 259, 260, 261, 262, 263, 264, 265, 266, 267, 268, 269, 270, 271, 272, 273, 274, 275, 276, 277, 278, 279, 280, 281, 282, 283, 284, 285, 286, 287, 288, 289, 290, 291, 292, 293, 294, 295, 296, 297, 298, 299, 300, 301, 302, 303, 304, 305, 306, 307, 308, 309, 310, 311, 312, 313, 314, 315, 316, 317, 318, 319, 320, 321, 322, 323, 324, 325, 326, 327, 328, 329, 330, 331, 332, 333, 334, 335, 336, 337, 338, 339, 340, 341, 342, 343, 344, 345, 346, 347, 348, 349, 350, 351, 352, 353, 354, 355, 356, 357, 358, 359, 360, 361, 362, 363, 364, 365, 366, 367, 368, 369, 370, 371, 372, 373, 374, 375, 376, 377, 378, 379, 380, 381, 382, 383, 384, 385, 386, 387, 388, 389, 390, 391, 392, 393, 394, 395, 396, 397, 398, 399, 400, 401, 402, 403, 404, 405, 406, 407, 408, 409, 410, 411, 412, 413, 414, 415, 416, 417, 418, 419, 420, 421, 422, 423, 424, 425, 426, 427, 428, 429, 430, 431, 432, 433, 434, 435, 436, 437, 438, 439, 440, 441, 442, 443, 444, 445, 446, 447, 448, 449, 450, 451, 452, 453, 454, 455, 456, 457, 458, 459, 460, 461, 462, 463, 464, 465, 466, 467, 468, 469, 470, 471, 472, 473, 474, 475, 476, 477, 478, 479, 480, 481, 482, 483, 484, 485, 486, 487, 488, 489, 490, 491, 492, 493, 494, 495, 496, 497, 498, 499, 500, 501, 502, 503, 504, 505, 506, 507, 508, 509, 510, 511, 512, 513, 514, 515, 516, 517, 518, 519, 520, 521, 522, 523, 524, 525, 526, 527, 528, 529, 530, 531, 532, 533, 534, 535, 536, 537, 538, 539, 540, 541, 542, 543, 544, 545, 546, 547, 548, 549, 550, 551, 552, 553, 554, 555, 556, 557, 558, 559, 560, 561, 562, 563, 564, 565, 566, 567, 568, 569, 570, 571, 572, 573, 574, 575, 576, 577, 578, 579, 580, 581, 582, 583, 584, 585, 586, 587, 588, 589, 590, 591, 592, 593, 594, 595, 596, 597, 598, 599, 600, 601, 602, 603, 604, 605, 606, 607, 608, 609, 610, 611, 612, 613, 614, 615, 616, 617, 618, 619, 620, 621, 622, 623, 624, 625, 626, 627, 628, 629, 630, 631, 632, 633, 634, 635, 636, 637, 638, 639, 640, 641, 642, 643, 644, 645, 646, 647, 648, 649, 650, 651, 652, 653, 654, 655, 656, 657, 658, 659, 660, 661, 662, 663, 664, 665, 666, 667, 668, 669, 670, 671, 672, 673, 674, 675, 676, 677, 678, 679, 680, 681, 682, 683, 684, 685, 686, 687, 688, 689, 690, 691, 692, 693, 694, 695, 696, 697, 698, 699, 700, 701, 702, 703, 704, 705, 706, 707, 708, 709, 710, 711, 712, 713, 714, 715, 716, 717, 718, 719, 720, 721, 722, 723, 724, 725, 726, 727, 728, 729, 730, 731, 732, 733, 734, 735, 736, 737, 738, 739, 740, 741, 742, 743, 744, 745, 746, 747, 748, 749, 750, 751, 752, 753, 754, 755, 756, 757, 758, 759, 760, 761, 762, 763, 764, 765, 766, 767, 768, 769, 770, 771, 772, 773, 774, 775, 776, 777, 778, 779, 780, 781, 782, 783, 784, 785, 786, 787, 788, 789, 790, 791, 792, 793, 794, 795, 796, 797, 798, 799, 800, 801, 802, 803, 804, 805, 806, 807, 808, 809, 810, 811, 812, 813, 814, 815, 816, 817, 818, 819, 820, 821, 822, 823, 824, 825, 826, 827, 828, 829, 830, 831, 832, 833, 834, 835, 836, 837, 838, 839, 840, 841, 842, 843, 844, 845, 846, 847, 848, 849, 850, 851, 852, 853, 854, 855, 856, 857, 858, 859, 860, 861, 862, 863, 864, 865, 866, 867, 868, 869, 870, 871, 872, 873, 874, 875, 876, 877, 878, 879, 880, 881, 882, 883, 884, 885, 886, 887, 888, 889, 890, 891, 892, 893, 894, 895, 896, 897, 898, 899, 900, 901, 902, 903, 904, 905, 906, 907, 908, 909, 910, 911, 912, 913, 914, 915, 916, 917, 918, 919, 920, 921, 922, 923, 924, 925, 926, 927, 928, 929, 930, 931, 932, 933, 934, 935, 936, 937, 938, 939, 940, 941, 942, 943, 944, 945, 946, 947, 948, 949, 950, 951, 952, 953, 954, 955, 956, 957, 958, 959, 960, 961, 962, 963, 964, 965, 966, 967, 968, 969, 970, 971, 972, 973, 974, 975, 976, 977, 978, 979, 980, 981, 982, 983, 984, 985, 986, 987, 988, 989, 990, 991, 992, 993, 994, 995, 996, 997, 998, 999, 1000 } ;


QualityLevels= { 0, 1, 2, 3, 4, 5 } ;

Arcs = { <1,2,490000>, <2,1,490000>,<1,3,490000>, <3,1,490000>,<1,4,490000>, <4,1,490000>,<2,5,490000>, <5,2,490000>,<5,6,490000>, <6,5,490000>,<1,7,490000>, <7,1,490000>,<6,8,490000>, <8,6,490000>,<8,9,490000>, <9,8,490000>,<6,10,490000>, <10,6,490000> }; 


RatePerQuality= [ 0  300  700  1500  2500  3500 ] ;


CacheSpacePerQuality= [ 10000  11.25  26.25  56.25  93.75  131.25 ] ;


UtilityPerQuality= [ 0  0.2  0.4  0.6  0.8  1 ] ;


ObjectsPublishedByProducers=[ [ 0  0  0  1  0  0  0  0  0  0 ]  [ 0  0  0  0  0  1  0  0  0  0 ]  [ 0  0  0  0  0  0  0  1  0  0 ]  [ 0  0  0  0  0  0  1  0  0  0 ]  [ 0  0  0  0  0  0  0  0  0  1 ]  [ 0  0  0  0  0  0  0  0  0  1 ]  [ 0  0  0  0  1  0  0  0  0  0 ]  [ 0  0  0  0  0  0  0  1  0  0 ]  [ 0  0  1  0  0  0  0  0  0  0 ]  [ 0  0  1  0  0  0  0  0  0  0 ]  [ 0  0  0  0  0  1  0  0  0  0 ]  [ 0  0  0  0  0  0  0  0  0  1 ]  [ 0  0  0  0  0  0  0  1  0  0 ]  [ 0  0  1  0  0  0  0  0  0  0 ]  [ 0  0  0  0  0  0  0  0  0  1 ]  [ 0  0  0  0  0  0  0  1  0  0 ]  [ 0  0  0  0  0  0  1  0  0  0 ]  [ 1  0  0  0  0  0  0  0  0  0 ]  [ 1  0  0  0  0  0  0  0  0  0 ]  [ 0  0  1  0  0  0  0  0  0  0 ]  [ 0  0  1  0  0  0  0  0  0  0 ]  [ 0  1  0  0  0  0  0  0  0  0 ]  [ 1  0  0  0  0  0  0  0  0  0 ]  [ 0  0  0  0  0  0  0  0  1  0 ]  [ 0  0  0  0  0  0  1  0  0  0 ]  [ 0  0  0  0  0  0  0  0  0  1 ]  [ 0  0  1  0  0  0  0  0  0  0 ]  [ 0  0  0  0  0  0  1  0  0  0 ]  [ 0  0  0  0  0  0  0  0  0  1 ]  [ 0  0  0  0  0  0  0  0  0  1 ]  [ 0  0  0  0  0  0  1  0  0  0 ]  [ 0  0  0  0  0  0  1  0  0  0 ]  [ 0  0  0  0  0  0  1  0  0  0 ]  [ 0  0  0  0  0  0  0  0  0  1 ]  [ 0  0  0  0  0  0  1  0  0  0 ]  [ 0  0  1  0  0  0  0  0  0  0 ]  [ 0  0  0  0  0  1  0  0  0  0 ]  [ 0  1  0  0  0  0  0  0  0  0 ]  [ 0  0  0  0  1  0  0  0  0  0 ]  [ 0  0  0  1  0  0  0  0  0  0 ]  [ 1  0  0  0  0  0  0  0  0  0 ]  [ 0  0  0  0  0  1  0  0  0  0 ]  [ 0  0  0  1  0  0  0  0  0  0 ]  [ 0  0  0  0  0  0  0  0  1  0 ]  [ 0  0  0  0  0  0  0  1  0  0 ]  [ 0  0  0  0  0  0  0  1  0  0 ]  [ 1  0  0  0  0  0  0  0  0  0 ]  [ 0  0  0  0  0  0  0  0  0  1 ]  [ 0  0  0  0  0  1  0  0  0  0 ]  [ 0  0  0  0  1  0  0  0  0  0 ]  [ 0  0  0  0  0  0  0  0  1  0 ]  [ 0  1  0  0  0  0  0  0  0  0 ]  [ 0  0  0  0  0  1  0  0  0  0 ]  [ 0  0  0  0  0  1  0  0  0  0 ]  [ 0  1  0  0  0  0  0  0  0  0 ]  [ 0  1  0  0  0  0  0  0  0  0 ]  [ 0  0  1  0  0  0  0  0  0  0 ]  [ 0  0  0  0  0  0  1  0  0  0 ]  [ 0  0  0  0  0  0  0  1  0  0 ]  [ 0  0  0  0  0  0  0  0  0  1 ]  [ 0  0  0  1  0  0  0  0  0  0 ]  [ 0  1  0  0  0  0  0  0  0  0 ]  [ 0  0  0  0  0  0  0  1  0  0 ]  [ 0  0  0  0  1  0  0  0  0  0 ]  [ 0  0  0  0  0  0  0  0  1  0 ]  [ 0  0  0  0  0  0  0  0  0  1 ]  [ 0  1  0  0  0  0  0  0  0  0 ]  [ 0  0  0  0  0  0  0  1  0  0 ]  [ 0  1  0  0  0  0  0  0  0  0 ]  [ 0  0  0  0  0  0  0  0  1  0 ]  [ 0  0  0  0  0  0  0  0  0  1 ]  [ 0  0  1  0  0  0  0  0  0  0 ]  [ 0  0  1  0  0  0  0  0  0  0 ]  [ 0  0  0  0  0  0  0  1  0  0 ]  [ 1  0  0  0  0  0  0  0  0  0 ]  [ 0  1  0  0  0  0  0  0  0  0 ]  [ 0  0  0  0  0  0  0  0  1  0 ]  [ 0  0  0  1  0  0  0  0  0  0 ]  [ 0  1  0  0  0  0  0  0  0  0 ]  [ 1  0  0  0  0  0  0  0  0  0 ]  [ 0  0  0  0  0  0  0  1  0  0 ]  [ 0  1  0  0  0  0  0  0  0  0 ]  [ 0  0  0  0  0  1  0  0  0  0 ]  [ 0  0  0  0  0  0  1  0  0  0 ]  [ 0  1  0  0  0  0  0  0  0  0 ]  [ 1  0  0  0  0  0  0  0  0  0 ]  [ 0  1  0  0  0  0  0  0  0  0 ]  [ 0  0  0  0  0  0  0  0  0  1 ]  [ 0  0  0  0  0  0  1  0  0  0 ]  [ 0  1  0  0  0  0  0  0  0  0 ]  [ 1  0  0  0  0  0  0  0  0  0 ]  [ 0  0  1  0  0  0  0  0  0  0 ]  [ 0  0  0  0  0  0  0  1  0  0 ]  [ 0  0  0  0  0  1  0  0  0  0 ]  [ 0  0  0  0  0  1  0  0  0  0 ]  [ 0  0  0  0  0  0  0  1  0  0 ]  [ 0  0  0  0  0  1  0  0  0  0 ]  [ 0  1  0  0  0  0  0  0  0  0 ]  [ 0  1  0  0  0  0  0  0  0  0 ]  [ 0  0  0  0  0  0  0  0  0  1 ]  [ 0  0  1  0  0  0  0  0  0  0 ]  [ 0  0  0  0  0  1  0  0  0  0 ]  [ 0  1  0  0  0  0  0  0  0  0 ]  [ 0  0  0  1  0  0  0  0  0  0 ]  [ 0  1  0  0  0  0  0  0  0  0 ]  [ 0  0  0  0  0  0  0  0  0  1 ]  [ 0  0  0  0  0  0  0  0  1  0 ]  [ 0  0  0  0  0  0  0  0  1  0 ]  [ 0  1  0  0  0  0  0  0  0  0 ]  [ 0  0  0  0  1  0  0  0  0  0 ]  [ 0  0  0  0  1  0  0  0  0  0 ]  [ 0  0  0  0  0  0  0  0  0  1 ]  [ 0  0  1  0  0  0  0  0  0  0 ]  [ 0  0  0  0  0  0  1  0  0  0 ]  [ 0  0  0  1  0  0  0  0  0  0 ]  [ 0  1  0  0  0  0  0  0  0  0 ]  [ 0  0  0  0  0  1  0  0  0  0 ]  [ 0  0  0  0  0  0  0  1  0  0 ]  [ 0  0  0  0  0  0  0  1  0  0 ]  [ 0  0  0  0  0  1  0  0  0  0 ]  [ 0  0  0  0  0  0  1  0  0  0 ]  [ 0  0  0  0  0  1  0  0  0  0 ]  [ 0  0  0  0  1  0  0  0  0  0 ]  [ 0  0  1  0  0  0  0  0  0  0 ]  [ 0  0  1  0  0  0  0  0  0  0 ]  [ 0  0  1  0  0  0  0  0  0  0 ]  [ 0  0  0  0  0  0  0  1  0  0 ]  [ 0  0  0  0  0  0  1  0  0  0 ]  [ 0  0  0  1  0  0  0  0  0  0 ]  [ 0  0  0  0  1  0  0  0  0  0 ]  [ 0  0  0  0  0  0  0  0  1  0 ]  [ 0  0  1  0  0  0  0  0  0  0 ]  [ 0  0  0  1  0  0  0  0  0  0 ]  [ 0  1  0  0  0  0  0  0  0  0 ]  [ 0  0  0  1  0  0  0  0  0  0 ]  [ 0  0  0  0  0  0  1  0  0  0 ]  [ 0  0  0  0  0  0  0  1  0  0 ]  [ 0  0  0  0  0  0  0  0  0  1 ]  [ 0  0  0  0  0  0  0  0  1  0 ]  [ 0  0  0  0  0  0  0  0  0  1 ]  [ 0  0  1  0  0  0  0  0  0  0 ]  [ 0  0  0  0  0  0  0  0  1  0 ]  [ 0  0  0  0  0  0  0  0  0  1 ]  [ 0  0  0  1  0  0  0  0  0  0 ]  [ 0  0  0  1  0  0  0  0  0  0 ]  [ 0  0  0  0  0  1  0  0  0  0 ]  [ 0  1  0  0  0  0  0  0  0  0 ]  [ 0  0  0  0  0  0  1  0  0  0 ]  [ 0  0  0  0  1  0  0  0  0  0 ]  [ 0  0  0  0  0  1  0  0  0  0 ]  [ 0  0  1  0  0  0  0  0  0  0 ]  [ 0  0  1  0  0  0  0  0  0  0 ]  [ 0  0  0  1  0  0  0  0  0  0 ]  [ 0  0  0  0  0  0  0  1  0  0 ]  [ 0  0  0  1  0  0  0  0  0  0 ]  [ 0  0  0  0  0  0  0  1  0  0 ]  [ 0  0  0  0  1  0  0  0  0  0 ]  [ 0  1  0  0  0  0  0  0  0  0 ]  [ 0  0  0  0  0  0  1  0  0  0 ]  [ 1  0  0  0  0  0  0  0  0  0 ]  [ 0  0  0  0  0  0  0  1  0  0 ]  [ 0  1  0  0  0  0  0  0  0  0 ]  [ 0  0  0  0  0  0  1  0  0  0 ]  [ 0  0  0  0  1  0  0  0  0  0 ]  [ 0  0  0  0  0  0  0  0  1  0 ]  [ 0  1  0  0  0  0  0  0  0  0 ]  [ 0  0  0  0  0  0  0  0  1  0 ]  [ 0  0  0  0  1  0  0  0  0  0 ]  [ 0  0  1  0  0  0  0  0  0  0 ]  [ 0  0  0  0  0  0  1  0  0  0 ]  [ 1  0  0  0  0  0  0  0  0  0 ]  [ 0  0  0  0  0  1  0  0  0  0 ]  [ 0  0  0  0  0  0  0  0  1  0 ]  [ 0  0  0  0  0  1  0  0  0  0 ]  [ 0  0  0  0  0  0  0  0  1  0 ]  [ 1  0  0  0  0  0  0  0  0  0 ]  [ 0  0  0  0  0  0  0  1  0  0 ]  [ 0  0  0  0  0  0  0  0  0  1 ]  [ 0  0  0  0  0  0  1  0  0  0 ]  [ 0  0  1  0  0  0  0  0  0  0 ]  [ 0  0  0  0  0  1  0  0  0  0 ]  [ 0  0  1  0  0  0  0  0  0  0 ]  [ 0  0  0  0  0  1  0  0  0  0 ]  [ 1  0  0  0  0  0  0  0  0  0 ]  [ 0  1  0  0  0  0  0  0  0  0 ]  [ 0  0  0  1  0  0  0  0  0  0 ]  [ 0  0  0  0  0  1  0  0  0  0 ]  [ 1  0  0  0  0  0  0  0  0  0 ]  [ 0  0  0  0  0  0  0  1  0  0 ]  [ 0  1  0  0  0  0  0  0  0  0 ]  [ 0  0  0  0  0  0  0  0  1  0 ]  [ 0  0  0  0  0  0  0  0  1  0 ]  [ 0  0  0  0  0  0  1  0  0  0 ]  [ 0  0  0  0  1  0  0  0  0  0 ]  [ 0  0  0  0  0  0  0  0  0  1 ]  [ 0  0  0  1  0  0  0  0  0  0 ]  [ 0  0  0  1  0  0  0  0  0  0 ]  [ 0  0  0  0  1  0  0  0  0  0 ]  [ 0  0  0  0  0  0  1  0  0  0 ]  [ 0  0  0  0  0  0  0  0  0  1 ]  [ 0  0  0  0  0  0  0  0  1  0 ]  [ 0  0  0  0  0  1  0  0  0  0 ]  [ 0  0  0  0  0  1  0  0  0  0 ]  [ 0  0  1  0  0  0  0  0  0  0 ]  [ 0  0  0  0  0  0  1  0  0  0 ]  [ 0  0  0  0  0  0  0  0  1  0 ]  [ 1  0  0  0  0  0  0  0  0  0 ]  [ 0  0  0  0  0  0  0  1  0  0 ]  [ 0  0  0  0  0  0  0  0  1  0 ]  [ 0  0  0  0  0  0  1  0  0  0 ]  [ 0  0  0  0  1  0  0  0  0  0 ]  [ 0  0  0  0  0  1  0  0  0  0 ]  [ 1  0  0  0  0  0  0  0  0  0 ]  [ 0  0  0  0  0  0  0  0  1  0 ]  [ 0  0  0  0  0  1  0  0  0  0 ]  [ 0  0  0  0  1  0  0  0  0  0 ]  [ 0  0  0  0  0  0  0  0  0  1 ]  [ 1  0  0  0  0  0  0  0  0  0 ]  [ 0  0  0  0  0  0  1  0  0  0 ]  [ 0  0  0  0  0  0  0  1  0  0 ]  [ 0  0  1  0  0  0  0  0  0  0 ]  [ 0  0  0  1  0  0  0  0  0  0 ]  [ 1  0  0  0  0  0  0  0  0  0 ]  [ 0  0  0  0  0  0  1  0  0  0 ]  [ 0  0  0  0  0  0  0  1  0  0 ]  [ 0  0  0  0  1  0  0  0  0  0 ]  [ 0  0  0  0  0  1  0  0  0  0 ]  [ 0  0  0  0  0  0  0  0  1  0 ]  [ 0  0  0  0  0  0  0  0  1  0 ]  [ 0  0  0  0  0  0  1  0  0  0 ]  [ 0  0  0  0  0  1  0  0  0  0 ]  [ 0  0  0  0  1  0  0  0  0  0 ]  [ 1  0  0  0  0  0  0  0  0  0 ]  [ 0  0  0  0  0  1  0  0  0  0 ]  [ 0  0  0  1  0  0  0  0  0  0 ]  [ 0  1  0  0  0  0  0  0  0  0 ]  [ 0  0  0  1  0  0  0  0  0  0 ]  [ 0  0  1  0  0  0  0  0  0  0 ]  [ 0  0  1  0  0  0  0  0  0  0 ]  [ 0  0  0  0  0  1  0  0  0  0 ]  [ 0  0  0  0  0  0  0  1  0  0 ]  [ 0  0  0  0  0  1  0  0  0  0 ]  [ 0  0  0  0  0  0  0  0  1  0 ]  [ 0  0  0  0  1  0  0  0  0  0 ]  [ 0  0  0  0  0  0  0  1  0  0 ]  [ 0  0  0  0  0  0  0  0  1  0 ]  [ 0  1  0  0  0  0  0  0  0  0 ]  [ 0  0  0  0  0  0  1  0  0  0 ]  [ 0  0  1  0  0  0  0  0  0  0 ]  [ 0  0  0  0  0  0  1  0  0  0 ]  [ 0  0  0  0  0  1  0  0  0  0 ]  [ 0  1  0  0  0  0  0  0  0  0 ]  [ 1  0  0  0  0  0  0  0  0  0 ]  [ 0  0  0  0  0  0  0  0  0  1 ]  [ 0  0  0  0  0  0  1  0  0  0 ]  [ 0  0  0  0  0  0  0  1  0  0 ]  [ 0  0  0  0  0  1  0  0  0  0 ]  [ 0  0  1  0  0  0  0  0  0  0 ]  [ 0  0  0  0  1  0  0  0  0  0 ]  [ 0  0  1  0  0  0  0  0  0  0 ]  [ 0  0  0  1  0  0  0  0  0  0 ]  [ 0  0  0  0  0  1  0  0  0  0 ]  [ 0  0  1  0  0  0  0  0  0  0 ]  [ 0  0  0  0  0  0  1  0  0  0 ]  [ 1  0  0  0  0  0  0  0  0  0 ]  [ 0  0  0  0  0  0  0  0  0  1 ]  [ 0  0  0  1  0  0  0  0  0  0 ]  [ 0  0  0  1  0  0  0  0  0  0 ]  [ 0  0  0  0  0  0  1  0  0  0 ]  [ 0  0  0  0  0  0  0  1  0  0 ]  [ 0  0  0  1  0  0  0  0  0  0 ]  [ 1  0  0  0  0  0  0  0  0  0 ]  [ 0  0  0  0  0  0  0  0  1  0 ]  [ 1  0  0  0  0  0  0  0  0  0 ]  [ 1  0  0  0  0  0  0  0  0  0 ]  [ 0  0  0  0  0  0  1  0  0  0 ]  [ 0  0  0  0  0  0  1  0  0  0 ]  [ 0  0  0  0  0  0  0  0  0  1 ]  [ 0  0  0  1  0  0  0  0  0  0 ]  [ 0  0  0  0  1  0  0  0  0  0 ]  [ 0  0  1  0  0  0  0  0  0  0 ]  [ 0  0  1  0  0  0  0  0  0  0 ]  [ 1  0  0  0  0  0  0  0  0  0 ]  [ 0  0  0  0  0  0  1  0  0  0 ]  [ 0  1  0  0  0  0  0  0  0  0 ]  [ 0  0  0  0  0  0  0  0  0  1 ]  [ 0  0  0  0  0  0  0  0  1  0 ]  [ 0  0  1  0  0  0  0  0  0  0 ]  [ 1  0  0  0  0  0  0  0  0  0 ]  [ 1  0  0  0  0  0  0  0  0  0 ]  [ 1  0  0  0  0  0  0  0  0  0 ]  [ 0  0  0  1  0  0  0  0  0  0 ]  [ 0  0  0  0  0  0  1  0  0  0 ]  [ 0  0  0  0  1  0  0  0  0  0 ]  [ 1  0  0  0  0  0  0  0  0  0 ]  [ 0  1  0  0  0  0  0  0  0  0 ]  [ 0  0  0  0  1  0  0  0  0  0 ]  [ 0  0  0  0  1  0  0  0  0  0 ]  [ 0  0  0  0  0  0  1  0  0  0 ]  [ 0  1  0  0  0  0  0  0  0  0 ]  [ 0  0  0  0  0  0  0  0  1  0 ]  [ 0  0  0  0  0  0  1  0  0  0 ]  [ 0  0  1  0  0  0  0  0  0  0 ]  [ 0  0  0  0  0  0  1  0  0  0 ]  [ 1  0  0  0  0  0  0  0  0  0 ]  [ 0  0  0  0  0  0  0  0  0  1 ]  [ 0  0  0  0  1  0  0  0  0  0 ]  [ 0  0  0  0  1  0  0  0  0  0 ]  [ 1  0  0  0  0  0  0  0  0  0 ]  [ 0  0  0  0  0  0  0  0  1  0 ]  [ 0  0  0  0  0  0  0  0  1  0 ]  [ 0  0  0  0  0  0  0  0  1  0 ]  [ 0  0  0  0  0  0  0  0  1  0 ]  [ 0  0  0  0  0  1  0  0  0  0 ]  [ 0  0  0  0  0  1  0  0  0  0 ]  [ 0  0  0  0  0  0  0  0  1  0 ]  [ 0  0  0  0  0  0  0  0  1  0 ]  [ 0  1  0  0  0  0  0  0  0  0 ]  [ 0  1  0  0  0  0  0  0  0  0 ]  [ 0  1  0  0  0  0  0  0  0  0 ]  [ 0  0  0  0  0  0  1  0  0  0 ]  [ 0  0  1  0  0  0  0  0  0  0 ]  [ 0  0  0  0  0  0  1  0  0  0 ]  [ 0  0  1  0  0  0  0  0  0  0 ]  [ 0  1  0  0  0  0  0  0  0  0 ]  [ 0  0  1  0  0  0  0  0  0  0 ]  [ 0  0  1  0  0  0  0  0  0  0 ]  [ 0  0  0  0  1  0  0  0  0  0 ]  [ 0  0  0  0  0  0  1  0  0  0 ]  [ 0  0  0  0  0  0  0  1  0  0 ]  [ 0  0  0  0  0  0  0  0  0  1 ]  [ 0  0  0  0  0  1  0  0  0  0 ]  [ 0  0  0  1  0  0  0  0  0  0 ]  [ 0  1  0  0  0  0  0  0  0  0 ]  [ 0  0  0  0  0  0  0  1  0  0 ]  [ 0  0  1  0  0  0  0  0  0  0 ]  [ 1  0  0  0  0  0  0  0  0  0 ]  [ 0  0  0  1  0  0  0  0  0  0 ]  [ 0  0  0  0  0  0  0  1  0  0 ]  [ 1  0  0  0  0  0  0  0  0  0 ]  [ 0  0  0  0  0  1  0  0  0  0 ]  [ 0  0  0  0  0  0  0  0  1  0 ]  [ 0  0  0  1  0  0  0  0  0  0 ]  [ 0  1  0  0  0  0  0  0  0  0 ]  [ 1  0  0  0  0  0  0  0  0  0 ]  [ 0  0  0  0  0  0  1  0  0  0 ]  [ 0  0  0  0  0  1  0  0  0  0 ]  [ 0  0  0  1  0  0  0  0  0  0 ]  [ 1  0  0  0  0  0  0  0  0  0 ]  [ 0  0  1  0  0  0  0  0  0  0 ]  [ 0  0  0  0  0  0  0  0  1  0 ]  [ 1  0  0  0  0  0  0  0  0  0 ]  [ 0  0  0  0  0  1  0  0  0  0 ]  [ 1  0  0  0  0  0  0  0  0  0 ]  [ 0  0  0  0  0  1  0  0  0  0 ]  [ 0  0  0  0  0  0  0  1  0  0 ]  [ 0  0  0  0  1  0  0  0  0  0 ]  [ 0  0  0  1  0  0  0  0  0  0 ]  [ 0  0  0  0  0  0  0  0  0  1 ]  [ 0  0  0  1  0  0  0  0  0  0 ]  [ 0  0  0  0  0  0  0  1  0  0 ]  [ 0  0  0  0  1  0  0  0  0  0 ]  [ 0  0  0  0  0  0  1  0  0  0 ]  [ 0  0  1  0  0  0  0  0  0  0 ]  [ 1  0  0  0  0  0  0  0  0  0 ]  [ 0  0  0  0  0  1  0  0  0  0 ]  [ 0  1  0  0  0  0  0  0  0  0 ]  [ 0  1  0  0  0  0  0  0  0  0 ]  [ 0  0  0  0  0  1  0  0  0  0 ]  [ 0  0  0  0  0  0  0  0  0  1 ]  [ 0  0  0  0  0  0  0  0  1  0 ]  [ 0  0  0  0  0  0  0  0  1  0 ]  [ 0  0  0  0  0  0  1  0  0  0 ]  [ 0  0  1  0  0  0  0  0  0  0 ]  [ 0  0  0  0  1  0  0  0  0  0 ]  [ 0  0  0  0  0  0  0  0  0  1 ]  [ 0  1  0  0  0  0  0  0  0  0 ]  [ 0  0  1  0  0  0  0  0  0  0 ]  [ 0  0  0  0  0  0  0  0  1  0 ]  [ 0  0  0  1  0  0  0  0  0  0 ]  [ 0  0  0  1  0  0  0  0  0  0 ]  [ 0  0  0  0  0  0  1  0  0  0 ]  [ 0  0  0  0  0  1  0  0  0  0 ]  [ 0  0  0  0  0  0  0  0  1  0 ]  [ 0  0  0  0  0  0  0  0  0  1 ]  [ 0  0  0  0  1  0  0  0  0  0 ]  [ 0  0  0  0  0  0  1  0  0  0 ]  [ 0  0  1  0  0  0  0  0  0  0 ]  [ 0  1  0  0  0  0  0  0  0  0 ]  [ 0  1  0  0  0  0  0  0  0  0 ]  [ 0  0  0  0  1  0  0  0  0  0 ]  [ 0  0  0  0  0  0  0  0  0  1 ]  [ 0  0  0  0  1  0  0  0  0  0 ]  [ 0  0  0  0  0  0  0  1  0  0 ]  [ 0  0  0  0  0  0  1  0  0  0 ]  [ 0  0  0  0  0  0  0  0  0  1 ]  [ 0  0  0  0  0  0  0  0  0  1 ]  [ 0  0  0  0  0  0  1  0  0  0 ]  [ 0  0  0  0  0  0  0  0  0  1 ]  [ 0  1  0  0  0  0  0  0  0  0 ]  [ 1  0  0  0  0  0  0  0  0  0 ]  [ 1  0  0  0  0  0  0  0  0  0 ]  [ 0  0  0  0  0  0  1  0  0  0 ]  [ 0  0  0  0  1  0  0  0  0  0 ]  [ 0  0  1  0  0  0  0  0  0  0 ]  [ 0  0  1  0  0  0  0  0  0  0 ]  [ 0  1  0  0  0  0  0  0  0  0 ]  [ 0  0  0  0  0  1  0  0  0  0 ]  [ 0  0  0  1  0  0  0  0  0  0 ]  [ 0  0  0  0  0  0  0  1  0  0 ]  [ 0  0  0  0  0  1  0  0  0  0 ]  [ 0  0  0  0  0  0  0  0  1  0 ]  [ 0  0  0  0  1  0  0  0  0  0 ]  [ 0  0  0  0  0  1  0  0  0  0 ]  [ 0  0  0  0  0  0  0  0  1  0 ]  [ 0  0  0  0  0  0  0  1  0  0 ]  [ 0  0  0  0  0  0  0  1  0  0 ]  [ 0  1  0  0  0  0  0  0  0  0 ]  [ 0  0  0  0  0  1  0  0  0  0 ]  [ 0  0  0  0  0  1  0  0  0  0 ]  [ 1  0  0  0  0  0  0  0  0  0 ]  [ 0  1  0  0  0  0  0  0  0  0 ]  [ 0  0  0  1  0  0  0  0  0  0 ]  [ 0  0  0  0  0  0  1  0  0  0 ]  [ 0  0  0  0  0  0  1  0  0  0 ]  [ 0  1  0  0  0  0  0  0  0  0 ]  [ 0  0  0  0  0  0  0  1  0  0 ]  [ 0  0  1  0  0  0  0  0  0  0 ]  [ 0  0  0  0  1  0  0  0  0  0 ]  [ 0  0  0  0  0  0  0  1  0  0 ]  [ 0  0  0  0  0  0  0  0  1  0 ]  [ 0  1  0  0  0  0  0  0  0  0 ]  [ 0  0  0  1  0  0  0  0  0  0 ]  [ 0  0  0  0  0  0  0  1  0  0 ]  [ 0  0  1  0  0  0  0  0  0  0 ]  [ 1  0  0  0  0  0  0  0  0  0 ]  [ 0  0  0  0  0  1  0  0  0  0 ]  [ 0  0  0  0  1  0  0  0  0  0 ]  [ 0  0  0  0  0  0  1  0  0  0 ]  [ 1  0  0  0  0  0  0  0  0  0 ]  [ 1  0  0  0  0  0  0  0  0  0 ]  [ 0  0  0  1  0  0  0  0  0  0 ]  [ 0  0  0  0  0  0  0  1  0  0 ]  [ 0  0  0  0  0  1  0  0  0  0 ]  [ 0  0  0  0  1  0  0  0  0  0 ]  [ 0  0  0  0  0  0  0  1  0  0 ]  [ 0  0  0  0  0  0  0  0  0  1 ]  [ 1  0  0  0  0  0  0  0  0  0 ]  [ 1  0  0  0  0  0  0  0  0  0 ]  [ 0  0  0  0  0  0  0  0  1  0 ]  [ 0  0  0  0  0  1  0  0  0  0 ]  [ 0  0  0  0  0  0  0  0  0  1 ]  [ 0  0  0  1  0  0  0  0  0  0 ]  [ 0  0  0  0  0  0  0  0  1  0 ]  [ 0  0  0  1  0  0  0  0  0  0 ]  [ 1  0  0  0  0  0  0  0  0  0 ]  [ 1  0  0  0  0  0  0  0  0  0 ]  [ 0  0  0  1  0  0  0  0  0  0 ]  [ 0  0  0  0  1  0  0  0  0  0 ]  [ 0  0  0  0  0  0  0  0  0  1 ]  [ 0  0  0  1  0  0  0  0  0  0 ]  [ 0  0  0  0  0  0  1  0  0  0 ]  [ 0  0  0  0  0  0  1  0  0  0 ]  [ 0  0  0  0  0  0  0  1  0  0 ]  [ 0  0  1  0  0  0  0  0  0  0 ]  [ 0  0  0  1  0  0  0  0  0  0 ]  [ 0  0  0  0  0  0  0  0  0  1 ]  [ 0  0  1  0  0  0  0  0  0  0 ]  [ 0  0  0  0  1  0  0  0  0  0 ]  [ 0  0  0  0  1  0  0  0  0  0 ]  [ 0  0  0  0  0  1  0  0  0  0 ]  [ 0  0  0  0  0  0  1  0  0  0 ]  [ 0  0  0  0  0  0  1  0  0  0 ]  [ 0  1  0  0  0  0  0  0  0  0 ]  [ 0  0  0  0  0  0  1  0  0  0 ]  [ 0  1  0  0  0  0  0  0  0  0 ]  [ 0  0  0  0  0  0  1  0  0  0 ]  [ 0  0  0  0  1  0  0  0  0  0 ]  [ 0  0  0  0  0  0  0  1  0  0 ]  [ 0  0  0  0  0  1  0  0  0  0 ]  [ 1  0  0  0  0  0  0  0  0  0 ]  [ 0  1  0  0  0  0  0  0  0  0 ]  [ 0  0  0  0  0  0  0  0  0  1 ]  [ 0  0  0  0  0  1  0  0  0  0 ]  [ 0  0  0  0  0  0  0  1  0  0 ]  [ 0  1  0  0  0  0  0  0  0  0 ]  [ 0  0  0  0  0  0  0  0  1  0 ]  [ 0  0  0  0  0  0  1  0  0  0 ]  [ 0  0  0  1  0  0  0  0  0  0 ]  [ 0  0  0  0  0  1  0  0  0  0 ]  [ 0  0  0  1  0  0  0  0  0  0 ]  [ 0  0  0  0  0  0  0  1  0  0 ]  [ 0  1  0  0  0  0  0  0  0  0 ]  [ 1  0  0  0  0  0  0  0  0  0 ]  [ 0  0  0  0  0  0  0  1  0  0 ]  [ 1  0  0  0  0  0  0  0  0  0 ]  [ 0  0  0  1  0  0  0  0  0  0 ]  [ 0  1  0  0  0  0  0  0  0  0 ]  [ 0  1  0  0  0  0  0  0  0  0 ]  [ 0  0  0  0  0  0  0  0  1  0 ]  [ 0  1  0  0  0  0  0  0  0  0 ]  [ 0  0  0  0  0  0  0  0  1  0 ]  [ 0  1  0  0  0  0  0  0  0  0 ]  [ 0  0  1  0  0  0  0  0  0  0 ]  [ 0  0  0  0  0  0  0  0  0  1 ]  [ 0  0  0  0  0  0  0  0  0  1 ]  [ 0  0  0  0  0  0  0  0  1  0 ]  [ 0  0  0  0  0  0  0  0  1  0 ]  [ 0  0  0  0  0  0  0  1  0  0 ]  [ 0  0  0  0  1  0  0  0  0  0 ]  [ 0  0  0  0  0  0  0  0  0  1 ]  [ 0  0  0  0  1  0  0  0  0  0 ]  [ 0  0  0  0  0  0  0  0  1  0 ]  [ 0  0  0  0  0  0  1  0  0  0 ]  [ 0  0  1  0  0  0  0  0  0  0 ]  [ 0  0  0  0  0  0  1  0  0  0 ]  [ 0  1  0  0  0  0  0  0  0  0 ]  [ 0  0  0  0  0  1  0  0  0  0 ]  [ 0  0  0  0  0  1  0  0  0  0 ]  [ 0  1  0  0  0  0  0  0  0  0 ]  [ 1  0  0  0  0  0  0  0  0  0 ]  [ 0  0  0  0  0  0  0  0  0  1 ]  [ 0  0  0  0  0  1  0  0  0  0 ]  [ 0  0  0  0  0  0  0  0  0  1 ]  [ 0  0  0  0  0  0  0  1  0  0 ]  [ 1  0  0  0  0  0  0  0  0  0 ]  [ 0  0  0  0  0  0  0  0  1  0 ]  [ 0  0  0  1  0  0  0  0  0  0 ]  [ 0  0  0  0  1  0  0  0  0  0 ]  [ 0  1  0  0  0  0  0  0  0  0 ]  [ 0  0  0  0  0  0  0  0  1  0 ]  [ 0  0  1  0  0  0  0  0  0  0 ]  [ 0  0  0  0  0  0  0  0  1  0 ]  [ 0  0  0  0  0  0  0  0  0  1 ]  [ 0  0  0  0  0  0  0  0  0  1 ]  [ 0  0  0  0  0  1  0  0  0  0 ]  [ 0  1  0  0  0  0  0  0  0  0 ]  [ 0  0  0  0  0  0  0  1  0  0 ]  [ 0  0  0  0  0  1  0  0  0  0 ]  [ 0  0  0  0  0  0  0  1  0  0 ]  [ 0  0  0  0  0  0  0  0  0  1 ]  [ 0  0  0  0  0  0  0  1  0  0 ]  [ 0  0  0  0  1  0  0  0  0  0 ]  [ 0  0  0  0  1  0  0  0  0  0 ]  [ 0  0  0  0  1  0  0  0  0  0 ]  [ 0  0  0  0  0  0  0  0  0  1 ]  [ 0  0  0  0  1  0  0  0  0  0 ]  [ 0  0  0  0  1  0  0  0  0  0 ]  [ 1  0  0  0  0  0  0  0  0  0 ]  [ 0  0  0  0  0  0  0  1  0  0 ]  [ 0  0  0  0  0  1  0  0  0  0 ]  [ 0  0  0  0  0  0  0  1  0  0 ]  [ 0  0  0  0  0  1  0  0  0  0 ]  [ 0  0  0  0  1  0  0  0  0  0 ]  [ 0  0  0  0  0  0  0  0  1  0 ]  [ 0  0  0  0  0  0  1  0  0  0 ]  [ 0  0  0  0  0  0  0  1  0  0 ]  [ 0  0  0  0  0  1  0  0  0  0 ]  [ 0  1  0  0  0  0  0  0  0  0 ]  [ 0  0  0  1  0  0  0  0  0  0 ]  [ 0  0  0  0  0  1  0  0  0  0 ]  [ 0  0  0  0  0  0  0  0  0  1 ]  [ 0  0  0  0  0  0  0  0  0  1 ]  [ 0  0  1  0  0  0  0  0  0  0 ]  [ 0  1  0  0  0  0  0  0  0  0 ]  [ 0  0  0  0  0  0  0  1  0  0 ]  [ 0  0  0  0  0  0  0  0  0  1 ]  [ 0  0  0  0  0  0  0  0  1  0 ]  [ 0  0  0  0  1  0  0  0  0  0 ]  [ 0  0  1  0  0  0  0  0  0  0 ]  [ 0  1  0  0  0  0  0  0  0  0 ]  [ 1  0  0  0  0  0  0  0  0  0 ]  [ 0  0  0  0  1  0  0  0  0  0 ]  [ 0  0  0  0  0  0  0  0  0  1 ]  [ 0  0  0  0  1  0  0  0  0  0 ]  [ 0  0  0  0  1  0  0  0  0  0 ]  [ 0  0  0  0  0  0  1  0  0  0 ]  [ 0  0  0  0  0  0  1  0  0  0 ]  [ 0  0  0  0  0  1  0  0  0  0 ]  [ 0  0  0  0  0  0  1  0  0  0 ]  [ 0  0  1  0  0  0  0  0  0  0 ]  [ 0  0  0  0  0  1  0  0  0  0 ]  [ 0  1  0  0  0  0  0  0  0  0 ]  [ 0  0  0  0  0  0  0  0  1  0 ]  [ 0  1  0  0  0  0  0  0  0  0 ]  [ 0  0  0  0  0  0  0  1  0  0 ]  [ 0  0  0  1  0  0  0  0  0  0 ]  [ 0  0  0  0  1  0  0  0  0  0 ]  [ 0  0  0  0  0  0  0  1  0  0 ]  [ 0  0  0  0  0  1  0  0  0  0 ]  [ 0  0  0  0  0  0  1  0  0  0 ]  [ 0  0  0  0  1  0  0  0  0  0 ]  [ 0  0  0  0  0  0  1  0  0  0 ]  [ 0  1  0  0  0  0  0  0  0  0 ]  [ 0  0  0  1  0  0  0  0  0  0 ]  [ 0  0  0  0  0  0  0  1  0  0 ]  [ 0  0  0  0  0  1  0  0  0  0 ]  [ 0  0  0  0  0  0  0  0  1  0 ]  [ 0  0  0  0  0  0  1  0  0  0 ]  [ 1  0  0  0  0  0  0  0  0  0 ]  [ 0  0  0  0  0  0  0  1  0  0 ]  [ 0  0  0  0  0  1  0  0  0  0 ]  [ 0  0  1  0  0  0  0  0  0  0 ]  [ 0  0  0  0  0  1  0  0  0  0 ]  [ 0  0  0  0  1  0  0  0  0  0 ]  [ 0  0  0  0  0  0  0  0  1  0 ]  [ 0  0  0  0  0  0  0  0  0  1 ]  [ 0  0  0  0  0  0  0  1  0  0 ]  [ 0  0  0  0  0  0  0  1  0  0 ]  [ 0  0  0  1  0  0  0  0  0  0 ]  [ 0  0  0  0  1  0  0  0  0  0 ]  [ 0  0  0  1  0  0  0  0  0  0 ]  [ 1  0  0  0  0  0  0  0  0  0 ]  [ 0  0  0  0  0  0  0  0  0  1 ]  [ 1  0  0  0  0  0  0  0  0  0 ]  [ 0  0  0  0  0  0  0  1  0  0 ]  [ 0  0  0  0  1  0  0  0  0  0 ]  [ 0  0  0  0  0  0  1  0  0  0 ]  [ 0  1  0  0  0  0  0  0  0  0 ]  [ 0  0  0  1  0  0  0  0  0  0 ]  [ 0  0  0  1  0  0  0  0  0  0 ]  [ 0  0  0  0  0  0  0  1  0  0 ]  [ 0  0  0  0  0  0  0  0  1  0 ]  [ 0  0  0  0  0  0  0  1  0  0 ]  [ 0  0  0  0  0  0  1  0  0  0 ]  [ 0  0  0  0  0  0  0  1  0  0 ]  [ 0  0  0  0  0  0  0  1  0  0 ]  [ 0  0  0  0  0  0  0  0  1  0 ]  [ 0  0  0  1  0  0  0  0  0  0 ]  [ 0  0  0  0  0  0  0  0  1  0 ]  [ 0  0  0  0  0  0  0  0  0  1 ]  [ 0  0  1  0  0  0  0  0  0  0 ]  [ 0  0  0  1  0  0  0  0  0  0 ]  [ 0  0  1  0  0  0  0  0  0  0 ]  [ 0  1  0  0  0  0  0  0  0  0 ]  [ 0  0  0  0  0  1  0  0  0  0 ]  [ 0  0  0  0  0  0  1  0  0  0 ]  [ 0  0  1  0  0  0  0  0  0  0 ]  [ 0  0  0  0  0  0  0  1  0  0 ]  [ 0  0  0  0  0  1  0  0  0  0 ]  [ 1  0  0  0  0  0  0  0  0  0 ]  [ 0  0  0  0  1  0  0  0  0  0 ]  [ 0  0  0  0  0  0  0  0  1  0 ]  [ 0  0  0  0  0  1  0  0  0  0 ]  [ 0  0  0  1  0  0  0  0  0  0 ]  [ 0  0  0  0  1  0  0  0  0  0 ]  [ 0  0  1  0  0  0  0  0  0  0 ]  [ 0  0  0  0  0  0  0  0  1  0 ]  [ 0  0  0  0  0  0  0  0  0  1 ]  [ 0  0  0  0  0  0  0  0  1  0 ]  [ 0  0  0  1  0  0  0  0  0  0 ]  [ 0  0  0  0  0  0  1  0  0  0 ]  [ 0  0  0  0  0  1  0  0  0  0 ]  [ 0  0  0  0  0  0  0  0  0  1 ]  [ 0  1  0  0  0  0  0  0  0  0 ]  [ 0  0  0  0  0  0  1  0  0  0 ]  [ 0  0  0  0  0  0  0  1  0  0 ]  [ 0  0  0  0  0  0  0  0  1  0 ]  [ 0  1  0  0  0  0  0  0  0  0 ]  [ 1  0  0  0  0  0  0  0  0  0 ]  [ 1  0  0  0  0  0  0  0  0  0 ]  [ 0  0  1  0  0  0  0  0  0  0 ]  [ 0  0  0  0  0  0  0  1  0  0 ]  [ 0  0  0  0  0  1  0  0  0  0 ]  [ 0  0  0  0  0  0  0  0  1  0 ]  [ 0  0  0  0  0  0  0  0  1  0 ]  [ 0  1  0  0  0  0  0  0  0  0 ]  [ 1  0  0  0  0  0  0  0  0  0 ]  [ 0  0  0  0  0  0  0  0  1  0 ]  [ 0  0  0  0  0  1  0  0  0  0 ]  [ 0  0  0  0  0  0  0  1  0  0 ]  [ 0  0  0  1  0  0  0  0  0  0 ]  [ 1  0  0  0  0  0  0  0  0  0 ]  [ 0  0  1  0  0  0  0  0  0  0 ]  [ 0  0  0  1  0  0  0  0  0  0 ]  [ 0  0  0  0  1  0  0  0  0  0 ]  [ 0  0  1  0  0  0  0  0  0  0 ]  [ 0  0  0  0  0  0  0  0  1  0 ]  [ 0  0  0  1  0  0  0  0  0  0 ]  [ 0  0  0  0  0  0  0  0  0  1 ]  [ 0  0  0  0  0  1  0  0  0  0 ]  [ 1  0  0  0  0  0  0  0  0  0 ]  [ 0  0  1  0  0  0  0  0  0  0 ]  [ 0  0  1  0  0  0  0  0  0  0 ]  [ 0  0  0  0  0  1  0  0  0  0 ]  [ 0  0  1  0  0  0  0  0  0  0 ]  [ 0  0  0  0  0  0  1  0  0  0 ]  [ 0  0  0  1  0  0  0  0  0  0 ]  [ 0  0  1  0  0  0  0  0  0  0 ]  [ 0  0  1  0  0  0  0  0  0  0 ]  [ 0  0  0  0  1  0  0  0  0  0 ]  [ 0  0  0  0  0  0  0  1  0  0 ]  [ 0  0  0  0  1  0  0  0  0  0 ]  [ 0  0  0  0  0  1  0  0  0  0 ]  [ 0  0  0  0  1  0  0  0  0  0 ]  [ 0  0  0  0  0  0  0  0  1  0 ]  [ 0  0  0  0  1  0  0  0  0  0 ]  [ 1  0  0  0  0  0  0  0  0  0 ]  [ 0  0  0  0  1  0  0  0  0  0 ]  [ 0  0  0  0  0  0  1  0  0  0 ]  [ 0  0  1  0  0  0  0  0  0  0 ]  [ 1  0  0  0  0  0  0  0  0  0 ]  [ 0  1  0  0  0  0  0  0  0  0 ]  [ 0  0  0  0  0  0  0  0  1  0 ]  [ 0  0  0  0  1  0  0  0  0  0 ]  [ 0  1  0  0  0  0  0  0  0  0 ]  [ 0  1  0  0  0  0  0  0  0  0 ]  [ 0  0  1  0  0  0  0  0  0  0 ]  [ 0  0  0  0  0  0  0  0  1  0 ]  [ 0  0  0  0  0  0  0  0  0  1 ]  [ 0  0  0  1  0  0  0  0  0  0 ]  [ 0  0  0  0  0  1  0  0  0  0 ]  [ 0  0  0  0  0  0  0  0  0  1 ]  [ 0  0  0  0  1  0  0  0  0  0 ]  [ 0  0  0  0  0  0  0  1  0  0 ]  [ 0  0  0  0  0  0  0  1  0  0 ]  [ 0  0  0  0  0  0  0  1  0  0 ]  [ 0  0  0  0  0  0  0  1  0  0 ]  [ 0  0  0  0  0  0  1  0  0  0 ]  [ 1  0  0  0  0  0  0  0  0  0 ]  [ 0  0  0  1  0  0  0  0  0  0 ]  [ 1  0  0  0  0  0  0  0  0  0 ]  [ 0  0  0  0  0  1  0  0  0  0 ]  [ 0  0  0  0  0  1  0  0  0  0 ]  [ 0  0  1  0  0  0  0  0  0  0 ]  [ 0  0  1  0  0  0  0  0  0  0 ]  [ 0  0  0  0  0  1  0  0  0  0 ]  [ 0  0  0  0  0  0  0  0  0  1 ]  [ 0  0  0  0  0  0  0  0  1  0 ]  [ 1  0  0  0  0  0  0  0  0  0 ]  [ 0  0  1  0  0  0  0  0  0  0 ]  [ 0  1  0  0  0  0  0  0  0  0 ]  [ 0  0  0  0  0  0  0  0  0  1 ]  [ 0  0  0  1  0  0  0  0  0  0 ]  [ 0  0  0  0  0  0  0  0  1  0 ]  [ 0  0  0  0  0  0  0  1  0  0 ]  [ 0  0  0  0  0  1  0  0  0  0 ]  [ 0  0  1  0  0  0  0  0  0  0 ]  [ 0  1  0  0  0  0  0  0  0  0 ]  [ 0  0  1  0  0  0  0  0  0  0 ]  [ 0  0  0  0  0  1  0  0  0  0 ]  [ 0  0  1  0  0  0  0  0  0  0 ]  [ 0  0  1  0  0  0  0  0  0  0 ]  [ 0  0  0  0  0  0  0  0  1  0 ]  [ 0  0  0  0  0  0  0  1  0  0 ]  [ 0  0  0  0  0  0  0  0  1  0 ]  [ 0  0  0  1  0  0  0  0  0  0 ]  [ 0  0  0  0  0  0  0  1  0  0 ]  [ 0  0  0  0  0  1  0  0  0  0 ]  [ 0  0  0  0  0  1  0  0  0  0 ]  [ 0  0  0  0  0  0  0  0  1  0 ]  [ 0  0  0  0  0  0  0  0  0  1 ]  [ 0  0  0  0  0  0  1  0  0  0 ]  [ 0  1  0  0  0  0  0  0  0  0 ]  [ 0  0  0  0  0  0  0  0  1  0 ]  [ 0  0  0  0  0  0  0  0  1  0 ]  [ 0  0  0  0  0  0  0  1  0  0 ]  [ 1  0  0  0  0  0  0  0  0  0 ]  [ 0  1  0  0  0  0  0  0  0  0 ]  [ 0  0  0  1  0  0  0  0  0  0 ]  [ 0  0  0  0  1  0  0  0  0  0 ]  [ 0  0  0  0  0  0  0  0  0  1 ]  [ 1  0  0  0  0  0  0  0  0  0 ]  [ 0  0  0  0  0  0  0  1  0  0 ]  [ 0  0  0  0  0  1  0  0  0  0 ]  [ 0  0  0  0  0  0  0  1  0  0 ]  [ 0  1  0  0  0  0  0  0  0  0 ]  [ 0  0  0  0  0  1  0  0  0  0 ]  [ 0  0  0  0  0  1  0  0  0  0 ]  [ 0  0  0  0  0  0  1  0  0  0 ]  [ 0  0  0  1  0  0  0  0  0  0 ]  [ 0  0  0  0  0  0  0  0  1  0 ]  [ 0  1  0  0  0  0  0  0  0  0 ]  [ 0  0  1  0  0  0  0  0  0  0 ]  [ 0  0  0  0  0  0  0  0  1  0 ]  [ 0  1  0  0  0  0  0  0  0  0 ]  [ 0  0  1  0  0  0  0  0  0  0 ]  [ 0  0  0  0  0  1  0  0  0  0 ]  [ 0  0  0  0  1  0  0  0  0  0 ]  [ 0  0  0  0  0  0  0  0  1  0 ]  [ 0  0  0  0  0  0  1  0  0  0 ]  [ 0  0  0  0  0  0  0  0  1  0 ]  [ 0  0  0  0  0  0  0  0  1  0 ]  [ 0  0  0  0  0  0  0  1  0  0 ]  [ 0  1  0  0  0  0  0  0  0  0 ]  [ 0  1  0  0  0  0  0  0  0  0 ]  [ 0  0  0  1  0  0  0  0  0  0 ]  [ 1  0  0  0  0  0  0  0  0  0 ]  [ 0  0  0  0  0  0  0  0  1  0 ]  [ 0  0  0  0  0  0  0  0  1  0 ]  [ 0  0  1  0  0  0  0  0  0  0 ]  [ 1  0  0  0  0  0  0  0  0  0 ]  [ 0  0  0  0  0  0  0  0  0  1 ]  [ 1  0  0  0  0  0  0  0  0  0 ]  [ 1  0  0  0  0  0  0  0  0  0 ]  [ 1  0  0  0  0  0  0  0  0  0 ]  [ 0  0  0  0  0  1  0  0  0  0 ]  [ 1  0  0  0  0  0  0  0  0  0 ]  [ 1  0  0  0  0  0  0  0  0  0 ]  [ 0  0  0  0  0  1  0  0  0  0 ]  [ 0  0  0  1  0  0  0  0  0  0 ]  [ 0  1  0  0  0  0  0  0  0  0 ]  [ 0  1  0  0  0  0  0  0  0  0 ]  [ 1  0  0  0  0  0  0  0  0  0 ]  [ 0  0  0  0  0  0  0  1  0  0 ]  [ 0  0  0  0  0  0  0  1  0  0 ]  [ 0  0  0  0  0  0  0  1  0  0 ]  [ 0  0  0  0  0  0  0  0  1  0 ]  [ 1  0  0  0  0  0  0  0  0  0 ]  [ 0  0  0  0  1  0  0  0  0  0 ]  [ 0  0  0  0  0  0  0  0  0  1 ]  [ 0  0  0  0  0  0  0  0  0  1 ]  [ 1  0  0  0  0  0  0  0  0  0 ]  [ 0  1  0  0  0  0  0  0  0  0 ]  [ 0  0  0  1  0  0  0  0  0  0 ]  [ 0  0  0  1  0  0  0  0  0  0 ]  [ 0  0  0  0  1  0  0  0  0  0 ]  [ 0  1  0  0  0  0  0  0  0  0 ]  [ 1  0  0  0  0  0  0  0  0  0 ]  [ 0  0  0  1  0  0  0  0  0  0 ]  [ 0  0  0  0  0  0  0  0  0  1 ]  [ 0  0  0  0  0  0  0  1  0  0 ]  [ 0  0  1  0  0  0  0  0  0  0 ]  [ 0  0  1  0  0  0  0  0  0  0 ]  [ 0  1  0  0  0  0  0  0  0  0 ]  [ 0  0  0  0  0  0  1  0  0  0 ]  [ 0  0  0  1  0  0  0  0  0  0 ]  [ 0  0  0  0  0  0  1  0  0  0 ]  [ 0  0  0  0  1  0  0  0  0  0 ]  [ 0  1  0  0  0  0  0  0  0  0 ]  [ 0  0  1  0  0  0  0  0  0  0 ]  [ 0  0  1  0  0  0  0  0  0  0 ]  [ 0  0  0  0  0  1  0  0  0  0 ]  [ 0  0  0  0  1  0  0  0  0  0 ]  [ 0  0  0  1  0  0  0  0  0  0 ]  [ 0  0  0  0  0  1  0  0  0  0 ]  [ 0  0  1  0  0  0  0  0  0  0 ]  [ 0  0  0  0  0  0  0  0  1  0 ]  [ 0  0  0  0  0  1  0  0  0  0 ]  [ 0  0  0  0  0  0  0  1  0  0 ]  [ 0  0  0  0  0  0  1  0  0  0 ]  [ 0  0  0  0  0  1  0  0  0  0 ]  [ 0  1  0  0  0  0  0  0  0  0 ]  [ 0  0  0  0  0  1  0  0  0  0 ]  [ 0  0  0  0  0  1  0  0  0  0 ]  [ 0  0  0  0  0  0  0  0  0  1 ]  [ 0  0  0  0  1  0  0  0  0  0 ]  [ 0  1  0  0  0  0  0  0  0  0 ]  [ 1  0  0  0  0  0  0  0  0  0 ]  [ 0  0  0  0  0  0  0  1  0  0 ]  [ 0  0  0  0  0  0  0  1  0  0 ]  [ 0  0  0  0  0  1  0  0  0  0 ]  [ 1  0  0  0  0  0  0  0  0  0 ]  [ 0  0  0  0  0  0  1  0  0  0 ]  [ 0  0  0  0  0  0  1  0  0  0 ]  [ 0  0  0  0  0  0  0  1  0  0 ]  [ 0  0  0  0  0  0  0  1  0  0 ]  [ 0  1  0  0  0  0  0  0  0  0 ]  [ 0  0  0  0  0  0  0  0  0  1 ]  [ 0  0  0  0  0  0  0  0  0  1 ]  [ 0  0  0  0  0  1  0  0  0  0 ]  [ 0  0  0  0  0  0  0  1  0  0 ]  [ 0  1  0  0  0  0  0  0  0  0 ]  [ 0  0  1  0  0  0  0  0  0  0 ]  [ 0  0  0  0  0  1  0  0  0  0 ]  [ 0  0  0  0  0  0  0  0  0  1 ]  [ 0  0  0  1  0  0  0  0  0  0 ]  [ 0  0  0  0  0  0  1  0  0  0 ]  [ 0  0  0  0  1  0  0  0  0  0 ]  [ 0  0  1  0  0  0  0  0  0  0 ]  [ 0  0  0  1  0  0  0  0  0  0 ]  [ 0  0  0  0  0  0  0  0  1  0 ]  [ 0  0  0  0  0  1  0  0  0  0 ]  [ 0  0  0  0  0  0  0  1  0  0 ]  [ 1  0  0  0  0  0  0  0  0  0 ]  [ 0  1  0  0  0  0  0  0  0  0 ]  [ 0  1  0  0  0  0  0  0  0  0 ]  [ 0  1  0  0  0  0  0  0  0  0 ]  [ 0  1  0  0  0  0  0  0  0  0 ]  [ 0  1  0  0  0  0  0  0  0  0 ]  [ 0  0  0  0  0  1  0  0  0  0 ]  [ 1  0  0  0  0  0  0  0  0  0 ]  [ 0  0  0  0  0  0  0  0  0  1 ]  [ 0  0  0  0  1  0  0  0  0  0 ]  [ 0  0  0  0  0  0  0  0  1  0 ]  [ 0  0  0  0  0  0  0  0  1  0 ]  [ 0  1  0  0  0  0  0  0  0  0 ]  [ 0  1  0  0  0  0  0  0  0  0 ]  [ 0  1  0  0  0  0  0  0  0  0 ]  [ 1  0  0  0  0  0  0  0  0  0 ]  [ 0  0  0  1  0  0  0  0  0  0 ]  [ 0  0  0  0  1  0  0  0  0  0 ]  [ 1  0  0  0  0  0  0  0  0  0 ]  [ 0  0  0  0  0  0  0  1  0  0 ]  [ 0  1  0  0  0  0  0  0  0  0 ]  [ 0  0  0  0  0  0  0  0  1  0 ]  [ 0  0  0  0  0  0  0  0  0  1 ]  [ 1  0  0  0  0  0  0  0  0  0 ]  [ 0  0  0  0  0  1  0  0  0  0 ]  [ 0  0  0  0  1  0  0  0  0  0 ]  [ 0  0  0  0  0  1  0  0  0  0 ]  [ 1  0  0  0  0  0  0  0  0  0 ]  [ 0  0  0  0  0  1  0  0  0  0 ]  [ 0  0  0  0  0  0  0  0  1  0 ]  [ 0  0  0  0  0  0  0  0  0  1 ]  [ 0  0  0  0  0  0  0  1  0  0 ]  [ 0  0  0  0  0  0  0  0  1  0 ]  [ 0  0  0  0  0  0  0  1  0  0 ]  [ 0  0  0  0  0  0  0  0  0  1 ]  [ 0  0  0  0  0  0  0  0  1  0 ]  [ 0  0  0  0  0  0  0  0  0  1 ]  [ 0  0  0  1  0  0  0  0  0  0 ]  [ 0  0  0  0  0  0  0  0  1  0 ]  [ 0  0  0  0  0  0  0  0  0  1 ]  [ 0  0  1  0  0  0  0  0  0  0 ]  [ 0  0  0  1  0  0  0  0  0  0 ]  [ 0  0  0  0  0  0  1  0  0  0 ]  [ 0  0  0  0  0  1  0  0  0  0 ]  [ 0  1  0  0  0  0  0  0  0  0 ]  [ 0  0  0  0  0  0  1  0  0  0 ]  [ 1  0  0  0  0  0  0  0  0  0 ]  [ 0  0  0  0  0  0  1  0  0  0 ]  [ 0  1  0  0  0  0  0  0  0  0 ]  [ 0  0  0  0  0  0  0  1  0  0 ]  [ 0  0  0  0  1  0  0  0  0  0 ]  [ 0  0  0  0  0  0  0  0  0  1 ]  [ 0  0  0  0  0  0  0  1  0  0 ]  [ 0  0  0  0  0  0  0  0  0  1 ]  [ 0  0  0  0  0  0  0  1  0  0 ]  [ 0  0  0  0  0  0  0  0  0  1 ]  [ 1  0  0  0  0  0  0  0  0  0 ]  [ 0  0  0  0  0  0  0  1  0  0 ]  [ 0  0  1  0  0  0  0  0  0  0 ]  [ 0  0  0  1  0  0  0  0  0  0 ]  [ 1  0  0  0  0  0  0  0  0  0 ]  [ 0  0  0  0  0  0  1  0  0  0 ]  [ 0  0  1  0  0  0  0  0  0  0 ]  [ 0  0  0  0  0  0  1  0  0  0 ]  [ 0  0  0  0  0  0  0  0  0  1 ]  [ 1  0  0  0  0  0  0  0  0  0 ]  [ 0  0  0  0  0  0  0  0  1  0 ]  [ 0  0  0  0  0  0  0  1  0  0 ]  [ 0  0  0  0  0  1  0  0  0  0 ]  [ 0  0  1  0  0  0  0  0  0  0 ]  [ 0  0  0  0  1  0  0  0  0  0 ]  [ 1  0  0  0  0  0  0  0  0  0 ]  [ 0  1  0  0  0  0  0  0  0  0 ]  [ 0  1  0  0  0  0  0  0  0  0 ]  [ 0  0  0  0  0  0  0  0  1  0 ]  [ 1  0  0  0  0  0  0  0  0  0 ]  [ 1  0  0  0  0  0  0  0  0  0 ]  [ 0  0  0  1  0  0  0  0  0  0 ]  [ 0  1  0  0  0  0  0  0  0  0 ]  [ 0  0  0  0  0  0  0  0  0  1 ]  [ 0  0  0  0  1  0  0  0  0  0 ]  [ 0  0  0  1  0  0  0  0  0  0 ]  [ 0  0  0  0  0  0  1  0  0  0 ]  [ 0  0  0  0  0  0  1  0  0  0 ]  [ 0  0  0  0  0  0  0  0  0  1 ]  [ 0  0  0  0  0  0  0  1  0  0 ]  [ 0  0  0  0  0  1  0  0  0  0 ]  [ 0  0  0  0  0  0  0  1  0  0 ]  [ 0  0  0  0  1  0  0  0  0  0 ]  [ 0  0  1  0  0  0  0  0  0  0 ]  [ 0  0  0  0  0  0  0  0  1  0 ]  [ 0  0  0  0  1  0  0  0  0  0 ]  [ 0  0  0  0  0  0  1  0  0  0 ]  [ 0  1  0  0  0  0  0  0  0  0 ]  [ 1  0  0  0  0  0  0  0  0  0 ]  [ 0  0  0  1  0  0  0  0  0  0 ]  [ 0  0  0  0  0  1  0  0  0  0 ]  [ 0  0  0  1  0  0  0  0  0  0 ]  [ 0  0  0  0  0  0  0  0  1  0 ]  [ 1  0  0  0  0  0  0  0  0  0 ]  [ 0  0  0  0  0  0  1  0  0  0 ]  [ 0  1  0  0  0  0  0  0  0  0 ]  [ 0  0  0  0  0  0  0  0  0  1 ]  [ 0  0  0  0  0  1  0  0  0  0 ]  [ 1  0  0  0  0  0  0  0  0  0 ]  [ 0  0  0  0  0  0  1  0  0  0 ]  [ 0  0  0  0  0  0  0  0  0  1 ]  [ 0  0  0  0  0  1  0  0  0  0 ]  [ 0  1  0  0  0  0  0  0  0  0 ]  [ 0  0  0  0  0  0  1  0  0  0 ]  [ 0  0  0  0  0  0  0  1  0  0 ]  [ 0  0  0  0  0  0  0  0  1  0 ]  [ 0  0  0  0  0  0  0  0  0  1 ]  [ 0  0  1  0  0  0  0  0  0  0 ]  [ 1  0  0  0  0  0  0  0  0  0 ]  [ 0  0  0  0  1  0  0  0  0  0 ]  [ 1  0  0  0  0  0  0  0  0  0 ]  [ 1  0  0  0  0  0  0  0  0  0 ]  [ 0  0  0  0  0  0  1  0  0  0 ]  [ 0  1  0  0  0  0  0  0  0  0 ]  [ 0  0  0  0  0  0  0  0  0  1 ]  [ 0  0  0  0  0  0  0  1  0  0 ]  [ 0  0  0  0  0  1  0  0  0  0 ]  [ 0  0  0  0  0  0  1  0  0  0 ]  [ 0  0  0  0  0  0  1  0  0  0 ]  [ 0  0  0  0  0  0  0  1  0  0 ] ];

ObjRequests = {  <1,3,112>, <2,3,130>, <3,3,51>, <4,3,36>, <5,3,64>, <6,3,47>, <7,3,15>, <8,3,16>, <9,3,1>, <11,3,5>, <12,3,17>, <13,3,22>, <14,3,56>, <15,3,4>, <16,3,7>, <17,3,5>, <18,3,1>, <19,3,4>, <20,3,20>, <21,3,7>, <22,3,3>, <23,3,3>, <24,3,2>, <25,3,13>, <26,3,9>, <27,3,5>, <28,3,4>, <29,3,6>, <30,3,9>, <31,3,5>, <33,3,4>, <34,3,30>, <35,3,5>, <36,3,3>, <37,3,7>, <39,3,1>, <41,3,3>, <42,3,7>, <43,3,3>, <44,3,1>, <45,3,2>, <46,3,3>, <47,3,6>, <48,3,9>, <49,3,3>, <50,3,1>, <51,3,10>, <52,3,11>, <53,3,9>, <54,3,3>, <55,3,3>, <56,3,13>, <57,3,2>, <58,3,2>, <61,3,8>, <62,3,3>, <63,3,1>, <65,3,3>, <66,3,1>, <67,3,1>, <68,3,4>, <69,3,12>, <70,3,9>, <71,3,5>, <72,3,1>, <73,3,7>, <74,3,3>, <75,3,1>, <76,3,8>, <78,3,13>, <79,3,1>, <80,3,1>, <81,3,17>, <82,3,2>, <83,3,1>, <84,3,5>, <85,3,2>, <86,3,4>, <87,3,1>, <88,3,2>, <89,3,1>, <90,3,2>, <91,3,7>, <92,3,4>, <93,3,2>, <94,3,2>, <96,3,7>, <97,3,2>, <98,3,2>, <100,3,1>, <101,3,1>, <102,3,2>, <103,3,1>, <104,3,2>, <105,3,1>, <106,3,1>, <107,3,2>, <110,3,2>, <111,3,5>, <112,3,2>, <113,3,1>, <116,3,4>, <117,3,2>, <118,3,3>, <119,3,2>, <120,3,4>, <121,3,1>, <122,3,1>, <123,3,1>, <124,3,1>, <125,3,2>, <127,3,1>, <128,3,4>, <130,3,2>, <131,3,1>, <132,3,5>, <133,3,1>, <134,3,1>, <135,3,2>, <136,3,2>, <137,3,1>, <138,3,2>, <140,3,5>, <142,3,2>, <143,3,3>, <145,3,1>, <146,3,2>, <148,3,4>, <150,3,1>, <151,3,1>, <152,3,1>, <154,3,1>, <155,3,2>, <156,3,2>, <157,3,5>, <160,3,1>, <161,3,1>, <162,3,1>, <163,3,1>, <165,3,1>, <166,3,2>, <168,3,2>, <169,3,1>, <170,3,1>, <172,3,1>, <177,3,1>, <179,3,1>, <181,3,4>, <183,3,1>, <184,3,2>, <185,3,2>, <186,3,1>, <194,3,2>, <195,3,1>, <196,3,1>, <197,3,1>, <198,3,1>, <199,3,1>, <201,3,1>, <202,3,3>, <203,3,1>, <205,3,1>, <208,3,1>, <211,3,4>, <212,3,1>, <213,3,1>, <214,3,2>, <216,3,3>, <218,3,1>, <221,3,1>, <222,3,1>, <225,3,1>, <226,3,1>, <228,3,2>, <230,3,2>, <232,3,1>, <234,3,2>, <235,3,1>, <237,3,2>, <238,3,1>, <239,3,1>, <240,3,3>, <241,3,1>, <242,3,1>, <243,3,2>, <244,3,3>, <245,3,3>, <247,3,2>, <248,3,1>, <249,3,1>, <253,3,1>, <254,3,2>, <255,3,1>, <257,3,1>, <259,3,4>, <263,3,1>, <264,3,1>, <265,3,1>, <266,3,1>, <269,3,1>, <272,3,1>, <274,3,1>, <276,3,1>, <278,3,1>, <281,3,1>, <283,3,1>, <284,3,1>, <285,3,2>, <286,3,1>, <287,3,1>, <288,3,1>, <289,3,1>, <290,3,1>, <291,3,1>, <293,3,1>, <295,3,1>, <297,3,1>, <299,3,4>, <300,3,2>, <301,3,1>, <303,3,1>, <305,3,1>, <308,3,1>, <309,3,1>, <312,3,1>, <314,3,1>, <316,3,1>, <318,3,1>, <319,3,1>, <320,3,1>, <323,3,1>, <324,3,1>, <325,3,1>, <326,3,1>, <327,3,1>, <332,3,3>, <333,3,2>, <334,3,1>, <335,3,1>, <336,3,2>, <337,3,2>, <338,3,2>, <339,3,2>, <340,3,1>, <341,3,2>, <344,3,3>, <351,3,1>, <352,3,1>, <353,3,2>, <354,3,3>, <355,3,1>, <357,3,2>, <366,3,1>, <367,3,1>, <368,3,2>, <369,3,1>, <371,3,1>, <379,3,1>, <382,3,1>, <383,3,2>, <384,3,1>, <385,3,1>, <387,3,1>, <390,3,1>, <392,3,1>, <394,3,1>, <396,3,1>, <397,3,1>, <398,3,1>, <403,3,1>, <406,3,1>, <407,3,1>, <408,3,2>, <416,3,1>, <417,3,2>, <420,3,1>, <430,3,1>, <432,3,1>, <435,3,1>, <440,3,1>, <444,3,1>, <447,3,1>, <450,3,1>, <452,3,2>, <453,3,1>, <455,3,1>, <461,3,1>, <469,3,2>, <471,3,1>, <474,3,1>, <478,3,1>, <480,3,1>, <483,3,2>, <488,3,1>, <490,3,1>, <492,3,1>, <493,3,2>, <494,3,1>, <495,3,2>, <499,3,1>, <505,3,1>, <507,3,1>, <508,3,1>, <509,3,1>, <510,3,1>, <511,3,1>, <512,3,1>, <514,3,1>, <515,3,1>, <516,3,1>, <521,3,1>, <525,3,1>, <528,3,1>, <529,3,1>, <531,3,1>, <539,3,1>, <540,3,1>, <551,3,1>, <552,3,2>, <560,3,1>, <563,3,2>, <565,3,1>, <568,3,1>, <570,3,1>, <577,3,1>, <578,3,1>, <586,3,1>, <588,3,1>, <598,3,1>, <602,3,1>, <604,3,1>, <607,3,1>, <608,3,1>, <609,3,1>, <619,3,1>, <624,3,1>, <625,3,1>, <628,3,1>, <635,3,1>, <637,3,1>, <647,3,2>, <650,3,1>, <651,3,2>, <659,3,1>, <673,3,1>, <674,3,1>, <681,3,1>, <687,3,2>, <696,3,1>, <704,3,1>, <711,3,1>, <712,3,1>, <721,3,1>, <724,3,1>, <725,3,1>, <738,3,1>, <744,3,2>, <750,3,1>, <752,3,1>, <757,3,1>, <770,3,1>, <773,3,1>, <777,3,1>, <779,3,1>, <784,3,1>, <789,3,2>, <791,3,1>, <798,3,4>, <799,3,1>, <803,3,1>, <808,3,1>, <823,3,1>, <835,3,1>, <841,3,1>, <860,3,1>, <876,3,1>, <887,3,1>, <903,3,1>, <916,3,1>, <921,3,1>, <924,3,1>, <926,3,1>, <931,3,1>, <936,3,1>, <946,3,1>, <950,3,1>, <951,3,1>, <954,3,1>, <956,3,1>, <962,3,1>, <968,3,1>, <972,3,1>, <1,4,125>, <2,4,8>, <3,4,263>, <4,4,25>, <5,4,5>, <6,4,111>, <7,4,2>, <8,4,95>, <9,4,7>, <10,4,18>, <11,4,4>, <12,4,10>, <13,4,11>, <14,4,50>, <15,4,30>, <16,4,46>, <17,4,2>, <18,4,30>, <19,4,8>, <20,4,17>, <21,4,8>, <22,4,12>, <23,4,2>, <24,4,17>, <25,4,1>, <26,4,4>, <27,4,8>, <28,4,2>, <29,4,1>, <30,4,8>, <31,4,24>, <32,4,3>, <33,4,13>, <34,4,6>, <35,4,2>, <36,4,1>, <37,4,2>, <38,4,8>, <39,4,3>, <40,4,8>, <41,4,5>, <42,4,15>, <44,4,2>, <45,4,9>, <46,4,18>, <47,4,2>, <48,4,3>, <49,4,26>, <50,4,16>, <51,4,1>, <52,4,4>, <53,4,4>, <55,4,1>, <56,4,3>, <57,4,2>, <58,4,1>, <59,4,3>, <60,4,3>, <61,4,8>, <62,4,4>, <63,4,5>, <64,4,1>, <66,4,6>, <67,4,1>, <68,4,9>, <69,4,1>, <70,4,1>, <71,4,1>, <72,4,5>, <73,4,2>, <75,4,3>, <77,4,6>, <78,4,6>, <82,4,2>, <83,4,1>, <84,4,5>, <85,4,1>, <87,4,3>, <90,4,2>, <92,4,6>, <93,4,1>, <94,4,2>, <95,4,3>, <96,4,3>, <98,4,2>, <99,4,2>, <100,4,1>, <101,4,1>, <103,4,4>, <104,4,4>, <105,4,2>, <106,4,5>, <108,4,7>, <109,4,5>, <110,4,1>, <112,4,1>, <113,4,3>, <114,4,2>, <115,4,2>, <116,4,2>, <117,4,2>, <118,4,3>, <119,4,4>, <120,4,6>, <121,4,1>, <122,4,2>, <123,4,1>, <124,4,1>, <125,4,2>, <126,4,2>, <127,4,3>, <128,4,1>, <129,4,2>, <131,4,4>, <133,4,1>, <134,4,3>, <135,4,2>, <139,4,3>, <140,4,3>, <141,4,3>, <142,4,2>, <143,4,1>, <144,4,3>, <145,4,1>, <146,4,2>, <147,4,2>, <148,4,2>, <149,4,2>, <150,4,1>, <151,4,1>, <154,4,1>, <155,4,1>, <157,4,2>, <158,4,1>, <159,4,2>, <160,4,5>, <161,4,3>, <162,4,2>, <164,4,1>, <165,4,1>, <166,4,1>, <170,4,2>, <171,4,6>, <172,4,1>, <174,4,1>, <175,4,1>, <176,4,5>, <177,4,2>, <178,4,2>, <181,4,1>, <182,4,1>, <183,4,3>, <184,4,1>, <185,4,1>, <186,4,2>, <187,4,4>, <188,4,1>, <189,4,1>, <193,4,2>, <194,4,1>, <196,4,1>, <200,4,2>, <202,4,3>, <206,4,1>, <207,4,1>, <212,4,1>, <213,4,1>, <215,4,2>, <216,4,1>, <217,4,1>, <218,4,1>, <220,4,5>, <223,4,1>, <224,4,1>, <226,4,2>, <227,4,1>, <229,4,4>, <231,4,1>, <232,4,1>, <233,4,1>, <237,4,1>, <240,4,1>, <242,4,2>, <243,4,1>, <245,4,3>, <248,4,1>, <249,4,2>, <250,4,1>, <251,4,1>, <252,4,1>, <254,4,1>, <255,4,1>, <258,4,3>, <259,4,2>, <260,4,2>, <262,4,1>, <263,4,1>, <266,4,2>, <267,4,1>, <268,4,1>, <271,4,1>, <272,4,2>, <274,4,1>, <275,4,2>, <277,4,3>, <278,4,1>, <279,4,2>, <281,4,2>, <282,4,1>, <283,4,1>, <285,4,1>, <287,4,1>, <289,4,5>, <291,4,3>, <292,4,1>, <293,4,1>, <294,4,1>, <296,4,1>, <297,4,4>, <298,4,1>, <300,4,1>, <301,4,1>, <306,4,1>, <307,4,1>, <311,4,1>, <312,4,3>, <317,4,1>, <318,4,1>, <319,4,1>, <320,4,1>, <322,4,1>, <323,4,2>, <325,4,1>, <331,4,1>, <332,4,1>, <335,4,2>, <336,4,1>, <337,4,2>, <338,4,2>, <339,4,1>, <341,4,1>, <342,4,1>, <345,4,1>, <347,4,1>, <350,4,1>, <351,4,2>, <357,4,1>, <358,4,2>, <364,4,1>, <366,4,1>, <367,4,1>, <368,4,3>, <370,4,1>, <378,4,1>, <379,4,1>, <380,4,1>, <383,4,1>, <385,4,1>, <389,4,1>, <394,4,1>, <395,4,1>, <399,4,1>, <410,4,1>, <411,4,1>, <412,4,1>, <413,4,2>, <414,4,1>, <415,4,1>, <417,4,3>, <419,4,1>, <420,4,1>, <425,4,1>, <429,4,2>, <432,4,1>, <433,4,1>, <436,4,1>, <443,4,1>, <444,4,1>, <445,4,1>, <448,4,3>, <450,4,1>, <451,4,1>, <452,4,1>, <453,4,2>, <462,4,1>, <467,4,1>, <473,4,1>, <477,4,1>, <481,4,2>, <488,4,1>, <496,4,1>, <503,4,1>, <504,4,1>, <505,4,1>, <506,4,2>, <509,4,1>, <510,4,1>, <512,4,1>, <513,4,2>, <515,4,2>, <524,4,1>, <527,4,1>, <536,4,1>, <538,4,1>, <548,4,1>, <552,4,1>, <553,4,2>, <555,4,1>, <556,4,1>, <559,4,1>, <560,4,4>, <563,4,3>, <569,4,1>, <571,4,1>, <573,4,1>, <582,4,1>, <584,4,1>, <604,4,2>, <605,4,1>, <606,4,1>, <623,4,2>, <625,4,1>, <626,4,2>, <632,4,1>, <641,4,1>, <650,4,1>, <655,4,1>, <659,4,1>, <662,4,1>, <673,4,1>, <675,4,1>, <678,4,1>, <681,4,1>, <683,4,1>, <693,4,1>, <703,4,1>, <713,4,1>, <724,4,1>, <731,4,1>, <735,4,1>, <739,4,1>, <742,4,1>, <755,4,2>, <757,4,1>, <768,4,1>, <770,4,1>, <773,4,1>, <776,4,1>, <779,4,1>, <788,4,1>, <790,4,1>, <792,4,1>, <797,4,1>, <807,4,3>, <814,4,2>, <818,4,1>, <819,4,1>, <823,4,1>, <831,4,1>, <837,4,1>, <846,4,1>, <855,4,1>, <857,4,1>, <879,4,1>, <882,4,1>, <889,4,1>, <905,4,1>, <909,4,1>, <912,4,1>, <916,4,1>, <919,4,1>, <926,4,1>, <928,4,1>, <930,4,1>, <933,4,1>, <944,4,1>, <945,4,1>, <952,4,1>, <956,4,1>, <957,4,1>, <960,4,1>, <962,4,1>, <984,4,1>, <988,4,1>, <996,4,1>, <1,7,32>, <2,7,257>, <3,7,96>, <4,7,36>, <5,7,32>, <6,7,42>, <7,7,13>, <8,7,39>, <9,7,4>, <10,7,13>, <11,7,2>, <12,7,1>, <13,7,92>, <14,7,27>, <15,7,1>, <16,7,31>, <17,7,5>, <18,7,3>, <19,7,14>, <20,7,3>, <21,7,2>, <22,7,3>, <23,7,17>, <24,7,9>, <25,7,2>, <26,7,11>, <27,7,5>, <28,7,10>, <29,7,2>, <30,7,3>, <31,7,5>, <32,7,5>, <33,7,21>, <34,7,17>, <35,7,2>, <36,7,2>, <37,7,16>, <38,7,6>, <39,7,1>, <40,7,10>, <41,7,8>, <42,7,4>, <43,7,4>, <44,7,1>, <45,7,1>, <46,7,3>, <47,7,8>, <48,7,3>, <50,7,15>, <51,7,6>, <52,7,3>, <54,7,1>, <55,7,1>, <56,7,3>, <57,7,10>, <58,7,4>, <59,7,1>, <60,7,8>, <62,7,5>, <63,7,6>, <64,7,4>, <65,7,11>, <66,7,1>, <67,7,4>, <68,7,1>, <69,7,2>, <70,7,6>, <71,7,3>, <72,7,2>, <73,7,1>, <74,7,2>, <75,7,8>, <76,7,3>, <78,7,3>, <79,7,11>, <83,7,6>, <84,7,5>, <85,7,4>, <86,7,3>, <88,7,1>, <89,7,7>, <90,7,3>, <91,7,9>, <92,7,1>, <93,7,1>, <95,7,1>, <97,7,3>, <98,7,3>, <99,7,1>, <100,7,1>, <101,7,1>, <102,7,1>, <103,7,3>, <105,7,2>, <106,7,1>, <108,7,1>, <109,7,7>, <110,7,3>, <114,7,1>, <115,7,1>, <116,7,2>, <117,7,2>, <119,7,3>, <120,7,1>, <121,7,1>, <122,7,2>, <124,7,2>, <125,7,5>, <126,7,3>, <127,7,3>, <128,7,5>, <129,7,1>, <130,7,1>, <133,7,7>, <134,7,1>, <135,7,1>, <136,7,1>, <137,7,3>, <138,7,1>, <140,7,2>, <142,7,2>, <143,7,2>, <144,7,1>, <145,7,1>, <146,7,3>, <148,7,1>, <149,7,1>, <150,7,1>, <151,7,1>, <153,7,1>, <154,7,1>, <155,7,4>, <156,7,1>, <158,7,2>, <159,7,2>, <160,7,3>, <161,7,1>, <163,7,1>, <166,7,1>, <167,7,1>, <169,7,5>, <170,7,2>, <171,7,1>, <173,7,1>, <174,7,1>, <175,7,1>, <177,7,1>, <178,7,1>, <179,7,2>, <180,7,2>, <182,7,1>, <187,7,3>, <188,7,2>, <189,7,2>, <191,7,2>, <192,7,2>, <193,7,2>, <194,7,1>, <195,7,1>, <196,7,1>, <199,7,2>, <200,7,3>, <202,7,1>, <203,7,2>, <204,7,2>, <205,7,1>, <206,7,1>, <207,7,1>, <208,7,1>, <209,7,1>, <210,7,1>, <211,7,1>, <214,7,1>, <216,7,1>, <219,7,2>, <220,7,2>, <221,7,1>, <223,7,1>, <225,7,2>, <226,7,2>, <227,7,1>, <230,7,2>, <231,7,2>, <232,7,2>, <234,7,1>, <235,7,1>, <239,7,1>, <240,7,1>, <242,7,1>, <243,7,3>, <244,7,1>, <246,7,3>, <247,7,1>, <248,7,1>, <249,7,2>, <250,7,1>, <251,7,1>, <252,7,1>, <253,7,1>, <255,7,1>, <256,7,1>, <258,7,1>, <260,7,1>, <261,7,1>, <265,7,2>, <267,7,1>, <268,7,2>, <269,7,1>, <272,7,1>, <273,7,3>, <279,7,2>, <280,7,1>, <281,7,1>, <282,7,2>, <283,7,3>, <284,7,1>, <285,7,2>, <286,7,1>, <287,7,2>, <289,7,2>, <290,7,3>, <293,7,1>, <294,7,1>, <296,7,1>, <298,7,2>, <301,7,1>, <302,7,2>, <303,7,1>, <305,7,4>, <306,7,1>, <308,7,1>, <309,7,1>, <310,7,1>, <311,7,1>, <312,7,1>, <313,7,1>, <314,7,1>, <315,7,1>, <316,7,1>, <318,7,1>, <320,7,1>, <326,7,1>, <328,7,1>, <331,7,1>, <332,7,1>, <333,7,1>, <334,7,1>, <336,7,1>, <337,7,2>, <339,7,2>, <340,7,1>, <341,7,1>, <344,7,1>, <346,7,1>, <347,7,2>, <350,7,3>, <351,7,2>, <352,7,1>, <355,7,1>, <357,7,1>, <366,7,1>, <367,7,2>, <372,7,1>, <373,7,1>, <374,7,1>, <383,7,1>, <384,7,1>, <388,7,1>, <389,7,1>, <395,7,1>, <400,7,2>, <401,7,1>, <403,7,1>, <407,7,1>, <413,7,2>, <416,7,1>, <418,7,1>, <420,7,1>, <421,7,1>, <425,7,1>, <426,7,1>, <429,7,1>, <430,7,1>, <435,7,1>, <436,7,1>, <444,7,1>, <451,7,2>, <453,7,1>, <455,7,1>, <457,7,1>, <467,7,2>, <471,7,1>, <474,7,1>, <477,7,1>, <481,7,1>, <482,7,1>, <487,7,1>, <493,7,2>, <495,7,1>, <498,7,1>, <506,7,2>, <508,7,1>, <509,7,1>, <512,7,1>, <525,7,1>, <531,7,1>, <533,7,1>, <543,7,1>, <547,7,1>, <552,7,1>, <561,7,1>, <568,7,1>, <576,7,1>, <582,7,1>, <583,7,1>, <584,7,1>, <585,7,1>, <590,7,1>, <592,7,1>, <596,7,1>, <605,7,2>, <613,7,1>, <620,7,1>, <623,7,1>, <629,7,1>, <631,7,1>, <634,7,1>, <635,7,1>, <642,7,1>, <643,7,1>, <649,7,1>, <652,7,1>, <655,7,1>, <657,7,1>, <663,7,1>, <669,7,1>, <674,7,1>, <683,7,1>, <685,7,1>, <689,7,1>, <692,7,1>, <696,7,1>, <699,7,1>, <700,7,1>, <713,7,1>, <716,7,1>, <731,7,1>, <738,7,1>, <744,7,1>, <752,7,1>, <754,7,2>, <776,7,1>, <784,7,1>, <787,7,1>, <791,7,1>, <799,7,2>, <804,7,1>, <805,7,1>, <807,7,1>, <812,7,1>, <821,7,1>, <841,7,1>, <850,7,1>, <867,7,1>, <869,7,1>, <876,7,1>, <877,7,1>, <878,7,1>, <882,7,1>, <883,7,1>, <885,7,1>, <903,7,1>, <911,7,1>, <926,7,1>, <929,7,1>, <931,7,1>, <938,7,1>, <939,7,1>, <944,7,1>, <951,7,1>, <952,7,1>, <984,7,1>, <986,7,1>, <988,7,1>, <1,9,235>, <2,9,5>, <3,9,5>, <4,9,117>, <5,9,32>, <6,9,53>, <7,9,31>, <8,9,22>, <9,9,10>, <10,9,1>, <11,9,20>, <12,9,8>, <13,9,9>, <14,9,8>, <15,9,17>, <16,9,5>, <17,9,3>, <18,9,1>, <19,9,13>, <20,9,7>, <21,9,8>, <22,9,3>, <23,9,11>, <24,9,9>, <25,9,14>, <26,9,8>, <27,9,18>, <28,9,4>, <29,9,1>, <30,9,10>, <31,9,1>, <32,9,18>, <33,9,5>, <34,9,1>, <35,9,2>, <38,9,7>, <39,9,15>, <40,9,15>, <41,9,2>, <42,9,4>, <44,9,5>, <45,9,7>, <46,9,2>, <47,9,1>, <48,9,4>, <49,9,3>, <51,9,6>, <52,9,2>, <53,9,5>, <54,9,9>, <55,9,17>, <56,9,4>, <57,9,1>, <58,9,1>, <59,9,4>, <60,9,4>, <61,9,1>, <62,9,3>, <63,9,1>, <64,9,7>, <66,9,7>, <67,9,1>, <68,9,7>, <69,9,12>, <70,9,9>, <72,9,12>, <73,9,1>, <74,9,4>, <76,9,5>, <77,9,2>, <78,9,2>, <80,9,3>, <81,9,1>, <83,9,7>, <84,9,2>, <85,9,1>, <86,9,3>, <87,9,4>, <88,9,1>, <90,9,3>, <91,9,1>, <92,9,1>, <93,9,2>, <94,9,1>, <95,9,4>, <96,9,3>, <97,9,6>, <98,9,2>, <99,9,2>, <100,9,3>, <101,9,1>, <102,9,1>, <104,9,1>, <105,9,4>, <106,9,3>, <107,9,1>, <108,9,1>, <109,9,2>, <110,9,3>, <112,9,6>, <113,9,2>, <114,9,1>, <115,9,2>, <117,9,1>, <118,9,1>, <119,9,1>, <120,9,2>, <122,9,2>, <123,9,2>, <124,9,1>, <125,9,2>, <127,9,2>, <128,9,2>, <129,9,2>, <131,9,1>, <132,9,3>, <133,9,1>, <134,9,1>, <135,9,2>, <136,9,2>, <137,9,2>, <138,9,1>, <139,9,1>, <141,9,1>, <142,9,1>, <143,9,3>, <144,9,1>, <145,9,2>, <147,9,4>, <148,9,1>, <150,9,2>, <151,9,2>, <152,9,2>, <153,9,1>, <154,9,2>, <155,9,1>, <157,9,1>, <158,9,1>, <159,9,5>, <161,9,1>, <162,9,3>, <163,9,2>, <165,9,1>, <166,9,4>, <167,9,2>, <169,9,1>, <170,9,1>, <171,9,1>, <172,9,2>, <174,9,1>, <175,9,1>, <178,9,1>, <179,9,6>, <182,9,1>, <189,9,2>, <191,9,3>, <192,9,2>, <193,9,2>, <195,9,1>, <197,9,3>, <199,9,1>, <200,9,1>, <201,9,2>, <202,9,2>, <203,9,1>, <207,9,2>, <208,9,2>, <213,9,1>, <214,9,1>, <215,9,1>, <217,9,1>, <218,9,1>, <220,9,2>, <221,9,1>, <222,9,2>, <223,9,1>, <225,9,1>, <228,9,1>, <229,9,1>, <230,9,1>, <231,9,2>, <232,9,1>, <234,9,1>, <235,9,1>, <238,9,2>, <239,9,2>, <240,9,1>, <243,9,4>, <244,9,1>, <245,9,5>, <246,9,2>, <249,9,1>, <250,9,2>, <251,9,1>, <257,9,2>, <259,9,1>, <260,9,1>, <261,9,1>, <262,9,1>, <266,9,1>, <269,9,1>, <270,9,1>, <271,9,1>, <272,9,1>, <273,9,1>, <274,9,1>, <275,9,1>, <276,9,1>, <277,9,1>, <279,9,2>, <281,9,1>, <282,9,2>, <283,9,3>, <286,9,1>, <287,9,1>, <288,9,1>, <290,9,1>, <292,9,1>, <293,9,2>, <295,9,1>, <296,9,1>, <298,9,1>, <300,9,1>, <304,9,1>, <305,9,1>, <306,9,2>, <307,9,2>, <310,9,1>, <312,9,1>, <315,9,1>, <317,9,1>, <321,9,1>, <325,9,1>, <328,9,1>, <329,9,1>, <330,9,1>, <331,9,4>, <332,9,1>, <333,9,1>, <334,9,1>, <340,9,1>, <342,9,1>, <345,9,3>, <347,9,3>, <351,9,4>, <352,9,2>, <353,9,2>, <355,9,2>, <358,9,2>, <364,9,1>, <366,9,1>, <367,9,1>, <376,9,1>, <377,9,1>, <378,9,4>, <382,9,1>, <384,9,4>, <386,9,1>, <389,9,1>, <390,9,1>, <391,9,1>, <394,9,1>, <397,9,1>, <403,9,1>, <408,9,4>, <411,9,1>, <415,9,2>, <420,9,1>, <421,9,1>, <424,9,2>, <425,9,2>, <426,9,1>, <427,9,2>, <430,9,1>, <432,9,1>, <438,9,1>, <448,9,2>, <449,9,1>, <452,9,1>, <453,9,1>, <457,9,1>, <458,9,1>, <462,9,1>, <466,9,1>, <467,9,1>, <472,9,1>, <478,9,1>, <481,9,1>, <482,9,1>, <484,9,1>, <488,9,1>, <490,9,1>, <491,9,1>, <492,9,1>, <494,9,3>, <495,9,4>, <498,9,1>, <499,9,1>, <500,9,1>, <504,9,1>, <505,9,1>, <506,9,1>, <508,9,1>, <512,9,1>, <513,9,1>, <515,9,2>, <521,9,1>, <524,9,1>, <533,9,1>, <534,9,1>, <540,9,1>, <545,9,1>, <546,9,1>, <548,9,2>, <549,9,1>, <552,9,2>, <555,9,1>, <563,9,2>, <565,9,3>, <568,9,1>, <571,9,1>, <572,9,1>, <574,9,2>, <576,9,1>, <578,9,1>, <582,9,1>, <583,9,1>, <584,9,1>, <592,9,2>, <600,9,1>, <601,9,1>, <604,9,1>, <605,9,1>, <608,9,1>, <613,9,1>, <615,9,1>, <620,9,1>, <621,9,1>, <622,9,1>, <623,9,1>, <624,9,1>, <627,9,1>, <628,9,1>, <631,9,1>, <635,9,1>, <637,9,1>, <642,9,1>, <650,9,2>, <655,9,1>, <658,9,1>, <671,9,1>, <677,9,1>, <678,9,1>, <681,9,1>, <688,9,1>, <691,9,1>, <696,9,2>, <700,9,1>, <710,9,1>, <713,9,1>, <714,9,1>, <716,9,1>, <727,9,1>, <731,9,1>, <742,9,2>, <749,9,1>, <754,9,1>, <755,9,1>, <768,9,1>, <770,9,1>, <773,9,1>, <776,9,1>, <781,9,1>, <789,9,1>, <795,9,1>, <798,9,2>, <813,9,1>, <820,9,1>, <822,9,1>, <828,9,1>, <829,9,1>, <831,9,1>, <833,9,1>, <837,9,1>, <840,9,1>, <848,9,1>, <855,9,1>, <875,9,1>, <883,9,1>, <887,9,1>, <898,9,1>, <900,9,1>, <902,9,1>, <905,9,1>, <907,9,1>, <911,9,1>, <915,9,1>, <926,9,1>, <928,9,1>, <930,9,1>, <931,9,1>, <933,9,1>, <950,9,1>, <952,9,1>, <953,9,1>, <956,9,1>, <966,9,1>, <968,9,1>, <978,9,1>, <986,9,1>, <998,9,1>, <1,10,31>, <2,10,74>, <3,10,25>, <4,10,82>, <5,10,5>, <6,10,1>, <7,10,92>, <8,10,6>, <9,10,57>, <10,10,27>, <11,10,23>, <12,10,22>, <13,10,1>, <14,10,2>, <15,10,18>, <16,10,4>, <17,10,27>, <18,10,1>, <19,10,6>, <20,10,10>, <21,10,7>, <22,10,10>, <23,10,8>, <24,10,14>, <25,10,6>, <26,10,12>, <27,10,1>, <28,10,22>, <29,10,5>, <30,10,3>, <31,10,1>, <32,10,8>, <33,10,9>, <34,10,2>, <35,10,3>, <36,10,2>, <37,10,12>, <38,10,7>, <39,10,2>, <40,10,8>, <41,10,4>, <42,10,3>, <43,10,4>, <44,10,3>, <45,10,10>, <46,10,9>, <48,10,5>, <49,10,4>, <50,10,9>, <51,10,5>, <52,10,2>, <53,10,4>, <54,10,1>, <55,10,3>, <59,10,1>, <61,10,6>, <62,10,7>, <63,10,3>, <64,10,3>, <65,10,4>, <66,10,2>, <67,10,7>, <68,10,2>, <69,10,3>, <70,10,3>, <71,10,3>, <72,10,4>, <73,10,2>, <74,10,1>, <75,10,4>, <77,10,2>, <78,10,3>, <80,10,1>, <81,10,1>, <82,10,3>, <84,10,1>, <85,10,2>, <86,10,1>, <87,10,4>, <88,10,3>, <89,10,5>, <90,10,7>, <91,10,1>, <93,10,1>, <94,10,12>, <95,10,3>, <96,10,1>, <97,10,2>, <98,10,5>, <99,10,1>, <100,10,1>, <101,10,3>, <103,10,1>, <104,10,1>, <106,10,3>, <107,10,6>, <108,10,1>, <109,10,4>, <111,10,7>, <113,10,3>, <115,10,2>, <116,10,1>, <117,10,1>, <118,10,3>, <119,10,2>, <120,10,5>, <121,10,5>, <122,10,3>, <123,10,1>, <124,10,3>, <125,10,1>, <128,10,1>, <129,10,1>, <130,10,1>, <131,10,1>, <132,10,1>, <134,10,2>, <135,10,3>, <139,10,2>, <141,10,1>, <142,10,2>, <143,10,2>, <144,10,4>, <146,10,1>, <147,10,3>, <148,10,1>, <152,10,1>, <153,10,1>, <154,10,4>, <156,10,1>, <158,10,1>, <159,10,1>, <160,10,1>, <161,10,3>, <162,10,1>, <163,10,2>, <164,10,1>, <169,10,2>, <170,10,2>, <171,10,3>, <172,10,2>, <174,10,5>, <177,10,1>, <178,10,2>, <179,10,1>, <180,10,2>, <181,10,1>, <182,10,1>, <183,10,2>, <186,10,5>, <188,10,3>, <190,10,3>, <191,10,3>, <192,10,2>, <194,10,3>, <195,10,1>, <197,10,1>, <198,10,6>, <199,10,1>, <200,10,1>, <202,10,1>, <205,10,2>, <209,10,1>, <211,10,1>, <214,10,2>, <216,10,1>, <217,10,1>, <219,10,1>, <222,10,1>, <223,10,2>, <225,10,2>, <226,10,1>, <228,10,1>, <229,10,1>, <236,10,2>, <237,10,1>, <238,10,1>, <240,10,1>, <242,10,1>, <243,10,1>, <245,10,2>, <246,10,1>, <248,10,1>, <250,10,1>, <259,10,1>, <260,10,1>, <264,10,3>, <265,10,1>, <271,10,1>, <275,10,1>, <276,10,1>, <277,10,1>, <278,10,1>, <279,10,1>, <280,10,1>, <281,10,1>, <284,10,2>, <287,10,1>, <289,10,1>, <291,10,1>, <292,10,1>, <296,10,1>, <299,10,1>, <301,10,1>, <304,10,1>, <305,10,1>, <306,10,1>, <307,10,4>, <311,10,8>, <312,10,1>, <316,10,1>, <317,10,1>, <320,10,1>, <321,10,3>, <324,10,1>, <326,10,1>, <328,10,1>, <329,10,1>, <330,10,1>, <331,10,1>, <332,10,1>, <336,10,1>, <337,10,1>, <339,10,1>, <340,10,1>, <341,10,1>, <342,10,1>, <343,10,1>, <344,10,2>, <345,10,1>, <347,10,1>, <349,10,1>, <350,10,1>, <353,10,1>, <354,10,1>, <355,10,2>, <359,10,1>, <360,10,1>, <362,10,1>, <364,10,1>, <370,10,1>, <372,10,1>, <378,10,1>, <379,10,1>, <381,10,1>, <383,10,1>, <384,10,1>, <386,10,1>, <387,10,1>, <388,10,1>, <390,10,1>, <392,10,1>, <397,10,1>, <402,10,1>, <405,10,1>, <408,10,1>, <415,10,1>, <418,10,1>, <423,10,1>, <429,10,1>, <430,10,1>, <432,10,1>, <440,10,2>, <444,10,1>, <445,10,1>, <450,10,1>, <453,10,2>, <457,10,1>, <461,10,2>, <466,10,2>, <469,10,1>, <471,10,1>, <472,10,2>, <475,10,1>, <476,10,1>, <478,10,1>, <482,10,1>, <487,10,1>, <490,10,1>, <491,10,1>, <492,10,1>, <495,10,2>, <505,10,1>, <506,10,1>, <507,10,1>, <510,10,1>, <512,10,1>, <513,10,1>, <514,10,1>, <517,10,1>, <522,10,1>, <523,10,1>, <524,10,1>, <527,10,1>, <543,10,1>, <544,10,1>, <546,10,1>, <548,10,1>, <550,10,1>, <555,10,1>, <558,10,1>, <559,10,1>, <560,10,1>, <561,10,1>, <567,10,1>, <568,10,1>, <570,10,1>, <571,10,1>, <574,10,1>, <580,10,1>, <582,10,1>, <584,10,1>, <586,10,1>, <589,10,1>, <590,10,1>, <596,10,3>, <604,10,1>, <605,10,1>, <619,10,1>, <620,10,2>, <626,10,1>, <631,10,1>, <632,10,1>, <634,10,1>, <652,10,1>, <654,10,1>, <656,10,1>, <657,10,1>, <658,10,1>, <666,10,1>, <677,10,1>, <687,10,1>, <693,10,1>, <696,10,1>, <701,10,1>, <702,10,1>, <704,10,1>, <707,10,1>, <710,10,1>, <713,10,2>, <715,10,3>, <716,10,2>, <728,10,1>, <742,10,1>, <746,10,2>, <754,10,1>, <755,10,1>, <757,10,1>, <765,10,1>, <768,10,1>, <780,10,1>, <785,10,1>, <787,10,1>, <802,10,1>, <804,10,1>, <805,10,1>, <806,10,1>, <808,10,1>, <815,10,1>, <822,10,1>, <833,10,1>, <836,10,1>, <837,10,1>, <838,10,1>, <840,10,1>, <847,10,1>, <863,10,1>, <869,10,1>, <875,10,1>, <876,10,1>, <878,10,1>, <882,10,1>, <883,10,1>, <886,10,1>, <895,10,1>, <897,10,1>, <900,10,3>, <907,10,1>, <908,10,1>, <916,10,1>, <920,10,1>, <929,10,1>, <939,10,2>, <951,10,1>, <955,10,1>, <975,10,1>, <1000,10,1>, <1,2,1193>, <2,2,98>, <3,2,56>, <4,2,32>, <5,2,157>, <6,2,1>, <7,2,2>, <9,2,82>, <10,2,91>, <11,2,28>, <12,2,61>, <13,2,16>, <14,2,2>, <15,2,1>, <16,2,14>, <17,2,48>, <18,2,7>, <19,2,2>, <20,2,28>, <21,2,1>, <22,2,5>, <23,2,3>, <24,2,5>, <25,2,4>, <26,2,6>, <27,2,6>, <28,2,5>, <29,2,44>, <30,2,4>, <31,2,5>, <32,2,14>, <33,2,4>, <35,2,25>, <37,2,8>, <38,2,1>, <39,2,8>, <40,2,3>, <41,2,5>, <42,2,5>, <44,2,5>, <45,2,1>, <46,2,3>, <47,2,2>, <48,2,1>, <50,2,3>, <51,2,7>, <52,2,7>, <53,2,3>, <55,2,3>, <56,2,1>, <57,2,7>, <58,2,5>, <59,2,2>, <60,2,3>, <62,2,6>, <63,2,3>, <64,2,4>, <65,2,6>, <66,2,3>, <67,2,1>, <68,2,2>, <69,2,4>, <71,2,2>, <72,2,1>, <73,2,1>, <74,2,3>, <75,2,3>, <77,2,5>, <79,2,9>, <80,2,15>, <81,2,3>, <82,2,3>, <83,2,3>, <84,2,3>, <86,2,3>, <88,2,4>, <91,2,2>, <92,2,1>, <93,2,2>, <94,2,4>, <95,2,6>, <96,2,6>, <97,2,1>, <98,2,3>, <99,2,2>, <100,2,1>, <101,2,3>, <105,2,1>, <106,2,2>, <107,2,2>, <108,2,3>, <109,2,1>, <110,2,1>, <111,2,2>, <112,2,4>, <113,2,2>, <114,2,1>, <115,2,1>, <116,2,1>, <118,2,1>, <119,2,2>, <121,2,5>, <122,2,3>, <123,2,1>, <126,2,1>, <128,2,2>, <129,2,2>, <130,2,1>, <131,2,5>, <134,2,4>, <136,2,4>, <137,2,2>, <138,2,1>, <139,2,1>, <142,2,1>, <143,2,3>, <145,2,3>, <149,2,1>, <150,2,2>, <151,2,1>, <153,2,2>, <154,2,2>, <155,2,1>, <157,2,2>, <158,2,1>, <159,2,1>, <160,2,2>, <163,2,1>, <164,2,1>, <165,2,1>, <167,2,1>, <168,2,1>, <171,2,2>, <172,2,1>, <173,2,2>, <174,2,4>, <176,2,1>, <177,2,1>, <179,2,1>, <180,2,1>, <184,2,2>, <185,2,1>, <186,2,1>, <187,2,2>, <188,2,3>, <190,2,2>, <191,2,1>, <192,2,1>, <194,2,1>, <195,2,1>, <197,2,1>, <198,2,1>, <199,2,4>, <204,2,1>, <208,2,1>, <209,2,3>, <211,2,1>, <213,2,1>, <214,2,1>, <215,2,2>, <220,2,1>, <221,2,1>, <223,2,1>, <227,2,3>, <229,2,4>, <230,2,1>, <231,2,4>, <234,2,1>, <235,2,1>, <238,2,1>, <239,2,2>, <240,2,1>, <242,2,4>, <243,2,1>, <246,2,1>, <247,2,3>, <248,2,1>, <249,2,1>, <253,2,4>, <254,2,5>, <258,2,1>, <261,2,4>, <262,2,1>, <263,2,5>, <266,2,1>, <267,2,1>, <268,2,1>, <269,2,2>, <277,2,2>, <278,2,1>, <279,2,1>, <282,2,1>, <284,2,1>, <286,2,2>, <288,2,1>, <291,2,1>, <292,2,2>, <293,2,1>, <297,2,1>, <299,2,1>, <304,2,1>, <305,2,3>, <308,2,3>, <312,2,2>, <315,2,2>, <317,2,1>, <318,2,1>, <320,2,3>, <321,2,1>, <323,2,1>, <325,2,1>, <326,2,1>, <328,2,1>, <329,2,3>, <332,2,2>, <334,2,1>, <337,2,1>, <339,2,1>, <340,2,1>, <343,2,1>, <344,2,1>, <345,2,1>, <347,2,1>, <348,2,1>, <349,2,2>, <350,2,1>, <359,2,1>, <367,2,1>, <368,2,1>, <370,2,1>, <371,2,3>, <372,2,1>, <374,2,1>, <375,2,1>, <376,2,1>, <387,2,1>, <388,2,1>, <389,2,2>, <390,2,1>, <394,2,1>, <399,2,1>, <400,2,1>, <403,2,1>, <408,2,2>, <411,2,1>, <417,2,2>, <418,2,1>, <421,2,2>, <426,2,1>, <427,2,1>, <432,2,2>, <435,2,2>, <444,2,1>, <445,2,3>, <448,2,2>, <451,2,1>, <452,2,1>, <455,2,1>, <458,2,1>, <464,2,1>, <465,2,1>, <466,2,1>, <469,2,1>, <474,2,1>, <477,2,2>, <480,2,1>, <483,2,2>, <487,2,1>, <488,2,1>, <493,2,1>, <495,2,1>, <497,2,1>, <499,2,1>, <507,2,1>, <508,2,1>, <511,2,1>, <513,2,1>, <515,2,1>, <517,2,1>, <521,2,1>, <524,2,1>, <525,2,1>, <527,2,2>, <531,2,1>, <535,2,1>, <537,2,1>, <538,2,1>, <544,2,1>, <548,2,2>, <552,2,1>, <560,2,1>, <565,2,1>, <568,2,1>, <570,2,1>, <571,2,1>, <573,2,1>, <576,2,1>, <578,2,1>, <586,2,1>, <596,2,1>, <600,2,1>, <607,2,1>, <612,2,1>, <613,2,1>, <616,2,1>, <621,2,3>, <622,2,1>, <623,2,1>, <625,2,1>, <626,2,1>, <631,2,1>, <643,2,1>, <650,2,2>, <658,2,1>, <662,2,1>, <672,2,1>, <689,2,1>, <692,2,1>, <693,2,1>, <696,2,1>, <698,2,1>, <704,2,1>, <705,2,1>, <706,2,1>, <714,2,1>, <718,2,1>, <739,2,1>, <742,2,1>, <744,2,1>, <755,2,1>, <757,2,1>, <758,2,1>, <759,2,1>, <764,2,1>, <765,2,1>, <775,2,1>, <779,2,2>, <788,2,1>, <792,2,1>, <802,2,1>, <803,2,2>, <804,2,1>, <807,2,1>, <828,2,1>, <844,2,1>, <848,2,1>, <885,2,2>, <886,2,1>, <887,2,1>, <894,2,1>, <895,2,1>, <897,2,1>, <902,2,1>, <912,2,1>, <915,2,1>, <922,2,1>, <937,2,1>, <938,2,2>, <945,2,1>, <946,2,1>, <951,2,1>, <952,2,1>, <956,2,1>, <969,2,1>, <992,2,1>, <1000,2,1>, <1,5,86>, <2,5,43>, <3,5,108>, <4,5,62>, <5,5,20>, <6,5,34>, <7,5,55>, <8,5,10>, <9,5,2>, <10,5,27>, <11,5,10>, <12,5,12>, <13,5,3>, <15,5,23>, <16,5,9>, <17,5,18>, <18,5,16>, <19,5,5>, <20,5,6>, <21,5,19>, <22,5,7>, <23,5,17>, <24,5,12>, <25,5,11>, <26,5,1>, <27,5,21>, <28,5,5>, <29,5,7>, <30,5,5>, <31,5,12>, <33,5,19>, <35,5,10>, <36,5,35>, <37,5,4>, <38,5,5>, <39,5,18>, <40,5,4>, <41,5,14>, <42,5,2>, <43,5,7>, <44,5,12>, <45,5,10>, <46,5,7>, <47,5,3>, <48,5,7>, <49,5,5>, <50,5,1>, <52,5,10>, <53,5,8>, <54,5,8>, <55,5,4>, <56,5,3>, <57,5,3>, <58,5,14>, <59,5,2>, <60,5,4>, <61,5,3>, <62,5,1>, <63,5,2>, <64,5,1>, <65,5,6>, <66,5,2>, <67,5,4>, <68,5,3>, <69,5,3>, <71,5,4>, <72,5,4>, <73,5,3>, <76,5,6>, <77,5,4>, <78,5,5>, <79,5,1>, <80,5,3>, <81,5,2>, <82,5,2>, <83,5,2>, <84,5,7>, <85,5,4>, <86,5,2>, <88,5,2>, <89,5,7>, <90,5,1>, <91,5,2>, <93,5,4>, <94,5,2>, <95,5,2>, <96,5,2>, <97,5,3>, <98,5,2>, <99,5,1>, <100,5,2>, <101,5,1>, <102,5,3>, <103,5,2>, <104,5,3>, <105,5,1>, <106,5,1>, <107,5,1>, <108,5,5>, <109,5,1>, <110,5,6>, <112,5,4>, <114,5,5>, <115,5,5>, <116,5,4>, <118,5,3>, <119,5,1>, <121,5,2>, <122,5,4>, <123,5,1>, <124,5,1>, <126,5,5>, <128,5,2>, <129,5,2>, <130,5,1>, <132,5,4>, <133,5,2>, <134,5,2>, <136,5,1>, <137,5,1>, <138,5,1>, <141,5,2>, <143,5,2>, <144,5,1>, <145,5,5>, <147,5,1>, <148,5,1>, <150,5,6>, <151,5,1>, <152,5,1>, <153,5,1>, <154,5,4>, <155,5,1>, <156,5,3>, <157,5,1>, <158,5,6>, <159,5,1>, <160,5,2>, <162,5,1>, <163,5,1>, <164,5,7>, <165,5,2>, <166,5,2>, <167,5,1>, <168,5,2>, <169,5,2>, <170,5,1>, <174,5,1>, <176,5,3>, <177,5,1>, <178,5,1>, <179,5,1>, <180,5,2>, <181,5,1>, <182,5,1>, <183,5,2>, <185,5,2>, <186,5,2>, <188,5,1>, <190,5,1>, <194,5,1>, <195,5,4>, <196,5,1>, <198,5,2>, <199,5,2>, <200,5,2>, <201,5,1>, <202,5,2>, <203,5,3>, <204,5,2>, <205,5,1>, <207,5,2>, <208,5,1>, <209,5,1>, <212,5,1>, <213,5,1>, <215,5,1>, <216,5,3>, <218,5,2>, <219,5,2>, <225,5,2>, <226,5,1>, <229,5,2>, <230,5,1>, <235,5,5>, <236,5,2>, <238,5,1>, <240,5,1>, <242,5,1>, <243,5,1>, <244,5,1>, <245,5,1>, <246,5,1>, <247,5,1>, <249,5,2>, <250,5,1>, <252,5,1>, <253,5,1>, <255,5,3>, <259,5,1>, <261,5,1>, <262,5,1>, <264,5,1>, <265,5,2>, <267,5,1>, <268,5,1>, <274,5,3>, <275,5,1>, <277,5,1>, <279,5,1>, <285,5,1>, <286,5,1>, <290,5,1>, <291,5,1>, <292,5,1>, <294,5,1>, <296,5,1>, <298,5,1>, <299,5,1>, <302,5,1>, <303,5,1>, <306,5,1>, <307,5,2>, <308,5,1>, <309,5,1>, <313,5,4>, <314,5,1>, <321,5,1>, <324,5,1>, <325,5,1>, <329,5,2>, <331,5,2>, <333,5,1>, <334,5,1>, <335,5,1>, <338,5,2>, <342,5,1>, <345,5,1>, <346,5,1>, <348,5,1>, <350,5,1>, <351,5,1>, <352,5,1>, <353,5,1>, <355,5,1>, <363,5,1>, <366,5,1>, <368,5,1>, <372,5,1>, <374,5,1>, <376,5,2>, <377,5,1>, <379,5,1>, <386,5,1>, <387,5,1>, <388,5,1>, <389,5,1>, <390,5,1>, <391,5,2>, <392,5,1>, <394,5,1>, <399,5,1>, <408,5,1>, <409,5,1>, <410,5,1>, <411,5,1>, <412,5,1>, <414,5,1>, <415,5,1>, <416,5,1>, <417,5,1>, <420,5,2>, <421,5,3>, <423,5,1>, <424,5,1>, <428,5,1>, <430,5,1>, <442,5,1>, <444,5,2>, <445,5,1>, <449,5,1>, <464,5,1>, <466,5,2>, <473,5,1>, <475,5,1>, <476,5,1>, <480,5,1>, <482,5,1>, <483,5,1>, <484,5,1>, <487,5,1>, <488,5,1>, <491,5,1>, <493,5,1>, <494,5,1>, <495,5,1>, <496,5,1>, <497,5,1>, <498,5,1>, <499,5,2>, <508,5,1>, <509,5,1>, <512,5,1>, <515,5,1>, <516,5,1>, <517,5,1>, <520,5,1>, <521,5,1>, <524,5,1>, <525,5,2>, <534,5,1>, <544,5,1>, <546,5,1>, <555,5,1>, <558,5,1>, <559,5,1>, <560,5,2>, <568,5,1>, <571,5,1>, <574,5,1>, <584,5,1>, <585,5,1>, <589,5,1>, <592,5,1>, <612,5,1>, <615,5,2>, <616,5,3>, <621,5,1>, <630,5,1>, <635,5,1>, <639,5,1>, <643,5,1>, <646,5,1>, <651,5,1>, <664,5,1>, <666,5,1>, <670,5,1>, <676,5,1>, <677,5,1>, <698,5,1>, <699,5,1>, <701,5,1>, <704,5,1>, <705,5,1>, <706,5,1>, <709,5,1>, <711,5,1>, <718,5,1>, <724,5,1>, <725,5,1>, <741,5,1>, <751,5,2>, <752,5,1>, <768,5,1>, <778,5,1>, <779,5,1>, <784,5,1>, <785,5,1>, <789,5,1>, <797,5,1>, <799,5,1>, <802,5,1>, <807,5,1>, <808,5,2>, <816,5,1>, <822,5,1>, <831,5,1>, <834,5,2>, <840,5,1>, <844,5,1>, <855,5,1>, <861,5,1>, <875,5,1>, <882,5,1>, <894,5,1>, <897,5,1>, <900,5,1>, <908,5,1>, <912,5,1>, <914,5,1>, <916,5,1>, <920,5,1>, <926,5,1>, <939,5,1>, <945,5,1>, <951,5,1>, <954,5,1>, <956,5,1>, <957,5,1>, <962,5,1>, <968,5,1>, <975,5,1>, <984,5,1>, <988,5,1>, <996,5,2>, <1,8,117>, <2,8,2>, <3,8,54>, <4,8,49>, <5,8,15>, <6,8,36>, <7,8,44>, <8,8,27>, <9,8,9>, <10,8,2>, <11,8,5>, <12,8,11>, <13,8,1>, <14,8,11>, <15,8,6>, <16,8,4>, <17,8,2>, <18,8,19>, <19,8,32>, <20,8,1>, <21,8,9>, <22,8,28>, <23,8,6>, <24,8,19>, <26,8,15>, <27,8,1>, <28,8,12>, <29,8,6>, <30,8,7>, <31,8,6>, <32,8,16>, <33,8,3>, <34,8,2>, <35,8,7>, <36,8,16>, <38,8,4>, <39,8,3>, <40,8,5>, <41,8,16>, <42,8,6>, <43,8,8>, <44,8,3>, <45,8,6>, <46,8,2>, <47,8,7>, <48,8,8>, <49,8,2>, <50,8,1>, <51,8,3>, <52,8,1>, <53,8,5>, <54,8,6>, <55,8,1>, <56,8,3>, <57,8,17>, <58,8,2>, <59,8,1>, <60,8,2>, <61,8,1>, <62,8,3>, <63,8,6>, <64,8,1>, <65,8,7>, <66,8,10>, <67,8,2>, <69,8,1>, <70,8,2>, <71,8,2>, <72,8,2>, <74,8,5>, <75,8,2>, <76,8,1>, <78,8,1>, <79,8,2>, <80,8,3>, <81,8,1>, <82,8,4>, <84,8,1>, <85,8,6>, <86,8,2>, <87,8,5>, <88,8,1>, <89,8,3>, <90,8,1>, <92,8,9>, <93,8,5>, <94,8,1>, <95,8,1>, <96,8,1>, <97,8,1>, <98,8,1>, <99,8,2>, <100,8,5>, <101,8,3>, <102,8,1>, <103,8,3>, <104,8,2>, <106,8,2>, <107,8,4>, <109,8,1>, <110,8,2>, <112,8,2>, <113,8,4>, <115,8,1>, <116,8,3>, <118,8,4>, <120,8,5>, <121,8,2>, <122,8,1>, <123,8,1>, <124,8,1>, <126,8,2>, <127,8,4>, <128,8,2>, <129,8,6>, <130,8,2>, <131,8,2>, <132,8,2>, <134,8,1>, <135,8,1>, <136,8,1>, <138,8,1>, <139,8,1>, <140,8,2>, <141,8,1>, <144,8,2>, <147,8,4>, <148,8,1>, <149,8,1>, <150,8,3>, <152,8,6>, <153,8,1>, <154,8,1>, <155,8,1>, <156,8,4>, <158,8,1>, <160,8,1>, <162,8,3>, <163,8,1>, <164,8,2>, <165,8,7>, <167,8,2>, <168,8,3>, <169,8,7>, <172,8,5>, <173,8,1>, <176,8,2>, <177,8,1>, <178,8,4>, <179,8,2>, <180,8,1>, <181,8,3>, <182,8,1>, <183,8,2>, <185,8,2>, <187,8,1>, <188,8,1>, <190,8,1>, <191,8,2>, <192,8,1>, <193,8,1>, <195,8,1>, <197,8,1>, <198,8,2>, <199,8,3>, <202,8,1>, <203,8,2>, <205,8,3>, <207,8,1>, <211,8,1>, <212,8,2>, <214,8,1>, <215,8,1>, <216,8,2>, <218,8,2>, <219,8,3>, <220,8,3>, <222,8,1>, <223,8,2>, <226,8,1>, <228,8,1>, <229,8,1>, <230,8,1>, <232,8,1>, <233,8,2>, <235,8,1>, <237,8,1>, <239,8,1>, <240,8,1>, <242,8,1>, <243,8,2>, <244,8,1>, <245,8,1>, <246,8,1>, <247,8,1>, <249,8,3>, <250,8,1>, <251,8,1>, <252,8,1>, <254,8,1>, <261,8,2>, <263,8,1>, <264,8,4>, <265,8,2>, <266,8,1>, <267,8,1>, <268,8,1>, <269,8,3>, <270,8,3>, <271,8,1>, <272,8,1>, <274,8,1>, <275,8,2>, <279,8,4>, <280,8,5>, <282,8,1>, <283,8,1>, <285,8,2>, <286,8,1>, <288,8,1>, <289,8,1>, <290,8,1>, <293,8,1>, <294,8,1>, <295,8,1>, <297,8,2>, <300,8,1>, <302,8,1>, <303,8,1>, <304,8,1>, <308,8,1>, <312,8,1>, <314,8,1>, <316,8,1>, <317,8,1>, <319,8,1>, <321,8,1>, <322,8,1>, <325,8,1>, <327,8,1>, <328,8,1>, <333,8,1>, <338,8,1>, <339,8,1>, <340,8,1>, <341,8,2>, <342,8,1>, <344,8,1>, <345,8,1>, <347,8,1>, <350,8,1>, <351,8,1>, <352,8,1>, <353,8,1>, <354,8,1>, <358,8,1>, <363,8,1>, <366,8,1>, <367,8,3>, <368,8,1>, <376,8,1>, <378,8,1>, <379,8,1>, <382,8,1>, <383,8,1>, <384,8,1>, <390,8,1>, <391,8,1>, <392,8,1>, <397,8,1>, <399,8,1>, <400,8,1>, <402,8,1>, <403,8,1>, <405,8,1>, <413,8,1>, <417,8,1>, <420,8,1>, <422,8,1>, <425,8,2>, <429,8,1>, <432,8,1>, <435,8,1>, <437,8,1>, <442,8,1>, <443,8,1>, <444,8,1>, <447,8,1>, <448,8,1>, <451,8,1>, <452,8,1>, <453,8,1>, <458,8,1>, <461,8,1>, <462,8,1>, <464,8,1>, <466,8,1>, <469,8,1>, <472,8,1>, <475,8,1>, <477,8,1>, <478,8,1>, <482,8,1>, <484,8,1>, <485,8,1>, <492,8,1>, <496,8,1>, <497,8,1>, <499,8,1>, <505,8,2>, <507,8,2>, <509,8,2>, <511,8,1>, <512,8,1>, <513,8,3>, <516,8,1>, <517,8,1>, <520,8,2>, <521,8,1>, <523,8,1>, <524,8,1>, <525,8,1>, <526,8,1>, <539,8,1>, <547,8,1>, <548,8,1>, <549,8,1>, <558,8,1>, <559,8,1>, <560,8,1>, <561,8,2>, <565,8,1>, <570,8,1>, <571,8,1>, <573,8,1>, <580,8,1>, <584,8,1>, <592,8,1>, <594,8,1>, <598,8,1>, <600,8,2>, <601,8,1>, <605,8,1>, <611,8,1>, <612,8,1>, <613,8,1>, <615,8,1>, <616,8,3>, <618,8,1>, <622,8,1>, <625,8,4>, <629,8,1>, <643,8,2>, <651,8,1>, <654,8,1>, <655,8,1>, <664,8,1>, <671,8,1>, <676,8,1>, <682,8,1>, <697,8,1>, <699,8,1>, <701,8,1>, <705,8,1>, <709,8,1>, <714,8,1>, <716,8,1>, <727,8,1>, <731,8,1>, <735,8,1>, <739,8,1>, <744,8,2>, <750,8,1>, <751,8,1>, <754,8,1>, <755,8,1>, <757,8,1>, <758,8,1>, <768,8,1>, <770,8,1>, <773,8,1>, <779,8,1>, <781,8,1>, <788,8,1>, <792,8,1>, <796,8,1>, <797,8,1>, <798,8,1>, <801,8,1>, <805,8,1>, <806,8,1>, <808,8,1>, <812,8,1>, <818,8,1>, <826,8,1>, <833,8,1>, <840,8,1>, <845,8,1>, <849,8,1>, <852,8,1>, <853,8,1>, <867,8,1>, <883,8,1>, <885,8,2>, <890,8,1>, <903,8,2>, <905,8,1>, <908,8,1>, <927,8,1>, <938,8,1>, <940,8,1>, <942,8,1>, <947,8,1>, <951,8,1>, <955,8,1>, <968,8,1>, <975,8,1>, <978,8,1>, <1,6,262>, <2,6,28>, <3,6,11>, <4,6,32>, <5,6,4>, <6,6,7>, <7,6,13>, <8,6,47>, <9,6,29>, <10,6,57>, <11,6,71>, <12,6,3>, <13,6,11>, <14,6,11>, <15,6,31>, <17,6,27>, <18,6,31>, <19,6,18>, <20,6,13>, <21,6,9>, <22,6,23>, <23,6,21>, <24,6,5>, <25,6,28>, <26,6,6>, <27,6,1>, <28,6,6>, <29,6,1>, <30,6,9>, <31,6,2>, <32,6,13>, <33,6,2>, <34,6,2>, <35,6,1>, <36,6,8>, <37,6,1>, <38,6,19>, <39,6,1>, <40,6,7>, <42,6,2>, <43,6,2>, <44,6,2>, <46,6,1>, <47,6,1>, <48,6,2>, <49,6,1>, <50,6,1>, <51,6,1>, <52,6,4>, <53,6,2>, <54,6,3>, <56,6,2>, <57,6,8>, <58,6,7>, <59,6,4>, <60,6,4>, <61,6,6>, <62,6,2>, <63,6,4>, <64,6,12>, <65,6,2>, <66,6,1>, <67,6,3>, <68,6,8>, <69,6,1>, <70,6,1>, <72,6,1>, <73,6,1>, <75,6,1>, <76,6,1>, <77,6,1>, <78,6,1>, <79,6,3>, <80,6,1>, <81,6,2>, <82,6,3>, <83,6,4>, <84,6,1>, <85,6,5>, <86,6,3>, <87,6,6>, <89,6,1>, <93,6,3>, <97,6,5>, <98,6,4>, <99,6,9>, <101,6,2>, <102,6,3>, <104,6,2>, <105,6,1>, <106,6,2>, <107,6,1>, <108,6,3>, <109,6,2>, <111,6,5>, <112,6,2>, <113,6,1>, <115,6,1>, <117,6,3>, <118,6,1>, <120,6,1>, <121,6,1>, <122,6,1>, <123,6,5>, <124,6,5>, <126,6,6>, <128,6,1>, <129,6,1>, <130,6,2>, <133,6,5>, <134,6,1>, <135,6,1>, <136,6,1>, <137,6,2>, <138,6,1>, <140,6,1>, <141,6,1>, <142,6,1>, <143,6,1>, <144,6,5>, <145,6,2>, <147,6,2>, <148,6,1>, <149,6,3>, <150,6,4>, <151,6,1>, <153,6,1>, <154,6,2>, <155,6,3>, <156,6,1>, <157,6,5>, <158,6,2>, <160,6,2>, <161,6,2>, <162,6,1>, <163,6,2>, <165,6,1>, <166,6,2>, <169,6,1>, <170,6,2>, <173,6,1>, <174,6,1>, <175,6,1>, <176,6,2>, <178,6,2>, <179,6,2>, <180,6,1>, <182,6,2>, <183,6,1>, <184,6,2>, <185,6,2>, <187,6,1>, <189,6,1>, <191,6,1>, <193,6,1>, <194,6,1>, <195,6,1>, <197,6,2>, <200,6,1>, <201,6,1>, <203,6,1>, <205,6,3>, <206,6,1>, <207,6,1>, <209,6,1>, <211,6,1>, <212,6,2>, <213,6,1>, <214,6,2>, <215,6,1>, <217,6,2>, <218,6,2>, <219,6,1>, <220,6,2>, <221,6,1>, <222,6,4>, <223,6,1>, <225,6,1>, <227,6,1>, <228,6,2>, <230,6,1>, <231,6,1>, <233,6,1>, <234,6,1>, <235,6,1>, <236,6,1>, <239,6,1>, <241,6,2>, <248,6,1>, <249,6,2>, <250,6,1>, <253,6,1>, <254,6,2>, <257,6,1>, <258,6,1>, <259,6,1>, <260,6,3>, <263,6,2>, <268,6,1>, <271,6,1>, <272,6,1>, <274,6,1>, <275,6,1>, <276,6,1>, <278,6,1>, <280,6,1>, <282,6,1>, <284,6,3>, <285,6,2>, <287,6,2>, <288,6,1>, <290,6,2>, <293,6,1>, <295,6,1>, <297,6,1>, <298,6,1>, <301,6,2>, <302,6,1>, <303,6,1>, <308,6,2>, <313,6,1>, <314,6,1>, <315,6,1>, <316,6,2>, <323,6,1>, <325,6,2>, <328,6,2>, <329,6,1>, <331,6,1>, <332,6,1>, <333,6,1>, <334,6,1>, <337,6,1>, <339,6,1>, <340,6,1>, <341,6,1>, <342,6,1>, <343,6,1>, <344,6,1>, <345,6,1>, <351,6,1>, <353,6,1>, <354,6,1>, <356,6,1>, <358,6,2>, <361,6,1>, <363,6,1>, <364,6,1>, <366,6,1>, <368,6,1>, <374,6,1>, <378,6,1>, <379,6,1>, <382,6,1>, <384,6,2>, <389,6,2>, <391,6,1>, <394,6,2>, <395,6,1>, <397,6,1>, <400,6,1>, <403,6,1>, <405,6,1>, <408,6,1>, <410,6,1>, <412,6,1>, <415,6,1>, <417,6,2>, <418,6,1>, <420,6,1>, <421,6,1>, <424,6,2>, <426,6,1>, <432,6,2>, <435,6,1>, <440,6,1>, <443,6,2>, <447,6,1>, <450,6,2>, <452,6,1>, <453,6,1>, <459,6,1>, <463,6,1>, <464,6,2>, <466,6,1>, <467,6,1>, <469,6,1>, <471,6,1>, <472,6,1>, <474,6,1>, <477,6,1>, <478,6,1>, <483,6,1>, <484,6,1>, <490,6,1>, <492,6,1>, <495,6,2>, <496,6,1>, <498,6,1>, <499,6,1>, <505,6,1>, <506,6,1>, <507,6,1>, <509,6,1>, <513,6,1>, <516,6,1>, <520,6,1>, <522,6,1>, <526,6,1>, <527,6,2>, <528,6,1>, <532,6,1>, <534,6,1>, <537,6,1>, <538,6,1>, <539,6,1>, <548,6,1>, <550,6,1>, <553,6,1>, <556,6,1>, <560,6,1>, <561,6,1>, <573,6,1>, <576,6,1>, <585,6,1>, <588,6,1>, <592,6,1>, <604,6,1>, <607,6,1>, <609,6,2>, <618,6,1>, <619,6,1>, <621,6,1>, <623,6,1>, <629,6,1>, <645,6,1>, <652,6,1>, <656,6,1>, <657,6,1>, <665,6,1>, <678,6,1>, <682,6,1>, <685,6,1>, <686,6,1>, <688,6,1>, <692,6,1>, <702,6,1>, <706,6,1>, <716,6,1>, <727,6,1>, <738,6,1>, <746,6,1>, <753,6,1>, <754,6,1>, <759,6,1>, <760,6,1>, <766,6,1>, <775,6,1>, <776,6,1>, <778,6,1>, <789,6,1>, <799,6,1>, <803,6,1>, <804,6,1>, <807,6,1>, <818,6,2>, <821,6,2>, <826,6,1>, <828,6,1>, <837,6,1>, <851,6,1>, <876,6,1>, <895,6,1>, <900,6,2>, <907,6,1>, <908,6,1>, <911,6,1>, <928,6,2>, <933,6,1>, <938,6,1>, <947,6,1>, <951,6,1>, <952,6,5>, <966,6,1>, <969,6,1>, <973,6,1>, <984,6,1>, <987,6,1>, <1,1,7>, <2,1,491>, <3,1,67>, <4,1,50>, <5,1,80>, <6,1,10>, <7,1,19>, <8,1,28>, <9,1,41>, <10,1,5>, <11,1,23>, <12,1,33>, <13,1,4>, <14,1,9>, <15,1,26>, <16,1,7>, <18,1,23>, <19,1,3>, <20,1,9>, <21,1,15>, <22,1,11>, <25,1,3>, <26,1,17>, <27,1,11>, <28,1,16>, <29,1,1>, <30,1,3>, <31,1,7>, <32,1,3>, <33,1,4>, <34,1,1>, <36,1,1>, <37,1,6>, <38,1,1>, <39,1,1>, <41,1,2>, <42,1,12>, <43,1,13>, <44,1,17>, <45,1,4>, <46,1,5>, <47,1,6>, <48,1,4>, <49,1,2>, <51,1,3>, <52,1,3>, <53,1,1>, <54,1,7>, <55,1,4>, <56,1,2>, <57,1,4>, <58,1,2>, <59,1,8>, <60,1,12>, <61,1,4>, <62,1,8>, <64,1,1>, <66,1,7>, <67,1,2>, <68,1,1>, <69,1,4>, <71,1,4>, <73,1,2>, <74,1,1>, <75,1,7>, <77,1,1>, <78,1,2>, <79,1,4>, <80,1,6>, <81,1,2>, <83,1,2>, <84,1,4>, <85,1,3>, <86,1,1>, <87,1,6>, <88,1,1>, <90,1,1>, <91,1,4>, <92,1,3>, <93,1,1>, <94,1,3>, <95,1,1>, <97,1,1>, <99,1,2>, <100,1,3>, <101,1,1>, <102,1,6>, <104,1,2>, <105,1,2>, <106,1,6>, <107,1,3>, <108,1,2>, <110,1,5>, <111,1,4>, <113,1,1>, <114,1,5>, <115,1,2>, <117,1,2>, <118,1,1>, <121,1,3>, <123,1,1>, <124,1,2>, <125,1,2>, <126,1,1>, <127,1,1>, <128,1,5>, <130,1,1>, <131,1,1>, <132,1,4>, <134,1,1>, <135,1,3>, <137,1,2>, <139,1,1>, <141,1,1>, <143,1,1>, <146,1,1>, <147,1,1>, <149,1,6>, <150,1,1>, <151,1,2>, <154,1,1>, <155,1,2>, <156,1,2>, <157,1,3>, <158,1,1>, <160,1,1>, <162,1,2>, <164,1,1>, <167,1,1>, <168,1,1>, <170,1,2>, <172,1,2>, <174,1,2>, <175,1,3>, <176,1,4>, <178,1,6>, <180,1,1>, <181,1,2>, <183,1,1>, <184,1,3>, <185,1,1>, <187,1,1>, <188,1,2>, <189,1,1>, <190,1,2>, <192,1,1>, <195,1,1>, <197,1,1>, <199,1,1>, <201,1,2>, <203,1,4>, <204,1,1>, <206,1,1>, <210,1,1>, <213,1,3>, <214,1,1>, <215,1,1>, <217,1,1>, <218,1,1>, <219,1,2>, <220,1,1>, <223,1,1>, <225,1,2>, <226,1,2>, <229,1,1>, <230,1,2>, <231,1,2>, <233,1,1>, <235,1,1>, <240,1,1>, <241,1,1>, <242,1,1>, <245,1,1>, <247,1,1>, <248,1,2>, <250,1,3>, <251,1,1>, <253,1,1>, <254,1,1>, <256,1,1>, <257,1,2>, <258,1,3>, <259,1,1>, <262,1,1>, <263,1,1>, <274,1,1>, <276,1,1>, <277,1,1>, <281,1,1>, <282,1,1>, <283,1,3>, <285,1,3>, <286,1,1>, <287,1,1>, <291,1,1>, <292,1,1>, <293,1,1>, <295,1,1>, <299,1,1>, <303,1,2>, <305,1,1>, <306,1,1>, <307,1,1>, <309,1,1>, <310,1,1>, <313,1,1>, <314,1,1>, <319,1,1>, <320,1,1>, <322,1,1>, <323,1,1>, <329,1,2>, <330,1,3>, <335,1,2>, <336,1,1>, <337,1,1>, <339,1,1>, <340,1,2>, <343,1,2>, <344,1,2>, <347,1,2>, <348,1,1>, <349,1,2>, <352,1,1>, <357,1,1>, <360,1,1>, <364,1,1>, <365,1,2>, <366,1,1>, <367,1,1>, <369,1,2>, <372,1,2>, <373,1,1>, <374,1,1>, <377,1,1>, <381,1,1>, <383,1,1>, <386,1,2>, <387,1,1>, <394,1,1>, <395,1,2>, <396,1,1>, <400,1,1>, <403,1,1>, <412,1,1>, <414,1,2>, <415,1,1>, <417,1,1>, <418,1,1>, <427,1,1>, <430,1,1>, <438,1,2>, <440,1,1>, <444,1,1>, <447,1,1>, <450,1,1>, <453,1,1>, <458,1,2>, <461,1,1>, <462,1,1>, <463,1,1>, <466,1,2>, <467,1,3>, <469,1,1>, <474,1,1>, <478,1,2>, <481,1,2>, <486,1,1>, <487,1,2>, <488,1,1>, <490,1,1>, <493,1,1>, <497,1,1>, <499,1,1>, <506,1,1>, <509,1,1>, <514,1,1>, <515,1,1>, <517,1,1>, <521,1,2>, <525,1,2>, <526,1,1>, <529,1,2>, <530,1,1>, <532,1,1>, <535,1,2>, <541,1,1>, <544,1,1>, <545,1,1>, <550,1,1>, <553,1,1>, <556,1,2>, <557,1,1>, <559,1,1>, <563,1,1>, <564,1,2>, <568,1,1>, <574,1,3>, <580,1,1>, <582,1,1>, <584,1,1>, <589,1,4>, <600,1,1>, <601,1,1>, <606,1,1>, <615,1,1>, <619,1,1>, <623,1,1>, <631,1,1>, <645,1,1>, <647,1,1>, <650,1,1>, <651,1,1>, <655,1,1>, <656,1,1>, <657,1,1>, <659,1,1>, <668,1,1>, <678,1,1>, <687,1,1>, <691,1,1>, <696,1,1>, <699,1,1>, <702,1,1>, <705,1,1>, <706,1,1>, <713,1,1>, <718,1,1>, <727,1,1>, <739,1,1>, <746,1,1>, <750,1,1>, <757,1,1>, <765,1,1>, <786,1,1>, <791,1,1>, <792,1,1>, <798,1,1>, <799,1,1>, <803,1,1>, <807,1,1>, <808,1,1>, <818,1,2>, <837,1,1>, <840,1,1>, <846,1,1>, <847,1,1>, <851,1,1>, <858,1,1>, <861,1,1>, <885,1,1>, <887,1,1>, <897,1,1>, <908,1,1>, <930,1,1>, <933,1,2>, <938,1,1>, <968,1,1> };

MaxCacheStorageAtSingleAS= [ 1312.5  1312.5  1312.5  1312.5  1312.5  1312.5  1312.5  1312.5  1312.5  1312.5 ] ;

MaxCacheStorage = 13125 ;
SolutionGap = 0.01 ;
