
ASes= { 1, 2, 3, 4, 5 } ;


Objects= { 1, 2, 3, 4, 5, 6, 7, 8, 9, 10, 11, 12, 13, 14, 15, 16, 17, 18, 19, 20, 21, 22, 23, 24, 25, 26, 27, 28, 29, 30, 31, 32, 33, 34, 35, 36, 37, 38, 39, 40, 41, 42, 43, 44, 45, 46, 47, 48, 49, 50, 51, 52, 53, 54, 55, 56, 57, 58, 59, 60, 61, 62, 63, 64, 65, 66, 67, 68, 69, 70, 71, 72, 73, 74, 75, 76, 77, 78, 79, 80, 81, 82, 83, 84, 85, 86, 87, 88, 89, 90, 91, 92, 93, 94, 95, 96, 97, 98, 99, 100, 101, 102, 103, 104, 105, 106, 107, 108, 109, 110, 111, 112, 113, 114, 115, 116, 117, 118, 119, 120, 121, 122, 123, 124, 125, 126, 127, 128, 129, 130, 131, 132, 133, 134, 135, 136, 137, 138, 139, 140, 141, 142, 143, 144, 145, 146, 147, 148, 149, 150, 151, 152, 153, 154, 155, 156, 157, 158, 159, 160, 161, 162, 163, 164, 165, 166, 167, 168, 169, 170, 171, 172, 173, 174, 175, 176, 177, 178, 179, 180, 181, 182, 183, 184, 185, 186, 187, 188, 189, 190, 191, 192, 193, 194, 195, 196, 197, 198, 199, 200, 201, 202, 203, 204, 205, 206, 207, 208, 209, 210, 211, 212, 213, 214, 215, 216, 217, 218, 219, 220, 221, 222, 223, 224, 225, 226, 227, 228, 229, 230, 231, 232, 233, 234, 235, 236, 237, 238, 239, 240, 241, 242, 243, 244, 245, 246, 247, 248, 249, 250, 251, 252, 253, 254, 255, 256, 257, 258, 259, 260, 261, 262, 263, 264, 265, 266, 267, 268, 269, 270, 271, 272, 273, 274, 275, 276, 277, 278, 279, 280, 281, 282, 283, 284, 285, 286, 287, 288, 289, 290, 291, 292, 293, 294, 295, 296, 297, 298, 299, 300, 301, 302, 303, 304, 305, 306, 307, 308, 309, 310, 311, 312, 313, 314, 315, 316, 317, 318, 319, 320, 321, 322, 323, 324, 325, 326, 327, 328, 329, 330, 331, 332, 333, 334, 335, 336, 337, 338, 339, 340, 341, 342, 343, 344, 345, 346, 347, 348, 349, 350, 351, 352, 353, 354, 355, 356, 357, 358, 359, 360, 361, 362, 363, 364, 365, 366, 367, 368, 369, 370, 371, 372, 373, 374, 375, 376, 377, 378, 379, 380, 381, 382, 383, 384, 385, 386, 387, 388, 389, 390, 391, 392, 393, 394, 395, 396, 397, 398, 399, 400, 401, 402, 403, 404, 405, 406, 407, 408, 409, 410, 411, 412, 413, 414, 415, 416, 417, 418, 419, 420, 421, 422, 423, 424, 425, 426, 427, 428, 429, 430, 431, 432, 433, 434, 435, 436, 437, 438, 439, 440, 441, 442, 443, 444, 445, 446, 447, 448, 449, 450, 451, 452, 453, 454, 455, 456, 457, 458, 459, 460, 461, 462, 463, 464, 465, 466, 467, 468, 469, 470, 471, 472, 473, 474, 475, 476, 477, 478, 479, 480, 481, 482, 483, 484, 485, 486, 487, 488, 489, 490, 491, 492, 493, 494, 495, 496, 497, 498, 499, 500, 501, 502, 503, 504, 505, 506, 507, 508, 509, 510, 511, 512, 513, 514, 515, 516, 517, 518, 519, 520, 521, 522, 523, 524, 525, 526, 527, 528, 529, 530, 531, 532, 533, 534, 535, 536, 537, 538, 539, 540, 541, 542, 543, 544, 545, 546, 547, 548, 549, 550, 551, 552, 553, 554, 555, 556, 557, 558, 559, 560, 561, 562, 563, 564, 565, 566, 567, 568, 569, 570, 571, 572, 573, 574, 575, 576, 577, 578, 579, 580, 581, 582, 583, 584, 585, 586, 587, 588, 589, 590, 591, 592, 593, 594, 595, 596, 597, 598, 599, 600, 601, 602, 603, 604, 605, 606, 607, 608, 609, 610, 611, 612, 613, 614, 615, 616, 617, 618, 619, 620, 621, 622, 623, 624, 625, 626, 627, 628, 629, 630, 631, 632, 633, 634, 635, 636, 637, 638, 639, 640, 641, 642, 643, 644, 645, 646, 647, 648, 649, 650, 651, 652, 653, 654, 655, 656, 657, 658, 659, 660, 661, 662, 663, 664, 665, 666, 667, 668, 669, 670, 671, 672, 673, 674, 675, 676, 677, 678, 679, 680, 681, 682, 683, 684, 685, 686, 687, 688, 689, 690, 691, 692, 693, 694, 695, 696, 697, 698, 699, 700, 701, 702, 703, 704, 705, 706, 707, 708, 709, 710, 711, 712, 713, 714, 715, 716, 717, 718, 719, 720, 721, 722, 723, 724, 725, 726, 727, 728, 729, 730, 731, 732, 733, 734, 735, 736, 737, 738, 739, 740, 741, 742, 743, 744, 745, 746, 747, 748, 749, 750, 751, 752, 753, 754, 755, 756, 757, 758, 759, 760, 761, 762, 763, 764, 765, 766, 767, 768, 769, 770, 771, 772, 773, 774, 775, 776, 777, 778, 779, 780, 781, 782, 783, 784, 785, 786, 787, 788, 789, 790, 791, 792, 793, 794, 795, 796, 797, 798, 799, 800, 801, 802, 803, 804, 805, 806, 807, 808, 809, 810, 811, 812, 813, 814, 815, 816, 817, 818, 819, 820, 821, 822, 823, 824, 825, 826, 827, 828, 829, 830, 831, 832, 833, 834, 835, 836, 837, 838, 839, 840, 841, 842, 843, 844, 845, 846, 847, 848, 849, 850, 851, 852, 853, 854, 855, 856, 857, 858, 859, 860, 861, 862, 863, 864, 865, 866, 867, 868, 869, 870, 871, 872, 873, 874, 875, 876, 877, 878, 879, 880, 881, 882, 883, 884, 885, 886, 887, 888, 889, 890, 891, 892, 893, 894, 895, 896, 897, 898, 899, 900, 901, 902, 903, 904, 905, 906, 907, 908, 909, 910, 911, 912, 913, 914, 915, 916, 917, 918, 919, 920, 921, 922, 923, 924, 925, 926, 927, 928, 929, 930, 931, 932, 933, 934, 935, 936, 937, 938, 939, 940, 941, 942, 943, 944, 945, 946, 947, 948, 949, 950, 951, 952, 953, 954, 955, 956, 957, 958, 959, 960, 961, 962, 963, 964, 965, 966, 967, 968, 969, 970, 971, 972, 973, 974, 975, 976, 977, 978, 979, 980, 981, 982, 983, 984, 985, 986, 987, 988, 989, 990, 991, 992, 993, 994, 995, 996, 997, 998, 999, 1000 } ;


QualityLevels= { 0, 1, 2, 3, 4, 5 } ;

Arcs = { <1,2,490000>, <2,1,490000>,<1,3,490000>, <3,1,490000>,<1,4,490000>, <4,1,490000>,<2,5,490000>, <5,2,490000> }; 


RatePerQuality= [ 0  300  700  1500  2500  3500 ] ;


CacheSpacePerQuality= [ 10000  11.25  26.25  56.25  93.75  131.25 ] ;


UtilityPerQuality= [ 0  0.2  0.4  0.6  0.8  1 ] ;


ObjectsPublishedByProducers=[ [ 0  0  1  0  0 ]  [ 1  0  0  0  0 ]  [ 0  1  0  0  0 ]  [ 0  0  0  1  0 ]  [ 0  0  0  0  1 ]  [ 0  0  0  0  1 ]  [ 0  1  0  0  0 ]  [ 0  1  0  0  0 ]  [ 0  0  1  0  0 ]  [ 0  0  1  0  0 ]  [ 1  0  0  0  0 ]  [ 0  0  0  0  1 ]  [ 0  1  0  0  0 ]  [ 0  0  1  0  0 ]  [ 0  0  0  0  1 ]  [ 0  1  0  0  0 ]  [ 0  0  0  1  0 ]  [ 1  0  0  0  0 ]  [ 1  0  0  0  0 ]  [ 0  0  1  0  0 ]  [ 0  0  1  0  0 ]  [ 0  0  0  0  1 ]  [ 1  0  0  0  0 ]  [ 0  0  0  1  0 ]  [ 0  0  0  1  0 ]  [ 0  0  0  0  1 ]  [ 0  0  1  0  0 ]  [ 0  0  0  1  0 ]  [ 0  0  0  0  1 ]  [ 0  0  0  0  1 ]  [ 0  0  0  1  0 ]  [ 0  0  0  1  0 ]  [ 0  0  0  1  0 ]  [ 0  0  0  0  1 ]  [ 0  0  0  1  0 ]  [ 0  0  1  0  0 ]  [ 1  0  0  0  0 ]  [ 0  0  0  0  1 ]  [ 0  1  0  0  0 ]  [ 0  0  1  0  0 ]  [ 1  0  0  0  0 ]  [ 1  0  0  0  0 ]  [ 0  0  1  0  0 ]  [ 0  0  0  1  0 ]  [ 0  1  0  0  0 ]  [ 0  1  0  0  0 ]  [ 1  0  0  0  0 ]  [ 0  0  0  0  1 ]  [ 1  0  0  0  0 ]  [ 0  1  0  0  0 ]  [ 0  0  0  1  0 ]  [ 0  0  0  0  1 ]  [ 1  0  0  0  0 ]  [ 1  0  0  0  0 ]  [ 0  0  0  0  1 ]  [ 0  0  0  0  1 ]  [ 0  0  1  0  0 ]  [ 0  0  0  1  0 ]  [ 0  1  0  0  0 ]  [ 0  0  0  0  1 ]  [ 0  0  1  0  0 ]  [ 0  0  0  0  1 ]  [ 0  1  0  0  0 ]  [ 0  1  0  0  0 ]  [ 0  0  0  1  0 ]  [ 0  0  0  0  1 ]  [ 0  0  0  0  1 ]  [ 0  1  0  0  0 ]  [ 0  0  0  0  1 ]  [ 0  0  0  1  0 ]  [ 0  0  0  0  1 ]  [ 0  0  1  0  0 ]  [ 0  0  1  0  0 ]  [ 0  1  0  0  0 ]  [ 1  0  0  0  0 ]  [ 0  0  0  0  1 ]  [ 0  0  0  1  0 ]  [ 0  0  1  0  0 ]  [ 0  0  0  0  1 ]  [ 1  0  0  0  0 ]  [ 0  1  0  0  0 ]  [ 0  0  0  0  1 ]  [ 1  0  0  0  0 ]  [ 0  0  0  1  0 ]  [ 0  0  0  0  1 ]  [ 1  0  0  0  0 ]  [ 0  0  0  0  1 ]  [ 0  0  0  0  1 ]  [ 0  0  0  1  0 ]  [ 0  0  0  0  1 ]  [ 1  0  0  0  0 ]  [ 0  0  1  0  0 ]  [ 0  1  0  0  0 ]  [ 1  0  0  0  0 ]  [ 1  0  0  0  0 ]  [ 0  1  0  0  0 ]  [ 1  0  0  0  0 ]  [ 0  0  0  0  1 ]  [ 0  0  0  0  1 ]  [ 0  0  0  0  1 ]  [ 0  0  1  0  0 ]  [ 1  0  0  0  0 ]  [ 0  0  0  0  1 ]  [ 0  0  1  0  0 ]  [ 0  0  0  0  1 ]  [ 0  0  0  0  1 ]  [ 0  0  0  1  0 ]  [ 0  0  0  1  0 ]  [ 0  0  0  0  1 ]  [ 0  1  0  0  0 ]  [ 0  1  0  0  0 ]  [ 0  0  0  0  1 ]  [ 0  0  1  0  0 ]  [ 0  0  0  1  0 ]  [ 0  0  1  0  0 ]  [ 0  0  0  0  1 ]  [ 1  0  0  0  0 ]  [ 0  1  0  0  0 ]  [ 0  1  0  0  0 ]  [ 1  0  0  0  0 ]  [ 0  0  0  1  0 ]  [ 1  0  0  0  0 ]  [ 0  1  0  0  0 ]  [ 0  0  1  0  0 ]  [ 0  0  1  0  0 ]  [ 0  0  1  0  0 ]  [ 0  1  0  0  0 ]  [ 0  0  0  1  0 ]  [ 0  0  1  0  0 ]  [ 0  1  0  0  0 ]  [ 0  0  0  1  0 ]  [ 0  0  1  0  0 ]  [ 0  0  1  0  0 ]  [ 0  0  0  0  1 ]  [ 0  0  1  0  0 ]  [ 0  0  0  1  0 ]  [ 0  1  0  0  0 ]  [ 0  0  0  0  1 ]  [ 0  0  0  1  0 ]  [ 0  0  0  0  1 ]  [ 0  0  1  0  0 ]  [ 0  0  0  1  0 ]  [ 0  0  0  0  1 ]  [ 0  0  1  0  0 ]  [ 0  0  1  0  0 ]  [ 1  0  0  0  0 ]  [ 0  0  0  0  1 ]  [ 0  0  0  1  0 ]  [ 0  1  0  0  0 ]  [ 1  0  0  0  0 ]  [ 0  0  1  0  0 ]  [ 0  0  1  0  0 ]  [ 0  0  1  0  0 ]  [ 0  1  0  0  0 ]  [ 0  0  1  0  0 ]  [ 0  1  0  0  0 ]  [ 0  1  0  0  0 ]  [ 0  0  0  0  1 ]  [ 0  0  0  1  0 ]  [ 1  0  0  0  0 ]  [ 0  1  0  0  0 ]  [ 0  0  0  0  1 ]  [ 0  0  0  1  0 ]  [ 0  1  0  0  0 ]  [ 0  0  0  1  0 ]  [ 0  0  0  0  1 ]  [ 0  0  0  1  0 ]  [ 0  1  0  0  0 ]  [ 0  0  1  0  0 ]  [ 0  0  0  1  0 ]  [ 1  0  0  0  0 ]  [ 1  0  0  0  0 ]  [ 0  0  0  1  0 ]  [ 1  0  0  0  0 ]  [ 0  0  0  1  0 ]  [ 1  0  0  0  0 ]  [ 0  1  0  0  0 ]  [ 0  0  0  0  1 ]  [ 0  0  0  1  0 ]  [ 0  0  1  0  0 ]  [ 1  0  0  0  0 ]  [ 0  0  1  0  0 ]  [ 1  0  0  0  0 ]  [ 1  0  0  0  0 ]  [ 0  0  0  0  1 ]  [ 0  0  1  0  0 ]  [ 1  0  0  0  0 ]  [ 1  0  0  0  0 ]  [ 0  1  0  0  0 ]  [ 0  0  0  0  1 ]  [ 0  0  0  1  0 ]  [ 0  0  0  1  0 ]  [ 0  0  0  1  0 ]  [ 0  1  0  0  0 ]  [ 0  0  0  0  1 ]  [ 0  0  1  0  0 ]  [ 0  0  1  0  0 ]  [ 0  1  0  0  0 ]  [ 0  0  0  1  0 ]  [ 0  0  0  0  1 ]  [ 0  0  0  1  0 ]  [ 1  0  0  0  0 ]  [ 1  0  0  0  0 ]  [ 0  0  1  0  0 ]  [ 0  0  0  1  0 ]  [ 0  0  0  1  0 ]  [ 1  0  0  0  0 ]  [ 0  1  0  0  0 ]  [ 0  0  0  1  0 ]  [ 0  0  0  1  0 ]  [ 0  1  0  0  0 ]  [ 1  0  0  0  0 ]  [ 1  0  0  0  0 ]  [ 0  0  0  1  0 ]  [ 1  0  0  0  0 ]  [ 0  1  0  0  0 ]  [ 0  0  0  0  1 ]  [ 1  0  0  0  0 ]  [ 0  0  0  1  0 ]  [ 0  1  0  0  0 ]  [ 0  0  1  0  0 ]  [ 0  0  1  0  0 ]  [ 1  0  0  0  0 ]  [ 0  0  0  1  0 ]  [ 0  1  0  0  0 ]  [ 0  1  0  0  0 ]  [ 1  0  0  0  0 ]  [ 0  0  0  1  0 ]  [ 0  0  0  1  0 ]  [ 0  0  0  1  0 ]  [ 1  0  0  0  0 ]  [ 0  1  0  0  0 ]  [ 1  0  0  0  0 ]  [ 1  0  0  0  0 ]  [ 0  0  1  0  0 ]  [ 0  0  0  0  1 ]  [ 0  0  1  0  0 ]  [ 0  0  1  0  0 ]  [ 0  0  1  0  0 ]  [ 1  0  0  0  0 ]  [ 0  1  0  0  0 ]  [ 1  0  0  0  0 ]  [ 0  0  0  1  0 ]  [ 0  1  0  0  0 ]  [ 0  1  0  0  0 ]  [ 0  0  0  1  0 ]  [ 0  0  0  0  1 ]  [ 0  0  0  1  0 ]  [ 0  0  1  0  0 ]  [ 0  0  0  1  0 ]  [ 1  0  0  0  0 ]  [ 0  0  0  0  1 ]  [ 1  0  0  0  0 ]  [ 0  0  0  0  1 ]  [ 0  0  0  1  0 ]  [ 0  1  0  0  0 ]  [ 1  0  0  0  0 ]  [ 0  0  1  0  0 ]  [ 0  1  0  0  0 ]  [ 0  0  1  0  0 ]  [ 0  0  1  0  0 ]  [ 1  0  0  0  0 ]  [ 0  0  1  0  0 ]  [ 0  0  0  1  0 ]  [ 1  0  0  0  0 ]  [ 0  0  0  0  1 ]  [ 0  0  1  0  0 ]  [ 0  0  1  0  0 ]  [ 0  0  0  1  0 ]  [ 0  1  0  0  0 ]  [ 0  0  1  0  0 ]  [ 1  0  0  0  0 ]  [ 0  0  0  1  0 ]  [ 1  0  0  0  0 ]  [ 1  0  0  0  0 ]  [ 0  0  0  1  0 ]  [ 0  0  0  1  0 ]  [ 0  0  0  0  1 ]  [ 0  0  1  0  0 ]  [ 0  1  0  0  0 ]  [ 0  0  1  0  0 ]  [ 0  0  1  0  0 ]  [ 1  0  0  0  0 ]  [ 0  0  0  1  0 ]  [ 0  0  0  0  1 ]  [ 0  0  0  0  1 ]  [ 0  0  0  1  0 ]  [ 0  0  1  0  0 ]  [ 1  0  0  0  0 ]  [ 1  0  0  0  0 ]  [ 1  0  0  0  0 ]  [ 0  0  1  0  0 ]  [ 0  0  0  1  0 ]  [ 0  1  0  0  0 ]  [ 1  0  0  0  0 ]  [ 0  0  0  0  1 ]  [ 0  1  0  0  0 ]  [ 0  1  0  0  0 ]  [ 0  0  0  1  0 ]  [ 0  0  0  0  1 ]  [ 0  0  0  1  0 ]  [ 0  0  0  1  0 ]  [ 0  0  1  0  0 ]  [ 0  0  0  1  0 ]  [ 1  0  0  0  0 ]  [ 0  0  0  0  1 ]  [ 0  1  0  0  0 ]  [ 0  1  0  0  0 ]  [ 1  0  0  0  0 ]  [ 0  0  0  1  0 ]  [ 0  0  0  1  0 ]  [ 0  0  0  1  0 ]  [ 0  0  0  1  0 ]  [ 1  0  0  0  0 ]  [ 1  0  0  0  0 ]  [ 0  0  0  1  0 ]  [ 0  0  0  1  0 ]  [ 0  0  0  0  1 ]  [ 0  0  0  0  1 ]  [ 0  0  0  0  1 ]  [ 0  0  0  1  0 ]  [ 0  0  1  0  0 ]  [ 0  0  0  1  0 ]  [ 0  0  1  0  0 ]  [ 0  0  0  0  1 ]  [ 0  0  1  0  0 ]  [ 0  0  1  0  0 ]  [ 0  1  0  0  0 ]  [ 0  0  0  1  0 ]  [ 0  1  0  0  0 ]  [ 0  0  0  0  1 ]  [ 1  0  0  0  0 ]  [ 0  0  1  0  0 ]  [ 0  0  0  0  1 ]  [ 0  1  0  0  0 ]  [ 0  0  1  0  0 ]  [ 1  0  0  0  0 ]  [ 0  0  1  0  0 ]  [ 0  1  0  0  0 ]  [ 1  0  0  0  0 ]  [ 1  0  0  0  0 ]  [ 0  0  0  1  0 ]  [ 0  0  1  0  0 ]  [ 0  0  0  0  1 ]  [ 1  0  0  0  0 ]  [ 0  0  0  1  0 ]  [ 1  0  0  0  0 ]  [ 0  0  1  0  0 ]  [ 1  0  0  0  0 ]  [ 0  0  1  0  0 ]  [ 0  0  0  1  0 ]  [ 1  0  0  0  0 ]  [ 1  0  0  0  0 ]  [ 1  0  0  0  0 ]  [ 1  0  0  0  0 ]  [ 0  1  0  0  0 ]  [ 0  1  0  0  0 ]  [ 0  0  1  0  0 ]  [ 0  0  0  0  1 ]  [ 0  0  1  0  0 ]  [ 0  1  0  0  0 ]  [ 0  1  0  0  0 ]  [ 0  0  0  1  0 ]  [ 0  0  1  0  0 ]  [ 1  0  0  0  0 ]  [ 1  0  0  0  0 ]  [ 0  0  0  0  1 ]  [ 0  0  0  0  1 ]  [ 1  0  0  0  0 ]  [ 0  0  0  0  1 ]  [ 0  0  0  1  0 ]  [ 0  0  0  1  0 ]  [ 0  0  0  1  0 ]  [ 0  0  1  0  0 ]  [ 0  1  0  0  0 ]  [ 0  0  0  0  1 ]  [ 0  0  0  0  1 ]  [ 0  0  1  0  0 ]  [ 0  0  0  1  0 ]  [ 0  0  1  0  0 ]  [ 0  0  1  0  0 ]  [ 0  0  0  1  0 ]  [ 1  0  0  0  0 ]  [ 0  0  0  1  0 ]  [ 0  0  0  0  1 ]  [ 0  1  0  0  0 ]  [ 0  0  0  1  0 ]  [ 0  0  1  0  0 ]  [ 0  0  0  0  1 ]  [ 0  0  0  0  1 ]  [ 0  1  0  0  0 ]  [ 0  0  0  0  1 ]  [ 0  1  0  0  0 ]  [ 0  1  0  0  0 ]  [ 0  0  0  1  0 ]  [ 0  0  0  0  1 ]  [ 0  0  0  0  1 ]  [ 0  0  0  1  0 ]  [ 0  0  0  0  1 ]  [ 0  0  0  0  1 ]  [ 1  0  0  0  0 ]  [ 1  0  0  0  0 ]  [ 0  0  0  1  0 ]  [ 0  1  0  0  0 ]  [ 0  0  1  0  0 ]  [ 0  0  1  0  0 ]  [ 0  0  0  0  1 ]  [ 1  0  0  0  0 ]  [ 0  0  1  0  0 ]  [ 0  1  0  0  0 ]  [ 1  0  0  0  0 ]  [ 0  0  0  1  0 ]  [ 0  1  0  0  0 ]  [ 1  0  0  0  0 ]  [ 0  0  0  1  0 ]  [ 0  1  0  0  0 ]  [ 0  1  0  0  0 ]  [ 0  0  0  0  1 ]  [ 1  0  0  0  0 ]  [ 1  0  0  0  0 ]  [ 1  0  0  0  0 ]  [ 0  0  0  0  1 ]  [ 0  0  1  0  0 ]  [ 0  0  0  1  0 ]  [ 0  0  0  1  0 ]  [ 0  0  0  0  1 ]  [ 0  1  0  0  0 ]  [ 0  0  1  0  0 ]  [ 0  1  0  0  0 ]  [ 0  1  0  0  0 ]  [ 0  0  0  1  0 ]  [ 0  0  0  0  1 ]  [ 0  0  1  0  0 ]  [ 0  1  0  0  0 ]  [ 0  0  1  0  0 ]  [ 1  0  0  0  0 ]  [ 1  0  0  0  0 ]  [ 0  1  0  0  0 ]  [ 0  0  0  1  0 ]  [ 1  0  0  0  0 ]  [ 1  0  0  0  0 ]  [ 0  0  1  0  0 ]  [ 0  1  0  0  0 ]  [ 1  0  0  0  0 ]  [ 0  1  0  0  0 ]  [ 0  1  0  0  0 ]  [ 0  0  0  0  1 ]  [ 1  0  0  0  0 ]  [ 1  0  0  0  0 ]  [ 0  0  0  1  0 ]  [ 1  0  0  0  0 ]  [ 0  0  0  0  1 ]  [ 0  0  1  0  0 ]  [ 0  0  0  1  0 ]  [ 0  0  1  0  0 ]  [ 1  0  0  0  0 ]  [ 1  0  0  0  0 ]  [ 0  0  1  0  0 ]  [ 0  1  0  0  0 ]  [ 0  0  0  0  1 ]  [ 0  0  1  0  0 ]  [ 0  0  0  1  0 ]  [ 0  0  0  1  0 ]  [ 0  1  0  0  0 ]  [ 0  0  1  0  0 ]  [ 0  0  1  0  0 ]  [ 0  0  0  0  1 ]  [ 0  0  1  0  0 ]  [ 0  1  0  0  0 ]  [ 0  1  0  0  0 ]  [ 1  0  0  0  0 ]  [ 0  0  0  1  0 ]  [ 0  0  0  1  0 ]  [ 0  0  0  0  1 ]  [ 0  0  0  1  0 ]  [ 0  0  0  0  1 ]  [ 0  0  0  1  0 ]  [ 0  1  0  0  0 ]  [ 0  1  0  0  0 ]  [ 1  0  0  0  0 ]  [ 1  0  0  0  0 ]  [ 0  0  0  0  1 ]  [ 0  0  0  0  1 ]  [ 1  0  0  0  0 ]  [ 0  1  0  0  0 ]  [ 0  0  0  0  1 ]  [ 0  0  0  1  0 ]  [ 0  0  0  1  0 ]  [ 0  0  1  0  0 ]  [ 1  0  0  0  0 ]  [ 0  0  1  0  0 ]  [ 0  1  0  0  0 ]  [ 0  0  0  0  1 ]  [ 1  0  0  0  0 ]  [ 0  1  0  0  0 ]  [ 1  0  0  0  0 ]  [ 0  0  1  0  0 ]  [ 0  0  0  0  1 ]  [ 0  0  0  0  1 ]  [ 0  0  0  1  0 ]  [ 0  0  0  0  1 ]  [ 0  0  0  1  0 ]  [ 0  0  0  0  1 ]  [ 0  0  1  0  0 ]  [ 0  0  0  0  1 ]  [ 0  0  0  0  1 ]  [ 0  0  0  1  0 ]  [ 0  0  0  1  0 ]  [ 0  1  0  0  0 ]  [ 0  1  0  0  0 ]  [ 0  0  0  0  1 ]  [ 0  1  0  0  0 ]  [ 0  0  0  1  0 ]  [ 0  0  0  1  0 ]  [ 0  0  1  0  0 ]  [ 0  0  0  1  0 ]  [ 0  0  0  0  1 ]  [ 1  0  0  0  0 ]  [ 1  0  0  0  0 ]  [ 0  0  0  0  1 ]  [ 1  0  0  0  0 ]  [ 0  0  0  0  1 ]  [ 1  0  0  0  0 ]  [ 0  0  0  0  1 ]  [ 0  1  0  0  0 ]  [ 1  0  0  0  0 ]  [ 0  0  0  1  0 ]  [ 0  0  1  0  0 ]  [ 0  1  0  0  0 ]  [ 0  0  0  0  1 ]  [ 0  0  0  1  0 ]  [ 0  0  1  0  0 ]  [ 0  0  0  1  0 ]  [ 0  0  0  0  1 ]  [ 0  0  0  0  1 ]  [ 1  0  0  0  0 ]  [ 0  0  0  0  1 ]  [ 0  1  0  0  0 ]  [ 1  0  0  0  0 ]  [ 0  1  0  0  0 ]  [ 0  0  0  0  1 ]  [ 0  1  0  0  0 ]  [ 0  1  0  0  0 ]  [ 0  1  0  0  0 ]  [ 0  1  0  0  0 ]  [ 0  0  0  0  1 ]  [ 0  1  0  0  0 ]  [ 0  1  0  0  0 ]  [ 1  0  0  0  0 ]  [ 0  1  0  0  0 ]  [ 1  0  0  0  0 ]  [ 0  1  0  0  0 ]  [ 1  0  0  0  0 ]  [ 0  1  0  0  0 ]  [ 0  0  0  1  0 ]  [ 0  0  0  1  0 ]  [ 0  1  0  0  0 ]  [ 1  0  0  0  0 ]  [ 0  0  0  0  1 ]  [ 0  0  1  0  0 ]  [ 1  0  0  0  0 ]  [ 0  0  0  0  1 ]  [ 0  0  0  0  1 ]  [ 0  0  1  0  0 ]  [ 0  0  0  0  1 ]  [ 0  1  0  0  0 ]  [ 0  0  0  0  1 ]  [ 0  0  0  1  0 ]  [ 0  1  0  0  0 ]  [ 0  0  1  0  0 ]  [ 0  0  0  0  1 ]  [ 1  0  0  0  0 ]  [ 0  1  0  0  0 ]  [ 0  0  0  0  1 ]  [ 0  1  0  0  0 ]  [ 0  1  0  0  0 ]  [ 0  0  0  1  0 ]  [ 0  0  0  1  0 ]  [ 1  0  0  0  0 ]  [ 0  0  0  1  0 ]  [ 0  0  1  0  0 ]  [ 1  0  0  0  0 ]  [ 0  0  0  0  1 ]  [ 0  0  0  1  0 ]  [ 0  0  0  0  1 ]  [ 0  1  0  0  0 ]  [ 0  0  1  0  0 ]  [ 0  1  0  0  0 ]  [ 0  1  0  0  0 ]  [ 1  0  0  0  0 ]  [ 0  0  0  1  0 ]  [ 0  1  0  0  0 ]  [ 0  0  0  1  0 ]  [ 0  0  0  0  1 ]  [ 0  0  1  0  0 ]  [ 0  1  0  0  0 ]  [ 1  0  0  0  0 ]  [ 0  0  0  1  0 ]  [ 0  0  0  1  0 ]  [ 1  0  0  0  0 ]  [ 0  1  0  0  0 ]  [ 1  0  0  0  0 ]  [ 0  0  1  0  0 ]  [ 1  0  0  0  0 ]  [ 0  1  0  0  0 ]  [ 0  0  0  1  0 ]  [ 0  0  0  0  1 ]  [ 0  1  0  0  0 ]  [ 0  1  0  0  0 ]  [ 0  0  1  0  0 ]  [ 0  1  0  0  0 ]  [ 0  0  1  0  0 ]  [ 1  0  0  0  0 ]  [ 0  0  0  0  1 ]  [ 1  0  0  0  0 ]  [ 0  1  0  0  0 ]  [ 0  1  0  0  0 ]  [ 0  0  0  1  0 ]  [ 0  0  0  0  1 ]  [ 0  0  1  0  0 ]  [ 0  0  1  0  0 ]  [ 0  1  0  0  0 ]  [ 0  0  0  1  0 ]  [ 0  1  0  0  0 ]  [ 0  0  0  1  0 ]  [ 0  1  0  0  0 ]  [ 0  1  0  0  0 ]  [ 0  0  0  1  0 ]  [ 0  0  1  0  0 ]  [ 0  0  0  1  0 ]  [ 0  0  0  0  1 ]  [ 0  0  1  0  0 ]  [ 0  0  1  0  0 ]  [ 0  0  1  0  0 ]  [ 0  0  0  0  1 ]  [ 1  0  0  0  0 ]  [ 0  0  0  1  0 ]  [ 0  0  1  0  0 ]  [ 0  1  0  0  0 ]  [ 1  0  0  0  0 ]  [ 1  0  0  0  0 ]  [ 0  1  0  0  0 ]  [ 0  0  0  1  0 ]  [ 1  0  0  0  0 ]  [ 0  0  1  0  0 ]  [ 0  1  0  0  0 ]  [ 0  0  1  0  0 ]  [ 0  0  0  1  0 ]  [ 0  0  0  0  1 ]  [ 0  0  0  1  0 ]  [ 0  0  1  0  0 ]  [ 0  0  0  1  0 ]  [ 1  0  0  0  0 ]  [ 0  0  0  0  1 ]  [ 0  0  0  0  1 ]  [ 0  0  0  1  0 ]  [ 0  1  0  0  0 ]  [ 0  0  0  1  0 ]  [ 0  0  0  0  1 ]  [ 1  0  0  0  0 ]  [ 1  0  0  0  0 ]  [ 0  0  1  0  0 ]  [ 0  1  0  0  0 ]  [ 1  0  0  0  0 ]  [ 0  0  0  1  0 ]  [ 0  0  0  1  0 ]  [ 0  0  0  0  1 ]  [ 1  0  0  0  0 ]  [ 0  0  0  1  0 ]  [ 1  0  0  0  0 ]  [ 0  1  0  0  0 ]  [ 0  0  1  0  0 ]  [ 1  0  0  0  0 ]  [ 0  0  1  0  0 ]  [ 0  0  1  0  0 ]  [ 0  1  0  0  0 ]  [ 0  0  1  0  0 ]  [ 0  0  0  1  0 ]  [ 0  0  1  0  0 ]  [ 0  0  0  0  1 ]  [ 1  0  0  0  0 ]  [ 1  0  0  0  0 ]  [ 0  0  1  0  0 ]  [ 0  0  1  0  0 ]  [ 1  0  0  0  0 ]  [ 0  0  1  0  0 ]  [ 0  0  0  1  0 ]  [ 0  0  1  0  0 ]  [ 0  0  1  0  0 ]  [ 0  0  1  0  0 ]  [ 0  1  0  0  0 ]  [ 0  1  0  0  0 ]  [ 0  1  0  0  0 ]  [ 1  0  0  0  0 ]  [ 0  1  0  0  0 ]  [ 0  0  0  1  0 ]  [ 0  1  0  0  0 ]  [ 1  0  0  0  0 ]  [ 0  1  0  0  0 ]  [ 0  0  0  1  0 ]  [ 0  0  1  0  0 ]  [ 1  0  0  0  0 ]  [ 0  0  0  0  1 ]  [ 0  0  0  1  0 ]  [ 0  1  0  0  0 ]  [ 0  0  0  0  1 ]  [ 0  0  0  0  1 ]  [ 0  0  1  0  0 ]  [ 0  0  0  1  0 ]  [ 0  0  0  0  1 ]  [ 0  0  1  0  0 ]  [ 1  0  0  0  0 ]  [ 0  0  0  0  1 ]  [ 0  1  0  0  0 ]  [ 0  1  0  0  0 ]  [ 0  1  0  0  0 ]  [ 0  1  0  0  0 ]  [ 0  1  0  0  0 ]  [ 0  0  0  1  0 ]  [ 1  0  0  0  0 ]  [ 0  0  1  0  0 ]  [ 1  0  0  0  0 ]  [ 1  0  0  0  0 ]  [ 1  0  0  0  0 ]  [ 0  0  1  0  0 ]  [ 0  0  1  0  0 ]  [ 1  0  0  0  0 ]  [ 0  0  0  0  1 ]  [ 0  0  0  1  0 ]  [ 1  0  0  0  0 ]  [ 0  0  1  0  0 ]  [ 0  0  0  0  1 ]  [ 0  0  0  0  1 ]  [ 0  0  1  0  0 ]  [ 0  0  0  1  0 ]  [ 0  1  0  0  0 ]  [ 1  0  0  0  0 ]  [ 0  0  1  0  0 ]  [ 0  0  0  0  1 ]  [ 0  0  1  0  0 ]  [ 1  0  0  0  0 ]  [ 0  0  1  0  0 ]  [ 0  0  1  0  0 ]  [ 0  0  0  1  0 ]  [ 0  1  0  0  0 ]  [ 0  0  0  1  0 ]  [ 0  0  1  0  0 ]  [ 0  1  0  0  0 ]  [ 1  0  0  0  0 ]  [ 1  0  0  0  0 ]  [ 0  0  0  1  0 ]  [ 0  0  0  0  1 ]  [ 0  0  0  1  0 ]  [ 0  0  0  0  1 ]  [ 0  0  0  1  0 ]  [ 0  0  0  1  0 ]  [ 0  1  0  0  0 ]  [ 1  0  0  0  0 ]  [ 0  0  0  0  1 ]  [ 0  0  1  0  0 ]  [ 0  1  0  0  0 ]  [ 0  0  0  0  1 ]  [ 1  0  0  0  0 ]  [ 0  1  0  0  0 ]  [ 1  0  0  0  0 ]  [ 0  1  0  0  0 ]  [ 0  0  0  0  1 ]  [ 1  0  0  0  0 ]  [ 1  0  0  0  0 ]  [ 0  0  0  1  0 ]  [ 0  0  1  0  0 ]  [ 0  0  0  1  0 ]  [ 0  0  0  0  1 ]  [ 0  0  1  0  0 ]  [ 0  0  0  1  0 ]  [ 0  0  0  0  1 ]  [ 0  0  1  0  0 ]  [ 1  0  0  0  0 ]  [ 0  1  0  0  0 ]  [ 0  0  0  1  0 ]  [ 0  0  0  1  0 ]  [ 0  0  0  1  0 ]  [ 0  0  0  1  0 ]  [ 0  1  0  0  0 ]  [ 0  0  0  0  1 ]  [ 0  0  0  0  1 ]  [ 0  0  1  0  0 ]  [ 1  0  0  0  0 ]  [ 0  0  0  1  0 ]  [ 0  0  0  1  0 ]  [ 0  0  1  0  0 ]  [ 1  0  0  0  0 ]  [ 0  0  0  0  1 ]  [ 1  0  0  0  0 ]  [ 1  0  0  0  0 ]  [ 1  0  0  0  0 ]  [ 1  0  0  0  0 ]  [ 1  0  0  0  0 ]  [ 1  0  0  0  0 ]  [ 1  0  0  0  0 ]  [ 0  0  1  0  0 ]  [ 0  0  0  0  1 ]  [ 0  0  0  0  1 ]  [ 1  0  0  0  0 ]  [ 0  1  0  0  0 ]  [ 0  1  0  0  0 ]  [ 0  1  0  0  0 ]  [ 0  0  0  1  0 ]  [ 1  0  0  0  0 ]  [ 0  1  0  0  0 ]  [ 0  0  0  0  1 ]  [ 0  0  0  0  1 ]  [ 1  0  0  0  0 ]  [ 0  0  0  0  1 ]  [ 0  0  1  0  0 ]  [ 0  0  1  0  0 ]  [ 0  1  0  0  0 ]  [ 0  0  0  0  1 ]  [ 1  0  0  0  0 ]  [ 0  0  1  0  0 ]  [ 0  0  0  0  1 ]  [ 0  1  0  0  0 ]  [ 0  0  1  0  0 ]  [ 0  0  1  0  0 ]  [ 0  0  0  0  1 ]  [ 0  0  0  1  0 ]  [ 0  0  1  0  0 ]  [ 0  0  0  1  0 ]  [ 0  1  0  0  0 ]  [ 0  0  0  0  1 ]  [ 0  0  1  0  0 ]  [ 0  0  1  0  0 ]  [ 1  0  0  0  0 ]  [ 0  1  0  0  0 ]  [ 0  0  1  0  0 ]  [ 1  0  0  0  0 ]  [ 0  0  1  0  0 ]  [ 0  0  0  1  0 ]  [ 1  0  0  0  0 ]  [ 0  1  0  0  0 ]  [ 0  0  0  1  0 ]  [ 1  0  0  0  0 ]  [ 0  0  0  0  1 ]  [ 1  0  0  0  0 ]  [ 1  0  0  0  0 ]  [ 0  0  0  0  1 ]  [ 0  1  0  0  0 ]  [ 0  0  0  0  1 ]  [ 1  0  0  0  0 ]  [ 0  1  0  0  0 ]  [ 0  1  0  0  0 ]  [ 1  0  0  0  0 ]  [ 1  0  0  0  0 ]  [ 0  0  0  1  0 ]  [ 0  0  0  1  0 ]  [ 0  1  0  0  0 ]  [ 0  1  0  0  0 ]  [ 0  0  0  0  1 ]  [ 0  0  0  0  1 ]  [ 0  0  0  0  1 ]  [ 1  0  0  0  0 ]  [ 0  1  0  0  0 ]  [ 0  0  0  0  1 ]  [ 0  0  1  0  0 ]  [ 1  0  0  0  0 ]  [ 0  0  0  0  1 ]  [ 0  0  1  0  0 ]  [ 0  0  0  1  0 ]  [ 0  1  0  0  0 ]  [ 0  0  1  0  0 ]  [ 0  0  1  0  0 ]  [ 0  0  0  1  0 ]  [ 1  0  0  0  0 ]  [ 0  1  0  0  0 ]  [ 1  0  0  0  0 ]  [ 0  0  0  0  1 ]  [ 0  0  0  0  1 ]  [ 0  0  0  0  1 ]  [ 0  0  0  0  1 ]  [ 0  0  0  0  1 ]  [ 1  0  0  0  0 ]  [ 1  0  0  0  0 ]  [ 0  0  0  0  1 ]  [ 0  1  0  0  0 ]  [ 0  0  0  1  0 ]  [ 0  0  0  1  0 ]  [ 0  0  0  0  1 ]  [ 0  0  0  0  1 ]  [ 0  0  0  0  1 ]  [ 1  0  0  0  0 ]  [ 0  0  1  0  0 ]  [ 0  1  0  0  0 ]  [ 1  0  0  0  0 ]  [ 0  1  0  0  0 ]  [ 0  0  0  0  1 ]  [ 0  0  0  1  0 ]  [ 0  0  0  0  1 ]  [ 1  0  0  0  0 ]  [ 1  0  0  0  0 ]  [ 0  1  0  0  0 ]  [ 1  0  0  0  0 ]  [ 1  0  0  0  0 ]  [ 1  0  0  0  0 ]  [ 0  0  0  1  0 ]  [ 0  0  0  0  1 ]  [ 0  1  0  0  0 ]  [ 0  0  0  1  0 ]  [ 0  1  0  0  0 ]  [ 0  0  0  0  1 ]  [ 0  0  0  1  0 ]  [ 0  0  0  0  1 ]  [ 0  0  1  0  0 ]  [ 0  0  0  1  0 ]  [ 0  0  0  0  1 ]  [ 0  0  1  0  0 ]  [ 0  0  1  0  0 ]  [ 0  0  0  1  0 ]  [ 1  0  0  0  0 ]  [ 0  0  0  0  1 ]  [ 0  0  0  1  0 ]  [ 1  0  0  0  0 ]  [ 0  0  0  1  0 ]  [ 0  0  0  0  1 ]  [ 0  1  0  0  0 ]  [ 0  1  0  0  0 ]  [ 0  0  0  0  1 ]  [ 0  1  0  0  0 ]  [ 0  0  0  0  1 ]  [ 0  1  0  0  0 ]  [ 0  0  0  0  1 ]  [ 1  0  0  0  0 ]  [ 0  1  0  0  0 ]  [ 0  0  1  0  0 ]  [ 0  0  1  0  0 ]  [ 1  0  0  0  0 ]  [ 0  0  0  1  0 ]  [ 0  0  1  0  0 ]  [ 0  0  0  1  0 ]  [ 0  0  0  0  1 ]  [ 1  0  0  0  0 ]  [ 0  0  0  1  0 ]  [ 0  1  0  0  0 ]  [ 1  0  0  0  0 ]  [ 0  0  1  0  0 ]  [ 0  1  0  0  0 ]  [ 1  0  0  0  0 ]  [ 0  0  0  0  1 ]  [ 0  0  0  0  1 ]  [ 0  0  0  1  0 ]  [ 1  0  0  0  0 ]  [ 1  0  0  0  0 ]  [ 0  0  1  0  0 ]  [ 0  0  0  0  1 ]  [ 0  0  0  0  1 ]  [ 0  1  0  0  0 ]  [ 0  0  1  0  0 ]  [ 0  0  0  1  0 ]  [ 0  0  0  1  0 ]  [ 0  0  0  0  1 ]  [ 0  1  0  0  0 ]  [ 1  0  0  0  0 ]  [ 0  1  0  0  0 ]  [ 0  1  0  0  0 ]  [ 0  0  1  0  0 ]  [ 0  0  0  1  0 ]  [ 0  1  0  0  0 ]  [ 0  0  0  1  0 ]  [ 0  0  0  0  1 ]  [ 1  0  0  0  0 ]  [ 0  0  1  0  0 ]  [ 1  0  0  0  0 ]  [ 0  0  1  0  0 ]  [ 0  0  0  1  0 ]  [ 1  0  0  0  0 ]  [ 0  0  0  1  0 ]  [ 0  0  0  0  1 ]  [ 0  0  0  0  1 ]  [ 1  0  0  0  0 ]  [ 1  0  0  0  0 ]  [ 0  0  0  1  0 ]  [ 0  0  0  0  1 ]  [ 1  0  0  0  0 ]  [ 0  0  0  0  1 ]  [ 0  0  0  1  0 ]  [ 0  1  0  0  0 ]  [ 0  0  0  1  0 ]  [ 0  0  0  0  1 ]  [ 0  0  1  0  0 ]  [ 1  0  0  0  0 ]  [ 0  1  0  0  0 ]  [ 1  0  0  0  0 ]  [ 1  0  0  0  0 ]  [ 0  0  0  1  0 ]  [ 0  0  0  0  1 ]  [ 0  0  0  0  1 ]  [ 0  1  0  0  0 ]  [ 1  0  0  0  0 ]  [ 0  0  0  1  0 ]  [ 0  0  0  1  0 ]  [ 0  1  0  0  0 ] ];

ObjRequests = {  <1,3,46>, <2,3,238>, <3,3,49>, <4,3,95>, <5,3,25>, <6,3,68>, <7,3,32>, <8,3,9>, <9,3,6>, <10,3,8>, <11,3,47>, <12,3,9>, <13,3,14>, <14,3,11>, <15,3,17>, <16,3,8>, <17,3,23>, <18,3,9>, <19,3,19>, <20,3,7>, <21,3,11>, <22,3,16>, <23,3,25>, <24,3,3>, <25,3,25>, <26,3,2>, <27,3,3>, <28,3,7>, <29,3,7>, <30,3,1>, <31,3,5>, <32,3,7>, <33,3,3>, <34,3,2>, <35,3,1>, <36,3,26>, <38,3,3>, <39,3,4>, <40,3,3>, <41,3,2>, <42,3,1>, <43,3,5>, <44,3,15>, <45,3,12>, <46,3,13>, <47,3,3>, <49,3,8>, <51,3,2>, <52,3,6>, <53,3,3>, <54,3,3>, <55,3,12>, <56,3,10>, <57,3,1>, <58,3,12>, <59,3,3>, <60,3,9>, <61,3,1>, <62,3,4>, <63,3,2>, <64,3,4>, <65,3,1>, <66,3,10>, <67,3,3>, <68,3,2>, <69,3,6>, <70,3,4>, <71,3,2>, <72,3,1>, <73,3,1>, <75,3,2>, <76,3,3>, <77,3,5>, <78,3,1>, <79,3,9>, <83,3,6>, <86,3,1>, <87,3,9>, <88,3,2>, <89,3,2>, <90,3,1>, <91,3,8>, <92,3,4>, <93,3,2>, <94,3,1>, <95,3,2>, <97,3,1>, <98,3,5>, <99,3,4>, <100,3,1>, <101,3,1>, <102,3,2>, <103,3,4>, <104,3,3>, <105,3,1>, <106,3,3>, <107,3,3>, <109,3,3>, <110,3,1>, <111,3,3>, <112,3,7>, <113,3,2>, <115,3,2>, <119,3,3>, <120,3,1>, <121,3,2>, <122,3,2>, <123,3,3>, <124,3,3>, <126,3,2>, <127,3,1>, <128,3,13>, <129,3,2>, <130,3,1>, <131,3,2>, <132,3,1>, <134,3,4>, <136,3,1>, <139,3,2>, <140,3,2>, <141,3,1>, <142,3,1>, <143,3,3>, <146,3,2>, <147,3,3>, <149,3,2>, <150,3,1>, <152,3,4>, <153,3,2>, <154,3,3>, <155,3,5>, <156,3,1>, <157,3,1>, <158,3,2>, <159,3,4>, <160,3,4>, <161,3,2>, <162,3,1>, <163,3,1>, <164,3,1>, <165,3,4>, <166,3,1>, <167,3,2>, <168,3,2>, <169,3,4>, <171,3,1>, <172,3,3>, <174,3,8>, <175,3,3>, <176,3,3>, <180,3,2>, <181,3,1>, <182,3,1>, <183,3,3>, <186,3,1>, <187,3,1>, <188,3,2>, <189,3,1>, <190,3,1>, <192,3,3>, <196,3,1>, <197,3,3>, <198,3,1>, <199,3,1>, <202,3,1>, <203,3,6>, <204,3,2>, <205,3,2>, <208,3,3>, <209,3,1>, <211,3,1>, <213,3,3>, <214,3,1>, <215,3,1>, <217,3,1>, <218,3,4>, <219,3,6>, <220,3,1>, <221,3,1>, <222,3,1>, <228,3,2>, <229,3,1>, <231,3,1>, <235,3,3>, <236,3,1>, <239,3,1>, <243,3,3>, <244,3,1>, <245,3,2>, <246,3,1>, <247,3,4>, <249,3,1>, <250,3,2>, <251,3,2>, <254,3,1>, <255,3,1>, <260,3,2>, <262,3,1>, <263,3,1>, <264,3,1>, <265,3,2>, <266,3,3>, <269,3,1>, <271,3,1>, <274,3,1>, <275,3,1>, <276,3,1>, <277,3,1>, <279,3,1>, <280,3,1>, <281,3,1>, <282,3,1>, <283,3,3>, <284,3,6>, <285,3,1>, <287,3,1>, <289,3,1>, <290,3,1>, <292,3,2>, <295,3,1>, <296,3,1>, <299,3,1>, <300,3,1>, <302,3,1>, <303,3,1>, <304,3,1>, <305,3,3>, <306,3,1>, <307,3,2>, <309,3,1>, <310,3,1>, <311,3,1>, <313,3,2>, <315,3,2>, <317,3,2>, <319,3,1>, <323,3,2>, <325,3,1>, <330,3,1>, <332,3,2>, <335,3,2>, <336,3,1>, <340,3,1>, <343,3,2>, <344,3,1>, <345,3,2>, <346,3,1>, <347,3,3>, <349,3,4>, <350,3,5>, <351,3,2>, <352,3,1>, <353,3,1>, <355,3,1>, <357,3,1>, <360,3,1>, <363,3,1>, <366,3,1>, <367,3,2>, <368,3,1>, <369,3,2>, <371,3,1>, <372,3,1>, <383,3,1>, <384,3,1>, <385,3,1>, <386,3,1>, <388,3,1>, <389,3,3>, <390,3,2>, <391,3,1>, <394,3,1>, <399,3,1>, <400,3,1>, <402,3,1>, <403,3,1>, <408,3,3>, <409,3,1>, <411,3,1>, <415,3,3>, <417,3,1>, <418,3,2>, <421,3,2>, <423,3,1>, <426,3,2>, <427,3,1>, <429,3,1>, <435,3,1>, <440,3,1>, <447,3,1>, <450,3,1>, <451,3,1>, <452,3,1>, <453,3,1>, <455,3,1>, <464,3,1>, <466,3,1>, <468,3,1>, <469,3,1>, <472,3,3>, <473,3,1>, <474,3,1>, <477,3,1>, <478,3,1>, <484,3,1>, <485,3,1>, <486,3,1>, <487,3,1>, <490,3,1>, <491,3,1>, <492,3,1>, <493,3,2>, <495,3,4>, <506,3,1>, <507,3,1>, <508,3,1>, <509,3,1>, <513,3,2>, <515,3,3>, <517,3,1>, <520,3,1>, <522,3,1>, <523,3,1>, <525,3,1>, <527,3,1>, <529,3,1>, <533,3,1>, <543,3,1>, <544,3,1>, <552,3,2>, <555,3,1>, <557,3,1>, <558,3,1>, <559,3,1>, <560,3,1>, <563,3,3>, <564,3,1>, <565,3,1>, <568,3,1>, <573,3,1>, <574,3,4>, <583,3,1>, <584,3,1>, <588,3,1>, <590,3,1>, <592,3,1>, <596,3,1>, <604,3,3>, <613,3,1>, <616,3,1>, <621,3,1>, <622,3,1>, <625,3,1>, <634,3,1>, <635,3,2>, <642,3,1>, <646,3,1>, <649,3,1>, <651,3,1>, <652,3,1>, <655,3,3>, <657,3,1>, <658,3,1>, <664,3,1>, <665,3,1>, <666,3,1>, <668,3,1>, <671,3,1>, <679,3,1>, <683,3,1>, <687,3,1>, <693,3,1>, <696,3,1>, <701,3,1>, <702,3,1>, <706,3,1>, <708,3,1>, <710,3,1>, <712,3,1>, <715,3,1>, <716,3,2>, <721,3,1>, <739,3,1>, <740,3,1>, <749,3,1>, <751,3,1>, <754,3,1>, <755,3,1>, <756,3,1>, <757,3,1>, <765,3,1>, <776,3,1>, <779,3,1>, <783,3,1>, <784,3,1>, <795,3,1>, <798,3,3>, <799,3,1>, <807,3,3>, <808,3,1>, <819,3,1>, <837,3,1>, <839,3,1>, <841,3,2>, <847,3,1>, <849,3,1>, <857,3,1>, <870,3,1>, <875,3,1>, <876,3,2>, <878,3,1>, <879,3,1>, <884,3,1>, <885,3,2>, <890,3,1>, <892,3,1>, <894,3,1>, <895,3,1>, <898,3,1>, <899,3,1>, <907,3,1>, <908,3,3>, <919,3,1>, <925,3,1>, <926,3,2>, <928,3,1>, <929,3,1>, <933,3,1>, <938,3,1>, <946,3,1>, <951,3,2>, <952,3,1>, <956,3,1>, <959,3,1>, <962,3,1>, <966,3,1>, <969,3,1>, <973,3,1>, <984,3,1>, <994,3,1>, <996,3,1>, <998,3,1>, <1,4,355>, <2,4,81>, <3,4,6>, <4,4,40>, <5,4,203>, <6,4,22>, <7,4,72>, <8,4,23>, <9,4,22>, <10,4,108>, <11,4,2>, <12,4,18>, <13,4,28>, <14,4,12>, <15,4,23>, <16,4,24>, <17,4,9>, <18,4,6>, <19,4,6>, <20,4,23>, <21,4,10>, <22,4,2>, <23,4,7>, <24,4,35>, <25,4,1>, <26,4,2>, <27,4,2>, <28,4,2>, <29,4,2>, <30,4,1>, <31,4,24>, <32,4,5>, <33,4,14>, <34,4,1>, <35,4,2>, <36,4,5>, <37,4,1>, <38,4,2>, <39,4,2>, <40,4,7>, <42,4,9>, <43,4,8>, <46,4,11>, <47,4,8>, <49,4,6>, <50,4,19>, <51,4,2>, <52,4,3>, <54,4,3>, <55,4,3>, <56,4,2>, <57,4,6>, <58,4,2>, <59,4,8>, <60,4,5>, <61,4,7>, <62,4,6>, <63,4,2>, <64,4,4>, <66,4,4>, <67,4,2>, <68,4,4>, <69,4,2>, <71,4,5>, <72,4,4>, <73,4,4>, <74,4,10>, <75,4,2>, <76,4,1>, <77,4,5>, <78,4,6>, <79,4,3>, <80,4,3>, <81,4,8>, <83,4,2>, <85,4,3>, <86,4,2>, <87,4,7>, <89,4,1>, <90,4,3>, <91,4,7>, <92,4,9>, <93,4,1>, <94,4,10>, <96,4,8>, <97,4,13>, <98,4,2>, <99,4,1>, <100,4,1>, <101,4,4>, <102,4,1>, <103,4,1>, <104,4,1>, <105,4,2>, <106,4,5>, <107,4,2>, <108,4,3>, <109,4,2>, <110,4,3>, <111,4,4>, <113,4,1>, <114,4,6>, <115,4,1>, <116,4,3>, <117,4,1>, <118,4,2>, <119,4,2>, <121,4,7>, <122,4,3>, <124,4,2>, <125,4,2>, <126,4,1>, <128,4,2>, <130,4,1>, <131,4,1>, <133,4,4>, <134,4,1>, <135,4,4>, <136,4,3>, <137,4,1>, <138,4,1>, <140,4,2>, <141,4,1>, <142,4,2>, <143,4,1>, <144,4,1>, <145,4,2>, <146,4,1>, <147,4,4>, <148,4,4>, <149,4,1>, <150,4,1>, <154,4,6>, <155,4,1>, <156,4,2>, <157,4,1>, <158,4,2>, <159,4,2>, <160,4,2>, <162,4,3>, <164,4,3>, <166,4,3>, <168,4,1>, <169,4,2>, <170,4,1>, <171,4,3>, <173,4,1>, <174,4,1>, <176,4,2>, <178,4,1>, <179,4,1>, <180,4,1>, <181,4,2>, <182,4,3>, <185,4,1>, <187,4,1>, <188,4,1>, <189,4,1>, <190,4,2>, <193,4,2>, <194,4,2>, <195,4,1>, <196,4,1>, <198,4,3>, <199,4,3>, <200,4,1>, <201,4,1>, <202,4,1>, <205,4,4>, <206,4,1>, <207,4,2>, <209,4,1>, <210,4,1>, <211,4,2>, <212,4,1>, <214,4,1>, <216,4,3>, <217,4,1>, <218,4,1>, <220,4,1>, <221,4,1>, <223,4,1>, <226,4,1>, <229,4,2>, <230,4,3>, <231,4,1>, <232,4,1>, <235,4,3>, <240,4,1>, <243,4,1>, <245,4,4>, <247,4,1>, <249,4,1>, <252,4,1>, <253,4,1>, <254,4,1>, <258,4,2>, <259,4,1>, <260,4,1>, <261,4,1>, <264,4,2>, <265,4,1>, <266,4,1>, <267,4,1>, <268,4,4>, <269,4,1>, <271,4,1>, <272,4,3>, <274,4,1>, <275,4,3>, <278,4,1>, <279,4,1>, <282,4,1>, <285,4,1>, <286,4,2>, <287,4,3>, <288,4,1>, <289,4,3>, <290,4,4>, <291,4,1>, <293,4,1>, <294,4,1>, <297,4,1>, <298,4,1>, <299,4,1>, <300,4,1>, <302,4,1>, <305,4,3>, <307,4,2>, <308,4,3>, <309,4,1>, <311,4,1>, <312,4,1>, <313,4,2>, <316,4,1>, <318,4,1>, <319,4,1>, <321,4,3>, <322,4,1>, <324,4,1>, <326,4,1>, <327,4,1>, <328,4,2>, <330,4,1>, <331,4,3>, <332,4,1>, <333,4,5>, <334,4,1>, <336,4,1>, <337,4,2>, <339,4,2>, <340,4,1>, <341,4,1>, <343,4,1>, <345,4,2>, <346,4,1>, <350,4,1>, <351,4,1>, <353,4,1>, <356,4,1>, <357,4,1>, <361,4,1>, <364,4,1>, <365,4,1>, <367,4,1>, <368,4,3>, <370,4,1>, <371,4,1>, <372,4,1>, <376,4,2>, <379,4,1>, <382,4,1>, <383,4,1>, <384,4,2>, <386,4,1>, <388,4,1>, <389,4,1>, <394,4,2>, <395,4,1>, <400,4,1>, <401,4,1>, <405,4,1>, <411,4,1>, <413,4,2>, <415,4,1>, <417,4,1>, <419,4,1>, <420,4,2>, <428,4,1>, <429,4,1>, <430,4,1>, <432,4,3>, <440,4,1>, <444,4,1>, <445,4,1>, <450,4,1>, <452,4,2>, <453,4,1>, <461,4,2>, <464,4,2>, <466,4,2>, <467,4,2>, <469,4,1>, <471,4,1>, <474,4,1>, <477,4,1>, <478,4,1>, <483,4,1>, <490,4,1>, <491,4,1>, <494,4,2>, <495,4,2>, <498,4,1>, <499,4,3>, <505,4,1>, <506,4,4>, <508,4,1>, <509,4,2>, <511,4,1>, <513,4,1>, <517,4,1>, <520,4,1>, <522,4,2>, <523,4,1>, <524,4,1>, <527,4,2>, <528,4,1>, <533,4,1>, <534,4,1>, <535,4,1>, <539,4,1>, <545,4,1>, <549,4,1>, <552,4,1>, <555,4,2>, <556,4,1>, <557,4,1>, <560,4,5>, <571,4,1>, <573,4,1>, <580,4,1>, <582,4,3>, <583,4,1>, <584,4,1>, <589,4,1>, <590,4,1>, <592,4,1>, <598,4,1>, <600,4,1>, <605,4,2>, <606,4,1>, <609,4,1>, <612,4,1>, <613,4,1>, <615,4,2>, <619,4,1>, <621,4,2>, <623,4,2>, <625,4,1>, <630,4,1>, <649,4,1>, <650,4,2>, <651,4,1>, <657,4,1>, <658,4,1>, <659,4,1>, <662,4,1>, <665,4,1>, <676,4,1>, <681,4,1>, <682,4,1>, <683,4,1>, <687,4,1>, <692,4,1>, <696,4,1>, <698,4,1>, <702,4,1>, <705,4,1>, <706,4,1>, <709,4,1>, <717,4,1>, <724,4,1>, <727,4,1>, <739,4,1>, <742,4,1>, <744,4,3>, <746,4,1>, <751,4,1>, <755,4,2>, <763,4,1>, <775,4,1>, <776,4,1>, <777,4,1>, <780,4,1>, <782,4,1>, <791,4,1>, <803,4,2>, <806,4,1>, <807,4,1>, <812,4,1>, <816,4,1>, <821,4,2>, <822,4,1>, <833,4,2>, <834,4,1>, <839,4,1>, <844,4,1>, <852,4,1>, <861,4,1>, <875,4,1>, <876,4,1>, <881,4,1>, <886,4,1>, <893,4,1>, <894,4,1>, <907,4,1>, <909,4,1>, <912,4,1>, <916,4,1>, <921,4,1>, <928,4,1>, <933,4,1>, <938,4,1>, <941,4,1>, <947,4,1>, <951,4,1>, <952,4,1>, <954,4,1>, <968,4,2>, <979,4,1>, <992,4,1>, <1,5,104>, <2,5,105>, <3,5,137>, <4,5,41>, <5,5,14>, <6,5,26>, <7,5,18>, <8,5,49>, <9,5,35>, <10,5,3>, <11,5,50>, <12,5,2>, <13,5,7>, <14,5,11>, <15,5,12>, <16,5,24>, <17,5,40>, <18,5,8>, <19,5,12>, <20,5,14>, <21,5,8>, <22,5,6>, <23,5,3>, <24,5,13>, <25,5,4>, <26,5,2>, <27,5,13>, <29,5,22>, <30,5,12>, <31,5,1>, <32,5,21>, <33,5,4>, <34,5,5>, <35,5,4>, <37,5,3>, <38,5,3>, <39,5,7>, <40,5,12>, <41,5,1>, <42,5,4>, <43,5,3>, <44,5,3>, <45,5,5>, <46,5,2>, <47,5,3>, <48,5,5>, <49,5,1>, <51,5,1>, <52,5,15>, <54,5,6>, <55,5,7>, <56,5,3>, <57,5,3>, <58,5,4>, <59,5,2>, <61,5,7>, <63,5,7>, <64,5,2>, <65,5,5>, <66,5,1>, <67,5,7>, <68,5,8>, <69,5,6>, <70,5,8>, <73,5,2>, <74,5,1>, <75,5,3>, <76,5,1>, <77,5,1>, <79,5,2>, <80,5,1>, <81,5,8>, <82,5,6>, <83,5,3>, <84,5,15>, <86,5,6>, <87,5,6>, <88,5,3>, <89,5,2>, <90,5,6>, <91,5,2>, <92,5,1>, <93,5,7>, <94,5,3>, <95,5,4>, <96,5,3>, <97,5,2>, <98,5,1>, <99,5,5>, <100,5,6>, <101,5,1>, <102,5,7>, <103,5,1>, <104,5,1>, <105,5,1>, <106,5,6>, <107,5,3>, <108,5,7>, <109,5,4>, <110,5,3>, <111,5,1>, <112,5,1>, <113,5,1>, <115,5,1>, <116,5,1>, <117,5,3>, <118,5,6>, <119,5,2>, <120,5,3>, <121,5,3>, <122,5,6>, <123,5,1>, <124,5,1>, <125,5,1>, <126,5,1>, <128,5,2>, <129,5,2>, <131,5,7>, <132,5,3>, <133,5,1>, <134,5,2>, <135,5,1>, <142,5,1>, <143,5,4>, <144,5,3>, <145,5,5>, <147,5,1>, <148,5,1>, <150,5,2>, <151,5,2>, <152,5,3>, <155,5,1>, <156,5,1>, <157,5,5>, <158,5,1>, <159,5,2>, <160,5,2>, <161,5,2>, <162,5,1>, <163,5,5>, <164,5,1>, <165,5,5>, <166,5,1>, <167,5,1>, <168,5,2>, <170,5,2>, <171,5,3>, <174,5,1>, <176,5,5>, <179,5,3>, <180,5,1>, <181,5,2>, <182,5,1>, <183,5,2>, <184,5,6>, <186,5,3>, <187,5,5>, <188,5,3>, <191,5,1>, <193,5,2>, <194,5,1>, <195,5,2>, <196,5,1>, <197,5,3>, <198,5,3>, <199,5,1>, <200,5,1>, <202,5,2>, <203,5,2>, <204,5,1>, <206,5,1>, <207,5,2>, <209,5,1>, <214,5,1>, <215,5,1>, <216,5,1>, <218,5,1>, <220,5,2>, <221,5,2>, <222,5,3>, <223,5,1>, <225,5,2>, <226,5,2>, <227,5,1>, <228,5,2>, <229,5,3>, <230,5,4>, <231,5,2>, <232,5,1>, <233,5,2>, <234,5,1>, <235,5,1>, <236,5,2>, <238,5,1>, <239,5,2>, <240,5,3>, <244,5,1>, <245,5,2>, <248,5,1>, <249,5,1>, <250,5,3>, <253,5,3>, <254,5,2>, <255,5,2>, <259,5,1>, <260,5,2>, <261,5,1>, <263,5,2>, <264,5,1>, <266,5,1>, <267,5,1>, <268,5,2>, <271,5,2>, <273,5,1>, <274,5,1>, <276,5,1>, <277,5,1>, <278,5,2>, <280,5,1>, <281,5,1>, <282,5,1>, <285,5,5>, <287,5,1>, <288,5,1>, <290,5,1>, <291,5,1>, <292,5,1>, <293,5,1>, <296,5,2>, <297,5,1>, <298,5,3>, <302,5,1>, <303,5,1>, <306,5,1>, <307,5,2>, <308,5,1>, <311,5,1>, <312,5,1>, <319,5,1>, <320,5,1>, <323,5,1>, <324,5,1>, <325,5,1>, <327,5,2>, <328,5,2>, <329,5,2>, <331,5,2>, <332,5,1>, <333,5,1>, <334,5,1>, <335,5,1>, <337,5,2>, <338,5,1>, <340,5,1>, <342,5,2>, <343,5,1>, <345,5,1>, <346,5,1>, <347,5,3>, <348,5,1>, <349,5,1>, <350,5,1>, <351,5,2>, <352,5,1>, <354,5,1>, <355,5,2>, <357,5,1>, <359,5,1>, <361,5,1>, <366,5,1>, <369,5,1>, <372,5,1>, <373,5,1>, <377,5,1>, <378,5,1>, <379,5,1>, <381,5,1>, <382,5,1>, <383,5,2>, <385,5,1>, <386,5,1>, <388,5,1>, <391,5,1>, <394,5,1>, <395,5,1>, <397,5,2>, <400,5,2>, <403,5,1>, <408,5,1>, <416,5,1>, <417,5,1>, <421,5,1>, <425,5,1>, <427,5,1>, <429,5,1>, <430,5,1>, <438,5,2>, <440,5,1>, <442,5,1>, <443,5,1>, <444,5,1>, <446,5,1>, <448,5,4>, <453,5,2>, <457,5,1>, <462,5,1>, <464,5,1>, <466,5,2>, <467,5,1>, <469,5,1>, <474,5,1>, <476,5,1>, <477,5,1>, <480,5,2>, <481,5,2>, <482,5,1>, <491,5,1>, <493,5,4>, <494,5,1>, <496,5,1>, <497,5,1>, <503,5,1>, <504,5,1>, <506,5,1>, <507,5,1>, <508,5,1>, <509,5,1>, <511,5,1>, <512,5,1>, <520,5,1>, <525,5,2>, <529,5,1>, <531,5,1>, <534,5,1>, <537,5,1>, <539,5,1>, <540,5,2>, <543,5,1>, <544,5,1>, <548,5,1>, <550,5,1>, <551,5,1>, <552,5,1>, <556,5,1>, <562,5,1>, <563,5,1>, <564,5,1>, <565,5,1>, <568,5,1>, <570,5,1>, <571,5,1>, <573,5,1>, <574,5,2>, <576,5,1>, <578,5,2>, <580,5,1>, <582,5,1>, <584,5,2>, <585,5,2>, <596,5,2>, <601,5,1>, <605,5,2>, <606,5,1>, <612,5,1>, <620,5,1>, <622,5,2>, <623,5,2>, <624,5,1>, <626,5,1>, <627,5,1>, <628,5,2>, <642,5,1>, <645,5,1>, <650,5,3>, <659,5,1>, <663,5,1>, <666,5,1>, <671,5,2>, <676,5,1>, <682,5,1>, <688,5,1>, <698,5,1>, <700,5,1>, <702,5,1>, <703,5,1>, <705,5,2>, <710,5,1>, <717,5,1>, <726,5,1>, <727,5,1>, <739,5,1>, <742,5,1>, <743,5,1>, <744,5,2>, <746,5,1>, <754,5,1>, <758,5,1>, <759,5,1>, <764,5,1>, <768,5,1>, <780,5,1>, <787,5,2>, <789,5,1>, <792,5,1>, <798,5,2>, <803,5,1>, <804,5,2>, <805,5,1>, <806,5,1>, <808,5,1>, <815,5,1>, <816,5,1>, <818,5,2>, <819,5,1>, <821,5,1>, <823,5,1>, <835,5,1>, <838,5,2>, <844,5,1>, <869,5,1>, <876,5,1>, <879,5,1>, <883,5,1>, <885,5,1>, <886,5,1>, <894,5,1>, <900,5,1>, <907,5,1>, <919,5,1>, <926,5,1>, <928,5,1>, <929,5,1>, <931,5,1>, <933,5,1>, <939,5,1>, <951,5,1>, <952,5,2>, <956,5,1>, <957,5,1>, <966,5,1>, <969,5,1>, <981,5,1>, <984,5,1>, <991,5,1>, <1,2,437>, <2,2,5>, <3,2,157>, <4,2,93>, <5,2,4>, <6,2,47>, <7,2,8>, <8,2,41>, <9,2,4>, <10,2,22>, <11,2,17>, <12,2,37>, <13,2,5>, <14,2,3>, <15,2,34>, <16,2,11>, <17,2,7>, <18,2,16>, <19,2,20>, <20,2,18>, <21,2,1>, <22,2,33>, <23,2,3>, <24,2,2>, <25,2,1>, <26,2,31>, <27,2,17>, <28,2,12>, <29,2,11>, <30,2,15>, <31,2,6>, <32,2,11>, <33,2,35>, <34,2,9>, <35,2,14>, <36,2,5>, <37,2,5>, <38,2,4>, <39,2,7>, <40,2,8>, <41,2,1>, <42,2,14>, <43,2,3>, <44,2,5>, <45,2,4>, <46,2,3>, <47,2,2>, <48,2,7>, <49,2,3>, <50,2,7>, <51,2,5>, <52,2,4>, <53,2,17>, <54,2,6>, <55,2,2>, <56,2,1>, <57,2,3>, <59,2,2>, <60,2,5>, <61,2,9>, <63,2,7>, <64,2,2>, <65,2,5>, <66,2,8>, <68,2,4>, <69,2,9>, <70,2,3>, <71,2,6>, <72,2,6>, <75,2,5>, <76,2,4>, <78,2,14>, <79,2,2>, <80,2,13>, <81,2,1>, <82,2,1>, <83,2,2>, <84,2,4>, <85,2,7>, <86,2,1>, <87,2,2>, <88,2,1>, <89,2,1>, <92,2,2>, <93,2,2>, <94,2,1>, <95,2,2>, <96,2,3>, <98,2,2>, <99,2,2>, <101,2,1>, <102,2,4>, <103,2,4>, <105,2,1>, <106,2,3>, <107,2,4>, <108,2,1>, <109,2,1>, <110,2,3>, <111,2,2>, <112,2,2>, <113,2,1>, <114,2,1>, <115,2,4>, <117,2,1>, <118,2,8>, <119,2,2>, <120,2,5>, <122,2,2>, <124,2,1>, <125,2,1>, <126,2,3>, <130,2,2>, <132,2,2>, <134,2,1>, <135,2,1>, <136,2,1>, <137,2,1>, <141,2,2>, <142,2,1>, <143,2,1>, <144,2,3>, <145,2,1>, <146,2,2>, <148,2,3>, <149,2,5>, <150,2,5>, <151,2,5>, <156,2,3>, <157,2,1>, <158,2,2>, <159,2,1>, <160,2,1>, <161,2,2>, <162,2,1>, <163,2,1>, <166,2,1>, <167,2,1>, <169,2,4>, <170,2,1>, <172,2,6>, <173,2,1>, <174,2,1>, <176,2,1>, <177,2,3>, <178,2,5>, <179,2,1>, <180,2,1>, <181,2,1>, <182,2,2>, <183,2,3>, <185,2,2>, <186,2,2>, <187,2,2>, <188,2,1>, <189,2,1>, <191,2,4>, <192,2,1>, <193,2,3>, <194,2,1>, <195,2,2>, <197,2,2>, <198,2,1>, <199,2,1>, <200,2,1>, <201,2,1>, <203,2,3>, <206,2,1>, <207,2,2>, <208,2,1>, <209,2,2>, <210,2,1>, <212,2,1>, <213,2,1>, <214,2,1>, <215,2,3>, <218,2,1>, <219,2,1>, <220,2,3>, <222,2,2>, <223,2,1>, <225,2,6>, <227,2,1>, <230,2,1>, <231,2,2>, <234,2,1>, <235,2,1>, <237,2,2>, <238,2,1>, <240,2,1>, <241,2,1>, <242,2,2>, <244,2,2>, <245,2,1>, <246,2,1>, <249,2,1>, <250,2,3>, <251,2,2>, <252,2,1>, <253,2,1>, <256,2,1>, <258,2,2>, <259,2,1>, <261,2,1>, <262,2,1>, <263,2,6>, <265,2,1>, <266,2,1>, <268,2,1>, <271,2,1>, <273,2,1>, <275,2,1>, <277,2,1>, <279,2,3>, <280,2,1>, <283,2,1>, <284,2,1>, <288,2,1>, <289,2,1>, <292,2,1>, <293,2,1>, <297,2,3>, <299,2,2>, <300,2,3>, <302,2,1>, <303,2,1>, <304,2,1>, <306,2,1>, <307,2,1>, <308,2,2>, <310,2,1>, <311,2,2>, <312,2,1>, <313,2,4>, <317,2,1>, <321,2,1>, <323,2,1>, <324,2,1>, <328,2,1>, <329,2,1>, <330,2,1>, <331,2,2>, <332,2,1>, <334,2,1>, <335,2,1>, <337,2,1>, <338,2,2>, <340,2,2>, <341,2,1>, <343,2,2>, <344,2,1>, <345,2,4>, <346,2,1>, <348,2,1>, <350,2,1>, <352,2,2>, <353,2,1>, <354,2,2>, <355,2,2>, <364,2,3>, <365,2,1>, <366,2,1>, <367,2,2>, <369,2,1>, <370,2,1>, <372,2,1>, <373,2,1>, <378,2,1>, <382,2,1>, <383,2,1>, <386,2,1>, <388,2,1>, <389,2,2>, <392,2,2>, <398,2,1>, <401,2,1>, <405,2,1>, <407,2,1>, <408,2,1>, <409,2,1>, <413,2,1>, <416,2,1>, <417,2,1>, <421,2,2>, <423,2,1>, <425,2,3>, <427,2,1>, <429,2,1>, <430,2,1>, <433,2,2>, <435,2,3>, <438,2,1>, <442,2,1>, <443,2,2>, <444,2,1>, <445,2,1>, <447,2,1>, <448,2,1>, <450,2,1>, <451,2,1>, <452,2,1>, <457,2,1>, <462,2,1>, <464,2,1>, <469,2,1>, <472,2,1>, <473,2,1>, <474,2,1>, <478,2,1>, <480,2,1>, <481,2,1>, <486,2,1>, <487,2,1>, <491,2,1>, <492,2,1>, <494,2,1>, <495,2,4>, <499,2,1>, <500,2,1>, <505,2,1>, <512,2,2>, <513,2,1>, <515,2,1>, <521,2,1>, <522,2,1>, <524,2,1>, <527,2,1>, <532,2,1>, <534,2,1>, <537,2,1>, <538,2,1>, <547,2,1>, <548,2,1>, <550,2,1>, <551,2,1>, <556,2,1>, <559,2,3>, <563,2,1>, <565,2,3>, <573,2,2>, <584,2,2>, <589,2,2>, <590,2,1>, <592,2,1>, <600,2,1>, <601,2,1>, <604,2,1>, <605,2,1>, <616,2,1>, <620,2,4>, <622,2,1>, <623,2,3>, <625,2,2>, <627,2,1>, <631,2,1>, <641,2,1>, <642,2,1>, <645,2,1>, <646,2,1>, <647,2,2>, <650,2,1>, <652,2,1>, <656,2,1>, <668,2,1>, <671,2,1>, <673,2,1>, <685,2,1>, <691,2,1>, <692,2,1>, <693,2,1>, <696,2,1>, <699,2,1>, <706,2,1>, <708,2,1>, <714,2,1>, <715,2,1>, <716,2,1>, <718,2,1>, <719,2,1>, <724,2,1>, <735,2,1>, <738,2,2>, <746,2,1>, <749,2,1>, <751,2,3>, <757,2,2>, <762,2,1>, <765,2,2>, <769,2,1>, <770,2,1>, <773,2,1>, <776,2,1>, <779,2,2>, <781,2,1>, <786,2,1>, <791,2,2>, <792,2,1>, <796,2,1>, <798,2,1>, <799,2,2>, <804,2,1>, <808,2,4>, <810,2,1>, <818,2,2>, <820,2,1>, <822,2,1>, <826,2,2>, <828,2,1>, <834,2,1>, <835,2,1>, <841,2,1>, <845,2,1>, <846,2,1>, <847,2,1>, <855,2,2>, <857,2,1>, <858,2,1>, <862,2,1>, <869,2,1>, <877,2,1>, <878,2,1>, <882,2,1>, <887,2,1>, <890,2,1>, <893,2,1>, <894,2,1>, <898,2,1>, <900,2,1>, <905,2,1>, <907,2,1>, <908,2,1>, <912,2,1>, <915,2,1>, <936,2,1>, <938,2,2>, <946,2,1>, <951,2,1>, <953,2,1>, <954,2,1>, <956,2,1>, <968,2,1>, <969,2,1>, <980,2,1>, <981,2,1>, <987,2,1>, <1,1,371>, <2,1,266>, <3,1,100>, <4,1,24>, <6,1,54>, <7,1,35>, <8,1,64>, <9,1,78>, <10,1,3>, <11,1,11>, <12,1,45>, <13,1,42>, <14,1,66>, <15,1,18>, <16,1,9>, <17,1,1>, <18,1,34>, <19,1,2>, <20,1,1>, <21,1,15>, <22,1,6>, <23,1,8>, <24,1,2>, <25,1,16>, <26,1,13>, <27,1,8>, <28,1,25>, <29,1,1>, <30,1,9>, <31,1,1>, <32,1,7>, <34,1,20>, <35,1,13>, <36,1,4>, <37,1,25>, <38,1,19>, <39,1,16>, <40,1,6>, <41,1,32>, <42,1,6>, <43,1,5>, <44,1,7>, <45,1,7>, <46,1,6>, <47,1,7>, <48,1,20>, <49,1,12>, <51,1,11>, <52,1,4>, <53,1,1>, <54,1,7>, <55,1,4>, <56,1,6>, <57,1,21>, <58,1,1>, <59,1,5>, <60,1,1>, <61,1,1>, <62,1,14>, <63,1,3>, <64,1,6>, <65,1,5>, <66,1,2>, <67,1,1>, <68,1,3>, <69,1,4>, <70,1,4>, <71,1,1>, <72,1,6>, <73,1,5>, <74,1,2>, <75,1,6>, <76,1,5>, <77,1,1>, <78,1,1>, <79,1,3>, <80,1,8>, <81,1,1>, <82,1,5>, <83,1,5>, <84,1,1>, <85,1,7>, <86,1,1>, <88,1,1>, <89,1,8>, <90,1,1>, <91,1,2>, <92,1,1>, <93,1,1>, <94,1,1>, <96,1,2>, <98,1,2>, <99,1,1>, <104,1,4>, <105,1,4>, <106,1,3>, <107,1,2>, <108,1,1>, <109,1,3>, <110,1,3>, <111,1,4>, <112,1,2>, <113,1,4>, <114,1,3>, <115,1,3>, <116,1,4>, <117,1,2>, <120,1,2>, <121,1,1>, <123,1,3>, <125,1,5>, <126,1,4>, <127,1,5>, <129,1,1>, <131,1,1>, <132,1,5>, <133,1,3>, <134,1,2>, <135,1,3>, <136,1,1>, <137,1,3>, <138,1,2>, <139,1,2>, <140,1,1>, <141,1,1>, <142,1,2>, <144,1,3>, <145,1,2>, <146,1,2>, <147,1,6>, <148,1,1>, <149,1,4>, <150,1,6>, <152,1,1>, <153,1,1>, <154,1,1>, <155,1,1>, <156,1,1>, <157,1,1>, <158,1,1>, <160,1,1>, <162,1,1>, <164,1,2>, <165,1,1>, <166,1,2>, <167,1,3>, <168,1,1>, <169,1,1>, <170,1,5>, <171,1,1>, <174,1,1>, <175,1,1>, <177,1,1>, <178,1,2>, <179,1,1>, <180,1,1>, <181,1,1>, <185,1,2>, <186,1,1>, <187,1,1>, <188,1,3>, <189,1,1>, <190,1,3>, <192,1,1>, <193,1,1>, <194,1,2>, <196,1,2>, <198,1,1>, <199,1,3>, <200,1,2>, <201,1,2>, <202,1,1>, <203,1,1>, <207,1,2>, <210,1,1>, <211,1,2>, <213,1,1>, <214,1,2>, <216,1,5>, <217,1,3>, <220,1,2>, <221,1,1>, <223,1,2>, <225,1,1>, <226,1,1>, <229,1,2>, <230,1,1>, <234,1,1>, <236,1,1>, <238,1,4>, <239,1,2>, <240,1,4>, <242,1,1>, <243,1,3>, <244,1,2>, <245,1,1>, <246,1,4>, <247,1,1>, <250,1,1>, <251,1,1>, <254,1,4>, <255,1,1>, <257,1,4>, <259,1,3>, <260,1,1>, <261,1,3>, <262,1,1>, <264,1,1>, <265,1,1>, <267,1,2>, <272,1,1>, <273,1,1>, <275,1,1>, <276,1,2>, <277,1,1>, <278,1,1>, <279,1,1>, <280,1,2>, <282,1,1>, <289,1,1>, <290,1,1>, <292,1,1>, <293,1,2>, <296,1,1>, <297,1,1>, <299,1,2>, <300,1,1>, <305,1,2>, <306,1,2>, <307,1,1>, <310,1,1>, <311,1,1>, <316,1,1>, <317,1,1>, <318,1,2>, <320,1,3>, <321,1,1>, <323,1,1>, <325,1,1>, <326,1,2>, <330,1,1>, <333,1,1>, <334,1,1>, <335,1,3>, <336,1,1>, <337,1,2>, <338,1,3>, <340,1,2>, <341,1,1>, <343,1,1>, <344,1,1>, <345,1,1>, <346,1,1>, <347,1,3>, <352,1,1>, <353,1,3>, <354,1,2>, <355,1,1>, <357,1,1>, <363,1,1>, <365,1,3>, <366,1,3>, <367,1,1>, <368,1,2>, <378,1,2>, <379,1,4>, <380,1,1>, <381,1,1>, <382,1,1>, <383,1,1>, <387,1,1>, <389,1,2>, <391,1,2>, <395,1,2>, <397,1,1>, <398,1,1>, <399,1,1>, <400,1,3>, <402,1,1>, <405,1,1>, <407,1,1>, <408,1,1>, <411,1,1>, <413,1,1>, <415,1,1>, <416,1,1>, <420,1,1>, <422,1,1>, <425,1,1>, <427,1,2>, <429,1,1>, <435,1,1>, <440,1,1>, <444,1,1>, <447,1,1>, <448,1,2>, <449,1,1>, <453,1,1>, <455,1,1>, <458,1,2>, <462,1,1>, <466,1,1>, <467,1,1>, <469,1,1>, <473,1,1>, <476,1,1>, <477,1,1>, <478,1,1>, <481,1,1>, <483,1,1>, <484,1,1>, <485,1,1>, <487,1,1>, <490,1,1>, <491,1,1>, <494,1,1>, <495,1,2>, <496,1,1>, <497,1,1>, <499,1,1>, <500,1,1>, <502,1,1>, <504,1,1>, <505,1,1>, <506,1,1>, <509,1,2>, <510,1,2>, <512,1,2>, <513,1,1>, <515,1,1>, <520,1,1>, <521,1,2>, <523,1,1>, <524,1,2>, <525,1,1>, <531,1,1>, <534,1,1>, <535,1,1>, <537,1,1>, <538,1,1>, <539,1,1>, <541,1,1>, <544,1,1>, <548,1,2>, <553,1,1>, <556,1,1>, <563,1,1>, <564,1,1>, <567,1,1>, <569,1,1>, <571,1,1>, <577,1,1>, <578,1,1>, <589,1,1>, <592,1,1>, <596,1,1>, <600,1,1>, <604,1,1>, <606,1,1>, <608,1,1>, <609,1,1>, <613,1,1>, <616,1,1>, <618,1,1>, <621,1,1>, <624,1,1>, <625,1,2>, <626,1,1>, <630,1,1>, <634,1,1>, <645,1,1>, <646,1,1>, <647,1,2>, <649,1,1>, <650,1,1>, <651,1,2>, <652,1,1>, <658,1,1>, <660,1,1>, <664,1,1>, <677,1,1>, <678,1,1>, <682,1,1>, <684,1,1>, <687,1,1>, <693,1,1>, <702,1,1>, <706,1,1>, <709,1,1>, <710,1,1>, <713,1,3>, <716,1,1>, <738,1,1>, <742,1,2>, <744,1,1>, <746,1,2>, <755,1,1>, <756,1,1>, <757,1,1>, <758,1,1>, <761,1,1>, <765,1,1>, <770,1,2>, <773,1,1>, <775,1,1>, <776,1,1>, <779,1,1>, <781,1,2>, <784,1,1>, <788,1,1>, <797,1,2>, <803,1,1>, <804,1,1>, <807,1,1>, <808,1,1>, <815,1,1>, <818,1,1>, <822,1,1>, <826,1,1>, <831,1,1>, <837,1,1>, <838,1,1>, <840,1,2>, <844,1,1>, <848,1,2>, <850,1,1>, <855,1,1>, <858,1,1>, <859,1,1>, <863,1,1>, <869,1,1>, <876,1,1>, <883,1,1>, <885,1,1>, <887,1,1>, <893,1,1>, <895,1,1>, <900,1,1>, <908,1,1>, <909,1,1>, <912,1,1>, <920,1,1>, <932,1,1>, <938,1,1>, <939,1,1>, <941,1,1>, <946,1,2>, <950,1,1>, <952,1,1>, <957,1,1>, <960,1,1>, <973,1,1>, <979,1,1>, <982,1,1>, <984,1,2>, <992,1,1>, <996,1,1> };

MaxCacheStorageAtSingleAS= [ 1312.5  1312.5  1312.5  1312.5  1312.5 ] ;

MaxCacheStorage = 6562.5 ;
SolutionGap = 0.01 ;
