
ASes= { 1, 2, 3, 4, 5, 6, 7 } ;


Objects= { 1, 2, 3, 4, 5, 6, 7, 8, 9, 10, 11, 12, 13, 14, 15, 16, 17, 18, 19, 20, 21, 22, 23, 24, 25, 26, 27, 28, 29, 30, 31, 32, 33, 34, 35, 36, 37, 38, 39, 40, 41, 42, 43, 44, 45, 46, 47, 48, 49, 50, 51, 52, 53, 54, 55, 56, 57, 58, 59, 60, 61, 62, 63, 64, 65, 66, 67, 68, 69, 70, 71, 72, 73, 74, 75, 76, 77, 78, 79, 80, 81, 82, 83, 84, 85, 86, 87, 88, 89, 90, 91, 92, 93, 94, 95, 96, 97, 98, 99, 100, 101, 102, 103, 104, 105, 106, 107, 108, 109, 110, 111, 112, 113, 114, 115, 116, 117, 118, 119, 120, 121, 122, 123, 124, 125, 126, 127, 128, 129, 130, 131, 132, 133, 134, 135, 136, 137, 138, 139, 140, 141, 142, 143, 144, 145, 146, 147, 148, 149, 150, 151, 152, 153, 154, 155, 156, 157, 158, 159, 160, 161, 162, 163, 164, 165, 166, 167, 168, 169, 170, 171, 172, 173, 174, 175, 176, 177, 178, 179, 180, 181, 182, 183, 184, 185, 186, 187, 188, 189, 190, 191, 192, 193, 194, 195, 196, 197, 198, 199, 200, 201, 202, 203, 204, 205, 206, 207, 208, 209, 210, 211, 212, 213, 214, 215, 216, 217, 218, 219, 220, 221, 222, 223, 224, 225, 226, 227, 228, 229, 230, 231, 232, 233, 234, 235, 236, 237, 238, 239, 240, 241, 242, 243, 244, 245, 246, 247, 248, 249, 250, 251, 252, 253, 254, 255, 256, 257, 258, 259, 260, 261, 262, 263, 264, 265, 266, 267, 268, 269, 270, 271, 272, 273, 274, 275, 276, 277, 278, 279, 280, 281, 282, 283, 284, 285, 286, 287, 288, 289, 290, 291, 292, 293, 294, 295, 296, 297, 298, 299, 300, 301, 302, 303, 304, 305, 306, 307, 308, 309, 310, 311, 312, 313, 314, 315, 316, 317, 318, 319, 320, 321, 322, 323, 324, 325, 326, 327, 328, 329, 330, 331, 332, 333, 334, 335, 336, 337, 338, 339, 340, 341, 342, 343, 344, 345, 346, 347, 348, 349, 350, 351, 352, 353, 354, 355, 356, 357, 358, 359, 360, 361, 362, 363, 364, 365, 366, 367, 368, 369, 370, 371, 372, 373, 374, 375, 376, 377, 378, 379, 380, 381, 382, 383, 384, 385, 386, 387, 388, 389, 390, 391, 392, 393, 394, 395, 396, 397, 398, 399, 400, 401, 402, 403, 404, 405, 406, 407, 408, 409, 410, 411, 412, 413, 414, 415, 416, 417, 418, 419, 420, 421, 422, 423, 424, 425, 426, 427, 428, 429, 430, 431, 432, 433, 434, 435, 436, 437, 438, 439, 440, 441, 442, 443, 444, 445, 446, 447, 448, 449, 450, 451, 452, 453, 454, 455, 456, 457, 458, 459, 460, 461, 462, 463, 464, 465, 466, 467, 468, 469, 470, 471, 472, 473, 474, 475, 476, 477, 478, 479, 480, 481, 482, 483, 484, 485, 486, 487, 488, 489, 490, 491, 492, 493, 494, 495, 496, 497, 498, 499, 500, 501, 502, 503, 504, 505, 506, 507, 508, 509, 510, 511, 512, 513, 514, 515, 516, 517, 518, 519, 520, 521, 522, 523, 524, 525, 526, 527, 528, 529, 530, 531, 532, 533, 534, 535, 536, 537, 538, 539, 540, 541, 542, 543, 544, 545, 546, 547, 548, 549, 550, 551, 552, 553, 554, 555, 556, 557, 558, 559, 560, 561, 562, 563, 564, 565, 566, 567, 568, 569, 570, 571, 572, 573, 574, 575, 576, 577, 578, 579, 580, 581, 582, 583, 584, 585, 586, 587, 588, 589, 590, 591, 592, 593, 594, 595, 596, 597, 598, 599, 600, 601, 602, 603, 604, 605, 606, 607, 608, 609, 610, 611, 612, 613, 614, 615, 616, 617, 618, 619, 620, 621, 622, 623, 624, 625, 626, 627, 628, 629, 630, 631, 632, 633, 634, 635, 636, 637, 638, 639, 640, 641, 642, 643, 644, 645, 646, 647, 648, 649, 650, 651, 652, 653, 654, 655, 656, 657, 658, 659, 660, 661, 662, 663, 664, 665, 666, 667, 668, 669, 670, 671, 672, 673, 674, 675, 676, 677, 678, 679, 680, 681, 682, 683, 684, 685, 686, 687, 688, 689, 690, 691, 692, 693, 694, 695, 696, 697, 698, 699, 700, 701, 702, 703, 704, 705, 706, 707, 708, 709, 710, 711, 712, 713, 714, 715, 716, 717, 718, 719, 720, 721, 722, 723, 724, 725, 726, 727, 728, 729, 730, 731, 732, 733, 734, 735, 736, 737, 738, 739, 740, 741, 742, 743, 744, 745, 746, 747, 748, 749, 750, 751, 752, 753, 754, 755, 756, 757, 758, 759, 760, 761, 762, 763, 764, 765, 766, 767, 768, 769, 770, 771, 772, 773, 774, 775, 776, 777, 778, 779, 780, 781, 782, 783, 784, 785, 786, 787, 788, 789, 790, 791, 792, 793, 794, 795, 796, 797, 798, 799, 800, 801, 802, 803, 804, 805, 806, 807, 808, 809, 810, 811, 812, 813, 814, 815, 816, 817, 818, 819, 820, 821, 822, 823, 824, 825, 826, 827, 828, 829, 830, 831, 832, 833, 834, 835, 836, 837, 838, 839, 840, 841, 842, 843, 844, 845, 846, 847, 848, 849, 850, 851, 852, 853, 854, 855, 856, 857, 858, 859, 860, 861, 862, 863, 864, 865, 866, 867, 868, 869, 870, 871, 872, 873, 874, 875, 876, 877, 878, 879, 880, 881, 882, 883, 884, 885, 886, 887, 888, 889, 890, 891, 892, 893, 894, 895, 896, 897, 898, 899, 900, 901, 902, 903, 904, 905, 906, 907, 908, 909, 910, 911, 912, 913, 914, 915, 916, 917, 918, 919, 920, 921, 922, 923, 924, 925, 926, 927, 928, 929, 930, 931, 932, 933, 934, 935, 936, 937, 938, 939, 940, 941, 942, 943, 944, 945, 946, 947, 948, 949, 950, 951, 952, 953, 954, 955, 956, 957, 958, 959, 960, 961, 962, 963, 964, 965, 966, 967, 968, 969, 970, 971, 972, 973, 974, 975, 976, 977, 978, 979, 980, 981, 982, 983, 984, 985, 986, 987, 988, 989, 990, 991, 992, 993, 994, 995, 996, 997, 998, 999, 1000 } ;


QualityLevels= { 0, 1, 2, 3, 4, 5 } ;

Arcs = { <1,2,490000>, <2,1,490000>,<1,3,490000>, <3,1,490000>,<1,4,490000>, <4,1,490000>,<2,5,490000>, <5,2,490000>,<5,6,490000>, <6,5,490000>,<1,7,490000>, <7,1,490000> }; 


RatePerQuality= [ 0  300  700  1500  2500  3500 ] ;


CacheSpacePerQuality= [ 10000  11.25  26.25  56.25  93.75  131.25 ] ;


UtilityPerQuality= [ 0  0.66874  0.795271  0.880112  0.945742  1 ] ;


ObjectsPublishedByProducers=[ [ 0  0  1  0  0  0  0 ]  [ 0  0  0  0  1  0  0 ]  [ 0  0  0  0  1  0  0 ]  [ 0  0  0  1  0  0  0 ]  [ 0  0  0  0  0  0  1 ]  [ 0  0  0  0  0  0  1 ]  [ 0  1  0  0  0  0  0 ]  [ 0  0  0  0  1  0  0 ]  [ 0  0  1  0  0  0  0 ]  [ 0  0  1  0  0  0  0 ]  [ 0  0  0  0  1  0  0 ]  [ 0  0  0  0  0  0  1 ]  [ 0  0  0  0  1  0  0 ]  [ 0  0  1  0  0  0  0 ]  [ 0  0  0  0  0  0  1 ]  [ 0  0  0  0  1  0  0 ]  [ 0  0  0  1  0  0  0 ]  [ 1  0  0  0  0  0  0 ]  [ 1  0  0  0  0  0  0 ]  [ 0  0  1  0  0  0  0 ]  [ 0  0  1  0  0  0  0 ]  [ 0  0  0  0  0  0  1 ]  [ 1  0  0  0  0  0  0 ]  [ 0  0  0  0  0  1  0 ]  [ 0  0  0  1  0  0  0 ]  [ 0  0  0  0  0  1  0 ]  [ 0  0  1  0  0  0  0 ]  [ 0  0  0  1  0  0  0 ]  [ 0  0  0  0  0  0  1 ]  [ 0  0  0  0  0  0  1 ]  [ 0  0  0  1  0  0  0 ]  [ 0  0  0  1  0  0  0 ]  [ 0  0  0  1  0  0  0 ]  [ 0  0  0  0  0  0  1 ]  [ 0  0  0  0  0  1  0 ]  [ 0  0  1  0  0  0  0 ]  [ 0  0  0  0  1  0  0 ]  [ 0  0  0  0  0  0  1 ]  [ 0  1  0  0  0  0  0 ]  [ 0  0  0  1  0  0  0 ]  [ 1  0  0  0  0  0  0 ]  [ 1  0  0  0  0  0  0 ]  [ 0  0  1  0  0  0  0 ]  [ 0  0  0  0  0  1  0 ]  [ 0  0  0  0  1  0  0 ]  [ 0  1  0  0  0  0  0 ]  [ 1  0  0  0  0  0  0 ]  [ 0  0  0  0  0  1  0 ]  [ 0  0  0  0  1  0  0 ]  [ 0  1  0  0  0  0  0 ]  [ 0  0  0  0  0  1  0 ]  [ 0  1  0  0  0  0  0 ]  [ 1  0  0  0  0  0  0 ]  [ 0  0  0  0  1  0  0 ]  [ 0  0  0  0  0  0  1 ]  [ 0  1  0  0  0  0  0 ]  [ 0  0  1  0  0  0  0 ]  [ 0  0  0  1  0  0  0 ]  [ 0  0  0  0  1  0  0 ]  [ 0  0  0  0  0  1  0 ]  [ 0  0  0  1  0  0  0 ]  [ 0  0  0  0  0  0  1 ]  [ 0  1  0  0  0  0  0 ]  [ 0  1  0  0  0  0  0 ]  [ 0  0  0  0  0  1  0 ]  [ 0  0  0  0  0  0  1 ]  [ 0  0  0  0  0  0  1 ]  [ 0  0  0  0  1  0  0 ]  [ 0  0  0  0  0  0  1 ]  [ 0  0  0  0  0  1  0 ]  [ 0  0  0  0  0  0  1 ]  [ 0  0  1  0  0  0  0 ]  [ 0  0  1  0  0  0  0 ]  [ 0  1  0  0  0  0  0 ]  [ 1  0  0  0  0  0  0 ]  [ 0  1  0  0  0  0  0 ]  [ 0  0  0  0  0  1  0 ]  [ 0  0  0  1  0  0  0 ]  [ 0  0  0  0  0  0  1 ]  [ 1  0  0  0  0  0  0 ]  [ 0  0  0  0  1  0  0 ]  [ 0  0  0  0  0  0  1 ]  [ 1  0  0  0  0  0  0 ]  [ 0  0  0  1  0  0  0 ]  [ 0  0  0  0  0  0  1 ]  [ 1  0  0  0  0  0  0 ]  [ 0  1  0  0  0  0  0 ]  [ 0  0  0  0  0  0  1 ]  [ 0  0  0  1  0  0  0 ]  [ 0  0  0  0  0  0  1 ]  [ 1  0  0  0  0  0  0 ]  [ 0  0  1  0  0  0  0 ]  [ 0  0  0  0  1  0  0 ]  [ 0  0  0  0  1  0  0 ]  [ 1  0  0  0  0  0  0 ]  [ 0  0  0  0  1  0  0 ]  [ 0  0  0  0  1  0  0 ]  [ 0  0  0  0  0  0  1 ]  [ 0  0  0  0  0  0  1 ]  [ 0  0  0  0  0  1  0 ]  [ 0  0  1  0  0  0  0 ]  [ 1  0  0  0  0  0  0 ]  [ 0  0  0  0  0  0  1 ]  [ 0  0  0  1  0  0  0 ]  [ 0  0  0  0  0  0  1 ]  [ 0  0  0  0  0  0  1 ]  [ 0  0  0  0  0  1  0 ]  [ 0  0  0  0  0  1  0 ]  [ 0  0  0  0  0  0  1 ]  [ 0  1  0  0  0  0  0 ]  [ 0  1  0  0  0  0  0 ]  [ 0  0  0  0  0  0  1 ]  [ 0  0  1  0  0  0  0 ]  [ 0  0  0  1  0  0  0 ]  [ 0  0  0  1  0  0  0 ]  [ 0  1  0  0  0  0  0 ]  [ 1  0  0  0  0  0  0 ]  [ 0  0  0  0  1  0  0 ]  [ 0  0  0  0  1  0  0 ]  [ 0  0  0  0  1  0  0 ]  [ 0  0  0  1  0  0  0 ]  [ 0  0  0  0  1  0  0 ]  [ 0  1  0  0  0  0  0 ]  [ 0  0  1  0  0  0  0 ]  [ 0  0  1  0  0  0  0 ]  [ 0  0  1  0  0  0  0 ]  [ 0  0  0  0  1  0  0 ]  [ 0  0  0  1  0  0  0 ]  [ 0  0  1  0  0  0  0 ]  [ 0  1  0  0  0  0  0 ]  [ 0  0  0  0  0  1  0 ]  [ 0  0  1  0  0  0  0 ]  [ 0  0  0  1  0  0  0 ]  [ 0  0  0  0  0  0  1 ]  [ 0  0  0  1  0  0  0 ]  [ 0  0  0  1  0  0  0 ]  [ 0  1  0  0  0  0  0 ]  [ 0  0  0  0  0  0  1 ]  [ 0  0  0  0  0  1  0 ]  [ 0  0  0  0  0  0  1 ]  [ 0  0  1  0  0  0  0 ]  [ 0  0  0  0  0  1  0 ]  [ 0  0  0  0  0  1  0 ]  [ 0  0  0  1  0  0  0 ]  [ 0  0  1  0  0  0  0 ]  [ 1  0  0  0  0  0  0 ]  [ 0  0  0  0  0  0  1 ]  [ 0  0  0  1  0  0  0 ]  [ 0  1  0  0  0  0  0 ]  [ 0  0  0  0  1  0  0 ]  [ 0  0  1  0  0  0  0 ]  [ 0  0  1  0  0  0  0 ]  [ 0  0  0  1  0  0  0 ]  [ 0  0  0  0  1  0  0 ]  [ 0  0  0  1  0  0  0 ]  [ 0  1  0  0  0  0  0 ]  [ 0  1  0  0  0  0  0 ]  [ 0  0  0  0  0  0  1 ]  [ 0  0  0  1  0  0  0 ]  [ 1  0  0  0  0  0  0 ]  [ 0  0  0  0  1  0  0 ]  [ 0  0  0  0  0  0  1 ]  [ 0  0  0  1  0  0  0 ]  [ 0  1  0  0  0  0  0 ]  [ 0  0  0  0  0  1  0 ]  [ 0  1  0  0  0  0  0 ]  [ 0  0  0  0  0  1  0 ]  [ 0  1  0  0  0  0  0 ]  [ 0  0  1  0  0  0  0 ]  [ 0  0  0  0  0  1  0 ]  [ 1  0  0  0  0  0  0 ]  [ 1  0  0  0  0  0  0 ]  [ 0  0  0  0  0  1  0 ]  [ 1  0  0  0  0  0  0 ]  [ 0  0  0  0  0  1  0 ]  [ 1  0  0  0  0  0  0 ]  [ 0  0  0  0  1  0  0 ]  [ 0  0  0  0  0  1  0 ]  [ 0  0  0  1  0  0  0 ]  [ 0  0  1  0  0  0  0 ]  [ 1  0  0  0  0  0  0 ]  [ 0  0  1  0  0  0  0 ]  [ 0  0  0  0  1  0  0 ]  [ 1  0  0  0  0  0  0 ]  [ 0  0  0  0  0  0  1 ]  [ 0  0  0  1  0  0  0 ]  [ 1  0  0  0  0  0  0 ]  [ 1  0  0  0  0  0  0 ]  [ 0  1  0  0  0  0  0 ]  [ 0  0  0  0  0  0  1 ]  [ 0  0  0  0  0  1  0 ]  [ 0  0  0  0  0  1  0 ]  [ 0  0  0  1  0  0  0 ]  [ 0  1  0  0  0  0  0 ]  [ 0  0  0  0  0  0  1 ]  [ 0  0  0  1  0  0  0 ]  [ 0  0  1  0  0  0  0 ]  [ 0  1  0  0  0  0  0 ]  [ 0  0  0  0  0  1  0 ]  [ 0  0  0  0  0  0  1 ]  [ 0  0  0  0  0  1  0 ]  [ 1  0  0  0  0  0  0 ]  [ 1  0  0  0  0  0  0 ]  [ 0  0  1  0  0  0  0 ]  [ 0  0  0  1  0  0  0 ]  [ 0  0  0  0  0  1  0 ]  [ 1  0  0  0  0  0  0 ]  [ 0  0  0  0  1  0  0 ]  [ 0  0  0  0  0  1  0 ]  [ 0  0  0  1  0  0  0 ]  [ 0  1  0  0  0  0  0 ]  [ 0  0  0  0  1  0  0 ]  [ 1  0  0  0  0  0  0 ]  [ 0  0  0  0  0  1  0 ]  [ 1  0  0  0  0  0  0 ]  [ 0  1  0  0  0  0  0 ]  [ 0  0  0  0  0  0  1 ]  [ 1  0  0  0  0  0  0 ]  [ 0  0  0  1  0  0  0 ]  [ 0  0  0  0  1  0  0 ]  [ 0  0  1  0  0  0  0 ]  [ 0  0  0  1  0  0  0 ]  [ 1  0  0  0  0  0  0 ]  [ 0  0  0  1  0  0  0 ]  [ 0  0  0  0  1  0  0 ]  [ 0  1  0  0  0  0  0 ]  [ 0  0  0  0  1  0  0 ]  [ 0  0  0  0  0  1  0 ]  [ 0  0  0  0  0  1  0 ]  [ 0  0  0  0  0  1  0 ]  [ 1  0  0  0  0  0  0 ]  [ 0  1  0  0  0  0  0 ]  [ 1  0  0  0  0  0  0 ]  [ 1  0  0  0  0  0  0 ]  [ 0  0  1  0  0  0  0 ]  [ 0  0  0  0  0  0  1 ]  [ 0  0  1  0  0  0  0 ]  [ 0  0  1  0  0  0  0 ]  [ 0  0  1  0  0  0  0 ]  [ 1  0  0  0  0  0  0 ]  [ 0  0  0  0  1  0  0 ]  [ 0  0  0  0  1  0  0 ]  [ 0  0  0  0  0  1  0 ]  [ 0  1  0  0  0  0  0 ]  [ 0  0  0  0  1  0  0 ]  [ 0  0  0  0  0  1  0 ]  [ 0  0  0  0  0  0  1 ]  [ 0  0  0  1  0  0  0 ]  [ 0  0  1  0  0  0  0 ]  [ 0  0  0  1  0  0  0 ]  [ 1  0  0  0  0  0  0 ]  [ 0  0  0  0  0  0  1 ]  [ 1  0  0  0  0  0  0 ]  [ 0  0  0  0  0  0  1 ]  [ 0  0  0  1  0  0  0 ]  [ 0  0  0  0  1  0  0 ]  [ 0  0  0  0  1  0  0 ]  [ 0  0  1  0  0  0  0 ]  [ 0  1  0  0  0  0  0 ]  [ 0  0  1  0  0  0  0 ]  [ 0  0  1  0  0  0  0 ]  [ 1  0  0  0  0  0  0 ]  [ 0  0  1  0  0  0  0 ]  [ 0  0  0  1  0  0  0 ]  [ 1  0  0  0  0  0  0 ]  [ 0  0  0  0  0  1  0 ]  [ 0  0  1  0  0  0  0 ]  [ 0  0  0  1  0  0  0 ]  [ 0  0  0  1  0  0  0 ]  [ 0  0  0  0  1  0  0 ]  [ 0  0  1  0  0  0  0 ]  [ 1  0  0  0  0  0  0 ]  [ 0  0  0  0  0  1  0 ]  [ 1  0  0  0  0  0  0 ]  [ 1  0  0  0  0  0  0 ]  [ 0  0  0  0  0  1  0 ]  [ 0  0  0  1  0  0  0 ]  [ 0  0  0  0  0  0  1 ]  [ 0  0  1  0  0  0  0 ]  [ 0  1  0  0  0  0  0 ]  [ 0  0  1  0  0  0  0 ]  [ 0  0  1  0  0  0  0 ]  [ 1  0  0  0  0  0  0 ]  [ 0  0  0  0  0  1  0 ]  [ 0  1  0  0  0  0  0 ]  [ 0  0  0  0  0  0  1 ]  [ 0  0  0  0  0  1  0 ]  [ 0  0  1  0  0  0  0 ]  [ 1  0  0  0  0  0  0 ]  [ 1  0  0  0  0  0  0 ]  [ 1  0  0  0  0  0  0 ]  [ 0  0  1  0  0  0  0 ]  [ 0  0  0  1  0  0  0 ]  [ 0  1  0  0  0  0  0 ]  [ 1  0  0  0  0  0  0 ]  [ 0  0  0  0  0  0  1 ]  [ 0  1  0  0  0  0  0 ]  [ 0  1  0  0  0  0  0 ]  [ 0  0  0  1  0  0  0 ]  [ 0  0  0  0  0  0  1 ]  [ 0  0  0  0  0  1  0 ]  [ 0  0  0  1  0  0  0 ]  [ 0  0  1  0  0  0  0 ]  [ 0  0  0  1  0  0  0 ]  [ 1  0  0  0  0  0  0 ]  [ 0  0  0  0  0  0  1 ]  [ 0  1  0  0  0  0  0 ]  [ 0  1  0  0  0  0  0 ]  [ 1  0  0  0  0  0  0 ]  [ 0  0  0  0  0  1  0 ]  [ 0  0  0  0  0  1  0 ]  [ 0  0  0  0  0  1  0 ]  [ 0  0  0  0  0  1  0 ]  [ 0  0  0  0  1  0  0 ]  [ 1  0  0  0  0  0  0 ]  [ 0  0  0  0  0  1  0 ]  [ 0  0  0  0  0  1  0 ]  [ 0  0  0  0  0  0  1 ]  [ 0  1  0  0  0  0  0 ]  [ 0  1  0  0  0  0  0 ]  [ 0  0  0  1  0  0  0 ]  [ 0  0  1  0  0  0  0 ]  [ 0  0  0  1  0  0  0 ]  [ 0  0  1  0  0  0  0 ]  [ 0  0  0  0  0  0  1 ]  [ 0  0  1  0  0  0  0 ]  [ 0  0  1  0  0  0  0 ]  [ 0  1  0  0  0  0  0 ]  [ 0  0  0  0  0  1  0 ]  [ 0  0  0  0  1  0  0 ]  [ 0  0  0  0  0  0  1 ]  [ 1  0  0  0  0  0  0 ]  [ 0  0  0  1  0  0  0 ]  [ 0  0  0  0  0  0  1 ]  [ 0  0  0  0  1  0  0 ]  [ 0  0  1  0  0  0  0 ]  [ 1  0  0  0  0  0  0 ]  [ 0  0  0  1  0  0  0 ]  [ 0  0  0  0  1  0  0 ]  [ 1  0  0  0  0  0  0 ]  [ 0  0  0  0  1  0  0 ]  [ 0  0  0  0  0  1  0 ]  [ 0  0  1  0  0  0  0 ]  [ 0  0  0  0  0  0  1 ]  [ 1  0  0  0  0  0  0 ]  [ 0  0  0  0  0  1  0 ]  [ 1  0  0  0  0  0  0 ]  [ 0  0  1  0  0  0  0 ]  [ 1  0  0  0  0  0  0 ]  [ 0  0  1  0  0  0  0 ]  [ 0  0  0  0  0  1  0 ]  [ 1  0  0  0  0  0  0 ]  [ 0  0  0  0  1  0  0 ]  [ 1  0  0  0  0  0  0 ]  [ 0  0  0  0  1  0  0 ]  [ 0  0  0  0  1  0  0 ]  [ 0  1  0  0  0  0  0 ]  [ 0  0  0  1  0  0  0 ]  [ 0  0  0  0  0  0  1 ]  [ 0  0  0  1  0  0  0 ]  [ 0  0  0  0  1  0  0 ]  [ 0  1  0  0  0  0  0 ]  [ 0  0  0  1  0  0  0 ]  [ 0  0  1  0  0  0  0 ]  [ 1  0  0  0  0  0  0 ]  [ 0  0  0  0  1  0  0 ]  [ 0  0  0  0  0  0  1 ]  [ 0  0  0  0  0  0  1 ]  [ 0  0  0  0  1  0  0 ]  [ 0  0  0  0  0  0  1 ]  [ 0  0  0  0  0  1  0 ]  [ 0  0  0  0  0  1  0 ]  [ 0  0  0  1  0  0  0 ]  [ 0  0  1  0  0  0  0 ]  [ 0  1  0  0  0  0  0 ]  [ 0  0  0  0  0  1  0 ]  [ 0  0  0  0  0  0  1 ]  [ 0  0  1  0  0  0  0 ]  [ 0  0  0  0  0  1  0 ]  [ 0  0  1  0  0  0  0 ]  [ 0  0  1  0  0  0  0 ]  [ 0  0  0  1  0  0  0 ]  [ 0  0  0  0  1  0  0 ]  [ 0  0  0  0  0  1  0 ]  [ 0  0  0  0  0  1  0 ]  [ 0  1  0  0  0  0  0 ]  [ 0  0  0  1  0  0  0 ]  [ 0  0  1  0  0  0  0 ]  [ 0  0  0  0  0  0  1 ]  [ 0  0  0  0  0  0  1 ]  [ 0  1  0  0  0  0  0 ]  [ 0  0  0  0  0  0  1 ]  [ 0  1  0  0  0  0  0 ]  [ 0  0  0  0  1  0  0 ]  [ 0  0  0  1  0  0  0 ]  [ 0  0  0  0  0  0  1 ]  [ 0  0  0  0  0  0  1 ]  [ 0  0  0  1  0  0  0 ]  [ 0  0  0  0  0  1  0 ]  [ 0  0  0  0  0  0  1 ]  [ 1  0  0  0  0  0  0 ]  [ 1  0  0  0  0  0  0 ]  [ 0  0  0  1  0  0  0 ]  [ 0  1  0  0  0  0  0 ]  [ 0  0  1  0  0  0  0 ]  [ 0  0  1  0  0  0  0 ]  [ 0  0  0  0  0  0  1 ]  [ 1  0  0  0  0  0  0 ]  [ 0  0  0  1  0  0  0 ]  [ 0  0  0  0  1  0  0 ]  [ 1  0  0  0  0  0  0 ]  [ 0  0  0  0  0  1  0 ]  [ 0  1  0  0  0  0  0 ]  [ 0  0  0  0  1  0  0 ]  [ 0  0  0  0  0  1  0 ]  [ 0  1  0  0  0  0  0 ]  [ 0  0  0  0  1  0  0 ]  [ 0  1  0  0  0  0  0 ]  [ 0  0  0  0  1  0  0 ]  [ 1  0  0  0  0  0  0 ]  [ 1  0  0  0  0  0  0 ]  [ 0  0  0  0  0  0  1 ]  [ 0  0  0  1  0  0  0 ]  [ 0  0  0  1  0  0  0 ]  [ 0  0  0  1  0  0  0 ]  [ 0  0  0  0  0  0  1 ]  [ 0  0  0  0  1  0  0 ]  [ 0  0  1  0  0  0  0 ]  [ 0  1  0  0  0  0  0 ]  [ 0  0  0  0  1  0  0 ]  [ 0  0  0  0  0  1  0 ]  [ 0  0  0  0  0  0  1 ]  [ 0  0  0  1  0  0  0 ]  [ 0  0  0  0  1  0  0 ]  [ 0  0  1  0  0  0  0 ]  [ 1  0  0  0  0  0  0 ]  [ 0  0  0  0  1  0  0 ]  [ 0  1  0  0  0  0  0 ]  [ 0  0  0  1  0  0  0 ]  [ 1  0  0  0  0  0  0 ]  [ 1  0  0  0  0  0  0 ]  [ 0  0  1  0  0  0  0 ]  [ 0  0  0  0  1  0  0 ]  [ 0  0  0  0  1  0  0 ]  [ 0  1  0  0  0  0  0 ]  [ 0  1  0  0  0  0  0 ]  [ 0  0  0  0  0  0  1 ]  [ 1  0  0  0  0  0  0 ]  [ 1  0  0  0  0  0  0 ]  [ 0  0  0  0  0  1  0 ]  [ 0  0  0  0  1  0  0 ]  [ 0  0  0  0  0  0  1 ]  [ 0  0  0  1  0  0  0 ]  [ 0  0  0  0  0  1  0 ]  [ 0  0  1  0  0  0  0 ]  [ 1  0  0  0  0  0  0 ]  [ 1  0  0  0  0  0  0 ]  [ 0  0  1  0  0  0  0 ]  [ 0  1  0  0  0  0  0 ]  [ 0  0  0  0  0  1  0 ]  [ 0  0  1  0  0  0  0 ]  [ 0  0  0  0  0  1  0 ]  [ 0  0  0  1  0  0  0 ]  [ 0  0  0  0  1  0  0 ]  [ 0  0  1  0  0  0  0 ]  [ 0  0  0  1  0  0  0 ]  [ 0  0  0  0  0  0  1 ]  [ 0  0  1  0  0  0  0 ]  [ 0  1  0  0  0  0  0 ]  [ 0  1  0  0  0  0  0 ]  [ 0  0  0  0  1  0  0 ]  [ 0  0  0  1  0  0  0 ]  [ 0  0  0  1  0  0  0 ]  [ 0  0  0  0  0  0  1 ]  [ 0  0  0  1  0  0  0 ]  [ 0  1  0  0  0  0  0 ]  [ 0  0  0  1  0  0  0 ]  [ 0  1  0  0  0  0  0 ]  [ 0  0  0  0  1  0  0 ]  [ 0  0  0  0  1  0  0 ]  [ 1  0  0  0  0  0  0 ]  [ 0  0  0  0  0  0  1 ]  [ 0  0  0  0  0  0  1 ]  [ 0  0  0  0  1  0  0 ]  [ 0  0  0  0  1  0  0 ]  [ 0  0  0  0  0  0  1 ]  [ 0  0  0  0  0  1  0 ]  [ 0  0  0  1  0  0  0 ]  [ 0  0  1  0  0  0  0 ]  [ 0  0  0  0  1  0  0 ]  [ 0  0  1  0  0  0  0 ]  [ 0  0  0  0  1  0  0 ]  [ 0  0  0  0  0  0  1 ]  [ 1  0  0  0  0  0  0 ]  [ 0  0  0  0  1  0  0 ]  [ 1  0  0  0  0  0  0 ]  [ 0  0  1  0  0  0  0 ]  [ 0  0  0  0  0  0  1 ]  [ 0  1  0  0  0  0  0 ]  [ 0  0  0  0  0  1  0 ]  [ 0  0  0  0  0  0  1 ]  [ 0  0  0  0  0  1  0 ]  [ 0  0  0  0  0  0  1 ]  [ 0  0  1  0  0  0  0 ]  [ 0  0  0  0  0  0  1 ]  [ 0  0  0  0  0  0  1 ]  [ 0  0  0  0  0  1  0 ]  [ 0  0  0  0  0  1  0 ]  [ 0  0  0  0  1  0  0 ]  [ 0  1  0  0  0  0  0 ]  [ 0  0  0  0  0  0  1 ]  [ 0  1  0  0  0  0  0 ]  [ 0  0  0  0  0  1  0 ]  [ 0  0  0  1  0  0  0 ]  [ 0  0  1  0  0  0  0 ]  [ 0  0  0  1  0  0  0 ]  [ 0  1  0  0  0  0  0 ]  [ 1  0  0  0  0  0  0 ]  [ 0  0  0  0  1  0  0 ]  [ 0  0  0  0  0  0  1 ]  [ 1  0  0  0  0  0  0 ]  [ 0  0  0  0  0  0  1 ]  [ 0  0  0  0  1  0  0 ]  [ 0  0  0  0  0  1  0 ]  [ 0  0  0  0  1  0  0 ]  [ 1  0  0  0  0  0  0 ]  [ 0  0  0  0  0  1  0 ]  [ 0  0  0  1  0  0  0 ]  [ 0  1  0  0  0  0  0 ]  [ 0  0  0  0  0  0  1 ]  [ 0  0  0  0  0  1  0 ]  [ 0  0  1  0  0  0  0 ]  [ 0  0  0  0  0  1  0 ]  [ 0  0  0  0  0  1  0 ]  [ 0  0  0  0  0  1  0 ]  [ 1  0  0  0  0  0  0 ]  [ 0  1  0  0  0  0  0 ]  [ 0  0  0  0  1  0  0 ]  [ 1  0  0  0  0  0  0 ]  [ 0  0  0  0  1  0  0 ]  [ 0  0  0  0  0  0  1 ]  [ 0  0  0  0  1  0  0 ]  [ 0  1  0  0  0  0  0 ]  [ 0  1  0  0  0  0  0 ]  [ 0  1  0  0  0  0  0 ]  [ 0  0  0  0  0  1  0 ]  [ 0  1  0  0  0  0  0 ]  [ 0  1  0  0  0  0  0 ]  [ 1  0  0  0  0  0  0 ]  [ 0  0  0  0  1  0  0 ]  [ 0  0  0  0  1  0  0 ]  [ 0  0  0  0  1  0  0 ]  [ 0  0  0  0  1  0  0 ]  [ 0  1  0  0  0  0  0 ]  [ 0  0  0  0  0  1  0 ]  [ 0  0  0  1  0  0  0 ]  [ 0  1  0  0  0  0  0 ]  [ 1  0  0  0  0  0  0 ]  [ 0  0  0  0  0  0  1 ]  [ 0  0  0  1  0  0  0 ]  [ 0  0  0  0  1  0  0 ]  [ 0  0  0  0  0  0  1 ]  [ 0  0  0  0  0  0  1 ]  [ 0  0  1  0  0  0  0 ]  [ 0  0  0  0  0  0  1 ]  [ 0  0  0  0  1  0  0 ]  [ 0  0  0  0  0  1  0 ]  [ 0  0  0  0  0  1  0 ]  [ 0  1  0  0  0  0  0 ]  [ 0  0  1  0  0  0  0 ]  [ 0  0  0  0  0  0  1 ]  [ 1  0  0  0  0  0  0 ]  [ 0  1  0  0  0  0  0 ]  [ 0  0  0  0  0  1  0 ]  [ 0  1  0  0  0  0  0 ]  [ 0  1  0  0  0  0  0 ]  [ 0  0  0  1  0  0  0 ]  [ 0  0  0  1  0  0  0 ]  [ 1  0  0  0  0  0  0 ]  [ 0  0  0  1  0  0  0 ]  [ 0  0  1  0  0  0  0 ]  [ 0  0  0  0  1  0  0 ]  [ 0  0  0  0  0  0  1 ]  [ 0  0  0  0  0  1  0 ]  [ 0  0  0  0  0  0  1 ]  [ 0  0  0  0  1  0  0 ]  [ 0  0  0  1  0  0  0 ]  [ 0  1  0  0  0  0  0 ]  [ 0  1  0  0  0  0  0 ]  [ 0  0  0  0  1  0  0 ]  [ 0  0  0  1  0  0  0 ]  [ 0  1  0  0  0  0  0 ]  [ 0  0  0  1  0  0  0 ]  [ 0  0  0  0  0  0  1 ]  [ 0  0  0  1  0  0  0 ]  [ 0  0  0  0  1  0  0 ]  [ 1  0  0  0  0  0  0 ]  [ 0  0  0  0  0  1  0 ]  [ 0  0  0  1  0  0  0 ]  [ 1  0  0  0  0  0  0 ]  [ 0  1  0  0  0  0  0 ]  [ 0  0  0  0  1  0  0 ]  [ 0  0  1  0  0  0  0 ]  [ 1  0  0  0  0  0  0 ]  [ 0  1  0  0  0  0  0 ]  [ 0  0  0  0  0  1  0 ]  [ 0  0  0  0  0  0  1 ]  [ 0  0  0  0  1  0  0 ]  [ 0  0  0  0  1  0  0 ]  [ 0  0  0  1  0  0  0 ]  [ 0  1  0  0  0  0  0 ]  [ 0  0  0  1  0  0  0 ]  [ 1  0  0  0  0  0  0 ]  [ 0  0  0  0  0  0  1 ]  [ 1  0  0  0  0  0  0 ]  [ 0  0  0  0  1  0  0 ]  [ 0  1  0  0  0  0  0 ]  [ 0  0  0  1  0  0  0 ]  [ 0  0  0  0  0  0  1 ]  [ 0  0  1  0  0  0  0 ]  [ 0  0  1  0  0  0  0 ]  [ 0  0  0  0  1  0  0 ]  [ 0  0  0  0  0  1  0 ]  [ 0  0  0  0  1  0  0 ]  [ 0  0  0  1  0  0  0 ]  [ 0  0  0  0  1  0  0 ]  [ 0  0  0  0  1  0  0 ]  [ 0  0  0  0  0  1  0 ]  [ 0  0  1  0  0  0  0 ]  [ 0  0  0  0  0  1  0 ]  [ 0  0  0  0  0  0  1 ]  [ 0  0  1  0  0  0  0 ]  [ 0  0  0  1  0  0  0 ]  [ 0  0  1  0  0  0  0 ]  [ 0  1  0  0  0  0  0 ]  [ 1  0  0  0  0  0  0 ]  [ 0  0  0  1  0  0  0 ]  [ 0  0  1  0  0  0  0 ]  [ 0  1  0  0  0  0  0 ]  [ 0  0  0  0  1  0  0 ]  [ 1  0  0  0  0  0  0 ]  [ 0  1  0  0  0  0  0 ]  [ 0  0  0  0  0  1  0 ]  [ 0  0  0  0  1  0  0 ]  [ 0  0  1  0  0  0  0 ]  [ 0  1  0  0  0  0  0 ]  [ 0  0  1  0  0  0  0 ]  [ 0  0  0  0  0  1  0 ]  [ 0  0  0  0  0  0  1 ]  [ 0  0  0  0  0  1  0 ]  [ 0  0  0  1  0  0  0 ]  [ 0  0  0  1  0  0  0 ]  [ 0  0  0  0  1  0  0 ]  [ 0  0  0  0  0  0  1 ]  [ 0  1  0  0  0  0  0 ]  [ 0  0  0  1  0  0  0 ]  [ 0  0  0  0  1  0  0 ]  [ 0  0  0  0  0  1  0 ]  [ 0  1  0  0  0  0  0 ]  [ 1  0  0  0  0  0  0 ]  [ 1  0  0  0  0  0  0 ]  [ 0  0  1  0  0  0  0 ]  [ 0  0  0  0  1  0  0 ]  [ 1  0  0  0  0  0  0 ]  [ 0  0  0  0  0  1  0 ]  [ 0  0  0  0  0  1  0 ]  [ 0  1  0  0  0  0  0 ]  [ 1  0  0  0  0  0  0 ]  [ 0  0  0  0  0  1  0 ]  [ 1  0  0  0  0  0  0 ]  [ 0  0  0  0  1  0  0 ]  [ 0  0  0  1  0  0  0 ]  [ 1  0  0  0  0  0  0 ]  [ 0  0  1  0  0  0  0 ]  [ 0  0  0  1  0  0  0 ]  [ 0  1  0  0  0  0  0 ]  [ 0  0  1  0  0  0  0 ]  [ 0  0  0  0  0  1  0 ]  [ 0  0  1  0  0  0  0 ]  [ 0  0  0  0  0  0  1 ]  [ 0  0  0  0  1  0  0 ]  [ 1  0  0  0  0  0  0 ]  [ 0  0  1  0  0  0  0 ]  [ 0  0  1  0  0  0  0 ]  [ 0  0  0  0  1  0  0 ]  [ 0  0  1  0  0  0  0 ]  [ 0  0  0  1  0  0  0 ]  [ 0  0  1  0  0  0  0 ]  [ 0  0  1  0  0  0  0 ]  [ 0  0  1  0  0  0  0 ]  [ 0  1  0  0  0  0  0 ]  [ 0  0  0  0  1  0  0 ]  [ 0  1  0  0  0  0  0 ]  [ 0  0  0  0  1  0  0 ]  [ 0  1  0  0  0  0  0 ]  [ 0  0  0  0  0  1  0 ]  [ 0  1  0  0  0  0  0 ]  [ 1  0  0  0  0  0  0 ]  [ 0  1  0  0  0  0  0 ]  [ 0  0  0  1  0  0  0 ]  [ 0  0  1  0  0  0  0 ]  [ 1  0  0  0  0  0  0 ]  [ 0  1  0  0  0  0  0 ]  [ 0  0  0  0  0  1  0 ]  [ 0  1  0  0  0  0  0 ]  [ 0  0  0  0  0  0  1 ]  [ 0  0  0  0  0  0  1 ]  [ 0  0  1  0  0  0  0 ]  [ 0  0  0  0  0  1  0 ]  [ 0  0  0  0  0  1  0 ]  [ 0  0  0  1  0  0  0 ]  [ 1  0  0  0  0  0  0 ]  [ 0  0  0  0  0  1  0 ]  [ 0  1  0  0  0  0  0 ]  [ 0  1  0  0  0  0  0 ]  [ 0  0  0  0  1  0  0 ]  [ 0  0  0  0  1  0  0 ]  [ 0  0  0  0  1  0  0 ]  [ 0  0  0  1  0  0  0 ]  [ 1  0  0  0  0  0  0 ]  [ 0  0  0  1  0  0  0 ]  [ 1  0  0  0  0  0  0 ]  [ 0  0  0  0  1  0  0 ]  [ 0  0  0  0  1  0  0 ]  [ 0  0  1  0  0  0  0 ]  [ 0  0  1  0  0  0  0 ]  [ 0  0  0  0  1  0  0 ]  [ 0  0  0  0  0  0  1 ]  [ 0  0  0  0  0  1  0 ]  [ 1  0  0  0  0  0  0 ]  [ 0  0  1  0  0  0  0 ]  [ 0  0  0  0  0  0  1 ]  [ 0  0  0  0  0  0  1 ]  [ 0  0  1  0  0  0  0 ]  [ 0  0  0  0  0  1  0 ]  [ 0  1  0  0  0  0  0 ]  [ 1  0  0  0  0  0  0 ]  [ 0  0  1  0  0  0  0 ]  [ 0  0  0  0  0  0  1 ]  [ 0  0  1  0  0  0  0 ]  [ 0  0  0  0  1  0  0 ]  [ 0  0  1  0  0  0  0 ]  [ 0  0  1  0  0  0  0 ]  [ 0  0  0  0  0  1  0 ]  [ 0  0  0  0  1  0  0 ]  [ 0  0  0  0  0  1  0 ]  [ 0  0  1  0  0  0  0 ]  [ 0  0  0  0  1  0  0 ]  [ 0  0  0  0  1  0  0 ]  [ 0  0  0  0  1  0  0 ]  [ 0  0  0  0  0  1  0 ]  [ 0  0  0  0  0  1  0 ]  [ 0  0  0  1  0  0  0 ]  [ 0  0  0  0  0  0  1 ]  [ 0  0  0  0  0  1  0 ]  [ 0  0  0  0  0  1  0 ]  [ 0  0  0  0  1  0  0 ]  [ 1  0  0  0  0  0  0 ]  [ 0  1  0  0  0  0  0 ]  [ 0  0  1  0  0  0  0 ]  [ 0  1  0  0  0  0  0 ]  [ 0  0  0  0  0  0  1 ]  [ 1  0  0  0  0  0  0 ]  [ 0  0  0  0  1  0  0 ]  [ 0  0  0  0  1  0  0 ]  [ 0  1  0  0  0  0  0 ]  [ 0  0  0  0  0  0  1 ]  [ 1  0  0  0  0  0  0 ]  [ 0  0  0  0  1  0  0 ]  [ 0  0  0  0  0  1  0 ]  [ 0  0  0  1  0  0  0 ]  [ 0  0  0  0  0  1  0 ]  [ 0  0  0  0  0  0  1 ]  [ 0  0  1  0  0  0  0 ]  [ 0  0  0  0  0  1  0 ]  [ 0  1  0  0  0  0  0 ]  [ 0  0  1  0  0  0  0 ]  [ 0  0  0  0  1  0  0 ]  [ 0  1  0  0  0  0  0 ]  [ 0  0  0  0  0  1  0 ]  [ 0  0  0  0  0  1  0 ]  [ 0  0  0  0  0  1  0 ]  [ 0  0  0  0  0  1  0 ]  [ 0  0  0  0  1  0  0 ]  [ 0  0  0  0  0  0  1 ]  [ 0  0  0  0  0  0  1 ]  [ 0  0  0  1  0  0  0 ]  [ 1  0  0  0  0  0  0 ]  [ 0  0  0  0  0  1  0 ]  [ 0  0  0  0  0  1  0 ]  [ 0  0  1  0  0  0  0 ]  [ 1  0  0  0  0  0  0 ]  [ 0  0  0  0  0  0  1 ]  [ 1  0  0  0  0  0  0 ]  [ 1  0  0  0  0  0  0 ]  [ 1  0  0  0  0  0  0 ]  [ 0  0  0  0  1  0  0 ]  [ 1  0  0  0  0  0  0 ]  [ 1  0  0  0  0  0  0 ]  [ 0  0  0  0  1  0  0 ]  [ 0  0  1  0  0  0  0 ]  [ 0  0  0  0  0  0  1 ]  [ 0  1  0  0  0  0  0 ]  [ 1  0  0  0  0  0  0 ]  [ 0  0  0  0  1  0  0 ]  [ 0  1  0  0  0  0  0 ]  [ 0  0  0  0  1  0  0 ]  [ 0  0  0  0  0  1  0 ]  [ 1  0  0  0  0  0  0 ]  [ 0  1  0  0  0  0  0 ]  [ 0  0  0  0  0  1  0 ]  [ 0  0  0  0  0  0  1 ]  [ 1  0  0  0  0  0  0 ]  [ 0  0  0  0  0  0  1 ]  [ 0  0  0  1  0  0  0 ]  [ 0  0  0  1  0  0  0 ]  [ 0  1  0  0  0  0  0 ]  [ 0  0  0  0  0  0  1 ]  [ 1  0  0  0  0  0  0 ]  [ 0  0  0  1  0  0  0 ]  [ 0  0  0  0  0  1  0 ]  [ 0  0  0  0  1  0  0 ]  [ 0  0  1  0  0  0  0 ]  [ 0  0  1  0  0  0  0 ]  [ 0  0  0  0  0  0  1 ]  [ 0  0  0  1  0  0  0 ]  [ 0  0  1  0  0  0  0 ]  [ 0  0  0  1  0  0  0 ]  [ 0  1  0  0  0  0  0 ]  [ 0  0  0  0  0  0  1 ]  [ 0  0  1  0  0  0  0 ]  [ 0  0  1  0  0  0  0 ]  [ 0  0  0  0  1  0  0 ]  [ 0  1  0  0  0  0  0 ]  [ 0  0  0  1  0  0  0 ]  [ 1  0  0  0  0  0  0 ]  [ 0  0  1  0  0  0  0 ]  [ 0  0  0  0  0  1  0 ]  [ 0  0  0  0  1  0  0 ]  [ 0  1  0  0  0  0  0 ]  [ 0  0  0  1  0  0  0 ]  [ 1  0  0  0  0  0  0 ]  [ 0  1  0  0  0  0  0 ]  [ 1  0  0  0  0  0  0 ]  [ 1  0  0  0  0  0  0 ]  [ 0  0  0  0  0  1  0 ]  [ 0  1  0  0  0  0  0 ]  [ 0  0  0  0  0  0  1 ]  [ 1  0  0  0  0  0  0 ]  [ 0  0  0  0  1  0  0 ]  [ 0  0  0  0  1  0  0 ]  [ 0  0  0  0  1  0  0 ]  [ 1  0  0  0  0  0  0 ]  [ 0  0  0  1  0  0  0 ]  [ 0  0  0  1  0  0  0 ]  [ 0  0  0  0  1  0  0 ]  [ 0  0  0  0  1  0  0 ]  [ 0  0  0  0  0  0  1 ]  [ 0  0  0  0  0  0  1 ]  [ 0  0  0  0  0  1  0 ]  [ 1  0  0  0  0  0  0 ]  [ 0  0  0  0  1  0  0 ]  [ 0  1  0  0  0  0  0 ]  [ 0  0  1  0  0  0  0 ]  [ 0  0  0  0  1  0  0 ]  [ 0  0  0  0  0  0  1 ]  [ 0  0  0  1  0  0  0 ]  [ 0  0  0  0  0  1  0 ]  [ 0  1  0  0  0  0  0 ]  [ 0  0  1  0  0  0  0 ]  [ 0  0  1  0  0  0  0 ]  [ 0  0  0  0  0  1  0 ]  [ 1  0  0  0  0  0  0 ]  [ 0  0  0  0  1  0  0 ]  [ 1  0  0  0  0  0  0 ]  [ 0  0  0  0  0  0  1 ]  [ 0  1  0  0  0  0  0 ]  [ 0  0  0  0  0  0  1 ]  [ 0  0  0  0  0  0  1 ]  [ 0  0  0  0  0  0  1 ]  [ 0  0  0  0  1  0  0 ]  [ 1  0  0  0  0  0  0 ]  [ 0  0  0  0  0  1  0 ]  [ 0  1  0  0  0  0  0 ]  [ 0  0  0  0  0  1  0 ]  [ 0  0  0  0  0  1  0 ]  [ 0  0  0  0  0  0  1 ]  [ 0  1  0  0  0  0  0 ]  [ 0  0  0  0  0  0  1 ]  [ 1  0  0  0  0  0  0 ]  [ 0  0  0  1  0  0  0 ]  [ 0  1  0  0  0  0  0 ]  [ 1  0  0  0  0  0  0 ]  [ 0  0  0  0  1  0  0 ]  [ 0  0  0  0  0  0  1 ]  [ 0  0  0  0  0  1  0 ]  [ 0  0  0  0  0  1  0 ]  [ 1  0  0  0  0  0  0 ]  [ 1  0  0  0  0  0  0 ]  [ 0  1  0  0  0  0  0 ]  [ 1  0  0  0  0  0  0 ]  [ 1  0  0  0  0  0  0 ]  [ 0  0  0  0  1  0  0 ]  [ 0  0  0  0  0  1  0 ]  [ 0  0  0  0  0  0  1 ]  [ 0  0  0  0  1  0  0 ]  [ 0  0  0  0  0  1  0 ]  [ 0  0  0  0  1  0  0 ]  [ 0  0  0  0  0  0  1 ]  [ 0  0  0  0  0  1  0 ]  [ 0  0  0  0  0  0  1 ]  [ 0  0  1  0  0  0  0 ]  [ 0  0  0  0  0  1  0 ]  [ 0  0  0  0  0  1  0 ]  [ 0  0  1  0  0  0  0 ]  [ 0  0  0  1  0  0  0 ]  [ 0  0  0  1  0  0  0 ]  [ 1  0  0  0  0  0  0 ]  [ 0  1  0  0  0  0  0 ]  [ 0  0  0  0  0  1  0 ]  [ 1  0  0  0  0  0  0 ]  [ 0  0  0  1  0  0  0 ]  [ 0  0  0  0  0  0  1 ]  [ 0  0  0  0  1  0  0 ]  [ 0  1  0  0  0  0  0 ]  [ 0  0  0  0  0  0  1 ]  [ 0  0  0  0  1  0  0 ]  [ 0  0  0  0  0  0  1 ]  [ 0  0  0  0  1  0  0 ]  [ 0  0  0  0  0  0  1 ]  [ 1  0  0  0  0  0  0 ]  [ 0  0  0  0  1  0  0 ]  [ 0  0  1  0  0  0  0 ]  [ 0  0  1  0  0  0  0 ]  [ 1  0  0  0  0  0  0 ]  [ 0  0  0  1  0  0  0 ]  [ 0  0  1  0  0  0  0 ]  [ 0  0  0  1  0  0  0 ]  [ 0  0  0  0  0  0  1 ]  [ 1  0  0  0  0  0  0 ]  [ 0  0  0  0  0  1  0 ]  [ 0  0  0  0  1  0  0 ]  [ 0  0  0  0  1  0  0 ]  [ 0  0  1  0  0  0  0 ]  [ 0  1  0  0  0  0  0 ]  [ 1  0  0  0  0  0  0 ]  [ 0  0  0  0  0  0  1 ]  [ 0  0  0  0  0  0  1 ]  [ 0  0  0  0  0  1  0 ]  [ 1  0  0  0  0  0  0 ]  [ 1  0  0  0  0  0  0 ]  [ 0  0  1  0  0  0  0 ]  [ 0  0  0  0  0  0  1 ]  [ 0  0  0  0  0  1  0 ]  [ 0  1  0  0  0  0  0 ]  [ 0  0  1  0  0  0  0 ]  [ 0  0  0  1  0  0  0 ]  [ 0  0  0  1  0  0  0 ]  [ 0  0  0  0  0  0  1 ]  [ 0  0  0  0  1  0  0 ]  [ 1  0  0  0  0  0  0 ]  [ 0  0  0  0  1  0  0 ]  [ 0  1  0  0  0  0  0 ]  [ 0  0  1  0  0  0  0 ]  [ 0  0  0  0  0  1  0 ]  [ 0  1  0  0  0  0  0 ]  [ 0  0  0  0  0  1  0 ]  [ 0  0  0  0  0  0  1 ]  [ 1  0  0  0  0  0  0 ]  [ 0  0  1  0  0  0  0 ]  [ 0  0  0  0  1  0  0 ]  [ 0  0  1  0  0  0  0 ]  [ 0  0  0  0  0  1  0 ]  [ 1  0  0  0  0  0  0 ]  [ 0  0  0  1  0  0  0 ]  [ 0  0  0  0  0  0  1 ]  [ 0  0  0  0  0  1  0 ]  [ 1  0  0  0  0  0  0 ]  [ 1  0  0  0  0  0  0 ]  [ 0  0  0  0  0  1  0 ]  [ 0  0  0  0  0  0  1 ]  [ 1  0  0  0  0  0  0 ]  [ 0  0  0  0  0  0  1 ]  [ 0  0  0  1  0  0  0 ]  [ 0  0  0  0  1  0  0 ]  [ 0  0  0  0  0  1  0 ]  [ 0  0  0  0  0  0  1 ]  [ 0  0  1  0  0  0  0 ]  [ 1  0  0  0  0  0  0 ]  [ 0  1  0  0  0  0  0 ]  [ 1  0  0  0  0  0  0 ]  [ 1  0  0  0  0  0  0 ]  [ 0  0  0  1  0  0  0 ]  [ 0  0  0  0  0  0  1 ]  [ 0  0  0  0  0  0  1 ]  [ 0  0  0  0  1  0  0 ]  [ 0  0  0  0  1  0  0 ]  [ 0  0  0  1  0  0  0 ]  [ 0  0  0  1  0  0  0 ]  [ 0  1  0  0  0  0  0 ] ];

ObjRequests = {  <1,3,74>, <2,3,75>, <3,3,2>, <4,3,51>, <5,3,8>, <6,3,5>, <7,3,19>, <8,3,16>, <9,3,8>, <10,3,16>, <11,3,8>, <12,3,21>, <13,3,14>, <14,3,10>, <15,3,1>, <16,3,6>, <17,3,8>, <18,3,4>, <20,3,5>, <21,3,2>, <22,3,5>, <23,3,7>, <24,3,9>, <25,3,7>, <26,3,2>, <27,3,1>, <28,3,5>, <29,3,1>, <30,3,5>, <31,3,3>, <32,3,11>, <33,3,2>, <34,3,1>, <35,3,1>, <37,3,6>, <38,3,2>, <39,3,7>, <40,3,3>, <41,3,2>, <42,3,9>, <43,3,2>, <44,3,1>, <45,3,1>, <46,3,3>, <47,3,1>, <48,3,3>, <49,3,6>, <51,3,3>, <52,3,2>, <53,3,2>, <54,3,6>, <55,3,1>, <57,3,4>, <58,3,3>, <59,3,1>, <61,3,5>, <62,3,1>, <63,3,1>, <65,3,1>, <67,3,1>, <68,3,4>, <69,3,3>, <70,3,2>, <71,3,1>, <72,3,1>, <73,3,1>, <74,3,1>, <75,3,4>, <77,3,1>, <78,3,2>, <79,3,2>, <81,3,1>, <82,3,1>, <83,3,1>, <85,3,3>, <86,3,1>, <90,3,2>, <91,3,1>, <94,3,3>, <95,3,3>, <96,3,3>, <97,3,1>, <100,3,1>, <101,3,1>, <107,3,1>, <109,3,3>, <110,3,1>, <111,3,1>, <112,3,1>, <113,3,1>, <114,3,2>, <115,3,1>, <118,3,1>, <120,3,1>, <128,3,2>, <129,3,1>, <131,3,2>, <132,3,1>, <136,3,2>, <137,3,1>, <143,3,2>, <144,3,2>, <146,3,1>, <147,3,2>, <148,3,1>, <150,3,1>, <155,3,1>, <156,3,1>, <157,3,2>, <160,3,1>, <165,3,1>, <166,3,2>, <169,3,1>, <174,3,1>, <176,3,3>, <178,3,1>, <179,3,1>, <182,3,1>, <188,3,3>, <193,3,1>, <195,3,2>, <197,3,1>, <198,3,2>, <199,3,1>, <200,3,1>, <201,3,2>, <202,3,1>, <205,3,1>, <213,3,2>, <214,3,1>, <215,3,1>, <216,3,1>, <217,3,1>, <218,3,2>, <220,3,1>, <225,3,1>, <230,3,1>, <236,3,1>, <238,3,1>, <242,3,1>, <250,3,2>, <251,3,1>, <258,3,1>, <259,3,1>, <260,3,1>, <261,3,1>, <267,3,1>, <268,3,1>, <277,3,1>, <278,3,1>, <288,3,1>, <289,3,1>, <293,3,1>, <297,3,1>, <299,3,1>, <302,3,1>, <303,3,1>, <306,3,1>, <307,3,1>, <308,3,1>, <311,3,1>, <317,3,1>, <320,3,1>, <323,3,1>, <331,3,2>, <343,3,1>, <347,3,1>, <352,3,1>, <364,3,1>, <368,3,1>, <371,3,1>, <379,3,1>, <382,3,1>, <383,3,2>, <397,3,1>, <405,3,1>, <417,3,1>, <427,3,1>, <430,3,1>, <433,3,1>, <435,3,1>, <464,3,1>, <471,3,1>, <493,3,1>, <494,3,1>, <495,3,2>, <502,3,1>, <504,3,1>, <509,3,1>, <512,3,2>, <525,3,1>, <535,3,1>, <558,3,1>, <560,3,1>, <574,3,1>, <589,3,1>, <604,3,1>, <613,3,1>, <625,3,1>, <642,3,1>, <650,3,1>, <681,3,1>, <696,3,1>, <727,3,1>, <739,3,1>, <742,3,1>, <746,3,1>, <755,3,1>, <763,3,1>, <776,3,1>, <783,3,1>, <787,3,1>, <797,3,1>, <798,3,1>, <807,3,1>, <812,3,1>, <817,3,1>, <858,3,1>, <870,3,1>, <883,3,1>, <912,3,1>, <914,3,1>, <915,3,1>, <921,3,1>, <928,3,1>, <938,3,1>, <941,3,1>, <957,3,1>, <984,3,1>, <993,3,1>, <1,4,79>, <2,4,99>, <3,4,155>, <4,4,21>, <5,4,47>, <6,4,3>, <7,4,11>, <8,4,9>, <9,4,21>, <10,4,4>, <11,4,7>, <12,4,11>, <13,4,2>, <14,4,1>, <15,4,6>, <16,4,1>, <17,4,17>, <18,4,3>, <19,4,10>, <20,4,7>, <21,4,2>, <22,4,2>, <23,4,1>, <24,4,6>, <25,4,8>, <26,4,24>, <27,4,1>, <29,4,14>, <30,4,5>, <31,4,2>, <33,4,4>, <34,4,2>, <35,4,2>, <36,4,1>, <37,4,1>, <38,4,2>, <41,4,6>, <42,4,1>, <43,4,4>, <44,4,1>, <45,4,1>, <48,4,4>, <50,4,1>, <51,4,1>, <52,4,2>, <53,4,1>, <54,4,8>, <55,4,2>, <57,4,6>, <58,4,2>, <62,4,4>, <63,4,1>, <64,4,1>, <65,4,1>, <66,4,4>, <67,4,1>, <68,4,3>, <69,4,1>, <71,4,2>, <75,4,2>, <76,4,1>, <78,4,1>, <79,4,2>, <80,4,1>, <81,4,2>, <82,4,2>, <83,4,1>, <84,4,1>, <85,4,4>, <86,4,1>, <88,4,2>, <90,4,1>, <91,4,1>, <92,4,4>, <93,4,4>, <94,4,3>, <96,4,1>, <97,4,1>, <98,4,1>, <100,4,1>, <101,4,1>, <102,4,5>, <105,4,1>, <106,4,2>, <107,4,1>, <110,4,4>, <111,4,2>, <114,4,1>, <117,4,1>, <118,4,1>, <121,4,1>, <122,4,1>, <124,4,1>, <125,4,1>, <126,4,1>, <128,4,2>, <129,4,1>, <131,4,1>, <132,4,1>, <134,4,1>, <135,4,1>, <139,4,1>, <142,4,1>, <143,4,1>, <146,4,1>, <149,4,1>, <150,4,3>, <154,4,3>, <159,4,1>, <162,4,1>, <166,4,1>, <168,4,1>, <169,4,2>, <176,4,2>, <178,4,1>, <181,4,1>, <183,4,1>, <186,4,2>, <187,4,2>, <191,4,2>, <196,4,1>, <198,4,1>, <199,4,2>, <200,4,1>, <204,4,1>, <209,4,1>, <212,4,1>, <213,4,1>, <217,4,2>, <218,4,1>, <221,4,1>, <222,4,1>, <223,4,1>, <225,4,1>, <228,4,1>, <229,4,1>, <231,4,3>, <236,4,1>, <237,4,1>, <238,4,1>, <240,4,1>, <245,4,1>, <254,4,1>, <259,4,1>, <260,4,1>, <261,4,1>, <263,4,1>, <265,4,1>, <268,4,1>, <278,4,1>, <284,4,2>, <285,4,3>, <289,4,2>, <290,4,2>, <297,4,1>, <299,4,1>, <303,4,1>, <305,4,2>, <312,4,1>, <315,4,1>, <320,4,1>, <321,4,1>, <323,4,1>, <325,4,1>, <328,4,1>, <340,4,1>, <343,4,1>, <345,4,3>, <347,4,1>, <349,4,1>, <350,4,1>, <351,4,1>, <352,4,1>, <359,4,1>, <367,4,1>, <369,4,1>, <378,4,1>, <381,4,1>, <400,4,1>, <408,4,1>, <416,4,1>, <417,4,1>, <426,4,1>, <429,4,1>, <443,4,1>, <444,4,1>, <453,4,1>, <466,4,1>, <469,4,1>, <472,4,1>, <483,4,1>, <492,4,1>, <494,4,1>, <495,4,2>, <507,4,1>, <510,4,1>, <512,4,1>, <515,4,1>, <521,4,1>, <524,4,1>, <548,4,1>, <569,4,1>, <580,4,1>, <589,4,1>, <606,4,1>, <621,4,1>, <634,4,1>, <651,4,1>, <665,4,1>, <684,4,1>, <739,4,1>, <742,4,2>, <755,4,1>, <757,4,1>, <770,4,1>, <773,4,1>, <791,4,1>, <798,4,1>, <807,4,1>, <818,4,1>, <819,4,1>, <821,4,1>, <875,4,1>, <895,4,1>, <926,4,1>, <938,4,1>, <960,4,1>, <968,4,1>, <969,4,1>, <992,4,1>, <995,4,1>, <1,6,177>, <2,6,40>, <3,6,8>, <4,6,22>, <5,6,2>, <6,6,39>, <7,6,2>, <8,6,34>, <9,6,4>, <10,6,18>, <11,6,16>, <12,6,2>, <13,6,7>, <14,6,2>, <15,6,10>, <16,6,7>, <17,6,1>, <18,6,1>, <19,6,12>, <20,6,1>, <21,6,6>, <22,6,10>, <23,6,7>, <24,6,4>, <25,6,3>, <26,6,4>, <30,6,1>, <31,6,2>, <32,6,1>, <33,6,6>, <34,6,1>, <35,6,1>, <36,6,1>, <37,6,5>, <38,6,2>, <39,6,7>, <40,6,7>, <41,6,2>, <42,6,1>, <43,6,1>, <45,6,4>, <46,6,7>, <47,6,4>, <48,6,3>, <49,6,3>, <50,6,2>, <51,6,2>, <53,6,1>, <56,6,5>, <57,6,10>, <58,6,1>, <59,6,3>, <60,6,1>, <61,6,2>, <63,6,2>, <64,6,2>, <65,6,4>, <66,6,1>, <67,6,1>, <68,6,2>, <69,6,8>, <70,6,2>, <71,6,1>, <72,6,1>, <74,6,1>, <75,6,1>, <77,6,1>, <78,6,1>, <80,6,4>, <82,6,1>, <83,6,2>, <86,6,1>, <87,6,6>, <88,6,2>, <90,6,2>, <91,6,3>, <94,6,1>, <96,6,1>, <97,6,4>, <98,6,3>, <99,6,3>, <103,6,2>, <104,6,1>, <105,6,1>, <107,6,1>, <108,6,2>, <111,6,1>, <112,6,2>, <114,6,1>, <116,6,1>, <118,6,5>, <120,6,1>, <123,6,1>, <124,6,1>, <125,6,2>, <126,6,1>, <128,6,1>, <129,6,1>, <131,6,1>, <132,6,2>, <133,6,1>, <134,6,2>, <135,6,1>, <143,6,1>, <144,6,2>, <145,6,1>, <147,6,2>, <148,6,1>, <150,6,3>, <151,6,1>, <152,6,1>, <153,6,1>, <155,6,1>, <157,6,2>, <158,6,1>, <159,6,1>, <160,6,1>, <164,6,1>, <167,6,1>, <169,6,1>, <172,6,1>, <175,6,1>, <178,6,3>, <189,6,1>, <190,6,1>, <196,6,1>, <197,6,1>, <198,6,1>, <199,6,1>, <201,6,1>, <204,6,1>, <219,6,1>, <222,6,1>, <229,6,1>, <233,6,1>, <235,6,1>, <245,6,2>, <249,6,1>, <250,6,2>, <252,6,1>, <254,6,1>, <258,6,1>, <261,6,1>, <263,6,2>, <264,6,1>, <271,6,1>, <272,6,1>, <275,6,1>, <276,6,1>, <278,6,1>, <284,6,1>, <287,6,1>, <293,6,1>, <299,6,1>, <300,6,1>, <303,6,1>, <304,6,1>, <307,6,1>, <308,6,2>, <311,6,1>, <312,6,1>, <313,6,1>, <323,6,1>, <337,6,2>, <345,6,2>, <346,6,1>, <366,6,1>, <379,6,1>, <382,6,1>, <383,6,1>, <385,6,1>, <389,6,2>, <394,6,1>, <397,6,1>, <405,6,1>, <408,6,1>, <417,6,2>, <426,6,1>, <427,6,1>, <435,6,1>, <440,6,1>, <446,6,1>, <448,6,1>, <452,6,1>, <467,6,1>, <469,6,1>, <494,6,1>, <495,6,1>, <499,6,2>, <504,6,1>, <507,6,1>, <508,6,1>, <520,6,1>, <523,6,1>, <548,6,1>, <560,6,1>, <563,6,1>, <573,6,1>, <574,6,1>, <582,6,1>, <584,6,1>, <585,6,1>, <588,6,1>, <613,6,1>, <623,6,1>, <635,6,1>, <642,6,1>, <650,6,1>, <651,6,1>, <664,6,1>, <671,6,2>, <705,6,1>, <739,6,1>, <743,6,1>, <757,6,1>, <789,6,1>, <798,6,1>, <803,6,1>, <841,6,1>, <846,6,1>, <871,6,1>, <872,6,1>, <886,6,1>, <894,6,1>, <907,6,1>, <929,6,1>, <969,6,1>, <973,6,1>, <1,7,41>, <2,7,49>, <3,7,4>, <4,7,11>, <5,7,8>, <6,7,14>, <7,7,58>, <8,7,11>, <9,7,20>, <10,7,15>, <11,7,5>, <12,7,1>, <13,7,12>, <14,7,9>, <15,7,20>, <16,7,12>, <17,7,1>, <18,7,18>, <19,7,2>, <20,7,3>, <21,7,2>, <22,7,14>, <23,7,1>, <24,7,4>, <25,7,1>, <26,7,1>, <27,7,16>, <28,7,5>, <30,7,2>, <31,7,2>, <32,7,2>, <33,7,9>, <34,7,5>, <35,7,4>, <36,7,11>, <37,7,2>, <38,7,1>, <39,7,1>, <40,7,1>, <41,7,2>, <42,7,1>, <43,7,1>, <44,7,3>, <45,7,1>, <47,7,1>, <48,7,2>, <52,7,9>, <53,7,2>, <55,7,2>, <56,7,2>, <57,7,1>, <60,7,2>, <61,7,4>, <63,7,1>, <64,7,3>, <66,7,2>, <67,7,2>, <68,7,1>, <69,7,1>, <70,7,3>, <72,7,5>, <78,7,2>, <80,7,2>, <81,7,1>, <83,7,1>, <85,7,1>, <87,7,3>, <89,7,1>, <90,7,1>, <91,7,1>, <92,7,1>, <93,7,1>, <94,7,1>, <95,7,1>, <97,7,1>, <98,7,2>, <99,7,3>, <102,7,1>, <104,7,1>, <106,7,2>, <107,7,3>, <108,7,1>, <109,7,1>, <111,7,1>, <113,7,1>, <116,7,1>, <118,7,4>, <119,7,1>, <120,7,1>, <121,7,1>, <122,7,3>, <125,7,1>, <126,7,4>, <128,7,2>, <129,7,1>, <131,7,1>, <134,7,1>, <139,7,2>, <145,7,2>, <147,7,2>, <149,7,2>, <150,7,1>, <152,7,3>, <154,7,1>, <155,7,1>, <156,7,1>, <158,7,1>, <160,7,1>, <163,7,2>, <164,7,1>, <165,7,2>, <168,7,1>, <171,7,1>, <172,7,1>, <174,7,1>, <176,7,2>, <177,7,1>, <178,7,2>, <179,7,1>, <181,7,2>, <187,7,2>, <188,7,1>, <190,7,1>, <193,7,2>, <194,7,1>, <196,7,1>, <197,7,3>, <199,7,1>, <202,7,2>, <203,7,3>, <206,7,1>, <208,7,1>, <211,7,1>, <213,7,1>, <214,7,1>, <218,7,1>, <219,7,1>, <220,7,1>, <221,7,1>, <223,7,1>, <225,7,2>, <229,7,3>, <231,7,1>, <233,7,1>, <238,7,1>, <250,7,1>, <251,7,1>, <255,7,1>, <259,7,1>, <261,7,2>, <263,7,1>, <265,7,1>, <271,7,1>, <272,7,1>, <277,7,1>, <280,7,1>, <281,7,1>, <282,7,1>, <284,7,1>, <285,7,1>, <291,7,1>, <292,7,1>, <297,7,2>, <298,7,1>, <303,7,1>, <306,7,1>, <308,7,1>, <311,7,1>, <318,7,2>, <321,7,1>, <323,7,1>, <335,7,1>, <337,7,1>, <338,7,1>, <341,7,1>, <347,7,1>, <349,7,1>, <351,7,1>, <389,7,2>, <390,7,1>, <400,7,1>, <415,7,1>, <419,7,1>, <421,7,1>, <427,7,1>, <429,7,1>, <444,7,1>, <456,7,1>, <466,7,1>, <467,7,2>, <469,7,1>, <493,7,1>, <495,7,2>, <497,7,1>, <513,7,2>, <515,7,1>, <517,7,2>, <524,7,1>, <525,7,1>, <527,7,1>, <548,7,2>, <556,7,1>, <558,7,1>, <559,7,1>, <560,7,1>, <563,7,1>, <565,7,1>, <568,7,1>, <573,7,1>, <574,7,1>, <580,7,1>, <604,7,1>, <609,7,1>, <623,7,1>, <627,7,1>, <628,7,1>, <634,7,1>, <647,7,1>, <650,7,1>, <664,7,1>, <668,7,1>, <713,7,1>, <716,7,2>, <727,7,1>, <739,7,1>, <744,7,1>, <804,7,1>, <805,7,1>, <806,7,1>, <818,7,1>, <875,7,1>, <882,7,1>, <900,7,1>, <938,7,2>, <984,7,1>, <991,7,1>, <1,2,103>, <2,2,29>, <3,2,42>, <4,2,19>, <5,2,16>, <6,2,1>, <7,2,2>, <8,2,3>, <10,2,2>, <11,2,22>, <12,2,5>, <13,2,1>, <14,2,28>, <15,2,11>, <16,2,1>, <17,2,3>, <18,2,9>, <19,2,3>, <20,2,5>, <21,2,4>, <22,2,2>, <23,2,1>, <24,2,4>, <25,2,4>, <26,2,3>, <27,2,1>, <28,2,15>, <30,2,1>, <31,2,5>, <32,2,1>, <33,2,5>, <34,2,3>, <35,2,2>, <36,2,2>, <37,2,1>, <38,2,4>, <39,2,1>, <40,2,2>, <41,2,2>, <42,2,2>, <43,2,1>, <44,2,3>, <45,2,10>, <46,2,2>, <47,2,1>, <48,2,1>, <49,2,1>, <50,2,1>, <51,2,3>, <52,2,3>, <53,2,2>, <54,2,3>, <55,2,2>, <56,2,1>, <57,2,3>, <58,2,2>, <59,2,1>, <60,2,1>, <63,2,1>, <64,2,2>, <66,2,4>, <69,2,4>, <70,2,1>, <71,2,1>, <72,2,1>, <74,2,4>, <75,2,4>, <77,2,1>, <78,2,4>, <79,2,1>, <80,2,2>, <81,2,1>, <82,2,1>, <84,2,7>, <85,2,3>, <86,2,1>, <87,2,3>, <89,2,1>, <91,2,1>, <92,2,3>, <93,2,1>, <94,2,1>, <95,2,1>, <97,2,1>, <98,2,1>, <100,2,1>, <101,2,1>, <104,2,1>, <105,2,3>, <108,2,1>, <109,2,1>, <111,2,3>, <112,2,4>, <114,2,3>, <115,2,1>, <116,2,1>, <117,2,1>, <120,2,1>, <124,2,1>, <125,2,2>, <128,2,2>, <129,2,1>, <131,2,1>, <137,2,1>, <140,2,1>, <144,2,1>, <145,2,2>, <147,2,1>, <148,2,1>, <150,2,1>, <151,2,1>, <152,2,1>, <159,2,1>, <166,2,1>, <168,2,1>, <169,2,1>, <170,2,1>, <171,2,1>, <174,2,1>, <176,2,1>, <178,2,1>, <184,2,1>, <186,2,1>, <199,2,1>, <202,2,1>, <203,2,1>, <206,2,1>, <207,2,1>, <209,2,1>, <211,2,1>, <215,2,1>, <219,2,1>, <220,2,1>, <222,2,1>, <223,2,1>, <230,2,1>, <239,2,1>, <242,2,1>, <246,2,2>, <249,2,1>, <250,2,4>, <251,2,1>, <254,2,1>, <259,2,1>, <261,2,1>, <262,2,1>, <267,2,1>, <268,2,1>, <272,2,1>, <275,2,1>, <286,2,1>, <287,2,1>, <290,2,1>, <297,2,2>, <298,2,1>, <299,2,1>, <300,2,1>, <304,2,1>, <305,2,2>, <307,2,1>, <310,2,1>, <317,2,1>, <319,2,1>, <327,2,1>, <331,2,1>, <332,2,1>, <333,2,1>, <340,2,2>, <345,2,1>, <350,2,1>, <354,2,2>, <361,2,1>, <364,2,1>, <367,2,2>, <388,2,1>, <389,2,1>, <402,2,1>, <408,2,1>, <415,2,1>, <420,2,1>, <425,2,1>, <429,2,1>, <430,2,1>, <443,2,1>, <464,2,1>, <466,2,1>, <474,2,1>, <477,2,1>, <490,2,1>, <492,2,1>, <493,2,1>, <496,2,1>, <511,2,1>, <525,2,1>, <534,2,1>, <540,2,1>, <551,2,1>, <559,2,1>, <568,2,1>, <573,2,2>, <574,2,1>, <582,2,1>, <584,2,1>, <596,2,1>, <606,2,1>, <608,2,1>, <613,2,1>, <616,2,1>, <621,2,1>, <622,2,1>, <642,2,1>, <647,2,1>, <650,2,1>, <700,2,1>, <701,2,1>, <708,2,1>, <727,2,1>, <738,2,1>, <764,2,1>, <781,2,1>, <791,2,1>, <803,2,1>, <804,2,1>, <808,2,1>, <818,2,2>, <831,2,1>, <845,2,1>, <848,2,1>, <909,2,1>, <915,2,1>, <1,5,225>, <3,5,17>, <4,5,26>, <5,5,30>, <6,5,34>, <7,5,4>, <8,5,16>, <9,5,14>, <10,5,17>, <11,5,9>, <12,5,15>, <13,5,12>, <14,5,11>, <15,5,9>, <16,5,1>, <17,5,3>, <18,5,3>, <19,5,7>, <20,5,14>, <21,5,7>, <22,5,3>, <23,5,2>, <24,5,3>, <25,5,3>, <26,5,3>, <27,5,7>, <28,5,1>, <29,5,6>, <30,5,6>, <31,5,11>, <32,5,14>, <33,5,1>, <34,5,4>, <35,5,1>, <36,5,4>, <37,5,1>, <38,5,8>, <39,5,7>, <40,5,5>, <41,5,3>, <42,5,1>, <43,5,1>, <44,5,5>, <46,5,7>, <47,5,4>, <48,5,6>, <49,5,1>, <50,5,7>, <51,5,3>, <52,5,4>, <53,5,3>, <56,5,2>, <57,5,2>, <58,5,1>, <59,5,2>, <60,5,2>, <61,5,3>, <62,5,4>, <64,5,2>, <65,5,1>, <66,5,5>, <67,5,2>, <68,5,2>, <70,5,1>, <72,5,1>, <73,5,1>, <76,5,2>, <78,5,4>, <80,5,6>, <81,5,3>, <83,5,4>, <84,5,1>, <87,5,1>, <89,5,1>, <90,5,2>, <92,5,1>, <93,5,1>, <96,5,1>, <99,5,1>, <101,5,1>, <104,5,1>, <106,5,4>, <107,5,2>, <109,5,1>, <110,5,1>, <111,5,1>, <112,5,1>, <117,5,1>, <120,5,2>, <122,5,1>, <126,5,4>, <128,5,1>, <131,5,1>, <134,5,1>, <135,5,1>, <136,5,1>, <139,5,1>, <142,5,1>, <144,5,2>, <147,5,1>, <149,5,1>, <150,5,1>, <156,5,2>, <157,5,1>, <159,5,3>, <161,5,2>, <165,5,1>, <166,5,1>, <167,5,1>, <170,5,1>, <171,5,1>, <172,5,2>, <180,5,2>, <181,5,1>, <184,5,1>, <186,5,1>, <187,5,1>, <188,5,1>, <191,5,1>, <192,5,1>, <202,5,1>, <203,5,1>, <204,5,1>, <215,5,1>, <220,5,4>, <223,5,3>, <226,5,1>, <229,5,1>, <230,5,1>, <236,5,1>, <238,5,2>, <242,5,1>, <244,5,1>, <254,5,2>, <258,5,1>, <265,5,1>, <274,5,1>, <278,5,1>, <283,5,1>, <287,5,1>, <289,5,1>, <290,5,2>, <292,5,1>, <299,5,2>, <303,5,1>, <304,5,1>, <308,5,1>, <313,5,4>, <315,5,1>, <318,5,1>, <323,5,1>, <325,5,1>, <331,5,1>, <333,5,1>, <340,5,1>, <341,5,1>, <348,5,1>, <364,5,1>, <366,5,1>, <377,5,1>, <379,5,2>, <382,5,1>, <383,5,1>, <385,5,1>, <388,5,1>, <397,5,1>, <400,5,1>, <407,5,1>, <408,5,1>, <413,5,1>, <418,5,1>, <421,5,1>, <435,5,2>, <440,5,1>, <442,5,1>, <448,5,1>, <469,5,1>, <472,5,1>, <480,5,1>, <494,5,1>, <495,5,1>, <508,5,1>, <513,5,1>, <524,5,1>, <525,5,1>, <529,5,1>, <544,5,1>, <548,5,1>, <556,5,1>, <569,5,1>, <582,5,1>, <604,5,1>, <623,5,1>, <625,5,1>, <628,5,1>, <637,5,1>, <656,5,1>, <662,5,1>, <668,5,1>, <671,5,1>, <700,5,1>, <744,5,1>, <754,5,1>, <763,5,1>, <765,5,1>, <781,5,1>, <799,5,3>, <803,5,1>, <806,5,1>, <808,5,1>, <822,5,1>, <839,5,1>, <841,5,1>, <847,5,1>, <863,5,1>, <893,5,1>, <894,5,1>, <908,5,1>, <916,5,1>, <929,5,1>, <938,5,1>, <946,5,1>, <962,5,1>, <991,5,1>, <1,1,51>, <2,1,94>, <3,1,32>, <4,1,36>, <5,1,34>, <6,1,37>, <7,1,3>, <8,1,11>, <9,1,10>, <10,1,16>, <11,1,10>, <12,1,3>, <13,1,11>, <14,1,3>, <16,1,18>, <17,1,9>, <18,1,2>, <19,1,3>, <20,1,5>, <21,1,3>, <22,1,2>, <23,1,3>, <24,1,6>, <25,1,3>, <26,1,2>, <28,1,5>, <29,1,3>, <30,1,1>, <31,1,3>, <32,1,3>, <33,1,10>, <34,1,3>, <35,1,7>, <36,1,2>, <37,1,2>, <40,1,2>, <41,1,1>, <42,1,5>, <44,1,1>, <45,1,2>, <46,1,4>, <47,1,1>, <48,1,1>, <49,1,1>, <50,1,3>, <51,1,1>, <52,1,4>, <53,1,3>, <54,1,1>, <55,1,4>, <56,1,3>, <57,1,2>, <59,1,6>, <62,1,2>, <63,1,5>, <69,1,1>, <70,1,2>, <71,1,1>, <72,1,1>, <73,1,3>, <75,1,1>, <77,1,3>, <78,1,2>, <80,1,1>, <82,1,1>, <84,1,3>, <86,1,2>, <87,1,1>, <88,1,1>, <89,1,2>, <90,1,2>, <91,1,1>, <92,1,3>, <93,1,1>, <96,1,3>, <97,1,2>, <99,1,1>, <101,1,1>, <103,1,1>, <104,1,1>, <105,1,1>, <106,1,2>, <107,1,1>, <108,1,4>, <110,1,1>, <111,1,2>, <113,1,2>, <115,1,2>, <116,1,1>, <117,1,1>, <119,1,2>, <120,1,1>, <121,1,1>, <122,1,1>, <123,1,1>, <124,1,1>, <128,1,1>, <131,1,1>, <135,1,1>, <137,1,1>, <140,1,2>, <142,1,1>, <143,1,1>, <144,1,2>, <148,1,1>, <151,1,2>, <153,1,1>, <155,1,1>, <156,1,1>, <159,1,1>, <163,1,1>, <165,1,1>, <166,1,1>, <170,1,1>, <171,1,1>, <177,1,1>, <180,1,1>, <182,1,1>, <183,1,2>, <187,1,1>, <188,1,2>, <190,1,1>, <193,1,2>, <194,1,1>, <196,1,2>, <197,1,1>, <199,1,1>, <200,1,1>, <201,1,1>, <203,1,1>, <204,1,1>, <214,1,1>, <215,1,1>, <216,1,2>, <218,1,2>, <221,1,1>, <225,1,1>, <226,1,1>, <227,1,1>, <230,1,2>, <236,1,1>, <238,1,2>, <240,1,1>, <242,1,1>, <245,1,2>, <252,1,1>, <253,1,2>, <257,1,1>, <260,1,1>, <261,1,1>, <262,1,2>, <267,1,1>, <271,1,1>, <276,1,1>, <283,1,1>, <285,1,1>, <287,1,1>, <292,1,1>, <299,1,1>, <300,1,1>, <302,1,1>, <305,1,1>, <306,1,1>, <307,1,1>, <313,1,1>, <320,1,1>, <325,1,1>, <327,1,1>, <328,1,2>, <332,1,1>, <334,1,1>, <340,1,2>, <341,1,1>, <349,1,1>, <350,1,2>, <352,1,1>, <367,1,1>, <368,1,1>, <369,1,1>, <372,1,1>, <383,1,1>, <386,1,2>, <394,1,1>, <405,1,1>, <407,1,1>, <410,1,1>, <425,1,1>, <427,1,1>, <430,1,2>, <432,1,1>, <435,1,1>, <440,1,1>, <448,1,1>, <451,1,1>, <452,1,1>, <458,1,1>, <461,1,1>, <464,1,1>, <466,1,1>, <467,1,1>, <469,1,1>, <477,1,2>, <481,1,1>, <498,1,1>, <502,1,1>, <505,1,1>, <509,1,1>, <512,1,1>, <525,1,1>, <537,1,1>, <538,1,1>, <540,1,1>, <556,1,1>, <557,1,1>, <571,1,1>, <573,1,1>, <574,1,1>, <584,1,1>, <596,1,1>, <613,1,1>, <616,1,1>, <621,1,1>, <623,1,1>, <635,1,1>, <647,1,1>, <650,1,1>, <681,1,1>, <706,1,3>, <713,1,1>, <715,1,1>, <724,1,1>, <751,1,1>, <754,1,1>, <755,1,1>, <757,1,1>, <765,1,1>, <770,1,1>, <773,1,1>, <799,1,1>, <807,1,1>, <821,1,1>, <841,1,1>, <852,1,1>, <898,1,1>, <908,1,1>, <912,1,1>, <926,1,1>, <946,1,1>, <951,1,1>, <968,1,1>, <984,1,1>, <986,1,1> };

MaxCacheStorageAtSingleAS= [ 1312.5  1312.5  1312.5  1312.5  1312.5  1312.5  1312.5 ] ;

MaxCacheStorage = 9187.5 ;
SolutionGap = 0.01 ;
