0 10 0
9999905894 11 0.2992527736794761
19999803140 12 0.3015190907032848
29999847041 13 0.3069681589572506
39999889644 14 0.3119980681147575
49999728823 15 0.3166686980467282
59999956314 16 0.3210279526499009
69999738373 17 0.3251147538403752
79999735692 18 0.3289611549608217
89999678276 19 0.3325938671301322
99999804870 20 0.3342190278374552
109999894703 21 0.3352180236840155
120000028510 22 0.3383317769719959
130000121718 23 0.3413039960196136
140000361817 24 0.3441469881521175
150000318415 25 0.3468715222791004
160000468563 26 0.349487075041004
170000269044 27 0.3520020296197575
180000340370 28 0.3544238377326311
190000270998 29 0.3542049019545701
200000388144 30 0.3544162882230429
210000483441 31 0.3565959155246292
220000609992 32 0.3587052322680998
230000685402 33 0.360748632863337
240000631245 34 0.3627301122284155
250000684503 35 0.3646533127886387
260000587432 36 0.366521564761427
270000565262 37 0.3683379208460823
280000493925 38 0.3677698712597616
290000444814 39 0.3665714859482691
300000461343 40 0.3682481223341048
310000566021 41 0.3698828428102945
320000543463 42 0.3714776920553577
330000526246 43 0.3730345686993479
340000536136 44 0.374555238909757
350000476872 45 0.3760413484335658
360000321269 46 0.3774944333012901
370000346151 47 0.3755102617088134
380000378460 48 0.3741769790509282
390000361549 49 0.3755392461144196
400000408916 50 0.3768737118092684
410000458948 51 0.3781814881902202
420000504295 52 0.3794636218970357
430000538701 53 0.3807210991864124
440000563107 54 0.3819548504891971
450000507755 55 0.383165754545634
460000514994 56 0.3802678409742065
470000476563 57 0.3781660575048196
480000546077 58 0.3793132297688124
490000578136 59 0.3804406232006674
500000555032 60 0.3815489082692706
510000527683 60 0.3826387219200638
520000437479 61 0.3816170216224452
530000374607 62 0.3810542489994947
540000495039 62 0.3847653281450383
550000400595 63 0.3837436278474197
560000459217 63 0.3837598453124613
570000421892 64 0.3837598453124613
580000548320 64 0.3817164447172241
590000694110 65 0.3817164447172241
600000721828 65 0.3813601594852341
610000505800 64 0.3837441268463441
620000500759 64 0.3806947444196055
630000400931 64 0.3817164447172241
640000445053 64 0.3827381450148427
650000438617 64 0.3827381450148427
660000550239 65 0.3827381450148427
670000583284 64 0.3823818597828527
680000562736 64 0.3817164447172241
690000426058 64 0.3817164447172241
700000498007 64 0.3806947444196055
710000688760 64 0.3809671978323039
720000771705 64 0.3817164447172241
730000572335 64 0.3817164447172241
740000602267 64 0.3827381450148427
750000709905 63 0.3817164447172241
760000832392 63 0.3817164447172241
770000779874 63 0.3817164447172241
780000786548 63 0.3817164447172241
790000731865 63 0.3823294648957953
800000639708 64 0.3827381450148427
810000626494 63 0.3817164447172241
820000588872 64 0.3806947444196055
830000578103 64 0.3817164447172241
840000504038 65 0.3806947444196055
850000447096 65 0.3823818597828527
860000392693 64 0.3817007262511069
870000252347 64 0.3817164447172241
880000329235 64 0.3806947444196055
890000340054 64 0.3817164447172241
900000247249 64 0.3806947444196055
910000138147 64 0.3835555052529376
919999905501 64 0.3817164447172241
929999760977 65 0.3817164447172241
939999822728 65 0.3806790259534883
949999775688 64 0.3817007262511069
959999685756 64 0.3817164447172241
969999773958 64 0.3827381450148427
979999754522 64 0.3806947444196055
989999743027 64 0.3817164447172241
999999908332 63 0.3827381450148427
1009999888365 63 0.3827381450148427
1019999714520 63 0.3808309711259547
1029999627755 63 0.3817164447172241
1039999726192 63 0.3817164447172241
1049999725954 63 0.3827381450148427
1059999821158 63 0.3815121046577005
1069999874620 63 0.3817164447172241
1079999751799 63 0.3817164447172241
1089999671930 64 0.3817164447172241
1099999755758 64 0.3811715378918276
1109999844206 64 0.3827381450148427
1119999773247 64 0.3815121046577005
1129999873034 64 0.3827381450148427
1140000053538 64 0.3827381450148427
1149999974792 64 0.3817164447172241
1159999914450 64 0.3827381450148427
1169999924503 63 0.3817164447172241
1179999964919 63 0.3793324773561141
1189999894625 64 0.3817164447172241
1199999959222 64 0.3827381450148427
1209999667614 65 0.3837598453124613
1219999582502 64 0.3827224265487255
1229999520080 64 0.3817164447172241
1239999464621 63 0.3806947444196055
1249999481008 63 0.3817164447172241
1259999586658 64 0.3817164447172241
1269999658085 63 0.3806947444196055
1279999631306 63 0.3817164447172241
1289999848107 62 0.3806947444196055
1299999858899 63 0.3817002272521826
1309999824667 64 0.3817164447172241
1319999598952 63 0.3827381450148427
1329999654657 63 0.3827381450148427
1339999790971 63 0.3827381450148427
1349999711663 63 0.3806947444196055
1359999660605 63 0.3796730441219869
1369999635599 63 0.3817164447172241
1379999491811 63 0.3806947444196055
1389999391284 64 0.3817164447172241
1399999404299 63 0.3827381450148427
1409999489610 63 0.3817164447172241
1419999508452 63 0.3817164447172241
1429999667116 63 0.3815121046577005
1439999648786 62 0.3817164447172241
1449999678779 62 0.3814958871926589
1459999646557 62 0.3806785269545639
1469999515392 63 0.3817002272521826
1479999411584 63 0.3817164447172241
1489999382391 63 0.3817164447172241
1499999234157 63 0.3806947444196055
1509999292481 64 0.3796730441219869
1519999323777 63 0.3817164447172241
1529999181025 63 0.3813758779513512
1539999213830 62 0.3817164447172241
1549999249804 62 0.381155320426786
1559999242125 63 0.3817002272521826
1569999250786 64 0.3817164447172241
1579999198348 64 0.3806947444196055
1589999146844 64 0.3817164447172241
1599999146894 63 0.3817164447172241
1609999190801 63 0.3827381450148427
1619999232505 63 0.3827381450148427
1629999387862 64 0.3817164447172241
1639999341370 64 0.3817164447172241
1649999233085 65 0.3817164447172241
1659999234143 64 0.3823818597828527
1669999349920 64 0.3827381450148427
1679999285950 64 0.3817164447172241
1689999268780 64 0.3817164447172241
1699999163861 63 0.3816483313640496
1709999073022 63 0.3827381450148427
1719999070074 63 0.3827381450148427
1729999055578 63 0.3821932381894462
1739998889642 63 0.3837598453124613
1749998848185 64 0.3837598453124613
1759998901868 63 0.3817164447172241
1769998844078 63 0.3827381450148427
1779998852609 64 0.3817164447172241
1789998940448 63 0.3827381450148427
1799999135078 63 0.3817164447172241
1809999169715 63 0.3806947444196055
1819999103038 63 0.3806947444196055
1829999197992 64 0.3827381450148427
1839999118650 64 0.3793324773561141
1849999290493 63 0.3806947444196055
1859999309325 63 0.3796730441219869
1869999250116 63 0.3817164447172241
1879999222762 64 0.3817164447172241
1889999184614 64 0.3783107770584955
1899999266326 63 0.3786513438243684
1909999260128 62 0.3817164447172241
1919999255392 62 0.3817002272521826
1929999382392 62 0.3827219275498011
1939999253911 62 0.3804741868950403
1949999203558 63 0.3806785269545639
1959999249250 63 0.3806947444196055
1969999266916 63 0.3817164447172241
1979999298032 63 0.3817164447172241
1989999288590 63 0.3815121046577005
1999999270570 63 0.3806947444196055
2009999098520 63 0.3796730441219869
2019999008080 64 0.3817164447172241
2029998905695 64 0.3809671978323039
2039999056416 63 0.3817164447172241
2049999173513 63 0.3813758779513512
2059999135852 64 0.3817164447172241
2069999107978 64 0.3827381450148427
2079999144142 64 0.3837598453124613
2089999217836 63 0.3806947444196055
2099999141557 64 0.3837598453124613
2109999063790 64 0.3806947444196055
2119999016278 63 0.3806947444196055
2129998978059 63 0.3821932381894462
2139998852569 64 0.3827381450148427
2149998991243 64 0.3817164447172241
2159998971412 64 0.3827381450148427
2169998891906 64 0.3811715378918276
2179999041958 65 0.3827381450148427
2189999096479 64 0.3806790259534883
2199999267621 64 0.3817164447172241
2209999232636 65 0.3806947444196055
2219999328329 64 0.3827224265487255
2229999307541 64 0.3806947444196055
2239999377315 63 0.3806947444196055
2249999463842 63 0.3811715378918276
2259999527720 64 0.3837598453124613
2269999630048 64 0.3817164447172241
2279999557576 63 0.3817164447172241
2289999421710 63 0.3817164447172241
2299999222246 64 0.3827381450148427
2309999278308 64 0.3817164447172241
2319999201626 63 0.3817164447172241
2329999164111 63 0.3817164447172241
2339999170455 64 0.3806947444196055
2349999235224 64 0.3817164447172241
2359999288218 64 0.3817164447172241
2369999443624 63 0.3817164447172241
2379999440697 63 0.3811715378918276
2389999482803 64 0.3817164447172241
2399999533076 64 0.3817164447172241
2409999467403 64 0.3827381450148427
2419999404294 64 0.3827381450148427
2429999124787 64 0.3817164447172241
2439999311482 63 0.3817164447172241
2449999286763 63 0.3817164447172241
2459999319931 64 0.3817164447172241
2469999548840 64 0.3806947444196055
2479999529504 63 0.3827381450148427
2489999599927 64 0.3806947444196055
2499999579818 64 0.3813758779513512
2509999539117 65 0.3817164447172241
2519999678269 64 0.3825180864892018
2529999616732 64 0.3817164447172241
2539999719748 64 0.3827381450148427
2549999859335 64 0.3817164447172241
2559999778878 64 0.3817164447172241
2569999876070 63 0.3827381450148427
2580000026382 62 0.3817164447172241
2589999989878 63 0.3817002272521826
2600000065188 64 0.3827381450148427
2610000259574 64 0.3817164447172241
2620000375174 64 0.3813758779513512
2630000418709 63 0.3827381450148427
2640000485458 63 0.3827381450148427
2650000621032 64 0.3827381450148427
2660000589381 63 0.3837598453124613
2670000501071 64 0.3806947444196055
2680000654169 64 0.3793324773561141
2690000753914 63 0.3806947444196055
2700000692026 63 0.3806947444196055
2710000785254 62 0.3806947444196055
2720000692937 63 0.3806785269545639
2730000612421 63 0.3817164447172241
2740000638763 63 0.3817164447172241
2750000446127 63 0.3817164447172241
2760000378508 62 0.3817164447172241
2770000282584 63 0.3796568266569454
2780000286208 63 0.3827381450148427
2790000239619 63 0.3817164447172241
2800000183377 62 0.3806947444196055
2810000197437 62 0.3825175874902774
2820000228051 63 0.3827219275498011
2830000191150 63 0.3817164447172241
2840000218993 63 0.3827381450148427
2850000218192 63 0.3808309711259547
2860000209871 64 0.3806947444196055
2870000226105 64 0.3806947444196055
2880000386616 65 0.3817164447172241
2890000492001 64 0.379793552362219
2900000469759 64 0.3806947444196055
2910000500797 64 0.3806947444196055
2920000551496 64 0.3806947444196055
2930000542221 64 0.3817164447172241
2940000487349 65 0.3827381450148427
2950000568299 64 0.3813601594852341
2960000467292 64 0.3817164447172241
2970000474516 64 0.3803541776537327
2980000487829 63 0.3827381450148427
2990000323793 63 0.3817164447172241
3000000299916 64 0.3827381450148427
3010000323996 64 0.3827381450148427
3020000230666 64 0.3837598453124613
3030000255194 63 0.3827381450148427
3040000186459 62 0.3806947444196055
3050000152133 63 0.3806785269545639
3060000247570 63 0.3817164447172241
3070000256983 63 0.3806947444196055
3080000095345 63 0.3827381450148427
3090000139613 64 0.3827381450148427
3100000154797 64 0.3815121046577005
3110000191932 64 0.3817164447172241
3120000240376 65 0.3806947444196055
3130000084824 64 0.3817007262511069
3140000042975 64 0.3827381450148427
3149999885079 64 0.3817164447172241
3159999998705 64 0.3827381450148427
3169999865894 65 0.3806947444196055
3180000073924 64 0.3817007262511069
3190000163349 64 0.3817164447172241
3200000268641 64 0.3817164447172241
3210000481345 64 0.3817164447172241
3220000319219 65 0.3827381450148427
3230000420044 64 0.3827224265487255
3240000462993 64 0.3817164447172241
3250000599102 64 0.3823975782489699
3260000535489 64 0.3817164447172241
3270000640204 64 0.3815121046577005
3280000574607 64 0.3817164447172241
3290000579256 63 0.3827381450148427
3300000536876 63 0.3817164447172241
3310000567670 63 0.3817164447172241
3320000629331 63 0.3827381450148427
3330000696183 64 0.3806947444196055
3340000789743 64 0.3815121046577005
3350000592268 63 0.3827381450148427
3360000469384 63 0.3815121046577005
3370000505174 64 0.3817164447172241
3380000486390 63 0.3827381450148427
3390000544153 63 0.3837598453124613
3400000399528 64 0.3827381450148427
3410000655947 64 0.3827381450148427
3420000683115 63 0.3827381450148427
3430000736980 63 0.3796730441219869
3440000784426 63 0.3806947444196055
3450000700334 63 0.3815121046577005
3460000729000 63 0.3827381450148427
3470000598226 63 0.3827381450148427
3480000722756 64 0.3817164447172241
3490000624667 64 0.3806947444196055
3500000738718 63 0.3817164447172241
3510000894545 63 0.3817164447172241
3520000973590 62 0.3827381450148427
3530000751437 62 0.3825175874902774
3540000793396 63 0.3827219275498011
3550000647647 62 0.3817164447172241
3560000458697 62 0.3804741868950403
3570000417634 63 0.3806785269545639
3580000562086 63 0.3806947444196055
3590000675535 63 0.3817164447172241
3600000796942 62 0.3806947444196055
