
ASes= { 1, 2, 3, 4, 5, 6, 7, 8, 9, 10 } ;


Objects= { 1, 2, 3, 4, 5, 6, 7, 8, 9, 10, 11, 12, 13, 14, 15, 16, 17, 18, 19, 20, 21, 22, 23, 24, 25, 26, 27, 28, 29, 30, 31, 32, 33, 34, 35, 36, 37, 38, 39, 40, 41, 42, 43, 44, 45, 46, 47, 48, 49, 50, 51, 52, 53, 54, 55, 56, 57, 58, 59, 60, 61, 62, 63, 64, 65, 66, 67, 68, 69, 70, 71, 72, 73, 74, 75, 76, 77, 78, 79, 80, 81, 82, 83, 84, 85, 86, 87, 88, 89, 90, 91, 92, 93, 94, 95, 96, 97, 98, 99, 100, 101, 102, 103, 104, 105, 106, 107, 108, 109, 110, 111, 112, 113, 114, 115, 116, 117, 118, 119, 120, 121, 122, 123, 124, 125, 126, 127, 128, 129, 130, 131, 132, 133, 134, 135, 136, 137, 138, 139, 140, 141, 142, 143, 144, 145, 146, 147, 148, 149, 150, 151, 152, 153, 154, 155, 156, 157, 158, 159, 160, 161, 162, 163, 164, 165, 166, 167, 168, 169, 170, 171, 172, 173, 174, 175, 176, 177, 178, 179, 180, 181, 182, 183, 184, 185, 186, 187, 188, 189, 190, 191, 192, 193, 194, 195, 196, 197, 198, 199, 200, 201, 202, 203, 204, 205, 206, 207, 208, 209, 210, 211, 212, 213, 214, 215, 216, 217, 218, 219, 220, 221, 222, 223, 224, 225, 226, 227, 228, 229, 230, 231, 232, 233, 234, 235, 236, 237, 238, 239, 240, 241, 242, 243, 244, 245, 246, 247, 248, 249, 250, 251, 252, 253, 254, 255, 256, 257, 258, 259, 260, 261, 262, 263, 264, 265, 266, 267, 268, 269, 270, 271, 272, 273, 274, 275, 276, 277, 278, 279, 280, 281, 282, 283, 284, 285, 286, 287, 288, 289, 290, 291, 292, 293, 294, 295, 296, 297, 298, 299, 300, 301, 302, 303, 304, 305, 306, 307, 308, 309, 310, 311, 312, 313, 314, 315, 316, 317, 318, 319, 320, 321, 322, 323, 324, 325, 326, 327, 328, 329, 330, 331, 332, 333, 334, 335, 336, 337, 338, 339, 340, 341, 342, 343, 344, 345, 346, 347, 348, 349, 350, 351, 352, 353, 354, 355, 356, 357, 358, 359, 360, 361, 362, 363, 364, 365, 366, 367, 368, 369, 370, 371, 372, 373, 374, 375, 376, 377, 378, 379, 380, 381, 382, 383, 384, 385, 386, 387, 388, 389, 390, 391, 392, 393, 394, 395, 396, 397, 398, 399, 400, 401, 402, 403, 404, 405, 406, 407, 408, 409, 410, 411, 412, 413, 414, 415, 416, 417, 418, 419, 420, 421, 422, 423, 424, 425, 426, 427, 428, 429, 430, 431, 432, 433, 434, 435, 436, 437, 438, 439, 440, 441, 442, 443, 444, 445, 446, 447, 448, 449, 450, 451, 452, 453, 454, 455, 456, 457, 458, 459, 460, 461, 462, 463, 464, 465, 466, 467, 468, 469, 470, 471, 472, 473, 474, 475, 476, 477, 478, 479, 480, 481, 482, 483, 484, 485, 486, 487, 488, 489, 490, 491, 492, 493, 494, 495, 496, 497, 498, 499, 500, 501, 502, 503, 504, 505, 506, 507, 508, 509, 510, 511, 512, 513, 514, 515, 516, 517, 518, 519, 520, 521, 522, 523, 524, 525, 526, 527, 528, 529, 530, 531, 532, 533, 534, 535, 536, 537, 538, 539, 540, 541, 542, 543, 544, 545, 546, 547, 548, 549, 550, 551, 552, 553, 554, 555, 556, 557, 558, 559, 560, 561, 562, 563, 564, 565, 566, 567, 568, 569, 570, 571, 572, 573, 574, 575, 576, 577, 578, 579, 580, 581, 582, 583, 584, 585, 586, 587, 588, 589, 590, 591, 592, 593, 594, 595, 596, 597, 598, 599, 600, 601, 602, 603, 604, 605, 606, 607, 608, 609, 610, 611, 612, 613, 614, 615, 616, 617, 618, 619, 620, 621, 622, 623, 624, 625, 626, 627, 628, 629, 630, 631, 632, 633, 634, 635, 636, 637, 638, 639, 640, 641, 642, 643, 644, 645, 646, 647, 648, 649, 650, 651, 652, 653, 654, 655, 656, 657, 658, 659, 660, 661, 662, 663, 664, 665, 666, 667, 668, 669, 670, 671, 672, 673, 674, 675, 676, 677, 678, 679, 680, 681, 682, 683, 684, 685, 686, 687, 688, 689, 690, 691, 692, 693, 694, 695, 696, 697, 698, 699, 700, 701, 702, 703, 704, 705, 706, 707, 708, 709, 710, 711, 712, 713, 714, 715, 716, 717, 718, 719, 720, 721, 722, 723, 724, 725, 726, 727, 728, 729, 730, 731, 732, 733, 734, 735, 736, 737, 738, 739, 740, 741, 742, 743, 744, 745, 746, 747, 748, 749, 750, 751, 752, 753, 754, 755, 756, 757, 758, 759, 760, 761, 762, 763, 764, 765, 766, 767, 768, 769, 770, 771, 772, 773, 774, 775, 776, 777, 778, 779, 780, 781, 782, 783, 784, 785, 786, 787, 788, 789, 790, 791, 792, 793, 794, 795, 796, 797, 798, 799, 800, 801, 802, 803, 804, 805, 806, 807, 808, 809, 810, 811, 812, 813, 814, 815, 816, 817, 818, 819, 820, 821, 822, 823, 824, 825, 826, 827, 828, 829, 830, 831, 832, 833, 834, 835, 836, 837, 838, 839, 840, 841, 842, 843, 844, 845, 846, 847, 848, 849, 850, 851, 852, 853, 854, 855, 856, 857, 858, 859, 860, 861, 862, 863, 864, 865, 866, 867, 868, 869, 870, 871, 872, 873, 874, 875, 876, 877, 878, 879, 880, 881, 882, 883, 884, 885, 886, 887, 888, 889, 890, 891, 892, 893, 894, 895, 896, 897, 898, 899, 900, 901, 902, 903, 904, 905, 906, 907, 908, 909, 910, 911, 912, 913, 914, 915, 916, 917, 918, 919, 920, 921, 922, 923, 924, 925, 926, 927, 928, 929, 930, 931, 932, 933, 934, 935, 936, 937, 938, 939, 940, 941, 942, 943, 944, 945, 946, 947, 948, 949, 950, 951, 952, 953, 954, 955, 956, 957, 958, 959, 960, 961, 962, 963, 964, 965, 966, 967, 968, 969, 970, 971, 972, 973, 974, 975, 976, 977, 978, 979, 980, 981, 982, 983, 984, 985, 986, 987, 988, 989, 990, 991, 992, 993, 994, 995, 996, 997, 998, 999, 1000 } ;


QualityLevels= { 0, 1, 2, 3, 4, 5 } ;

Arcs = { <1,2,490000>, <2,1,490000>,<2,3,490000>, <3,2,490000>,<3,4,490000>, <4,3,490000>,<2,5,490000>, <5,2,490000>,<2,6,490000>, <6,2,490000>,<5,7,490000>, <7,5,490000>,<7,8,490000>, <8,7,490000>,<8,9,490000>, <9,8,490000>,<7,10,490000>, <10,7,490000> }; 


RatePerQuality= [ 0  300  700  1500  2500  3500 ] ;


CacheSpacePerQuality= [ 10000  11.25  26.25  56.25  93.75  131.25 ] ;


UtilityPerQuality= [ 0  0.2  0.4  0.6  0.8  1 ] ;


ObjectsPublishedByProducers=[ [ 0  0  0  1  0  0  0  0  0  0 ]  [ 0  0  0  0  0  1  0  0  0  0 ]  [ 0  0  0  1  0  0  0  0  0  0 ]  [ 0  0  0  0  0  0  0  0  1  0 ]  [ 0  0  0  0  0  0  0  0  1  0 ]  [ 1  0  0  0  0  0  0  0  0  0 ]  [ 1  0  0  0  0  0  0  0  0  0 ]  [ 0  0  0  0  0  0  0  0  0  1 ]  [ 0  0  0  1  0  0  0  0  0  0 ]  [ 0  0  0  1  0  0  0  0  0  0 ]  [ 0  0  0  0  0  0  0  0  0  1 ]  [ 0  0  0  0  0  1  0  0  0  0 ]  [ 0  0  0  0  0  0  0  0  0  1 ]  [ 0  0  0  0  0  1  0  0  0  0 ]  [ 0  0  0  0  0  0  0  0  1  0 ]  [ 1  0  0  0  0  0  0  0  0  0 ]  [ 0  0  0  0  0  0  0  0  1  0 ]  [ 0  0  0  0  0  0  0  0  0  1 ]  [ 0  0  0  0  0  1  0  0  0  0 ]  [ 0  0  0  0  0  0  0  0  1  0 ]  [ 0  0  0  0  0  0  0  0  1  0 ]  [ 1  0  0  0  0  0  0  0  0  0 ]  [ 0  0  0  0  0  0  0  0  1  0 ]  [ 0  0  0  0  0  1  0  0  0  0 ]  [ 0  0  0  1  0  0  0  0  0  0 ]  [ 1  0  0  0  0  0  0  0  0  0 ]  [ 0  0  0  0  0  0  0  0  0  1 ]  [ 0  0  0  0  0  1  0  0  0  0 ]  [ 0  0  0  0  0  0  0  0  1  0 ]  [ 0  0  0  0  0  0  0  0  0  1 ]  [ 0  0  0  0  0  0  0  0  1  0 ]  [ 0  0  0  0  0  0  0  0  0  1 ]  [ 0  0  0  1  0  0  0  0  0  0 ]  [ 0  0  0  0  0  0  0  0  0  1 ]  [ 0  0  0  0  0  1  0  0  0  0 ]  [ 0  0  0  0  0  0  0  0  0  1 ]  [ 0  0  0  0  0  0  0  0  0  1 ]  [ 1  0  0  0  0  0  0  0  0  0 ]  [ 1  0  0  0  0  0  0  0  0  0 ]  [ 0  0  0  1  0  0  0  0  0  0 ]  [ 0  0  0  0  0  0  0  0  0  1 ]  [ 0  0  0  0  0  1  0  0  0  0 ]  [ 0  0  0  0  0  0  0  0  1  0 ]  [ 0  0  0  1  0  0  0  0  0  0 ]  [ 0  0  0  0  0  1  0  0  0  0 ]  [ 0  0  0  1  0  0  0  0  0  0 ]  [ 0  0  0  1  0  0  0  0  0  0 ]  [ 0  0  0  0  0  1  0  0  0  0 ]  [ 0  0  0  0  0  1  0  0  0  0 ]  [ 0  0  0  0  0  0  0  0  0  1 ]  [ 0  0  0  0  0  0  0  0  1  0 ]  [ 0  0  0  0  0  0  0  0  0  1 ]  [ 0  0  0  0  0  0  0  0  0  1 ]  [ 0  0  0  0  0  0  0  0  0  1 ]  [ 0  0  0  0  0  0  0  0  1  0 ]  [ 1  0  0  0  0  0  0  0  0  0 ]  [ 0  0  0  0  0  0  0  0  0  1 ]  [ 0  0  0  0  0  0  0  0  0  1 ]  [ 0  0  0  0  0  0  0  0  0  1 ]  [ 0  0  0  0  0  1  0  0  0  0 ]  [ 0  0  0  0  0  0  0  0  1  0 ]  [ 0  0  0  1  0  0  0  0  0  0 ]  [ 0  0  0  0  0  0  0  0  0  1 ]  [ 0  0  0  0  0  1  0  0  0  0 ]  [ 0  0  0  1  0  0  0  0  0  0 ]  [ 1  0  0  0  0  0  0  0  0  0 ]  [ 0  0  0  0  0  0  0  0  0  1 ]  [ 0  0  0  0  0  0  0  0  0  1 ]  [ 1  0  0  0  0  0  0  0  0  0 ]  [ 0  0  0  0  0  0  0  0  0  1 ]  [ 0  0  0  0  0  1  0  0  0  0 ]  [ 1  0  0  0  0  0  0  0  0  0 ]  [ 0  0  0  1  0  0  0  0  0  0 ]  [ 0  0  0  0  0  0  0  0  1  0 ]  [ 0  0  0  0  0  0  0  0  0  1 ]  [ 1  0  0  0  0  0  0  0  0  0 ]  [ 0  0  0  0  0  0  0  0  1  0 ]  [ 1  0  0  0  0  0  0  0  0  0 ]  [ 0  0  0  0  0  0  0  0  1  0 ]  [ 0  0  0  1  0  0  0  0  0  0 ]  [ 0  0  0  0  0  0  0  0  0  1 ]  [ 0  0  0  0  0  0  0  0  0  1 ]  [ 0  0  0  0  0  1  0  0  0  0 ]  [ 0  0  0  0  0  0  0  0  0  1 ]  [ 0  0  0  1  0  0  0  0  0  0 ]  [ 1  0  0  0  0  0  0  0  0  0 ]  [ 0  0  0  0  0  1  0  0  0  0 ]  [ 1  0  0  0  0  0  0  0  0  0 ]  [ 1  0  0  0  0  0  0  0  0  0 ]  [ 0  0  0  0  0  1  0  0  0  0 ]  [ 0  0  0  0  0  0  0  0  1  0 ]  [ 1  0  0  0  0  0  0  0  0  0 ]  [ 1  0  0  0  0  0  0  0  0  0 ]  [ 0  0  0  0  0  0  0  0  0  1 ]  [ 0  0  0  1  0  0  0  0  0  0 ]  [ 0  0  0  0  0  0  0  0  0  1 ]  [ 0  0  0  0  0  0  0  0  0  1 ]  [ 0  0  0  1  0  0  0  0  0  0 ]  [ 0  0  0  0  0  1  0  0  0  0 ]  [ 0  0  0  0  0  1  0  0  0  0 ]  [ 0  0  0  0  0  0  0  0  1  0 ]  [ 0  0  0  0  0  1  0  0  0  0 ]  [ 0  0  0  0  0  1  0  0  0  0 ]  [ 0  0  0  0  0  0  0  0  1  0 ]  [ 0  0  0  0  0  0  0  0  0  1 ]  [ 0  0  0  0  0  1  0  0  0  0 ]  [ 0  0  0  0  0  1  0  0  0  0 ]  [ 0  0  0  0  0  0  0  0  1  0 ]  [ 0  0  0  1  0  0  0  0  0  0 ]  [ 0  0  0  1  0  0  0  0  0  0 ]  [ 0  0  0  0  0  0  0  0  0  1 ]  [ 0  0  0  0  0  1  0  0  0  0 ]  [ 0  0  0  0  0  1  0  0  0  0 ]  [ 1  0  0  0  0  0  0  0  0  0 ]  [ 0  0  0  0  0  1  0  0  0  0 ]  [ 0  0  0  0  0  1  0  0  0  0 ]  [ 1  0  0  0  0  0  0  0  0  0 ]  [ 0  0  0  0  0  0  0  0  1  0 ]  [ 0  0  0  0  0  0  0  0  1  0 ]  [ 1  0  0  0  0  0  0  0  0  0 ]  [ 0  0  0  0  0  0  0  0  1  0 ]  [ 0  0  0  0  0  1  0  0  0  0 ]  [ 0  0  0  0  0  0  0  0  1  0 ]  [ 0  0  0  1  0  0  0  0  0  0 ]  [ 0  0  0  0  0  0  0  0  1  0 ]  [ 0  0  0  0  0  0  0  0  1  0 ]  [ 1  0  0  0  0  0  0  0  0  0 ]  [ 1  0  0  0  0  0  0  0  0  0 ]  [ 0  0  0  0  0  0  0  0  1  0 ]  [ 0  0  0  0  0  0  0  0  0  1 ]  [ 0  0  0  1  0  0  0  0  0  0 ]  [ 0  0  0  0  0  1  0  0  0  0 ]  [ 0  0  0  0  0  1  0  0  0  0 ]  [ 0  0  0  1  0  0  0  0  0  0 ]  [ 0  0  0  1  0  0  0  0  0  0 ]  [ 0  0  0  1  0  0  0  0  0  0 ]  [ 0  0  0  1  0  0  0  0  0  0 ]  [ 0  0  0  0  0  1  0  0  0  0 ]  [ 0  0  0  1  0  0  0  0  0  0 ]  [ 0  0  0  1  0  0  0  0  0  0 ]  [ 0  0  0  0  0  0  0  0  1  0 ]  [ 1  0  0  0  0  0  0  0  0  0 ]  [ 0  0  0  0  0  1  0  0  0  0 ]  [ 0  0  0  0  0  0  0  0  1  0 ]  [ 0  0  0  1  0  0  0  0  0  0 ]  [ 0  0  0  1  0  0  0  0  0  0 ]  [ 0  0  0  0  0  0  0  0  0  1 ]  [ 0  0  0  1  0  0  0  0  0  0 ]  [ 1  0  0  0  0  0  0  0  0  0 ]  [ 0  0  0  0  0  1  0  0  0  0 ]  [ 0  0  0  0  0  0  0  0  1  0 ]  [ 1  0  0  0  0  0  0  0  0  0 ]  [ 0  0  0  1  0  0  0  0  0  0 ]  [ 0  0  0  1  0  0  0  0  0  0 ]  [ 0  0  0  0  0  0  0  0  0  1 ]  [ 0  0  0  0  0  1  0  0  0  0 ]  [ 0  0  0  0  0  0  0  0  0  1 ]  [ 1  0  0  0  0  0  0  0  0  0 ]  [ 0  0  0  1  0  0  0  0  0  0 ]  [ 0  0  0  0  0  0  0  0  1  0 ]  [ 0  0  0  0  0  0  0  0  0  1 ]  [ 0  0  0  0  0  1  0  0  0  0 ]  [ 0  0  0  1  0  0  0  0  0  0 ]  [ 1  0  0  0  0  0  0  0  0  0 ]  [ 0  0  0  0  0  1  0  0  0  0 ]  [ 1  0  0  0  0  0  0  0  0  0 ]  [ 0  0  0  0  0  0  0  0  0  1 ]  [ 0  0  0  0  0  0  0  0  0  1 ]  [ 1  0  0  0  0  0  0  0  0  0 ]  [ 0  0  0  1  0  0  0  0  0  0 ]  [ 0  0  0  0  0  0  0  0  0  1 ]  [ 0  0  0  0  0  0  0  0  1  0 ]  [ 0  0  0  0  0  0  0  0  0  1 ]  [ 0  0  0  1  0  0  0  0  0  0 ]  [ 1  0  0  0  0  0  0  0  0  0 ]  [ 0  0  0  1  0  0  0  0  0  0 ]  [ 0  0  0  0  0  0  0  0  1  0 ]  [ 0  0  0  1  0  0  0  0  0  0 ]  [ 0  0  0  1  0  0  0  0  0  0 ]  [ 0  0  0  0  0  1  0  0  0  0 ]  [ 0  0  0  0  0  1  0  0  0  0 ]  [ 0  0  0  0  0  1  0  0  0  0 ]  [ 0  0  0  0  0  0  0  0  0  1 ]  [ 1  0  0  0  0  0  0  0  0  0 ]  [ 1  0  0  0  0  0  0  0  0  0 ]  [ 0  0  0  0  0  0  0  0  0  1 ]  [ 0  0  0  0  0  0  0  0  0  1 ]  [ 0  0  0  0  0  0  0  0  0  1 ]  [ 0  0  0  0  0  1  0  0  0  0 ]  [ 0  0  0  0  0  0  0  0  0  1 ]  [ 0  0  0  0  0  0  0  0  0  1 ]  [ 0  0  0  1  0  0  0  0  0  0 ]  [ 0  0  0  0  0  0  0  0  1  0 ]  [ 0  0  0  0  0  0  0  0  0  1 ]  [ 0  0  0  0  0  0  0  0  1  0 ]  [ 0  0  0  0  0  1  0  0  0  0 ]  [ 0  0  0  1  0  0  0  0  0  0 ]  [ 0  0  0  1  0  0  0  0  0  0 ]  [ 0  0  0  1  0  0  0  0  0  0 ]  [ 1  0  0  0  0  0  0  0  0  0 ]  [ 0  0  0  0  0  1  0  0  0  0 ]  [ 0  0  0  1  0  0  0  0  0  0 ]  [ 0  0  0  0  0  0  0  0  0  1 ]  [ 1  0  0  0  0  0  0  0  0  0 ]  [ 0  0  0  0  0  0  0  0  0  1 ]  [ 0  0  0  0  0  0  0  0  1  0 ]  [ 0  0  0  0  0  0  0  0  0  1 ]  [ 0  0  0  0  0  0  0  0  0  1 ]  [ 0  0  0  0  0  0  0  0  0  1 ]  [ 0  0  0  0  0  1  0  0  0  0 ]  [ 1  0  0  0  0  0  0  0  0  0 ]  [ 0  0  0  0  0  0  0  0  1  0 ]  [ 1  0  0  0  0  0  0  0  0  0 ]  [ 0  0  0  1  0  0  0  0  0  0 ]  [ 0  0  0  0  0  0  0  0  1  0 ]  [ 0  0  0  0  0  1  0  0  0  0 ]  [ 0  0  0  0  0  1  0  0  0  0 ]  [ 0  0  0  0  0  0  0  0  0  1 ]  [ 0  0  0  0  0  0  0  0  1  0 ]  [ 0  0  0  1  0  0  0  0  0  0 ]  [ 0  0  0  1  0  0  0  0  0  0 ]  [ 0  0  0  0  0  0  0  0  0  1 ]  [ 0  0  0  0  0  1  0  0  0  0 ]  [ 0  0  0  0  0  0  0  0  1  0 ]  [ 0  0  0  1  0  0  0  0  0  0 ]  [ 1  0  0  0  0  0  0  0  0  0 ]  [ 0  0  0  0  0  1  0  0  0  0 ]  [ 0  0  0  0  0  0  0  0  0  1 ]  [ 1  0  0  0  0  0  0  0  0  0 ]  [ 0  0  0  0  0  0  0  0  1  0 ]  [ 0  0  0  0  0  0  0  0  0  1 ]  [ 0  0  0  0  0  0  0  0  0  1 ]  [ 0  0  0  0  0  0  0  0  0  1 ]  [ 1  0  0  0  0  0  0  0  0  0 ]  [ 0  0  0  0  0  0  0  0  1  0 ]  [ 0  0  0  0  0  0  0  0  0  1 ]  [ 1  0  0  0  0  0  0  0  0  0 ]  [ 0  0  0  1  0  0  0  0  0  0 ]  [ 0  0  0  1  0  0  0  0  0  0 ]  [ 0  0  0  0  0  1  0  0  0  0 ]  [ 0  0  0  0  0  1  0  0  0  0 ]  [ 0  0  0  0  0  1  0  0  0  0 ]  [ 0  0  0  0  0  0  0  0  1  0 ]  [ 1  0  0  0  0  0  0  0  0  0 ]  [ 1  0  0  0  0  0  0  0  0  0 ]  [ 1  0  0  0  0  0  0  0  0  0 ]  [ 1  0  0  0  0  0  0  0  0  0 ]  [ 1  0  0  0  0  0  0  0  0  0 ]  [ 0  0  0  0  0  0  0  0  0  1 ]  [ 0  0  0  0  0  0  0  0  0  1 ]  [ 1  0  0  0  0  0  0  0  0  0 ]  [ 0  0  0  0  0  1  0  0  0  0 ]  [ 0  0  0  1  0  0  0  0  0  0 ]  [ 0  0  0  1  0  0  0  0  0  0 ]  [ 0  0  0  1  0  0  0  0  0  0 ]  [ 0  0  0  0  0  0  0  0  1  0 ]  [ 0  0  0  0  0  1  0  0  0  0 ]  [ 0  0  0  1  0  0  0  0  0  0 ]  [ 1  0  0  0  0  0  0  0  0  0 ]  [ 0  0  0  1  0  0  0  0  0  0 ]  [ 1  0  0  0  0  0  0  0  0  0 ]  [ 0  0  0  0  0  1  0  0  0  0 ]  [ 0  0  0  0  0  0  0  0  1  0 ]  [ 0  0  0  1  0  0  0  0  0  0 ]  [ 1  0  0  0  0  0  0  0  0  0 ]  [ 1  0  0  0  0  0  0  0  0  0 ]  [ 0  0  0  1  0  0  0  0  0  0 ]  [ 0  0  0  0  0  0  0  0  1  0 ]  [ 0  0  0  0  0  0  0  0  1  0 ]  [ 0  0  0  1  0  0  0  0  0  0 ]  [ 0  0  0  0  0  0  0  0  0  1 ]  [ 0  0  0  0  0  0  0  0  1  0 ]  [ 0  0  0  0  0  1  0  0  0  0 ]  [ 0  0  0  1  0  0  0  0  0  0 ]  [ 0  0  0  0  0  1  0  0  0  0 ]  [ 0  0  0  0  0  0  0  0  1  0 ]  [ 0  0  0  0  0  1  0  0  0  0 ]  [ 0  0  0  0  0  0  0  0  1  0 ]  [ 0  0  0  0  0  1  0  0  0  0 ]  [ 0  0  0  1  0  0  0  0  0  0 ]  [ 0  0  0  0  0  1  0  0  0  0 ]  [ 0  0  0  0  0  0  0  0  1  0 ]  [ 1  0  0  0  0  0  0  0  0  0 ]  [ 0  0  0  0  0  1  0  0  0  0 ]  [ 0  0  0  0  0  1  0  0  0  0 ]  [ 0  0  0  0  0  0  0  0  0  1 ]  [ 0  0  0  0  0  0  0  0  0  1 ]  [ 0  0  0  1  0  0  0  0  0  0 ]  [ 0  0  0  0  0  0  0  0  0  1 ]  [ 0  0  0  0  0  0  0  0  1  0 ]  [ 0  0  0  1  0  0  0  0  0  0 ]  [ 0  0  0  0  0  1  0  0  0  0 ]  [ 1  0  0  0  0  0  0  0  0  0 ]  [ 0  0  0  0  0  0  0  0  0  1 ]  [ 0  0  0  0  0  0  0  0  1  0 ]  [ 0  0  0  0  0  0  0  0  0  1 ]  [ 0  0  0  0  0  0  0  0  1  0 ]  [ 0  0  0  0  0  0  0  0  1  0 ]  [ 0  0  0  0  0  0  0  0  1  0 ]  [ 0  0  0  0  0  1  0  0  0  0 ]  [ 1  0  0  0  0  0  0  0  0  0 ]  [ 0  0  0  0  0  1  0  0  0  0 ]  [ 1  0  0  0  0  0  0  0  0  0 ]  [ 1  0  0  0  0  0  0  0  0  0 ]  [ 0  0  0  0  0  0  0  0  1  0 ]  [ 1  0  0  0  0  0  0  0  0  0 ]  [ 1  0  0  0  0  0  0  0  0  0 ]  [ 1  0  0  0  0  0  0  0  0  0 ]  [ 0  0  0  0  0  0  0  0  0  1 ]  [ 1  0  0  0  0  0  0  0  0  0 ]  [ 1  0  0  0  0  0  0  0  0  0 ]  [ 0  0  0  0  0  0  0  0  0  1 ]  [ 1  0  0  0  0  0  0  0  0  0 ]  [ 0  0  0  0  0  0  0  0  0  1 ]  [ 0  0  0  0  0  0  0  0  1  0 ]  [ 0  0  0  0  0  0  0  0  0  1 ]  [ 0  0  0  0  0  0  0  0  0  1 ]  [ 0  0  0  0  0  1  0  0  0  0 ]  [ 0  0  0  0  0  0  0  0  1  0 ]  [ 1  0  0  0  0  0  0  0  0  0 ]  [ 0  0  0  0  0  0  0  0  1  0 ]  [ 0  0  0  0  0  1  0  0  0  0 ]  [ 0  0  0  0  0  0  0  0  1  0 ]  [ 1  0  0  0  0  0  0  0  0  0 ]  [ 0  0  0  0  0  0  0  0  1  0 ]  [ 0  0  0  0  0  0  0  0  0  1 ]  [ 1  0  0  0  0  0  0  0  0  0 ]  [ 0  0  0  1  0  0  0  0  0  0 ]  [ 0  0  0  0  0  1  0  0  0  0 ]  [ 0  0  0  0  0  0  0  0  0  1 ]  [ 0  0  0  1  0  0  0  0  0  0 ]  [ 1  0  0  0  0  0  0  0  0  0 ]  [ 0  0  0  1  0  0  0  0  0  0 ]  [ 0  0  0  0  0  0  0  0  1  0 ]  [ 0  0  0  0  0  0  0  0  1  0 ]  [ 0  0  0  1  0  0  0  0  0  0 ]  [ 0  0  0  1  0  0  0  0  0  0 ]  [ 0  0  0  1  0  0  0  0  0  0 ]  [ 0  0  0  1  0  0  0  0  0  0 ]  [ 0  0  0  0  0  1  0  0  0  0 ]  [ 1  0  0  0  0  0  0  0  0  0 ]  [ 0  0  0  0  0  1  0  0  0  0 ]  [ 0  0  0  0  0  0  0  0  0  1 ]  [ 0  0  0  0  0  1  0  0  0  0 ]  [ 0  0  0  0  0  0  0  0  1  0 ]  [ 1  0  0  0  0  0  0  0  0  0 ]  [ 0  0  0  0  0  0  0  0  1  0 ]  [ 0  0  0  0  0  0  0  0  1  0 ]  [ 0  0  0  0  0  0  0  0  1  0 ]  [ 0  0  0  0  0  1  0  0  0  0 ]  [ 0  0  0  0  0  1  0  0  0  0 ]  [ 0  0  0  0  0  0  0  0  1  0 ]  [ 0  0  0  0  0  0  0  0  0  1 ]  [ 1  0  0  0  0  0  0  0  0  0 ]  [ 1  0  0  0  0  0  0  0  0  0 ]  [ 0  0  0  0  0  0  0  0  1  0 ]  [ 0  0  0  0  0  0  0  0  0  1 ]  [ 0  0  0  0  0  1  0  0  0  0 ]  [ 0  0  0  0  0  1  0  0  0  0 ]  [ 0  0  0  0  0  0  0  0  1  0 ]  [ 1  0  0  0  0  0  0  0  0  0 ]  [ 0  0  0  1  0  0  0  0  0  0 ]  [ 1  0  0  0  0  0  0  0  0  0 ]  [ 0  0  0  0  0  1  0  0  0  0 ]  [ 0  0  0  1  0  0  0  0  0  0 ]  [ 0  0  0  1  0  0  0  0  0  0 ]  [ 0  0  0  0  0  0  0  0  1  0 ]  [ 0  0  0  0  0  0  0  0  0  1 ]  [ 0  0  0  1  0  0  0  0  0  0 ]  [ 0  0  0  0  0  0  0  0  1  0 ]  [ 0  0  0  0  0  1  0  0  0  0 ]  [ 0  0  0  0  0  0  0  0  0  1 ]  [ 0  0  0  0  0  1  0  0  0  0 ]  [ 0  0  0  1  0  0  0  0  0  0 ]  [ 0  0  0  1  0  0  0  0  0  0 ]  [ 1  0  0  0  0  0  0  0  0  0 ]  [ 0  0  0  0  0  1  0  0  0  0 ]  [ 0  0  0  1  0  0  0  0  0  0 ]  [ 1  0  0  0  0  0  0  0  0  0 ]  [ 0  0  0  1  0  0  0  0  0  0 ]  [ 0  0  0  1  0  0  0  0  0  0 ]  [ 0  0  0  0  0  0  0  0  1  0 ]  [ 1  0  0  0  0  0  0  0  0  0 ]  [ 0  0  0  0  0  0  0  0  0  1 ]  [ 0  0  0  0  0  1  0  0  0  0 ]  [ 0  0  0  0  0  1  0  0  0  0 ]  [ 0  0  0  0  0  1  0  0  0  0 ]  [ 0  0  0  0  0  0  0  0  0  1 ]  [ 0  0  0  0  0  0  0  0  0  1 ]  [ 0  0  0  0  0  1  0  0  0  0 ]  [ 0  0  0  0  0  1  0  0  0  0 ]  [ 0  0  0  0  0  0  0  0  1  0 ]  [ 0  0  0  0  0  0  0  0  0  1 ]  [ 0  0  0  0  0  1  0  0  0  0 ]  [ 0  0  0  0  0  0  0  0  1  0 ]  [ 0  0  0  0  0  0  0  0  0  1 ]  [ 0  0  0  0  0  1  0  0  0  0 ]  [ 0  0  0  1  0  0  0  0  0  0 ]  [ 0  0  0  1  0  0  0  0  0  0 ]  [ 0  0  0  0  0  0  0  0  1  0 ]  [ 0  0  0  0  0  0  0  0  1  0 ]  [ 0  0  0  0  0  0  0  0  0  1 ]  [ 0  0  0  0  0  0  0  0  0  1 ]  [ 0  0  0  1  0  0  0  0  0  0 ]  [ 1  0  0  0  0  0  0  0  0  0 ]  [ 0  0  0  1  0  0  0  0  0  0 ]  [ 1  0  0  0  0  0  0  0  0  0 ]  [ 0  0  0  0  0  0  0  0  1  0 ]  [ 0  0  0  0  0  0  0  0  0  1 ]  [ 0  0  0  0  0  0  0  0  0  1 ]  [ 0  0  0  1  0  0  0  0  0  0 ]  [ 0  0  0  0  0  0  0  0  0  1 ]  [ 0  0  0  1  0  0  0  0  0  0 ]  [ 0  0  0  0  0  1  0  0  0  0 ]  [ 0  0  0  0  0  0  0  0  1  0 ]  [ 1  0  0  0  0  0  0  0  0  0 ]  [ 1  0  0  0  0  0  0  0  0  0 ]  [ 0  0  0  0  0  0  0  0  0  1 ]  [ 0  0  0  1  0  0  0  0  0  0 ]  [ 0  0  0  1  0  0  0  0  0  0 ]  [ 0  0  0  0  0  1  0  0  0  0 ]  [ 0  0  0  0  0  0  0  0  1  0 ]  [ 1  0  0  0  0  0  0  0  0  0 ]  [ 0  0  0  1  0  0  0  0  0  0 ]  [ 0  0  0  0  0  1  0  0  0  0 ]  [ 0  0  0  0  0  1  0  0  0  0 ]  [ 0  0  0  1  0  0  0  0  0  0 ]  [ 0  0  0  0  0  1  0  0  0  0 ]  [ 0  0  0  0  0  0  0  0  0  1 ]  [ 0  0  0  1  0  0  0  0  0  0 ]  [ 0  0  0  0  0  1  0  0  0  0 ]  [ 1  0  0  0  0  0  0  0  0  0 ]  [ 0  0  0  1  0  0  0  0  0  0 ]  [ 0  0  0  0  0  0  0  0  1  0 ]  [ 1  0  0  0  0  0  0  0  0  0 ]  [ 0  0  0  0  0  0  0  0  0  1 ]  [ 0  0  0  0  0  0  0  0  0  1 ]  [ 1  0  0  0  0  0  0  0  0  0 ]  [ 0  0  0  0  0  0  0  0  0  1 ]  [ 0  0  0  1  0  0  0  0  0  0 ]  [ 0  0  0  0  0  0  0  0  1  0 ]  [ 0  0  0  0  0  0  0  0  1  0 ]  [ 0  0  0  1  0  0  0  0  0  0 ]  [ 0  0  0  0  0  0  0  0  1  0 ]  [ 0  0  0  0  0  0  0  0  1  0 ]  [ 0  0  0  0  0  0  0  0  0  1 ]  [ 0  0  0  1  0  0  0  0  0  0 ]  [ 0  0  0  0  0  0  0  0  1  0 ]  [ 0  0  0  0  0  0  0  0  0  1 ]  [ 0  0  0  0  0  0  0  0  1  0 ]  [ 0  0  0  0  0  1  0  0  0  0 ]  [ 1  0  0  0  0  0  0  0  0  0 ]  [ 0  0  0  0  0  1  0  0  0  0 ]  [ 0  0  0  1  0  0  0  0  0  0 ]  [ 0  0  0  0  0  0  0  0  1  0 ]  [ 0  0  0  0  0  0  0  0  1  0 ]  [ 0  0  0  0  0  1  0  0  0  0 ]  [ 1  0  0  0  0  0  0  0  0  0 ]  [ 0  0  0  0  0  0  0  0  1  0 ]  [ 0  0  0  0  0  0  0  0  1  0 ]  [ 1  0  0  0  0  0  0  0  0  0 ]  [ 0  0  0  0  0  0  0  0  0  1 ]  [ 0  0  0  0  0  0  0  0  1  0 ]  [ 1  0  0  0  0  0  0  0  0  0 ]  [ 0  0  0  0  0  0  0  0  0  1 ]  [ 1  0  0  0  0  0  0  0  0  0 ]  [ 0  0  0  1  0  0  0  0  0  0 ]  [ 0  0  0  0  0  0  0  0  1  0 ]  [ 0  0  0  0  0  1  0  0  0  0 ]  [ 0  0  0  0  0  1  0  0  0  0 ]  [ 0  0  0  0  0  0  0  0  1  0 ]  [ 0  0  0  0  0  1  0  0  0  0 ]  [ 0  0  0  1  0  0  0  0  0  0 ]  [ 1  0  0  0  0  0  0  0  0  0 ]  [ 1  0  0  0  0  0  0  0  0  0 ]  [ 0  0  0  0  0  0  0  0  1  0 ]  [ 0  0  0  0  0  0  0  0  1  0 ]  [ 0  0  0  0  0  1  0  0  0  0 ]  [ 0  0  0  0  0  0  0  0  1  0 ]  [ 0  0  0  1  0  0  0  0  0  0 ]  [ 0  0  0  1  0  0  0  0  0  0 ]  [ 0  0  0  1  0  0  0  0  0  0 ]  [ 0  0  0  0  0  0  0  0  0  1 ]  [ 1  0  0  0  0  0  0  0  0  0 ]  [ 0  0  0  0  0  1  0  0  0  0 ]  [ 0  0  0  1  0  0  0  0  0  0 ]  [ 0  0  0  0  0  0  0  0  1  0 ]  [ 0  0  0  1  0  0  0  0  0  0 ]  [ 0  0  0  1  0  0  0  0  0  0 ]  [ 0  0  0  0  0  1  0  0  0  0 ]  [ 0  0  0  0  0  1  0  0  0  0 ]  [ 0  0  0  0  0  0  0  0  1  0 ]  [ 0  0  0  1  0  0  0  0  0  0 ]  [ 0  0  0  0  0  0  0  0  0  1 ]  [ 1  0  0  0  0  0  0  0  0  0 ]  [ 0  0  0  1  0  0  0  0  0  0 ]  [ 1  0  0  0  0  0  0  0  0  0 ]  [ 1  0  0  0  0  0  0  0  0  0 ]  [ 0  0  0  0  0  0  0  0  1  0 ]  [ 0  0  0  0  0  0  0  0  1  0 ]  [ 1  0  0  0  0  0  0  0  0  0 ]  [ 1  0  0  0  0  0  0  0  0  0 ]  [ 0  0  0  0  0  1  0  0  0  0 ]  [ 0  0  0  0  0  0  0  0  1  0 ]  [ 0  0  0  0  0  0  0  0  0  1 ]  [ 0  0  0  0  0  0  0  0  1  0 ]  [ 0  0  0  0  0  1  0  0  0  0 ]  [ 1  0  0  0  0  0  0  0  0  0 ]  [ 0  0  0  1  0  0  0  0  0  0 ]  [ 1  0  0  0  0  0  0  0  0  0 ]  [ 0  0  0  0  0  1  0  0  0  0 ]  [ 0  0  0  0  0  1  0  0  0  0 ]  [ 0  0  0  1  0  0  0  0  0  0 ]  [ 0  0  0  1  0  0  0  0  0  0 ]  [ 0  0  0  0  0  0  0  0  1  0 ]  [ 1  0  0  0  0  0  0  0  0  0 ]  [ 0  0  0  0  0  0  0  0  0  1 ]  [ 0  0  0  0  0  0  0  0  0  1 ]  [ 0  0  0  0  0  0  0  0  0  1 ]  [ 0  0  0  1  0  0  0  0  0  0 ]  [ 0  0  0  0  0  1  0  0  0  0 ]  [ 0  0  0  0  0  1  0  0  0  0 ]  [ 0  0  0  0  0  0  0  0  1  0 ]  [ 0  0  0  0  0  0  0  0  0  1 ]  [ 0  0  0  0  0  0  0  0  1  0 ]  [ 0  0  0  1  0  0  0  0  0  0 ]  [ 0  0  0  0  0  0  0  0  0  1 ]  [ 0  0  0  0  0  1  0  0  0  0 ]  [ 0  0  0  0  0  0  0  0  1  0 ]  [ 0  0  0  0  0  0  0  0  1  0 ]  [ 1  0  0  0  0  0  0  0  0  0 ]  [ 0  0  0  0  0  0  0  0  1  0 ]  [ 0  0  0  0  0  0  0  0  1  0 ]  [ 0  0  0  0  0  1  0  0  0  0 ]  [ 0  0  0  0  0  1  0  0  0  0 ]  [ 0  0  0  0  0  1  0  0  0  0 ]  [ 1  0  0  0  0  0  0  0  0  0 ]  [ 0  0  0  0  0  1  0  0  0  0 ]  [ 1  0  0  0  0  0  0  0  0  0 ]  [ 0  0  0  0  0  1  0  0  0  0 ]  [ 0  0  0  0  0  0  0  0  1  0 ]  [ 0  0  0  0  0  1  0  0  0  0 ]  [ 0  0  0  0  0  1  0  0  0  0 ]  [ 0  0  0  0  0  0  0  0  0  1 ]  [ 0  0  0  0  0  0  0  0  0  1 ]  [ 1  0  0  0  0  0  0  0  0  0 ]  [ 0  0  0  0  0  0  0  0  1  0 ]  [ 0  0  0  0  0  0  0  0  1  0 ]  [ 1  0  0  0  0  0  0  0  0  0 ]  [ 0  0  0  1  0  0  0  0  0  0 ]  [ 0  0  0  1  0  0  0  0  0  0 ]  [ 1  0  0  0  0  0  0  0  0  0 ]  [ 0  0  0  0  0  1  0  0  0  0 ]  [ 0  0  0  0  0  0  0  0  0  1 ]  [ 0  0  0  1  0  0  0  0  0  0 ]  [ 0  0  0  0  0  0  0  0  0  1 ]  [ 0  0  0  0  0  0  0  0  1  0 ]  [ 1  0  0  0  0  0  0  0  0  0 ]  [ 0  0  0  0  0  0  0  0  0  1 ]  [ 0  0  0  0  0  0  0  0  1  0 ]  [ 0  0  0  0  0  0  0  0  0  1 ]  [ 0  0  0  0  0  0  0  0  1  0 ]  [ 0  0  0  0  0  0  0  0  1  0 ]  [ 0  0  0  1  0  0  0  0  0  0 ]  [ 0  0  0  0  0  0  0  0  0  1 ]  [ 0  0  0  0  0  0  0  0  0  1 ]  [ 0  0  0  0  0  0  0  0  0  1 ]  [ 0  0  0  0  0  1  0  0  0  0 ]  [ 0  0  0  0  0  0  0  0  1  0 ]  [ 0  0  0  0  0  1  0  0  0  0 ]  [ 1  0  0  0  0  0  0  0  0  0 ]  [ 1  0  0  0  0  0  0  0  0  0 ]  [ 1  0  0  0  0  0  0  0  0  0 ]  [ 0  0  0  1  0  0  0  0  0  0 ]  [ 1  0  0  0  0  0  0  0  0  0 ]  [ 0  0  0  0  0  1  0  0  0  0 ]  [ 0  0  0  0  0  0  0  0  1  0 ]  [ 0  0  0  0  0  1  0  0  0  0 ]  [ 0  0  0  0  0  1  0  0  0  0 ]  [ 0  0  0  0  0  0  0  0  1  0 ]  [ 0  0  0  1  0  0  0  0  0  0 ]  [ 0  0  0  0  0  1  0  0  0  0 ]  [ 0  0  0  0  0  0  0  0  1  0 ]  [ 0  0  0  0  0  1  0  0  0  0 ]  [ 1  0  0  0  0  0  0  0  0  0 ]  [ 0  0  0  0  0  0  0  0  0  1 ]  [ 0  0  0  0  0  0  0  0  1  0 ]  [ 0  0  0  1  0  0  0  0  0  0 ]  [ 0  0  0  1  0  0  0  0  0  0 ]  [ 0  0  0  0  0  1  0  0  0  0 ]  [ 0  0  0  0  0  1  0  0  0  0 ]  [ 0  0  0  1  0  0  0  0  0  0 ]  [ 1  0  0  0  0  0  0  0  0  0 ]  [ 0  0  0  1  0  0  0  0  0  0 ]  [ 0  0  0  0  0  0  0  0  1  0 ]  [ 1  0  0  0  0  0  0  0  0  0 ]  [ 0  0  0  0  0  1  0  0  0  0 ]  [ 1  0  0  0  0  0  0  0  0  0 ]  [ 0  0  0  1  0  0  0  0  0  0 ]  [ 1  0  0  0  0  0  0  0  0  0 ]  [ 0  0  0  0  0  1  0  0  0  0 ]  [ 1  0  0  0  0  0  0  0  0  0 ]  [ 1  0  0  0  0  0  0  0  0  0 ]  [ 1  0  0  0  0  0  0  0  0  0 ]  [ 1  0  0  0  0  0  0  0  0  0 ]  [ 0  0  0  0  0  1  0  0  0  0 ]  [ 1  0  0  0  0  0  0  0  0  0 ]  [ 1  0  0  0  0  0  0  0  0  0 ]  [ 0  0  0  0  0  1  0  0  0  0 ]  [ 0  0  0  0  0  1  0  0  0  0 ]  [ 0  0  0  0  0  0  0  0  1  0 ]  [ 1  0  0  0  0  0  0  0  0  0 ]  [ 0  0  0  0  0  1  0  0  0  0 ]  [ 0  0  0  1  0  0  0  0  0  0 ]  [ 1  0  0  0  0  0  0  0  0  0 ]  [ 0  0  0  0  0  0  0  0  0  1 ]  [ 0  0  0  1  0  0  0  0  0  0 ]  [ 1  0  0  0  0  0  0  0  0  0 ]  [ 0  0  0  0  0  1  0  0  0  0 ]  [ 1  0  0  0  0  0  0  0  0  0 ]  [ 0  0  0  0  0  0  0  0  1  0 ]  [ 0  0  0  1  0  0  0  0  0  0 ]  [ 1  0  0  0  0  0  0  0  0  0 ]  [ 1  0  0  0  0  0  0  0  0  0 ]  [ 0  0  0  0  0  0  0  0  1  0 ]  [ 0  0  0  1  0  0  0  0  0  0 ]  [ 0  0  0  0  0  0  0  0  1  0 ]  [ 0  0  0  0  0  1  0  0  0  0 ]  [ 0  0  0  0  0  0  0  0  0  1 ]  [ 0  0  0  1  0  0  0  0  0  0 ]  [ 0  0  0  1  0  0  0  0  0  0 ]  [ 0  0  0  1  0  0  0  0  0  0 ]  [ 0  0  0  0  0  0  0  0  0  1 ]  [ 0  0  0  0  0  0  0  0  1  0 ]  [ 0  0  0  1  0  0  0  0  0  0 ]  [ 1  0  0  0  0  0  0  0  0  0 ]  [ 0  0  0  0  0  0  0  0  1  0 ]  [ 0  0  0  0  0  0  0  0  0  1 ]  [ 0  0  0  0  0  1  0  0  0  0 ]  [ 1  0  0  0  0  0  0  0  0  0 ]  [ 1  0  0  0  0  0  0  0  0  0 ]  [ 1  0  0  0  0  0  0  0  0  0 ]  [ 1  0  0  0  0  0  0  0  0  0 ]  [ 1  0  0  0  0  0  0  0  0  0 ]  [ 1  0  0  0  0  0  0  0  0  0 ]  [ 0  0  0  0  0  0  0  0  1  0 ]  [ 0  0  0  0  0  0  0  0  0  1 ]  [ 0  0  0  1  0  0  0  0  0  0 ]  [ 0  0  0  0  0  0  0  0  0  1 ]  [ 0  0  0  0  0  1  0  0  0  0 ]  [ 0  0  0  0  0  0  0  0  0  1 ]  [ 0  0  0  0  0  0  0  0  0  1 ]  [ 0  0  0  0  0  0  0  0  0  1 ]  [ 1  0  0  0  0  0  0  0  0  0 ]  [ 0  0  0  1  0  0  0  0  0  0 ]  [ 0  0  0  0  0  0  0  0  1  0 ]  [ 0  0  0  0  0  0  0  0  0  1 ]  [ 1  0  0  0  0  0  0  0  0  0 ]  [ 0  0  0  1  0  0  0  0  0  0 ]  [ 0  0  0  0  0  0  0  0  0  1 ]  [ 1  0  0  0  0  0  0  0  0  0 ]  [ 0  0  0  1  0  0  0  0  0  0 ]  [ 0  0  0  1  0  0  0  0  0  0 ]  [ 0  0  0  0  0  0  0  0  1  0 ]  [ 0  0  0  0  0  0  0  0  0  1 ]  [ 1  0  0  0  0  0  0  0  0  0 ]  [ 0  0  0  0  0  0  0  0  1  0 ]  [ 0  0  0  0  0  0  0  0  1  0 ]  [ 0  0  0  0  0  0  0  0  0  1 ]  [ 0  0  0  0  0  1  0  0  0  0 ]  [ 0  0  0  0  0  0  0  0  0  1 ]  [ 0  0  0  1  0  0  0  0  0  0 ]  [ 0  0  0  0  0  1  0  0  0  0 ]  [ 0  0  0  1  0  0  0  0  0  0 ]  [ 0  0  0  0  0  0  0  0  1  0 ]  [ 0  0  0  0  0  1  0  0  0  0 ]  [ 0  0  0  1  0  0  0  0  0  0 ]  [ 1  0  0  0  0  0  0  0  0  0 ]  [ 0  0  0  0  0  0  0  0  1  0 ]  [ 0  0  0  0  0  0  0  0  1  0 ]  [ 0  0  0  0  0  0  0  0  1  0 ]  [ 0  0  0  1  0  0  0  0  0  0 ]  [ 0  0  0  0  0  1  0  0  0  0 ]  [ 1  0  0  0  0  0  0  0  0  0 ]  [ 0  0  0  0  0  0  0  0  1  0 ]  [ 1  0  0  0  0  0  0  0  0  0 ]  [ 0  0  0  0  0  1  0  0  0  0 ]  [ 0  0  0  0  0  0  0  0  1  0 ]  [ 0  0  0  0  0  0  0  0  1  0 ]  [ 1  0  0  0  0  0  0  0  0  0 ]  [ 0  0  0  1  0  0  0  0  0  0 ]  [ 0  0  0  0  0  0  0  0  0  1 ]  [ 0  0  0  0  0  0  0  0  1  0 ]  [ 0  0  0  0  0  0  0  0  0  1 ]  [ 0  0  0  0  0  0  0  0  0  1 ]  [ 0  0  0  0  0  1  0  0  0  0 ]  [ 0  0  0  0  0  0  0  0  0  1 ]  [ 0  0  0  0  0  0  0  0  1  0 ]  [ 0  0  0  1  0  0  0  0  0  0 ]  [ 0  0  0  1  0  0  0  0  0  0 ]  [ 1  0  0  0  0  0  0  0  0  0 ]  [ 0  0  0  1  0  0  0  0  0  0 ]  [ 0  0  0  0  0  0  0  0  0  1 ]  [ 1  0  0  0  0  0  0  0  0  0 ]  [ 0  0  0  0  0  1  0  0  0  0 ]  [ 1  0  0  0  0  0  0  0  0  0 ]  [ 1  0  0  0  0  0  0  0  0  0 ]  [ 0  0  0  0  0  0  0  0  1  0 ]  [ 0  0  0  1  0  0  0  0  0  0 ]  [ 1  0  0  0  0  0  0  0  0  0 ]  [ 1  0  0  0  0  0  0  0  0  0 ]  [ 0  0  0  0  0  0  0  0  1  0 ]  [ 0  0  0  0  0  1  0  0  0  0 ]  [ 1  0  0  0  0  0  0  0  0  0 ]  [ 0  0  0  1  0  0  0  0  0  0 ]  [ 0  0  0  0  0  0  0  0  0  1 ]  [ 0  0  0  1  0  0  0  0  0  0 ]  [ 0  0  0  0  0  1  0  0  0  0 ]  [ 0  0  0  0  0  1  0  0  0  0 ]  [ 0  0  0  0  0  0  0  0  1  0 ]  [ 0  0  0  0  0  0  0  0  1  0 ]  [ 0  0  0  0  0  0  0  0  1  0 ]  [ 0  0  0  0  0  1  0  0  0  0 ]  [ 1  0  0  0  0  0  0  0  0  0 ]  [ 1  0  0  0  0  0  0  0  0  0 ]  [ 1  0  0  0  0  0  0  0  0  0 ]  [ 0  0  0  0  0  0  0  0  0  1 ]  [ 1  0  0  0  0  0  0  0  0  0 ]  [ 1  0  0  0  0  0  0  0  0  0 ]  [ 0  0  0  0  0  0  0  0  0  1 ]  [ 1  0  0  0  0  0  0  0  0  0 ]  [ 0  0  0  0  0  0  0  0  0  1 ]  [ 1  0  0  0  0  0  0  0  0  0 ]  [ 0  0  0  0  0  1  0  0  0  0 ]  [ 0  0  0  1  0  0  0  0  0  0 ]  [ 0  0  0  0  0  0  0  0  0  1 ]  [ 0  0  0  0  0  0  0  0  1  0 ]  [ 0  0  0  0  0  0  0  0  1  0 ]  [ 0  0  0  0  0  0  0  0  1  0 ]  [ 0  0  0  0  0  0  0  0  0  1 ]  [ 0  0  0  1  0  0  0  0  0  0 ]  [ 0  0  0  0  0  0  0  0  1  0 ]  [ 0  0  0  0  0  1  0  0  0  0 ]  [ 1  0  0  0  0  0  0  0  0  0 ]  [ 0  0  0  0  0  0  0  0  0  1 ]  [ 0  0  0  0  0  1  0  0  0  0 ]  [ 0  0  0  0  0  0  0  0  0  1 ]  [ 0  0  0  1  0  0  0  0  0  0 ]  [ 0  0  0  0  0  1  0  0  0  0 ]  [ 0  0  0  0  0  1  0  0  0  0 ]  [ 0  0  0  0  0  0  0  0  1  0 ]  [ 1  0  0  0  0  0  0  0  0  0 ]  [ 0  0  0  1  0  0  0  0  0  0 ]  [ 0  0  0  0  0  1  0  0  0  0 ]  [ 1  0  0  0  0  0  0  0  0  0 ]  [ 0  0  0  0  0  1  0  0  0  0 ]  [ 0  0  0  0  0  0  0  0  1  0 ]  [ 0  0  0  0  0  1  0  0  0  0 ]  [ 0  0  0  0  0  0  0  0  1  0 ]  [ 0  0  0  0  0  0  0  0  1  0 ]  [ 0  0  0  1  0  0  0  0  0  0 ]  [ 0  0  0  1  0  0  0  0  0  0 ]  [ 0  0  0  0  0  0  0  0  0  1 ]  [ 0  0  0  1  0  0  0  0  0  0 ]  [ 0  0  0  0  0  1  0  0  0  0 ]  [ 1  0  0  0  0  0  0  0  0  0 ]  [ 0  0  0  1  0  0  0  0  0  0 ]  [ 1  0  0  0  0  0  0  0  0  0 ]  [ 0  0  0  0  0  0  0  0  0  1 ]  [ 0  0  0  0  0  0  0  0  1  0 ]  [ 0  0  0  0  0  0  0  0  0  1 ]  [ 0  0  0  0  0  0  0  0  0  1 ]  [ 0  0  0  0  0  0  0  0  1  0 ]  [ 0  0  0  0  0  0  0  0  0  1 ]  [ 0  0  0  0  0  1  0  0  0  0 ]  [ 0  0  0  0  0  1  0  0  0  0 ]  [ 0  0  0  0  0  0  0  0  0  1 ]  [ 0  0  0  0  0  0  0  0  0  1 ]  [ 0  0  0  0  0  0  0  0  0  1 ]  [ 0  0  0  0  0  1  0  0  0  0 ]  [ 0  0  0  0  0  0  0  0  1  0 ]  [ 0  0  0  0  0  1  0  0  0  0 ]  [ 0  0  0  0  0  0  0  0  0  1 ]  [ 0  0  0  0  0  0  0  0  0  1 ]  [ 0  0  0  1  0  0  0  0  0  0 ]  [ 0  0  0  0  0  0  0  0  0  1 ]  [ 1  0  0  0  0  0  0  0  0  0 ]  [ 1  0  0  0  0  0  0  0  0  0 ]  [ 0  0  0  0  0  0  0  0  1  0 ]  [ 0  0  0  1  0  0  0  0  0  0 ]  [ 0  0  0  0  0  1  0  0  0  0 ]  [ 0  0  0  0  0  0  0  0  1  0 ]  [ 1  0  0  0  0  0  0  0  0  0 ]  [ 0  0  0  0  0  0  0  0  1  0 ]  [ 0  0  0  1  0  0  0  0  0  0 ]  [ 0  0  0  0  0  1  0  0  0  0 ]  [ 0  0  0  1  0  0  0  0  0  0 ]  [ 0  0  0  0  0  0  0  0  1  0 ]  [ 0  0  0  0  0  0  0  0  1  0 ]  [ 0  0  0  1  0  0  0  0  0  0 ]  [ 1  0  0  0  0  0  0  0  0  0 ]  [ 0  0  0  1  0  0  0  0  0  0 ]  [ 0  0  0  0  0  1  0  0  0  0 ]  [ 1  0  0  0  0  0  0  0  0  0 ]  [ 1  0  0  0  0  0  0  0  0  0 ]  [ 0  0  0  0  0  0  0  0  1  0 ]  [ 0  0  0  0  0  0  0  0  1  0 ]  [ 0  0  0  0  0  0  0  0  0  1 ]  [ 0  0  0  0  0  0  0  0  0  1 ]  [ 0  0  0  0  0  0  0  0  0  1 ]  [ 0  0  0  1  0  0  0  0  0  0 ]  [ 1  0  0  0  0  0  0  0  0  0 ]  [ 0  0  0  1  0  0  0  0  0  0 ]  [ 0  0  0  0  0  1  0  0  0  0 ]  [ 0  0  0  0  0  1  0  0  0  0 ]  [ 0  0  0  0  0  1  0  0  0  0 ]  [ 0  0  0  1  0  0  0  0  0  0 ]  [ 0  0  0  0  0  0  0  0  0  1 ]  [ 0  0  0  1  0  0  0  0  0  0 ]  [ 0  0  0  0  0  1  0  0  0  0 ]  [ 0  0  0  0  0  0  0  0  0  1 ]  [ 0  0  0  0  0  0  0  0  0  1 ]  [ 0  0  0  1  0  0  0  0  0  0 ]  [ 0  0  0  1  0  0  0  0  0  0 ]  [ 0  0  0  0  0  0  0  0  0  1 ]  [ 1  0  0  0  0  0  0  0  0  0 ]  [ 1  0  0  0  0  0  0  0  0  0 ]  [ 0  0  0  0  0  1  0  0  0  0 ]  [ 0  0  0  0  0  1  0  0  0  0 ]  [ 1  0  0  0  0  0  0  0  0  0 ]  [ 1  0  0  0  0  0  0  0  0  0 ]  [ 0  0  0  1  0  0  0  0  0  0 ]  [ 0  0  0  0  0  0  0  0  1  0 ]  [ 0  0  0  0  0  1  0  0  0  0 ]  [ 0  0  0  0  0  0  0  0  0  1 ]  [ 0  0  0  0  0  0  0  0  1  0 ]  [ 0  0  0  0  0  0  0  0  0  1 ]  [ 1  0  0  0  0  0  0  0  0  0 ]  [ 1  0  0  0  0  0  0  0  0  0 ]  [ 1  0  0  0  0  0  0  0  0  0 ]  [ 0  0  0  0  0  1  0  0  0  0 ]  [ 0  0  0  1  0  0  0  0  0  0 ]  [ 1  0  0  0  0  0  0  0  0  0 ]  [ 0  0  0  0  0  1  0  0  0  0 ]  [ 1  0  0  0  0  0  0  0  0  0 ]  [ 0  0  0  1  0  0  0  0  0  0 ]  [ 0  0  0  1  0  0  0  0  0  0 ]  [ 0  0  0  0  0  0  0  0  0  1 ]  [ 0  0  0  0  0  1  0  0  0  0 ]  [ 0  0  0  1  0  0  0  0  0  0 ]  [ 1  0  0  0  0  0  0  0  0  0 ]  [ 0  0  0  0  0  1  0  0  0  0 ]  [ 0  0  0  0  0  0  0  0  1  0 ]  [ 0  0  0  0  0  0  0  0  1  0 ]  [ 0  0  0  0  0  0  0  0  0  1 ]  [ 0  0  0  0  0  0  0  0  0  1 ]  [ 0  0  0  1  0  0  0  0  0  0 ]  [ 1  0  0  0  0  0  0  0  0  0 ]  [ 0  0  0  0  0  0  0  0  1  0 ]  [ 0  0  0  0  0  0  0  0  1  0 ]  [ 0  0  0  0  0  1  0  0  0  0 ]  [ 0  0  0  0  0  0  0  0  0  1 ]  [ 0  0  0  0  0  1  0  0  0  0 ]  [ 0  0  0  1  0  0  0  0  0  0 ]  [ 1  0  0  0  0  0  0  0  0  0 ]  [ 1  0  0  0  0  0  0  0  0  0 ]  [ 0  0  0  0  0  0  0  0  1  0 ]  [ 0  0  0  0  0  0  0  0  0  1 ]  [ 0  0  0  0  0  0  0  0  0  1 ]  [ 0  0  0  0  0  1  0  0  0  0 ]  [ 0  0  0  0  0  0  0  0  1  0 ]  [ 0  0  0  0  0  0  0  0  0  1 ]  [ 0  0  0  0  0  0  0  0  0  1 ]  [ 0  0  0  0  0  0  0  0  1  0 ]  [ 0  0  0  0  0  1  0  0  0  0 ]  [ 0  0  0  0  0  1  0  0  0  0 ]  [ 1  0  0  0  0  0  0  0  0  0 ]  [ 1  0  0  0  0  0  0  0  0  0 ]  [ 0  0  0  0  0  0  0  0  1  0 ]  [ 0  0  0  0  0  0  0  0  0  1 ]  [ 0  0  0  0  0  1  0  0  0  0 ]  [ 0  0  0  0  0  1  0  0  0  0 ]  [ 0  0  0  1  0  0  0  0  0  0 ]  [ 0  0  0  0  0  1  0  0  0  0 ]  [ 0  0  0  0  0  0  0  0  0  1 ]  [ 0  0  0  0  0  1  0  0  0  0 ]  [ 0  0  0  0  0  0  0  0  0  1 ]  [ 1  0  0  0  0  0  0  0  0  0 ]  [ 0  0  0  1  0  0  0  0  0  0 ]  [ 0  0  0  0  0  1  0  0  0  0 ]  [ 0  0  0  0  0  1  0  0  0  0 ]  [ 0  0  0  0  0  0  0  0  0  1 ]  [ 0  0  0  0  0  0  0  0  0  1 ]  [ 0  0  0  0  0  0  0  0  0  1 ]  [ 0  0  0  0  0  0  0  0  1  0 ]  [ 1  0  0  0  0  0  0  0  0  0 ]  [ 0  0  0  0  0  1  0  0  0  0 ]  [ 0  0  0  0  0  1  0  0  0  0 ]  [ 0  0  0  0  0  1  0  0  0  0 ]  [ 0  0  0  1  0  0  0  0  0  0 ]  [ 0  0  0  0  0  0  0  0  1  0 ]  [ 0  0  0  0  0  0  0  0  0  1 ]  [ 1  0  0  0  0  0  0  0  0  0 ]  [ 0  0  0  0  0  0  0  0  1  0 ]  [ 0  0  0  1  0  0  0  0  0  0 ]  [ 0  0  0  0  0  1  0  0  0  0 ]  [ 0  0  0  0  0  0  0  0  0  1 ]  [ 0  0  0  0  0  0  0  0  0  1 ]  [ 0  0  0  0  0  0  0  0  1  0 ]  [ 1  0  0  0  0  0  0  0  0  0 ]  [ 0  0  0  0  0  0  0  0  0  1 ]  [ 1  0  0  0  0  0  0  0  0  0 ]  [ 0  0  0  1  0  0  0  0  0  0 ]  [ 0  0  0  0  0  0  0  0  0  1 ]  [ 0  0  0  1  0  0  0  0  0  0 ]  [ 0  0  0  1  0  0  0  0  0  0 ]  [ 0  0  0  0  0  0  0  0  0  1 ]  [ 0  0  0  0  0  0  0  0  0  1 ]  [ 0  0  0  1  0  0  0  0  0  0 ]  [ 0  0  0  1  0  0  0  0  0  0 ]  [ 0  0  0  1  0  0  0  0  0  0 ]  [ 1  0  0  0  0  0  0  0  0  0 ]  [ 0  0  0  1  0  0  0  0  0  0 ]  [ 0  0  0  0  0  0  0  0  0  1 ]  [ 1  0  0  0  0  0  0  0  0  0 ]  [ 0  0  0  1  0  0  0  0  0  0 ]  [ 1  0  0  0  0  0  0  0  0  0 ]  [ 1  0  0  0  0  0  0  0  0  0 ]  [ 0  0  0  0  0  1  0  0  0  0 ]  [ 0  0  0  0  0  0  0  0  1  0 ]  [ 0  0  0  0  0  0  0  0  0  1 ]  [ 0  0  0  0  0  0  0  0  1  0 ]  [ 0  0  0  0  0  0  0  0  0  1 ]  [ 1  0  0  0  0  0  0  0  0  0 ]  [ 0  0  0  1  0  0  0  0  0  0 ]  [ 0  0  0  0  0  0  0  0  0  1 ]  [ 1  0  0  0  0  0  0  0  0  0 ]  [ 0  0  0  1  0  0  0  0  0  0 ]  [ 0  0  0  0  0  1  0  0  0  0 ]  [ 0  0  0  1  0  0  0  0  0  0 ]  [ 0  0  0  0  0  1  0  0  0  0 ]  [ 1  0  0  0  0  0  0  0  0  0 ]  [ 0  0  0  1  0  0  0  0  0  0 ]  [ 0  0  0  0  0  0  0  0  0  1 ]  [ 1  0  0  0  0  0  0  0  0  0 ]  [ 0  0  0  0  0  0  0  0  0  1 ]  [ 1  0  0  0  0  0  0  0  0  0 ]  [ 0  0  0  0  0  0  0  0  0  1 ]  [ 0  0  0  0  0  0  0  0  1  0 ]  [ 0  0  0  0  0  0  0  0  1  0 ]  [ 1  0  0  0  0  0  0  0  0  0 ]  [ 1  0  0  0  0  0  0  0  0  0 ]  [ 0  0  0  0  0  0  0  0  1  0 ]  [ 1  0  0  0  0  0  0  0  0  0 ]  [ 1  0  0  0  0  0  0  0  0  0 ]  [ 0  0  0  0  0  0  0  0  0  1 ]  [ 0  0  0  0  0  0  0  0  0  1 ]  [ 1  0  0  0  0  0  0  0  0  0 ]  [ 0  0  0  0  0  0  0  0  0  1 ]  [ 0  0  0  0  0  1  0  0  0  0 ]  [ 0  0  0  1  0  0  0  0  0  0 ]  [ 1  0  0  0  0  0  0  0  0  0 ]  [ 0  0  0  1  0  0  0  0  0  0 ]  [ 0  0  0  0  0  0  0  0  0  1 ]  [ 0  0  0  1  0  0  0  0  0  0 ]  [ 1  0  0  0  0  0  0  0  0  0 ]  [ 1  0  0  0  0  0  0  0  0  0 ]  [ 1  0  0  0  0  0  0  0  0  0 ]  [ 0  0  0  1  0  0  0  0  0  0 ]  [ 0  0  0  0  0  0  0  0  0  1 ]  [ 1  0  0  0  0  0  0  0  0  0 ]  [ 1  0  0  0  0  0  0  0  0  0 ]  [ 0  0  0  0  0  0  0  0  0  1 ]  [ 0  0  0  0  0  0  0  0  0  1 ]  [ 0  0  0  0  0  0  0  0  0  1 ]  [ 0  0  0  1  0  0  0  0  0  0 ]  [ 0  0  0  1  0  0  0  0  0  0 ]  [ 0  0  0  0  0  0  0  0  0  1 ]  [ 0  0  0  0  0  1  0  0  0  0 ]  [ 0  0  0  0  0  0  0  0  1  0 ]  [ 0  0  0  1  0  0  0  0  0  0 ]  [ 1  0  0  0  0  0  0  0  0  0 ]  [ 0  0  0  1  0  0  0  0  0  0 ]  [ 0  0  0  0  0  0  0  0  1  0 ]  [ 0  0  0  0  0  0  0  0  1  0 ]  [ 0  0  0  0  0  1  0  0  0  0 ]  [ 0  0  0  0  0  1  0  0  0  0 ]  [ 0  0  0  0  0  1  0  0  0  0 ]  [ 0  0  0  0  0  1  0  0  0  0 ]  [ 0  0  0  0  0  1  0  0  0  0 ]  [ 0  0  0  0  0  0  0  0  0  1 ]  [ 0  0  0  1  0  0  0  0  0  0 ]  [ 0  0  0  0  0  1  0  0  0  0 ]  [ 0  0  0  0  0  0  0  0  0  1 ]  [ 0  0  0  0  0  0  0  0  0  1 ]  [ 1  0  0  0  0  0  0  0  0  0 ]  [ 0  0  0  0  0  0  0  0  0  1 ]  [ 0  0  0  0  0  0  0  0  0  1 ]  [ 1  0  0  0  0  0  0  0  0  0 ]  [ 0  0  0  1  0  0  0  0  0  0 ] ];

ObjRequests = {  <1,1,184>, <2,1,15>, <3,1,68>, <4,1,39>, <5,1,123>, <6,1,177>, <7,1,76>, <8,1,22>, <9,1,19>, <10,1,65>, <11,1,64>, <12,1,19>, <13,1,16>, <14,1,41>, <15,1,56>, <16,1,5>, <17,1,38>, <18,1,2>, <19,1,12>, <20,1,19>, <21,1,1>, <22,1,28>, <23,1,20>, <24,1,5>, <25,1,55>, <26,1,7>, <27,1,11>, <28,1,3>, <29,1,14>, <30,1,1>, <31,1,1>, <32,1,18>, <33,1,5>, <34,1,4>, <35,1,2>, <36,1,18>, <37,1,12>, <38,1,22>, <39,1,18>, <40,1,5>, <41,1,6>, <42,1,6>, <43,1,35>, <44,1,29>, <45,1,10>, <46,1,1>, <47,1,1>, <48,1,2>, <49,1,6>, <50,1,3>, <51,1,20>, <52,1,19>, <53,1,3>, <54,1,2>, <55,1,14>, <56,1,9>, <57,1,1>, <58,1,1>, <59,1,2>, <61,1,25>, <62,1,5>, <63,1,12>, <64,1,3>, <65,1,6>, <66,1,2>, <67,1,2>, <68,1,7>, <69,1,9>, <70,1,3>, <71,1,10>, <72,1,4>, <73,1,8>, <74,1,1>, <75,1,6>, <76,1,14>, <77,1,16>, <78,1,7>, <79,1,4>, <80,1,4>, <81,1,11>, <82,1,5>, <83,1,3>, <85,1,3>, <87,1,2>, <88,1,13>, <89,1,2>, <90,1,6>, <91,1,3>, <92,1,2>, <93,1,17>, <94,1,3>, <95,1,1>, <96,1,2>, <98,1,1>, <99,1,14>, <100,1,4>, <101,1,3>, <102,1,13>, <104,1,2>, <105,1,3>, <106,1,5>, <107,1,2>, <108,1,7>, <109,1,2>, <110,1,10>, <111,1,1>, <113,1,3>, <115,1,4>, <116,1,4>, <118,1,7>, <119,1,3>, <120,1,8>, <122,1,1>, <124,1,6>, <126,1,4>, <127,1,2>, <128,1,1>, <129,1,7>, <130,1,3>, <131,1,4>, <132,1,2>, <133,1,3>, <134,1,2>, <135,1,1>, <136,1,4>, <137,1,11>, <138,1,1>, <140,1,1>, <141,1,2>, <142,1,5>, <143,1,4>, <144,1,1>, <145,1,2>, <146,1,9>, <147,1,4>, <148,1,2>, <149,1,1>, <150,1,3>, <151,1,4>, <152,1,1>, <153,1,3>, <154,1,1>, <155,1,4>, <156,1,1>, <157,1,3>, <159,1,1>, <161,1,4>, <162,1,4>, <163,1,6>, <164,1,8>, <166,1,3>, <167,1,3>, <168,1,2>, <169,1,5>, <171,1,3>, <172,1,2>, <173,1,4>, <176,1,1>, <177,1,2>, <178,1,2>, <179,1,6>, <180,1,2>, <181,1,9>, <183,1,2>, <184,1,1>, <185,1,3>, <186,1,6>, <188,1,1>, <189,1,5>, <190,1,2>, <191,1,2>, <192,1,1>, <193,1,1>, <194,1,1>, <195,1,1>, <196,1,2>, <197,1,1>, <199,1,1>, <200,1,2>, <201,1,2>, <202,1,3>, <203,1,1>, <205,1,3>, <206,1,2>, <207,1,3>, <209,1,1>, <210,1,1>, <214,1,1>, <216,1,6>, <218,1,1>, <221,1,1>, <222,1,8>, <223,1,1>, <224,1,2>, <225,1,2>, <226,1,1>, <227,1,2>, <228,1,1>, <229,1,2>, <230,1,2>, <232,1,4>, <233,1,2>, <234,1,1>, <235,1,1>, <237,1,2>, <238,1,2>, <239,1,4>, <240,1,1>, <241,1,1>, <242,1,1>, <244,1,4>, <245,1,1>, <246,1,2>, <247,1,1>, <248,1,2>, <249,1,3>, <252,1,1>, <253,1,1>, <254,1,2>, <255,1,2>, <256,1,3>, <258,1,2>, <262,1,2>, <263,1,1>, <264,1,3>, <266,1,1>, <267,1,2>, <268,1,1>, <269,1,3>, <270,1,4>, <271,1,5>, <272,1,1>, <273,1,2>, <274,1,3>, <275,1,5>, <276,1,2>, <277,1,1>, <278,1,1>, <279,1,1>, <280,1,8>, <281,1,1>, <282,1,1>, <283,1,2>, <285,1,5>, <286,1,1>, <288,1,1>, <290,1,1>, <291,1,5>, <294,1,2>, <295,1,4>, <296,1,1>, <298,1,2>, <300,1,2>, <301,1,1>, <302,1,1>, <303,1,1>, <304,1,1>, <305,1,1>, <306,1,1>, <307,1,2>, <308,1,1>, <309,1,1>, <310,1,2>, <311,1,2>, <312,1,2>, <313,1,2>, <314,1,2>, <315,1,1>, <316,1,1>, <317,1,4>, <318,1,2>, <319,1,3>, <320,1,2>, <321,1,3>, <322,1,3>, <323,1,1>, <324,1,1>, <327,1,3>, <329,1,4>, <330,1,3>, <333,1,2>, <335,1,4>, <336,1,2>, <337,1,5>, <339,1,1>, <340,1,3>, <341,1,1>, <342,1,2>, <343,1,1>, <344,1,1>, <345,1,2>, <346,1,1>, <347,1,5>, <348,1,1>, <349,1,1>, <350,1,1>, <351,1,5>, <352,1,1>, <354,1,4>, <355,1,1>, <356,1,1>, <357,1,2>, <359,1,2>, <360,1,3>, <362,1,2>, <363,1,3>, <364,1,1>, <366,1,5>, <367,1,2>, <369,1,1>, <371,1,1>, <372,1,1>, <373,1,5>, <374,1,1>, <375,1,3>, <376,1,1>, <379,1,1>, <380,1,1>, <381,1,2>, <386,1,1>, <387,1,1>, <390,1,2>, <391,1,2>, <393,1,1>, <394,1,1>, <395,1,1>, <397,1,1>, <398,1,1>, <400,1,1>, <401,1,1>, <402,1,1>, <404,1,1>, <406,1,1>, <408,1,1>, <409,1,1>, <410,1,2>, <411,1,1>, <413,1,2>, <415,1,1>, <416,1,2>, <417,1,1>, <418,1,1>, <421,1,1>, <422,1,3>, <423,1,2>, <427,1,3>, <428,1,1>, <429,1,4>, <430,1,1>, <431,1,1>, <432,1,1>, <433,1,1>, <435,1,1>, <438,1,2>, <439,1,1>, <440,1,1>, <441,1,3>, <443,1,2>, <445,1,1>, <446,1,3>, <449,1,1>, <451,1,1>, <453,1,1>, <454,1,1>, <456,1,1>, <457,1,1>, <458,1,2>, <462,1,1>, <464,1,1>, <466,1,2>, <467,1,2>, <468,1,1>, <469,1,2>, <471,1,2>, <472,1,7>, <476,1,1>, <480,1,1>, <481,1,1>, <482,1,1>, <483,1,1>, <487,1,1>, <489,1,2>, <494,1,1>, <495,1,1>, <496,1,3>, <497,1,4>, <498,1,1>, <500,1,3>, <502,1,2>, <504,1,1>, <506,1,1>, <509,1,1>, <510,1,3>, <511,1,1>, <513,1,1>, <519,1,2>, <522,1,2>, <523,1,1>, <524,1,1>, <525,1,1>, <529,1,1>, <534,1,1>, <536,1,1>, <538,1,1>, <545,1,1>, <546,1,2>, <551,1,1>, <552,1,1>, <554,1,1>, <559,1,1>, <560,1,1>, <562,1,1>, <563,1,3>, <564,1,1>, <565,1,1>, <570,1,1>, <574,1,2>, <576,1,1>, <578,1,1>, <580,1,1>, <582,1,2>, <584,1,1>, <585,1,1>, <586,1,1>, <587,1,1>, <590,1,1>, <593,1,1>, <598,1,3>, <599,1,1>, <600,1,2>, <601,1,1>, <602,1,1>, <608,1,2>, <609,1,2>, <611,1,1>, <614,1,1>, <617,1,3>, <619,1,1>, <622,1,1>, <623,1,1>, <626,1,1>, <627,1,1>, <629,1,2>, <630,1,2>, <632,1,3>, <636,1,1>, <639,1,1>, <640,1,1>, <641,1,4>, <642,1,4>, <644,1,1>, <645,1,2>, <647,1,1>, <648,1,1>, <651,1,2>, <653,1,1>, <654,1,3>, <656,1,1>, <658,1,2>, <659,1,1>, <660,1,1>, <665,1,2>, <669,1,1>, <673,1,1>, <674,1,1>, <675,1,1>, <678,1,1>, <680,1,1>, <684,1,1>, <685,1,2>, <689,1,1>, <692,1,1>, <695,1,1>, <697,1,1>, <698,1,1>, <699,1,1>, <702,1,1>, <703,1,1>, <707,1,1>, <711,1,1>, <715,1,1>, <716,1,2>, <718,1,1>, <720,1,1>, <721,1,1>, <722,1,1>, <724,1,2>, <726,1,1>, <728,1,1>, <731,1,1>, <732,1,1>, <734,1,1>, <735,1,1>, <738,1,1>, <740,1,1>, <743,1,1>, <746,1,1>, <748,1,1>, <750,1,1>, <751,1,1>, <753,1,3>, <754,1,1>, <755,1,1>, <756,1,1>, <760,1,1>, <761,1,1>, <762,1,1>, <765,1,2>, <767,1,1>, <769,1,1>, <771,1,2>, <776,1,1>, <779,1,1>, <781,1,1>, <783,1,1>, <785,1,1>, <789,1,1>, <791,1,2>, <795,1,1>, <802,1,3>, <815,1,1>, <816,1,1>, <819,1,1>, <820,1,1>, <823,1,2>, <834,1,1>, <835,1,1>, <837,1,1>, <845,1,1>, <848,1,1>, <849,1,2>, <852,1,1>, <853,1,1>, <854,1,1>, <858,1,2>, <859,1,1>, <861,1,1>, <862,1,1>, <865,1,1>, <868,1,1>, <870,1,1>, <874,1,1>, <875,1,1>, <876,1,1>, <878,1,1>, <879,1,1>, <884,1,2>, <885,1,1>, <889,1,2>, <890,1,1>, <892,1,1>, <894,1,1>, <895,1,1>, <896,1,1>, <897,1,1>, <911,1,1>, <912,1,1>, <913,1,1>, <920,1,1>, <923,1,1>, <925,1,2>, <930,1,2>, <941,1,1>, <943,1,1>, <944,1,1>, <945,1,1>, <946,1,1>, <947,1,1>, <949,1,1>, <950,1,1>, <953,1,1>, <954,1,1>, <958,1,1>, <959,1,1>, <961,1,2>, <965,1,1>, <967,1,1>, <968,1,1>, <969,1,2>, <976,1,1>, <985,1,1>, <987,1,1>, <989,1,1>, <991,1,1>, <995,1,1>, <1000,1,1>, <1,4,151>, <2,4,37>, <3,4,120>, <4,4,115>, <5,4,4>, <6,4,108>, <7,4,78>, <8,4,127>, <9,4,24>, <10,4,23>, <11,4,13>, <12,4,17>, <13,4,14>, <14,4,26>, <15,4,43>, <16,4,62>, <17,4,8>, <18,4,26>, <19,4,4>, <20,4,29>, <21,4,53>, <22,4,21>, <23,4,16>, <24,4,4>, <25,4,7>, <26,4,3>, <27,4,15>, <28,4,19>, <29,4,31>, <30,4,19>, <31,4,1>, <32,4,26>, <33,4,20>, <34,4,15>, <35,4,4>, <36,4,15>, <37,4,9>, <38,4,5>, <39,4,14>, <40,4,6>, <41,4,25>, <42,4,5>, <43,4,2>, <44,4,3>, <45,4,14>, <46,4,15>, <47,4,13>, <48,4,7>, <49,4,10>, <50,4,1>, <51,4,10>, <52,4,8>, <53,4,17>, <54,4,1>, <55,4,2>, <56,4,11>, <57,4,1>, <58,4,7>, <59,4,4>, <60,4,10>, <61,4,3>, <62,4,6>, <63,4,14>, <64,4,8>, <65,4,1>, <67,4,13>, <68,4,6>, <69,4,6>, <70,4,12>, <71,4,13>, <72,4,6>, <73,4,4>, <74,4,8>, <75,4,8>, <76,4,2>, <77,4,1>, <78,4,3>, <79,4,13>, <80,4,4>, <81,4,4>, <82,4,8>, <83,4,6>, <84,4,5>, <85,4,10>, <86,4,3>, <87,4,1>, <88,4,2>, <89,4,4>, <90,4,7>, <91,4,6>, <92,4,1>, <93,4,3>, <94,4,2>, <95,4,5>, <96,4,3>, <97,4,6>, <98,4,7>, <99,4,2>, <100,4,6>, <102,4,3>, <103,4,4>, <104,4,6>, <105,4,2>, <106,4,10>, <107,4,11>, <108,4,3>, <109,4,1>, <110,4,6>, <111,4,4>, <112,4,5>, <113,4,9>, <114,4,3>, <115,4,4>, <117,4,1>, <118,4,4>, <119,4,5>, <120,4,3>, <121,4,6>, <122,4,2>, <123,4,7>, <124,4,1>, <125,4,10>, <126,4,1>, <127,4,1>, <128,4,5>, <130,4,4>, <131,4,1>, <132,4,2>, <133,4,2>, <134,4,2>, <136,4,2>, <137,4,2>, <138,4,6>, <139,4,4>, <140,4,4>, <141,4,1>, <143,4,1>, <144,4,7>, <145,4,5>, <146,4,2>, <147,4,8>, <148,4,1>, <149,4,1>, <150,4,5>, <151,4,4>, <152,4,1>, <153,4,1>, <154,4,1>, <155,4,1>, <156,4,4>, <157,4,5>, <158,4,1>, <159,4,2>, <160,4,3>, <161,4,2>, <162,4,2>, <164,4,1>, <167,4,1>, <168,4,1>, <169,4,4>, <170,4,1>, <171,4,4>, <172,4,2>, <173,4,2>, <174,4,2>, <175,4,1>, <176,4,7>, <177,4,1>, <178,4,5>, <180,4,5>, <181,4,1>, <182,4,7>, <183,4,6>, <184,4,2>, <186,4,1>, <187,4,3>, <188,4,1>, <189,4,2>, <190,4,2>, <191,4,2>, <192,4,1>, <193,4,4>, <194,4,2>, <195,4,7>, <196,4,3>, <198,4,2>, <199,4,4>, <200,4,8>, <201,4,1>, <202,4,3>, <203,4,1>, <204,4,2>, <206,4,4>, <207,4,3>, <208,4,1>, <209,4,2>, <210,4,2>, <211,4,3>, <212,4,4>, <213,4,4>, <214,4,1>, <215,4,1>, <216,4,2>, <217,4,8>, <219,4,2>, <220,4,1>, <221,4,2>, <222,4,2>, <224,4,5>, <225,4,2>, <226,4,5>, <227,4,3>, <228,4,3>, <229,4,3>, <230,4,1>, <231,4,1>, <232,4,1>, <233,4,1>, <234,4,3>, <235,4,1>, <236,4,2>, <237,4,3>, <238,4,3>, <239,4,2>, <240,4,3>, <241,4,2>, <242,4,1>, <243,4,7>, <244,4,1>, <245,4,2>, <246,4,1>, <247,4,3>, <249,4,2>, <250,4,2>, <251,4,2>, <252,4,1>, <253,4,2>, <254,4,1>, <255,4,1>, <258,4,1>, <259,4,1>, <261,4,1>, <264,4,2>, <265,4,1>, <266,4,1>, <267,4,1>, <268,4,1>, <270,4,1>, <271,4,1>, <272,4,1>, <273,4,2>, <274,4,2>, <276,4,2>, <277,4,2>, <278,4,1>, <279,4,1>, <280,4,1>, <281,4,4>, <282,4,1>, <285,4,3>, <286,4,3>, <287,4,1>, <289,4,2>, <290,4,1>, <291,4,3>, <293,4,1>, <294,4,1>, <295,4,3>, <296,4,2>, <297,4,6>, <299,4,2>, <300,4,1>, <301,4,1>, <303,4,1>, <305,4,1>, <308,4,1>, <309,4,1>, <310,4,1>, <311,4,1>, <312,4,2>, <313,4,2>, <314,4,1>, <315,4,1>, <316,4,1>, <317,4,1>, <318,4,1>, <319,4,2>, <320,4,2>, <322,4,3>, <324,4,2>, <325,4,1>, <327,4,1>, <328,4,2>, <329,4,2>, <332,4,1>, <333,4,1>, <334,4,1>, <335,4,4>, <336,4,3>, <337,4,1>, <338,4,1>, <339,4,2>, <340,4,1>, <342,4,2>, <343,4,1>, <344,4,1>, <345,4,2>, <346,4,2>, <347,4,1>, <348,4,7>, <349,4,1>, <350,4,1>, <351,4,1>, <352,4,1>, <353,4,1>, <354,4,1>, <355,4,1>, <356,4,1>, <357,4,2>, <359,4,2>, <360,4,1>, <361,4,1>, <362,4,2>, <365,4,2>, <366,4,4>, <368,4,1>, <369,4,1>, <373,4,1>, <374,4,1>, <375,4,2>, <376,4,2>, <377,4,2>, <379,4,1>, <381,4,1>, <382,4,2>, <383,4,2>, <384,4,1>, <385,4,1>, <387,4,3>, <388,4,2>, <389,4,2>, <391,4,2>, <392,4,5>, <393,4,2>, <394,4,1>, <395,4,3>, <399,4,1>, <400,4,1>, <401,4,1>, <403,4,1>, <404,4,1>, <405,4,1>, <407,4,2>, <408,4,5>, <409,4,1>, <412,4,3>, <413,4,2>, <414,4,1>, <422,4,1>, <423,4,1>, <424,4,3>, <425,4,1>, <426,4,2>, <427,4,2>, <428,4,1>, <429,4,1>, <430,4,1>, <431,4,1>, <432,4,1>, <433,4,1>, <434,4,1>, <435,4,1>, <438,4,2>, <440,4,2>, <443,4,1>, <444,4,1>, <445,4,1>, <447,4,1>, <448,4,3>, <449,4,2>, <450,4,1>, <452,4,2>, <454,4,2>, <455,4,2>, <456,4,1>, <457,4,3>, <460,4,1>, <461,4,1>, <462,4,3>, <463,4,1>, <464,4,1>, <466,4,1>, <467,4,1>, <469,4,2>, <470,4,1>, <471,4,4>, <473,4,1>, <476,4,3>, <478,4,1>, <480,4,4>, <482,4,1>, <484,4,5>, <485,4,1>, <488,4,1>, <490,4,3>, <491,4,5>, <492,4,2>, <493,4,1>, <494,4,2>, <495,4,1>, <496,4,1>, <499,4,1>, <503,4,1>, <504,4,1>, <507,4,1>, <513,4,2>, <514,4,2>, <517,4,1>, <518,4,3>, <519,4,2>, <520,4,1>, <521,4,2>, <526,4,1>, <529,4,1>, <533,4,1>, <534,4,1>, <535,4,1>, <538,4,1>, <542,4,1>, <545,4,1>, <546,4,1>, <549,4,1>, <552,4,1>, <553,4,4>, <554,4,1>, <556,4,1>, <557,4,1>, <558,4,1>, <559,4,1>, <560,4,2>, <563,4,2>, <564,4,2>, <566,4,4>, <567,4,2>, <568,4,2>, <569,4,1>, <573,4,2>, <576,4,1>, <578,4,2>, <583,4,1>, <584,4,2>, <585,4,1>, <586,4,1>, <589,4,3>, <590,4,1>, <592,4,2>, <593,4,3>, <594,4,1>, <595,4,1>, <596,4,1>, <597,4,1>, <598,4,1>, <600,4,1>, <601,4,1>, <603,4,1>, <604,4,1>, <605,4,2>, <609,4,1>, <610,4,1>, <612,4,2>, <614,4,2>, <615,4,1>, <617,4,3>, <618,4,2>, <623,4,2>, <626,4,2>, <627,4,1>, <630,4,1>, <632,4,1>, <636,4,1>, <639,4,2>, <640,4,1>, <642,4,2>, <643,4,1>, <644,4,2>, <645,4,1>, <646,4,1>, <647,4,1>, <649,4,1>, <651,4,2>, <653,4,2>, <660,4,1>, <663,4,1>, <669,4,1>, <671,4,1>, <677,4,1>, <678,4,1>, <679,4,1>, <687,4,2>, <689,4,2>, <694,4,1>, <695,4,2>, <696,4,1>, <697,4,1>, <698,4,1>, <701,4,1>, <704,4,1>, <705,4,1>, <707,4,1>, <711,4,1>, <712,4,1>, <714,4,1>, <721,4,1>, <722,4,3>, <723,4,1>, <725,4,1>, <728,4,1>, <732,4,1>, <739,4,1>, <740,4,1>, <743,4,2>, <746,4,1>, <751,4,1>, <754,4,1>, <755,4,1>, <756,4,1>, <761,4,2>, <762,4,1>, <764,4,1>, <765,4,1>, <769,4,2>, <772,4,1>, <775,4,1>, <777,4,1>, <780,4,1>, <781,4,1>, <783,4,1>, <786,4,1>, <788,4,1>, <790,4,1>, <792,4,1>, <795,4,1>, <798,4,1>, <799,4,2>, <801,4,1>, <808,4,1>, <810,4,3>, <815,4,1>, <816,4,1>, <818,4,2>, <820,4,1>, <824,4,1>, <826,4,2>, <828,4,2>, <832,4,1>, <838,4,1>, <841,4,1>, <844,4,1>, <845,4,1>, <847,4,1>, <849,4,1>, <851,4,2>, <852,4,2>, <853,4,1>, <855,4,1>, <856,4,2>, <859,4,1>, <861,4,1>, <862,4,1>, <863,4,1>, <865,4,1>, <866,4,2>, <868,4,2>, <875,4,1>, <877,4,1>, <879,4,1>, <880,4,1>, <881,4,1>, <882,4,1>, <885,4,1>, <886,4,1>, <889,4,1>, <894,4,1>, <896,4,1>, <897,4,1>, <898,4,1>, <899,4,2>, <900,4,1>, <901,4,1>, <905,4,1>, <906,4,4>, <909,4,1>, <910,4,1>, <912,4,1>, <913,4,1>, <914,4,1>, <915,4,1>, <918,4,1>, <920,4,1>, <922,4,1>, <926,4,3>, <930,4,1>, <932,4,1>, <934,4,1>, <935,4,1>, <936,4,1>, <937,4,2>, <941,4,1>, <943,4,1>, <944,4,1>, <945,4,1>, <949,4,1>, <950,4,1>, <953,4,1>, <954,4,1>, <955,4,2>, <959,4,1>, <961,4,1>, <962,4,1>, <971,4,1>, <972,4,1>, <976,4,1>, <980,4,2>, <984,4,1>, <985,4,1>, <988,4,1>, <991,4,1>, <996,4,1>, <1,6,923>, <2,6,615>, <3,6,119>, <4,6,65>, <5,6,7>, <6,6,86>, <7,6,74>, <8,6,42>, <9,6,145>, <10,6,73>, <11,6,11>, <12,6,11>, <13,6,27>, <14,6,75>, <15,6,15>, <16,6,24>, <17,6,9>, <18,6,41>, <19,6,4>, <20,6,30>, <21,6,10>, <22,6,5>, <23,6,22>, <24,6,12>, <25,6,21>, <26,6,41>, <27,6,16>, <28,6,6>, <29,6,18>, <30,6,42>, <31,6,50>, <32,6,12>, <33,6,17>, <34,6,22>, <35,6,20>, <36,6,7>, <37,6,15>, <38,6,1>, <40,6,4>, <41,6,1>, <42,6,1>, <43,6,2>, <44,6,2>, <45,6,1>, <46,6,7>, <47,6,5>, <48,6,9>, <49,6,5>, <50,6,19>, <51,6,1>, <52,6,8>, <53,6,2>, <54,6,17>, <55,6,1>, <56,6,1>, <57,6,2>, <58,6,7>, <59,6,6>, <60,6,11>, <61,6,1>, <62,6,3>, <63,6,8>, <64,6,1>, <65,6,2>, <66,6,2>, <67,6,11>, <68,6,10>, <69,6,12>, <70,6,6>, <71,6,2>, <72,6,13>, <73,6,2>, <74,6,7>, <75,6,5>, <76,6,8>, <77,6,2>, <79,6,4>, <80,6,3>, <81,6,5>, <82,6,1>, <83,6,3>, <84,6,8>, <85,6,10>, <86,6,3>, <87,6,3>, <88,6,2>, <89,6,5>, <91,6,2>, <92,6,2>, <93,6,4>, <94,6,2>, <95,6,1>, <96,6,6>, <97,6,7>, <99,6,4>, <100,6,1>, <101,6,1>, <102,6,4>, <103,6,10>, <104,6,9>, <105,6,2>, <106,6,3>, <107,6,5>, <108,6,2>, <109,6,3>, <110,6,8>, <111,6,2>, <112,6,4>, <113,6,1>, <114,6,3>, <115,6,1>, <116,6,2>, <117,6,12>, <118,6,4>, <119,6,10>, <120,6,6>, <121,6,7>, <122,6,7>, <123,6,2>, <124,6,2>, <125,6,4>, <126,6,1>, <127,6,5>, <128,6,4>, <129,6,1>, <130,6,8>, <131,6,2>, <132,6,5>, <133,6,4>, <134,6,9>, <135,6,2>, <136,6,4>, <137,6,1>, <138,6,5>, <139,6,5>, <141,6,1>, <142,6,2>, <143,6,2>, <145,6,3>, <146,6,1>, <147,6,2>, <148,6,6>, <149,6,5>, <150,6,2>, <151,6,10>, <153,6,5>, <154,6,4>, <155,6,3>, <156,6,8>, <158,6,11>, <159,6,4>, <160,6,1>, <161,6,8>, <163,6,2>, <164,6,4>, <165,6,3>, <166,6,1>, <167,6,6>, <168,6,5>, <169,6,1>, <170,6,2>, <171,6,2>, <172,6,1>, <176,6,1>, <177,6,9>, <178,6,2>, <180,6,1>, <181,6,1>, <182,6,4>, <183,6,2>, <184,6,1>, <185,6,2>, <186,6,1>, <187,6,2>, <188,6,1>, <189,6,1>, <191,6,4>, <192,6,1>, <193,6,5>, <194,6,4>, <195,6,1>, <196,6,1>, <197,6,2>, <198,6,1>, <199,6,1>, <200,6,2>, <201,6,2>, <203,6,1>, <204,6,1>, <206,6,3>, <208,6,2>, <209,6,2>, <210,6,2>, <212,6,6>, <213,6,2>, <214,6,3>, <215,6,1>, <216,6,4>, <217,6,1>, <219,6,2>, <220,6,1>, <221,6,6>, <223,6,1>, <224,6,2>, <225,6,2>, <226,6,1>, <227,6,2>, <228,6,3>, <229,6,1>, <230,6,3>, <232,6,2>, <233,6,6>, <234,6,2>, <235,6,2>, <236,6,1>, <237,6,3>, <238,6,1>, <240,6,1>, <242,6,3>, <243,6,2>, <245,6,7>, <246,6,1>, <247,6,1>, <248,6,2>, <249,6,3>, <250,6,1>, <251,6,1>, <252,6,2>, <254,6,2>, <255,6,1>, <256,6,2>, <257,6,3>, <258,6,4>, <259,6,4>, <261,6,1>, <262,6,7>, <263,6,1>, <264,6,1>, <265,6,1>, <266,6,1>, <267,6,1>, <268,6,9>, <269,6,1>, <270,6,3>, <271,6,1>, <272,6,2>, <273,6,1>, <274,6,2>, <275,6,5>, <277,6,1>, <279,6,8>, <280,6,1>, <282,6,3>, <283,6,1>, <285,6,1>, <286,6,4>, <287,6,3>, <288,6,4>, <289,6,1>, <291,6,2>, <292,6,4>, <293,6,1>, <294,6,5>, <296,6,3>, <297,6,2>, <298,6,1>, <299,6,1>, <302,6,2>, <303,6,1>, <304,6,2>, <306,6,4>, <307,6,1>, <308,6,2>, <309,6,4>, <310,6,1>, <311,6,3>, <312,6,1>, <313,6,2>, <314,6,1>, <315,6,1>, <316,6,1>, <317,6,1>, <318,6,2>, <321,6,1>, <325,6,2>, <326,6,2>, <327,6,3>, <328,6,4>, <330,6,4>, <331,6,1>, <333,6,2>, <334,6,2>, <336,6,2>, <337,6,1>, <339,6,2>, <340,6,1>, <341,6,1>, <342,6,3>, <344,6,3>, <345,6,1>, <347,6,4>, <351,6,3>, <354,6,2>, <357,6,1>, <359,6,1>, <361,6,3>, <362,6,1>, <363,6,1>, <364,6,4>, <365,6,3>, <368,6,1>, <370,6,1>, <371,6,2>, <375,6,6>, <376,6,2>, <377,6,4>, <378,6,1>, <379,6,1>, <380,6,1>, <381,6,1>, <382,6,1>, <383,6,1>, <384,6,2>, <385,6,1>, <386,6,2>, <387,6,1>, <389,6,1>, <390,6,1>, <391,6,1>, <393,6,2>, <394,6,1>, <395,6,2>, <396,6,1>, <397,6,1>, <400,6,1>, <401,6,1>, <402,6,1>, <403,6,2>, <404,6,1>, <406,6,5>, <409,6,1>, <410,6,2>, <411,6,1>, <412,6,1>, <413,6,1>, <414,6,1>, <415,6,3>, <416,6,1>, <417,6,1>, <418,6,1>, <419,6,2>, <420,6,1>, <422,6,2>, <423,6,1>, <424,6,1>, <426,6,1>, <428,6,2>, <429,6,3>, <430,6,3>, <431,6,1>, <432,6,1>, <434,6,1>, <435,6,1>, <438,6,1>, <439,6,1>, <440,6,1>, <441,6,1>, <442,6,1>, <444,6,1>, <445,6,2>, <446,6,1>, <447,6,2>, <450,6,1>, <451,6,1>, <452,6,2>, <456,6,1>, <457,6,1>, <459,6,3>, <460,6,1>, <461,6,1>, <462,6,1>, <463,6,3>, <467,6,1>, <468,6,6>, <469,6,3>, <473,6,1>, <475,6,1>, <479,6,2>, <482,6,1>, <485,6,3>, <487,6,1>, <488,6,1>, <491,6,2>, <493,6,1>, <494,6,2>, <496,6,5>, <499,6,1>, <500,6,1>, <502,6,1>, <503,6,1>, <508,6,1>, <509,6,1>, <512,6,1>, <516,6,1>, <517,6,1>, <518,6,1>, <519,6,1>, <523,6,1>, <524,6,1>, <525,6,2>, <526,6,3>, <527,6,1>, <530,6,1>, <532,6,1>, <533,6,1>, <534,6,1>, <536,6,1>, <537,6,2>, <539,6,2>, <540,6,2>, <541,6,2>, <545,6,1>, <546,6,1>, <547,6,1>, <549,6,1>, <552,6,1>, <554,6,2>, <556,6,2>, <557,6,2>, <558,6,2>, <559,6,1>, <562,6,2>, <564,6,2>, <565,6,2>, <566,6,1>, <567,6,1>, <568,6,1>, <569,6,1>, <573,6,4>, <574,6,2>, <581,6,1>, <582,6,1>, <584,6,1>, <586,6,1>, <590,6,1>, <592,6,1>, <594,6,1>, <598,6,3>, <599,6,1>, <600,6,1>, <603,6,1>, <604,6,2>, <608,6,3>, <610,6,1>, <611,6,1>, <612,6,1>, <613,6,1>, <614,6,3>, <617,6,1>, <618,6,1>, <619,6,1>, <620,6,1>, <621,6,1>, <623,6,2>, <624,6,1>, <625,6,1>, <627,6,3>, <629,6,1>, <630,6,1>, <631,6,1>, <637,6,1>, <638,6,1>, <639,6,1>, <641,6,1>, <642,6,1>, <644,6,2>, <645,6,1>, <646,6,3>, <648,6,1>, <660,6,1>, <662,6,1>, <663,6,1>, <665,6,2>, <666,6,1>, <667,6,1>, <668,6,1>, <673,6,2>, <678,6,3>, <684,6,2>, <686,6,3>, <688,6,1>, <691,6,2>, <692,6,2>, <696,6,1>, <697,6,1>, <699,6,1>, <701,6,1>, <703,6,1>, <704,6,1>, <706,6,1>, <707,6,1>, <710,6,2>, <711,6,1>, <714,6,1>, <716,6,1>, <717,6,2>, <718,6,1>, <719,6,2>, <720,6,1>, <727,6,2>, <731,6,1>, <732,6,1>, <735,6,1>, <738,6,1>, <742,6,1>, <743,6,1>, <753,6,1>, <756,6,1>, <757,6,1>, <758,6,2>, <759,6,1>, <760,6,1>, <765,6,3>, <766,6,1>, <767,6,1>, <768,6,2>, <769,6,1>, <770,6,1>, <773,6,1>, <777,6,1>, <778,6,1>, <779,6,2>, <781,6,1>, <782,6,2>, <785,6,1>, <790,6,2>, <795,6,1>, <796,6,1>, <798,6,1>, <802,6,1>, <807,6,1>, <810,6,1>, <819,6,1>, <820,6,1>, <821,6,2>, <828,6,1>, <829,6,2>, <834,6,2>, <839,6,4>, <840,6,1>, <841,6,2>, <845,6,1>, <851,6,1>, <852,6,2>, <854,6,1>, <857,6,1>, <862,6,1>, <864,6,1>, <868,6,2>, <876,6,1>, <878,6,1>, <879,6,3>, <882,6,2>, <885,6,1>, <886,6,1>, <890,6,1>, <893,6,1>, <894,6,1>, <896,6,1>, <897,6,1>, <901,6,1>, <910,6,1>, <911,6,1>, <913,6,1>, <914,6,1>, <920,6,1>, <922,6,1>, <925,6,1>, <927,6,1>, <936,6,2>, <945,6,1>, <949,6,2>, <954,6,1>, <957,6,2>, <959,6,1>, <965,6,1>, <966,6,1>, <967,6,1>, <969,6,1>, <970,6,1>, <975,6,1>, <976,6,1>, <978,6,1>, <980,6,1>, <985,6,1>, <990,6,1>, <991,6,1>, <994,6,1>, <997,6,1>, <999,6,1>, <1000,6,1>, <1,9,715>, <2,9,233>, <3,9,66>, <4,9,126>, <5,9,148>, <6,9,11>, <7,9,52>, <8,9,45>, <9,9,2>, <10,9,38>, <11,9,97>, <12,9,26>, <13,9,95>, <14,9,18>, <15,9,18>, <16,9,39>, <17,9,35>, <18,9,40>, <19,9,30>, <20,9,9>, <21,9,19>, <22,9,39>, <23,9,10>, <24,9,6>, <25,9,6>, <26,9,36>, <27,9,3>, <28,9,7>, <29,9,9>, <30,9,1>, <31,9,15>, <32,9,2>, <33,9,22>, <34,9,6>, <35,9,17>, <36,9,7>, <37,9,4>, <38,9,30>, <39,9,24>, <40,9,13>, <41,9,6>, <42,9,5>, <43,9,7>, <44,9,3>, <45,9,24>, <46,9,14>, <47,9,5>, <48,9,6>, <49,9,2>, <50,9,13>, <51,9,16>, <52,9,4>, <53,9,10>, <54,9,1>, <55,9,7>, <56,9,19>, <57,9,18>, <58,9,16>, <59,9,8>, <60,9,1>, <61,9,2>, <62,9,19>, <63,9,2>, <64,9,7>, <65,9,6>, <66,9,3>, <67,9,6>, <68,9,4>, <70,9,10>, <71,9,5>, <72,9,8>, <73,9,2>, <74,9,4>, <75,9,2>, <76,9,5>, <78,9,6>, <79,9,2>, <80,9,4>, <81,9,1>, <82,9,4>, <83,9,7>, <84,9,6>, <85,9,3>, <86,9,6>, <87,9,11>, <88,9,7>, <89,9,1>, <90,9,1>, <92,9,12>, <93,9,1>, <94,9,2>, <95,9,2>, <96,9,11>, <97,9,3>, <98,9,4>, <100,9,7>, <101,9,7>, <102,9,3>, <103,9,3>, <104,9,7>, <105,9,6>, <106,9,4>, <107,9,4>, <109,9,4>, <110,9,4>, <111,9,6>, <113,9,8>, <114,9,5>, <115,9,7>, <116,9,9>, <117,9,1>, <119,9,6>, <121,9,1>, <122,9,1>, <123,9,8>, <124,9,1>, <125,9,5>, <127,9,8>, <128,9,2>, <130,9,1>, <131,9,1>, <132,9,3>, <134,9,7>, <135,9,3>, <136,9,3>, <137,9,1>, <138,9,2>, <139,9,2>, <140,9,1>, <141,9,2>, <142,9,1>, <143,9,2>, <144,9,1>, <147,9,10>, <148,9,2>, <149,9,7>, <150,9,3>, <152,9,17>, <153,9,4>, <154,9,2>, <155,9,2>, <157,9,5>, <158,9,1>, <159,9,2>, <161,9,1>, <163,9,2>, <164,9,5>, <166,9,2>, <168,9,1>, <169,9,2>, <170,9,2>, <171,9,1>, <172,9,3>, <173,9,2>, <174,9,2>, <175,9,2>, <176,9,4>, <177,9,7>, <178,9,1>, <181,9,2>, <182,9,1>, <184,9,1>, <185,9,4>, <186,9,1>, <187,9,5>, <188,9,6>, <189,9,5>, <190,9,1>, <191,9,1>, <192,9,5>, <193,9,2>, <194,9,2>, <195,9,1>, <196,9,7>, <197,9,2>, <198,9,2>, <199,9,4>, <200,9,1>, <201,9,2>, <204,9,1>, <205,9,5>, <206,9,1>, <207,9,2>, <208,9,5>, <209,9,5>, <210,9,1>, <211,9,3>, <212,9,1>, <214,9,3>, <215,9,7>, <217,9,1>, <218,9,1>, <219,9,2>, <220,9,2>, <221,9,1>, <222,9,2>, <226,9,7>, <227,9,5>, <228,9,4>, <230,9,1>, <231,9,1>, <232,9,1>, <233,9,1>, <234,9,1>, <235,9,8>, <236,9,4>, <237,9,2>, <238,9,2>, <239,9,4>, <240,9,2>, <242,9,2>, <243,9,1>, <244,9,1>, <247,9,3>, <250,9,3>, <253,9,3>, <254,9,2>, <255,9,1>, <257,9,1>, <258,9,1>, <260,9,2>, <261,9,2>, <263,9,6>, <264,9,4>, <265,9,1>, <266,9,1>, <267,9,2>, <268,9,1>, <269,9,2>, <272,9,2>, <273,9,1>, <276,9,5>, <277,9,1>, <279,9,1>, <280,9,1>, <281,9,2>, <282,9,1>, <285,9,1>, <286,9,1>, <287,9,4>, <289,9,2>, <290,9,2>, <292,9,1>, <293,9,3>, <294,9,3>, <296,9,1>, <297,9,2>, <298,9,1>, <300,9,1>, <301,9,1>, <302,9,2>, <304,9,1>, <305,9,1>, <307,9,2>, <310,9,1>, <312,9,1>, <313,9,2>, <314,9,1>, <316,9,1>, <318,9,2>, <319,9,1>, <320,9,1>, <321,9,6>, <323,9,1>, <326,9,4>, <327,9,1>, <328,9,2>, <329,9,2>, <332,9,2>, <334,9,1>, <335,9,2>, <336,9,2>, <337,9,2>, <339,9,2>, <340,9,2>, <341,9,1>, <344,9,2>, <345,9,2>, <346,9,1>, <347,9,1>, <349,9,2>, <350,9,1>, <351,9,2>, <352,9,2>, <355,9,3>, <356,9,1>, <357,9,2>, <358,9,6>, <360,9,5>, <363,9,1>, <364,9,1>, <365,9,6>, <366,9,2>, <368,9,1>, <369,9,1>, <370,9,2>, <371,9,1>, <372,9,1>, <373,9,1>, <374,9,1>, <377,9,1>, <378,9,1>, <379,9,1>, <380,9,1>, <381,9,2>, <382,9,3>, <384,9,2>, <385,9,4>, <386,9,1>, <387,9,3>, <389,9,4>, <390,9,1>, <391,9,1>, <393,9,1>, <394,9,1>, <396,9,1>, <397,9,5>, <398,9,1>, <399,9,1>, <400,9,1>, <401,9,1>, <402,9,2>, <404,9,2>, <405,9,1>, <406,9,3>, <407,9,1>, <408,9,1>, <409,9,3>, <410,9,1>, <412,9,2>, <413,9,1>, <414,9,1>, <416,9,1>, <417,9,2>, <418,9,1>, <419,9,2>, <420,9,1>, <422,9,1>, <423,9,1>, <424,9,1>, <425,9,2>, <426,9,1>, <429,9,1>, <433,9,1>, <434,9,1>, <436,9,1>, <438,9,3>, <439,9,1>, <440,9,2>, <441,9,3>, <442,9,1>, <443,9,1>, <445,9,1>, <447,9,1>, <450,9,1>, <451,9,1>, <452,9,1>, <453,9,1>, <454,9,1>, <456,9,1>, <457,9,1>, <458,9,1>, <460,9,1>, <461,9,1>, <462,9,2>, <463,9,1>, <464,9,3>, <465,9,1>, <467,9,3>, <468,9,1>, <471,9,2>, <477,9,1>, <478,9,1>, <479,9,1>, <483,9,2>, <484,9,2>, <486,9,2>, <488,9,1>, <491,9,1>, <492,9,1>, <493,9,1>, <500,9,2>, <503,9,1>, <504,9,1>, <505,9,2>, <509,9,1>, <510,9,1>, <511,9,1>, <512,9,1>, <516,9,1>, <518,9,2>, <519,9,2>, <520,9,1>, <521,9,1>, <522,9,1>, <525,9,1>, <526,9,1>, <529,9,1>, <530,9,1>, <533,9,1>, <534,9,1>, <536,9,1>, <537,9,2>, <538,9,1>, <540,9,2>, <541,9,2>, <544,9,1>, <550,9,1>, <551,9,2>, <553,9,1>, <554,9,3>, <555,9,1>, <556,9,1>, <557,9,1>, <560,9,1>, <563,9,1>, <564,9,1>, <568,9,3>, <569,9,1>, <573,9,1>, <575,9,1>, <576,9,2>, <579,9,1>, <580,9,2>, <581,9,2>, <582,9,1>, <584,9,2>, <585,9,1>, <586,9,1>, <587,9,1>, <589,9,1>, <590,9,1>, <595,9,1>, <596,9,1>, <599,9,2>, <602,9,2>, <604,9,2>, <605,9,2>, <608,9,1>, <610,9,1>, <614,9,2>, <615,9,1>, <617,9,2>, <618,9,1>, <619,9,1>, <620,9,1>, <621,9,1>, <622,9,1>, <625,9,1>, <628,9,3>, <631,9,1>, <632,9,2>, <635,9,1>, <636,9,1>, <637,9,1>, <644,9,1>, <645,9,1>, <646,9,1>, <648,9,1>, <657,9,1>, <658,9,1>, <662,9,1>, <664,9,2>, <665,9,1>, <666,9,1>, <668,9,1>, <669,9,2>, <678,9,1>, <679,9,1>, <684,9,2>, <686,9,1>, <688,9,1>, <689,9,1>, <691,9,1>, <692,9,2>, <693,9,1>, <694,9,1>, <696,9,1>, <697,9,1>, <699,9,2>, <701,9,1>, <702,9,1>, <706,9,1>, <707,9,1>, <710,9,1>, <714,9,1>, <718,9,1>, <719,9,1>, <721,9,1>, <722,9,1>, <725,9,1>, <726,9,2>, <727,9,1>, <728,9,2>, <732,9,1>, <734,9,2>, <736,9,1>, <738,9,1>, <743,9,1>, <744,9,1>, <745,9,1>, <746,9,2>, <750,9,1>, <753,9,1>, <757,9,2>, <761,9,1>, <762,9,1>, <763,9,1>, <769,9,1>, <771,9,1>, <773,9,1>, <774,9,1>, <779,9,1>, <781,9,1>, <784,9,1>, <785,9,1>, <789,9,1>, <792,9,3>, <794,9,1>, <795,9,1>, <796,9,1>, <798,9,1>, <799,9,2>, <800,9,1>, <802,9,1>, <803,9,2>, <812,9,2>, <815,9,1>, <817,9,2>, <819,9,2>, <821,9,2>, <823,9,1>, <826,9,1>, <829,9,1>, <830,9,1>, <834,9,1>, <837,9,2>, <840,9,1>, <843,9,1>, <845,9,3>, <846,9,1>, <849,9,1>, <851,9,1>, <855,9,2>, <856,9,1>, <858,9,1>, <859,9,2>, <860,9,3>, <861,9,1>, <863,9,1>, <864,9,1>, <865,9,1>, <866,9,1>, <876,9,3>, <878,9,1>, <880,9,2>, <887,9,1>, <890,9,2>, <892,9,1>, <894,9,1>, <895,9,1>, <896,9,1>, <897,9,1>, <900,9,1>, <903,9,1>, <904,9,1>, <911,9,1>, <919,9,1>, <921,9,2>, <923,9,1>, <927,9,1>, <933,9,1>, <934,9,1>, <940,9,1>, <941,9,1>, <945,9,1>, <947,9,1>, <948,9,3>, <949,9,2>, <954,9,1>, <957,9,2>, <958,9,1>, <959,9,1>, <961,9,1>, <963,9,1>, <968,9,1>, <971,9,1>, <978,9,3>, <982,9,1>, <987,9,1>, <990,9,1>, <996,9,1>, <997,9,1>, <1,10,137>, <2,10,178>, <3,10,351>, <4,10,226>, <5,10,149>, <6,10,9>, <7,10,25>, <8,10,62>, <9,10,64>, <10,10,15>, <12,10,108>, <13,10,21>, <14,10,15>, <15,10,19>, <16,10,7>, <17,10,31>, <18,10,8>, <19,10,70>, <20,10,6>, <21,10,21>, <22,10,7>, <23,10,36>, <24,10,52>, <25,10,11>, <26,10,1>, <27,10,41>, <28,10,36>, <29,10,10>, <30,10,10>, <31,10,8>, <32,10,20>, <33,10,5>, <34,10,3>, <35,10,10>, <36,10,20>, <37,10,7>, <38,10,2>, <39,10,5>, <40,10,25>, <41,10,9>, <42,10,33>, <43,10,14>, <44,10,4>, <45,10,9>, <46,10,6>, <47,10,21>, <48,10,22>, <49,10,18>, <51,10,7>, <52,10,6>, <53,10,5>, <54,10,12>, <55,10,23>, <56,10,1>, <57,10,12>, <58,10,4>, <59,10,7>, <60,10,19>, <61,10,7>, <62,10,5>, <63,10,2>, <64,10,7>, <65,10,10>, <66,10,26>, <67,10,2>, <68,10,10>, <69,10,11>, <70,10,3>, <71,10,4>, <72,10,2>, <73,10,12>, <74,10,2>, <75,10,1>, <76,10,2>, <77,10,8>, <78,10,4>, <79,10,3>, <80,10,9>, <81,10,1>, <82,10,11>, <83,10,2>, <84,10,19>, <85,10,3>, <86,10,10>, <87,10,4>, <88,10,7>, <89,10,12>, <90,10,9>, <91,10,3>, <92,10,6>, <93,10,1>, <94,10,15>, <95,10,10>, <96,10,2>, <97,10,10>, <98,10,13>, <99,10,1>, <100,10,1>, <101,10,8>, <102,10,1>, <103,10,4>, <104,10,5>, <105,10,5>, <106,10,2>, <107,10,4>, <109,10,9>, <110,10,3>, <112,10,6>, <113,10,2>, <114,10,5>, <115,10,11>, <116,10,2>, <117,10,2>, <118,10,1>, <119,10,1>, <120,10,1>, <121,10,4>, <122,10,3>, <123,10,4>, <124,10,1>, <125,10,3>, <126,10,2>, <127,10,1>, <128,10,2>, <129,10,3>, <130,10,1>, <131,10,6>, <132,10,4>, <133,10,4>, <134,10,2>, <135,10,11>, <136,10,3>, <137,10,3>, <138,10,1>, <139,10,6>, <140,10,3>, <141,10,11>, <143,10,7>, <145,10,1>, <146,10,3>, <147,10,1>, <148,10,5>, <149,10,10>, <150,10,1>, <153,10,1>, <154,10,8>, <155,10,4>, <156,10,5>, <157,10,2>, <159,10,8>, <160,10,2>, <161,10,1>, <162,10,6>, <163,10,4>, <164,10,2>, <165,10,5>, <166,10,6>, <168,10,4>, <169,10,1>, <170,10,2>, <171,10,2>, <173,10,1>, <174,10,2>, <175,10,7>, <177,10,2>, <178,10,2>, <179,10,2>, <180,10,3>, <181,10,1>, <182,10,3>, <183,10,1>, <185,10,2>, <186,10,1>, <187,10,1>, <188,10,4>, <189,10,2>, <191,10,1>, <192,10,3>, <194,10,3>, <195,10,1>, <196,10,1>, <197,10,3>, <198,10,4>, <199,10,1>, <200,10,1>, <201,10,4>, <202,10,1>, <203,10,1>, <206,10,6>, <208,10,4>, <210,10,3>, <211,10,3>, <212,10,3>, <213,10,2>, <214,10,1>, <215,10,5>, <218,10,3>, <220,10,6>, <221,10,2>, <223,10,1>, <224,10,2>, <225,10,2>, <226,10,1>, <227,10,1>, <228,10,1>, <230,10,1>, <231,10,2>, <232,10,2>, <233,10,1>, <235,10,6>, <236,10,4>, <237,10,2>, <238,10,4>, <241,10,4>, <242,10,2>, <243,10,2>, <246,10,2>, <248,10,1>, <249,10,2>, <250,10,2>, <251,10,2>, <252,10,1>, <253,10,2>, <255,10,8>, <256,10,3>, <257,10,1>, <259,10,1>, <260,10,5>, <262,10,2>, <263,10,2>, <264,10,2>, <265,10,5>, <267,10,4>, <268,10,1>, <269,10,5>, <271,10,2>, <272,10,2>, <273,10,2>, <274,10,2>, <276,10,3>, <278,10,2>, <279,10,2>, <280,10,2>, <281,10,3>, <282,10,1>, <283,10,1>, <284,10,3>, <286,10,1>, <287,10,1>, <288,10,4>, <289,10,2>, <290,10,3>, <291,10,1>, <293,10,1>, <295,10,1>, <296,10,1>, <297,10,4>, <298,10,1>, <299,10,2>, <300,10,2>, <301,10,1>, <303,10,1>, <306,10,1>, <307,10,1>, <308,10,2>, <310,10,3>, <311,10,1>, <312,10,3>, <314,10,2>, <315,10,1>, <316,10,2>, <318,10,1>, <319,10,1>, <320,10,3>, <321,10,1>, <322,10,1>, <323,10,2>, <324,10,2>, <325,10,1>, <329,10,3>, <331,10,1>, <332,10,2>, <333,10,2>, <334,10,1>, <335,10,1>, <337,10,3>, <338,10,2>, <340,10,1>, <341,10,1>, <342,10,2>, <344,10,1>, <345,10,1>, <347,10,1>, <348,10,1>, <349,10,2>, <351,10,1>, <352,10,1>, <353,10,4>, <354,10,1>, <355,10,4>, <357,10,2>, <358,10,4>, <359,10,5>, <361,10,1>, <362,10,1>, <364,10,2>, <367,10,1>, <368,10,3>, <369,10,1>, <370,10,2>, <371,10,3>, <372,10,2>, <373,10,1>, <375,10,1>, <376,10,2>, <380,10,3>, <381,10,2>, <382,10,2>, <383,10,1>, <384,10,1>, <385,10,3>, <386,10,1>, <388,10,3>, <389,10,2>, <390,10,2>, <391,10,1>, <392,10,1>, <394,10,1>, <395,10,1>, <396,10,2>, <397,10,1>, <400,10,1>, <401,10,1>, <402,10,1>, <403,10,1>, <404,10,1>, <407,10,2>, <408,10,1>, <410,10,1>, <411,10,2>, <412,10,1>, <413,10,4>, <414,10,2>, <416,10,1>, <417,10,1>, <418,10,2>, <419,10,5>, <422,10,1>, <424,10,3>, <425,10,1>, <427,10,2>, <428,10,1>, <429,10,1>, <430,10,2>, <431,10,1>, <432,10,4>, <433,10,1>, <434,10,3>, <435,10,1>, <438,10,1>, <439,10,1>, <442,10,1>, <443,10,3>, <446,10,2>, <447,10,1>, <449,10,1>, <450,10,1>, <456,10,1>, <458,10,1>, <459,10,1>, <461,10,2>, <462,10,1>, <463,10,3>, <464,10,1>, <465,10,1>, <467,10,1>, <468,10,1>, <471,10,1>, <472,10,1>, <473,10,2>, <477,10,1>, <478,10,2>, <479,10,1>, <480,10,1>, <482,10,1>, <483,10,1>, <485,10,1>, <486,10,1>, <487,10,1>, <488,10,1>, <489,10,1>, <491,10,1>, <494,10,1>, <495,10,1>, <497,10,1>, <499,10,1>, <502,10,2>, <503,10,1>, <506,10,3>, <509,10,1>, <510,10,4>, <516,10,1>, <517,10,1>, <518,10,2>, <522,10,1>, <524,10,1>, <526,10,1>, <529,10,1>, <530,10,1>, <535,10,4>, <538,10,1>, <539,10,1>, <541,10,3>, <542,10,1>, <543,10,1>, <544,10,1>, <545,10,1>, <546,10,1>, <547,10,4>, <549,10,2>, <552,10,1>, <554,10,1>, <555,10,1>, <556,10,2>, <557,10,1>, <558,10,1>, <559,10,2>, <560,10,2>, <562,10,1>, <563,10,1>, <566,10,2>, <567,10,1>, <568,10,1>, <570,10,1>, <571,10,1>, <573,10,3>, <574,10,1>, <578,10,1>, <579,10,1>, <580,10,1>, <581,10,1>, <584,10,1>, <586,10,1>, <587,10,1>, <589,10,2>, <590,10,1>, <592,10,3>, <593,10,1>, <595,10,1>, <597,10,1>, <598,10,1>, <599,10,1>, <600,10,3>, <601,10,1>, <602,10,1>, <604,10,1>, <605,10,1>, <608,10,1>, <609,10,3>, <611,10,2>, <613,10,1>, <616,10,1>, <620,10,1>, <622,10,1>, <623,10,1>, <626,10,1>, <627,10,2>, <629,10,1>, <630,10,1>, <631,10,1>, <632,10,3>, <634,10,1>, <635,10,1>, <637,10,1>, <639,10,1>, <640,10,1>, <643,10,2>, <645,10,1>, <648,10,1>, <649,10,1>, <650,10,1>, <653,10,1>, <654,10,1>, <659,10,1>, <660,10,1>, <663,10,1>, <670,10,2>, <671,10,1>, <673,10,3>, <675,10,1>, <676,10,1>, <677,10,1>, <678,10,1>, <679,10,1>, <683,10,1>, <686,10,1>, <687,10,1>, <688,10,1>, <689,10,1>, <693,10,1>, <695,10,1>, <696,10,1>, <697,10,1>, <700,10,1>, <701,10,2>, <702,10,3>, <703,10,1>, <704,10,2>, <706,10,2>, <707,10,1>, <716,10,1>, <718,10,1>, <720,10,1>, <721,10,1>, <722,10,1>, <724,10,1>, <728,10,1>, <729,10,1>, <738,10,1>, <740,10,1>, <741,10,2>, <746,10,2>, <748,10,1>, <749,10,1>, <750,10,1>, <758,10,1>, <761,10,1>, <762,10,1>, <763,10,1>, <765,10,1>, <766,10,1>, <768,10,1>, <771,10,1>, <773,10,3>, <774,10,1>, <778,10,1>, <779,10,1>, <780,10,1>, <782,10,2>, <783,10,1>, <784,10,2>, <787,10,1>, <792,10,1>, <793,10,1>, <794,10,1>, <795,10,2>, <796,10,3>, <797,10,1>, <799,10,1>, <802,10,1>, <806,10,2>, <807,10,1>, <808,10,1>, <810,10,1>, <812,10,1>, <816,10,1>, <817,10,1>, <819,10,1>, <820,10,1>, <821,10,2>, <824,10,1>, <826,10,1>, <828,10,1>, <829,10,1>, <830,10,1>, <834,10,1>, <835,10,1>, <841,10,1>, <845,10,2>, <846,10,1>, <847,10,1>, <849,10,1>, <852,10,3>, <853,10,2>, <854,10,1>, <857,10,1>, <858,10,1>, <865,10,2>, <866,10,1>, <870,10,1>, <872,10,1>, <874,10,2>, <884,10,1>, <888,10,1>, <890,10,1>, <896,10,2>, <897,10,2>, <899,10,1>, <904,10,1>, <910,10,1>, <911,10,1>, <914,10,1>, <915,10,1>, <918,10,1>, <919,10,1>, <920,10,1>, <922,10,1>, <925,10,1>, <933,10,1>, <935,10,1>, <941,10,1>, <943,10,1>, <949,10,1>, <953,10,1>, <961,10,1>, <964,10,1>, <965,10,2>, <967,10,1>, <976,10,1>, <982,10,1>, <984,10,1>, <985,10,1>, <988,10,1>, <989,10,2>, <999,10,1> };

MaxCacheStorageAtSingleAS= [ 1312.5  0  0  1312.5  0  1312.5  0  0  1312.5  1312.5 ] ;

MaxCacheStorage = 6562.5 ;
SolutionGap = 0.01 ;
