
ASes= { 1, 2, 3, 4, 5 } ;


Objects= { 1, 2, 3, 4, 5, 6, 7, 8, 9, 10, 11, 12, 13, 14, 15, 16, 17, 18, 19, 20, 21, 22, 23, 24, 25, 26, 27, 28, 29, 30, 31, 32, 33, 34, 35, 36, 37, 38, 39, 40, 41, 42, 43, 44, 45, 46, 47, 48, 49, 50, 51, 52, 53, 54, 55, 56, 57, 58, 59, 60, 61, 62, 63, 64, 65, 66, 67, 68, 69, 70, 71, 72, 73, 74, 75, 76, 77, 78, 79, 80, 81, 82, 83, 84, 85, 86, 87, 88, 89, 90, 91, 92, 93, 94, 95, 96, 97, 98, 99, 100, 101, 102, 103, 104, 105, 106, 107, 108, 109, 110, 111, 112, 113, 114, 115, 116, 117, 118, 119, 120, 121, 122, 123, 124, 125, 126, 127, 128, 129, 130, 131, 132, 133, 134, 135, 136, 137, 138, 139, 140, 141, 142, 143, 144, 145, 146, 147, 148, 149, 150, 151, 152, 153, 154, 155, 156, 157, 158, 159, 160, 161, 162, 163, 164, 165, 166, 167, 168, 169, 170, 171, 172, 173, 174, 175, 176, 177, 178, 179, 180, 181, 182, 183, 184, 185, 186, 187, 188, 189, 190, 191, 192, 193, 194, 195, 196, 197, 198, 199, 200, 201, 202, 203, 204, 205, 206, 207, 208, 209, 210, 211, 212, 213, 214, 215, 216, 217, 218, 219, 220, 221, 222, 223, 224, 225, 226, 227, 228, 229, 230, 231, 232, 233, 234, 235, 236, 237, 238, 239, 240, 241, 242, 243, 244, 245, 246, 247, 248, 249, 250, 251, 252, 253, 254, 255, 256, 257, 258, 259, 260, 261, 262, 263, 264, 265, 266, 267, 268, 269, 270, 271, 272, 273, 274, 275, 276, 277, 278, 279, 280, 281, 282, 283, 284, 285, 286, 287, 288, 289, 290, 291, 292, 293, 294, 295, 296, 297, 298, 299, 300, 301, 302, 303, 304, 305, 306, 307, 308, 309, 310, 311, 312, 313, 314, 315, 316, 317, 318, 319, 320, 321, 322, 323, 324, 325, 326, 327, 328, 329, 330, 331, 332, 333, 334, 335, 336, 337, 338, 339, 340, 341, 342, 343, 344, 345, 346, 347, 348, 349, 350, 351, 352, 353, 354, 355, 356, 357, 358, 359, 360, 361, 362, 363, 364, 365, 366, 367, 368, 369, 370, 371, 372, 373, 374, 375, 376, 377, 378, 379, 380, 381, 382, 383, 384, 385, 386, 387, 388, 389, 390, 391, 392, 393, 394, 395, 396, 397, 398, 399, 400, 401, 402, 403, 404, 405, 406, 407, 408, 409, 410, 411, 412, 413, 414, 415, 416, 417, 418, 419, 420, 421, 422, 423, 424, 425, 426, 427, 428, 429, 430, 431, 432, 433, 434, 435, 436, 437, 438, 439, 440, 441, 442, 443, 444, 445, 446, 447, 448, 449, 450, 451, 452, 453, 454, 455, 456, 457, 458, 459, 460, 461, 462, 463, 464, 465, 466, 467, 468, 469, 470, 471, 472, 473, 474, 475, 476, 477, 478, 479, 480, 481, 482, 483, 484, 485, 486, 487, 488, 489, 490, 491, 492, 493, 494, 495, 496, 497, 498, 499, 500, 501, 502, 503, 504, 505, 506, 507, 508, 509, 510, 511, 512, 513, 514, 515, 516, 517, 518, 519, 520, 521, 522, 523, 524, 525, 526, 527, 528, 529, 530, 531, 532, 533, 534, 535, 536, 537, 538, 539, 540, 541, 542, 543, 544, 545, 546, 547, 548, 549, 550, 551, 552, 553, 554, 555, 556, 557, 558, 559, 560, 561, 562, 563, 564, 565, 566, 567, 568, 569, 570, 571, 572, 573, 574, 575, 576, 577, 578, 579, 580, 581, 582, 583, 584, 585, 586, 587, 588, 589, 590, 591, 592, 593, 594, 595, 596, 597, 598, 599, 600, 601, 602, 603, 604, 605, 606, 607, 608, 609, 610, 611, 612, 613, 614, 615, 616, 617, 618, 619, 620, 621, 622, 623, 624, 625, 626, 627, 628, 629, 630, 631, 632, 633, 634, 635, 636, 637, 638, 639, 640, 641, 642, 643, 644, 645, 646, 647, 648, 649, 650, 651, 652, 653, 654, 655, 656, 657, 658, 659, 660, 661, 662, 663, 664, 665, 666, 667, 668, 669, 670, 671, 672, 673, 674, 675, 676, 677, 678, 679, 680, 681, 682, 683, 684, 685, 686, 687, 688, 689, 690, 691, 692, 693, 694, 695, 696, 697, 698, 699, 700, 701, 702, 703, 704, 705, 706, 707, 708, 709, 710, 711, 712, 713, 714, 715, 716, 717, 718, 719, 720, 721, 722, 723, 724, 725, 726, 727, 728, 729, 730, 731, 732, 733, 734, 735, 736, 737, 738, 739, 740, 741, 742, 743, 744, 745, 746, 747, 748, 749, 750, 751, 752, 753, 754, 755, 756, 757, 758, 759, 760, 761, 762, 763, 764, 765, 766, 767, 768, 769, 770, 771, 772, 773, 774, 775, 776, 777, 778, 779, 780, 781, 782, 783, 784, 785, 786, 787, 788, 789, 790, 791, 792, 793, 794, 795, 796, 797, 798, 799, 800, 801, 802, 803, 804, 805, 806, 807, 808, 809, 810, 811, 812, 813, 814, 815, 816, 817, 818, 819, 820, 821, 822, 823, 824, 825, 826, 827, 828, 829, 830, 831, 832, 833, 834, 835, 836, 837, 838, 839, 840, 841, 842, 843, 844, 845, 846, 847, 848, 849, 850, 851, 852, 853, 854, 855, 856, 857, 858, 859, 860, 861, 862, 863, 864, 865, 866, 867, 868, 869, 870, 871, 872, 873, 874, 875, 876, 877, 878, 879, 880, 881, 882, 883, 884, 885, 886, 887, 888, 889, 890, 891, 892, 893, 894, 895, 896, 897, 898, 899, 900, 901, 902, 903, 904, 905, 906, 907, 908, 909, 910, 911, 912, 913, 914, 915, 916, 917, 918, 919, 920, 921, 922, 923, 924, 925, 926, 927, 928, 929, 930, 931, 932, 933, 934, 935, 936, 937, 938, 939, 940, 941, 942, 943, 944, 945, 946, 947, 948, 949, 950, 951, 952, 953, 954, 955, 956, 957, 958, 959, 960, 961, 962, 963, 964, 965, 966, 967, 968, 969, 970, 971, 972, 973, 974, 975, 976, 977, 978, 979, 980, 981, 982, 983, 984, 985, 986, 987, 988, 989, 990, 991, 992, 993, 994, 995, 996, 997, 998, 999, 1000 } ;


QualityLevels= { 0, 1, 2, 3, 4, 5 } ;

Arcs = { <1,2,490000>, <2,1,490000>,<1,3,490000>, <3,1,490000>,<1,4,490000>, <4,1,490000>,<2,5,490000>, <5,2,490000> }; 


RatePerQuality= [ 0  300  700  1500  2500  3500 ] ;


CacheSpacePerQuality= [ 10000  11.25  26.25  56.25  93.75  131.25 ] ;


UtilityPerQuality= [ 0  0.2  0.4  0.6  0.8  1 ] ;


ObjectsPublishedByProducers=[ [ 0  0  1  0  0 ]  [ 1  0  0  0  0 ]  [ 0  1  0  0  0 ]  [ 0  0  0  1  0 ]  [ 0  0  0  0  1 ]  [ 0  0  0  0  1 ]  [ 0  1  0  0  0 ]  [ 0  1  0  0  0 ]  [ 0  0  1  0  0 ]  [ 0  0  1  0  0 ]  [ 1  0  0  0  0 ]  [ 0  0  0  0  1 ]  [ 0  1  0  0  0 ]  [ 0  0  1  0  0 ]  [ 0  0  0  0  1 ]  [ 0  1  0  0  0 ]  [ 0  0  0  1  0 ]  [ 1  0  0  0  0 ]  [ 1  0  0  0  0 ]  [ 0  0  1  0  0 ]  [ 0  0  1  0  0 ]  [ 0  0  0  0  1 ]  [ 1  0  0  0  0 ]  [ 0  0  0  1  0 ]  [ 0  0  0  1  0 ]  [ 0  0  0  0  1 ]  [ 0  0  1  0  0 ]  [ 0  0  0  1  0 ]  [ 0  0  0  0  1 ]  [ 0  0  0  0  1 ]  [ 0  0  0  1  0 ]  [ 0  0  0  1  0 ]  [ 0  0  0  1  0 ]  [ 0  0  0  0  1 ]  [ 0  0  0  1  0 ]  [ 0  0  1  0  0 ]  [ 1  0  0  0  0 ]  [ 0  0  0  0  1 ]  [ 0  1  0  0  0 ]  [ 0  0  1  0  0 ]  [ 1  0  0  0  0 ]  [ 1  0  0  0  0 ]  [ 0  0  1  0  0 ]  [ 0  0  0  1  0 ]  [ 0  1  0  0  0 ]  [ 0  1  0  0  0 ]  [ 1  0  0  0  0 ]  [ 0  0  0  0  1 ]  [ 1  0  0  0  0 ]  [ 0  1  0  0  0 ]  [ 0  0  0  1  0 ]  [ 0  0  0  0  1 ]  [ 1  0  0  0  0 ]  [ 1  0  0  0  0 ]  [ 0  0  0  0  1 ]  [ 0  0  0  0  1 ]  [ 0  0  1  0  0 ]  [ 0  0  0  1  0 ]  [ 0  1  0  0  0 ]  [ 0  0  0  0  1 ]  [ 0  0  1  0  0 ]  [ 0  0  0  0  1 ]  [ 0  1  0  0  0 ]  [ 0  1  0  0  0 ]  [ 0  0  0  1  0 ]  [ 0  0  0  0  1 ]  [ 0  0  0  0  1 ]  [ 0  1  0  0  0 ]  [ 0  0  0  0  1 ]  [ 0  0  0  1  0 ]  [ 0  0  0  0  1 ]  [ 0  0  1  0  0 ]  [ 0  0  1  0  0 ]  [ 0  1  0  0  0 ]  [ 1  0  0  0  0 ]  [ 0  0  0  0  1 ]  [ 0  0  0  1  0 ]  [ 0  0  1  0  0 ]  [ 0  0  0  0  1 ]  [ 1  0  0  0  0 ]  [ 0  1  0  0  0 ]  [ 0  0  0  0  1 ]  [ 1  0  0  0  0 ]  [ 0  0  0  1  0 ]  [ 0  0  0  0  1 ]  [ 1  0  0  0  0 ]  [ 0  0  0  0  1 ]  [ 0  0  0  0  1 ]  [ 0  0  0  1  0 ]  [ 0  0  0  0  1 ]  [ 1  0  0  0  0 ]  [ 0  0  1  0  0 ]  [ 0  1  0  0  0 ]  [ 1  0  0  0  0 ]  [ 1  0  0  0  0 ]  [ 0  1  0  0  0 ]  [ 1  0  0  0  0 ]  [ 0  0  0  0  1 ]  [ 0  0  0  0  1 ]  [ 0  0  0  0  1 ]  [ 0  0  1  0  0 ]  [ 1  0  0  0  0 ]  [ 0  0  0  0  1 ]  [ 0  0  1  0  0 ]  [ 0  0  0  0  1 ]  [ 0  0  0  0  1 ]  [ 0  0  0  1  0 ]  [ 0  0  0  1  0 ]  [ 0  0  0  0  1 ]  [ 0  1  0  0  0 ]  [ 0  1  0  0  0 ]  [ 0  0  0  0  1 ]  [ 0  0  1  0  0 ]  [ 0  0  0  1  0 ]  [ 0  0  1  0  0 ]  [ 0  0  0  0  1 ]  [ 1  0  0  0  0 ]  [ 0  1  0  0  0 ]  [ 0  1  0  0  0 ]  [ 1  0  0  0  0 ]  [ 0  0  0  1  0 ]  [ 1  0  0  0  0 ]  [ 0  1  0  0  0 ]  [ 0  0  1  0  0 ]  [ 0  0  1  0  0 ]  [ 0  0  1  0  0 ]  [ 0  1  0  0  0 ]  [ 0  0  0  1  0 ]  [ 0  0  1  0  0 ]  [ 0  1  0  0  0 ]  [ 0  0  0  1  0 ]  [ 0  0  1  0  0 ]  [ 0  0  1  0  0 ]  [ 0  0  0  0  1 ]  [ 0  0  1  0  0 ]  [ 0  0  0  1  0 ]  [ 0  1  0  0  0 ]  [ 0  0  0  0  1 ]  [ 0  0  0  1  0 ]  [ 0  0  0  0  1 ]  [ 0  0  1  0  0 ]  [ 0  0  0  1  0 ]  [ 0  0  0  0  1 ]  [ 0  0  1  0  0 ]  [ 0  0  1  0  0 ]  [ 1  0  0  0  0 ]  [ 0  0  0  0  1 ]  [ 0  0  0  1  0 ]  [ 0  1  0  0  0 ]  [ 1  0  0  0  0 ]  [ 0  0  1  0  0 ]  [ 0  0  1  0  0 ]  [ 0  0  1  0  0 ]  [ 0  1  0  0  0 ]  [ 0  0  1  0  0 ]  [ 0  1  0  0  0 ]  [ 0  1  0  0  0 ]  [ 0  0  0  0  1 ]  [ 0  0  0  1  0 ]  [ 1  0  0  0  0 ]  [ 0  1  0  0  0 ]  [ 0  0  0  0  1 ]  [ 0  0  0  1  0 ]  [ 0  1  0  0  0 ]  [ 0  0  0  1  0 ]  [ 0  0  0  0  1 ]  [ 0  0  0  1  0 ]  [ 0  1  0  0  0 ]  [ 0  0  1  0  0 ]  [ 0  0  0  1  0 ]  [ 1  0  0  0  0 ]  [ 1  0  0  0  0 ]  [ 0  0  0  1  0 ]  [ 1  0  0  0  0 ]  [ 0  0  0  1  0 ]  [ 1  0  0  0  0 ]  [ 0  1  0  0  0 ]  [ 0  0  0  0  1 ]  [ 0  0  0  1  0 ]  [ 0  0  1  0  0 ]  [ 1  0  0  0  0 ]  [ 0  0  1  0  0 ]  [ 1  0  0  0  0 ]  [ 1  0  0  0  0 ]  [ 0  0  0  0  1 ]  [ 0  0  1  0  0 ]  [ 1  0  0  0  0 ]  [ 1  0  0  0  0 ]  [ 0  1  0  0  0 ]  [ 0  0  0  0  1 ]  [ 0  0  0  1  0 ]  [ 0  0  0  1  0 ]  [ 0  0  0  1  0 ]  [ 0  1  0  0  0 ]  [ 0  0  0  0  1 ]  [ 0  0  1  0  0 ]  [ 0  0  1  0  0 ]  [ 0  1  0  0  0 ]  [ 0  0  0  1  0 ]  [ 0  0  0  0  1 ]  [ 0  0  0  1  0 ]  [ 1  0  0  0  0 ]  [ 1  0  0  0  0 ]  [ 0  0  1  0  0 ]  [ 0  0  0  1  0 ]  [ 0  0  0  1  0 ]  [ 1  0  0  0  0 ]  [ 0  1  0  0  0 ]  [ 0  0  0  1  0 ]  [ 0  0  0  1  0 ]  [ 0  1  0  0  0 ]  [ 1  0  0  0  0 ]  [ 1  0  0  0  0 ]  [ 0  0  0  1  0 ]  [ 1  0  0  0  0 ]  [ 0  1  0  0  0 ]  [ 0  0  0  0  1 ]  [ 1  0  0  0  0 ]  [ 0  0  0  1  0 ]  [ 0  1  0  0  0 ]  [ 0  0  1  0  0 ]  [ 0  0  1  0  0 ]  [ 1  0  0  0  0 ]  [ 0  0  0  1  0 ]  [ 0  1  0  0  0 ]  [ 0  1  0  0  0 ]  [ 1  0  0  0  0 ]  [ 0  0  0  1  0 ]  [ 0  0  0  1  0 ]  [ 0  0  0  1  0 ]  [ 1  0  0  0  0 ]  [ 0  1  0  0  0 ]  [ 1  0  0  0  0 ]  [ 1  0  0  0  0 ]  [ 0  0  1  0  0 ]  [ 0  0  0  0  1 ]  [ 0  0  1  0  0 ]  [ 0  0  1  0  0 ]  [ 0  0  1  0  0 ]  [ 1  0  0  0  0 ]  [ 0  1  0  0  0 ]  [ 1  0  0  0  0 ]  [ 0  0  0  1  0 ]  [ 0  1  0  0  0 ]  [ 0  1  0  0  0 ]  [ 0  0  0  1  0 ]  [ 0  0  0  0  1 ]  [ 0  0  0  1  0 ]  [ 0  0  1  0  0 ]  [ 0  0  0  1  0 ]  [ 1  0  0  0  0 ]  [ 0  0  0  0  1 ]  [ 1  0  0  0  0 ]  [ 0  0  0  0  1 ]  [ 0  0  0  1  0 ]  [ 0  1  0  0  0 ]  [ 1  0  0  0  0 ]  [ 0  0  1  0  0 ]  [ 0  1  0  0  0 ]  [ 0  0  1  0  0 ]  [ 0  0  1  0  0 ]  [ 1  0  0  0  0 ]  [ 0  0  1  0  0 ]  [ 0  0  0  1  0 ]  [ 1  0  0  0  0 ]  [ 0  0  0  0  1 ]  [ 0  0  1  0  0 ]  [ 0  0  1  0  0 ]  [ 0  0  0  1  0 ]  [ 0  1  0  0  0 ]  [ 0  0  1  0  0 ]  [ 1  0  0  0  0 ]  [ 0  0  0  1  0 ]  [ 1  0  0  0  0 ]  [ 1  0  0  0  0 ]  [ 0  0  0  1  0 ]  [ 0  0  0  1  0 ]  [ 0  0  0  0  1 ]  [ 0  0  1  0  0 ]  [ 0  1  0  0  0 ]  [ 0  0  1  0  0 ]  [ 0  0  1  0  0 ]  [ 1  0  0  0  0 ]  [ 0  0  0  1  0 ]  [ 0  0  0  0  1 ]  [ 0  0  0  0  1 ]  [ 0  0  0  1  0 ]  [ 0  0  1  0  0 ]  [ 1  0  0  0  0 ]  [ 1  0  0  0  0 ]  [ 1  0  0  0  0 ]  [ 0  0  1  0  0 ]  [ 0  0  0  1  0 ]  [ 0  1  0  0  0 ]  [ 1  0  0  0  0 ]  [ 0  0  0  0  1 ]  [ 0  1  0  0  0 ]  [ 0  1  0  0  0 ]  [ 0  0  0  1  0 ]  [ 0  0  0  0  1 ]  [ 0  0  0  1  0 ]  [ 0  0  0  1  0 ]  [ 0  0  1  0  0 ]  [ 0  0  0  1  0 ]  [ 1  0  0  0  0 ]  [ 0  0  0  0  1 ]  [ 0  1  0  0  0 ]  [ 0  1  0  0  0 ]  [ 1  0  0  0  0 ]  [ 0  0  0  1  0 ]  [ 0  0  0  1  0 ]  [ 0  0  0  1  0 ]  [ 0  0  0  1  0 ]  [ 1  0  0  0  0 ]  [ 1  0  0  0  0 ]  [ 0  0  0  1  0 ]  [ 0  0  0  1  0 ]  [ 0  0  0  0  1 ]  [ 0  0  0  0  1 ]  [ 0  0  0  0  1 ]  [ 0  0  0  1  0 ]  [ 0  0  1  0  0 ]  [ 0  0  0  1  0 ]  [ 0  0  1  0  0 ]  [ 0  0  0  0  1 ]  [ 0  0  1  0  0 ]  [ 0  0  1  0  0 ]  [ 0  1  0  0  0 ]  [ 0  0  0  1  0 ]  [ 0  1  0  0  0 ]  [ 0  0  0  0  1 ]  [ 1  0  0  0  0 ]  [ 0  0  1  0  0 ]  [ 0  0  0  0  1 ]  [ 0  1  0  0  0 ]  [ 0  0  1  0  0 ]  [ 1  0  0  0  0 ]  [ 0  0  1  0  0 ]  [ 0  1  0  0  0 ]  [ 1  0  0  0  0 ]  [ 1  0  0  0  0 ]  [ 0  0  0  1  0 ]  [ 0  0  1  0  0 ]  [ 0  0  0  0  1 ]  [ 1  0  0  0  0 ]  [ 0  0  0  1  0 ]  [ 1  0  0  0  0 ]  [ 0  0  1  0  0 ]  [ 1  0  0  0  0 ]  [ 0  0  1  0  0 ]  [ 0  0  0  1  0 ]  [ 1  0  0  0  0 ]  [ 1  0  0  0  0 ]  [ 1  0  0  0  0 ]  [ 1  0  0  0  0 ]  [ 0  1  0  0  0 ]  [ 0  1  0  0  0 ]  [ 0  0  1  0  0 ]  [ 0  0  0  0  1 ]  [ 0  0  1  0  0 ]  [ 0  1  0  0  0 ]  [ 0  1  0  0  0 ]  [ 0  0  0  1  0 ]  [ 0  0  1  0  0 ]  [ 1  0  0  0  0 ]  [ 1  0  0  0  0 ]  [ 0  0  0  0  1 ]  [ 0  0  0  0  1 ]  [ 1  0  0  0  0 ]  [ 0  0  0  0  1 ]  [ 0  0  0  1  0 ]  [ 0  0  0  1  0 ]  [ 0  0  0  1  0 ]  [ 0  0  1  0  0 ]  [ 0  1  0  0  0 ]  [ 0  0  0  0  1 ]  [ 0  0  0  0  1 ]  [ 0  0  1  0  0 ]  [ 0  0  0  1  0 ]  [ 0  0  1  0  0 ]  [ 0  0  1  0  0 ]  [ 0  0  0  1  0 ]  [ 1  0  0  0  0 ]  [ 0  0  0  1  0 ]  [ 0  0  0  0  1 ]  [ 0  1  0  0  0 ]  [ 0  0  0  1  0 ]  [ 0  0  1  0  0 ]  [ 0  0  0  0  1 ]  [ 0  0  0  0  1 ]  [ 0  1  0  0  0 ]  [ 0  0  0  0  1 ]  [ 0  1  0  0  0 ]  [ 0  1  0  0  0 ]  [ 0  0  0  1  0 ]  [ 0  0  0  0  1 ]  [ 0  0  0  0  1 ]  [ 0  0  0  1  0 ]  [ 0  0  0  0  1 ]  [ 0  0  0  0  1 ]  [ 1  0  0  0  0 ]  [ 1  0  0  0  0 ]  [ 0  0  0  1  0 ]  [ 0  1  0  0  0 ]  [ 0  0  1  0  0 ]  [ 0  0  1  0  0 ]  [ 0  0  0  0  1 ]  [ 1  0  0  0  0 ]  [ 0  0  1  0  0 ]  [ 0  1  0  0  0 ]  [ 1  0  0  0  0 ]  [ 0  0  0  1  0 ]  [ 0  1  0  0  0 ]  [ 1  0  0  0  0 ]  [ 0  0  0  1  0 ]  [ 0  1  0  0  0 ]  [ 0  1  0  0  0 ]  [ 0  0  0  0  1 ]  [ 1  0  0  0  0 ]  [ 1  0  0  0  0 ]  [ 1  0  0  0  0 ]  [ 0  0  0  0  1 ]  [ 0  0  1  0  0 ]  [ 0  0  0  1  0 ]  [ 0  0  0  1  0 ]  [ 0  0  0  0  1 ]  [ 0  1  0  0  0 ]  [ 0  0  1  0  0 ]  [ 0  1  0  0  0 ]  [ 0  1  0  0  0 ]  [ 0  0  0  1  0 ]  [ 0  0  0  0  1 ]  [ 0  0  1  0  0 ]  [ 0  1  0  0  0 ]  [ 0  0  1  0  0 ]  [ 1  0  0  0  0 ]  [ 1  0  0  0  0 ]  [ 0  1  0  0  0 ]  [ 0  0  0  1  0 ]  [ 1  0  0  0  0 ]  [ 1  0  0  0  0 ]  [ 0  0  1  0  0 ]  [ 0  1  0  0  0 ]  [ 1  0  0  0  0 ]  [ 0  1  0  0  0 ]  [ 0  1  0  0  0 ]  [ 0  0  0  0  1 ]  [ 1  0  0  0  0 ]  [ 1  0  0  0  0 ]  [ 0  0  0  1  0 ]  [ 1  0  0  0  0 ]  [ 0  0  0  0  1 ]  [ 0  0  1  0  0 ]  [ 0  0  0  1  0 ]  [ 0  0  1  0  0 ]  [ 1  0  0  0  0 ]  [ 1  0  0  0  0 ]  [ 0  0  1  0  0 ]  [ 0  1  0  0  0 ]  [ 0  0  0  0  1 ]  [ 0  0  1  0  0 ]  [ 0  0  0  1  0 ]  [ 0  0  0  1  0 ]  [ 0  1  0  0  0 ]  [ 0  0  1  0  0 ]  [ 0  0  1  0  0 ]  [ 0  0  0  0  1 ]  [ 0  0  1  0  0 ]  [ 0  1  0  0  0 ]  [ 0  1  0  0  0 ]  [ 1  0  0  0  0 ]  [ 0  0  0  1  0 ]  [ 0  0  0  1  0 ]  [ 0  0  0  0  1 ]  [ 0  0  0  1  0 ]  [ 0  0  0  0  1 ]  [ 0  0  0  1  0 ]  [ 0  1  0  0  0 ]  [ 0  1  0  0  0 ]  [ 1  0  0  0  0 ]  [ 1  0  0  0  0 ]  [ 0  0  0  0  1 ]  [ 0  0  0  0  1 ]  [ 1  0  0  0  0 ]  [ 0  1  0  0  0 ]  [ 0  0  0  0  1 ]  [ 0  0  0  1  0 ]  [ 0  0  0  1  0 ]  [ 0  0  1  0  0 ]  [ 1  0  0  0  0 ]  [ 0  0  1  0  0 ]  [ 0  1  0  0  0 ]  [ 0  0  0  0  1 ]  [ 1  0  0  0  0 ]  [ 0  1  0  0  0 ]  [ 1  0  0  0  0 ]  [ 0  0  1  0  0 ]  [ 0  0  0  0  1 ]  [ 0  0  0  0  1 ]  [ 0  0  0  1  0 ]  [ 0  0  0  0  1 ]  [ 0  0  0  1  0 ]  [ 0  0  0  0  1 ]  [ 0  0  1  0  0 ]  [ 0  0  0  0  1 ]  [ 0  0  0  0  1 ]  [ 0  0  0  1  0 ]  [ 0  0  0  1  0 ]  [ 0  1  0  0  0 ]  [ 0  1  0  0  0 ]  [ 0  0  0  0  1 ]  [ 0  1  0  0  0 ]  [ 0  0  0  1  0 ]  [ 0  0  0  1  0 ]  [ 0  0  1  0  0 ]  [ 0  0  0  1  0 ]  [ 0  0  0  0  1 ]  [ 1  0  0  0  0 ]  [ 1  0  0  0  0 ]  [ 0  0  0  0  1 ]  [ 1  0  0  0  0 ]  [ 0  0  0  0  1 ]  [ 1  0  0  0  0 ]  [ 0  0  0  0  1 ]  [ 0  1  0  0  0 ]  [ 1  0  0  0  0 ]  [ 0  0  0  1  0 ]  [ 0  0  1  0  0 ]  [ 0  1  0  0  0 ]  [ 0  0  0  0  1 ]  [ 0  0  0  1  0 ]  [ 0  0  1  0  0 ]  [ 0  0  0  1  0 ]  [ 0  0  0  0  1 ]  [ 0  0  0  0  1 ]  [ 1  0  0  0  0 ]  [ 0  0  0  0  1 ]  [ 0  1  0  0  0 ]  [ 1  0  0  0  0 ]  [ 0  1  0  0  0 ]  [ 0  0  0  0  1 ]  [ 0  1  0  0  0 ]  [ 0  1  0  0  0 ]  [ 0  1  0  0  0 ]  [ 0  1  0  0  0 ]  [ 0  0  0  0  1 ]  [ 0  1  0  0  0 ]  [ 0  1  0  0  0 ]  [ 1  0  0  0  0 ]  [ 0  1  0  0  0 ]  [ 1  0  0  0  0 ]  [ 0  1  0  0  0 ]  [ 1  0  0  0  0 ]  [ 0  1  0  0  0 ]  [ 0  0  0  1  0 ]  [ 0  0  0  1  0 ]  [ 0  1  0  0  0 ]  [ 1  0  0  0  0 ]  [ 0  0  0  0  1 ]  [ 0  0  1  0  0 ]  [ 1  0  0  0  0 ]  [ 0  0  0  0  1 ]  [ 0  0  0  0  1 ]  [ 0  0  1  0  0 ]  [ 0  0  0  0  1 ]  [ 0  1  0  0  0 ]  [ 0  0  0  0  1 ]  [ 0  0  0  1  0 ]  [ 0  1  0  0  0 ]  [ 0  0  1  0  0 ]  [ 0  0  0  0  1 ]  [ 1  0  0  0  0 ]  [ 0  1  0  0  0 ]  [ 0  0  0  0  1 ]  [ 0  1  0  0  0 ]  [ 0  1  0  0  0 ]  [ 0  0  0  1  0 ]  [ 0  0  0  1  0 ]  [ 1  0  0  0  0 ]  [ 0  0  0  1  0 ]  [ 0  0  1  0  0 ]  [ 1  0  0  0  0 ]  [ 0  0  0  0  1 ]  [ 0  0  0  1  0 ]  [ 0  0  0  0  1 ]  [ 0  1  0  0  0 ]  [ 0  0  1  0  0 ]  [ 0  1  0  0  0 ]  [ 0  1  0  0  0 ]  [ 1  0  0  0  0 ]  [ 0  0  0  1  0 ]  [ 0  1  0  0  0 ]  [ 0  0  0  1  0 ]  [ 0  0  0  0  1 ]  [ 0  0  1  0  0 ]  [ 0  1  0  0  0 ]  [ 1  0  0  0  0 ]  [ 0  0  0  1  0 ]  [ 0  0  0  1  0 ]  [ 1  0  0  0  0 ]  [ 0  1  0  0  0 ]  [ 1  0  0  0  0 ]  [ 0  0  1  0  0 ]  [ 1  0  0  0  0 ]  [ 0  1  0  0  0 ]  [ 0  0  0  1  0 ]  [ 0  0  0  0  1 ]  [ 0  1  0  0  0 ]  [ 0  1  0  0  0 ]  [ 0  0  1  0  0 ]  [ 0  1  0  0  0 ]  [ 0  0  1  0  0 ]  [ 1  0  0  0  0 ]  [ 0  0  0  0  1 ]  [ 1  0  0  0  0 ]  [ 0  1  0  0  0 ]  [ 0  1  0  0  0 ]  [ 0  0  0  1  0 ]  [ 0  0  0  0  1 ]  [ 0  0  1  0  0 ]  [ 0  0  1  0  0 ]  [ 0  1  0  0  0 ]  [ 0  0  0  1  0 ]  [ 0  1  0  0  0 ]  [ 0  0  0  1  0 ]  [ 0  1  0  0  0 ]  [ 0  1  0  0  0 ]  [ 0  0  0  1  0 ]  [ 0  0  1  0  0 ]  [ 0  0  0  1  0 ]  [ 0  0  0  0  1 ]  [ 0  0  1  0  0 ]  [ 0  0  1  0  0 ]  [ 0  0  1  0  0 ]  [ 0  0  0  0  1 ]  [ 1  0  0  0  0 ]  [ 0  0  0  1  0 ]  [ 0  0  1  0  0 ]  [ 0  1  0  0  0 ]  [ 1  0  0  0  0 ]  [ 1  0  0  0  0 ]  [ 0  1  0  0  0 ]  [ 0  0  0  1  0 ]  [ 1  0  0  0  0 ]  [ 0  0  1  0  0 ]  [ 0  1  0  0  0 ]  [ 0  0  1  0  0 ]  [ 0  0  0  1  0 ]  [ 0  0  0  0  1 ]  [ 0  0  0  1  0 ]  [ 0  0  1  0  0 ]  [ 0  0  0  1  0 ]  [ 1  0  0  0  0 ]  [ 0  0  0  0  1 ]  [ 0  0  0  0  1 ]  [ 0  0  0  1  0 ]  [ 0  1  0  0  0 ]  [ 0  0  0  1  0 ]  [ 0  0  0  0  1 ]  [ 1  0  0  0  0 ]  [ 1  0  0  0  0 ]  [ 0  0  1  0  0 ]  [ 0  1  0  0  0 ]  [ 1  0  0  0  0 ]  [ 0  0  0  1  0 ]  [ 0  0  0  1  0 ]  [ 0  0  0  0  1 ]  [ 1  0  0  0  0 ]  [ 0  0  0  1  0 ]  [ 1  0  0  0  0 ]  [ 0  1  0  0  0 ]  [ 0  0  1  0  0 ]  [ 1  0  0  0  0 ]  [ 0  0  1  0  0 ]  [ 0  0  1  0  0 ]  [ 0  1  0  0  0 ]  [ 0  0  1  0  0 ]  [ 0  0  0  1  0 ]  [ 0  0  1  0  0 ]  [ 0  0  0  0  1 ]  [ 1  0  0  0  0 ]  [ 1  0  0  0  0 ]  [ 0  0  1  0  0 ]  [ 0  0  1  0  0 ]  [ 1  0  0  0  0 ]  [ 0  0  1  0  0 ]  [ 0  0  0  1  0 ]  [ 0  0  1  0  0 ]  [ 0  0  1  0  0 ]  [ 0  0  1  0  0 ]  [ 0  1  0  0  0 ]  [ 0  1  0  0  0 ]  [ 0  1  0  0  0 ]  [ 1  0  0  0  0 ]  [ 0  1  0  0  0 ]  [ 0  0  0  1  0 ]  [ 0  1  0  0  0 ]  [ 1  0  0  0  0 ]  [ 0  1  0  0  0 ]  [ 0  0  0  1  0 ]  [ 0  0  1  0  0 ]  [ 1  0  0  0  0 ]  [ 0  0  0  0  1 ]  [ 0  0  0  1  0 ]  [ 0  1  0  0  0 ]  [ 0  0  0  0  1 ]  [ 0  0  0  0  1 ]  [ 0  0  1  0  0 ]  [ 0  0  0  1  0 ]  [ 0  0  0  0  1 ]  [ 0  0  1  0  0 ]  [ 1  0  0  0  0 ]  [ 0  0  0  0  1 ]  [ 0  1  0  0  0 ]  [ 0  1  0  0  0 ]  [ 0  1  0  0  0 ]  [ 0  1  0  0  0 ]  [ 0  1  0  0  0 ]  [ 0  0  0  1  0 ]  [ 1  0  0  0  0 ]  [ 0  0  1  0  0 ]  [ 1  0  0  0  0 ]  [ 1  0  0  0  0 ]  [ 1  0  0  0  0 ]  [ 0  0  1  0  0 ]  [ 0  0  1  0  0 ]  [ 1  0  0  0  0 ]  [ 0  0  0  0  1 ]  [ 0  0  0  1  0 ]  [ 1  0  0  0  0 ]  [ 0  0  1  0  0 ]  [ 0  0  0  0  1 ]  [ 0  0  0  0  1 ]  [ 0  0  1  0  0 ]  [ 0  0  0  1  0 ]  [ 0  1  0  0  0 ]  [ 1  0  0  0  0 ]  [ 0  0  1  0  0 ]  [ 0  0  0  0  1 ]  [ 0  0  1  0  0 ]  [ 1  0  0  0  0 ]  [ 0  0  1  0  0 ]  [ 0  0  1  0  0 ]  [ 0  0  0  1  0 ]  [ 0  1  0  0  0 ]  [ 0  0  0  1  0 ]  [ 0  0  1  0  0 ]  [ 0  1  0  0  0 ]  [ 1  0  0  0  0 ]  [ 1  0  0  0  0 ]  [ 0  0  0  1  0 ]  [ 0  0  0  0  1 ]  [ 0  0  0  1  0 ]  [ 0  0  0  0  1 ]  [ 0  0  0  1  0 ]  [ 0  0  0  1  0 ]  [ 0  1  0  0  0 ]  [ 1  0  0  0  0 ]  [ 0  0  0  0  1 ]  [ 0  0  1  0  0 ]  [ 0  1  0  0  0 ]  [ 0  0  0  0  1 ]  [ 1  0  0  0  0 ]  [ 0  1  0  0  0 ]  [ 1  0  0  0  0 ]  [ 0  1  0  0  0 ]  [ 0  0  0  0  1 ]  [ 1  0  0  0  0 ]  [ 1  0  0  0  0 ]  [ 0  0  0  1  0 ]  [ 0  0  1  0  0 ]  [ 0  0  0  1  0 ]  [ 0  0  0  0  1 ]  [ 0  0  1  0  0 ]  [ 0  0  0  1  0 ]  [ 0  0  0  0  1 ]  [ 0  0  1  0  0 ]  [ 1  0  0  0  0 ]  [ 0  1  0  0  0 ]  [ 0  0  0  1  0 ]  [ 0  0  0  1  0 ]  [ 0  0  0  1  0 ]  [ 0  0  0  1  0 ]  [ 0  1  0  0  0 ]  [ 0  0  0  0  1 ]  [ 0  0  0  0  1 ]  [ 0  0  1  0  0 ]  [ 1  0  0  0  0 ]  [ 0  0  0  1  0 ]  [ 0  0  0  1  0 ]  [ 0  0  1  0  0 ]  [ 1  0  0  0  0 ]  [ 0  0  0  0  1 ]  [ 1  0  0  0  0 ]  [ 1  0  0  0  0 ]  [ 1  0  0  0  0 ]  [ 1  0  0  0  0 ]  [ 1  0  0  0  0 ]  [ 1  0  0  0  0 ]  [ 1  0  0  0  0 ]  [ 0  0  1  0  0 ]  [ 0  0  0  0  1 ]  [ 0  0  0  0  1 ]  [ 1  0  0  0  0 ]  [ 0  1  0  0  0 ]  [ 0  1  0  0  0 ]  [ 0  1  0  0  0 ]  [ 0  0  0  1  0 ]  [ 1  0  0  0  0 ]  [ 0  1  0  0  0 ]  [ 0  0  0  0  1 ]  [ 0  0  0  0  1 ]  [ 1  0  0  0  0 ]  [ 0  0  0  0  1 ]  [ 0  0  1  0  0 ]  [ 0  0  1  0  0 ]  [ 0  1  0  0  0 ]  [ 0  0  0  0  1 ]  [ 1  0  0  0  0 ]  [ 0  0  1  0  0 ]  [ 0  0  0  0  1 ]  [ 0  1  0  0  0 ]  [ 0  0  1  0  0 ]  [ 0  0  1  0  0 ]  [ 0  0  0  0  1 ]  [ 0  0  0  1  0 ]  [ 0  0  1  0  0 ]  [ 0  0  0  1  0 ]  [ 0  1  0  0  0 ]  [ 0  0  0  0  1 ]  [ 0  0  1  0  0 ]  [ 0  0  1  0  0 ]  [ 1  0  0  0  0 ]  [ 0  1  0  0  0 ]  [ 0  0  1  0  0 ]  [ 1  0  0  0  0 ]  [ 0  0  1  0  0 ]  [ 0  0  0  1  0 ]  [ 1  0  0  0  0 ]  [ 0  1  0  0  0 ]  [ 0  0  0  1  0 ]  [ 1  0  0  0  0 ]  [ 0  0  0  0  1 ]  [ 1  0  0  0  0 ]  [ 1  0  0  0  0 ]  [ 0  0  0  0  1 ]  [ 0  1  0  0  0 ]  [ 0  0  0  0  1 ]  [ 1  0  0  0  0 ]  [ 0  1  0  0  0 ]  [ 0  1  0  0  0 ]  [ 1  0  0  0  0 ]  [ 1  0  0  0  0 ]  [ 0  0  0  1  0 ]  [ 0  0  0  1  0 ]  [ 0  1  0  0  0 ]  [ 0  1  0  0  0 ]  [ 0  0  0  0  1 ]  [ 0  0  0  0  1 ]  [ 0  0  0  0  1 ]  [ 1  0  0  0  0 ]  [ 0  1  0  0  0 ]  [ 0  0  0  0  1 ]  [ 0  0  1  0  0 ]  [ 1  0  0  0  0 ]  [ 0  0  0  0  1 ]  [ 0  0  1  0  0 ]  [ 0  0  0  1  0 ]  [ 0  1  0  0  0 ]  [ 0  0  1  0  0 ]  [ 0  0  1  0  0 ]  [ 0  0  0  1  0 ]  [ 1  0  0  0  0 ]  [ 0  1  0  0  0 ]  [ 1  0  0  0  0 ]  [ 0  0  0  0  1 ]  [ 0  0  0  0  1 ]  [ 0  0  0  0  1 ]  [ 0  0  0  0  1 ]  [ 0  0  0  0  1 ]  [ 1  0  0  0  0 ]  [ 1  0  0  0  0 ]  [ 0  0  0  0  1 ]  [ 0  1  0  0  0 ]  [ 0  0  0  1  0 ]  [ 0  0  0  1  0 ]  [ 0  0  0  0  1 ]  [ 0  0  0  0  1 ]  [ 0  0  0  0  1 ]  [ 1  0  0  0  0 ]  [ 0  0  1  0  0 ]  [ 0  1  0  0  0 ]  [ 1  0  0  0  0 ]  [ 0  1  0  0  0 ]  [ 0  0  0  0  1 ]  [ 0  0  0  1  0 ]  [ 0  0  0  0  1 ]  [ 1  0  0  0  0 ]  [ 1  0  0  0  0 ]  [ 0  1  0  0  0 ]  [ 1  0  0  0  0 ]  [ 1  0  0  0  0 ]  [ 1  0  0  0  0 ]  [ 0  0  0  1  0 ]  [ 0  0  0  0  1 ]  [ 0  1  0  0  0 ]  [ 0  0  0  1  0 ]  [ 0  1  0  0  0 ]  [ 0  0  0  0  1 ]  [ 0  0  0  1  0 ]  [ 0  0  0  0  1 ]  [ 0  0  1  0  0 ]  [ 0  0  0  1  0 ]  [ 0  0  0  0  1 ]  [ 0  0  1  0  0 ]  [ 0  0  1  0  0 ]  [ 0  0  0  1  0 ]  [ 1  0  0  0  0 ]  [ 0  0  0  0  1 ]  [ 0  0  0  1  0 ]  [ 1  0  0  0  0 ]  [ 0  0  0  1  0 ]  [ 0  0  0  0  1 ]  [ 0  1  0  0  0 ]  [ 0  1  0  0  0 ]  [ 0  0  0  0  1 ]  [ 0  1  0  0  0 ]  [ 0  0  0  0  1 ]  [ 0  1  0  0  0 ]  [ 0  0  0  0  1 ]  [ 1  0  0  0  0 ]  [ 0  1  0  0  0 ]  [ 0  0  1  0  0 ]  [ 0  0  1  0  0 ]  [ 1  0  0  0  0 ]  [ 0  0  0  1  0 ]  [ 0  0  1  0  0 ]  [ 0  0  0  1  0 ]  [ 0  0  0  0  1 ]  [ 1  0  0  0  0 ]  [ 0  0  0  1  0 ]  [ 0  1  0  0  0 ]  [ 1  0  0  0  0 ]  [ 0  0  1  0  0 ]  [ 0  1  0  0  0 ]  [ 1  0  0  0  0 ]  [ 0  0  0  0  1 ]  [ 0  0  0  0  1 ]  [ 0  0  0  1  0 ]  [ 1  0  0  0  0 ]  [ 1  0  0  0  0 ]  [ 0  0  1  0  0 ]  [ 0  0  0  0  1 ]  [ 0  0  0  0  1 ]  [ 0  1  0  0  0 ]  [ 0  0  1  0  0 ]  [ 0  0  0  1  0 ]  [ 0  0  0  1  0 ]  [ 0  0  0  0  1 ]  [ 0  1  0  0  0 ]  [ 1  0  0  0  0 ]  [ 0  1  0  0  0 ]  [ 0  1  0  0  0 ]  [ 0  0  1  0  0 ]  [ 0  0  0  1  0 ]  [ 0  1  0  0  0 ]  [ 0  0  0  1  0 ]  [ 0  0  0  0  1 ]  [ 1  0  0  0  0 ]  [ 0  0  1  0  0 ]  [ 1  0  0  0  0 ]  [ 0  0  1  0  0 ]  [ 0  0  0  1  0 ]  [ 1  0  0  0  0 ]  [ 0  0  0  1  0 ]  [ 0  0  0  0  1 ]  [ 0  0  0  0  1 ]  [ 1  0  0  0  0 ]  [ 1  0  0  0  0 ]  [ 0  0  0  1  0 ]  [ 0  0  0  0  1 ]  [ 1  0  0  0  0 ]  [ 0  0  0  0  1 ]  [ 0  0  0  1  0 ]  [ 0  1  0  0  0 ]  [ 0  0  0  1  0 ]  [ 0  0  0  0  1 ]  [ 0  0  1  0  0 ]  [ 1  0  0  0  0 ]  [ 0  1  0  0  0 ]  [ 1  0  0  0  0 ]  [ 1  0  0  0  0 ]  [ 0  0  0  1  0 ]  [ 0  0  0  0  1 ]  [ 0  0  0  0  1 ]  [ 0  1  0  0  0 ]  [ 1  0  0  0  0 ]  [ 0  0  0  1  0 ]  [ 0  0  0  1  0 ]  [ 0  1  0  0  0 ] ];

ObjRequests = {  <1,3,183>, <2,3,74>, <3,3,23>, <4,3,15>, <5,3,24>, <6,3,9>, <7,3,5>, <8,3,50>, <9,3,10>, <10,3,26>, <11,3,24>, <12,3,8>, <13,3,4>, <14,3,27>, <15,3,62>, <16,3,11>, <17,3,8>, <18,3,5>, <19,3,5>, <20,3,7>, <21,3,12>, <22,3,4>, <23,3,1>, <24,3,3>, <25,3,10>, <26,3,6>, <27,3,2>, <28,3,14>, <29,3,4>, <30,3,4>, <31,3,8>, <32,3,21>, <33,3,7>, <34,3,1>, <35,3,8>, <36,3,4>, <37,3,1>, <38,3,3>, <39,3,12>, <42,3,1>, <43,3,3>, <44,3,10>, <45,3,6>, <47,3,4>, <48,3,3>, <49,3,11>, <52,3,2>, <54,3,8>, <56,3,4>, <57,3,6>, <58,3,1>, <59,3,9>, <60,3,4>, <61,3,2>, <62,3,1>, <63,3,2>, <64,3,4>, <66,3,1>, <67,3,1>, <68,3,4>, <69,3,9>, <70,3,2>, <71,3,1>, <75,3,5>, <77,3,4>, <78,3,10>, <79,3,1>, <80,3,3>, <81,3,1>, <83,3,1>, <84,3,2>, <85,3,3>, <87,3,9>, <88,3,4>, <89,3,1>, <90,3,1>, <91,3,4>, <92,3,2>, <93,3,5>, <94,3,2>, <95,3,2>, <96,3,5>, <97,3,6>, <98,3,6>, <99,3,2>, <102,3,3>, <103,3,2>, <105,3,2>, <106,3,1>, <107,3,1>, <108,3,2>, <110,3,3>, <111,3,4>, <113,3,1>, <114,3,6>, <115,3,3>, <116,3,1>, <117,3,1>, <118,3,2>, <119,3,1>, <120,3,2>, <121,3,2>, <122,3,2>, <123,3,1>, <125,3,1>, <126,3,2>, <128,3,1>, <131,3,3>, <132,3,1>, <136,3,1>, <137,3,1>, <140,3,1>, <144,3,2>, <146,3,1>, <147,3,1>, <149,3,1>, <150,3,4>, <151,3,2>, <153,3,1>, <154,3,2>, <155,3,1>, <159,3,3>, <160,3,2>, <163,3,1>, <164,3,1>, <166,3,1>, <167,3,1>, <168,3,2>, <169,3,1>, <171,3,1>, <172,3,1>, <174,3,2>, <176,3,3>, <178,3,1>, <179,3,1>, <180,3,2>, <182,3,1>, <183,3,1>, <184,3,1>, <186,3,1>, <187,3,2>, <188,3,1>, <191,3,1>, <193,3,1>, <195,3,1>, <196,3,1>, <197,3,2>, <198,3,1>, <199,3,2>, <200,3,1>, <201,3,1>, <205,3,1>, <206,3,1>, <207,3,1>, <208,3,1>, <211,3,1>, <212,3,2>, <213,3,1>, <214,3,1>, <215,3,1>, <217,3,1>, <218,3,1>, <219,3,1>, <222,3,3>, <223,3,3>, <225,3,2>, <227,3,1>, <228,3,2>, <229,3,1>, <230,3,2>, <235,3,1>, <237,3,1>, <238,3,1>, <239,3,2>, <240,3,1>, <242,3,1>, <245,3,1>, <246,3,1>, <249,3,1>, <250,3,1>, <253,3,2>, <258,3,1>, <260,3,1>, <261,3,1>, <262,3,1>, <263,3,1>, <267,3,1>, <268,3,2>, <271,3,1>, <275,3,1>, <277,3,1>, <278,3,1>, <280,3,1>, <283,3,1>, <284,3,2>, <285,3,1>, <287,3,1>, <289,3,2>, <291,3,1>, <292,3,2>, <299,3,3>, <300,3,1>, <302,3,1>, <303,3,1>, <307,3,1>, <308,3,2>, <310,3,1>, <319,3,1>, <323,3,2>, <328,3,1>, <331,3,1>, <332,3,1>, <333,3,1>, <335,3,2>, <336,3,1>, <337,3,2>, <338,3,1>, <340,3,1>, <343,3,1>, <346,3,1>, <347,3,3>, <348,3,1>, <352,3,2>, <364,3,1>, <366,3,1>, <367,3,1>, <368,3,1>, <369,3,2>, <371,3,1>, <376,3,1>, <382,3,1>, <383,3,1>, <389,3,3>, <404,3,1>, <413,3,1>, <416,3,1>, <417,3,1>, <419,3,1>, <421,3,1>, <429,3,2>, <435,3,1>, <438,3,1>, <440,3,1>, <443,3,1>, <445,3,2>, <448,3,1>, <449,3,1>, <450,3,1>, <451,3,1>, <458,3,1>, <462,3,1>, <466,3,2>, <471,3,1>, <474,3,1>, <480,3,1>, <492,3,1>, <493,3,1>, <494,3,1>, <495,3,1>, <497,3,1>, <498,3,1>, <502,3,1>, <504,3,2>, <505,3,1>, <508,3,1>, <509,3,1>, <512,3,1>, <513,3,1>, <514,3,1>, <520,3,2>, <521,3,1>, <525,3,1>, <529,3,1>, <534,3,1>, <551,3,1>, <552,3,1>, <559,3,2>, <560,3,3>, <563,3,1>, <564,3,1>, <568,3,1>, <573,3,2>, <582,3,1>, <589,3,1>, <592,3,1>, <604,3,1>, <608,3,1>, <609,3,1>, <613,3,1>, <616,3,1>, <621,3,1>, <623,3,1>, <625,3,1>, <627,3,1>, <642,3,1>, <657,3,1>, <664,3,1>, <671,3,1>, <679,3,1>, <681,3,1>, <696,3,1>, <700,3,1>, <702,3,1>, <716,3,1>, <739,3,1>, <741,3,1>, <742,3,1>, <754,3,2>, <757,3,1>, <759,3,1>, <770,3,1>, <779,3,1>, <798,3,2>, <802,3,1>, <806,3,1>, <807,3,1>, <808,3,1>, <815,3,1>, <816,3,1>, <821,3,1>, <840,3,1>, <861,3,1>, <863,3,1>, <875,3,1>, <876,3,1>, <883,3,1>, <885,3,1>, <894,3,1>, <909,3,1>, <914,3,1>, <915,3,1>, <916,3,1>, <926,3,1>, <928,3,1>, <938,3,1>, <946,3,1>, <951,3,1>, <956,3,1>, <960,3,1>, <969,3,1>, <984,3,1>, <991,3,1>, <992,3,1>, <1,4,104>, <2,4,35>, <3,4,38>, <4,4,37>, <5,4,16>, <6,4,2>, <7,4,56>, <8,4,7>, <9,4,34>, <10,4,40>, <11,4,1>, <12,4,27>, <13,4,17>, <14,4,15>, <15,4,2>, <16,4,14>, <17,4,4>, <18,4,15>, <19,4,10>, <20,4,6>, <21,4,1>, <23,4,5>, <24,4,27>, <25,4,10>, <26,4,25>, <27,4,3>, <28,4,8>, <29,4,3>, <30,4,1>, <31,4,1>, <32,4,4>, <33,4,3>, <34,4,3>, <35,4,2>, <36,4,5>, <37,4,4>, <38,4,3>, <39,4,5>, <40,4,2>, <41,4,7>, <44,4,1>, <45,4,4>, <47,4,1>, <48,4,15>, <49,4,3>, <50,4,1>, <51,4,2>, <52,4,2>, <53,4,1>, <54,4,3>, <56,4,1>, <57,4,6>, <58,4,1>, <60,4,1>, <61,4,2>, <63,4,4>, <64,4,1>, <65,4,1>, <66,4,3>, <67,4,1>, <68,4,1>, <70,4,2>, <71,4,2>, <72,4,2>, <73,4,4>, <76,4,4>, <78,4,1>, <80,4,2>, <81,4,6>, <82,4,4>, <83,4,1>, <84,4,2>, <85,4,5>, <87,4,1>, <89,4,4>, <90,4,1>, <91,4,6>, <92,4,2>, <93,4,1>, <94,4,3>, <95,4,1>, <96,4,1>, <102,4,2>, <103,4,2>, <104,4,1>, <105,4,3>, <109,4,3>, <110,4,2>, <111,4,1>, <113,4,3>, <115,4,1>, <117,4,2>, <118,4,1>, <119,4,1>, <120,4,1>, <121,4,3>, <122,4,1>, <123,4,1>, <126,4,1>, <127,4,1>, <128,4,2>, <129,4,2>, <131,4,1>, <132,4,1>, <134,4,2>, <135,4,1>, <136,4,1>, <137,4,1>, <139,4,1>, <142,4,3>, <143,4,1>, <144,4,3>, <145,4,2>, <146,4,2>, <147,4,4>, <148,4,1>, <149,4,2>, <150,4,1>, <152,4,1>, <154,4,1>, <155,4,2>, <156,4,2>, <157,4,2>, <159,4,1>, <160,4,1>, <163,4,1>, <164,4,1>, <166,4,1>, <169,4,2>, <170,4,1>, <171,4,1>, <172,4,2>, <174,4,2>, <176,4,2>, <177,4,1>, <178,4,1>, <179,4,1>, <180,4,1>, <183,4,1>, <186,4,1>, <187,4,1>, <188,4,2>, <190,4,1>, <191,4,2>, <192,4,1>, <193,4,1>, <194,4,1>, <197,4,2>, <198,4,2>, <199,4,1>, <203,4,2>, <206,4,1>, <209,4,1>, <213,4,2>, <215,4,1>, <217,4,1>, <220,4,1>, <221,4,1>, <223,4,1>, <225,4,1>, <229,4,3>, <235,4,1>, <236,4,1>, <237,4,2>, <238,4,2>, <242,4,1>, <245,4,2>, <246,4,1>, <249,4,1>, <250,4,2>, <251,4,1>, <252,4,1>, <254,4,1>, <257,4,2>, <259,4,1>, <260,4,2>, <261,4,1>, <263,4,2>, <264,4,2>, <266,4,1>, <273,4,1>, <274,4,1>, <275,4,1>, <277,4,1>, <281,4,1>, <284,4,1>, <285,4,2>, <286,4,1>, <290,4,3>, <293,4,1>, <297,4,3>, <302,4,2>, <303,4,1>, <304,4,1>, <305,4,1>, <310,4,1>, <311,4,1>, <312,4,1>, <313,4,3>, <315,4,1>, <318,4,1>, <320,4,1>, <325,4,1>, <327,4,1>, <329,4,1>, <333,4,1>, <334,4,1>, <335,4,1>, <337,4,1>, <339,4,1>, <340,4,2>, <343,4,1>, <345,4,1>, <349,4,1>, <352,4,1>, <353,4,1>, <354,4,1>, <355,4,1>, <364,4,1>, <366,4,1>, <367,4,3>, <379,4,2>, <386,4,1>, <389,4,1>, <390,4,1>, <392,4,1>, <394,4,1>, <397,4,1>, <400,4,1>, <407,4,1>, <408,4,2>, <413,4,1>, <415,4,1>, <417,4,1>, <420,4,1>, <421,4,1>, <430,4,1>, <435,4,1>, <442,4,1>, <445,4,1>, <446,4,1>, <448,4,1>, <452,4,1>, <453,4,1>, <457,4,1>, <467,4,1>, <469,4,2>, <472,4,1>, <475,4,1>, <476,4,1>, <477,4,2>, <484,4,1>, <493,4,1>, <494,4,1>, <495,4,1>, <499,4,1>, <500,4,1>, <505,4,1>, <509,4,2>, <512,4,1>, <515,4,1>, <522,4,1>, <525,4,1>, <538,4,1>, <548,4,1>, <556,4,3>, <557,4,1>, <558,4,1>, <563,4,1>, <573,4,2>, <574,4,1>, <582,4,1>, <584,4,1>, <592,4,1>, <613,4,1>, <626,4,1>, <628,4,1>, <634,4,1>, <646,4,1>, <649,4,1>, <650,4,1>, <651,4,1>, <652,4,1>, <655,4,1>, <660,4,1>, <664,4,1>, <666,4,1>, <668,4,1>, <673,4,2>, <677,4,1>, <685,4,1>, <696,4,1>, <698,4,1>, <700,4,1>, <701,4,1>, <706,4,1>, <724,4,1>, <727,4,1>, <740,4,1>, <744,4,2>, <746,4,1>, <764,4,1>, <770,4,1>, <782,4,1>, <787,4,1>, <791,4,1>, <795,4,1>, <796,4,1>, <799,4,1>, <807,4,1>, <813,4,1>, <818,4,1>, <821,4,1>, <822,4,1>, <841,4,2>, <863,4,1>, <875,4,2>, <885,4,1>, <894,4,1>, <895,4,1>, <896,4,1>, <900,4,1>, <901,4,1>, <907,4,1>, <912,4,1>, <929,4,1>, <938,4,4>, <939,4,1>, <941,4,1>, <946,4,1>, <969,4,1>, <972,4,1>, <992,4,1>, <993,4,1>, <1,5,132>, <2,5,184>, <3,5,27>, <4,5,100>, <5,5,20>, <6,5,14>, <7,5,2>, <8,5,13>, <9,5,18>, <10,5,8>, <11,5,38>, <13,5,40>, <14,5,5>, <15,5,7>, <16,5,12>, <17,5,8>, <18,5,13>, <19,5,18>, <20,5,17>, <21,5,8>, <22,5,9>, <24,5,7>, <25,5,4>, <26,5,7>, <27,5,19>, <28,5,1>, <29,5,4>, <30,5,5>, <31,5,8>, <32,5,9>, <33,5,21>, <34,5,3>, <35,5,7>, <36,5,14>, <37,5,2>, <38,5,6>, <39,5,3>, <40,5,14>, <41,5,8>, <42,5,3>, <43,5,5>, <44,5,3>, <45,5,2>, <46,5,12>, <47,5,1>, <48,5,5>, <49,5,1>, <50,5,1>, <51,5,9>, <52,5,4>, <53,5,1>, <54,5,1>, <55,5,5>, <56,5,4>, <57,5,13>, <58,5,4>, <59,5,2>, <60,5,4>, <61,5,6>, <62,5,8>, <63,5,3>, <64,5,5>, <65,5,1>, <66,5,1>, <67,5,5>, <68,5,1>, <69,5,2>, <70,5,3>, <72,5,3>, <73,5,1>, <74,5,5>, <75,5,1>, <79,5,4>, <80,5,6>, <81,5,1>, <82,5,1>, <83,5,4>, <85,5,1>, <87,5,1>, <88,5,1>, <90,5,2>, <91,5,1>, <92,5,6>, <93,5,1>, <94,5,5>, <95,5,1>, <96,5,1>, <97,5,3>, <98,5,1>, <99,5,1>, <100,5,2>, <101,5,2>, <103,5,1>, <104,5,4>, <105,5,1>, <106,5,3>, <107,5,5>, <108,5,4>, <110,5,1>, <111,5,2>, <112,5,1>, <115,5,3>, <118,5,1>, <120,5,2>, <121,5,1>, <122,5,2>, <124,5,1>, <126,5,1>, <128,5,3>, <129,5,1>, <132,5,1>, <133,5,1>, <135,5,1>, <136,5,1>, <137,5,1>, <139,5,2>, <140,5,2>, <142,5,1>, <143,5,3>, <144,5,2>, <145,5,3>, <147,5,1>, <148,5,2>, <149,5,1>, <150,5,1>, <154,5,2>, <156,5,1>, <157,5,1>, <159,5,1>, <160,5,1>, <161,5,1>, <164,5,1>, <166,5,1>, <167,5,2>, <169,5,1>, <170,5,1>, <172,5,2>, <177,5,1>, <178,5,1>, <179,5,1>, <180,5,1>, <181,5,1>, <182,5,1>, <184,5,2>, <186,5,1>, <187,5,2>, <190,5,2>, <193,5,1>, <194,5,2>, <195,5,1>, <196,5,1>, <197,5,2>, <199,5,1>, <200,5,1>, <202,5,3>, <203,5,1>, <204,5,2>, <212,5,1>, <213,5,2>, <214,5,1>, <215,5,2>, <217,5,1>, <218,5,1>, <219,5,2>, <221,5,1>, <222,5,1>, <225,5,1>, <226,5,1>, <230,5,1>, <231,5,2>, <232,5,1>, <233,5,1>, <236,5,2>, <239,5,1>, <240,5,1>, <242,5,1>, <245,5,2>, <247,5,1>, <249,5,1>, <250,5,1>, <251,5,1>, <252,5,1>, <255,5,1>, <258,5,2>, <259,5,1>, <261,5,1>, <262,5,1>, <263,5,3>, <267,5,1>, <268,5,1>, <272,5,2>, <276,5,1>, <278,5,1>, <282,5,1>, <284,5,1>, <285,5,3>, <286,5,1>, <292,5,1>, <293,5,2>, <299,5,2>, <300,5,2>, <304,5,1>, <305,5,3>, <307,5,2>, <308,5,1>, <313,5,2>, <318,5,1>, <319,5,1>, <321,5,1>, <328,5,2>, <329,5,1>, <334,5,1>, <337,5,2>, <338,5,2>, <341,5,1>, <345,5,2>, <347,5,1>, <350,5,1>, <351,5,1>, <352,5,1>, <355,5,1>, <359,5,1>, <365,5,1>, <368,5,2>, <372,5,1>, <376,5,1>, <377,5,1>, <379,5,1>, <383,5,1>, <388,5,1>, <389,5,2>, <391,5,1>, <394,5,1>, <399,5,1>, <400,5,1>, <405,5,1>, <407,5,1>, <408,5,1>, <413,5,1>, <415,5,1>, <417,5,2>, <418,5,1>, <421,5,1>, <422,5,1>, <424,5,1>, <427,5,2>, <429,5,1>, <430,5,1>, <435,5,2>, <438,5,1>, <444,5,2>, <453,5,1>, <457,5,1>, <458,5,1>, <464,5,2>, <466,5,1>, <469,5,1>, <479,5,1>, <480,5,2>, <493,5,1>, <494,5,1>, <495,5,1>, <496,5,1>, <498,5,1>, <499,5,1>, <501,5,1>, <506,5,1>, <507,5,1>, <509,5,1>, <512,5,1>, <515,5,1>, <523,5,1>, <524,5,1>, <527,5,1>, <534,5,1>, <535,5,1>, <538,5,1>, <539,5,1>, <540,5,1>, <543,5,1>, <544,5,1>, <555,5,1>, <557,5,1>, <559,5,1>, <565,5,1>, <568,5,1>, <569,5,1>, <571,5,1>, <580,5,1>, <584,5,1>, <592,5,1>, <596,5,1>, <604,5,1>, <606,5,1>, <608,5,1>, <621,5,1>, <623,5,2>, <625,5,1>, <634,5,1>, <635,5,1>, <642,5,1>, <647,5,1>, <651,5,1>, <655,5,1>, <662,5,1>, <666,5,1>, <668,5,1>, <671,5,1>, <693,5,1>, <701,5,1>, <706,5,3>, <708,5,1>, <713,5,2>, <716,5,1>, <717,5,1>, <738,5,1>, <739,5,2>, <742,5,2>, <744,5,1>, <752,5,1>, <757,5,1>, <762,5,1>, <763,5,1>, <765,5,1>, <770,5,1>, <776,5,1>, <779,5,1>, <781,5,1>, <791,5,1>, <795,5,1>, <798,5,1>, <799,5,2>, <803,5,1>, <804,5,2>, <807,5,1>, <812,5,1>, <821,5,1>, <824,5,1>, <841,5,1>, <847,5,1>, <848,5,1>, <849,5,1>, <869,5,1>, <875,5,1>, <882,5,1>, <897,5,1>, <907,5,2>, <908,5,1>, <916,5,1>, <918,5,1>, <957,5,1>, <960,5,1>, <968,5,1>, <969,5,1>, <980,5,1>, <995,5,1>, <1,2,202>, <2,2,106>, <3,2,186>, <4,2,5>, <5,2,37>, <6,2,52>, <7,2,50>, <8,2,1>, <9,2,13>, <10,2,1>, <11,2,5>, <12,2,7>, <13,2,5>, <14,2,5>, <16,2,6>, <17,2,12>, <19,2,10>, <20,2,9>, <21,2,2>, <22,2,10>, <23,2,18>, <24,2,6>, <25,2,3>, <27,2,5>, <28,2,2>, <29,2,12>, <30,2,4>, <31,2,9>, <33,2,2>, <34,2,4>, <35,2,3>, <36,2,1>, <37,2,14>, <38,2,7>, <39,2,1>, <40,2,4>, <41,2,3>, <42,2,16>, <43,2,3>, <44,2,2>, <45,2,6>, <46,2,5>, <47,2,7>, <48,2,2>, <49,2,2>, <50,2,5>, <52,2,5>, <53,2,7>, <54,2,8>, <55,2,4>, <56,2,5>, <57,2,2>, <58,2,3>, <59,2,2>, <60,2,1>, <61,2,2>, <62,2,7>, <63,2,3>, <64,2,2>, <65,2,5>, <66,2,8>, <67,2,1>, <68,2,4>, <70,2,2>, <71,2,2>, <72,2,5>, <74,2,3>, <75,2,4>, <76,2,1>, <77,2,1>, <78,2,1>, <79,2,2>, <80,2,3>, <81,2,1>, <82,2,2>, <83,2,2>, <84,2,7>, <87,2,1>, <88,2,1>, <89,2,1>, <90,2,2>, <91,2,1>, <94,2,1>, <96,2,1>, <97,2,1>, <98,2,1>, <99,2,5>, <100,2,1>, <102,2,2>, <105,2,1>, <106,2,5>, <107,2,2>, <108,2,4>, <109,2,5>, <111,2,1>, <112,2,3>, <113,2,1>, <114,2,2>, <116,2,3>, <118,2,5>, <119,2,1>, <120,2,3>, <122,2,2>, <124,2,2>, <125,2,4>, <126,2,5>, <128,2,4>, <129,2,2>, <130,2,1>, <131,2,2>, <132,2,2>, <134,2,2>, <135,2,1>, <136,2,1>, <137,2,1>, <139,2,1>, <140,2,1>, <143,2,1>, <144,2,1>, <146,2,1>, <147,2,1>, <148,2,2>, <149,2,1>, <150,2,1>, <151,2,2>, <152,2,2>, <154,2,1>, <156,2,1>, <161,2,1>, <162,2,2>, <165,2,4>, <166,2,1>, <168,2,1>, <169,2,2>, <170,2,2>, <171,2,3>, <174,2,2>, <176,2,1>, <177,2,1>, <178,2,3>, <180,2,2>, <183,2,1>, <185,2,1>, <187,2,1>, <188,2,3>, <189,2,1>, <191,2,1>, <193,2,3>, <198,2,2>, <199,2,5>, <200,2,1>, <201,2,2>, <202,2,1>, <203,2,4>, <204,2,1>, <205,2,1>, <206,2,1>, <211,2,1>, <213,2,1>, <214,2,1>, <215,2,1>, <216,2,2>, <218,2,5>, <219,2,1>, <220,2,3>, <221,2,2>, <225,2,2>, <226,2,1>, <230,2,1>, <231,2,2>, <233,2,1>, <235,2,1>, <236,2,1>, <238,2,2>, <240,2,1>, <243,2,1>, <245,2,3>, <246,2,1>, <250,2,4>, <253,2,2>, <254,2,3>, <259,2,3>, <261,2,3>, <262,2,1>, <263,2,1>, <264,2,1>, <265,2,2>, <266,2,1>, <268,2,1>, <271,2,1>, <274,2,1>, <282,2,2>, <284,2,1>, <285,2,1>, <287,2,1>, <289,2,1>, <290,2,3>, <291,2,1>, <292,2,1>, <297,2,1>, <298,2,1>, <303,2,2>, <304,2,1>, <306,2,1>, <307,2,2>, <308,2,1>, <313,2,1>, <315,2,1>, <317,2,2>, <318,2,1>, <320,2,1>, <325,2,1>, <328,2,1>, <332,2,1>, <335,2,1>, <336,2,1>, <337,2,1>, <339,2,1>, <340,2,1>, <341,2,1>, <342,2,1>, <345,2,2>, <346,2,1>, <347,2,2>, <349,2,1>, <354,2,1>, <355,2,1>, <361,2,1>, <364,2,1>, <366,2,1>, <368,2,1>, <369,2,1>, <372,2,2>, <379,2,1>, <382,2,1>, <383,2,1>, <390,2,1>, <391,2,1>, <392,2,1>, <394,2,1>, <397,2,1>, <398,2,1>, <402,2,1>, <405,2,1>, <408,2,1>, <410,2,1>, <413,2,1>, <415,2,1>, <416,2,1>, <423,2,1>, <425,2,2>, <426,2,2>, <427,2,2>, <430,2,1>, <435,2,1>, <438,2,1>, <440,2,1>, <443,2,1>, <444,2,1>, <448,2,2>, <449,2,1>, <452,2,1>, <457,2,1>, <459,2,1>, <461,2,1>, <464,2,1>, <466,2,1>, <477,2,2>, <481,2,1>, <483,2,1>, <490,2,1>, <491,2,1>, <494,2,1>, <495,2,3>, <504,2,1>, <506,2,1>, <511,2,1>, <512,2,1>, <513,2,1>, <515,2,2>, <519,2,1>, <522,2,1>, <524,2,2>, <525,2,2>, <534,2,1>, <540,2,2>, <543,2,1>, <548,2,1>, <552,2,2>, <560,2,1>, <569,2,1>, <573,2,1>, <574,2,1>, <580,2,1>, <582,2,1>, <584,2,1>, <585,2,1>, <589,2,1>, <596,2,2>, <605,2,1>, <615,2,1>, <618,2,1>, <621,2,1>, <622,2,1>, <625,2,1>, <633,2,1>, <647,2,1>, <649,2,1>, <650,2,2>, <658,2,1>, <659,2,1>, <696,2,1>, <702,2,1>, <742,2,1>, <746,2,1>, <754,2,1>, <755,2,1>, <776,2,1>, <781,2,1>, <784,2,1>, <787,2,1>, <797,2,1>, <803,2,1>, <806,2,1>, <807,2,1>, <808,2,2>, <818,2,1>, <826,2,1>, <834,2,1>, <835,2,1>, <844,2,1>, <845,2,1>, <846,2,1>, <870,2,1>, <883,2,1>, <912,2,1>, <915,2,1>, <926,2,1>, <939,2,1>, <951,2,1>, <968,2,1>, <973,2,1>, <984,2,1>, <1,1,240>, <2,1,48>, <3,1,19>, <4,1,45>, <5,1,69>, <6,1,69>, <8,1,49>, <9,1,12>, <10,1,24>, <11,1,17>, <12,1,27>, <13,1,1>, <14,1,21>, <16,1,6>, <17,1,17>, <18,1,13>, <19,1,1>, <20,1,1>, <21,1,4>, <22,1,18>, <23,1,1>, <24,1,1>, <25,1,6>, <26,1,3>, <27,1,2>, <28,1,8>, <29,1,4>, <30,1,9>, <31,1,2>, <32,1,2>, <33,1,4>, <34,1,14>, <35,1,3>, <38,1,1>, <39,1,5>, <40,1,6>, <41,1,2>, <42,1,2>, <43,1,3>, <44,1,2>, <45,1,1>, <46,1,9>, <47,1,1>, <50,1,7>, <51,1,3>, <52,1,14>, <53,1,6>, <54,1,1>, <55,1,8>, <57,1,1>, <58,1,3>, <59,1,1>, <60,1,1>, <61,1,5>, <62,1,1>, <64,1,1>, <65,1,1>, <66,1,4>, <67,1,1>, <68,1,3>, <69,1,9>, <70,1,6>, <71,1,3>, <72,1,1>, <73,1,2>, <75,1,2>, <76,1,1>, <77,1,5>, <78,1,5>, <79,1,2>, <80,1,1>, <81,1,3>, <82,1,1>, <83,1,4>, <84,1,2>, <85,1,5>, <86,1,6>, <87,1,6>, <89,1,2>, <90,1,4>, <91,1,2>, <92,1,2>, <93,1,1>, <94,1,1>, <95,1,2>, <96,1,2>, <97,1,2>, <99,1,3>, <101,1,3>, <102,1,3>, <103,1,1>, <106,1,3>, <109,1,1>, <110,1,2>, <111,1,2>, <112,1,4>, <117,1,1>, <118,1,2>, <119,1,1>, <120,1,3>, <122,1,1>, <123,1,1>, <126,1,1>, <127,1,1>, <128,1,1>, <131,1,2>, <132,1,1>, <134,1,2>, <135,1,5>, <136,1,2>, <137,1,1>, <140,1,1>, <142,1,1>, <144,1,1>, <146,1,1>, <147,1,1>, <148,1,1>, <150,1,3>, <152,1,2>, <153,1,2>, <154,1,1>, <155,1,2>, <156,1,2>, <157,1,4>, <158,1,3>, <159,1,2>, <160,1,1>, <161,1,2>, <163,1,2>, <165,1,1>, <166,1,1>, <169,1,1>, <172,1,1>, <174,1,2>, <175,1,1>, <176,1,5>, <178,1,2>, <179,1,1>, <181,1,3>, <182,1,1>, <185,1,1>, <186,1,1>, <187,1,1>, <188,1,1>, <191,1,1>, <194,1,1>, <195,1,2>, <196,1,2>, <201,1,1>, <202,1,1>, <204,1,1>, <207,1,1>, <209,1,1>, <214,1,1>, <215,1,1>, <216,1,3>, <217,1,1>, <218,1,1>, <219,1,1>, <220,1,2>, <222,1,1>, <223,1,1>, <225,1,3>, <229,1,1>, <230,1,1>, <235,1,1>, <236,1,1>, <238,1,2>, <244,1,1>, <245,1,1>, <246,1,2>, <251,1,1>, <253,1,1>, <254,1,2>, <258,1,1>, <262,1,1>, <266,1,2>, <272,1,1>, <275,1,1>, <276,1,1>, <278,1,2>, <283,1,1>, <284,1,1>, <286,1,1>, <287,1,2>, <288,1,1>, <289,1,1>, <290,1,1>, <291,1,1>, <293,1,1>, <296,1,1>, <297,1,2>, <298,1,1>, <299,1,1>, <300,1,1>, <303,1,1>, <305,1,2>, <306,1,1>, <307,1,1>, <308,1,1>, <311,1,1>, <317,1,1>, <319,1,1>, <320,1,2>, <321,1,2>, <323,1,1>, <325,1,1>, <326,1,1>, <329,1,1>, <331,1,2>, <333,1,1>, <335,1,1>, <340,1,1>, <341,1,1>, <343,1,1>, <345,1,1>, <347,1,1>, <348,1,1>, <349,1,1>, <350,1,2>, <351,1,1>, <353,1,1>, <354,1,1>, <355,1,1>, <358,1,1>, <362,1,1>, <365,1,1>, <366,1,1>, <367,1,1>, <368,1,1>, <378,1,1>, <382,1,2>, <385,1,1>, <386,1,1>, <388,1,1>, <395,1,1>, <397,1,2>, <400,1,2>, <405,1,1>, <411,1,2>, <415,1,1>, <417,1,1>, <425,1,1>, <430,1,1>, <432,1,1>, <435,1,1>, <437,1,1>, <440,1,2>, <442,1,1>, <443,1,1>, <444,1,1>, <461,1,1>, <467,1,2>, <471,1,1>, <472,1,1>, <478,1,1>, <481,1,1>, <482,1,1>, <490,1,1>, <491,1,1>, <493,1,1>, <494,1,1>, <495,1,2>, <496,1,1>, <499,1,1>, <502,1,1>, <508,1,1>, <509,1,1>, <511,1,1>, <512,1,1>, <513,1,1>, <516,1,1>, <517,1,2>, <521,1,1>, <522,1,1>, <525,1,1>, <540,1,1>, <548,1,1>, <555,1,1>, <558,1,1>, <559,1,1>, <563,1,1>, <565,1,1>, <574,1,2>, <589,1,1>, <600,1,1>, <601,1,1>, <605,1,1>, <606,1,1>, <613,1,1>, <616,1,1>, <621,1,1>, <624,1,1>, <625,1,2>, <650,1,1>, <651,1,1>, <652,1,1>, <656,1,1>, <671,1,1>, <682,1,1>, <685,1,1>, <702,1,1>, <716,1,1>, <724,1,1>, <727,1,2>, <732,1,1>, <735,1,1>, <739,1,1>, <744,1,1>, <751,1,1>, <755,1,1>, <757,1,2>, <763,1,1>, <764,1,1>, <765,1,1>, <770,1,1>, <773,1,2>, <775,1,1>, <789,1,1>, <795,1,1>, <797,1,1>, <799,1,1>, <803,1,1>, <804,1,1>, <805,1,1>, <818,1,2>, <819,1,1>, <831,1,1>, <846,1,1>, <855,1,2>, <858,1,1>, <863,1,1>, <882,1,1>, <886,1,1>, <895,1,1>, <900,1,1>, <902,1,1>, <926,1,1>, <928,1,1>, <938,1,1>, <947,1,1>, <951,1,1>, <954,1,1>, <955,1,1>, <956,1,1>, <968,1,2>, <984,1,1> };

MaxCacheStorageAtSingleAS= [ 1312.5  1312.5  1312.5  1312.5  1312.5 ] ;

MaxCacheStorage = 6562.5 ;
SolutionGap = 0.01 ;
