
ASes= { 1, 2, 3, 4, 5, 6, 7 } ;


Objects= { 1, 2, 3, 4, 5, 6, 7, 8, 9, 10, 11, 12, 13, 14, 15, 16, 17, 18, 19, 20, 21, 22, 23, 24, 25, 26, 27, 28, 29, 30, 31, 32, 33, 34, 35, 36, 37, 38, 39, 40, 41, 42, 43, 44, 45, 46, 47, 48, 49, 50, 51, 52, 53, 54, 55, 56, 57, 58, 59, 60, 61, 62, 63, 64, 65, 66, 67, 68, 69, 70, 71, 72, 73, 74, 75, 76, 77, 78, 79, 80, 81, 82, 83, 84, 85, 86, 87, 88, 89, 90, 91, 92, 93, 94, 95, 96, 97, 98, 99, 100, 101, 102, 103, 104, 105, 106, 107, 108, 109, 110, 111, 112, 113, 114, 115, 116, 117, 118, 119, 120, 121, 122, 123, 124, 125, 126, 127, 128, 129, 130, 131, 132, 133, 134, 135, 136, 137, 138, 139, 140, 141, 142, 143, 144, 145, 146, 147, 148, 149, 150, 151, 152, 153, 154, 155, 156, 157, 158, 159, 160, 161, 162, 163, 164, 165, 166, 167, 168, 169, 170, 171, 172, 173, 174, 175, 176, 177, 178, 179, 180, 181, 182, 183, 184, 185, 186, 187, 188, 189, 190, 191, 192, 193, 194, 195, 196, 197, 198, 199, 200, 201, 202, 203, 204, 205, 206, 207, 208, 209, 210, 211, 212, 213, 214, 215, 216, 217, 218, 219, 220, 221, 222, 223, 224, 225, 226, 227, 228, 229, 230, 231, 232, 233, 234, 235, 236, 237, 238, 239, 240, 241, 242, 243, 244, 245, 246, 247, 248, 249, 250, 251, 252, 253, 254, 255, 256, 257, 258, 259, 260, 261, 262, 263, 264, 265, 266, 267, 268, 269, 270, 271, 272, 273, 274, 275, 276, 277, 278, 279, 280, 281, 282, 283, 284, 285, 286, 287, 288, 289, 290, 291, 292, 293, 294, 295, 296, 297, 298, 299, 300, 301, 302, 303, 304, 305, 306, 307, 308, 309, 310, 311, 312, 313, 314, 315, 316, 317, 318, 319, 320, 321, 322, 323, 324, 325, 326, 327, 328, 329, 330, 331, 332, 333, 334, 335, 336, 337, 338, 339, 340, 341, 342, 343, 344, 345, 346, 347, 348, 349, 350, 351, 352, 353, 354, 355, 356, 357, 358, 359, 360, 361, 362, 363, 364, 365, 366, 367, 368, 369, 370, 371, 372, 373, 374, 375, 376, 377, 378, 379, 380, 381, 382, 383, 384, 385, 386, 387, 388, 389, 390, 391, 392, 393, 394, 395, 396, 397, 398, 399, 400, 401, 402, 403, 404, 405, 406, 407, 408, 409, 410, 411, 412, 413, 414, 415, 416, 417, 418, 419, 420, 421, 422, 423, 424, 425, 426, 427, 428, 429, 430, 431, 432, 433, 434, 435, 436, 437, 438, 439, 440, 441, 442, 443, 444, 445, 446, 447, 448, 449, 450, 451, 452, 453, 454, 455, 456, 457, 458, 459, 460, 461, 462, 463, 464, 465, 466, 467, 468, 469, 470, 471, 472, 473, 474, 475, 476, 477, 478, 479, 480, 481, 482, 483, 484, 485, 486, 487, 488, 489, 490, 491, 492, 493, 494, 495, 496, 497, 498, 499, 500, 501, 502, 503, 504, 505, 506, 507, 508, 509, 510, 511, 512, 513, 514, 515, 516, 517, 518, 519, 520, 521, 522, 523, 524, 525, 526, 527, 528, 529, 530, 531, 532, 533, 534, 535, 536, 537, 538, 539, 540, 541, 542, 543, 544, 545, 546, 547, 548, 549, 550, 551, 552, 553, 554, 555, 556, 557, 558, 559, 560, 561, 562, 563, 564, 565, 566, 567, 568, 569, 570, 571, 572, 573, 574, 575, 576, 577, 578, 579, 580, 581, 582, 583, 584, 585, 586, 587, 588, 589, 590, 591, 592, 593, 594, 595, 596, 597, 598, 599, 600, 601, 602, 603, 604, 605, 606, 607, 608, 609, 610, 611, 612, 613, 614, 615, 616, 617, 618, 619, 620, 621, 622, 623, 624, 625, 626, 627, 628, 629, 630, 631, 632, 633, 634, 635, 636, 637, 638, 639, 640, 641, 642, 643, 644, 645, 646, 647, 648, 649, 650, 651, 652, 653, 654, 655, 656, 657, 658, 659, 660, 661, 662, 663, 664, 665, 666, 667, 668, 669, 670, 671, 672, 673, 674, 675, 676, 677, 678, 679, 680, 681, 682, 683, 684, 685, 686, 687, 688, 689, 690, 691, 692, 693, 694, 695, 696, 697, 698, 699, 700, 701, 702, 703, 704, 705, 706, 707, 708, 709, 710, 711, 712, 713, 714, 715, 716, 717, 718, 719, 720, 721, 722, 723, 724, 725, 726, 727, 728, 729, 730, 731, 732, 733, 734, 735, 736, 737, 738, 739, 740, 741, 742, 743, 744, 745, 746, 747, 748, 749, 750, 751, 752, 753, 754, 755, 756, 757, 758, 759, 760, 761, 762, 763, 764, 765, 766, 767, 768, 769, 770, 771, 772, 773, 774, 775, 776, 777, 778, 779, 780, 781, 782, 783, 784, 785, 786, 787, 788, 789, 790, 791, 792, 793, 794, 795, 796, 797, 798, 799, 800, 801, 802, 803, 804, 805, 806, 807, 808, 809, 810, 811, 812, 813, 814, 815, 816, 817, 818, 819, 820, 821, 822, 823, 824, 825, 826, 827, 828, 829, 830, 831, 832, 833, 834, 835, 836, 837, 838, 839, 840, 841, 842, 843, 844, 845, 846, 847, 848, 849, 850, 851, 852, 853, 854, 855, 856, 857, 858, 859, 860, 861, 862, 863, 864, 865, 866, 867, 868, 869, 870, 871, 872, 873, 874, 875, 876, 877, 878, 879, 880, 881, 882, 883, 884, 885, 886, 887, 888, 889, 890, 891, 892, 893, 894, 895, 896, 897, 898, 899, 900, 901, 902, 903, 904, 905, 906, 907, 908, 909, 910, 911, 912, 913, 914, 915, 916, 917, 918, 919, 920, 921, 922, 923, 924, 925, 926, 927, 928, 929, 930, 931, 932, 933, 934, 935, 936, 937, 938, 939, 940, 941, 942, 943, 944, 945, 946, 947, 948, 949, 950, 951, 952, 953, 954, 955, 956, 957, 958, 959, 960, 961, 962, 963, 964, 965, 966, 967, 968, 969, 970, 971, 972, 973, 974, 975, 976, 977, 978, 979, 980, 981, 982, 983, 984, 985, 986, 987, 988, 989, 990, 991, 992, 993, 994, 995, 996, 997, 998, 999, 1000 } ;


QualityLevels= { 0, 1, 2, 3, 4, 5 } ;

Arcs = { <1,2,490000>, <2,1,490000>,<1,3,490000>, <3,1,490000>,<1,4,490000>, <4,1,490000>,<2,5,490000>, <5,2,490000>,<5,6,490000>, <6,5,490000>,<1,7,490000>, <7,1,490000> }; 


RatePerQuality= [ 0  300  700  1500  2500  3500 ] ;


CacheSpacePerQuality= [ 10000  11.25  26.25  56.25  93.75  131.25 ] ;


UtilityPerQuality= [ 0  0.66874  0.795271  0.880112  0.945742  1 ] ;


ObjectsPublishedByProducers=[ [ 0  0  1  0  0  0  0 ]  [ 0  0  0  0  1  0  0 ]  [ 0  0  0  0  1  0  0 ]  [ 0  0  0  1  0  0  0 ]  [ 0  0  0  0  0  0  1 ]  [ 0  0  0  0  0  0  1 ]  [ 0  1  0  0  0  0  0 ]  [ 0  0  0  0  1  0  0 ]  [ 0  0  1  0  0  0  0 ]  [ 0  0  1  0  0  0  0 ]  [ 0  0  0  0  1  0  0 ]  [ 0  0  0  0  0  0  1 ]  [ 0  0  0  0  1  0  0 ]  [ 0  0  1  0  0  0  0 ]  [ 0  0  0  0  0  0  1 ]  [ 0  0  0  0  1  0  0 ]  [ 0  0  0  1  0  0  0 ]  [ 1  0  0  0  0  0  0 ]  [ 1  0  0  0  0  0  0 ]  [ 0  0  1  0  0  0  0 ]  [ 0  0  1  0  0  0  0 ]  [ 0  0  0  0  0  0  1 ]  [ 1  0  0  0  0  0  0 ]  [ 0  0  0  0  0  1  0 ]  [ 0  0  0  1  0  0  0 ]  [ 0  0  0  0  0  1  0 ]  [ 0  0  1  0  0  0  0 ]  [ 0  0  0  1  0  0  0 ]  [ 0  0  0  0  0  0  1 ]  [ 0  0  0  0  0  0  1 ]  [ 0  0  0  1  0  0  0 ]  [ 0  0  0  1  0  0  0 ]  [ 0  0  0  1  0  0  0 ]  [ 0  0  0  0  0  0  1 ]  [ 0  0  0  0  0  1  0 ]  [ 0  0  1  0  0  0  0 ]  [ 0  0  0  0  1  0  0 ]  [ 0  0  0  0  0  0  1 ]  [ 0  1  0  0  0  0  0 ]  [ 0  0  0  1  0  0  0 ]  [ 1  0  0  0  0  0  0 ]  [ 1  0  0  0  0  0  0 ]  [ 0  0  1  0  0  0  0 ]  [ 0  0  0  0  0  1  0 ]  [ 0  0  0  0  1  0  0 ]  [ 0  1  0  0  0  0  0 ]  [ 1  0  0  0  0  0  0 ]  [ 0  0  0  0  0  1  0 ]  [ 0  0  0  0  1  0  0 ]  [ 0  1  0  0  0  0  0 ]  [ 0  0  0  0  0  1  0 ]  [ 0  1  0  0  0  0  0 ]  [ 1  0  0  0  0  0  0 ]  [ 0  0  0  0  1  0  0 ]  [ 0  0  0  0  0  0  1 ]  [ 0  1  0  0  0  0  0 ]  [ 0  0  1  0  0  0  0 ]  [ 0  0  0  1  0  0  0 ]  [ 0  0  0  0  1  0  0 ]  [ 0  0  0  0  0  1  0 ]  [ 0  0  0  1  0  0  0 ]  [ 0  0  0  0  0  0  1 ]  [ 0  1  0  0  0  0  0 ]  [ 0  1  0  0  0  0  0 ]  [ 0  0  0  0  0  1  0 ]  [ 0  0  0  0  0  0  1 ]  [ 0  0  0  0  0  0  1 ]  [ 0  0  0  0  1  0  0 ]  [ 0  0  0  0  0  0  1 ]  [ 0  0  0  0  0  1  0 ]  [ 0  0  0  0  0  0  1 ]  [ 0  0  1  0  0  0  0 ]  [ 0  0  1  0  0  0  0 ]  [ 0  1  0  0  0  0  0 ]  [ 1  0  0  0  0  0  0 ]  [ 0  1  0  0  0  0  0 ]  [ 0  0  0  0  0  1  0 ]  [ 0  0  0  1  0  0  0 ]  [ 0  0  0  0  0  0  1 ]  [ 1  0  0  0  0  0  0 ]  [ 0  0  0  0  1  0  0 ]  [ 0  0  0  0  0  0  1 ]  [ 1  0  0  0  0  0  0 ]  [ 0  0  0  1  0  0  0 ]  [ 0  0  0  0  0  0  1 ]  [ 1  0  0  0  0  0  0 ]  [ 0  1  0  0  0  0  0 ]  [ 0  0  0  0  0  0  1 ]  [ 0  0  0  1  0  0  0 ]  [ 0  0  0  0  0  0  1 ]  [ 1  0  0  0  0  0  0 ]  [ 0  0  1  0  0  0  0 ]  [ 0  0  0  0  1  0  0 ]  [ 0  0  0  0  1  0  0 ]  [ 1  0  0  0  0  0  0 ]  [ 0  0  0  0  1  0  0 ]  [ 0  0  0  0  1  0  0 ]  [ 0  0  0  0  0  0  1 ]  [ 0  0  0  0  0  0  1 ]  [ 0  0  0  0  0  1  0 ]  [ 0  0  1  0  0  0  0 ]  [ 1  0  0  0  0  0  0 ]  [ 0  0  0  0  0  0  1 ]  [ 0  0  0  1  0  0  0 ]  [ 0  0  0  0  0  0  1 ]  [ 0  0  0  0  0  0  1 ]  [ 0  0  0  0  0  1  0 ]  [ 0  0  0  0  0  1  0 ]  [ 0  0  0  0  0  0  1 ]  [ 0  1  0  0  0  0  0 ]  [ 0  1  0  0  0  0  0 ]  [ 0  0  0  0  0  0  1 ]  [ 0  0  1  0  0  0  0 ]  [ 0  0  0  1  0  0  0 ]  [ 0  0  0  1  0  0  0 ]  [ 0  1  0  0  0  0  0 ]  [ 1  0  0  0  0  0  0 ]  [ 0  0  0  0  1  0  0 ]  [ 0  0  0  0  1  0  0 ]  [ 0  0  0  0  1  0  0 ]  [ 0  0  0  1  0  0  0 ]  [ 0  0  0  0  1  0  0 ]  [ 0  1  0  0  0  0  0 ]  [ 0  0  1  0  0  0  0 ]  [ 0  0  1  0  0  0  0 ]  [ 0  0  1  0  0  0  0 ]  [ 0  0  0  0  1  0  0 ]  [ 0  0  0  1  0  0  0 ]  [ 0  0  1  0  0  0  0 ]  [ 0  1  0  0  0  0  0 ]  [ 0  0  0  0  0  1  0 ]  [ 0  0  1  0  0  0  0 ]  [ 0  0  0  1  0  0  0 ]  [ 0  0  0  0  0  0  1 ]  [ 0  0  0  1  0  0  0 ]  [ 0  0  0  1  0  0  0 ]  [ 0  1  0  0  0  0  0 ]  [ 0  0  0  0  0  0  1 ]  [ 0  0  0  0  0  1  0 ]  [ 0  0  0  0  0  0  1 ]  [ 0  0  1  0  0  0  0 ]  [ 0  0  0  0  0  1  0 ]  [ 0  0  0  0  0  1  0 ]  [ 0  0  0  1  0  0  0 ]  [ 0  0  1  0  0  0  0 ]  [ 1  0  0  0  0  0  0 ]  [ 0  0  0  0  0  0  1 ]  [ 0  0  0  1  0  0  0 ]  [ 0  1  0  0  0  0  0 ]  [ 0  0  0  0  1  0  0 ]  [ 0  0  1  0  0  0  0 ]  [ 0  0  1  0  0  0  0 ]  [ 0  0  0  1  0  0  0 ]  [ 0  0  0  0  1  0  0 ]  [ 0  0  0  1  0  0  0 ]  [ 0  1  0  0  0  0  0 ]  [ 0  1  0  0  0  0  0 ]  [ 0  0  0  0  0  0  1 ]  [ 0  0  0  1  0  0  0 ]  [ 1  0  0  0  0  0  0 ]  [ 0  0  0  0  1  0  0 ]  [ 0  0  0  0  0  0  1 ]  [ 0  0  0  1  0  0  0 ]  [ 0  1  0  0  0  0  0 ]  [ 0  0  0  0  0  1  0 ]  [ 0  1  0  0  0  0  0 ]  [ 0  0  0  0  0  1  0 ]  [ 0  1  0  0  0  0  0 ]  [ 0  0  1  0  0  0  0 ]  [ 0  0  0  0  0  1  0 ]  [ 1  0  0  0  0  0  0 ]  [ 1  0  0  0  0  0  0 ]  [ 0  0  0  0  0  1  0 ]  [ 1  0  0  0  0  0  0 ]  [ 0  0  0  0  0  1  0 ]  [ 1  0  0  0  0  0  0 ]  [ 0  0  0  0  1  0  0 ]  [ 0  0  0  0  0  1  0 ]  [ 0  0  0  1  0  0  0 ]  [ 0  0  1  0  0  0  0 ]  [ 1  0  0  0  0  0  0 ]  [ 0  0  1  0  0  0  0 ]  [ 0  0  0  0  1  0  0 ]  [ 1  0  0  0  0  0  0 ]  [ 0  0  0  0  0  0  1 ]  [ 0  0  0  1  0  0  0 ]  [ 1  0  0  0  0  0  0 ]  [ 1  0  0  0  0  0  0 ]  [ 0  1  0  0  0  0  0 ]  [ 0  0  0  0  0  0  1 ]  [ 0  0  0  0  0  1  0 ]  [ 0  0  0  0  0  1  0 ]  [ 0  0  0  1  0  0  0 ]  [ 0  1  0  0  0  0  0 ]  [ 0  0  0  0  0  0  1 ]  [ 0  0  0  1  0  0  0 ]  [ 0  0  1  0  0  0  0 ]  [ 0  1  0  0  0  0  0 ]  [ 0  0  0  0  0  1  0 ]  [ 0  0  0  0  0  0  1 ]  [ 0  0  0  0  0  1  0 ]  [ 1  0  0  0  0  0  0 ]  [ 1  0  0  0  0  0  0 ]  [ 0  0  1  0  0  0  0 ]  [ 0  0  0  1  0  0  0 ]  [ 0  0  0  0  0  1  0 ]  [ 1  0  0  0  0  0  0 ]  [ 0  0  0  0  1  0  0 ]  [ 0  0  0  0  0  1  0 ]  [ 0  0  0  1  0  0  0 ]  [ 0  1  0  0  0  0  0 ]  [ 0  0  0  0  1  0  0 ]  [ 1  0  0  0  0  0  0 ]  [ 0  0  0  0  0  1  0 ]  [ 1  0  0  0  0  0  0 ]  [ 0  1  0  0  0  0  0 ]  [ 0  0  0  0  0  0  1 ]  [ 1  0  0  0  0  0  0 ]  [ 0  0  0  1  0  0  0 ]  [ 0  0  0  0  1  0  0 ]  [ 0  0  1  0  0  0  0 ]  [ 0  0  0  1  0  0  0 ]  [ 1  0  0  0  0  0  0 ]  [ 0  0  0  1  0  0  0 ]  [ 0  0  0  0  1  0  0 ]  [ 0  1  0  0  0  0  0 ]  [ 0  0  0  0  1  0  0 ]  [ 0  0  0  0  0  1  0 ]  [ 0  0  0  0  0  1  0 ]  [ 0  0  0  0  0  1  0 ]  [ 1  0  0  0  0  0  0 ]  [ 0  1  0  0  0  0  0 ]  [ 1  0  0  0  0  0  0 ]  [ 1  0  0  0  0  0  0 ]  [ 0  0  1  0  0  0  0 ]  [ 0  0  0  0  0  0  1 ]  [ 0  0  1  0  0  0  0 ]  [ 0  0  1  0  0  0  0 ]  [ 0  0  1  0  0  0  0 ]  [ 1  0  0  0  0  0  0 ]  [ 0  0  0  0  1  0  0 ]  [ 0  0  0  0  1  0  0 ]  [ 0  0  0  0  0  1  0 ]  [ 0  1  0  0  0  0  0 ]  [ 0  0  0  0  1  0  0 ]  [ 0  0  0  0  0  1  0 ]  [ 0  0  0  0  0  0  1 ]  [ 0  0  0  1  0  0  0 ]  [ 0  0  1  0  0  0  0 ]  [ 0  0  0  1  0  0  0 ]  [ 1  0  0  0  0  0  0 ]  [ 0  0  0  0  0  0  1 ]  [ 1  0  0  0  0  0  0 ]  [ 0  0  0  0  0  0  1 ]  [ 0  0  0  1  0  0  0 ]  [ 0  0  0  0  1  0  0 ]  [ 0  0  0  0  1  0  0 ]  [ 0  0  1  0  0  0  0 ]  [ 0  1  0  0  0  0  0 ]  [ 0  0  1  0  0  0  0 ]  [ 0  0  1  0  0  0  0 ]  [ 1  0  0  0  0  0  0 ]  [ 0  0  1  0  0  0  0 ]  [ 0  0  0  1  0  0  0 ]  [ 1  0  0  0  0  0  0 ]  [ 0  0  0  0  0  1  0 ]  [ 0  0  1  0  0  0  0 ]  [ 0  0  0  1  0  0  0 ]  [ 0  0  0  1  0  0  0 ]  [ 0  0  0  0  1  0  0 ]  [ 0  0  1  0  0  0  0 ]  [ 1  0  0  0  0  0  0 ]  [ 0  0  0  0  0  1  0 ]  [ 1  0  0  0  0  0  0 ]  [ 1  0  0  0  0  0  0 ]  [ 0  0  0  0  0  1  0 ]  [ 0  0  0  1  0  0  0 ]  [ 0  0  0  0  0  0  1 ]  [ 0  0  1  0  0  0  0 ]  [ 0  1  0  0  0  0  0 ]  [ 0  0  1  0  0  0  0 ]  [ 0  0  1  0  0  0  0 ]  [ 1  0  0  0  0  0  0 ]  [ 0  0  0  0  0  1  0 ]  [ 0  1  0  0  0  0  0 ]  [ 0  0  0  0  0  0  1 ]  [ 0  0  0  0  0  1  0 ]  [ 0  0  1  0  0  0  0 ]  [ 1  0  0  0  0  0  0 ]  [ 1  0  0  0  0  0  0 ]  [ 1  0  0  0  0  0  0 ]  [ 0  0  1  0  0  0  0 ]  [ 0  0  0  1  0  0  0 ]  [ 0  1  0  0  0  0  0 ]  [ 1  0  0  0  0  0  0 ]  [ 0  0  0  0  0  0  1 ]  [ 0  1  0  0  0  0  0 ]  [ 0  1  0  0  0  0  0 ]  [ 0  0  0  1  0  0  0 ]  [ 0  0  0  0  0  0  1 ]  [ 0  0  0  0  0  1  0 ]  [ 0  0  0  1  0  0  0 ]  [ 0  0  1  0  0  0  0 ]  [ 0  0  0  1  0  0  0 ]  [ 1  0  0  0  0  0  0 ]  [ 0  0  0  0  0  0  1 ]  [ 0  1  0  0  0  0  0 ]  [ 0  1  0  0  0  0  0 ]  [ 1  0  0  0  0  0  0 ]  [ 0  0  0  0  0  1  0 ]  [ 0  0  0  0  0  1  0 ]  [ 0  0  0  0  0  1  0 ]  [ 0  0  0  0  0  1  0 ]  [ 0  0  0  0  1  0  0 ]  [ 1  0  0  0  0  0  0 ]  [ 0  0  0  0  0  1  0 ]  [ 0  0  0  0  0  1  0 ]  [ 0  0  0  0  0  0  1 ]  [ 0  1  0  0  0  0  0 ]  [ 0  1  0  0  0  0  0 ]  [ 0  0  0  1  0  0  0 ]  [ 0  0  1  0  0  0  0 ]  [ 0  0  0  1  0  0  0 ]  [ 0  0  1  0  0  0  0 ]  [ 0  0  0  0  0  0  1 ]  [ 0  0  1  0  0  0  0 ]  [ 0  0  1  0  0  0  0 ]  [ 0  1  0  0  0  0  0 ]  [ 0  0  0  0  0  1  0 ]  [ 0  0  0  0  1  0  0 ]  [ 0  0  0  0  0  0  1 ]  [ 1  0  0  0  0  0  0 ]  [ 0  0  0  1  0  0  0 ]  [ 0  0  0  0  0  0  1 ]  [ 0  0  0  0  1  0  0 ]  [ 0  0  1  0  0  0  0 ]  [ 1  0  0  0  0  0  0 ]  [ 0  0  0  1  0  0  0 ]  [ 0  0  0  0  1  0  0 ]  [ 1  0  0  0  0  0  0 ]  [ 0  0  0  0  1  0  0 ]  [ 0  0  0  0  0  1  0 ]  [ 0  0  1  0  0  0  0 ]  [ 0  0  0  0  0  0  1 ]  [ 1  0  0  0  0  0  0 ]  [ 0  0  0  0  0  1  0 ]  [ 1  0  0  0  0  0  0 ]  [ 0  0  1  0  0  0  0 ]  [ 1  0  0  0  0  0  0 ]  [ 0  0  1  0  0  0  0 ]  [ 0  0  0  0  0  1  0 ]  [ 1  0  0  0  0  0  0 ]  [ 0  0  0  0  1  0  0 ]  [ 1  0  0  0  0  0  0 ]  [ 0  0  0  0  1  0  0 ]  [ 0  0  0  0  1  0  0 ]  [ 0  1  0  0  0  0  0 ]  [ 0  0  0  1  0  0  0 ]  [ 0  0  0  0  0  0  1 ]  [ 0  0  0  1  0  0  0 ]  [ 0  0  0  0  1  0  0 ]  [ 0  1  0  0  0  0  0 ]  [ 0  0  0  1  0  0  0 ]  [ 0  0  1  0  0  0  0 ]  [ 1  0  0  0  0  0  0 ]  [ 0  0  0  0  1  0  0 ]  [ 0  0  0  0  0  0  1 ]  [ 0  0  0  0  0  0  1 ]  [ 0  0  0  0  1  0  0 ]  [ 0  0  0  0  0  0  1 ]  [ 0  0  0  0  0  1  0 ]  [ 0  0  0  0  0  1  0 ]  [ 0  0  0  1  0  0  0 ]  [ 0  0  1  0  0  0  0 ]  [ 0  1  0  0  0  0  0 ]  [ 0  0  0  0  0  1  0 ]  [ 0  0  0  0  0  0  1 ]  [ 0  0  1  0  0  0  0 ]  [ 0  0  0  0  0  1  0 ]  [ 0  0  1  0  0  0  0 ]  [ 0  0  1  0  0  0  0 ]  [ 0  0  0  1  0  0  0 ]  [ 0  0  0  0  1  0  0 ]  [ 0  0  0  0  0  1  0 ]  [ 0  0  0  0  0  1  0 ]  [ 0  1  0  0  0  0  0 ]  [ 0  0  0  1  0  0  0 ]  [ 0  0  1  0  0  0  0 ]  [ 0  0  0  0  0  0  1 ]  [ 0  0  0  0  0  0  1 ]  [ 0  1  0  0  0  0  0 ]  [ 0  0  0  0  0  0  1 ]  [ 0  1  0  0  0  0  0 ]  [ 0  0  0  0  1  0  0 ]  [ 0  0  0  1  0  0  0 ]  [ 0  0  0  0  0  0  1 ]  [ 0  0  0  0  0  0  1 ]  [ 0  0  0  1  0  0  0 ]  [ 0  0  0  0  0  1  0 ]  [ 0  0  0  0  0  0  1 ]  [ 1  0  0  0  0  0  0 ]  [ 1  0  0  0  0  0  0 ]  [ 0  0  0  1  0  0  0 ]  [ 0  1  0  0  0  0  0 ]  [ 0  0  1  0  0  0  0 ]  [ 0  0  1  0  0  0  0 ]  [ 0  0  0  0  0  0  1 ]  [ 1  0  0  0  0  0  0 ]  [ 0  0  0  1  0  0  0 ]  [ 0  0  0  0  1  0  0 ]  [ 1  0  0  0  0  0  0 ]  [ 0  0  0  0  0  1  0 ]  [ 0  1  0  0  0  0  0 ]  [ 0  0  0  0  1  0  0 ]  [ 0  0  0  0  0  1  0 ]  [ 0  1  0  0  0  0  0 ]  [ 0  0  0  0  1  0  0 ]  [ 0  1  0  0  0  0  0 ]  [ 0  0  0  0  1  0  0 ]  [ 1  0  0  0  0  0  0 ]  [ 1  0  0  0  0  0  0 ]  [ 0  0  0  0  0  0  1 ]  [ 0  0  0  1  0  0  0 ]  [ 0  0  0  1  0  0  0 ]  [ 0  0  0  1  0  0  0 ]  [ 0  0  0  0  0  0  1 ]  [ 0  0  0  0  1  0  0 ]  [ 0  0  1  0  0  0  0 ]  [ 0  1  0  0  0  0  0 ]  [ 0  0  0  0  1  0  0 ]  [ 0  0  0  0  0  1  0 ]  [ 0  0  0  0  0  0  1 ]  [ 0  0  0  1  0  0  0 ]  [ 0  0  0  0  1  0  0 ]  [ 0  0  1  0  0  0  0 ]  [ 1  0  0  0  0  0  0 ]  [ 0  0  0  0  1  0  0 ]  [ 0  1  0  0  0  0  0 ]  [ 0  0  0  1  0  0  0 ]  [ 1  0  0  0  0  0  0 ]  [ 1  0  0  0  0  0  0 ]  [ 0  0  1  0  0  0  0 ]  [ 0  0  0  0  1  0  0 ]  [ 0  0  0  0  1  0  0 ]  [ 0  1  0  0  0  0  0 ]  [ 0  1  0  0  0  0  0 ]  [ 0  0  0  0  0  0  1 ]  [ 1  0  0  0  0  0  0 ]  [ 1  0  0  0  0  0  0 ]  [ 0  0  0  0  0  1  0 ]  [ 0  0  0  0  1  0  0 ]  [ 0  0  0  0  0  0  1 ]  [ 0  0  0  1  0  0  0 ]  [ 0  0  0  0  0  1  0 ]  [ 0  0  1  0  0  0  0 ]  [ 1  0  0  0  0  0  0 ]  [ 1  0  0  0  0  0  0 ]  [ 0  0  1  0  0  0  0 ]  [ 0  1  0  0  0  0  0 ]  [ 0  0  0  0  0  1  0 ]  [ 0  0  1  0  0  0  0 ]  [ 0  0  0  0  0  1  0 ]  [ 0  0  0  1  0  0  0 ]  [ 0  0  0  0  1  0  0 ]  [ 0  0  1  0  0  0  0 ]  [ 0  0  0  1  0  0  0 ]  [ 0  0  0  0  0  0  1 ]  [ 0  0  1  0  0  0  0 ]  [ 0  1  0  0  0  0  0 ]  [ 0  1  0  0  0  0  0 ]  [ 0  0  0  0  1  0  0 ]  [ 0  0  0  1  0  0  0 ]  [ 0  0  0  1  0  0  0 ]  [ 0  0  0  0  0  0  1 ]  [ 0  0  0  1  0  0  0 ]  [ 0  1  0  0  0  0  0 ]  [ 0  0  0  1  0  0  0 ]  [ 0  1  0  0  0  0  0 ]  [ 0  0  0  0  1  0  0 ]  [ 0  0  0  0  1  0  0 ]  [ 1  0  0  0  0  0  0 ]  [ 0  0  0  0  0  0  1 ]  [ 0  0  0  0  0  0  1 ]  [ 0  0  0  0  1  0  0 ]  [ 0  0  0  0  1  0  0 ]  [ 0  0  0  0  0  0  1 ]  [ 0  0  0  0  0  1  0 ]  [ 0  0  0  1  0  0  0 ]  [ 0  0  1  0  0  0  0 ]  [ 0  0  0  0  1  0  0 ]  [ 0  0  1  0  0  0  0 ]  [ 0  0  0  0  1  0  0 ]  [ 0  0  0  0  0  0  1 ]  [ 1  0  0  0  0  0  0 ]  [ 0  0  0  0  1  0  0 ]  [ 1  0  0  0  0  0  0 ]  [ 0  0  1  0  0  0  0 ]  [ 0  0  0  0  0  0  1 ]  [ 0  1  0  0  0  0  0 ]  [ 0  0  0  0  0  1  0 ]  [ 0  0  0  0  0  0  1 ]  [ 0  0  0  0  0  1  0 ]  [ 0  0  0  0  0  0  1 ]  [ 0  0  1  0  0  0  0 ]  [ 0  0  0  0  0  0  1 ]  [ 0  0  0  0  0  0  1 ]  [ 0  0  0  0  0  1  0 ]  [ 0  0  0  0  0  1  0 ]  [ 0  0  0  0  1  0  0 ]  [ 0  1  0  0  0  0  0 ]  [ 0  0  0  0  0  0  1 ]  [ 0  1  0  0  0  0  0 ]  [ 0  0  0  0  0  1  0 ]  [ 0  0  0  1  0  0  0 ]  [ 0  0  1  0  0  0  0 ]  [ 0  0  0  1  0  0  0 ]  [ 0  1  0  0  0  0  0 ]  [ 1  0  0  0  0  0  0 ]  [ 0  0  0  0  1  0  0 ]  [ 0  0  0  0  0  0  1 ]  [ 1  0  0  0  0  0  0 ]  [ 0  0  0  0  0  0  1 ]  [ 0  0  0  0  1  0  0 ]  [ 0  0  0  0  0  1  0 ]  [ 0  0  0  0  1  0  0 ]  [ 1  0  0  0  0  0  0 ]  [ 0  0  0  0  0  1  0 ]  [ 0  0  0  1  0  0  0 ]  [ 0  1  0  0  0  0  0 ]  [ 0  0  0  0  0  0  1 ]  [ 0  0  0  0  0  1  0 ]  [ 0  0  1  0  0  0  0 ]  [ 0  0  0  0  0  1  0 ]  [ 0  0  0  0  0  1  0 ]  [ 0  0  0  0  0  1  0 ]  [ 1  0  0  0  0  0  0 ]  [ 0  1  0  0  0  0  0 ]  [ 0  0  0  0  1  0  0 ]  [ 1  0  0  0  0  0  0 ]  [ 0  0  0  0  1  0  0 ]  [ 0  0  0  0  0  0  1 ]  [ 0  0  0  0  1  0  0 ]  [ 0  1  0  0  0  0  0 ]  [ 0  1  0  0  0  0  0 ]  [ 0  1  0  0  0  0  0 ]  [ 0  0  0  0  0  1  0 ]  [ 0  1  0  0  0  0  0 ]  [ 0  1  0  0  0  0  0 ]  [ 1  0  0  0  0  0  0 ]  [ 0  0  0  0  1  0  0 ]  [ 0  0  0  0  1  0  0 ]  [ 0  0  0  0  1  0  0 ]  [ 0  0  0  0  1  0  0 ]  [ 0  1  0  0  0  0  0 ]  [ 0  0  0  0  0  1  0 ]  [ 0  0  0  1  0  0  0 ]  [ 0  1  0  0  0  0  0 ]  [ 1  0  0  0  0  0  0 ]  [ 0  0  0  0  0  0  1 ]  [ 0  0  0  1  0  0  0 ]  [ 0  0  0  0  1  0  0 ]  [ 0  0  0  0  0  0  1 ]  [ 0  0  0  0  0  0  1 ]  [ 0  0  1  0  0  0  0 ]  [ 0  0  0  0  0  0  1 ]  [ 0  0  0  0  1  0  0 ]  [ 0  0  0  0  0  1  0 ]  [ 0  0  0  0  0  1  0 ]  [ 0  1  0  0  0  0  0 ]  [ 0  0  1  0  0  0  0 ]  [ 0  0  0  0  0  0  1 ]  [ 1  0  0  0  0  0  0 ]  [ 0  1  0  0  0  0  0 ]  [ 0  0  0  0  0  1  0 ]  [ 0  1  0  0  0  0  0 ]  [ 0  1  0  0  0  0  0 ]  [ 0  0  0  1  0  0  0 ]  [ 0  0  0  1  0  0  0 ]  [ 1  0  0  0  0  0  0 ]  [ 0  0  0  1  0  0  0 ]  [ 0  0  1  0  0  0  0 ]  [ 0  0  0  0  1  0  0 ]  [ 0  0  0  0  0  0  1 ]  [ 0  0  0  0  0  1  0 ]  [ 0  0  0  0  0  0  1 ]  [ 0  0  0  0  1  0  0 ]  [ 0  0  0  1  0  0  0 ]  [ 0  1  0  0  0  0  0 ]  [ 0  1  0  0  0  0  0 ]  [ 0  0  0  0  1  0  0 ]  [ 0  0  0  1  0  0  0 ]  [ 0  1  0  0  0  0  0 ]  [ 0  0  0  1  0  0  0 ]  [ 0  0  0  0  0  0  1 ]  [ 0  0  0  1  0  0  0 ]  [ 0  0  0  0  1  0  0 ]  [ 1  0  0  0  0  0  0 ]  [ 0  0  0  0  0  1  0 ]  [ 0  0  0  1  0  0  0 ]  [ 1  0  0  0  0  0  0 ]  [ 0  1  0  0  0  0  0 ]  [ 0  0  0  0  1  0  0 ]  [ 0  0  1  0  0  0  0 ]  [ 1  0  0  0  0  0  0 ]  [ 0  1  0  0  0  0  0 ]  [ 0  0  0  0  0  1  0 ]  [ 0  0  0  0  0  0  1 ]  [ 0  0  0  0  1  0  0 ]  [ 0  0  0  0  1  0  0 ]  [ 0  0  0  1  0  0  0 ]  [ 0  1  0  0  0  0  0 ]  [ 0  0  0  1  0  0  0 ]  [ 1  0  0  0  0  0  0 ]  [ 0  0  0  0  0  0  1 ]  [ 1  0  0  0  0  0  0 ]  [ 0  0  0  0  1  0  0 ]  [ 0  1  0  0  0  0  0 ]  [ 0  0  0  1  0  0  0 ]  [ 0  0  0  0  0  0  1 ]  [ 0  0  1  0  0  0  0 ]  [ 0  0  1  0  0  0  0 ]  [ 0  0  0  0  1  0  0 ]  [ 0  0  0  0  0  1  0 ]  [ 0  0  0  0  1  0  0 ]  [ 0  0  0  1  0  0  0 ]  [ 0  0  0  0  1  0  0 ]  [ 0  0  0  0  1  0  0 ]  [ 0  0  0  0  0  1  0 ]  [ 0  0  1  0  0  0  0 ]  [ 0  0  0  0  0  1  0 ]  [ 0  0  0  0  0  0  1 ]  [ 0  0  1  0  0  0  0 ]  [ 0  0  0  1  0  0  0 ]  [ 0  0  1  0  0  0  0 ]  [ 0  1  0  0  0  0  0 ]  [ 1  0  0  0  0  0  0 ]  [ 0  0  0  1  0  0  0 ]  [ 0  0  1  0  0  0  0 ]  [ 0  1  0  0  0  0  0 ]  [ 0  0  0  0  1  0  0 ]  [ 1  0  0  0  0  0  0 ]  [ 0  1  0  0  0  0  0 ]  [ 0  0  0  0  0  1  0 ]  [ 0  0  0  0  1  0  0 ]  [ 0  0  1  0  0  0  0 ]  [ 0  1  0  0  0  0  0 ]  [ 0  0  1  0  0  0  0 ]  [ 0  0  0  0  0  1  0 ]  [ 0  0  0  0  0  0  1 ]  [ 0  0  0  0  0  1  0 ]  [ 0  0  0  1  0  0  0 ]  [ 0  0  0  1  0  0  0 ]  [ 0  0  0  0  1  0  0 ]  [ 0  0  0  0  0  0  1 ]  [ 0  1  0  0  0  0  0 ]  [ 0  0  0  1  0  0  0 ]  [ 0  0  0  0  1  0  0 ]  [ 0  0  0  0  0  1  0 ]  [ 0  1  0  0  0  0  0 ]  [ 1  0  0  0  0  0  0 ]  [ 1  0  0  0  0  0  0 ]  [ 0  0  1  0  0  0  0 ]  [ 0  0  0  0  1  0  0 ]  [ 1  0  0  0  0  0  0 ]  [ 0  0  0  0  0  1  0 ]  [ 0  0  0  0  0  1  0 ]  [ 0  1  0  0  0  0  0 ]  [ 1  0  0  0  0  0  0 ]  [ 0  0  0  0  0  1  0 ]  [ 1  0  0  0  0  0  0 ]  [ 0  0  0  0  1  0  0 ]  [ 0  0  0  1  0  0  0 ]  [ 1  0  0  0  0  0  0 ]  [ 0  0  1  0  0  0  0 ]  [ 0  0  0  1  0  0  0 ]  [ 0  1  0  0  0  0  0 ]  [ 0  0  1  0  0  0  0 ]  [ 0  0  0  0  0  1  0 ]  [ 0  0  1  0  0  0  0 ]  [ 0  0  0  0  0  0  1 ]  [ 0  0  0  0  1  0  0 ]  [ 1  0  0  0  0  0  0 ]  [ 0  0  1  0  0  0  0 ]  [ 0  0  1  0  0  0  0 ]  [ 0  0  0  0  1  0  0 ]  [ 0  0  1  0  0  0  0 ]  [ 0  0  0  1  0  0  0 ]  [ 0  0  1  0  0  0  0 ]  [ 0  0  1  0  0  0  0 ]  [ 0  0  1  0  0  0  0 ]  [ 0  1  0  0  0  0  0 ]  [ 0  0  0  0  1  0  0 ]  [ 0  1  0  0  0  0  0 ]  [ 0  0  0  0  1  0  0 ]  [ 0  1  0  0  0  0  0 ]  [ 0  0  0  0  0  1  0 ]  [ 0  1  0  0  0  0  0 ]  [ 1  0  0  0  0  0  0 ]  [ 0  1  0  0  0  0  0 ]  [ 0  0  0  1  0  0  0 ]  [ 0  0  1  0  0  0  0 ]  [ 1  0  0  0  0  0  0 ]  [ 0  1  0  0  0  0  0 ]  [ 0  0  0  0  0  1  0 ]  [ 0  1  0  0  0  0  0 ]  [ 0  0  0  0  0  0  1 ]  [ 0  0  0  0  0  0  1 ]  [ 0  0  1  0  0  0  0 ]  [ 0  0  0  0  0  1  0 ]  [ 0  0  0  0  0  1  0 ]  [ 0  0  0  1  0  0  0 ]  [ 1  0  0  0  0  0  0 ]  [ 0  0  0  0  0  1  0 ]  [ 0  1  0  0  0  0  0 ]  [ 0  1  0  0  0  0  0 ]  [ 0  0  0  0  1  0  0 ]  [ 0  0  0  0  1  0  0 ]  [ 0  0  0  0  1  0  0 ]  [ 0  0  0  1  0  0  0 ]  [ 1  0  0  0  0  0  0 ]  [ 0  0  0  1  0  0  0 ]  [ 1  0  0  0  0  0  0 ]  [ 0  0  0  0  1  0  0 ]  [ 0  0  0  0  1  0  0 ]  [ 0  0  1  0  0  0  0 ]  [ 0  0  1  0  0  0  0 ]  [ 0  0  0  0  1  0  0 ]  [ 0  0  0  0  0  0  1 ]  [ 0  0  0  0  0  1  0 ]  [ 1  0  0  0  0  0  0 ]  [ 0  0  1  0  0  0  0 ]  [ 0  0  0  0  0  0  1 ]  [ 0  0  0  0  0  0  1 ]  [ 0  0  1  0  0  0  0 ]  [ 0  0  0  0  0  1  0 ]  [ 0  1  0  0  0  0  0 ]  [ 1  0  0  0  0  0  0 ]  [ 0  0  1  0  0  0  0 ]  [ 0  0  0  0  0  0  1 ]  [ 0  0  1  0  0  0  0 ]  [ 0  0  0  0  1  0  0 ]  [ 0  0  1  0  0  0  0 ]  [ 0  0  1  0  0  0  0 ]  [ 0  0  0  0  0  1  0 ]  [ 0  0  0  0  1  0  0 ]  [ 0  0  0  0  0  1  0 ]  [ 0  0  1  0  0  0  0 ]  [ 0  0  0  0  1  0  0 ]  [ 0  0  0  0  1  0  0 ]  [ 0  0  0  0  1  0  0 ]  [ 0  0  0  0  0  1  0 ]  [ 0  0  0  0  0  1  0 ]  [ 0  0  0  1  0  0  0 ]  [ 0  0  0  0  0  0  1 ]  [ 0  0  0  0  0  1  0 ]  [ 0  0  0  0  0  1  0 ]  [ 0  0  0  0  1  0  0 ]  [ 1  0  0  0  0  0  0 ]  [ 0  1  0  0  0  0  0 ]  [ 0  0  1  0  0  0  0 ]  [ 0  1  0  0  0  0  0 ]  [ 0  0  0  0  0  0  1 ]  [ 1  0  0  0  0  0  0 ]  [ 0  0  0  0  1  0  0 ]  [ 0  0  0  0  1  0  0 ]  [ 0  1  0  0  0  0  0 ]  [ 0  0  0  0  0  0  1 ]  [ 1  0  0  0  0  0  0 ]  [ 0  0  0  0  1  0  0 ]  [ 0  0  0  0  0  1  0 ]  [ 0  0  0  1  0  0  0 ]  [ 0  0  0  0  0  1  0 ]  [ 0  0  0  0  0  0  1 ]  [ 0  0  1  0  0  0  0 ]  [ 0  0  0  0  0  1  0 ]  [ 0  1  0  0  0  0  0 ]  [ 0  0  1  0  0  0  0 ]  [ 0  0  0  0  1  0  0 ]  [ 0  1  0  0  0  0  0 ]  [ 0  0  0  0  0  1  0 ]  [ 0  0  0  0  0  1  0 ]  [ 0  0  0  0  0  1  0 ]  [ 0  0  0  0  0  1  0 ]  [ 0  0  0  0  1  0  0 ]  [ 0  0  0  0  0  0  1 ]  [ 0  0  0  0  0  0  1 ]  [ 0  0  0  1  0  0  0 ]  [ 1  0  0  0  0  0  0 ]  [ 0  0  0  0  0  1  0 ]  [ 0  0  0  0  0  1  0 ]  [ 0  0  1  0  0  0  0 ]  [ 1  0  0  0  0  0  0 ]  [ 0  0  0  0  0  0  1 ]  [ 1  0  0  0  0  0  0 ]  [ 1  0  0  0  0  0  0 ]  [ 1  0  0  0  0  0  0 ]  [ 0  0  0  0  1  0  0 ]  [ 1  0  0  0  0  0  0 ]  [ 1  0  0  0  0  0  0 ]  [ 0  0  0  0  1  0  0 ]  [ 0  0  1  0  0  0  0 ]  [ 0  0  0  0  0  0  1 ]  [ 0  1  0  0  0  0  0 ]  [ 1  0  0  0  0  0  0 ]  [ 0  0  0  0  1  0  0 ]  [ 0  1  0  0  0  0  0 ]  [ 0  0  0  0  1  0  0 ]  [ 0  0  0  0  0  1  0 ]  [ 1  0  0  0  0  0  0 ]  [ 0  1  0  0  0  0  0 ]  [ 0  0  0  0  0  1  0 ]  [ 0  0  0  0  0  0  1 ]  [ 1  0  0  0  0  0  0 ]  [ 0  0  0  0  0  0  1 ]  [ 0  0  0  1  0  0  0 ]  [ 0  0  0  1  0  0  0 ]  [ 0  1  0  0  0  0  0 ]  [ 0  0  0  0  0  0  1 ]  [ 1  0  0  0  0  0  0 ]  [ 0  0  0  1  0  0  0 ]  [ 0  0  0  0  0  1  0 ]  [ 0  0  0  0  1  0  0 ]  [ 0  0  1  0  0  0  0 ]  [ 0  0  1  0  0  0  0 ]  [ 0  0  0  0  0  0  1 ]  [ 0  0  0  1  0  0  0 ]  [ 0  0  1  0  0  0  0 ]  [ 0  0  0  1  0  0  0 ]  [ 0  1  0  0  0  0  0 ]  [ 0  0  0  0  0  0  1 ]  [ 0  0  1  0  0  0  0 ]  [ 0  0  1  0  0  0  0 ]  [ 0  0  0  0  1  0  0 ]  [ 0  1  0  0  0  0  0 ]  [ 0  0  0  1  0  0  0 ]  [ 1  0  0  0  0  0  0 ]  [ 0  0  1  0  0  0  0 ]  [ 0  0  0  0  0  1  0 ]  [ 0  0  0  0  1  0  0 ]  [ 0  1  0  0  0  0  0 ]  [ 0  0  0  1  0  0  0 ]  [ 1  0  0  0  0  0  0 ]  [ 0  1  0  0  0  0  0 ]  [ 1  0  0  0  0  0  0 ]  [ 1  0  0  0  0  0  0 ]  [ 0  0  0  0  0  1  0 ]  [ 0  1  0  0  0  0  0 ]  [ 0  0  0  0  0  0  1 ]  [ 1  0  0  0  0  0  0 ]  [ 0  0  0  0  1  0  0 ]  [ 0  0  0  0  1  0  0 ]  [ 0  0  0  0  1  0  0 ]  [ 1  0  0  0  0  0  0 ]  [ 0  0  0  1  0  0  0 ]  [ 0  0  0  1  0  0  0 ]  [ 0  0  0  0  1  0  0 ]  [ 0  0  0  0  1  0  0 ]  [ 0  0  0  0  0  0  1 ]  [ 0  0  0  0  0  0  1 ]  [ 0  0  0  0  0  1  0 ]  [ 1  0  0  0  0  0  0 ]  [ 0  0  0  0  1  0  0 ]  [ 0  1  0  0  0  0  0 ]  [ 0  0  1  0  0  0  0 ]  [ 0  0  0  0  1  0  0 ]  [ 0  0  0  0  0  0  1 ]  [ 0  0  0  1  0  0  0 ]  [ 0  0  0  0  0  1  0 ]  [ 0  1  0  0  0  0  0 ]  [ 0  0  1  0  0  0  0 ]  [ 0  0  1  0  0  0  0 ]  [ 0  0  0  0  0  1  0 ]  [ 1  0  0  0  0  0  0 ]  [ 0  0  0  0  1  0  0 ]  [ 1  0  0  0  0  0  0 ]  [ 0  0  0  0  0  0  1 ]  [ 0  1  0  0  0  0  0 ]  [ 0  0  0  0  0  0  1 ]  [ 0  0  0  0  0  0  1 ]  [ 0  0  0  0  0  0  1 ]  [ 0  0  0  0  1  0  0 ]  [ 1  0  0  0  0  0  0 ]  [ 0  0  0  0  0  1  0 ]  [ 0  1  0  0  0  0  0 ]  [ 0  0  0  0  0  1  0 ]  [ 0  0  0  0  0  1  0 ]  [ 0  0  0  0  0  0  1 ]  [ 0  1  0  0  0  0  0 ]  [ 0  0  0  0  0  0  1 ]  [ 1  0  0  0  0  0  0 ]  [ 0  0  0  1  0  0  0 ]  [ 0  1  0  0  0  0  0 ]  [ 1  0  0  0  0  0  0 ]  [ 0  0  0  0  1  0  0 ]  [ 0  0  0  0  0  0  1 ]  [ 0  0  0  0  0  1  0 ]  [ 0  0  0  0  0  1  0 ]  [ 1  0  0  0  0  0  0 ]  [ 1  0  0  0  0  0  0 ]  [ 0  1  0  0  0  0  0 ]  [ 1  0  0  0  0  0  0 ]  [ 1  0  0  0  0  0  0 ]  [ 0  0  0  0  1  0  0 ]  [ 0  0  0  0  0  1  0 ]  [ 0  0  0  0  0  0  1 ]  [ 0  0  0  0  1  0  0 ]  [ 0  0  0  0  0  1  0 ]  [ 0  0  0  0  1  0  0 ]  [ 0  0  0  0  0  0  1 ]  [ 0  0  0  0  0  1  0 ]  [ 0  0  0  0  0  0  1 ]  [ 0  0  1  0  0  0  0 ]  [ 0  0  0  0  0  1  0 ]  [ 0  0  0  0  0  1  0 ]  [ 0  0  1  0  0  0  0 ]  [ 0  0  0  1  0  0  0 ]  [ 0  0  0  1  0  0  0 ]  [ 1  0  0  0  0  0  0 ]  [ 0  1  0  0  0  0  0 ]  [ 0  0  0  0  0  1  0 ]  [ 1  0  0  0  0  0  0 ]  [ 0  0  0  1  0  0  0 ]  [ 0  0  0  0  0  0  1 ]  [ 0  0  0  0  1  0  0 ]  [ 0  1  0  0  0  0  0 ]  [ 0  0  0  0  0  0  1 ]  [ 0  0  0  0  1  0  0 ]  [ 0  0  0  0  0  0  1 ]  [ 0  0  0  0  1  0  0 ]  [ 0  0  0  0  0  0  1 ]  [ 1  0  0  0  0  0  0 ]  [ 0  0  0  0  1  0  0 ]  [ 0  0  1  0  0  0  0 ]  [ 0  0  1  0  0  0  0 ]  [ 1  0  0  0  0  0  0 ]  [ 0  0  0  1  0  0  0 ]  [ 0  0  1  0  0  0  0 ]  [ 0  0  0  1  0  0  0 ]  [ 0  0  0  0  0  0  1 ]  [ 1  0  0  0  0  0  0 ]  [ 0  0  0  0  0  1  0 ]  [ 0  0  0  0  1  0  0 ]  [ 0  0  0  0  1  0  0 ]  [ 0  0  1  0  0  0  0 ]  [ 0  1  0  0  0  0  0 ]  [ 1  0  0  0  0  0  0 ]  [ 0  0  0  0  0  0  1 ]  [ 0  0  0  0  0  0  1 ]  [ 0  0  0  0  0  1  0 ]  [ 1  0  0  0  0  0  0 ]  [ 1  0  0  0  0  0  0 ]  [ 0  0  1  0  0  0  0 ]  [ 0  0  0  0  0  0  1 ]  [ 0  0  0  0  0  1  0 ]  [ 0  1  0  0  0  0  0 ]  [ 0  0  1  0  0  0  0 ]  [ 0  0  0  1  0  0  0 ]  [ 0  0  0  1  0  0  0 ]  [ 0  0  0  0  0  0  1 ]  [ 0  0  0  0  1  0  0 ]  [ 1  0  0  0  0  0  0 ]  [ 0  0  0  0  1  0  0 ]  [ 0  1  0  0  0  0  0 ]  [ 0  0  1  0  0  0  0 ]  [ 0  0  0  0  0  1  0 ]  [ 0  1  0  0  0  0  0 ]  [ 0  0  0  0  0  1  0 ]  [ 0  0  0  0  0  0  1 ]  [ 1  0  0  0  0  0  0 ]  [ 0  0  1  0  0  0  0 ]  [ 0  0  0  0  1  0  0 ]  [ 0  0  1  0  0  0  0 ]  [ 0  0  0  0  0  1  0 ]  [ 1  0  0  0  0  0  0 ]  [ 0  0  0  1  0  0  0 ]  [ 0  0  0  0  0  0  1 ]  [ 0  0  0  0  0  1  0 ]  [ 1  0  0  0  0  0  0 ]  [ 1  0  0  0  0  0  0 ]  [ 0  0  0  0  0  1  0 ]  [ 0  0  0  0  0  0  1 ]  [ 1  0  0  0  0  0  0 ]  [ 0  0  0  0  0  0  1 ]  [ 0  0  0  1  0  0  0 ]  [ 0  0  0  0  1  0  0 ]  [ 0  0  0  0  0  1  0 ]  [ 0  0  0  0  0  0  1 ]  [ 0  0  1  0  0  0  0 ]  [ 1  0  0  0  0  0  0 ]  [ 0  1  0  0  0  0  0 ]  [ 1  0  0  0  0  0  0 ]  [ 1  0  0  0  0  0  0 ]  [ 0  0  0  1  0  0  0 ]  [ 0  0  0  0  0  0  1 ]  [ 0  0  0  0  0  0  1 ]  [ 0  0  0  0  1  0  0 ]  [ 0  0  0  0  1  0  0 ]  [ 0  0  0  1  0  0  0 ]  [ 0  0  0  1  0  0  0 ]  [ 0  1  0  0  0  0  0 ] ];

ObjRequests = {  <1,3,59>, <3,3,2>, <4,3,11>, <5,3,4>, <6,3,9>, <7,3,1>, <8,3,1>, <9,3,2>, <11,3,2>, <12,3,3>, <13,3,2>, <15,3,1>, <18,3,1>, <19,3,1>, <20,3,1>, <21,3,1>, <23,3,2>, <24,3,1>, <25,3,1>, <26,3,1>, <27,3,1>, <28,3,1>, <29,3,2>, <32,3,2>, <33,3,1>, <34,3,2>, <40,3,4>, <48,3,1>, <49,3,2>, <50,3,1>, <60,3,1>, <68,3,1>, <69,3,1>, <72,3,2>, <74,3,2>, <77,3,1>, <87,3,1>, <94,3,1>, <108,3,1>, <128,3,1>, <153,3,1>, <176,3,1>, <196,3,1>, <220,3,1>, <221,3,1>, <238,3,1>, <250,3,1>, <319,3,1>, <415,3,1>, <559,3,1>, <635,3,1>, <894,3,1>, <898,3,1>, <908,3,1>, <1,4,2>, <2,4,2>, <3,4,3>, <4,4,19>, <5,4,2>, <6,4,1>, <7,4,6>, <8,4,6>, <9,4,2>, <10,4,3>, <11,4,4>, <12,4,3>, <13,4,4>, <15,4,1>, <16,4,3>, <17,4,3>, <18,4,1>, <19,4,1>, <20,4,1>, <21,4,2>, <22,4,2>, <24,4,2>, <26,4,2>, <29,4,2>, <33,4,2>, <34,4,1>, <35,4,1>, <37,4,1>, <38,4,1>, <40,4,1>, <42,4,1>, <45,4,1>, <48,4,1>, <50,4,1>, <52,4,1>, <56,4,1>, <62,4,1>, <63,4,2>, <71,4,1>, <72,4,1>, <85,4,1>, <120,4,1>, <122,4,1>, <131,4,1>, <147,4,1>, <221,4,1>, <250,4,1>, <278,4,1>, <297,4,2>, <340,4,1>, <352,4,1>, <408,4,1>, <435,4,1>, <499,4,1>, <622,4,1>, <765,4,1>, <791,4,1>, <1,6,5>, <2,6,1>, <3,6,1>, <4,6,7>, <5,6,3>, <6,6,9>, <7,6,2>, <8,6,1>, <9,6,2>, <10,6,4>, <11,6,6>, <13,6,1>, <15,6,3>, <16,6,2>, <17,6,1>, <18,6,2>, <20,6,1>, <21,6,1>, <22,6,1>, <23,6,1>, <25,6,1>, <26,6,3>, <27,6,1>, <29,6,1>, <30,6,2>, <32,6,1>, <33,6,2>, <34,6,1>, <42,6,1>, <43,6,1>, <45,6,1>, <46,6,1>, <52,6,2>, <54,6,1>, <60,6,1>, <63,6,1>, <69,6,1>, <72,6,1>, <80,6,2>, <83,6,1>, <85,6,1>, <87,6,1>, <120,6,1>, <122,6,1>, <139,6,1>, <148,6,1>, <213,6,1>, <220,6,1>, <251,6,1>, <290,6,1>, <297,6,1>, <394,6,1>, <524,6,1>, <894,6,1>, <916,6,1>, <1,7,20>, <2,7,27>, <3,7,6>, <4,7,1>, <5,7,6>, <6,7,7>, <7,7,1>, <8,7,2>, <9,7,2>, <10,7,8>, <11,7,1>, <14,7,1>, <15,7,1>, <16,7,1>, <17,7,2>, <18,7,1>, <22,7,1>, <23,7,1>, <26,7,1>, <28,7,1>, <30,7,1>, <31,7,1>, <32,7,2>, <33,7,3>, <35,7,2>, <36,7,1>, <37,7,1>, <38,7,1>, <40,7,1>, <43,7,1>, <45,7,2>, <46,7,1>, <50,7,1>, <52,7,2>, <58,7,1>, <62,7,1>, <69,7,2>, <75,7,1>, <91,7,1>, <96,7,2>, <107,7,1>, <109,7,1>, <111,7,1>, <112,7,1>, <119,7,1>, <150,7,1>, <220,7,1>, <240,7,1>, <311,7,1>, <415,7,1>, <416,7,1>, <443,7,1>, <622,7,1>, <706,7,1>, <798,7,2>, <1,2,26>, <2,2,9>, <3,2,4>, <4,2,4>, <5,2,6>, <6,2,1>, <7,2,8>, <8,2,1>, <9,2,1>, <10,2,1>, <11,2,1>, <12,2,3>, <13,2,3>, <14,2,2>, <16,2,2>, <17,2,1>, <18,2,1>, <19,2,1>, <22,2,4>, <23,2,1>, <25,2,1>, <28,2,1>, <31,2,1>, <32,2,1>, <33,2,2>, <34,2,1>, <38,2,3>, <41,2,1>, <43,2,1>, <45,2,1>, <49,2,2>, <54,2,1>, <63,2,1>, <66,2,1>, <80,2,1>, <83,2,1>, <92,2,1>, <99,2,2>, <109,2,1>, <124,2,1>, <139,2,1>, <153,2,1>, <198,2,1>, <221,2,1>, <230,2,1>, <290,2,1>, <306,2,1>, <317,2,1>, <415,2,1>, <684,2,1>, <742,2,1>, <943,2,1>, <1,5,22>, <2,5,6>, <3,5,7>, <4,5,3>, <5,5,1>, <6,5,2>, <7,5,1>, <9,5,2>, <10,5,1>, <11,5,3>, <12,5,1>, <13,5,1>, <14,5,4>, <15,5,1>, <17,5,1>, <19,5,1>, <21,5,1>, <23,5,2>, <25,5,2>, <26,5,1>, <27,5,1>, <28,5,2>, <29,5,2>, <32,5,1>, <33,5,2>, <35,5,1>, <38,5,1>, <42,5,1>, <45,5,1>, <50,5,1>, <52,5,3>, <55,5,2>, <58,5,1>, <64,5,1>, <69,5,1>, <74,5,1>, <92,5,1>, <94,5,1>, <109,5,1>, <111,5,1>, <114,5,1>, <117,5,1>, <122,5,1>, <124,5,1>, <126,5,1>, <128,5,1>, <139,5,1>, <147,5,1>, <148,5,1>, <179,5,1>, <187,5,1>, <223,5,1>, <237,5,1>, <252,5,1>, <306,5,1>, <323,5,1>, <408,5,1>, <521,5,1>, <798,5,1>, <1,1,10>, <2,1,19>, <3,1,24>, <4,1,1>, <5,1,5>, <7,1,4>, <8,1,5>, <9,1,1>, <11,1,1>, <12,1,3>, <13,1,1>, <14,1,2>, <20,1,1>, <21,1,1>, <24,1,3>, <25,1,1>, <26,1,1>, <27,1,3>, <28,1,1>, <29,1,1>, <30,1,1>, <31,1,2>, <33,1,2>, <34,1,1>, <42,1,1>, <50,1,1>, <52,1,1>, <64,1,1>, <68,1,1>, <74,1,1>, <77,1,1>, <84,1,1>, <87,1,2>, <92,1,1>, <100,1,1>, <118,1,1>, <150,1,3>, <166,1,1>, <197,1,1>, <251,1,1>, <323,1,1>, <345,1,1>, <416,1,1>, <430,1,1>, <547,1,1>, <568,1,1>, <571,1,1>, <634,1,1>, <668,1,1>, <797,1,1>, <821,1,1>, <946,1,1> };

MaxCacheStorageAtSingleAS= [ 1312.5  1312.5  1312.5  1312.5  1312.5  1312.5  1312.5 ] ;

MaxCacheStorage = 9187.5 ;
SolutionGap = 0.01 ;
