
ASes= { 1, 2, 3, 4, 5, 6, 7, 8, 9, 10 } ;


Objects= { 1, 2, 3, 4, 5, 6, 7, 8, 9, 10, 11, 12, 13, 14, 15, 16, 17, 18, 19, 20, 21, 22, 23, 24, 25, 26, 27, 28, 29, 30, 31, 32, 33, 34, 35, 36, 37, 38, 39, 40, 41, 42, 43, 44, 45, 46, 47, 48, 49, 50, 51, 52, 53, 54, 55, 56, 57, 58, 59, 60, 61, 62, 63, 64, 65, 66, 67, 68, 69, 70, 71, 72, 73, 74, 75, 76, 77, 78, 79, 80, 81, 82, 83, 84, 85, 86, 87, 88, 89, 90, 91, 92, 93, 94, 95, 96, 97, 98, 99, 100, 101, 102, 103, 104, 105, 106, 107, 108, 109, 110, 111, 112, 113, 114, 115, 116, 117, 118, 119, 120, 121, 122, 123, 124, 125, 126, 127, 128, 129, 130, 131, 132, 133, 134, 135, 136, 137, 138, 139, 140, 141, 142, 143, 144, 145, 146, 147, 148, 149, 150, 151, 152, 153, 154, 155, 156, 157, 158, 159, 160, 161, 162, 163, 164, 165, 166, 167, 168, 169, 170, 171, 172, 173, 174, 175, 176, 177, 178, 179, 180, 181, 182, 183, 184, 185, 186, 187, 188, 189, 190, 191, 192, 193, 194, 195, 196, 197, 198, 199, 200, 201, 202, 203, 204, 205, 206, 207, 208, 209, 210, 211, 212, 213, 214, 215, 216, 217, 218, 219, 220, 221, 222, 223, 224, 225, 226, 227, 228, 229, 230, 231, 232, 233, 234, 235, 236, 237, 238, 239, 240, 241, 242, 243, 244, 245, 246, 247, 248, 249, 250, 251, 252, 253, 254, 255, 256, 257, 258, 259, 260, 261, 262, 263, 264, 265, 266, 267, 268, 269, 270, 271, 272, 273, 274, 275, 276, 277, 278, 279, 280, 281, 282, 283, 284, 285, 286, 287, 288, 289, 290, 291, 292, 293, 294, 295, 296, 297, 298, 299, 300, 301, 302, 303, 304, 305, 306, 307, 308, 309, 310, 311, 312, 313, 314, 315, 316, 317, 318, 319, 320, 321, 322, 323, 324, 325, 326, 327, 328, 329, 330, 331, 332, 333, 334, 335, 336, 337, 338, 339, 340, 341, 342, 343, 344, 345, 346, 347, 348, 349, 350, 351, 352, 353, 354, 355, 356, 357, 358, 359, 360, 361, 362, 363, 364, 365, 366, 367, 368, 369, 370, 371, 372, 373, 374, 375, 376, 377, 378, 379, 380, 381, 382, 383, 384, 385, 386, 387, 388, 389, 390, 391, 392, 393, 394, 395, 396, 397, 398, 399, 400, 401, 402, 403, 404, 405, 406, 407, 408, 409, 410, 411, 412, 413, 414, 415, 416, 417, 418, 419, 420, 421, 422, 423, 424, 425, 426, 427, 428, 429, 430, 431, 432, 433, 434, 435, 436, 437, 438, 439, 440, 441, 442, 443, 444, 445, 446, 447, 448, 449, 450, 451, 452, 453, 454, 455, 456, 457, 458, 459, 460, 461, 462, 463, 464, 465, 466, 467, 468, 469, 470, 471, 472, 473, 474, 475, 476, 477, 478, 479, 480, 481, 482, 483, 484, 485, 486, 487, 488, 489, 490, 491, 492, 493, 494, 495, 496, 497, 498, 499, 500, 501, 502, 503, 504, 505, 506, 507, 508, 509, 510, 511, 512, 513, 514, 515, 516, 517, 518, 519, 520, 521, 522, 523, 524, 525, 526, 527, 528, 529, 530, 531, 532, 533, 534, 535, 536, 537, 538, 539, 540, 541, 542, 543, 544, 545, 546, 547, 548, 549, 550, 551, 552, 553, 554, 555, 556, 557, 558, 559, 560, 561, 562, 563, 564, 565, 566, 567, 568, 569, 570, 571, 572, 573, 574, 575, 576, 577, 578, 579, 580, 581, 582, 583, 584, 585, 586, 587, 588, 589, 590, 591, 592, 593, 594, 595, 596, 597, 598, 599, 600, 601, 602, 603, 604, 605, 606, 607, 608, 609, 610, 611, 612, 613, 614, 615, 616, 617, 618, 619, 620, 621, 622, 623, 624, 625, 626, 627, 628, 629, 630, 631, 632, 633, 634, 635, 636, 637, 638, 639, 640, 641, 642, 643, 644, 645, 646, 647, 648, 649, 650, 651, 652, 653, 654, 655, 656, 657, 658, 659, 660, 661, 662, 663, 664, 665, 666, 667, 668, 669, 670, 671, 672, 673, 674, 675, 676, 677, 678, 679, 680, 681, 682, 683, 684, 685, 686, 687, 688, 689, 690, 691, 692, 693, 694, 695, 696, 697, 698, 699, 700, 701, 702, 703, 704, 705, 706, 707, 708, 709, 710, 711, 712, 713, 714, 715, 716, 717, 718, 719, 720, 721, 722, 723, 724, 725, 726, 727, 728, 729, 730, 731, 732, 733, 734, 735, 736, 737, 738, 739, 740, 741, 742, 743, 744, 745, 746, 747, 748, 749, 750, 751, 752, 753, 754, 755, 756, 757, 758, 759, 760, 761, 762, 763, 764, 765, 766, 767, 768, 769, 770, 771, 772, 773, 774, 775, 776, 777, 778, 779, 780, 781, 782, 783, 784, 785, 786, 787, 788, 789, 790, 791, 792, 793, 794, 795, 796, 797, 798, 799, 800, 801, 802, 803, 804, 805, 806, 807, 808, 809, 810, 811, 812, 813, 814, 815, 816, 817, 818, 819, 820, 821, 822, 823, 824, 825, 826, 827, 828, 829, 830, 831, 832, 833, 834, 835, 836, 837, 838, 839, 840, 841, 842, 843, 844, 845, 846, 847, 848, 849, 850, 851, 852, 853, 854, 855, 856, 857, 858, 859, 860, 861, 862, 863, 864, 865, 866, 867, 868, 869, 870, 871, 872, 873, 874, 875, 876, 877, 878, 879, 880, 881, 882, 883, 884, 885, 886, 887, 888, 889, 890, 891, 892, 893, 894, 895, 896, 897, 898, 899, 900, 901, 902, 903, 904, 905, 906, 907, 908, 909, 910, 911, 912, 913, 914, 915, 916, 917, 918, 919, 920, 921, 922, 923, 924, 925, 926, 927, 928, 929, 930, 931, 932, 933, 934, 935, 936, 937, 938, 939, 940, 941, 942, 943, 944, 945, 946, 947, 948, 949, 950, 951, 952, 953, 954, 955, 956, 957, 958, 959, 960, 961, 962, 963, 964, 965, 966, 967, 968, 969, 970, 971, 972, 973, 974, 975, 976, 977, 978, 979, 980, 981, 982, 983, 984, 985, 986, 987, 988, 989, 990, 991, 992, 993, 994, 995, 996, 997, 998, 999, 1000 } ;


QualityLevels= { 0, 1, 2, 3, 4, 5 } ;

Arcs = { <1,2,490000>, <2,1,490000>,<1,3,490000>, <3,1,490000>,<2,4,490000>, <4,2,490000>,<2,5,490000>, <5,2,490000>,<1,6,490000>, <6,1,490000>,<6,7,490000>, <7,6,490000>,<7,8,490000>, <8,7,490000>,<1,9,490000>, <9,1,490000>,<7,10,490000>, <10,7,490000> }; 


RatePerQuality= [ 0  300  700  1500  2500  3500 ] ;


CacheSpacePerQuality= [ 10000  11.25  26.25  56.25  93.75  131.25 ] ;


UtilityPerQuality= [ 0  0.2  0.4  0.6  0.8  1 ] ;


ObjectsPublishedByProducers=[ [ 0  0  0  1  0  0  0  0  0  0 ]  [ 0  0  0  0  0  0  0  1  0  0 ]  [ 0  0  0  0  1  0  0  0  0  0 ]  [ 0  0  0  0  0  0  0  1  0  0 ]  [ 0  0  0  0  0  0  0  1  0  0 ]  [ 0  0  1  0  0  0  0  0  0  0 ]  [ 0  0  1  0  0  0  0  0  0  0 ]  [ 0  0  0  0  0  0  0  0  0  1 ]  [ 0  0  0  1  0  0  0  0  0  0 ]  [ 0  0  0  1  0  0  0  0  0  0 ]  [ 0  0  0  0  0  0  0  0  0  1 ]  [ 0  0  0  0  1  0  0  0  0  0 ]  [ 0  0  0  0  0  0  0  0  0  1 ]  [ 0  0  0  0  1  0  0  0  0  0 ]  [ 0  0  0  0  0  0  0  1  0  0 ]  [ 0  0  1  0  0  0  0  0  0  0 ]  [ 0  0  0  0  0  0  0  1  0  0 ]  [ 0  0  0  0  0  0  0  0  0  1 ]  [ 0  0  0  0  0  0  0  1  0  0 ]  [ 0  0  0  0  0  0  0  0  1  0 ]  [ 0  0  0  0  0  0  0  0  1  0 ]  [ 0  0  1  0  0  0  0  0  0  0 ]  [ 0  0  0  0  0  0  0  0  1  0 ]  [ 0  0  0  0  0  0  0  1  0  0 ]  [ 0  0  0  1  0  0  0  0  0  0 ]  [ 0  0  1  0  0  0  0  0  0  0 ]  [ 0  0  0  0  0  0  0  0  0  1 ]  [ 0  0  0  0  1  0  0  0  0  0 ]  [ 0  0  0  0  0  0  0  0  1  0 ]  [ 0  0  0  0  0  0  0  0  0  1 ]  [ 0  0  0  0  0  0  0  0  1  0 ]  [ 0  0  0  0  0  0  0  0  0  1 ]  [ 0  0  0  0  1  0  0  0  0  0 ]  [ 0  0  0  0  0  0  0  0  1  0 ]  [ 0  0  0  0  1  0  0  0  0  0 ]  [ 0  0  0  0  0  0  0  0  0  1 ]  [ 0  0  0  0  0  0  0  0  0  1 ]  [ 0  0  1  0  0  0  0  0  0  0 ]  [ 0  0  1  0  0  0  0  0  0  0 ]  [ 0  0  0  1  0  0  0  0  0  0 ]  [ 0  0  0  0  0  0  0  0  0  1 ]  [ 0  0  0  0  1  0  0  0  0  0 ]  [ 0  0  0  0  0  0  0  1  0  0 ]  [ 0  0  0  1  0  0  0  0  0  0 ]  [ 0  0  0  0  0  0  0  1  0  0 ]  [ 0  0  0  0  1  0  0  0  0  0 ]  [ 0  0  0  0  1  0  0  0  0  0 ]  [ 0  0  0  0  0  0  0  1  0  0 ]  [ 0  0  0  0  0  0  0  1  0  0 ]  [ 0  0  0  0  0  0  0  0  0  1 ]  [ 0  0  0  0  0  0  0  0  1  0 ]  [ 0  0  0  0  0  0  0  0  0  1 ]  [ 0  0  0  0  0  0  0  0  0  1 ]  [ 0  0  0  0  0  0  0  0  0  1 ]  [ 0  0  0  0  0  0  0  0  1  0 ]  [ 0  0  1  0  0  0  0  0  0  0 ]  [ 0  0  0  0  0  0  0  0  0  1 ]  [ 0  0  0  0  0  0  0  0  0  1 ]  [ 0  0  0  0  0  0  0  0  0  1 ]  [ 0  0  0  0  0  0  0  1  0  0 ]  [ 0  0  0  0  0  0  0  0  1  0 ]  [ 0  0  0  1  0  0  0  0  0  0 ]  [ 0  0  0  0  0  0  0  0  1  0 ]  [ 0  0  0  0  0  0  0  1  0  0 ]  [ 0  0  0  1  0  0  0  0  0  0 ]  [ 0  0  1  0  0  0  0  0  0  0 ]  [ 0  0  0  0  0  0  0  0  0  1 ]  [ 0  0  0  0  0  0  0  0  0  1 ]  [ 0  0  1  0  0  0  0  0  0  0 ]  [ 0  0  0  0  0  0  0  0  1  0 ]  [ 0  0  0  0  1  0  0  0  0  0 ]  [ 0  0  1  0  0  0  0  0  0  0 ]  [ 0  0  0  1  0  0  0  0  0  0 ]  [ 0  0  0  0  0  0  0  0  1  0 ]  [ 0  0  0  0  0  0  0  0  0  1 ]  [ 0  0  1  0  0  0  0  0  0  0 ]  [ 0  0  0  0  0  0  0  1  0  0 ]  [ 0  0  1  0  0  0  0  0  0  0 ]  [ 0  0  0  0  0  0  0  0  1  0 ]  [ 0  0  0  1  0  0  0  0  0  0 ]  [ 0  0  0  0  0  0  0  0  0  1 ]  [ 0  0  0  0  0  0  0  0  0  1 ]  [ 0  0  0  0  0  0  0  1  0  0 ]  [ 0  0  0  0  0  0  0  0  0  1 ]  [ 0  0  0  1  0  0  0  0  0  0 ]  [ 0  0  1  0  0  0  0  0  0  0 ]  [ 0  0  0  0  0  0  0  1  0  0 ]  [ 0  0  1  0  0  0  0  0  0  0 ]  [ 0  0  0  1  0  0  0  0  0  0 ]  [ 0  0  0  0  1  0  0  0  0  0 ]  [ 0  0  0  0  0  0  0  1  0  0 ]  [ 0  0  1  0  0  0  0  0  0  0 ]  [ 0  0  1  0  0  0  0  0  0  0 ]  [ 0  0  0  0  0  0  0  0  0  1 ]  [ 0  0  0  1  0  0  0  0  0  0 ]  [ 0  0  0  0  0  0  0  0  0  1 ]  [ 0  0  0  0  0  0  0  0  0  1 ]  [ 0  0  0  0  1  0  0  0  0  0 ]  [ 0  0  0  0  1  0  0  0  0  0 ]  [ 0  0  0  0  0  0  0  1  0  0 ]  [ 0  0  0  0  0  0  0  1  0  0 ]  [ 0  0  0  0  0  0  0  1  0  0 ]  [ 0  0  0  0  0  0  0  1  0  0 ]  [ 0  0  0  0  0  0  0  1  0  0 ]  [ 0  0  0  0  0  0  0  0  0  1 ]  [ 0  0  0  0  0  0  0  1  0  0 ]  [ 0  0  0  0  1  0  0  0  0  0 ]  [ 0  0  0  0  0  0  0  0  1  0 ]  [ 0  0  0  1  0  0  0  0  0  0 ]  [ 0  0  0  1  0  0  0  0  0  0 ]  [ 0  0  0  0  0  0  0  0  0  1 ]  [ 0  0  0  0  0  0  0  1  0  0 ]  [ 0  0  0  0  0  0  0  1  0  0 ]  [ 0  0  1  0  0  0  0  0  0  0 ]  [ 0  0  0  0  1  0  0  0  0  0 ]  [ 0  0  0  0  0  0  0  1  0  0 ]  [ 0  0  1  0  0  0  0  0  0  0 ]  [ 0  0  0  0  0  0  0  1  0  0 ]  [ 0  0  0  0  0  0  0  1  0  0 ]  [ 0  0  1  0  0  0  0  0  0  0 ]  [ 0  0  0  0  0  0  0  1  0  0 ]  [ 0  0  0  0  1  0  0  0  0  0 ]  [ 0  0  0  0  0  0  0  0  1  0 ]  [ 0  0  0  0  1  0  0  0  0  0 ]  [ 0  0  0  0  0  0  0  0  1  0 ]  [ 0  0  0  0  0  0  0  0  1  0 ]  [ 0  0  1  0  0  0  0  0  0  0 ]  [ 0  0  1  0  0  0  0  0  0  0 ]  [ 0  0  0  0  0  0  0  0  1  0 ]  [ 0  0  0  0  0  0  0  0  0  1 ]  [ 0  0  0  1  0  0  0  0  0  0 ]  [ 0  0  0  0  1  0  0  0  0  0 ]  [ 0  0  0  0  0  0  0  1  0  0 ]  [ 0  0  0  1  0  0  0  0  0  0 ]  [ 0  0  0  0  1  0  0  0  0  0 ]  [ 0  0  0  1  0  0  0  0  0  0 ]  [ 0  0  0  0  1  0  0  0  0  0 ]  [ 0  0  0  0  0  0  0  1  0  0 ]  [ 0  0  0  1  0  0  0  0  0  0 ]  [ 0  0  0  0  1  0  0  0  0  0 ]  [ 0  0  0  0  0  0  0  0  1  0 ]  [ 0  0  1  0  0  0  0  0  0  0 ]  [ 0  0  0  0  0  0  0  1  0  0 ]  [ 0  0  0  0  0  0  0  0  1  0 ]  [ 0  0  0  1  0  0  0  0  0  0 ]  [ 0  0  0  1  0  0  0  0  0  0 ]  [ 0  0  0  0  0  0  0  0  1  0 ]  [ 0  0  0  1  0  0  0  0  0  0 ]  [ 0  0  0  1  0  0  0  0  0  0 ]  [ 0  0  0  0  1  0  0  0  0  0 ]  [ 0  0  0  0  0  0  0  0  1  0 ]  [ 0  0  1  0  0  0  0  0  0  0 ]  [ 0  0  0  1  0  0  0  0  0  0 ]  [ 0  0  0  0  1  0  0  0  0  0 ]  [ 0  0  0  0  0  0  0  0  0  1 ]  [ 0  0  0  0  1  0  0  0  0  0 ]  [ 0  0  0  0  0  0  0  0  0  1 ]  [ 0  0  0  1  0  0  0  0  0  0 ]  [ 0  0  0  0  1  0  0  0  0  0 ]  [ 0  0  0  0  0  0  0  1  0  0 ]  [ 0  0  0  0  0  0  0  0  0  1 ]  [ 0  0  0  0  1  0  0  0  0  0 ]  [ 0  0  0  1  0  0  0  0  0  0 ]  [ 0  0  1  0  0  0  0  0  0  0 ]  [ 0  0  0  0  0  0  0  1  0  0 ]  [ 0  0  0  1  0  0  0  0  0  0 ]  [ 0  0  0  0  0  0  0  0  1  0 ]  [ 0  0  0  0  0  0  0  0  0  1 ]  [ 0  0  0  1  0  0  0  0  0  0 ]  [ 0  0  0  1  0  0  0  0  0  0 ]  [ 0  0  0  0  0  0  0  0  1  0 ]  [ 0  0  0  0  0  0  0  1  0  0 ]  [ 0  0  0  0  0  0  0  0  1  0 ]  [ 0  0  0  0  1  0  0  0  0  0 ]  [ 0  0  1  0  0  0  0  0  0  0 ]  [ 0  0  0  1  0  0  0  0  0  0 ]  [ 0  0  0  0  0  0  0  0  1  0 ]  [ 0  0  0  1  0  0  0  0  0  0 ]  [ 0  0  0  0  1  0  0  0  0  0 ]  [ 0  0  0  0  1  0  0  0  0  0 ]  [ 0  0  0  0  1  0  0  0  0  0 ]  [ 0  0  0  0  1  0  0  0  0  0 ]  [ 0  0  0  0  0  0  0  0  0  1 ]  [ 0  0  1  0  0  0  0  0  0  0 ]  [ 0  0  1  0  0  0  0  0  0  0 ]  [ 0  0  0  0  0  0  0  0  0  1 ]  [ 0  0  0  0  0  0  0  0  0  1 ]  [ 0  0  0  0  0  0  0  0  0  1 ]  [ 0  0  0  0  1  0  0  0  0  0 ]  [ 0  0  0  0  0  0  0  0  0  1 ]  [ 0  0  0  0  0  0  0  0  0  1 ]  [ 0  0  0  1  0  0  0  0  0  0 ]  [ 0  0  0  0  0  0  0  0  1  0 ]  [ 0  0  0  0  0  0  0  0  0  1 ]  [ 0  0  0  0  0  0  0  1  0  0 ]  [ 0  0  0  0  0  0  0  1  0  0 ]  [ 0  0  0  1  0  0  0  0  0  0 ]  [ 0  0  0  0  1  0  0  0  0  0 ]  [ 0  0  0  1  0  0  0  0  0  0 ]  [ 0  0  1  0  0  0  0  0  0  0 ]  [ 0  0  0  0  0  0  0  1  0  0 ]  [ 0  0  0  1  0  0  0  0  0  0 ]  [ 0  0  0  0  0  0  0  0  1  0 ]  [ 0  0  1  0  0  0  0  0  0  0 ]  [ 0  0  0  0  0  0  0  0  0  1 ]  [ 0  0  0  0  0  0  0  0  1  0 ]  [ 0  0  0  0  0  0  0  0  0  1 ]  [ 0  0  0  0  0  0  0  0  0  1 ]  [ 0  0  0  0  0  0  0  0  0  1 ]  [ 0  0  0  0  0  0  0  1  0  0 ]  [ 0  0  1  0  0  0  0  0  0  0 ]  [ 0  0  0  0  0  0  0  0  1  0 ]  [ 0  0  0  1  0  0  0  0  0  0 ]  [ 0  0  0  1  0  0  0  0  0  0 ]  [ 0  0  0  0  0  0  0  1  0  0 ]  [ 0  0  0  0  0  0  0  1  0  0 ]  [ 0  0  0  0  1  0  0  0  0  0 ]  [ 0  0  0  0  0  0  0  0  0  1 ]  [ 0  0  0  0  0  0  0  1  0  0 ]  [ 0  0  0  0  1  0  0  0  0  0 ]  [ 0  0  0  1  0  0  0  0  0  0 ]  [ 0  0  0  0  0  0  0  0  0  1 ]  [ 0  0  0  0  1  0  0  0  0  0 ]  [ 0  0  0  0  0  0  0  0  1  0 ]  [ 0  0  0  0  1  0  0  0  0  0 ]  [ 0  0  0  1  0  0  0  0  0  0 ]  [ 0  0  0  0  0  0  0  1  0  0 ]  [ 0  0  0  0  0  0  0  0  1  0 ]  [ 0  0  0  1  0  0  0  0  0  0 ]  [ 0  0  0  0  0  0  0  0  1  0 ]  [ 0  0  0  0  0  0  0  0  0  1 ]  [ 0  0  0  0  0  0  0  0  1  0 ]  [ 0  0  0  0  0  0  0  0  1  0 ]  [ 0  0  1  0  0  0  0  0  0  0 ]  [ 0  0  0  0  0  0  0  1  0  0 ]  [ 0  0  0  0  0  0  0  0  0  1 ]  [ 0  0  1  0  0  0  0  0  0  0 ]  [ 0  0  0  1  0  0  0  0  0  0 ]  [ 0  0  0  1  0  0  0  0  0  0 ]  [ 0  0  0  0  0  0  0  1  0  0 ]  [ 0  0  0  0  1  0  0  0  0  0 ]  [ 0  0  0  0  1  0  0  0  0  0 ]  [ 0  0  0  0  0  0  0  0  1  0 ]  [ 0  0  1  0  0  0  0  0  0  0 ]  [ 0  0  1  0  0  0  0  0  0  0 ]  [ 0  0  1  0  0  0  0  0  0  0 ]  [ 0  0  1  0  0  0  0  0  0  0 ]  [ 0  0  1  0  0  0  0  0  0  0 ]  [ 0  0  0  0  0  0  0  0  0  1 ]  [ 0  0  0  0  0  0  0  0  0  1 ]  [ 0  0  1  0  0  0  0  0  0  0 ]  [ 0  0  0  0  0  0  0  1  0  0 ]  [ 0  0  0  1  0  0  0  0  0  0 ]  [ 0  0  0  1  0  0  0  0  0  0 ]  [ 0  0  0  0  1  0  0  0  0  0 ]  [ 0  0  0  0  0  0  0  1  0  0 ]  [ 0  0  0  0  0  0  0  1  0  0 ]  [ 0  0  0  0  1  0  0  0  0  0 ]  [ 0  0  0  1  0  0  0  0  0  0 ]  [ 0  0  0  1  0  0  0  0  0  0 ]  [ 0  0  1  0  0  0  0  0  0  0 ]  [ 0  0  0  0  0  0  0  1  0  0 ]  [ 0  0  0  0  0  0  0  0  1  0 ]  [ 0  0  0  0  1  0  0  0  0  0 ]  [ 0  0  1  0  0  0  0  0  0  0 ]  [ 0  0  0  1  0  0  0  0  0  0 ]  [ 0  0  0  0  1  0  0  0  0  0 ]  [ 0  0  0  0  0  0  0  1  0  0 ]  [ 0  0  0  0  0  0  0  0  1  0 ]  [ 0  0  0  0  1  0  0  0  0  0 ]  [ 0  0  0  0  0  0  0  0  1  0 ]  [ 0  0  0  0  0  0  0  1  0  0 ]  [ 0  0  0  0  1  0  0  0  0  0 ]  [ 0  0  0  0  1  0  0  0  0  0 ]  [ 0  0  0  0  1  0  0  0  0  0 ]  [ 0  0  0  0  0  0  0  0  1  0 ]  [ 0  0  0  0  1  0  0  0  0  0 ]  [ 0  0  0  0  0  0  0  0  1  0 ]  [ 0  0  0  0  1  0  0  0  0  0 ]  [ 0  0  0  1  0  0  0  0  0  0 ]  [ 0  0  0  0  0  0  0  1  0  0 ]  [ 0  0  0  0  0  0  0  0  1  0 ]  [ 0  0  1  0  0  0  0  0  0  0 ]  [ 0  0  0  0  1  0  0  0  0  0 ]  [ 0  0  0  0  1  0  0  0  0  0 ]  [ 0  0  0  0  0  0  0  0  0  1 ]  [ 0  0  0  0  0  0  0  0  0  1 ]  [ 0  0  0  0  1  0  0  0  0  0 ]  [ 0  0  0  0  0  0  0  0  0  1 ]  [ 0  0  0  0  0  0  0  0  1  0 ]  [ 0  0  0  1  0  0  0  0  0  0 ]  [ 0  0  0  0  1  0  0  0  0  0 ]  [ 0  0  1  0  0  0  0  0  0  0 ]  [ 0  0  0  0  0  0  0  0  1  0 ]  [ 0  0  0  0  0  0  0  1  0  0 ]  [ 0  0  0  0  0  0  0  0  0  1 ]  [ 0  0  0  0  0  0  0  0  1  0 ]  [ 0  0  0  0  0  0  0  0  1  0 ]  [ 0  0  0  0  0  0  0  0  1  0 ]  [ 0  0  0  0  0  0  0  1  0  0 ]  [ 0  0  1  0  0  0  0  0  0  0 ]  [ 0  0  0  0  0  0  0  1  0  0 ]  [ 0  0  1  0  0  0  0  0  0  0 ]  [ 0  0  1  0  0  0  0  0  0  0 ]  [ 0  0  0  0  0  0  0  0  1  0 ]  [ 0  0  1  0  0  0  0  0  0  0 ]  [ 0  0  1  0  0  0  0  0  0  0 ]  [ 0  0  1  0  0  0  0  0  0  0 ]  [ 0  0  0  0  0  0  0  0  0  1 ]  [ 0  0  0  1  0  0  0  0  0  0 ]  [ 0  0  1  0  0  0  0  0  0  0 ]  [ 0  0  0  0  0  0  0  0  0  1 ]  [ 0  0  1  0  0  0  0  0  0  0 ]  [ 0  0  0  0  0  0  0  0  0  1 ]  [ 0  0  0  0  0  0  0  0  1  0 ]  [ 0  0  0  0  0  0  0  0  0  1 ]  [ 0  0  0  0  0  0  0  0  0  1 ]  [ 0  0  0  0  0  0  0  1  0  0 ]  [ 0  0  0  0  0  0  0  0  1  0 ]  [ 0  0  1  0  0  0  0  0  0  0 ]  [ 0  0  0  0  0  0  0  0  1  0 ]  [ 0  0  0  0  0  0  0  1  0  0 ]  [ 0  0  0  0  0  0  0  0  1  0 ]  [ 0  0  1  0  0  0  0  0  0  0 ]  [ 0  0  0  0  0  0  0  0  1  0 ]  [ 0  0  0  0  0  0  0  0  0  1 ]  [ 0  0  1  0  0  0  0  0  0  0 ]  [ 0  0  0  1  0  0  0  0  0  0 ]  [ 0  0  0  0  0  0  0  1  0  0 ]  [ 0  0  0  0  0  0  0  0  1  0 ]  [ 0  0  0  1  0  0  0  0  0  0 ]  [ 0  0  0  1  0  0  0  0  0  0 ]  [ 0  0  0  1  0  0  0  0  0  0 ]  [ 0  0  0  0  0  0  0  1  0  0 ]  [ 0  0  0  0  0  0  0  0  1  0 ]  [ 0  0  0  0  1  0  0  0  0  0 ]  [ 0  0  0  0  1  0  0  0  0  0 ]  [ 0  0  0  0  1  0  0  0  0  0 ]  [ 0  0  0  0  1  0  0  0  0  0 ]  [ 0  0  0  0  1  0  0  0  0  0 ]  [ 0  0  1  0  0  0  0  0  0  0 ]  [ 0  0  0  0  0  0  0  1  0  0 ]  [ 0  0  0  0  0  0  0  0  0  1 ]  [ 0  0  0  0  1  0  0  0  0  0 ]  [ 0  0  0  0  0  0  0  0  1  0 ]  [ 0  0  1  0  0  0  0  0  0  0 ]  [ 0  0  0  0  0  0  0  0  1  0 ]  [ 0  0  0  0  0  0  0  0  1  0 ]  [ 0  0  0  0  0  0  0  0  1  0 ]  [ 0  0  0  0  0  0  0  1  0  0 ]  [ 0  0  0  0  1  0  0  0  0  0 ]  [ 0  0  0  0  0  0  0  1  0  0 ]  [ 0  0  0  0  0  0  0  0  0  1 ]  [ 0  0  1  0  0  0  0  0  0  0 ]  [ 0  0  1  0  0  0  0  0  0  0 ]  [ 0  0  0  0  0  0  0  0  1  0 ]  [ 0  0  0  0  0  0  0  0  0  1 ]  [ 0  0  0  0  0  0  0  1  0  0 ]  [ 0  0  0  0  1  0  0  0  0  0 ]  [ 0  0  0  0  0  0  0  0  1  0 ]  [ 0  0  0  1  0  0  0  0  0  0 ]  [ 0  0  0  1  0  0  0  0  0  0 ]  [ 0  0  0  1  0  0  0  0  0  0 ]  [ 0  0  0  0  0  0  0  1  0  0 ]  [ 0  0  0  1  0  0  0  0  0  0 ]  [ 0  0  0  1  0  0  0  0  0  0 ]  [ 0  0  0  0  0  0  0  0  1  0 ]  [ 0  0  0  0  0  0  0  0  0  1 ]  [ 0  0  0  1  0  0  0  0  0  0 ]  [ 0  0  0  0  0  0  0  0  1  0 ]  [ 0  0  0  0  1  0  0  0  0  0 ]  [ 0  0  0  0  0  0  0  0  0  1 ]  [ 0  0  0  0  0  0  0  1  0  0 ]  [ 0  0  0  1  0  0  0  0  0  0 ]  [ 0  0  0  1  0  0  0  0  0  0 ]  [ 0  0  1  0  0  0  0  0  0  0 ]  [ 0  0  0  0  1  0  0  0  0  0 ]  [ 0  0  0  0  1  0  0  0  0  0 ]  [ 0  0  0  1  0  0  0  0  0  0 ]  [ 0  0  0  0  1  0  0  0  0  0 ]  [ 0  0  0  1  0  0  0  0  0  0 ]  [ 0  0  0  0  0  0  0  0  1  0 ]  [ 0  0  1  0  0  0  0  0  0  0 ]  [ 0  0  0  0  0  0  0  0  0  1 ]  [ 0  0  0  0  1  0  0  0  0  0 ]  [ 0  0  0  0  0  0  0  1  0  0 ]  [ 0  0  0  0  1  0  0  0  0  0 ]  [ 0  0  0  0  0  0  0  0  0  1 ]  [ 0  0  0  0  0  0  0  0  1  0 ]  [ 0  0  0  0  0  0  0  1  0  0 ]  [ 0  0  0  0  1  0  0  0  0  0 ]  [ 0  0  0  0  0  0  0  0  1  0 ]  [ 0  0  0  0  0  0  0  0  0  1 ]  [ 0  0  0  0  1  0  0  0  0  0 ]  [ 0  0  0  0  0  0  0  0  1  0 ]  [ 0  0  0  0  0  0  0  0  0  1 ]  [ 0  0  0  0  1  0  0  0  0  0 ]  [ 0  0  0  1  0  0  0  0  0  0 ]  [ 0  0  0  1  0  0  0  0  0  0 ]  [ 0  0  0  0  0  0  0  0  1  0 ]  [ 0  0  0  0  0  0  0  0  1  0 ]  [ 0  0  0  0  0  0  0  0  0  1 ]  [ 0  0  0  0  0  0  0  0  0  1 ]  [ 0  0  0  1  0  0  0  0  0  0 ]  [ 0  0  0  1  0  0  0  0  0  0 ]  [ 0  0  0  1  0  0  0  0  0  0 ]  [ 0  0  0  1  0  0  0  0  0  0 ]  [ 0  0  0  0  0  0  0  0  1  0 ]  [ 0  0  0  0  0  0  0  0  0  1 ]  [ 0  0  0  0  0  0  0  0  0  1 ]  [ 0  0  0  1  0  0  0  0  0  0 ]  [ 0  0  0  0  0  0  0  0  0  1 ]  [ 0  0  0  1  0  0  0  0  0  0 ]  [ 0  0  0  0  1  0  0  0  0  0 ]  [ 0  0  0  0  0  0  0  0  1  0 ]  [ 0  0  1  0  0  0  0  0  0  0 ]  [ 0  0  1  0  0  0  0  0  0  0 ]  [ 0  0  0  0  0  0  0  0  0  1 ]  [ 0  0  0  1  0  0  0  0  0  0 ]  [ 0  0  0  0  1  0  0  0  0  0 ]  [ 0  0  0  0  0  0  0  1  0  0 ]  [ 0  0  0  0  0  0  0  0  1  0 ]  [ 0  0  1  0  0  0  0  0  0  0 ]  [ 0  0  0  0  1  0  0  0  0  0 ]  [ 0  0  0  0  1  0  0  0  0  0 ]  [ 0  0  0  0  1  0  0  0  0  0 ]  [ 0  0  0  1  0  0  0  0  0  0 ]  [ 0  0  0  0  0  0  0  1  0  0 ]  [ 0  0  0  0  0  0  0  0  0  1 ]  [ 0  0  0  0  1  0  0  0  0  0 ]  [ 0  0  0  0  0  0  0  1  0  0 ]  [ 0  0  1  0  0  0  0  0  0  0 ]  [ 0  0  0  1  0  0  0  0  0  0 ]  [ 0  0  0  0  0  0  0  1  0  0 ]  [ 0  0  1  0  0  0  0  0  0  0 ]  [ 0  0  0  0  0  0  0  0  0  1 ]  [ 0  0  0  0  0  0  0  0  0  1 ]  [ 0  0  1  0  0  0  0  0  0  0 ]  [ 0  0  0  0  0  0  0  0  0  1 ]  [ 0  0  0  0  1  0  0  0  0  0 ]  [ 0  0  0  0  0  0  0  0  1  0 ]  [ 0  0  0  0  0  0  0  0  1  0 ]  [ 0  0  0  1  0  0  0  0  0  0 ]  [ 0  0  0  0  0  0  0  0  1  0 ]  [ 0  0  0  0  0  0  0  1  0  0 ]  [ 0  0  0  0  0  0  0  0  1  0 ]  [ 0  0  0  1  0  0  0  0  0  0 ]  [ 0  0  0  0  0  0  0  0  1  0 ]  [ 0  0  0  0  0  0  0  0  0  1 ]  [ 0  0  0  0  0  0  0  0  1  0 ]  [ 0  0  0  0  0  0  0  1  0  0 ]  [ 0  0  1  0  0  0  0  0  0  0 ]  [ 0  0  0  0  1  0  0  0  0  0 ]  [ 0  0  0  0  1  0  0  0  0  0 ]  [ 0  0  0  0  0  0  0  0  1  0 ]  [ 0  0  0  0  0  0  0  0  1  0 ]  [ 0  0  0  0  0  0  0  1  0  0 ]  [ 0  0  0  1  0  0  0  0  0  0 ]  [ 0  0  0  0  0  0  0  1  0  0 ]  [ 0  0  0  0  0  0  0  1  0  0 ]  [ 0  0  0  1  0  0  0  0  0  0 ]  [ 0  0  0  0  0  0  0  0  0  1 ]  [ 0  0  0  0  0  0  0  1  0  0 ]  [ 0  0  1  0  0  0  0  0  0  0 ]  [ 0  0  0  0  0  0  0  0  0  1 ]  [ 0  0  1  0  0  0  0  0  0  0 ]  [ 0  0  0  1  0  0  0  0  0  0 ]  [ 0  0  0  0  0  0  0  0  1  0 ]  [ 0  0  0  0  0  0  0  1  0  0 ]  [ 0  0  0  0  0  0  0  1  0  0 ]  [ 0  0  0  0  0  0  0  1  0  0 ]  [ 0  0  0  0  1  0  0  0  0  0 ]  [ 0  0  0  1  0  0  0  0  0  0 ]  [ 0  0  0  1  0  0  0  0  0  0 ]  [ 0  0  1  0  0  0  0  0  0  0 ]  [ 0  0  0  0  0  0  0  0  1  0 ]  [ 0  0  0  0  0  0  0  0  1  0 ]  [ 0  0  0  0  0  0  0  1  0  0 ]  [ 0  0  0  0  0  0  0  0  1  0 ]  [ 0  0  0  0  1  0  0  0  0  0 ]  [ 0  0  0  1  0  0  0  0  0  0 ]  [ 0  0  0  0  1  0  0  0  0  0 ]  [ 0  0  0  0  0  0  0  0  0  1 ]  [ 0  0  1  0  0  0  0  0  0  0 ]  [ 0  0  0  0  0  0  0  1  0  0 ]  [ 0  0  0  1  0  0  0  0  0  0 ]  [ 0  0  0  0  0  0  0  0  1  0 ]  [ 0  0  0  0  1  0  0  0  0  0 ]  [ 0  0  0  1  0  0  0  0  0  0 ]  [ 0  0  0  0  1  0  0  0  0  0 ]  [ 0  0  0  0  0  0  0  1  0  0 ]  [ 0  0  0  0  0  0  0  0  1  0 ]  [ 0  0  0  0  1  0  0  0  0  0 ]  [ 0  0  0  0  0  0  0  0  0  1 ]  [ 0  0  1  0  0  0  0  0  0  0 ]  [ 0  0  0  1  0  0  0  0  0  0 ]  [ 0  0  1  0  0  0  0  0  0  0 ]  [ 0  0  1  0  0  0  0  0  0  0 ]  [ 0  0  0  0  0  0  0  0  1  0 ]  [ 0  0  0  0  0  0  0  0  1  0 ]  [ 0  0  0  1  0  0  0  0  0  0 ]  [ 0  0  0  1  0  0  0  0  0  0 ]  [ 0  0  0  0  1  0  0  0  0  0 ]  [ 0  0  0  0  0  0  0  0  1  0 ]  [ 0  0  0  0  0  0  0  0  1  0 ]  [ 0  0  0  0  0  0  0  0  1  0 ]  [ 0  0  0  0  0  0  0  1  0  0 ]  [ 0  0  1  0  0  0  0  0  0  0 ]  [ 0  0  0  0  1  0  0  0  0  0 ]  [ 0  0  0  1  0  0  0  0  0  0 ]  [ 0  0  0  0  0  0  0  1  0  0 ]  [ 0  0  0  0  0  0  0  1  0  0 ]  [ 0  0  0  1  0  0  0  0  0  0 ]  [ 0  0  0  1  0  0  0  0  0  0 ]  [ 0  0  0  0  0  0  0  0  1  0 ]  [ 0  0  1  0  0  0  0  0  0  0 ]  [ 0  0  0  0  0  0  0  0  1  0 ]  [ 0  0  0  0  0  0  0  0  0  1 ]  [ 0  0  0  0  0  0  0  0  0  1 ]  [ 0  0  0  0  1  0  0  0  0  0 ]  [ 0  0  0  0  0  0  0  1  0  0 ]  [ 0  0  0  0  0  0  0  1  0  0 ]  [ 0  0  0  0  0  0  0  1  0  0 ]  [ 0  0  0  0  0  0  0  0  0  1 ]  [ 0  0  0  0  0  0  0  0  1  0 ]  [ 0  0  0  1  0  0  0  0  0  0 ]  [ 0  0  0  0  0  0  0  0  0  1 ]  [ 0  0  0  0  1  0  0  0  0  0 ]  [ 0  0  0  0  0  0  0  1  0  0 ]  [ 0  0  0  0  0  0  0  0  1  0 ]  [ 0  0  1  0  0  0  0  0  0  0 ]  [ 0  0  0  0  0  0  0  0  1  0 ]  [ 0  0  0  0  0  0  0  1  0  0 ]  [ 0  0  0  0  1  0  0  0  0  0 ]  [ 0  0  0  0  0  0  0  1  0  0 ]  [ 0  0  0  0  1  0  0  0  0  0 ]  [ 0  0  0  1  0  0  0  0  0  0 ]  [ 0  0  0  0  0  0  0  1  0  0 ]  [ 0  0  1  0  0  0  0  0  0  0 ]  [ 0  0  0  0  0  0  0  1  0  0 ]  [ 0  0  0  0  0  0  0  1  0  0 ]  [ 0  0  0  0  1  0  0  0  0  0 ]  [ 0  0  0  0  0  0  0  1  0  0 ]  [ 0  0  0  0  0  0  0  0  0  1 ]  [ 0  0  0  0  0  0  0  0  0  1 ]  [ 0  0  1  0  0  0  0  0  0  0 ]  [ 0  0  0  0  0  0  0  0  1  0 ]  [ 0  0  0  0  0  0  0  1  0  0 ]  [ 0  0  1  0  0  0  0  0  0  0 ]  [ 0  0  0  0  1  0  0  0  0  0 ]  [ 0  0  0  1  0  0  0  0  0  0 ]  [ 0  0  1  0  0  0  0  0  0  0 ]  [ 0  0  0  0  0  0  0  1  0  0 ]  [ 0  0  0  0  0  0  0  0  0  1 ]  [ 0  0  0  1  0  0  0  0  0  0 ]  [ 0  0  0  0  0  0  0  0  0  1 ]  [ 0  0  0  0  0  0  0  0  1  0 ]  [ 0  0  1  0  0  0  0  0  0  0 ]  [ 0  0  0  0  0  0  0  0  0  1 ]  [ 0  0  0  0  0  0  0  1  0  0 ]  [ 0  0  0  0  0  0  0  0  0  1 ]  [ 0  0  0  0  0  0  0  0  1  0 ]  [ 0  0  0  0  0  0  0  0  1  0 ]  [ 0  0  0  0  1  0  0  0  0  0 ]  [ 0  0  0  0  0  0  0  0  1  0 ]  [ 0  0  0  0  0  0  0  0  0  1 ]  [ 0  0  0  0  0  0  0  0  0  1 ]  [ 0  0  0  0  1  0  0  0  0  0 ]  [ 0  0  0  0  0  0  0  0  1  0 ]  [ 0  0  0  0  1  0  0  0  0  0 ]  [ 0  0  1  0  0  0  0  0  0  0 ]  [ 0  0  1  0  0  0  0  0  0  0 ]  [ 0  0  1  0  0  0  0  0  0  0 ]  [ 0  0  0  1  0  0  0  0  0  0 ]  [ 0  0  1  0  0  0  0  0  0  0 ]  [ 0  0  0  0  1  0  0  0  0  0 ]  [ 0  0  0  0  0  0  0  0  1  0 ]  [ 0  0  0  0  0  0  0  1  0  0 ]  [ 0  0  0  0  1  0  0  0  0  0 ]  [ 0  0  0  0  0  0  0  1  0  0 ]  [ 0  0  0  1  0  0  0  0  0  0 ]  [ 0  0  0  0  1  0  0  0  0  0 ]  [ 0  0  0  0  0  0  0  0  1  0 ]  [ 0  0  0  0  1  0  0  0  0  0 ]  [ 0  0  0  1  0  0  0  0  0  0 ]  [ 0  0  0  0  0  0  0  0  0  1 ]  [ 0  0  0  0  0  0  0  0  1  0 ]  [ 0  0  0  0  1  0  0  0  0  0 ]  [ 0  0  0  0  1  0  0  0  0  0 ]  [ 0  0  0  0  0  0  0  1  0  0 ]  [ 0  0  0  0  0  0  0  1  0  0 ]  [ 0  0  0  1  0  0  0  0  0  0 ]  [ 0  0  1  0  0  0  0  0  0  0 ]  [ 0  0  0  1  0  0  0  0  0  0 ]  [ 0  0  0  0  0  0  0  0  1  0 ]  [ 0  0  1  0  0  0  0  0  0  0 ]  [ 0  0  0  0  1  0  0  0  0  0 ]  [ 0  0  0  1  0  0  0  0  0  0 ]  [ 0  0  0  1  0  0  0  0  0  0 ]  [ 0  0  0  1  0  0  0  0  0  0 ]  [ 0  0  0  0  1  0  0  0  0  0 ]  [ 0  0  0  1  0  0  0  0  0  0 ]  [ 0  0  1  0  0  0  0  0  0  0 ]  [ 0  0  1  0  0  0  0  0  0  0 ]  [ 0  0  0  1  0  0  0  0  0  0 ]  [ 0  0  0  0  1  0  0  0  0  0 ]  [ 0  0  1  0  0  0  0  0  0  0 ]  [ 0  0  1  0  0  0  0  0  0  0 ]  [ 0  0  0  0  1  0  0  0  0  0 ]  [ 0  0  0  0  1  0  0  0  0  0 ]  [ 0  0  0  0  0  0  0  0  1  0 ]  [ 0  0  1  0  0  0  0  0  0  0 ]  [ 0  0  0  0  1  0  0  0  0  0 ]  [ 0  0  0  0  1  0  0  0  0  0 ]  [ 0  0  1  0  0  0  0  0  0  0 ]  [ 0  0  0  0  0  0  0  0  0  1 ]  [ 0  0  0  1  0  0  0  0  0  0 ]  [ 0  0  1  0  0  0  0  0  0  0 ]  [ 0  0  0  0  1  0  0  0  0  0 ]  [ 0  0  1  0  0  0  0  0  0  0 ]  [ 0  0  0  0  0  0  0  1  0  0 ]  [ 0  0  0  0  1  0  0  0  0  0 ]  [ 0  0  1  0  0  0  0  0  0  0 ]  [ 0  0  1  0  0  0  0  0  0  0 ]  [ 0  0  0  0  0  0  0  0  1  0 ]  [ 0  0  0  1  0  0  0  0  0  0 ]  [ 0  0  0  0  0  0  0  0  1  0 ]  [ 0  0  0  0  1  0  0  0  0  0 ]  [ 0  0  0  0  0  0  0  0  0  1 ]  [ 0  0  0  1  0  0  0  0  0  0 ]  [ 0  0  0  1  0  0  0  0  0  0 ]  [ 0  0  0  1  0  0  0  0  0  0 ]  [ 0  0  0  0  0  0  0  0  1  0 ]  [ 0  0  0  0  0  0  0  1  0  0 ]  [ 0  0  0  0  1  0  0  0  0  0 ]  [ 0  0  1  0  0  0  0  0  0  0 ]  [ 0  0  0  0  0  0  0  0  1  0 ]  [ 0  0  0  0  0  0  0  0  0  1 ]  [ 0  0  0  0  0  0  0  1  0  0 ]  [ 0  0  1  0  0  0  0  0  0  0 ]  [ 0  0  1  0  0  0  0  0  0  0 ]  [ 0  0  1  0  0  0  0  0  0  0 ]  [ 0  0  0  1  0  0  0  0  0  0 ]  [ 0  0  1  0  0  0  0  0  0  0 ]  [ 0  0  1  0  0  0  0  0  0  0 ]  [ 0  0  0  0  0  0  0  1  0  0 ]  [ 0  0  0  0  0  0  0  0  0  1 ]  [ 0  0  0  1  0  0  0  0  0  0 ]  [ 0  0  0  0  0  0  0  0  0  1 ]  [ 0  0  0  0  1  0  0  0  0  0 ]  [ 0  0  0  0  0  0  0  0  1  0 ]  [ 0  0  0  0  0  0  0  0  0  1 ]  [ 0  0  0  0  0  0  0  0  0  1 ]  [ 0  0  1  0  0  0  0  0  0  0 ]  [ 0  0  0  1  0  0  0  0  0  0 ]  [ 0  0  0  0  0  0  0  1  0  0 ]  [ 0  0  0  0  0  0  0  0  0  1 ]  [ 0  0  1  0  0  0  0  0  0  0 ]  [ 0  0  0  1  0  0  0  0  0  0 ]  [ 0  0  0  0  0  0  0  0  0  1 ]  [ 0  0  1  0  0  0  0  0  0  0 ]  [ 0  0  0  0  1  0  0  0  0  0 ]  [ 0  0  0  0  1  0  0  0  0  0 ]  [ 0  0  0  0  0  0  0  0  1  0 ]  [ 0  0  0  0  0  0  0  0  0  1 ]  [ 0  0  0  1  0  0  0  0  0  0 ]  [ 0  0  0  0  0  0  0  0  1  0 ]  [ 0  0  0  0  0  0  0  0  1  0 ]  [ 0  0  0  0  0  0  0  0  0  1 ]  [ 0  0  0  0  0  0  0  1  0  0 ]  [ 0  0  0  0  0  0  0  0  0  1 ]  [ 0  0  0  0  1  0  0  0  0  0 ]  [ 0  0  0  0  1  0  0  0  0  0 ]  [ 0  0  0  1  0  0  0  0  0  0 ]  [ 0  0  0  0  0  0  0  0  1  0 ]  [ 0  0  0  0  1  0  0  0  0  0 ]  [ 0  0  0  1  0  0  0  0  0  0 ]  [ 0  0  0  1  0  0  0  0  0  0 ]  [ 0  0  0  0  0  0  0  0  1  0 ]  [ 0  0  0  0  0  0  0  1  0  0 ]  [ 0  0  0  0  0  0  0  0  1  0 ]  [ 0  0  0  0  1  0  0  0  0  0 ]  [ 0  0  0  0  1  0  0  0  0  0 ]  [ 0  0  1  0  0  0  0  0  0  0 ]  [ 0  0  0  0  0  0  0  0  1  0 ]  [ 0  0  1  0  0  0  0  0  0  0 ]  [ 0  0  0  0  1  0  0  0  0  0 ]  [ 0  0  0  0  0  0  0  0  1  0 ]  [ 0  0  0  0  0  0  0  0  1  0 ]  [ 0  0  1  0  0  0  0  0  0  0 ]  [ 0  0  0  1  0  0  0  0  0  0 ]  [ 0  0  0  0  0  0  0  0  0  1 ]  [ 0  0  0  0  0  0  0  1  0  0 ]  [ 0  0  0  0  0  0  0  0  0  1 ]  [ 0  0  0  0  0  0  0  0  0  1 ]  [ 0  0  0  0  1  0  0  0  0  0 ]  [ 0  0  0  0  0  0  0  0  0  1 ]  [ 0  0  0  0  0  0  0  0  1  0 ]  [ 0  0  0  0  1  0  0  0  0  0 ]  [ 0  0  0  0  1  0  0  0  0  0 ]  [ 0  0  1  0  0  0  0  0  0  0 ]  [ 0  0  0  0  1  0  0  0  0  0 ]  [ 0  0  0  0  0  0  0  0  0  1 ]  [ 0  0  1  0  0  0  0  0  0  0 ]  [ 0  0  0  0  0  0  0  1  0  0 ]  [ 0  0  1  0  0  0  0  0  0  0 ]  [ 0  0  1  0  0  0  0  0  0  0 ]  [ 0  0  0  0  0  0  0  1  0  0 ]  [ 0  0  0  1  0  0  0  0  0  0 ]  [ 0  0  1  0  0  0  0  0  0  0 ]  [ 0  0  1  0  0  0  0  0  0  0 ]  [ 0  0  0  0  0  0  0  1  0  0 ]  [ 0  0  0  0  0  0  0  1  0  0 ]  [ 0  0  1  0  0  0  0  0  0  0 ]  [ 0  0  0  1  0  0  0  0  0  0 ]  [ 0  0  0  0  0  0  0  0  0  1 ]  [ 0  0  0  1  0  0  0  0  0  0 ]  [ 0  0  0  0  0  0  0  1  0  0 ]  [ 0  0  0  0  1  0  0  0  0  0 ]  [ 0  0  0  0  0  0  0  0  1  0 ]  [ 0  0  0  0  0  0  0  1  0  0 ]  [ 0  0  0  0  0  0  0  0  1  0 ]  [ 0  0  0  0  0  0  0  1  0  0 ]  [ 0  0  0  1  0  0  0  0  0  0 ]  [ 0  0  0  1  0  0  0  0  0  0 ]  [ 0  0  1  0  0  0  0  0  0  0 ]  [ 0  0  0  0  0  0  0  0  1  0 ]  [ 0  0  1  0  0  0  0  0  0  0 ]  [ 0  0  1  0  0  0  0  0  0  0 ]  [ 0  0  0  0  0  0  0  0  0  1 ]  [ 0  0  0  1  0  0  0  0  0  0 ]  [ 0  0  0  0  0  0  0  0  0  1 ]  [ 0  0  1  0  0  0  0  0  0  0 ]  [ 0  0  0  0  1  0  0  0  0  0 ]  [ 0  0  0  1  0  0  0  0  0  0 ]  [ 0  0  0  0  0  0  0  0  1  0 ]  [ 0  0  0  0  0  0  0  1  0  0 ]  [ 0  0  0  0  0  0  0  1  0  0 ]  [ 0  0  0  0  0  0  0  0  1  0 ]  [ 0  0  0  0  0  0  0  0  0  1 ]  [ 0  0  0  0  1  0  0  0  0  0 ]  [ 0  0  0  0  0  0  0  1  0  0 ]  [ 0  0  0  0  1  0  0  0  0  0 ]  [ 0  0  1  0  0  0  0  0  0  0 ]  [ 0  0  0  0  0  0  0  0  0  1 ]  [ 0  0  0  0  0  0  0  1  0  0 ]  [ 0  0  0  0  0  0  0  0  1  0 ]  [ 0  0  0  1  0  0  0  0  0  0 ]  [ 0  0  0  0  0  0  0  1  0  0 ]  [ 0  0  0  0  1  0  0  0  0  0 ]  [ 0  0  0  0  0  0  0  0  1  0 ]  [ 0  0  1  0  0  0  0  0  0  0 ]  [ 0  0  0  0  1  0  0  0  0  0 ]  [ 0  0  0  0  1  0  0  0  0  0 ]  [ 0  0  1  0  0  0  0  0  0  0 ]  [ 0  0  0  0  0  0  0  1  0  0 ]  [ 0  0  0  0  0  0  0  0  1  0 ]  [ 0  0  0  0  1  0  0  0  0  0 ]  [ 0  0  0  0  0  0  0  1  0  0 ]  [ 0  0  0  0  0  0  0  1  0  0 ]  [ 0  0  0  1  0  0  0  0  0  0 ]  [ 0  0  0  0  1  0  0  0  0  0 ]  [ 0  0  0  0  0  0  0  0  0  1 ]  [ 0  0  0  0  1  0  0  0  0  0 ]  [ 0  0  0  0  1  0  0  0  0  0 ]  [ 0  0  1  0  0  0  0  0  0  0 ]  [ 0  0  0  1  0  0  0  0  0  0 ]  [ 0  0  1  0  0  0  0  0  0  0 ]  [ 0  0  0  0  0  0  0  0  0  1 ]  [ 0  0  0  0  0  0  0  0  1  0 ]  [ 0  0  0  0  0  0  0  0  0  1 ]  [ 0  0  0  0  0  0  0  0  0  1 ]  [ 0  0  0  0  0  0  0  1  0  0 ]  [ 0  0  0  0  0  0  0  0  0  1 ]  [ 0  0  0  0  0  0  0  1  0  0 ]  [ 0  0  0  0  1  0  0  0  0  0 ]  [ 0  0  0  0  0  0  0  0  0  1 ]  [ 0  0  0  0  0  0  0  0  0  1 ]  [ 0  0  0  0  0  0  0  0  0  1 ]  [ 0  0  0  0  1  0  0  0  0  0 ]  [ 0  0  0  0  0  0  0  0  1  0 ]  [ 0  0  0  0  1  0  0  0  0  0 ]  [ 0  0  0  0  0  0  0  0  0  1 ]  [ 0  0  0  0  0  0  0  0  0  1 ]  [ 0  0  0  1  0  0  0  0  0  0 ]  [ 0  0  0  0  0  0  0  0  0  1 ]  [ 0  0  0  1  0  0  0  0  0  0 ]  [ 0  0  1  0  0  0  0  0  0  0 ]  [ 0  0  0  0  0  0  0  0  1  0 ]  [ 0  0  0  1  0  0  0  0  0  0 ]  [ 0  0  0  0  0  0  0  1  0  0 ]  [ 0  0  0  0  0  0  0  1  0  0 ]  [ 0  0  1  0  0  0  0  0  0  0 ]  [ 0  0  0  0  0  0  0  0  1  0 ]  [ 0  0  0  1  0  0  0  0  0  0 ]  [ 0  0  0  0  1  0  0  0  0  0 ]  [ 0  0  0  0  1  0  0  0  0  0 ]  [ 0  0  0  0  0  0  0  0  1  0 ]  [ 0  0  0  0  0  0  0  0  1  0 ]  [ 0  0  0  1  0  0  0  0  0  0 ]  [ 0  0  1  0  0  0  0  0  0  0 ]  [ 0  0  0  1  0  0  0  0  0  0 ]  [ 0  0  0  0  1  0  0  0  0  0 ]  [ 0  0  1  0  0  0  0  0  0  0 ]  [ 0  0  1  0  0  0  0  0  0  0 ]  [ 0  0  0  0  0  0  0  0  1  0 ]  [ 0  0  0  0  0  0  0  0  1  0 ]  [ 0  0  0  0  0  0  0  0  0  1 ]  [ 0  0  0  0  0  0  0  0  0  1 ]  [ 0  0  0  0  0  0  0  0  0  1 ]  [ 0  0  0  0  1  0  0  0  0  0 ]  [ 0  0  1  0  0  0  0  0  0  0 ]  [ 0  0  0  1  0  0  0  0  0  0 ]  [ 0  0  0  0  1  0  0  0  0  0 ]  [ 0  0  0  0  0  0  0  1  0  0 ]  [ 0  0  0  0  0  0  0  1  0  0 ]  [ 0  0  0  0  1  0  0  0  0  0 ]  [ 0  0  0  0  0  0  0  0  0  1 ]  [ 0  0  0  1  0  0  0  0  0  0 ]  [ 0  0  0  0  1  0  0  0  0  0 ]  [ 0  0  0  0  0  0  0  0  0  1 ]  [ 0  0  0  0  0  0  0  0  1  0 ]  [ 0  0  0  1  0  0  0  0  0  0 ]  [ 0  0  0  1  0  0  0  0  0  0 ]  [ 0  0  0  0  0  0  0  0  1  0 ]  [ 0  0  1  0  0  0  0  0  0  0 ]  [ 0  0  1  0  0  0  0  0  0  0 ]  [ 0  0  0  0  0  0  0  1  0  0 ]  [ 0  0  0  0  0  0  0  1  0  0 ]  [ 0  0  1  0  0  0  0  0  0  0 ]  [ 0  0  1  0  0  0  0  0  0  0 ]  [ 0  0  0  1  0  0  0  0  0  0 ]  [ 0  0  0  0  0  0  0  0  1  0 ]  [ 0  0  0  0  1  0  0  0  0  0 ]  [ 0  0  0  0  0  0  0  0  0  1 ]  [ 0  0  0  0  0  0  0  0  1  0 ]  [ 0  0  0  0  0  0  0  0  0  1 ]  [ 0  0  1  0  0  0  0  0  0  0 ]  [ 0  0  0  1  0  0  0  0  0  0 ]  [ 0  0  1  0  0  0  0  0  0  0 ]  [ 0  0  0  0  1  0  0  0  0  0 ]  [ 0  0  0  0  1  0  0  0  0  0 ]  [ 0  0  1  0  0  0  0  0  0  0 ]  [ 0  0  0  0  0  0  0  1  0  0 ]  [ 0  0  1  0  0  0  0  0  0  0 ]  [ 0  0  0  1  0  0  0  0  0  0 ]  [ 0  0  0  1  0  0  0  0  0  0 ]  [ 0  0  0  0  0  0  0  0  1  0 ]  [ 0  0  0  0  1  0  0  0  0  0 ]  [ 0  0  0  1  0  0  0  0  0  0 ]  [ 0  0  1  0  0  0  0  0  0  0 ]  [ 0  0  0  0  1  0  0  0  0  0 ]  [ 0  0  0  0  0  0  0  1  0  0 ]  [ 0  0  0  0  0  0  0  0  1  0 ]  [ 0  0  0  0  0  0  0  0  0  1 ]  [ 0  0  0  0  0  0  0  0  1  0 ]  [ 0  0  0  1  0  0  0  0  0  0 ]  [ 0  0  1  0  0  0  0  0  0  0 ]  [ 0  0  0  0  0  0  0  0  1  0 ]  [ 0  0  0  0  0  0  0  0  1  0 ]  [ 0  0  0  0  0  0  0  1  0  0 ]  [ 0  0  0  0  0  0  0  0  1  0 ]  [ 0  0  0  0  0  0  0  1  0  0 ]  [ 0  0  0  1  0  0  0  0  0  0 ]  [ 0  0  0  1  0  0  0  0  0  0 ]  [ 0  0  1  0  0  0  0  0  0  0 ]  [ 0  0  0  0  0  0  0  1  0  0 ]  [ 0  0  0  0  0  0  0  0  0  1 ]  [ 0  0  0  0  0  0  0  0  0  1 ]  [ 0  0  0  0  1  0  0  0  0  0 ]  [ 0  0  0  0  0  0  0  1  0  0 ]  [ 0  0  0  0  0  0  0  0  0  1 ]  [ 0  0  0  0  0  0  0  0  1  0 ]  [ 0  0  0  0  0  0  0  1  0  0 ]  [ 0  0  0  0  1  0  0  0  0  0 ]  [ 0  0  0  0  0  0  0  1  0  0 ]  [ 0  0  0  1  0  0  0  0  0  0 ]  [ 0  0  0  1  0  0  0  0  0  0 ]  [ 0  0  0  0  0  0  0  0  1  0 ]  [ 0  0  0  0  0  0  0  0  0  1 ]  [ 0  0  0  0  0  0  0  1  0  0 ]  [ 0  0  0  0  1  0  0  0  0  0 ]  [ 0  0  0  0  1  0  0  0  0  0 ]  [ 0  0  0  0  1  0  0  0  0  0 ]  [ 0  0  0  0  0  0  0  0  1  0 ]  [ 0  0  0  0  1  0  0  0  0  0 ]  [ 0  0  0  0  0  0  0  0  0  1 ]  [ 0  0  1  0  0  0  0  0  0  0 ]  [ 0  0  0  1  0  0  0  0  0  0 ]  [ 0  0  0  0  0  0  0  1  0  0 ]  [ 0  0  0  0  1  0  0  0  0  0 ]  [ 0  0  0  0  0  0  0  0  0  1 ]  [ 0  0  0  0  0  0  0  0  1  0 ]  [ 0  0  0  0  0  0  0  0  0  1 ]  [ 0  0  0  0  0  0  0  1  0  0 ]  [ 0  0  1  0  0  0  0  0  0  0 ]  [ 0  0  0  0  0  0  0  1  0  0 ]  [ 0  0  0  0  0  0  0  1  0  0 ]  [ 0  0  0  0  1  0  0  0  0  0 ]  [ 0  0  0  1  0  0  0  0  0  0 ]  [ 0  0  0  0  0  0  0  0  1  0 ]  [ 0  0  0  0  0  0  0  0  0  1 ]  [ 0  0  1  0  0  0  0  0  0  0 ]  [ 0  0  0  0  0  0  0  0  1  0 ]  [ 0  0  0  0  1  0  0  0  0  0 ]  [ 0  0  0  0  0  0  0  1  0  0 ]  [ 0  0  0  0  0  0  0  0  0  1 ]  [ 0  0  0  0  0  0  0  0  0  1 ]  [ 0  0  0  0  0  0  0  1  0  0 ]  [ 0  0  0  1  0  0  0  0  0  0 ]  [ 0  0  0  0  0  0  0  0  0  1 ]  [ 0  0  0  1  0  0  0  0  0  0 ]  [ 0  0  0  0  1  0  0  0  0  0 ]  [ 0  0  0  0  0  0  0  0  1  0 ]  [ 0  0  0  1  0  0  0  0  0  0 ]  [ 0  0  0  1  0  0  0  0  0  0 ]  [ 0  0  0  0  0  0  0  0  0  1 ]  [ 0  0  0  0  0  0  0  0  0  1 ]  [ 0  0  0  1  0  0  0  0  0  0 ]  [ 0  0  0  0  1  0  0  0  0  0 ]  [ 0  0  0  1  0  0  0  0  0  0 ]  [ 0  0  1  0  0  0  0  0  0  0 ]  [ 0  0  0  1  0  0  0  0  0  0 ]  [ 0  0  0  0  0  0  0  0  0  1 ]  [ 0  0  1  0  0  0  0  0  0  0 ]  [ 0  0  0  1  0  0  0  0  0  0 ]  [ 0  0  0  1  0  0  0  0  0  0 ]  [ 0  0  1  0  0  0  0  0  0  0 ]  [ 0  0  0  0  0  0  0  1  0  0 ]  [ 0  0  0  0  0  0  0  0  1  0 ]  [ 0  0  0  0  0  0  0  0  0  1 ]  [ 0  0  0  0  0  0  0  1  0  0 ]  [ 0  0  0  0  0  0  0  0  1  0 ]  [ 0  0  1  0  0  0  0  0  0  0 ]  [ 0  0  0  1  0  0  0  0  0  0 ]  [ 0  0  0  0  0  0  0  0  0  1 ]  [ 0  0  1  0  0  0  0  0  0  0 ]  [ 0  0  0  1  0  0  0  0  0  0 ]  [ 0  0  0  0  1  0  0  0  0  0 ]  [ 0  0  0  1  0  0  0  0  0  0 ]  [ 0  0  0  0  0  0  0  1  0  0 ]  [ 0  0  1  0  0  0  0  0  0  0 ]  [ 0  0  0  1  0  0  0  0  0  0 ]  [ 0  0  0  0  0  0  0  0  0  1 ]  [ 0  0  1  0  0  0  0  0  0  0 ]  [ 0  0  0  0  0  0  0  0  0  1 ]  [ 0  0  0  1  0  0  0  0  0  0 ]  [ 0  0  0  0  0  0  0  0  0  1 ]  [ 0  0  0  0  0  0  0  0  1  0 ]  [ 0  0  0  0  0  0  0  1  0  0 ]  [ 0  0  1  0  0  0  0  0  0  0 ]  [ 0  0  1  0  0  0  0  0  0  0 ]  [ 0  0  0  0  0  0  0  0  1  0 ]  [ 0  0  0  1  0  0  0  0  0  0 ]  [ 0  0  0  1  0  0  0  0  0  0 ]  [ 0  0  0  0  0  0  0  0  1  0 ]  [ 0  0  0  0  0  0  0  0  0  1 ]  [ 0  0  1  0  0  0  0  0  0  0 ]  [ 0  0  0  0  0  0  0  0  0  1 ]  [ 0  0  0  0  0  0  0  1  0  0 ]  [ 0  0  0  0  1  0  0  0  0  0 ]  [ 0  0  1  0  0  0  0  0  0  0 ]  [ 0  0  0  0  1  0  0  0  0  0 ]  [ 0  0  0  0  0  0  0  0  0  1 ]  [ 0  0  0  1  0  0  0  0  0  0 ]  [ 0  0  1  0  0  0  0  0  0  0 ]  [ 0  0  1  0  0  0  0  0  0  0 ]  [ 0  0  1  0  0  0  0  0  0  0 ]  [ 0  0  0  0  1  0  0  0  0  0 ]  [ 0  0  0  0  0  0  0  0  0  1 ]  [ 0  0  1  0  0  0  0  0  0  0 ]  [ 0  0  0  1  0  0  0  0  0  0 ]  [ 0  0  0  0  0  0  0  0  0  1 ]  [ 0  0  0  0  0  0  0  0  0  1 ]  [ 0  0  0  0  0  0  0  0  0  1 ]  [ 0  0  0  1  0  0  0  0  0  0 ]  [ 0  0  0  0  1  0  0  0  0  0 ]  [ 0  0  0  0  0  0  0  0  0  1 ]  [ 0  0  0  0  1  0  0  0  0  0 ]  [ 0  0  0  0  0  0  0  0  1  0 ]  [ 0  0  0  1  0  0  0  0  0  0 ]  [ 0  0  1  0  0  0  0  0  0  0 ]  [ 0  0  0  0  1  0  0  0  0  0 ]  [ 0  0  0  0  0  0  0  0  1  0 ]  [ 0  0  0  0  0  0  0  0  1  0 ]  [ 0  0  0  0  0  0  0  1  0  0 ]  [ 0  0  0  0  1  0  0  0  0  0 ]  [ 0  0  0  0  0  0  0  1  0  0 ]  [ 0  0  0  0  1  0  0  0  0  0 ]  [ 0  0  0  0  0  0  0  1  0  0 ]  [ 0  0  0  0  0  0  0  0  1  0 ]  [ 0  0  0  1  0  0  0  0  0  0 ]  [ 0  0  0  0  0  0  0  1  0  0 ]  [ 0  0  0  0  0  0  0  0  0  1 ]  [ 0  0  0  0  0  0  0  0  0  1 ]  [ 0  0  0  1  0  0  0  0  0  0 ]  [ 0  0  0  0  0  0  0  0  0  1 ]  [ 0  0  0  0  0  0  0  0  0  1 ]  [ 0  0  0  1  0  0  0  0  0  0 ]  [ 0  0  0  1  0  0  0  0  0  0 ] ];

ObjRequests = {  <1,3,66>, <2,3,57>, <3,3,25>, <4,3,112>, <5,3,24>, <6,3,61>, <7,3,141>, <8,3,11>, <9,3,6>, <10,3,36>, <11,3,1>, <12,3,47>, <13,3,25>, <14,3,6>, <15,3,13>, <16,3,2>, <17,3,9>, <18,3,4>, <19,3,26>, <20,3,1>, <21,3,18>, <22,3,15>, <23,3,10>, <25,3,22>, <26,3,11>, <27,3,15>, <28,3,2>, <30,3,20>, <31,3,19>, <32,3,1>, <35,3,1>, <36,3,9>, <37,3,15>, <38,3,12>, <39,3,5>, <40,3,2>, <43,3,4>, <44,3,4>, <45,3,6>, <46,3,3>, <47,3,11>, <48,3,10>, <50,3,1>, <51,3,6>, <52,3,1>, <53,3,1>, <54,3,1>, <57,3,3>, <58,3,3>, <59,3,1>, <60,3,1>, <61,3,2>, <62,3,5>, <63,3,5>, <64,3,3>, <67,3,3>, <68,3,1>, <69,3,1>, <70,3,3>, <71,3,4>, <72,3,2>, <73,3,4>, <74,3,2>, <75,3,2>, <76,3,3>, <77,3,6>, <78,3,2>, <79,3,6>, <80,3,1>, <81,3,2>, <82,3,4>, <83,3,3>, <84,3,3>, <87,3,1>, <88,3,7>, <89,3,4>, <90,3,6>, <91,3,1>, <94,3,3>, <95,3,1>, <96,3,5>, <97,3,1>, <98,3,5>, <99,3,4>, <100,3,1>, <102,3,1>, <107,3,1>, <108,3,3>, <110,3,4>, <111,3,3>, <112,3,1>, <113,3,2>, <114,3,1>, <117,3,3>, <119,3,1>, <121,3,5>, <122,3,5>, <123,3,3>, <124,3,2>, <126,3,1>, <127,3,2>, <129,3,1>, <130,3,3>, <131,3,1>, <133,3,2>, <136,3,1>, <137,3,1>, <139,3,1>, <140,3,1>, <141,3,1>, <142,3,1>, <143,3,4>, <144,3,1>, <145,3,1>, <146,3,1>, <147,3,2>, <148,3,1>, <149,3,1>, <150,3,1>, <151,3,3>, <152,3,3>, <153,3,1>, <154,3,2>, <155,3,2>, <156,3,4>, <158,3,1>, <159,3,1>, <160,3,1>, <161,3,3>, <163,3,1>, <164,3,1>, <167,3,1>, <168,3,1>, <169,3,1>, <170,3,1>, <173,3,1>, <174,3,1>, <175,3,1>, <176,3,3>, <177,3,1>, <179,3,3>, <180,3,2>, <181,3,2>, <182,3,3>, <184,3,1>, <185,3,4>, <187,3,2>, <189,3,1>, <191,3,2>, <192,3,2>, <195,3,3>, <199,3,1>, <200,3,1>, <201,3,2>, <203,3,2>, <205,3,1>, <208,3,1>, <209,3,1>, <211,3,2>, <212,3,1>, <214,3,2>, <216,3,1>, <217,3,1>, <218,3,1>, <219,3,2>, <221,3,2>, <222,3,1>, <225,3,1>, <228,3,4>, <229,3,2>, <230,3,1>, <233,3,2>, <235,3,1>, <236,3,4>, <238,3,1>, <239,3,2>, <243,3,2>, <244,3,1>, <245,3,1>, <246,3,1>, <248,3,1>, <249,3,2>, <250,3,2>, <251,3,1>, <252,3,1>, <256,3,2>, <259,3,1>, <260,3,2>, <262,3,1>, <263,3,1>, <266,3,1>, <267,3,1>, <268,3,3>, <269,3,2>, <270,3,2>, <271,3,1>, <274,3,1>, <275,3,1>, <276,3,1>, <279,3,1>, <281,3,1>, <284,3,1>, <285,3,1>, <287,3,1>, <288,3,1>, <289,3,1>, <290,3,1>, <291,3,1>, <293,3,1>, <295,3,1>, <296,3,1>, <297,3,1>, <299,3,1>, <306,3,1>, <308,3,1>, <309,3,1>, <311,3,2>, <312,3,1>, <314,3,1>, <315,3,3>, <317,3,1>, <319,3,1>, <320,3,4>, <321,3,3>, <322,3,2>, <325,3,1>, <328,3,2>, <333,3,1>, <337,3,1>, <339,3,1>, <340,3,3>, <347,3,3>, <348,3,5>, <351,3,1>, <355,3,1>, <358,3,1>, <359,3,1>, <366,3,1>, <367,3,1>, <368,3,1>, <371,3,1>, <372,3,1>, <373,3,1>, <374,3,1>, <377,3,2>, <381,3,2>, <384,3,2>, <385,3,3>, <391,3,1>, <392,3,1>, <393,3,1>, <394,3,1>, <398,3,1>, <406,3,1>, <412,3,1>, <413,3,1>, <414,3,1>, <418,3,2>, <419,3,1>, <420,3,1>, <422,3,1>, <423,3,1>, <424,3,1>, <426,3,1>, <427,3,1>, <429,3,1>, <435,3,1>, <439,3,1>, <441,3,1>, <442,3,1>, <443,3,2>, <445,3,1>, <448,3,1>, <462,3,2>, <463,3,1>, <464,3,1>, <468,3,2>, <471,3,1>, <472,3,5>, <484,3,1>, <485,3,1>, <495,3,1>, <496,3,4>, <500,3,2>, <503,3,2>, <504,3,1>, <510,3,2>, <512,3,1>, <513,3,1>, <516,3,1>, <517,3,1>, <529,3,1>, <530,3,1>, <536,3,1>, <546,3,1>, <547,3,1>, <551,3,1>, <552,3,1>, <553,3,1>, <554,3,1>, <557,3,1>, <563,3,1>, <569,3,1>, <573,3,2>, <576,3,1>, <580,3,1>, <583,3,1>, <592,3,2>, <593,3,1>, <597,3,1>, <598,3,1>, <601,3,1>, <604,3,1>, <605,3,1>, <608,3,1>, <610,3,1>, <611,3,1>, <613,3,1>, <614,3,1>, <617,3,2>, <627,3,1>, <629,3,1>, <632,3,1>, <641,3,1>, <644,3,1>, <648,3,1>, <651,3,1>, <653,3,1>, <658,3,1>, <662,3,1>, <675,3,1>, <678,3,1>, <683,3,1>, <692,3,1>, <697,3,1>, <701,3,1>, <706,3,1>, <707,3,1>, <710,3,1>, <714,3,1>, <716,3,1>, <724,3,1>, <725,3,1>, <728,3,1>, <731,3,1>, <736,3,1>, <750,3,1>, <756,3,1>, <757,3,1>, <761,3,1>, <765,3,1>, <773,3,1>, <774,3,1>, <789,3,1>, <792,3,1>, <802,3,2>, <815,3,1>, <817,3,1>, <821,3,1>, <826,3,1>, <839,3,1>, <841,3,1>, <845,3,1>, <849,3,1>, <852,3,1>, <854,3,1>, <856,3,1>, <858,3,1>, <860,3,1>, <868,3,1>, <870,3,1>, <876,3,1>, <879,3,1>, <896,3,1>, <899,3,1>, <911,3,2>, <918,3,1>, <920,3,1>, <921,3,1>, <923,3,1>, <930,3,1>, <933,3,1>, <937,3,1>, <941,3,1>, <943,3,1>, <949,3,1>, <953,3,1>, <965,3,2>, <966,3,1>, <968,3,1>, <971,3,1>, <975,3,1>, <988,3,1>, <995,3,1>, <997,3,1>, <1,4,171>, <2,4,121>, <3,4,143>, <4,4,80>, <5,4,80>, <6,4,45>, <7,4,5>, <8,4,20>, <9,4,9>, <10,4,50>, <11,4,46>, <12,4,3>, <13,4,5>, <14,4,18>, <15,4,19>, <16,4,32>, <17,4,24>, <18,4,23>, <19,4,4>, <20,4,7>, <21,4,5>, <22,4,6>, <23,4,1>, <24,4,14>, <25,4,2>, <26,4,7>, <27,4,4>, <28,4,17>, <29,4,5>, <30,4,9>, <31,4,2>, <32,4,9>, <33,4,5>, <34,4,7>, <35,4,2>, <36,4,10>, <37,4,1>, <38,4,3>, <39,4,3>, <41,4,2>, <42,4,8>, <43,4,15>, <44,4,9>, <45,4,8>, <46,4,2>, <47,4,10>, <48,4,1>, <49,4,4>, <50,4,16>, <52,4,14>, <53,4,4>, <54,4,2>, <55,4,2>, <57,4,6>, <58,4,2>, <60,4,8>, <62,4,7>, <64,4,3>, <65,4,2>, <66,4,2>, <67,4,1>, <68,4,1>, <69,4,6>, <70,4,7>, <71,4,5>, <72,4,1>, <74,4,1>, <76,4,3>, <77,4,1>, <78,4,5>, <79,4,2>, <80,4,1>, <81,4,1>, <82,4,1>, <84,4,7>, <85,4,1>, <86,4,2>, <87,4,1>, <88,4,1>, <89,4,1>, <90,4,1>, <92,4,3>, <93,4,2>, <94,4,1>, <95,4,2>, <96,4,6>, <97,4,1>, <98,4,1>, <99,4,3>, <100,4,1>, <101,4,2>, <102,4,2>, <103,4,1>, <104,4,2>, <105,4,3>, <106,4,3>, <107,4,3>, <109,4,3>, <110,4,3>, <112,4,1>, <113,4,2>, <114,4,2>, <115,4,10>, <117,4,1>, <118,4,3>, <119,4,4>, <120,4,2>, <123,4,1>, <124,4,2>, <125,4,1>, <126,4,1>, <127,4,3>, <128,4,2>, <129,4,2>, <130,4,3>, <131,4,3>, <132,4,5>, <133,4,4>, <134,4,2>, <135,4,2>, <136,4,1>, <137,4,1>, <138,4,1>, <139,4,1>, <140,4,1>, <141,4,1>, <143,4,3>, <144,4,2>, <145,4,1>, <146,4,2>, <147,4,3>, <148,4,2>, <150,4,4>, <151,4,1>, <152,4,4>, <153,4,3>, <154,4,3>, <155,4,1>, <156,4,3>, <157,4,1>, <159,4,2>, <162,4,1>, <163,4,5>, <164,4,7>, <165,4,1>, <166,4,4>, <167,4,1>, <168,4,2>, <169,4,2>, <170,4,1>, <171,4,1>, <172,4,1>, <173,4,2>, <174,4,1>, <175,4,1>, <176,4,1>, <177,4,6>, <178,4,1>, <179,4,2>, <181,4,1>, <182,4,1>, <186,4,2>, <188,4,2>, <189,4,1>, <191,4,1>, <193,4,5>, <195,4,1>, <197,4,1>, <200,4,1>, <201,4,2>, <205,4,1>, <207,4,1>, <208,4,2>, <209,4,1>, <212,4,1>, <213,4,1>, <214,4,1>, <215,4,1>, <216,4,4>, <217,4,2>, <218,4,1>, <219,4,1>, <220,4,1>, <221,4,3>, <222,4,2>, <224,4,1>, <226,4,1>, <227,4,1>, <229,4,1>, <230,4,2>, <231,4,1>, <233,4,1>, <234,4,2>, <235,4,1>, <236,4,1>, <237,4,1>, <238,4,1>, <240,4,1>, <243,4,2>, <244,4,1>, <247,4,2>, <250,4,2>, <253,4,1>, <254,4,1>, <256,4,2>, <260,4,1>, <262,4,1>, <263,4,1>, <264,4,1>, <266,4,1>, <269,4,1>, <274,4,1>, <276,4,1>, <277,4,1>, <280,4,1>, <281,4,1>, <282,4,1>, <286,4,2>, <287,4,1>, <288,4,1>, <291,4,1>, <294,4,1>, <296,4,1>, <303,4,1>, <307,4,1>, <309,4,1>, <310,4,3>, <312,4,1>, <318,4,1>, <319,4,1>, <322,4,2>, <323,4,1>, <324,4,1>, <325,4,3>, <328,4,2>, <329,4,1>, <333,4,1>, <335,4,1>, <336,4,1>, <340,4,1>, <341,4,1>, <342,4,1>, <348,4,2>, <351,4,1>, <354,4,1>, <355,4,1>, <357,4,1>, <358,4,2>, <359,4,1>, <362,4,1>, <364,4,3>, <373,4,1>, <375,4,2>, <376,4,2>, <379,4,1>, <382,4,1>, <387,4,1>, <389,4,1>, <392,4,1>, <395,4,2>, <397,4,1>, <401,4,1>, <404,4,1>, <406,4,1>, <410,4,1>, <413,4,1>, <414,4,1>, <416,4,1>, <419,4,2>, <422,4,1>, <423,4,1>, <427,4,1>, <428,4,1>, <430,4,1>, <431,4,1>, <434,4,1>, <438,4,1>, <440,4,1>, <442,4,1>, <443,4,1>, <446,4,2>, <452,4,1>, <453,4,1>, <458,4,1>, <461,4,1>, <466,4,1>, <467,4,1>, <468,4,1>, <469,4,2>, <471,4,2>, <478,4,1>, <480,4,1>, <484,4,1>, <490,4,1>, <491,4,1>, <493,4,1>, <494,4,1>, <496,4,1>, <502,4,1>, <505,4,1>, <509,4,1>, <510,4,1>, <511,4,1>, <512,4,1>, <513,4,1>, <518,4,1>, <522,4,1>, <524,4,1>, <526,4,2>, <529,4,1>, <530,4,1>, <534,4,1>, <535,4,2>, <536,4,1>, <537,4,1>, <538,4,1>, <541,4,1>, <553,4,2>, <554,4,1>, <555,4,1>, <559,4,1>, <564,4,1>, <565,4,1>, <566,4,1>, <568,4,1>, <569,4,1>, <576,4,1>, <580,4,1>, <581,4,1>, <582,4,2>, <584,4,1>, <585,4,1>, <586,4,1>, <587,4,1>, <589,4,1>, <592,4,1>, <593,4,1>, <598,4,3>, <608,4,1>, <609,4,1>, <610,4,1>, <614,4,1>, <615,4,1>, <619,4,1>, <623,4,1>, <626,4,1>, <627,4,1>, <632,4,2>, <642,4,1>, <644,4,1>, <653,4,1>, <657,4,1>, <658,4,1>, <660,4,1>, <664,4,1>, <673,4,2>, <678,4,2>, <679,4,1>, <684,4,1>, <688,4,1>, <690,4,1>, <692,4,1>, <701,4,1>, <702,4,1>, <706,4,1>, <716,4,1>, <718,4,1>, <719,4,1>, <738,4,1>, <741,4,1>, <743,4,1>, <746,4,1>, <753,4,1>, <765,4,1>, <773,4,2>, <782,4,1>, <783,4,1>, <785,4,1>, <787,4,1>, <792,4,1>, <795,4,2>, <798,4,1>, <799,4,1>, <802,4,2>, <810,4,1>, <823,4,1>, <826,4,1>, <835,4,1>, <839,4,1>, <841,4,1>, <843,4,1>, <845,4,1>, <851,4,1>, <856,4,1>, <859,4,1>, <860,4,1>, <865,4,1>, <876,4,2>, <878,4,1>, <888,4,1>, <897,4,1>, <900,4,1>, <906,4,1>, <910,4,1>, <919,4,1>, <927,4,1>, <930,4,1>, <934,4,1>, <936,4,1>, <943,4,1>, <953,4,1>, <957,4,1>, <968,4,2>, <978,4,1>, <985,4,1>, <989,4,1>, <1,5,263>, <2,5,175>, <3,5,62>, <4,5,31>, <5,5,21>, <6,5,21>, <7,5,4>, <8,5,56>, <9,5,89>, <10,5,25>, <11,5,6>, <12,5,3>, <13,5,11>, <14,5,26>, <15,5,19>, <16,5,3>, <17,5,22>, <18,5,23>, <19,5,8>, <20,5,3>, <21,5,7>, <22,5,8>, <23,5,23>, <24,5,1>, <25,5,6>, <27,5,13>, <28,5,6>, <29,5,4>, <30,5,1>, <31,5,5>, <32,5,3>, <33,5,5>, <34,5,8>, <35,5,1>, <36,5,7>, <37,5,5>, <38,5,7>, <39,5,12>, <40,5,16>, <41,5,3>, <42,5,2>, <43,5,8>, <44,5,6>, <45,5,12>, <46,5,2>, <48,5,6>, <49,5,6>, <50,5,1>, <51,5,13>, <52,5,6>, <54,5,1>, <55,5,9>, <56,5,1>, <58,5,1>, <59,5,6>, <60,5,3>, <61,5,2>, <62,5,6>, <63,5,2>, <64,5,1>, <65,5,1>, <66,5,7>, <67,5,1>, <68,5,5>, <69,5,5>, <70,5,4>, <71,5,5>, <72,5,7>, <73,5,5>, <74,5,1>, <75,5,9>, <76,5,3>, <77,5,4>, <79,5,7>, <80,5,6>, <82,5,1>, <83,5,2>, <84,5,1>, <85,5,2>, <86,5,3>, <87,5,2>, <88,5,1>, <89,5,5>, <91,5,1>, <92,5,1>, <93,5,4>, <94,5,2>, <95,5,2>, <96,5,2>, <98,5,2>, <99,5,1>, <100,5,2>, <101,5,3>, <102,5,1>, <103,5,1>, <104,5,3>, <105,5,5>, <106,5,4>, <107,5,2>, <108,5,3>, <109,5,2>, <110,5,2>, <111,5,1>, <112,5,3>, <113,5,2>, <114,5,2>, <115,5,3>, <116,5,1>, <118,5,1>, <119,5,3>, <120,5,3>, <121,5,2>, <122,5,1>, <124,5,1>, <125,5,1>, <126,5,1>, <127,5,4>, <128,5,1>, <129,5,2>, <130,5,1>, <133,5,1>, <134,5,2>, <135,5,3>, <137,5,1>, <138,5,5>, <139,5,2>, <140,5,1>, <141,5,3>, <142,5,1>, <148,5,2>, <149,5,3>, <150,5,2>, <151,5,1>, <152,5,2>, <154,5,2>, <155,5,1>, <156,5,1>, <157,5,4>, <158,5,1>, <159,5,4>, <160,5,1>, <161,5,3>, <162,5,1>, <163,5,1>, <164,5,1>, <167,5,1>, <171,5,2>, <172,5,2>, <173,5,1>, <175,5,2>, <177,5,1>, <178,5,2>, <180,5,1>, <181,5,2>, <182,5,5>, <184,5,1>, <187,5,1>, <188,5,2>, <189,5,1>, <191,5,1>, <192,5,1>, <194,5,1>, <195,5,1>, <196,5,2>, <197,5,1>, <198,5,1>, <199,5,2>, <201,5,1>, <204,5,2>, <206,5,1>, <207,5,1>, <208,5,2>, <211,5,1>, <214,5,2>, <217,5,1>, <218,5,1>, <219,5,1>, <220,5,1>, <221,5,1>, <222,5,2>, <224,5,1>, <225,5,1>, <229,5,1>, <230,5,2>, <232,5,4>, <233,5,1>, <235,5,2>, <236,5,1>, <237,5,5>, <239,5,1>, <242,5,2>, <243,5,2>, <244,5,1>, <245,5,1>, <247,5,1>, <249,5,2>, <251,5,1>, <252,5,1>, <253,5,1>, <255,5,2>, <256,5,1>, <257,5,1>, <258,5,1>, <259,5,1>, <264,5,1>, <265,5,1>, <267,5,1>, <269,5,1>, <271,5,1>, <273,5,1>, <275,5,1>, <276,5,2>, <278,5,1>, <279,5,1>, <281,5,1>, <283,5,1>, <286,5,1>, <291,5,2>, <292,5,1>, <294,5,1>, <295,5,1>, <296,5,1>, <297,5,3>, <298,5,1>, <299,5,1>, <300,5,2>, <306,5,2>, <307,5,1>, <308,5,1>, <312,5,2>, <314,5,2>, <316,5,2>, <317,5,2>, <318,5,1>, <319,5,1>, <321,5,3>, <322,5,2>, <327,5,1>, <328,5,1>, <329,5,3>, <330,5,1>, <332,5,1>, <335,5,2>, <336,5,3>, <337,5,3>, <339,5,1>, <342,5,1>, <345,5,2>, <351,5,2>, <353,5,2>, <354,5,1>, <358,5,1>, <359,5,2>, <365,5,1>, <366,5,3>, <368,5,1>, <370,5,1>, <371,5,1>, <372,5,1>, <373,5,2>, <375,5,4>, <376,5,1>, <377,5,1>, <380,5,2>, <383,5,1>, <385,5,1>, <389,5,1>, <390,5,1>, <393,5,2>, <394,5,1>, <395,5,1>, <396,5,1>, <398,5,1>, <406,5,3>, <408,5,1>, <409,5,1>, <410,5,1>, <413,5,1>, <417,5,1>, <424,5,1>, <430,5,1>, <434,5,2>, <438,5,1>, <440,5,1>, <441,5,1>, <442,5,1>, <446,5,2>, <450,5,1>, <452,5,1>, <454,5,1>, <458,5,1>, <459,5,2>, <461,5,1>, <462,5,1>, <463,5,1>, <464,5,1>, <467,5,1>, <469,5,3>, <471,5,1>, <476,5,1>, <478,5,1>, <482,5,1>, <485,5,1>, <486,5,1>, <487,5,1>, <488,5,1>, <490,5,1>, <491,5,2>, <492,5,1>, <493,5,1>, <495,5,1>, <500,5,1>, <502,5,1>, <508,5,1>, <511,5,1>, <518,5,1>, <519,5,1>, <520,5,1>, <521,5,1>, <524,5,1>, <533,5,1>, <535,5,1>, <538,5,1>, <539,5,1>, <541,5,1>, <546,5,1>, <551,5,1>, <554,5,1>, <555,5,1>, <556,5,1>, <557,5,1>, <560,5,1>, <563,5,1>, <566,5,1>, <576,5,1>, <580,5,1>, <581,5,1>, <584,5,2>, <586,5,1>, <587,5,1>, <589,5,1>, <598,5,1>, <599,5,1>, <600,5,1>, <601,5,1>, <610,5,1>, <614,5,2>, <615,5,1>, <617,5,1>, <623,5,1>, <626,5,1>, <627,5,2>, <628,5,1>, <632,5,2>, <639,5,1>, <641,5,2>, <642,5,1>, <645,5,1>, <656,5,1>, <660,5,1>, <665,5,1>, <666,5,1>, <673,5,1>, <677,5,1>, <678,5,1>, <679,5,1>, <685,5,1>, <689,5,1>, <692,5,1>, <701,5,1>, <706,5,1>, <710,5,1>, <714,5,1>, <715,5,1>, <716,5,1>, <723,5,1>, <724,5,2>, <735,5,1>, <743,5,1>, <746,5,1>, <758,5,1>, <769,5,1>, <771,5,1>, <775,5,1>, <778,5,1>, <779,5,1>, <791,5,1>, <796,5,2>, <803,5,1>, <816,5,1>, <818,5,1>, <819,5,1>, <821,5,1>, <834,5,3>, <844,5,1>, <845,5,2>, <849,5,1>, <851,5,1>, <852,5,1>, <854,5,1>, <856,5,1>, <858,5,2>, <861,5,1>, <865,5,1>, <868,5,1>, <888,5,1>, <890,5,1>, <904,5,1>, <910,5,1>, <935,5,1>, <937,5,1>, <953,5,1>, <957,5,1>, <965,5,1>, <969,5,1>, <971,5,1>, <985,5,1>, <988,5,1>, <1,8,308>, <2,8,51>, <3,8,185>, <4,8,81>, <5,8,30>, <6,8,35>, <7,8,3>, <8,8,37>, <9,8,29>, <10,8,4>, <11,8,37>, <12,8,18>, <13,8,29>, <14,8,6>, <15,8,9>, <16,8,20>, <17,8,2>, <18,8,2>, <19,8,15>, <20,8,11>, <21,8,14>, <22,8,13>, <23,8,8>, <24,8,1>, <25,8,22>, <26,8,2>, <27,8,6>, <28,8,8>, <29,8,8>, <31,8,9>, <32,8,6>, <34,8,12>, <35,8,6>, <36,8,7>, <37,8,2>, <39,8,3>, <40,8,3>, <41,8,11>, <42,8,6>, <44,8,3>, <45,8,8>, <46,8,4>, <47,8,1>, <49,8,12>, <50,8,3>, <52,8,8>, <53,8,8>, <54,8,2>, <55,8,3>, <56,8,3>, <57,8,5>, <58,8,2>, <59,8,3>, <60,8,2>, <61,8,8>, <62,8,3>, <63,8,5>, <65,8,3>, <66,8,3>, <67,8,3>, <68,8,8>, <69,8,3>, <70,8,2>, <72,8,4>, <73,8,7>, <74,8,9>, <75,8,2>, <76,8,5>, <77,8,1>, <78,8,3>, <79,8,2>, <81,8,2>, <82,8,4>, <83,8,1>, <84,8,5>, <85,8,4>, <86,8,2>, <87,8,5>, <88,8,2>, <90,8,5>, <91,8,1>, <92,8,1>, <93,8,2>, <94,8,1>, <95,8,1>, <96,8,2>, <97,8,4>, <98,8,1>, <99,8,1>, <100,8,4>, <102,8,5>, <103,8,2>, <104,8,4>, <105,8,1>, <106,8,4>, <107,8,1>, <108,8,3>, <109,8,2>, <110,8,4>, <111,8,1>, <112,8,1>, <113,8,1>, <114,8,2>, <115,8,2>, <116,8,1>, <117,8,2>, <118,8,1>, <119,8,2>, <120,8,2>, <121,8,1>, <122,8,1>, <123,8,1>, <125,8,4>, <126,8,2>, <128,8,2>, <129,8,1>, <130,8,1>, <132,8,1>, <134,8,4>, <135,8,1>, <136,8,2>, <137,8,1>, <138,8,1>, <139,8,2>, <141,8,2>, <143,8,1>, <144,8,1>, <145,8,1>, <146,8,1>, <147,8,9>, <148,8,2>, <150,8,2>, <152,8,1>, <154,8,1>, <157,8,1>, <158,8,2>, <159,8,3>, <160,8,1>, <162,8,2>, <163,8,1>, <164,8,2>, <165,8,1>, <166,8,1>, <167,8,1>, <168,8,1>, <169,8,4>, <171,8,1>, <173,8,1>, <174,8,1>, <175,8,1>, <177,8,1>, <179,8,2>, <180,8,4>, <181,8,1>, <183,8,7>, <184,8,2>, <185,8,2>, <187,8,2>, <188,8,1>, <189,8,1>, <191,8,1>, <193,8,1>, <194,8,4>, <197,8,1>, <198,8,1>, <199,8,3>, <200,8,1>, <201,8,3>, <202,8,1>, <203,8,1>, <204,8,1>, <206,8,1>, <208,8,1>, <211,8,2>, <212,8,2>, <213,8,2>, <215,8,4>, <216,8,1>, <221,8,3>, <223,8,1>, <230,8,1>, <231,8,1>, <232,8,1>, <233,8,4>, <235,8,2>, <236,8,1>, <238,8,2>, <240,8,1>, <241,8,1>, <243,8,1>, <245,8,1>, <247,8,1>, <248,8,1>, <250,8,1>, <251,8,1>, <255,8,1>, <260,8,1>, <261,8,1>, <262,8,4>, <263,8,1>, <265,8,1>, <271,8,1>, <272,8,1>, <273,8,1>, <274,8,1>, <275,8,1>, <276,8,1>, <277,8,1>, <279,8,2>, <280,8,1>, <281,8,1>, <284,8,1>, <285,8,2>, <286,8,2>, <287,8,1>, <288,8,1>, <290,8,2>, <294,8,3>, <296,8,2>, <297,8,1>, <298,8,1>, <299,8,1>, <300,8,2>, <302,8,1>, <306,8,1>, <308,8,1>, <309,8,1>, <310,8,1>, <311,8,1>, <312,8,1>, <314,8,1>, <316,8,1>, <318,8,4>, <319,8,1>, <322,8,1>, <323,8,1>, <326,8,1>, <328,8,1>, <335,8,2>, <336,8,2>, <340,8,2>, <342,8,2>, <345,8,1>, <346,8,1>, <347,8,2>, <351,8,2>, <352,8,1>, <356,8,1>, <357,8,2>, <359,8,2>, <361,8,1>, <365,8,2>, <366,8,4>, <368,8,2>, <371,8,1>, <372,8,1>, <373,8,1>, <374,8,2>, <375,8,1>, <377,8,2>, <381,8,1>, <382,8,1>, <388,8,1>, <391,8,1>, <397,8,1>, <403,8,1>, <408,8,1>, <412,8,1>, <415,8,1>, <423,8,1>, <424,8,1>, <427,8,1>, <430,8,1>, <432,8,2>, <436,8,1>, <439,8,1>, <441,8,1>, <443,8,1>, <445,8,1>, <452,8,3>, <454,8,1>, <455,8,1>, <459,8,1>, <463,8,2>, <464,8,1>, <466,8,1>, <468,8,2>, <471,8,1>, <480,8,1>, <481,8,1>, <484,8,1>, <486,8,1>, <488,8,1>, <489,8,1>, <490,8,1>, <495,8,1>, <496,8,1>, <511,8,1>, <519,8,2>, <521,8,1>, <524,8,1>, <529,8,1>, <538,8,1>, <539,8,2>, <541,8,1>, <545,8,1>, <554,8,1>, <563,8,2>, <564,8,2>, <570,8,1>, <575,8,1>, <576,8,1>, <579,8,1>, <582,8,1>, <585,8,1>, <587,8,1>, <590,8,1>, <592,8,1>, <598,8,1>, <600,8,1>, <605,8,1>, <609,8,1>, <611,8,1>, <612,8,1>, <614,8,1>, <618,8,1>, <627,8,1>, <631,8,1>, <646,8,3>, <650,8,1>, <660,8,1>, <662,8,1>, <665,8,1>, <670,8,2>, <679,8,1>, <691,8,1>, <696,8,2>, <697,8,1>, <698,8,1>, <702,8,1>, <705,8,1>, <716,8,1>, <718,8,1>, <734,8,1>, <735,8,1>, <738,8,1>, <740,8,1>, <741,8,1>, <756,8,1>, <760,8,1>, <762,8,1>, <768,8,1>, <769,8,1>, <791,8,1>, <810,8,1>, <817,8,1>, <821,8,1>, <823,8,1>, <834,8,1>, <839,8,1>, <849,8,1>, <852,8,2>, <864,8,1>, <865,8,1>, <868,8,1>, <878,8,1>, <879,8,1>, <882,8,1>, <896,8,1>, <899,8,1>, <906,8,2>, <911,8,1>, <923,8,1>, <925,8,2>, <932,8,1>, <936,8,1>, <937,8,1>, <943,8,1>, <944,8,1>, <947,8,1>, <948,8,1>, <965,8,1>, <976,8,1>, <978,8,1>, <980,8,1>, <985,8,1>, <986,8,1>, <987,8,1>, <1,9,340>, <2,9,30>, <3,9,4>, <4,9,51>, <5,9,3>, <6,9,57>, <7,9,27>, <8,9,74>, <9,9,5>, <10,9,14>, <11,9,18>, <12,9,22>, <13,9,15>, <14,9,31>, <15,9,14>, <16,9,1>, <17,9,10>, <19,9,9>, <20,9,16>, <21,9,6>, <23,9,1>, <24,9,30>, <25,9,5>, <26,9,14>, <27,9,7>, <28,9,6>, <29,9,22>, <30,9,2>, <31,9,3>, <32,9,14>, <33,9,29>, <35,9,8>, <36,9,3>, <37,9,6>, <38,9,13>, <39,9,8>, <40,9,3>, <41,9,5>, <42,9,6>, <43,9,5>, <44,9,3>, <45,9,1>, <46,9,4>, <47,9,4>, <48,9,1>, <49,9,2>, <50,9,1>, <51,9,3>, <53,9,1>, <54,9,4>, <55,9,1>, <56,9,4>, <57,9,6>, <58,9,2>, <59,9,1>, <60,9,3>, <61,9,5>, <62,9,3>, <63,9,5>, <64,9,5>, <65,9,1>, <66,9,1>, <67,9,2>, <68,9,5>, <69,9,2>, <70,9,1>, <71,9,3>, <72,9,4>, <73,9,5>, <74,9,1>, <75,9,1>, <77,9,2>, <78,9,1>, <79,9,2>, <80,9,3>, <81,9,1>, <82,9,1>, <83,9,1>, <84,9,4>, <86,9,1>, <87,9,5>, <89,9,3>, <90,9,1>, <91,9,3>, <92,9,4>, <94,9,3>, <95,9,1>, <97,9,8>, <98,9,4>, <99,9,1>, <100,9,2>, <101,9,5>, <102,9,3>, <103,9,7>, <104,9,2>, <105,9,1>, <107,9,1>, <109,9,3>, <111,9,2>, <113,9,2>, <114,9,1>, <115,9,2>, <116,9,4>, <117,9,1>, <119,9,5>, <120,9,3>, <121,9,3>, <122,9,2>, <123,9,5>, <125,9,1>, <127,9,1>, <130,9,1>, <131,9,2>, <132,9,1>, <135,9,1>, <136,9,4>, <138,9,4>, <139,9,1>, <140,9,1>, <141,9,3>, <143,9,2>, <144,9,1>, <147,9,1>, <149,9,4>, <150,9,2>, <151,9,2>, <152,9,1>, <153,9,1>, <154,9,2>, <155,9,1>, <156,9,1>, <159,9,1>, <161,9,2>, <162,9,2>, <163,9,2>, <164,9,5>, <166,9,2>, <169,9,1>, <170,9,1>, <171,9,1>, <172,9,1>, <174,9,1>, <175,9,1>, <176,9,1>, <177,9,3>, <178,9,3>, <180,9,1>, <181,9,1>, <182,9,2>, <185,9,1>, <189,9,7>, <191,9,2>, <194,9,1>, <199,9,1>, <201,9,1>, <204,9,1>, <205,9,1>, <206,9,1>, <208,9,1>, <209,9,3>, <212,9,4>, <213,9,1>, <214,9,1>, <215,9,1>, <216,9,1>, <219,9,1>, <220,9,2>, <221,9,1>, <222,9,1>, <224,9,6>, <226,9,8>, <227,9,1>, <230,9,1>, <232,9,2>, <233,9,1>, <234,9,1>, <235,9,5>, <237,9,1>, <239,9,4>, <240,9,1>, <245,9,2>, <246,9,1>, <249,9,6>, <250,9,2>, <252,9,2>, <254,9,1>, <256,9,1>, <258,9,1>, <261,9,1>, <264,9,3>, <265,9,2>, <267,9,2>, <270,9,1>, <271,9,2>, <273,9,1>, <275,9,1>, <276,9,1>, <278,9,2>, <279,9,1>, <280,9,3>, <281,9,2>, <284,9,1>, <286,9,1>, <288,9,1>, <289,9,1>, <291,9,2>, <292,9,1>, <293,9,1>, <294,9,2>, <296,9,1>, <297,9,2>, <311,9,2>, <313,9,2>, <317,9,1>, <318,9,1>, <319,9,1>, <321,9,1>, <324,9,2>, <326,9,1>, <327,9,1>, <332,9,1>, <335,9,2>, <339,9,1>, <344,9,1>, <345,9,1>, <346,9,1>, <347,9,2>, <348,9,2>, <349,9,1>, <350,9,1>, <353,9,1>, <355,9,1>, <357,9,2>, <358,9,1>, <361,9,1>, <364,9,1>, <365,9,1>, <369,9,1>, <371,9,1>, <373,9,1>, <374,9,1>, <377,9,1>, <380,9,1>, <382,9,1>, <384,9,1>, <385,9,1>, <386,9,1>, <387,9,1>, <388,9,2>, <393,9,1>, <394,9,1>, <397,9,1>, <401,9,1>, <402,9,1>, <404,9,1>, <405,9,1>, <406,9,1>, <408,9,1>, <410,9,2>, <412,9,1>, <413,9,1>, <415,9,1>, <416,9,1>, <417,9,1>, <419,9,5>, <420,9,1>, <422,9,3>, <424,9,1>, <426,9,1>, <430,9,1>, <431,9,1>, <432,9,1>, <438,9,1>, <440,9,1>, <443,9,1>, <444,9,1>, <445,9,1>, <446,9,1>, <450,9,1>, <457,9,1>, <458,9,1>, <462,9,1>, <467,9,2>, <472,9,1>, <473,9,1>, <476,9,1>, <479,9,1>, <483,9,1>, <484,9,1>, <485,9,1>, <486,9,1>, <487,9,1>, <490,9,1>, <491,9,1>, <494,9,1>, <502,9,1>, <509,9,1>, <512,9,1>, <526,9,1>, <530,9,1>, <535,9,1>, <537,9,1>, <541,9,1>, <547,9,1>, <552,9,1>, <556,9,2>, <559,9,1>, <566,9,1>, <573,9,1>, <578,9,1>, <579,9,1>, <585,9,1>, <592,9,1>, <593,9,1>, <594,9,1>, <596,9,1>, <597,9,1>, <598,9,1>, <599,9,1>, <602,9,1>, <604,9,3>, <605,9,1>, <612,9,1>, <613,9,1>, <614,9,1>, <617,9,2>, <618,9,1>, <623,9,1>, <629,9,1>, <632,9,1>, <639,9,1>, <641,9,1>, <646,9,1>, <650,9,1>, <654,9,2>, <662,9,1>, <670,9,1>, <673,9,2>, <680,9,1>, <683,9,1>, <702,9,1>, <704,9,1>, <707,9,1>, <721,9,2>, <722,9,1>, <724,9,1>, <729,9,1>, <743,9,1>, <746,9,1>, <760,9,1>, <762,9,1>, <765,9,2>, <768,9,1>, <769,9,1>, <773,9,1>, <779,9,1>, <782,9,1>, <789,9,1>, <792,9,1>, <795,9,2>, <799,9,1>, <815,9,1>, <819,9,1>, <826,9,1>, <828,9,1>, <829,9,1>, <835,9,1>, <845,9,1>, <849,9,1>, <851,9,2>, <855,9,1>, <861,9,2>, <865,9,1>, <868,9,1>, <875,9,1>, <889,9,1>, <896,9,1>, <899,9,1>, <904,9,1>, <905,9,1>, <911,9,1>, <930,9,1>, <934,9,1>, <936,9,1>, <941,9,1>, <943,9,1>, <948,9,1>, <949,9,1>, <959,9,1>, <965,9,1>, <967,9,1>, <968,9,1>, <980,9,1>, <987,9,1>, <1000,9,1>, <1,10,107>, <2,10,205>, <3,10,40>, <4,10,1>, <5,10,105>, <6,10,18>, <7,10,9>, <8,10,1>, <9,10,30>, <10,10,2>, <11,10,1>, <12,10,25>, <13,10,23>, <14,10,17>, <15,10,21>, <16,10,30>, <17,10,5>, <18,10,21>, <19,10,8>, <20,10,14>, <21,10,5>, <22,10,9>, <23,10,13>, <24,10,8>, <25,10,9>, <26,10,11>, <27,10,5>, <28,10,3>, <29,10,11>, <30,10,14>, <31,10,5>, <32,10,6>, <33,10,2>, <34,10,4>, <35,10,6>, <37,10,2>, <38,10,6>, <39,10,7>, <40,10,14>, <41,10,6>, <42,10,2>, <43,10,4>, <44,10,1>, <45,10,4>, <46,10,8>, <47,10,2>, <48,10,3>, <49,10,1>, <51,10,9>, <53,10,4>, <54,10,11>, <55,10,11>, <56,10,11>, <57,10,3>, <58,10,8>, <59,10,2>, <60,10,12>, <61,10,8>, <62,10,1>, <63,10,8>, <64,10,1>, <65,10,5>, <66,10,7>, <67,10,3>, <68,10,4>, <69,10,5>, <70,10,4>, <71,10,6>, <72,10,1>, <74,10,2>, <75,10,1>, <76,10,2>, <77,10,2>, <78,10,1>, <80,10,5>, <81,10,3>, <82,10,6>, <83,10,4>, <84,10,1>, <85,10,2>, <86,10,4>, <88,10,4>, <89,10,2>, <92,10,4>, <93,10,7>, <94,10,3>, <96,10,1>, <97,10,1>, <98,10,1>, <99,10,1>, <100,10,3>, <102,10,6>, <103,10,4>, <104,10,4>, <105,10,1>, <106,10,3>, <108,10,1>, <110,10,1>, <111,10,4>, <112,10,1>, <113,10,4>, <114,10,3>, <116,10,2>, <117,10,1>, <118,10,3>, <120,10,3>, <121,10,1>, <123,10,2>, <125,10,6>, <128,10,2>, <129,10,4>, <130,10,3>, <131,10,2>, <132,10,2>, <134,10,2>, <135,10,3>, <136,10,1>, <138,10,2>, <139,10,1>, <141,10,1>, <142,10,2>, <143,10,2>, <149,10,5>, <151,10,2>, <152,10,1>, <153,10,1>, <154,10,2>, <155,10,2>, <156,10,2>, <157,10,1>, <158,10,5>, <160,10,1>, <161,10,2>, <162,10,3>, <164,10,1>, <165,10,1>, <166,10,1>, <167,10,2>, <168,10,1>, <171,10,2>, <172,10,1>, <180,10,1>, <183,10,1>, <188,10,1>, <191,10,2>, <193,10,1>, <194,10,1>, <196,10,6>, <198,10,2>, <199,10,1>, <200,10,1>, <201,10,1>, <202,10,1>, <203,10,2>, <206,10,3>, <209,10,2>, <211,10,1>, <212,10,4>, <213,10,1>, <214,10,1>, <215,10,1>, <216,10,1>, <218,10,1>, <220,10,2>, <221,10,1>, <222,10,1>, <225,10,2>, <227,10,5>, <228,10,1>, <229,10,1>, <230,10,1>, <231,10,1>, <232,10,1>, <236,10,1>, <237,10,1>, <238,10,2>, <239,10,1>, <242,10,3>, <245,10,2>, <247,10,1>, <248,10,2>, <252,10,1>, <255,10,3>, <256,10,1>, <257,10,1>, <258,10,2>, <259,10,1>, <262,10,1>, <263,10,1>, <265,10,1>, <267,10,2>, <268,10,1>, <269,10,1>, <272,10,2>, <273,10,3>, <280,10,2>, <282,10,2>, <283,10,1>, <285,10,1>, <286,10,1>, <287,10,2>, <288,10,1>, <289,10,3>, <291,10,1>, <293,10,1>, <297,10,3>, <299,10,1>, <300,10,1>, <301,10,1>, <306,10,1>, <308,10,1>, <309,10,1>, <310,10,1>, <312,10,1>, <313,10,1>, <314,10,1>, <317,10,1>, <318,10,1>, <319,10,1>, <321,10,2>, <322,10,1>, <329,10,2>, <332,10,1>, <333,10,2>, <337,10,1>, <339,10,2>, <342,10,1>, <344,10,2>, <345,10,1>, <347,10,1>, <349,10,2>, <353,10,1>, <354,10,2>, <355,10,1>, <358,10,1>, <359,10,2>, <361,10,1>, <362,10,1>, <363,10,1>, <366,10,1>, <367,10,1>, <368,10,1>, <372,10,1>, <373,10,1>, <380,10,1>, <386,10,2>, <388,10,1>, <389,10,1>, <392,10,1>, <393,10,1>, <394,10,2>, <397,10,1>, <400,10,1>, <402,10,1>, <403,10,2>, <407,10,1>, <408,10,1>, <414,10,1>, <415,10,1>, <417,10,1>, <419,10,1>, <420,10,1>, <422,10,1>, <428,10,1>, <429,10,1>, <432,10,1>, <434,10,1>, <435,10,1>, <441,10,1>, <448,10,1>, <450,10,1>, <452,10,1>, <453,10,2>, <454,10,1>, <455,10,1>, <457,10,1>, <459,10,1>, <462,10,1>, <463,10,1>, <464,10,1>, <468,10,1>, <469,10,1>, <471,10,1>, <472,10,1>, <477,10,1>, <481,10,1>, <482,10,1>, <488,10,1>, <492,10,1>, <494,10,1>, <502,10,1>, <503,10,1>, <510,10,1>, <512,10,1>, <516,10,1>, <520,10,1>, <522,10,1>, <523,10,1>, <526,10,1>, <535,10,1>, <538,10,1>, <541,10,2>, <543,10,1>, <554,10,1>, <556,10,1>, <560,10,1>, <564,10,1>, <566,10,1>, <567,10,1>, <568,10,1>, <573,10,1>, <575,10,1>, <578,10,2>, <587,10,1>, <589,10,1>, <592,10,1>, <599,10,1>, <601,10,1>, <603,10,1>, <605,10,1>, <608,10,1>, <612,10,1>, <618,10,1>, <620,10,1>, <622,10,1>, <627,10,1>, <628,10,1>, <631,10,2>, <632,10,1>, <641,10,1>, <642,10,2>, <643,10,1>, <644,10,1>, <645,10,1>, <646,10,1>, <651,10,1>, <654,10,1>, <663,10,1>, <673,10,1>, <680,10,1>, <684,10,1>, <685,10,1>, <688,10,1>, <689,10,1>, <697,10,1>, <698,10,1>, <699,10,2>, <701,10,1>, <702,10,1>, <703,10,1>, <704,10,1>, <705,10,1>, <716,10,1>, <719,10,1>, <726,10,1>, <735,10,1>, <746,10,1>, <756,10,1>, <761,10,1>, <765,10,1>, <769,10,1>, <777,10,1>, <781,10,1>, <792,10,1>, <810,10,1>, <812,10,1>, <820,10,1>, <821,10,1>, <828,10,1>, <845,10,1>, <847,10,1>, <849,10,1>, <852,10,1>, <854,10,1>, <856,10,1>, <859,10,1>, <864,10,1>, <866,10,1>, <875,10,1>, <878,10,1>, <880,10,1>, <894,10,1>, <918,10,1>, <921,10,1>, <926,10,1>, <927,10,1>, <934,10,1>, <935,10,1>, <941,10,1>, <943,10,1>, <944,10,1>, <976,10,1>, <987,10,1>, <988,10,1>, <996,10,1>, <1000,10,1> };

MaxCacheStorageAtSingleAS= [ 0  0  1312.5  1312.5  1312.5  0  0  1312.5  1312.5  1312.5 ] ;

MaxCacheStorage = 7875 ;
SolutionGap = 0.01 ;
