
ASes= { 1, 2, 3, 4, 5, 6, 7 } ;


Objects= { 1, 2, 3, 4, 5, 6, 7, 8, 9, 10, 11, 12, 13, 14, 15, 16, 17, 18, 19, 20, 21, 22, 23, 24, 25, 26, 27, 28, 29, 30, 31, 32, 33, 34, 35, 36, 37, 38, 39, 40, 41, 42, 43, 44, 45, 46, 47, 48, 49, 50, 51, 52, 53, 54, 55, 56, 57, 58, 59, 60, 61, 62, 63, 64, 65, 66, 67, 68, 69, 70, 71, 72, 73, 74, 75, 76, 77, 78, 79, 80, 81, 82, 83, 84, 85, 86, 87, 88, 89, 90, 91, 92, 93, 94, 95, 96, 97, 98, 99, 100, 101, 102, 103, 104, 105, 106, 107, 108, 109, 110, 111, 112, 113, 114, 115, 116, 117, 118, 119, 120, 121, 122, 123, 124, 125, 126, 127, 128, 129, 130, 131, 132, 133, 134, 135, 136, 137, 138, 139, 140, 141, 142, 143, 144, 145, 146, 147, 148, 149, 150, 151, 152, 153, 154, 155, 156, 157, 158, 159, 160, 161, 162, 163, 164, 165, 166, 167, 168, 169, 170, 171, 172, 173, 174, 175, 176, 177, 178, 179, 180, 181, 182, 183, 184, 185, 186, 187, 188, 189, 190, 191, 192, 193, 194, 195, 196, 197, 198, 199, 200, 201, 202, 203, 204, 205, 206, 207, 208, 209, 210, 211, 212, 213, 214, 215, 216, 217, 218, 219, 220, 221, 222, 223, 224, 225, 226, 227, 228, 229, 230, 231, 232, 233, 234, 235, 236, 237, 238, 239, 240, 241, 242, 243, 244, 245, 246, 247, 248, 249, 250, 251, 252, 253, 254, 255, 256, 257, 258, 259, 260, 261, 262, 263, 264, 265, 266, 267, 268, 269, 270, 271, 272, 273, 274, 275, 276, 277, 278, 279, 280, 281, 282, 283, 284, 285, 286, 287, 288, 289, 290, 291, 292, 293, 294, 295, 296, 297, 298, 299, 300, 301, 302, 303, 304, 305, 306, 307, 308, 309, 310, 311, 312, 313, 314, 315, 316, 317, 318, 319, 320, 321, 322, 323, 324, 325, 326, 327, 328, 329, 330, 331, 332, 333, 334, 335, 336, 337, 338, 339, 340, 341, 342, 343, 344, 345, 346, 347, 348, 349, 350, 351, 352, 353, 354, 355, 356, 357, 358, 359, 360, 361, 362, 363, 364, 365, 366, 367, 368, 369, 370, 371, 372, 373, 374, 375, 376, 377, 378, 379, 380, 381, 382, 383, 384, 385, 386, 387, 388, 389, 390, 391, 392, 393, 394, 395, 396, 397, 398, 399, 400, 401, 402, 403, 404, 405, 406, 407, 408, 409, 410, 411, 412, 413, 414, 415, 416, 417, 418, 419, 420, 421, 422, 423, 424, 425, 426, 427, 428, 429, 430, 431, 432, 433, 434, 435, 436, 437, 438, 439, 440, 441, 442, 443, 444, 445, 446, 447, 448, 449, 450, 451, 452, 453, 454, 455, 456, 457, 458, 459, 460, 461, 462, 463, 464, 465, 466, 467, 468, 469, 470, 471, 472, 473, 474, 475, 476, 477, 478, 479, 480, 481, 482, 483, 484, 485, 486, 487, 488, 489, 490, 491, 492, 493, 494, 495, 496, 497, 498, 499, 500, 501, 502, 503, 504, 505, 506, 507, 508, 509, 510, 511, 512, 513, 514, 515, 516, 517, 518, 519, 520, 521, 522, 523, 524, 525, 526, 527, 528, 529, 530, 531, 532, 533, 534, 535, 536, 537, 538, 539, 540, 541, 542, 543, 544, 545, 546, 547, 548, 549, 550, 551, 552, 553, 554, 555, 556, 557, 558, 559, 560, 561, 562, 563, 564, 565, 566, 567, 568, 569, 570, 571, 572, 573, 574, 575, 576, 577, 578, 579, 580, 581, 582, 583, 584, 585, 586, 587, 588, 589, 590, 591, 592, 593, 594, 595, 596, 597, 598, 599, 600, 601, 602, 603, 604, 605, 606, 607, 608, 609, 610, 611, 612, 613, 614, 615, 616, 617, 618, 619, 620, 621, 622, 623, 624, 625, 626, 627, 628, 629, 630, 631, 632, 633, 634, 635, 636, 637, 638, 639, 640, 641, 642, 643, 644, 645, 646, 647, 648, 649, 650, 651, 652, 653, 654, 655, 656, 657, 658, 659, 660, 661, 662, 663, 664, 665, 666, 667, 668, 669, 670, 671, 672, 673, 674, 675, 676, 677, 678, 679, 680, 681, 682, 683, 684, 685, 686, 687, 688, 689, 690, 691, 692, 693, 694, 695, 696, 697, 698, 699, 700, 701, 702, 703, 704, 705, 706, 707, 708, 709, 710, 711, 712, 713, 714, 715, 716, 717, 718, 719, 720, 721, 722, 723, 724, 725, 726, 727, 728, 729, 730, 731, 732, 733, 734, 735, 736, 737, 738, 739, 740, 741, 742, 743, 744, 745, 746, 747, 748, 749, 750, 751, 752, 753, 754, 755, 756, 757, 758, 759, 760, 761, 762, 763, 764, 765, 766, 767, 768, 769, 770, 771, 772, 773, 774, 775, 776, 777, 778, 779, 780, 781, 782, 783, 784, 785, 786, 787, 788, 789, 790, 791, 792, 793, 794, 795, 796, 797, 798, 799, 800, 801, 802, 803, 804, 805, 806, 807, 808, 809, 810, 811, 812, 813, 814, 815, 816, 817, 818, 819, 820, 821, 822, 823, 824, 825, 826, 827, 828, 829, 830, 831, 832, 833, 834, 835, 836, 837, 838, 839, 840, 841, 842, 843, 844, 845, 846, 847, 848, 849, 850, 851, 852, 853, 854, 855, 856, 857, 858, 859, 860, 861, 862, 863, 864, 865, 866, 867, 868, 869, 870, 871, 872, 873, 874, 875, 876, 877, 878, 879, 880, 881, 882, 883, 884, 885, 886, 887, 888, 889, 890, 891, 892, 893, 894, 895, 896, 897, 898, 899, 900, 901, 902, 903, 904, 905, 906, 907, 908, 909, 910, 911, 912, 913, 914, 915, 916, 917, 918, 919, 920, 921, 922, 923, 924, 925, 926, 927, 928, 929, 930, 931, 932, 933, 934, 935, 936, 937, 938, 939, 940, 941, 942, 943, 944, 945, 946, 947, 948, 949, 950, 951, 952, 953, 954, 955, 956, 957, 958, 959, 960, 961, 962, 963, 964, 965, 966, 967, 968, 969, 970, 971, 972, 973, 974, 975, 976, 977, 978, 979, 980, 981, 982, 983, 984, 985, 986, 987, 988, 989, 990, 991, 992, 993, 994, 995, 996, 997, 998, 999, 1000 } ;


QualityLevels= { 0, 1, 2, 3, 4, 5 } ;

Arcs = { <1,2,490000>, <2,1,490000>,<1,3,490000>, <3,1,490000>,<1,4,490000>, <4,1,490000>,<2,5,490000>, <5,2,490000>,<5,6,490000>, <6,5,490000>,<1,7,490000>, <7,1,490000> }; 


RatePerQuality= [ 0  300  700  1500  2500  3500 ] ;


CacheSpacePerQuality= [ 10000  11.25  26.25  56.25  93.75  131.25 ] ;


UtilityPerQuality= [ 0  0.66874  0.795271  0.880112  0.945742  1 ] ;


ObjectsPublishedByProducers=[ [ 0  0  1  0  0  0  0 ]  [ 0  0  0  0  1  0  0 ]  [ 0  0  0  0  1  0  0 ]  [ 0  0  0  1  0  0  0 ]  [ 0  0  0  0  0  0  1 ]  [ 0  0  0  0  0  0  1 ]  [ 0  1  0  0  0  0  0 ]  [ 0  0  0  0  1  0  0 ]  [ 0  0  1  0  0  0  0 ]  [ 0  0  1  0  0  0  0 ]  [ 0  0  0  0  1  0  0 ]  [ 0  0  0  0  0  0  1 ]  [ 0  0  0  0  1  0  0 ]  [ 0  0  1  0  0  0  0 ]  [ 0  0  0  0  0  0  1 ]  [ 0  0  0  0  1  0  0 ]  [ 0  0  0  1  0  0  0 ]  [ 1  0  0  0  0  0  0 ]  [ 1  0  0  0  0  0  0 ]  [ 0  0  1  0  0  0  0 ]  [ 0  0  1  0  0  0  0 ]  [ 0  0  0  0  0  0  1 ]  [ 1  0  0  0  0  0  0 ]  [ 0  0  0  0  0  1  0 ]  [ 0  0  0  1  0  0  0 ]  [ 0  0  0  0  0  1  0 ]  [ 0  0  1  0  0  0  0 ]  [ 0  0  0  1  0  0  0 ]  [ 0  0  0  0  0  0  1 ]  [ 0  0  0  0  0  0  1 ]  [ 0  0  0  1  0  0  0 ]  [ 0  0  0  1  0  0  0 ]  [ 0  0  0  1  0  0  0 ]  [ 0  0  0  0  0  0  1 ]  [ 0  0  0  0  0  1  0 ]  [ 0  0  1  0  0  0  0 ]  [ 0  0  0  0  1  0  0 ]  [ 0  0  0  0  0  0  1 ]  [ 0  1  0  0  0  0  0 ]  [ 0  0  0  1  0  0  0 ]  [ 1  0  0  0  0  0  0 ]  [ 1  0  0  0  0  0  0 ]  [ 0  0  1  0  0  0  0 ]  [ 0  0  0  0  0  1  0 ]  [ 0  0  0  0  1  0  0 ]  [ 0  1  0  0  0  0  0 ]  [ 1  0  0  0  0  0  0 ]  [ 0  0  0  0  0  1  0 ]  [ 0  0  0  0  1  0  0 ]  [ 0  1  0  0  0  0  0 ]  [ 0  0  0  0  0  1  0 ]  [ 0  1  0  0  0  0  0 ]  [ 1  0  0  0  0  0  0 ]  [ 0  0  0  0  1  0  0 ]  [ 0  0  0  0  0  0  1 ]  [ 0  1  0  0  0  0  0 ]  [ 0  0  1  0  0  0  0 ]  [ 0  0  0  1  0  0  0 ]  [ 0  0  0  0  1  0  0 ]  [ 0  0  0  0  0  1  0 ]  [ 0  0  0  1  0  0  0 ]  [ 0  0  0  0  0  0  1 ]  [ 0  1  0  0  0  0  0 ]  [ 0  1  0  0  0  0  0 ]  [ 0  0  0  0  0  1  0 ]  [ 0  0  0  0  0  0  1 ]  [ 0  0  0  0  0  0  1 ]  [ 0  0  0  0  1  0  0 ]  [ 0  0  0  0  0  0  1 ]  [ 0  0  0  0  0  1  0 ]  [ 0  0  0  0  0  0  1 ]  [ 0  0  1  0  0  0  0 ]  [ 0  0  1  0  0  0  0 ]  [ 0  1  0  0  0  0  0 ]  [ 1  0  0  0  0  0  0 ]  [ 0  1  0  0  0  0  0 ]  [ 0  0  0  0  0  1  0 ]  [ 0  0  0  1  0  0  0 ]  [ 0  0  0  0  0  0  1 ]  [ 1  0  0  0  0  0  0 ]  [ 0  0  0  0  1  0  0 ]  [ 0  0  0  0  0  0  1 ]  [ 1  0  0  0  0  0  0 ]  [ 0  0  0  1  0  0  0 ]  [ 0  0  0  0  0  0  1 ]  [ 1  0  0  0  0  0  0 ]  [ 0  1  0  0  0  0  0 ]  [ 0  0  0  0  0  0  1 ]  [ 0  0  0  1  0  0  0 ]  [ 0  0  0  0  0  0  1 ]  [ 1  0  0  0  0  0  0 ]  [ 0  0  1  0  0  0  0 ]  [ 0  0  0  0  1  0  0 ]  [ 0  0  0  0  1  0  0 ]  [ 1  0  0  0  0  0  0 ]  [ 0  0  0  0  1  0  0 ]  [ 0  0  0  0  1  0  0 ]  [ 0  0  0  0  0  0  1 ]  [ 0  0  0  0  0  0  1 ]  [ 0  0  0  0  0  1  0 ]  [ 0  0  1  0  0  0  0 ]  [ 1  0  0  0  0  0  0 ]  [ 0  0  0  0  0  0  1 ]  [ 0  0  0  1  0  0  0 ]  [ 0  0  0  0  0  0  1 ]  [ 0  0  0  0  0  0  1 ]  [ 0  0  0  0  0  1  0 ]  [ 0  0  0  0  0  1  0 ]  [ 0  0  0  0  0  0  1 ]  [ 0  1  0  0  0  0  0 ]  [ 0  1  0  0  0  0  0 ]  [ 0  0  0  0  0  0  1 ]  [ 0  0  1  0  0  0  0 ]  [ 0  0  0  1  0  0  0 ]  [ 0  0  0  1  0  0  0 ]  [ 0  1  0  0  0  0  0 ]  [ 1  0  0  0  0  0  0 ]  [ 0  0  0  0  1  0  0 ]  [ 0  0  0  0  1  0  0 ]  [ 0  0  0  0  1  0  0 ]  [ 0  0  0  1  0  0  0 ]  [ 0  0  0  0  1  0  0 ]  [ 0  1  0  0  0  0  0 ]  [ 0  0  1  0  0  0  0 ]  [ 0  0  1  0  0  0  0 ]  [ 0  0  1  0  0  0  0 ]  [ 0  0  0  0  1  0  0 ]  [ 0  0  0  1  0  0  0 ]  [ 0  0  1  0  0  0  0 ]  [ 0  1  0  0  0  0  0 ]  [ 0  0  0  0  0  1  0 ]  [ 0  0  1  0  0  0  0 ]  [ 0  0  0  1  0  0  0 ]  [ 0  0  0  0  0  0  1 ]  [ 0  0  0  1  0  0  0 ]  [ 0  0  0  1  0  0  0 ]  [ 0  1  0  0  0  0  0 ]  [ 0  0  0  0  0  0  1 ]  [ 0  0  0  0  0  1  0 ]  [ 0  0  0  0  0  0  1 ]  [ 0  0  1  0  0  0  0 ]  [ 0  0  0  0  0  1  0 ]  [ 0  0  0  0  0  1  0 ]  [ 0  0  0  1  0  0  0 ]  [ 0  0  1  0  0  0  0 ]  [ 1  0  0  0  0  0  0 ]  [ 0  0  0  0  0  0  1 ]  [ 0  0  0  1  0  0  0 ]  [ 0  1  0  0  0  0  0 ]  [ 0  0  0  0  1  0  0 ]  [ 0  0  1  0  0  0  0 ]  [ 0  0  1  0  0  0  0 ]  [ 0  0  0  1  0  0  0 ]  [ 0  0  0  0  1  0  0 ]  [ 0  0  0  1  0  0  0 ]  [ 0  1  0  0  0  0  0 ]  [ 0  1  0  0  0  0  0 ]  [ 0  0  0  0  0  0  1 ]  [ 0  0  0  1  0  0  0 ]  [ 1  0  0  0  0  0  0 ]  [ 0  0  0  0  1  0  0 ]  [ 0  0  0  0  0  0  1 ]  [ 0  0  0  1  0  0  0 ]  [ 0  1  0  0  0  0  0 ]  [ 0  0  0  0  0  1  0 ]  [ 0  1  0  0  0  0  0 ]  [ 0  0  0  0  0  1  0 ]  [ 0  1  0  0  0  0  0 ]  [ 0  0  1  0  0  0  0 ]  [ 0  0  0  0  0  1  0 ]  [ 1  0  0  0  0  0  0 ]  [ 1  0  0  0  0  0  0 ]  [ 0  0  0  0  0  1  0 ]  [ 1  0  0  0  0  0  0 ]  [ 0  0  0  0  0  1  0 ]  [ 1  0  0  0  0  0  0 ]  [ 0  0  0  0  1  0  0 ]  [ 0  0  0  0  0  1  0 ]  [ 0  0  0  1  0  0  0 ]  [ 0  0  1  0  0  0  0 ]  [ 1  0  0  0  0  0  0 ]  [ 0  0  1  0  0  0  0 ]  [ 0  0  0  0  1  0  0 ]  [ 1  0  0  0  0  0  0 ]  [ 0  0  0  0  0  0  1 ]  [ 0  0  0  1  0  0  0 ]  [ 1  0  0  0  0  0  0 ]  [ 1  0  0  0  0  0  0 ]  [ 0  1  0  0  0  0  0 ]  [ 0  0  0  0  0  0  1 ]  [ 0  0  0  0  0  1  0 ]  [ 0  0  0  0  0  1  0 ]  [ 0  0  0  1  0  0  0 ]  [ 0  1  0  0  0  0  0 ]  [ 0  0  0  0  0  0  1 ]  [ 0  0  0  1  0  0  0 ]  [ 0  0  1  0  0  0  0 ]  [ 0  1  0  0  0  0  0 ]  [ 0  0  0  0  0  1  0 ]  [ 0  0  0  0  0  0  1 ]  [ 0  0  0  0  0  1  0 ]  [ 1  0  0  0  0  0  0 ]  [ 1  0  0  0  0  0  0 ]  [ 0  0  1  0  0  0  0 ]  [ 0  0  0  1  0  0  0 ]  [ 0  0  0  0  0  1  0 ]  [ 1  0  0  0  0  0  0 ]  [ 0  0  0  0  1  0  0 ]  [ 0  0  0  0  0  1  0 ]  [ 0  0  0  1  0  0  0 ]  [ 0  1  0  0  0  0  0 ]  [ 0  0  0  0  1  0  0 ]  [ 1  0  0  0  0  0  0 ]  [ 0  0  0  0  0  1  0 ]  [ 1  0  0  0  0  0  0 ]  [ 0  1  0  0  0  0  0 ]  [ 0  0  0  0  0  0  1 ]  [ 1  0  0  0  0  0  0 ]  [ 0  0  0  1  0  0  0 ]  [ 0  0  0  0  1  0  0 ]  [ 0  0  1  0  0  0  0 ]  [ 0  0  0  1  0  0  0 ]  [ 1  0  0  0  0  0  0 ]  [ 0  0  0  1  0  0  0 ]  [ 0  0  0  0  1  0  0 ]  [ 0  1  0  0  0  0  0 ]  [ 0  0  0  0  1  0  0 ]  [ 0  0  0  0  0  1  0 ]  [ 0  0  0  0  0  1  0 ]  [ 0  0  0  0  0  1  0 ]  [ 1  0  0  0  0  0  0 ]  [ 0  1  0  0  0  0  0 ]  [ 1  0  0  0  0  0  0 ]  [ 1  0  0  0  0  0  0 ]  [ 0  0  1  0  0  0  0 ]  [ 0  0  0  0  0  0  1 ]  [ 0  0  1  0  0  0  0 ]  [ 0  0  1  0  0  0  0 ]  [ 0  0  1  0  0  0  0 ]  [ 1  0  0  0  0  0  0 ]  [ 0  0  0  0  1  0  0 ]  [ 0  0  0  0  1  0  0 ]  [ 0  0  0  0  0  1  0 ]  [ 0  1  0  0  0  0  0 ]  [ 0  0  0  0  1  0  0 ]  [ 0  0  0  0  0  1  0 ]  [ 0  0  0  0  0  0  1 ]  [ 0  0  0  1  0  0  0 ]  [ 0  0  1  0  0  0  0 ]  [ 0  0  0  1  0  0  0 ]  [ 1  0  0  0  0  0  0 ]  [ 0  0  0  0  0  0  1 ]  [ 1  0  0  0  0  0  0 ]  [ 0  0  0  0  0  0  1 ]  [ 0  0  0  1  0  0  0 ]  [ 0  0  0  0  1  0  0 ]  [ 0  0  0  0  1  0  0 ]  [ 0  0  1  0  0  0  0 ]  [ 0  1  0  0  0  0  0 ]  [ 0  0  1  0  0  0  0 ]  [ 0  0  1  0  0  0  0 ]  [ 1  0  0  0  0  0  0 ]  [ 0  0  1  0  0  0  0 ]  [ 0  0  0  1  0  0  0 ]  [ 1  0  0  0  0  0  0 ]  [ 0  0  0  0  0  1  0 ]  [ 0  0  1  0  0  0  0 ]  [ 0  0  0  1  0  0  0 ]  [ 0  0  0  1  0  0  0 ]  [ 0  0  0  0  1  0  0 ]  [ 0  0  1  0  0  0  0 ]  [ 1  0  0  0  0  0  0 ]  [ 0  0  0  0  0  1  0 ]  [ 1  0  0  0  0  0  0 ]  [ 1  0  0  0  0  0  0 ]  [ 0  0  0  0  0  1  0 ]  [ 0  0  0  1  0  0  0 ]  [ 0  0  0  0  0  0  1 ]  [ 0  0  1  0  0  0  0 ]  [ 0  1  0  0  0  0  0 ]  [ 0  0  1  0  0  0  0 ]  [ 0  0  1  0  0  0  0 ]  [ 1  0  0  0  0  0  0 ]  [ 0  0  0  0  0  1  0 ]  [ 0  1  0  0  0  0  0 ]  [ 0  0  0  0  0  0  1 ]  [ 0  0  0  0  0  1  0 ]  [ 0  0  1  0  0  0  0 ]  [ 1  0  0  0  0  0  0 ]  [ 1  0  0  0  0  0  0 ]  [ 1  0  0  0  0  0  0 ]  [ 0  0  1  0  0  0  0 ]  [ 0  0  0  1  0  0  0 ]  [ 0  1  0  0  0  0  0 ]  [ 1  0  0  0  0  0  0 ]  [ 0  0  0  0  0  0  1 ]  [ 0  1  0  0  0  0  0 ]  [ 0  1  0  0  0  0  0 ]  [ 0  0  0  1  0  0  0 ]  [ 0  0  0  0  0  0  1 ]  [ 0  0  0  0  0  1  0 ]  [ 0  0  0  1  0  0  0 ]  [ 0  0  1  0  0  0  0 ]  [ 0  0  0  1  0  0  0 ]  [ 1  0  0  0  0  0  0 ]  [ 0  0  0  0  0  0  1 ]  [ 0  1  0  0  0  0  0 ]  [ 0  1  0  0  0  0  0 ]  [ 1  0  0  0  0  0  0 ]  [ 0  0  0  0  0  1  0 ]  [ 0  0  0  0  0  1  0 ]  [ 0  0  0  0  0  1  0 ]  [ 0  0  0  0  0  1  0 ]  [ 0  0  0  0  1  0  0 ]  [ 1  0  0  0  0  0  0 ]  [ 0  0  0  0  0  1  0 ]  [ 0  0  0  0  0  1  0 ]  [ 0  0  0  0  0  0  1 ]  [ 0  1  0  0  0  0  0 ]  [ 0  1  0  0  0  0  0 ]  [ 0  0  0  1  0  0  0 ]  [ 0  0  1  0  0  0  0 ]  [ 0  0  0  1  0  0  0 ]  [ 0  0  1  0  0  0  0 ]  [ 0  0  0  0  0  0  1 ]  [ 0  0  1  0  0  0  0 ]  [ 0  0  1  0  0  0  0 ]  [ 0  1  0  0  0  0  0 ]  [ 0  0  0  0  0  1  0 ]  [ 0  0  0  0  1  0  0 ]  [ 0  0  0  0  0  0  1 ]  [ 1  0  0  0  0  0  0 ]  [ 0  0  0  1  0  0  0 ]  [ 0  0  0  0  0  0  1 ]  [ 0  0  0  0  1  0  0 ]  [ 0  0  1  0  0  0  0 ]  [ 1  0  0  0  0  0  0 ]  [ 0  0  0  1  0  0  0 ]  [ 0  0  0  0  1  0  0 ]  [ 1  0  0  0  0  0  0 ]  [ 0  0  0  0  1  0  0 ]  [ 0  0  0  0  0  1  0 ]  [ 0  0  1  0  0  0  0 ]  [ 0  0  0  0  0  0  1 ]  [ 1  0  0  0  0  0  0 ]  [ 0  0  0  0  0  1  0 ]  [ 1  0  0  0  0  0  0 ]  [ 0  0  1  0  0  0  0 ]  [ 1  0  0  0  0  0  0 ]  [ 0  0  1  0  0  0  0 ]  [ 0  0  0  0  0  1  0 ]  [ 1  0  0  0  0  0  0 ]  [ 0  0  0  0  1  0  0 ]  [ 1  0  0  0  0  0  0 ]  [ 0  0  0  0  1  0  0 ]  [ 0  0  0  0  1  0  0 ]  [ 0  1  0  0  0  0  0 ]  [ 0  0  0  1  0  0  0 ]  [ 0  0  0  0  0  0  1 ]  [ 0  0  0  1  0  0  0 ]  [ 0  0  0  0  1  0  0 ]  [ 0  1  0  0  0  0  0 ]  [ 0  0  0  1  0  0  0 ]  [ 0  0  1  0  0  0  0 ]  [ 1  0  0  0  0  0  0 ]  [ 0  0  0  0  1  0  0 ]  [ 0  0  0  0  0  0  1 ]  [ 0  0  0  0  0  0  1 ]  [ 0  0  0  0  1  0  0 ]  [ 0  0  0  0  0  0  1 ]  [ 0  0  0  0  0  1  0 ]  [ 0  0  0  0  0  1  0 ]  [ 0  0  0  1  0  0  0 ]  [ 0  0  1  0  0  0  0 ]  [ 0  1  0  0  0  0  0 ]  [ 0  0  0  0  0  1  0 ]  [ 0  0  0  0  0  0  1 ]  [ 0  0  1  0  0  0  0 ]  [ 0  0  0  0  0  1  0 ]  [ 0  0  1  0  0  0  0 ]  [ 0  0  1  0  0  0  0 ]  [ 0  0  0  1  0  0  0 ]  [ 0  0  0  0  1  0  0 ]  [ 0  0  0  0  0  1  0 ]  [ 0  0  0  0  0  1  0 ]  [ 0  1  0  0  0  0  0 ]  [ 0  0  0  1  0  0  0 ]  [ 0  0  1  0  0  0  0 ]  [ 0  0  0  0  0  0  1 ]  [ 0  0  0  0  0  0  1 ]  [ 0  1  0  0  0  0  0 ]  [ 0  0  0  0  0  0  1 ]  [ 0  1  0  0  0  0  0 ]  [ 0  0  0  0  1  0  0 ]  [ 0  0  0  1  0  0  0 ]  [ 0  0  0  0  0  0  1 ]  [ 0  0  0  0  0  0  1 ]  [ 0  0  0  1  0  0  0 ]  [ 0  0  0  0  0  1  0 ]  [ 0  0  0  0  0  0  1 ]  [ 1  0  0  0  0  0  0 ]  [ 1  0  0  0  0  0  0 ]  [ 0  0  0  1  0  0  0 ]  [ 0  1  0  0  0  0  0 ]  [ 0  0  1  0  0  0  0 ]  [ 0  0  1  0  0  0  0 ]  [ 0  0  0  0  0  0  1 ]  [ 1  0  0  0  0  0  0 ]  [ 0  0  0  1  0  0  0 ]  [ 0  0  0  0  1  0  0 ]  [ 1  0  0  0  0  0  0 ]  [ 0  0  0  0  0  1  0 ]  [ 0  1  0  0  0  0  0 ]  [ 0  0  0  0  1  0  0 ]  [ 0  0  0  0  0  1  0 ]  [ 0  1  0  0  0  0  0 ]  [ 0  0  0  0  1  0  0 ]  [ 0  1  0  0  0  0  0 ]  [ 0  0  0  0  1  0  0 ]  [ 1  0  0  0  0  0  0 ]  [ 1  0  0  0  0  0  0 ]  [ 0  0  0  0  0  0  1 ]  [ 0  0  0  1  0  0  0 ]  [ 0  0  0  1  0  0  0 ]  [ 0  0  0  1  0  0  0 ]  [ 0  0  0  0  0  0  1 ]  [ 0  0  0  0  1  0  0 ]  [ 0  0  1  0  0  0  0 ]  [ 0  1  0  0  0  0  0 ]  [ 0  0  0  0  1  0  0 ]  [ 0  0  0  0  0  1  0 ]  [ 0  0  0  0  0  0  1 ]  [ 0  0  0  1  0  0  0 ]  [ 0  0  0  0  1  0  0 ]  [ 0  0  1  0  0  0  0 ]  [ 1  0  0  0  0  0  0 ]  [ 0  0  0  0  1  0  0 ]  [ 0  1  0  0  0  0  0 ]  [ 0  0  0  1  0  0  0 ]  [ 1  0  0  0  0  0  0 ]  [ 1  0  0  0  0  0  0 ]  [ 0  0  1  0  0  0  0 ]  [ 0  0  0  0  1  0  0 ]  [ 0  0  0  0  1  0  0 ]  [ 0  1  0  0  0  0  0 ]  [ 0  1  0  0  0  0  0 ]  [ 0  0  0  0  0  0  1 ]  [ 1  0  0  0  0  0  0 ]  [ 1  0  0  0  0  0  0 ]  [ 0  0  0  0  0  1  0 ]  [ 0  0  0  0  1  0  0 ]  [ 0  0  0  0  0  0  1 ]  [ 0  0  0  1  0  0  0 ]  [ 0  0  0  0  0  1  0 ]  [ 0  0  1  0  0  0  0 ]  [ 1  0  0  0  0  0  0 ]  [ 1  0  0  0  0  0  0 ]  [ 0  0  1  0  0  0  0 ]  [ 0  1  0  0  0  0  0 ]  [ 0  0  0  0  0  1  0 ]  [ 0  0  1  0  0  0  0 ]  [ 0  0  0  0  0  1  0 ]  [ 0  0  0  1  0  0  0 ]  [ 0  0  0  0  1  0  0 ]  [ 0  0  1  0  0  0  0 ]  [ 0  0  0  1  0  0  0 ]  [ 0  0  0  0  0  0  1 ]  [ 0  0  1  0  0  0  0 ]  [ 0  1  0  0  0  0  0 ]  [ 0  1  0  0  0  0  0 ]  [ 0  0  0  0  1  0  0 ]  [ 0  0  0  1  0  0  0 ]  [ 0  0  0  1  0  0  0 ]  [ 0  0  0  0  0  0  1 ]  [ 0  0  0  1  0  0  0 ]  [ 0  1  0  0  0  0  0 ]  [ 0  0  0  1  0  0  0 ]  [ 0  1  0  0  0  0  0 ]  [ 0  0  0  0  1  0  0 ]  [ 0  0  0  0  1  0  0 ]  [ 1  0  0  0  0  0  0 ]  [ 0  0  0  0  0  0  1 ]  [ 0  0  0  0  0  0  1 ]  [ 0  0  0  0  1  0  0 ]  [ 0  0  0  0  1  0  0 ]  [ 0  0  0  0  0  0  1 ]  [ 0  0  0  0  0  1  0 ]  [ 0  0  0  1  0  0  0 ]  [ 0  0  1  0  0  0  0 ]  [ 0  0  0  0  1  0  0 ]  [ 0  0  1  0  0  0  0 ]  [ 0  0  0  0  1  0  0 ]  [ 0  0  0  0  0  0  1 ]  [ 1  0  0  0  0  0  0 ]  [ 0  0  0  0  1  0  0 ]  [ 1  0  0  0  0  0  0 ]  [ 0  0  1  0  0  0  0 ]  [ 0  0  0  0  0  0  1 ]  [ 0  1  0  0  0  0  0 ]  [ 0  0  0  0  0  1  0 ]  [ 0  0  0  0  0  0  1 ]  [ 0  0  0  0  0  1  0 ]  [ 0  0  0  0  0  0  1 ]  [ 0  0  1  0  0  0  0 ]  [ 0  0  0  0  0  0  1 ]  [ 0  0  0  0  0  0  1 ]  [ 0  0  0  0  0  1  0 ]  [ 0  0  0  0  0  1  0 ]  [ 0  0  0  0  1  0  0 ]  [ 0  1  0  0  0  0  0 ]  [ 0  0  0  0  0  0  1 ]  [ 0  1  0  0  0  0  0 ]  [ 0  0  0  0  0  1  0 ]  [ 0  0  0  1  0  0  0 ]  [ 0  0  1  0  0  0  0 ]  [ 0  0  0  1  0  0  0 ]  [ 0  1  0  0  0  0  0 ]  [ 1  0  0  0  0  0  0 ]  [ 0  0  0  0  1  0  0 ]  [ 0  0  0  0  0  0  1 ]  [ 1  0  0  0  0  0  0 ]  [ 0  0  0  0  0  0  1 ]  [ 0  0  0  0  1  0  0 ]  [ 0  0  0  0  0  1  0 ]  [ 0  0  0  0  1  0  0 ]  [ 1  0  0  0  0  0  0 ]  [ 0  0  0  0  0  1  0 ]  [ 0  0  0  1  0  0  0 ]  [ 0  1  0  0  0  0  0 ]  [ 0  0  0  0  0  0  1 ]  [ 0  0  0  0  0  1  0 ]  [ 0  0  1  0  0  0  0 ]  [ 0  0  0  0  0  1  0 ]  [ 0  0  0  0  0  1  0 ]  [ 0  0  0  0  0  1  0 ]  [ 1  0  0  0  0  0  0 ]  [ 0  1  0  0  0  0  0 ]  [ 0  0  0  0  1  0  0 ]  [ 1  0  0  0  0  0  0 ]  [ 0  0  0  0  1  0  0 ]  [ 0  0  0  0  0  0  1 ]  [ 0  0  0  0  1  0  0 ]  [ 0  1  0  0  0  0  0 ]  [ 0  1  0  0  0  0  0 ]  [ 0  1  0  0  0  0  0 ]  [ 0  0  0  0  0  1  0 ]  [ 0  1  0  0  0  0  0 ]  [ 0  1  0  0  0  0  0 ]  [ 1  0  0  0  0  0  0 ]  [ 0  0  0  0  1  0  0 ]  [ 0  0  0  0  1  0  0 ]  [ 0  0  0  0  1  0  0 ]  [ 0  0  0  0  1  0  0 ]  [ 0  1  0  0  0  0  0 ]  [ 0  0  0  0  0  1  0 ]  [ 0  0  0  1  0  0  0 ]  [ 0  1  0  0  0  0  0 ]  [ 1  0  0  0  0  0  0 ]  [ 0  0  0  0  0  0  1 ]  [ 0  0  0  1  0  0  0 ]  [ 0  0  0  0  1  0  0 ]  [ 0  0  0  0  0  0  1 ]  [ 0  0  0  0  0  0  1 ]  [ 0  0  1  0  0  0  0 ]  [ 0  0  0  0  0  0  1 ]  [ 0  0  0  0  1  0  0 ]  [ 0  0  0  0  0  1  0 ]  [ 0  0  0  0  0  1  0 ]  [ 0  1  0  0  0  0  0 ]  [ 0  0  1  0  0  0  0 ]  [ 0  0  0  0  0  0  1 ]  [ 1  0  0  0  0  0  0 ]  [ 0  1  0  0  0  0  0 ]  [ 0  0  0  0  0  1  0 ]  [ 0  1  0  0  0  0  0 ]  [ 0  1  0  0  0  0  0 ]  [ 0  0  0  1  0  0  0 ]  [ 0  0  0  1  0  0  0 ]  [ 1  0  0  0  0  0  0 ]  [ 0  0  0  1  0  0  0 ]  [ 0  0  1  0  0  0  0 ]  [ 0  0  0  0  1  0  0 ]  [ 0  0  0  0  0  0  1 ]  [ 0  0  0  0  0  1  0 ]  [ 0  0  0  0  0  0  1 ]  [ 0  0  0  0  1  0  0 ]  [ 0  0  0  1  0  0  0 ]  [ 0  1  0  0  0  0  0 ]  [ 0  1  0  0  0  0  0 ]  [ 0  0  0  0  1  0  0 ]  [ 0  0  0  1  0  0  0 ]  [ 0  1  0  0  0  0  0 ]  [ 0  0  0  1  0  0  0 ]  [ 0  0  0  0  0  0  1 ]  [ 0  0  0  1  0  0  0 ]  [ 0  0  0  0  1  0  0 ]  [ 1  0  0  0  0  0  0 ]  [ 0  0  0  0  0  1  0 ]  [ 0  0  0  1  0  0  0 ]  [ 1  0  0  0  0  0  0 ]  [ 0  1  0  0  0  0  0 ]  [ 0  0  0  0  1  0  0 ]  [ 0  0  1  0  0  0  0 ]  [ 1  0  0  0  0  0  0 ]  [ 0  1  0  0  0  0  0 ]  [ 0  0  0  0  0  1  0 ]  [ 0  0  0  0  0  0  1 ]  [ 0  0  0  0  1  0  0 ]  [ 0  0  0  0  1  0  0 ]  [ 0  0  0  1  0  0  0 ]  [ 0  1  0  0  0  0  0 ]  [ 0  0  0  1  0  0  0 ]  [ 1  0  0  0  0  0  0 ]  [ 0  0  0  0  0  0  1 ]  [ 1  0  0  0  0  0  0 ]  [ 0  0  0  0  1  0  0 ]  [ 0  1  0  0  0  0  0 ]  [ 0  0  0  1  0  0  0 ]  [ 0  0  0  0  0  0  1 ]  [ 0  0  1  0  0  0  0 ]  [ 0  0  1  0  0  0  0 ]  [ 0  0  0  0  1  0  0 ]  [ 0  0  0  0  0  1  0 ]  [ 0  0  0  0  1  0  0 ]  [ 0  0  0  1  0  0  0 ]  [ 0  0  0  0  1  0  0 ]  [ 0  0  0  0  1  0  0 ]  [ 0  0  0  0  0  1  0 ]  [ 0  0  1  0  0  0  0 ]  [ 0  0  0  0  0  1  0 ]  [ 0  0  0  0  0  0  1 ]  [ 0  0  1  0  0  0  0 ]  [ 0  0  0  1  0  0  0 ]  [ 0  0  1  0  0  0  0 ]  [ 0  1  0  0  0  0  0 ]  [ 1  0  0  0  0  0  0 ]  [ 0  0  0  1  0  0  0 ]  [ 0  0  1  0  0  0  0 ]  [ 0  1  0  0  0  0  0 ]  [ 0  0  0  0  1  0  0 ]  [ 1  0  0  0  0  0  0 ]  [ 0  1  0  0  0  0  0 ]  [ 0  0  0  0  0  1  0 ]  [ 0  0  0  0  1  0  0 ]  [ 0  0  1  0  0  0  0 ]  [ 0  1  0  0  0  0  0 ]  [ 0  0  1  0  0  0  0 ]  [ 0  0  0  0  0  1  0 ]  [ 0  0  0  0  0  0  1 ]  [ 0  0  0  0  0  1  0 ]  [ 0  0  0  1  0  0  0 ]  [ 0  0  0  1  0  0  0 ]  [ 0  0  0  0  1  0  0 ]  [ 0  0  0  0  0  0  1 ]  [ 0  1  0  0  0  0  0 ]  [ 0  0  0  1  0  0  0 ]  [ 0  0  0  0  1  0  0 ]  [ 0  0  0  0  0  1  0 ]  [ 0  1  0  0  0  0  0 ]  [ 1  0  0  0  0  0  0 ]  [ 1  0  0  0  0  0  0 ]  [ 0  0  1  0  0  0  0 ]  [ 0  0  0  0  1  0  0 ]  [ 1  0  0  0  0  0  0 ]  [ 0  0  0  0  0  1  0 ]  [ 0  0  0  0  0  1  0 ]  [ 0  1  0  0  0  0  0 ]  [ 1  0  0  0  0  0  0 ]  [ 0  0  0  0  0  1  0 ]  [ 1  0  0  0  0  0  0 ]  [ 0  0  0  0  1  0  0 ]  [ 0  0  0  1  0  0  0 ]  [ 1  0  0  0  0  0  0 ]  [ 0  0  1  0  0  0  0 ]  [ 0  0  0  1  0  0  0 ]  [ 0  1  0  0  0  0  0 ]  [ 0  0  1  0  0  0  0 ]  [ 0  0  0  0  0  1  0 ]  [ 0  0  1  0  0  0  0 ]  [ 0  0  0  0  0  0  1 ]  [ 0  0  0  0  1  0  0 ]  [ 1  0  0  0  0  0  0 ]  [ 0  0  1  0  0  0  0 ]  [ 0  0  1  0  0  0  0 ]  [ 0  0  0  0  1  0  0 ]  [ 0  0  1  0  0  0  0 ]  [ 0  0  0  1  0  0  0 ]  [ 0  0  1  0  0  0  0 ]  [ 0  0  1  0  0  0  0 ]  [ 0  0  1  0  0  0  0 ]  [ 0  1  0  0  0  0  0 ]  [ 0  0  0  0  1  0  0 ]  [ 0  1  0  0  0  0  0 ]  [ 0  0  0  0  1  0  0 ]  [ 0  1  0  0  0  0  0 ]  [ 0  0  0  0  0  1  0 ]  [ 0  1  0  0  0  0  0 ]  [ 1  0  0  0  0  0  0 ]  [ 0  1  0  0  0  0  0 ]  [ 0  0  0  1  0  0  0 ]  [ 0  0  1  0  0  0  0 ]  [ 1  0  0  0  0  0  0 ]  [ 0  1  0  0  0  0  0 ]  [ 0  0  0  0  0  1  0 ]  [ 0  1  0  0  0  0  0 ]  [ 0  0  0  0  0  0  1 ]  [ 0  0  0  0  0  0  1 ]  [ 0  0  1  0  0  0  0 ]  [ 0  0  0  0  0  1  0 ]  [ 0  0  0  0  0  1  0 ]  [ 0  0  0  1  0  0  0 ]  [ 1  0  0  0  0  0  0 ]  [ 0  0  0  0  0  1  0 ]  [ 0  1  0  0  0  0  0 ]  [ 0  1  0  0  0  0  0 ]  [ 0  0  0  0  1  0  0 ]  [ 0  0  0  0  1  0  0 ]  [ 0  0  0  0  1  0  0 ]  [ 0  0  0  1  0  0  0 ]  [ 1  0  0  0  0  0  0 ]  [ 0  0  0  1  0  0  0 ]  [ 1  0  0  0  0  0  0 ]  [ 0  0  0  0  1  0  0 ]  [ 0  0  0  0  1  0  0 ]  [ 0  0  1  0  0  0  0 ]  [ 0  0  1  0  0  0  0 ]  [ 0  0  0  0  1  0  0 ]  [ 0  0  0  0  0  0  1 ]  [ 0  0  0  0  0  1  0 ]  [ 1  0  0  0  0  0  0 ]  [ 0  0  1  0  0  0  0 ]  [ 0  0  0  0  0  0  1 ]  [ 0  0  0  0  0  0  1 ]  [ 0  0  1  0  0  0  0 ]  [ 0  0  0  0  0  1  0 ]  [ 0  1  0  0  0  0  0 ]  [ 1  0  0  0  0  0  0 ]  [ 0  0  1  0  0  0  0 ]  [ 0  0  0  0  0  0  1 ]  [ 0  0  1  0  0  0  0 ]  [ 0  0  0  0  1  0  0 ]  [ 0  0  1  0  0  0  0 ]  [ 0  0  1  0  0  0  0 ]  [ 0  0  0  0  0  1  0 ]  [ 0  0  0  0  1  0  0 ]  [ 0  0  0  0  0  1  0 ]  [ 0  0  1  0  0  0  0 ]  [ 0  0  0  0  1  0  0 ]  [ 0  0  0  0  1  0  0 ]  [ 0  0  0  0  1  0  0 ]  [ 0  0  0  0  0  1  0 ]  [ 0  0  0  0  0  1  0 ]  [ 0  0  0  1  0  0  0 ]  [ 0  0  0  0  0  0  1 ]  [ 0  0  0  0  0  1  0 ]  [ 0  0  0  0  0  1  0 ]  [ 0  0  0  0  1  0  0 ]  [ 1  0  0  0  0  0  0 ]  [ 0  1  0  0  0  0  0 ]  [ 0  0  1  0  0  0  0 ]  [ 0  1  0  0  0  0  0 ]  [ 0  0  0  0  0  0  1 ]  [ 1  0  0  0  0  0  0 ]  [ 0  0  0  0  1  0  0 ]  [ 0  0  0  0  1  0  0 ]  [ 0  1  0  0  0  0  0 ]  [ 0  0  0  0  0  0  1 ]  [ 1  0  0  0  0  0  0 ]  [ 0  0  0  0  1  0  0 ]  [ 0  0  0  0  0  1  0 ]  [ 0  0  0  1  0  0  0 ]  [ 0  0  0  0  0  1  0 ]  [ 0  0  0  0  0  0  1 ]  [ 0  0  1  0  0  0  0 ]  [ 0  0  0  0  0  1  0 ]  [ 0  1  0  0  0  0  0 ]  [ 0  0  1  0  0  0  0 ]  [ 0  0  0  0  1  0  0 ]  [ 0  1  0  0  0  0  0 ]  [ 0  0  0  0  0  1  0 ]  [ 0  0  0  0  0  1  0 ]  [ 0  0  0  0  0  1  0 ]  [ 0  0  0  0  0  1  0 ]  [ 0  0  0  0  1  0  0 ]  [ 0  0  0  0  0  0  1 ]  [ 0  0  0  0  0  0  1 ]  [ 0  0  0  1  0  0  0 ]  [ 1  0  0  0  0  0  0 ]  [ 0  0  0  0  0  1  0 ]  [ 0  0  0  0  0  1  0 ]  [ 0  0  1  0  0  0  0 ]  [ 1  0  0  0  0  0  0 ]  [ 0  0  0  0  0  0  1 ]  [ 1  0  0  0  0  0  0 ]  [ 1  0  0  0  0  0  0 ]  [ 1  0  0  0  0  0  0 ]  [ 0  0  0  0  1  0  0 ]  [ 1  0  0  0  0  0  0 ]  [ 1  0  0  0  0  0  0 ]  [ 0  0  0  0  1  0  0 ]  [ 0  0  1  0  0  0  0 ]  [ 0  0  0  0  0  0  1 ]  [ 0  1  0  0  0  0  0 ]  [ 1  0  0  0  0  0  0 ]  [ 0  0  0  0  1  0  0 ]  [ 0  1  0  0  0  0  0 ]  [ 0  0  0  0  1  0  0 ]  [ 0  0  0  0  0  1  0 ]  [ 1  0  0  0  0  0  0 ]  [ 0  1  0  0  0  0  0 ]  [ 0  0  0  0  0  1  0 ]  [ 0  0  0  0  0  0  1 ]  [ 1  0  0  0  0  0  0 ]  [ 0  0  0  0  0  0  1 ]  [ 0  0  0  1  0  0  0 ]  [ 0  0  0  1  0  0  0 ]  [ 0  1  0  0  0  0  0 ]  [ 0  0  0  0  0  0  1 ]  [ 1  0  0  0  0  0  0 ]  [ 0  0  0  1  0  0  0 ]  [ 0  0  0  0  0  1  0 ]  [ 0  0  0  0  1  0  0 ]  [ 0  0  1  0  0  0  0 ]  [ 0  0  1  0  0  0  0 ]  [ 0  0  0  0  0  0  1 ]  [ 0  0  0  1  0  0  0 ]  [ 0  0  1  0  0  0  0 ]  [ 0  0  0  1  0  0  0 ]  [ 0  1  0  0  0  0  0 ]  [ 0  0  0  0  0  0  1 ]  [ 0  0  1  0  0  0  0 ]  [ 0  0  1  0  0  0  0 ]  [ 0  0  0  0  1  0  0 ]  [ 0  1  0  0  0  0  0 ]  [ 0  0  0  1  0  0  0 ]  [ 1  0  0  0  0  0  0 ]  [ 0  0  1  0  0  0  0 ]  [ 0  0  0  0  0  1  0 ]  [ 0  0  0  0  1  0  0 ]  [ 0  1  0  0  0  0  0 ]  [ 0  0  0  1  0  0  0 ]  [ 1  0  0  0  0  0  0 ]  [ 0  1  0  0  0  0  0 ]  [ 1  0  0  0  0  0  0 ]  [ 1  0  0  0  0  0  0 ]  [ 0  0  0  0  0  1  0 ]  [ 0  1  0  0  0  0  0 ]  [ 0  0  0  0  0  0  1 ]  [ 1  0  0  0  0  0  0 ]  [ 0  0  0  0  1  0  0 ]  [ 0  0  0  0  1  0  0 ]  [ 0  0  0  0  1  0  0 ]  [ 1  0  0  0  0  0  0 ]  [ 0  0  0  1  0  0  0 ]  [ 0  0  0  1  0  0  0 ]  [ 0  0  0  0  1  0  0 ]  [ 0  0  0  0  1  0  0 ]  [ 0  0  0  0  0  0  1 ]  [ 0  0  0  0  0  0  1 ]  [ 0  0  0  0  0  1  0 ]  [ 1  0  0  0  0  0  0 ]  [ 0  0  0  0  1  0  0 ]  [ 0  1  0  0  0  0  0 ]  [ 0  0  1  0  0  0  0 ]  [ 0  0  0  0  1  0  0 ]  [ 0  0  0  0  0  0  1 ]  [ 0  0  0  1  0  0  0 ]  [ 0  0  0  0  0  1  0 ]  [ 0  1  0  0  0  0  0 ]  [ 0  0  1  0  0  0  0 ]  [ 0  0  1  0  0  0  0 ]  [ 0  0  0  0  0  1  0 ]  [ 1  0  0  0  0  0  0 ]  [ 0  0  0  0  1  0  0 ]  [ 1  0  0  0  0  0  0 ]  [ 0  0  0  0  0  0  1 ]  [ 0  1  0  0  0  0  0 ]  [ 0  0  0  0  0  0  1 ]  [ 0  0  0  0  0  0  1 ]  [ 0  0  0  0  0  0  1 ]  [ 0  0  0  0  1  0  0 ]  [ 1  0  0  0  0  0  0 ]  [ 0  0  0  0  0  1  0 ]  [ 0  1  0  0  0  0  0 ]  [ 0  0  0  0  0  1  0 ]  [ 0  0  0  0  0  1  0 ]  [ 0  0  0  0  0  0  1 ]  [ 0  1  0  0  0  0  0 ]  [ 0  0  0  0  0  0  1 ]  [ 1  0  0  0  0  0  0 ]  [ 0  0  0  1  0  0  0 ]  [ 0  1  0  0  0  0  0 ]  [ 1  0  0  0  0  0  0 ]  [ 0  0  0  0  1  0  0 ]  [ 0  0  0  0  0  0  1 ]  [ 0  0  0  0  0  1  0 ]  [ 0  0  0  0  0  1  0 ]  [ 1  0  0  0  0  0  0 ]  [ 1  0  0  0  0  0  0 ]  [ 0  1  0  0  0  0  0 ]  [ 1  0  0  0  0  0  0 ]  [ 1  0  0  0  0  0  0 ]  [ 0  0  0  0  1  0  0 ]  [ 0  0  0  0  0  1  0 ]  [ 0  0  0  0  0  0  1 ]  [ 0  0  0  0  1  0  0 ]  [ 0  0  0  0  0  1  0 ]  [ 0  0  0  0  1  0  0 ]  [ 0  0  0  0  0  0  1 ]  [ 0  0  0  0  0  1  0 ]  [ 0  0  0  0  0  0  1 ]  [ 0  0  1  0  0  0  0 ]  [ 0  0  0  0  0  1  0 ]  [ 0  0  0  0  0  1  0 ]  [ 0  0  1  0  0  0  0 ]  [ 0  0  0  1  0  0  0 ]  [ 0  0  0  1  0  0  0 ]  [ 1  0  0  0  0  0  0 ]  [ 0  1  0  0  0  0  0 ]  [ 0  0  0  0  0  1  0 ]  [ 1  0  0  0  0  0  0 ]  [ 0  0  0  1  0  0  0 ]  [ 0  0  0  0  0  0  1 ]  [ 0  0  0  0  1  0  0 ]  [ 0  1  0  0  0  0  0 ]  [ 0  0  0  0  0  0  1 ]  [ 0  0  0  0  1  0  0 ]  [ 0  0  0  0  0  0  1 ]  [ 0  0  0  0  1  0  0 ]  [ 0  0  0  0  0  0  1 ]  [ 1  0  0  0  0  0  0 ]  [ 0  0  0  0  1  0  0 ]  [ 0  0  1  0  0  0  0 ]  [ 0  0  1  0  0  0  0 ]  [ 1  0  0  0  0  0  0 ]  [ 0  0  0  1  0  0  0 ]  [ 0  0  1  0  0  0  0 ]  [ 0  0  0  1  0  0  0 ]  [ 0  0  0  0  0  0  1 ]  [ 1  0  0  0  0  0  0 ]  [ 0  0  0  0  0  1  0 ]  [ 0  0  0  0  1  0  0 ]  [ 0  0  0  0  1  0  0 ]  [ 0  0  1  0  0  0  0 ]  [ 0  1  0  0  0  0  0 ]  [ 1  0  0  0  0  0  0 ]  [ 0  0  0  0  0  0  1 ]  [ 0  0  0  0  0  0  1 ]  [ 0  0  0  0  0  1  0 ]  [ 1  0  0  0  0  0  0 ]  [ 1  0  0  0  0  0  0 ]  [ 0  0  1  0  0  0  0 ]  [ 0  0  0  0  0  0  1 ]  [ 0  0  0  0  0  1  0 ]  [ 0  1  0  0  0  0  0 ]  [ 0  0  1  0  0  0  0 ]  [ 0  0  0  1  0  0  0 ]  [ 0  0  0  1  0  0  0 ]  [ 0  0  0  0  0  0  1 ]  [ 0  0  0  0  1  0  0 ]  [ 1  0  0  0  0  0  0 ]  [ 0  0  0  0  1  0  0 ]  [ 0  1  0  0  0  0  0 ]  [ 0  0  1  0  0  0  0 ]  [ 0  0  0  0  0  1  0 ]  [ 0  1  0  0  0  0  0 ]  [ 0  0  0  0  0  1  0 ]  [ 0  0  0  0  0  0  1 ]  [ 1  0  0  0  0  0  0 ]  [ 0  0  1  0  0  0  0 ]  [ 0  0  0  0  1  0  0 ]  [ 0  0  1  0  0  0  0 ]  [ 0  0  0  0  0  1  0 ]  [ 1  0  0  0  0  0  0 ]  [ 0  0  0  1  0  0  0 ]  [ 0  0  0  0  0  0  1 ]  [ 0  0  0  0  0  1  0 ]  [ 1  0  0  0  0  0  0 ]  [ 1  0  0  0  0  0  0 ]  [ 0  0  0  0  0  1  0 ]  [ 0  0  0  0  0  0  1 ]  [ 1  0  0  0  0  0  0 ]  [ 0  0  0  0  0  0  1 ]  [ 0  0  0  1  0  0  0 ]  [ 0  0  0  0  1  0  0 ]  [ 0  0  0  0  0  1  0 ]  [ 0  0  0  0  0  0  1 ]  [ 0  0  1  0  0  0  0 ]  [ 1  0  0  0  0  0  0 ]  [ 0  1  0  0  0  0  0 ]  [ 1  0  0  0  0  0  0 ]  [ 1  0  0  0  0  0  0 ]  [ 0  0  0  1  0  0  0 ]  [ 0  0  0  0  0  0  1 ]  [ 0  0  0  0  0  0  1 ]  [ 0  0  0  0  1  0  0 ]  [ 0  0  0  0  1  0  0 ]  [ 0  0  0  1  0  0  0 ]  [ 0  0  0  1  0  0  0 ]  [ 0  1  0  0  0  0  0 ] ];

ObjRequests = {  <1,3,11>, <2,3,106>, <3,3,36>, <4,3,18>, <5,3,3>, <6,3,34>, <7,3,24>, <8,3,1>, <9,3,36>, <10,3,7>, <11,3,42>, <12,3,34>, <13,3,3>, <14,3,8>, <15,3,5>, <16,3,5>, <17,3,1>, <18,3,2>, <19,3,9>, <20,3,1>, <21,3,6>, <22,3,12>, <23,3,4>, <24,3,5>, <25,3,5>, <26,3,3>, <27,3,1>, <28,3,5>, <29,3,14>, <30,3,3>, <31,3,11>, <32,3,4>, <33,3,1>, <34,3,13>, <35,3,3>, <37,3,2>, <38,3,5>, <39,3,3>, <40,3,4>, <41,3,7>, <42,3,1>, <43,3,2>, <44,3,3>, <45,3,9>, <46,3,4>, <47,3,2>, <48,3,5>, <50,3,5>, <51,3,1>, <52,3,6>, <53,3,1>, <54,3,10>, <56,3,1>, <57,3,8>, <58,3,4>, <59,3,4>, <63,3,1>, <64,3,1>, <67,3,3>, <68,3,3>, <69,3,5>, <70,3,3>, <72,3,1>, <76,3,2>, <77,3,2>, <78,3,5>, <79,3,2>, <81,3,3>, <82,3,1>, <83,3,4>, <84,3,3>, <86,3,2>, <87,3,2>, <88,3,1>, <89,3,1>, <91,3,2>, <92,3,2>, <93,3,3>, <94,3,1>, <96,3,1>, <97,3,1>, <98,3,2>, <101,3,1>, <102,3,5>, <103,3,1>, <104,3,1>, <105,3,3>, <106,3,2>, <107,3,2>, <108,3,5>, <109,3,5>, <111,3,1>, <112,3,1>, <113,3,3>, <118,3,2>, <119,3,1>, <120,3,1>, <121,3,2>, <122,3,4>, <123,3,1>, <124,3,2>, <125,3,1>, <126,3,1>, <128,3,2>, <131,3,1>, <135,3,1>, <138,3,1>, <139,3,2>, <140,3,2>, <143,3,1>, <144,3,1>, <145,3,1>, <146,3,2>, <148,3,2>, <149,3,4>, <152,3,2>, <154,3,1>, <155,3,2>, <156,3,2>, <159,3,1>, <160,3,2>, <162,3,1>, <167,3,1>, <168,3,1>, <169,3,1>, <170,3,2>, <171,3,1>, <175,3,1>, <176,3,2>, <178,3,3>, <179,3,1>, <180,3,1>, <182,3,1>, <184,3,2>, <186,3,1>, <190,3,1>, <191,3,1>, <193,3,1>, <194,3,1>, <195,3,2>, <196,3,1>, <197,3,1>, <200,3,1>, <202,3,2>, <203,3,1>, <207,3,2>, <211,3,2>, <212,3,1>, <214,3,1>, <215,3,1>, <216,3,2>, <217,3,1>, <218,3,1>, <219,3,1>, <220,3,1>, <221,3,1>, <222,3,1>, <225,3,4>, <226,3,2>, <230,3,2>, <231,3,1>, <235,3,1>, <236,3,1>, <240,3,2>, <244,3,1>, <245,3,4>, <246,3,1>, <251,3,1>, <254,3,1>, <255,3,3>, <257,3,1>, <263,3,1>, <266,3,2>, <271,3,1>, <272,3,1>, <275,3,1>, <276,3,1>, <279,3,1>, <284,3,2>, <286,3,1>, <289,3,1>, <293,3,1>, <296,3,1>, <297,3,2>, <298,3,3>, <299,3,1>, <304,3,1>, <306,3,1>, <308,3,1>, <311,3,1>, <312,3,1>, <313,3,1>, <315,3,1>, <317,3,1>, <318,3,1>, <319,3,1>, <320,3,1>, <321,3,1>, <326,3,1>, <333,3,2>, <335,3,1>, <338,3,2>, <339,3,1>, <340,3,2>, <342,3,1>, <343,3,3>, <344,3,1>, <345,3,1>, <346,3,1>, <347,3,1>, <349,3,2>, <354,3,1>, <355,3,1>, <357,3,1>, <359,3,1>, <365,3,1>, <366,3,2>, <368,3,1>, <369,3,2>, <372,3,1>, <378,3,1>, <382,3,2>, <383,3,1>, <385,3,1>, <388,3,2>, <390,3,1>, <394,3,1>, <400,3,2>, <402,3,1>, <407,3,1>, <413,3,1>, <415,3,1>, <416,3,1>, <425,3,2>, <429,3,1>, <432,3,1>, <433,3,1>, <435,3,1>, <438,3,1>, <440,3,1>, <443,3,1>, <444,3,1>, <448,3,1>, <452,3,2>, <455,3,1>, <457,3,1>, <462,3,1>, <469,3,1>, <471,3,1>, <472,3,1>, <481,3,2>, <482,3,1>, <485,3,1>, <492,3,1>, <493,3,1>, <498,3,1>, <499,3,1>, <500,3,1>, <504,3,1>, <505,3,1>, <507,3,1>, <512,3,3>, <520,3,1>, <521,3,1>, <529,3,1>, <532,3,1>, <533,3,1>, <548,3,1>, <552,3,1>, <555,3,2>, <559,3,1>, <563,3,1>, <571,3,1>, <573,3,1>, <574,3,1>, <578,3,1>, <584,3,1>, <590,3,1>, <596,3,1>, <600,3,1>, <613,3,1>, <616,3,1>, <620,3,1>, <642,3,1>, <647,3,1>, <659,3,1>, <683,3,1>, <692,3,1>, <693,3,1>, <699,3,1>, <706,3,1>, <708,3,1>, <726,3,1>, <738,3,1>, <739,3,1>, <744,3,1>, <746,3,1>, <751,3,2>, <757,3,1>, <773,3,1>, <775,3,1>, <776,3,1>, <777,3,1>, <784,3,1>, <791,3,1>, <803,3,1>, <805,3,1>, <806,3,1>, <807,3,1>, <808,3,1>, <815,3,1>, <818,3,1>, <840,3,1>, <849,3,1>, <869,3,1>, <879,3,1>, <883,3,1>, <886,3,1>, <887,3,1>, <892,3,1>, <907,3,1>, <908,3,1>, <926,3,1>, <928,3,2>, <933,3,1>, <938,3,2>, <939,3,1>, <950,3,1>, <960,3,1>, <966,3,1>, <973,3,1>, <984,3,1>, <1,4,2>, <2,4,54>, <3,4,29>, <4,4,10>, <5,4,32>, <6,4,43>, <7,4,19>, <8,4,48>, <9,4,17>, <10,4,1>, <11,4,9>, <12,4,6>, <13,4,2>, <14,4,31>, <16,4,1>, <17,4,18>, <18,4,22>, <19,4,2>, <20,4,4>, <21,4,11>, <22,4,9>, <23,4,11>, <24,4,6>, <25,4,6>, <26,4,19>, <27,4,3>, <28,4,2>, <29,4,13>, <30,4,3>, <31,4,3>, <32,4,14>, <33,4,15>, <36,4,6>, <37,4,1>, <38,4,7>, <39,4,10>, <40,4,1>, <41,4,1>, <42,4,9>, <43,4,5>, <44,4,1>, <45,4,4>, <46,4,6>, <47,4,2>, <48,4,3>, <49,4,8>, <50,4,3>, <51,4,1>, <52,4,6>, <53,4,4>, <54,4,3>, <55,4,3>, <56,4,3>, <57,4,5>, <58,4,1>, <59,4,1>, <60,4,1>, <61,4,13>, <62,4,5>, <63,4,2>, <64,4,3>, <65,4,1>, <66,4,2>, <67,4,4>, <68,4,2>, <70,4,2>, <71,4,5>, <72,4,2>, <74,4,2>, <75,4,1>, <76,4,1>, <77,4,2>, <78,4,2>, <79,4,1>, <81,4,1>, <82,4,1>, <83,4,2>, <84,4,3>, <85,4,2>, <86,4,3>, <87,4,3>, <88,4,1>, <89,4,4>, <90,4,3>, <93,4,6>, <94,4,4>, <95,4,6>, <97,4,5>, <98,4,1>, <99,4,1>, <100,4,1>, <102,4,1>, <103,4,1>, <104,4,4>, <105,4,1>, <106,4,4>, <107,4,6>, <108,4,2>, <109,4,1>, <110,4,3>, <112,4,3>, <113,4,1>, <114,4,1>, <115,4,1>, <116,4,2>, <117,4,1>, <118,4,1>, <119,4,1>, <120,4,3>, <121,4,1>, <122,4,1>, <123,4,1>, <125,4,6>, <126,4,1>, <128,4,1>, <131,4,1>, <133,4,4>, <138,4,1>, <140,4,2>, <142,4,2>, <143,4,1>, <147,4,2>, <148,4,4>, <149,4,1>, <150,4,3>, <151,4,1>, <152,4,1>, <154,4,1>, <155,4,1>, <157,4,1>, <158,4,1>, <159,4,1>, <160,4,1>, <161,4,2>, <166,4,1>, <167,4,2>, <169,4,3>, <170,4,1>, <171,4,1>, <172,4,2>, <173,4,1>, <174,4,4>, <176,4,1>, <178,4,1>, <179,4,1>, <181,4,2>, <183,4,2>, <184,4,2>, <185,4,2>, <188,4,1>, <190,4,3>, <191,4,1>, <192,4,2>, <198,4,3>, <199,4,4>, <200,4,1>, <203,4,1>, <204,4,1>, <206,4,1>, <207,4,1>, <212,4,1>, <213,4,1>, <215,4,1>, <216,4,2>, <217,4,1>, <219,4,2>, <220,4,2>, <222,4,1>, <225,4,2>, <226,4,1>, <229,4,2>, <230,4,2>, <231,4,1>, <237,4,2>, <239,4,1>, <240,4,1>, <241,4,1>, <243,4,1>, <244,4,1>, <245,4,1>, <249,4,1>, <250,4,2>, <251,4,1>, <253,4,1>, <254,4,1>, <255,4,1>, <258,4,1>, <261,4,3>, <263,4,2>, <264,4,2>, <265,4,1>, <266,4,2>, <267,4,1>, <271,4,1>, <274,4,2>, <277,4,1>, <278,4,1>, <282,4,1>, <283,4,1>, <287,4,1>, <288,4,1>, <290,4,2>, <292,4,1>, <297,4,1>, <299,4,1>, <300,4,1>, <303,4,2>, <304,4,1>, <305,4,1>, <306,4,2>, <307,4,1>, <310,4,1>, <315,4,1>, <318,4,1>, <319,4,1>, <320,4,1>, <321,4,1>, <324,4,2>, <325,4,1>, <328,4,2>, <330,4,1>, <331,4,4>, <332,4,1>, <338,4,1>, <339,4,1>, <343,4,1>, <347,4,1>, <349,4,1>, <350,4,2>, <351,4,3>, <352,4,1>, <353,4,1>, <355,4,1>, <357,4,1>, <360,4,1>, <367,4,1>, <368,4,1>, <379,4,1>, <383,4,1>, <389,4,2>, <397,4,2>, <402,4,1>, <409,4,1>, <413,4,1>, <416,4,1>, <418,4,1>, <420,4,1>, <421,4,2>, <423,4,1>, <425,4,1>, <427,4,1>, <435,4,2>, <448,4,1>, <453,4,1>, <464,4,1>, <466,4,2>, <473,4,1>, <477,4,2>, <480,4,1>, <495,4,2>, <500,4,1>, <502,4,1>, <504,4,1>, <508,4,2>, <515,4,1>, <517,4,1>, <519,4,1>, <523,4,1>, <524,4,1>, <534,4,1>, <535,4,1>, <544,4,1>, <548,4,2>, <552,4,1>, <560,4,2>, <563,4,2>, <564,4,1>, <574,4,1>, <582,4,1>, <592,4,2>, <604,4,1>, <605,4,1>, <622,4,1>, <625,4,1>, <626,4,1>, <631,4,1>, <635,4,1>, <647,4,1>, <649,4,1>, <651,4,1>, <655,4,1>, <659,4,1>, <665,4,1>, <671,4,1>, <677,4,1>, <683,4,1>, <703,4,1>, <713,4,1>, <714,4,1>, <715,4,1>, <724,4,1>, <727,4,1>, <742,4,1>, <755,4,1>, <757,4,1>, <770,4,1>, <775,4,1>, <776,4,1>, <781,4,1>, <798,4,1>, <799,4,2>, <803,4,1>, <804,4,1>, <807,4,2>, <822,4,1>, <828,4,1>, <838,4,1>, <840,4,1>, <863,4,1>, <869,4,1>, <879,4,1>, <882,4,1>, <886,4,1>, <900,4,1>, <907,4,1>, <908,4,1>, <929,4,1>, <933,4,1>, <946,4,1>, <951,4,2>, <952,4,1>, <969,4,1>, <994,4,1>, <1,6,84>, <2,6,30>, <3,6,150>, <4,6,52>, <5,6,5>, <6,6,34>, <7,6,37>, <8,6,2>, <9,6,1>, <10,6,8>, <11,6,4>, <12,6,14>, <13,6,8>, <14,6,14>, <15,6,3>, <16,6,15>, <17,6,24>, <18,6,14>, <19,6,12>, <20,6,7>, <21,6,1>, <22,6,2>, <23,6,9>, <24,6,3>, <25,6,5>, <26,6,1>, <27,6,13>, <28,6,6>, <29,6,1>, <30,6,15>, <31,6,2>, <32,6,3>, <33,6,2>, <34,6,1>, <35,6,5>, <36,6,2>, <37,6,6>, <38,6,2>, <39,6,6>, <40,6,16>, <41,6,6>, <42,6,4>, <43,6,6>, <44,6,3>, <45,6,4>, <46,6,12>, <47,6,4>, <48,6,9>, <49,6,1>, <50,6,2>, <51,6,4>, <53,6,2>, <54,6,1>, <55,6,1>, <56,6,6>, <57,6,13>, <58,6,7>, <59,6,5>, <60,6,6>, <61,6,5>, <62,6,5>, <63,6,7>, <64,6,4>, <65,6,3>, <66,6,2>, <67,6,2>, <68,6,2>, <69,6,2>, <70,6,4>, <71,6,2>, <72,6,3>, <73,6,6>, <76,6,3>, <78,6,2>, <79,6,3>, <80,6,3>, <81,6,1>, <82,6,1>, <83,6,4>, <85,6,1>, <86,6,2>, <88,6,1>, <90,6,1>, <91,6,2>, <92,6,7>, <93,6,2>, <94,6,1>, <96,6,1>, <97,6,1>, <99,6,6>, <100,6,1>, <103,6,1>, <105,6,1>, <106,6,9>, <107,6,1>, <109,6,2>, <110,6,1>, <111,6,3>, <112,6,2>, <113,6,1>, <114,6,2>, <116,6,3>, <118,6,2>, <119,6,2>, <120,6,3>, <121,6,1>, <122,6,1>, <123,6,2>, <124,6,1>, <126,6,5>, <129,6,1>, <130,6,2>, <131,6,2>, <134,6,1>, <142,6,1>, <145,6,1>, <147,6,1>, <148,6,1>, <149,6,1>, <150,6,1>, <152,6,1>, <153,6,1>, <155,6,1>, <156,6,2>, <157,6,2>, <158,6,3>, <159,6,1>, <160,6,1>, <162,6,2>, <163,6,3>, <164,6,3>, <165,6,3>, <167,6,2>, <170,6,3>, <171,6,4>, <172,6,5>, <173,6,1>, <174,6,3>, <175,6,1>, <176,6,6>, <180,6,1>, <181,6,1>, <183,6,2>, <185,6,1>, <186,6,1>, <187,6,1>, <188,6,1>, <189,6,1>, <190,6,1>, <195,6,2>, <196,6,1>, <199,6,1>, <200,6,1>, <201,6,1>, <203,6,1>, <205,6,1>, <206,6,1>, <207,6,1>, <208,6,1>, <210,6,1>, <214,6,1>, <215,6,1>, <216,6,2>, <217,6,1>, <218,6,3>, <220,6,2>, <221,6,1>, <223,6,1>, <225,6,1>, <230,6,2>, <235,6,2>, <236,6,1>, <238,6,2>, <239,6,1>, <242,6,1>, <246,6,1>, <247,6,1>, <248,6,1>, <250,6,1>, <252,6,1>, <253,6,2>, <259,6,2>, <260,6,1>, <262,6,1>, <263,6,3>, <264,6,1>, <268,6,1>, <271,6,1>, <275,6,1>, <276,6,1>, <278,6,1>, <282,6,1>, <283,6,1>, <284,6,1>, <285,6,1>, <287,6,1>, <289,6,1>, <290,6,2>, <291,6,1>, <292,6,1>, <293,6,1>, <296,6,1>, <299,6,4>, <300,6,3>, <302,6,1>, <303,6,1>, <305,6,3>, <308,6,1>, <313,6,2>, <323,6,1>, <325,6,1>, <327,6,1>, <328,6,2>, <331,6,1>, <333,6,1>, <335,6,2>, <338,6,1>, <340,6,1>, <341,6,1>, <343,6,2>, <346,6,1>, <347,6,2>, <361,6,1>, <364,6,1>, <365,6,2>, <366,6,1>, <367,6,1>, <369,6,1>, <372,6,1>, <379,6,1>, <383,6,1>, <384,6,1>, <386,6,1>, <389,6,3>, <394,6,1>, <395,6,1>, <401,6,1>, <413,6,1>, <419,6,1>, <420,6,1>, <421,6,1>, <425,6,1>, <427,6,1>, <433,6,1>, <438,6,1>, <442,6,1>, <444,6,1>, <448,6,1>, <450,6,1>, <455,6,1>, <461,6,1>, <469,6,2>, <471,6,1>, <477,6,1>, <481,6,1>, <494,6,1>, <495,6,1>, <496,6,1>, <497,6,1>, <498,6,1>, <506,6,1>, <509,6,1>, <511,6,1>, <513,6,2>, <515,6,2>, <517,6,1>, <523,6,1>, <525,6,1>, <529,6,1>, <534,6,1>, <535,6,1>, <552,6,1>, <555,6,1>, <556,6,1>, <559,6,1>, <560,6,1>, <563,6,1>, <568,6,1>, <573,6,1>, <578,6,1>, <580,6,1>, <584,6,2>, <604,6,1>, <605,6,2>, <606,6,1>, <608,6,1>, <615,6,1>, <621,6,2>, <627,6,1>, <628,6,1>, <645,6,1>, <647,6,1>, <651,6,2>, <658,6,1>, <664,6,1>, <668,6,1>, <683,6,1>, <687,6,1>, <698,6,1>, <700,6,1>, <702,6,1>, <710,6,1>, <716,6,1>, <727,6,1>, <738,6,1>, <742,6,1>, <754,6,1>, <765,6,1>, <779,6,1>, <784,6,1>, <787,6,1>, <792,6,1>, <802,6,1>, <808,6,1>, <819,6,1>, <821,6,1>, <826,6,1>, <829,6,1>, <833,6,1>, <869,6,1>, <876,6,1>, <885,6,1>, <894,6,1>, <929,6,1>, <933,6,1>, <939,6,1>, <956,6,1>, <968,6,2>, <984,6,2>, <991,6,1>, <1,7,402>, <2,7,102>, <3,7,114>, <4,7,9>, <5,7,97>, <6,7,37>, <7,7,15>, <8,7,4>, <9,7,10>, <10,7,43>, <11,7,21>, <12,7,4>, <13,7,41>, <14,7,13>, <15,7,44>, <16,7,30>, <17,7,2>, <18,7,3>, <19,7,5>, <20,7,1>, <21,7,2>, <22,7,6>, <23,7,1>, <24,7,3>, <25,7,13>, <27,7,10>, <28,7,6>, <29,7,8>, <30,7,9>, <31,7,3>, <32,7,14>, <33,7,18>, <35,7,2>, <36,7,27>, <37,7,2>, <38,7,3>, <40,7,8>, <41,7,5>, <42,7,1>, <43,7,5>, <44,7,3>, <46,7,4>, <47,7,2>, <49,7,1>, <50,7,1>, <51,7,2>, <52,7,6>, <53,7,1>, <54,7,1>, <55,7,1>, <56,7,3>, <57,7,1>, <58,7,1>, <60,7,6>, <61,7,3>, <64,7,2>, <65,7,2>, <66,7,17>, <67,7,1>, <68,7,3>, <69,7,5>, <70,7,4>, <71,7,2>, <72,7,3>, <73,7,1>, <74,7,3>, <75,7,8>, <77,7,2>, <78,7,1>, <79,7,6>, <80,7,3>, <81,7,5>, <82,7,2>, <83,7,2>, <84,7,10>, <87,7,3>, <90,7,1>, <91,7,2>, <92,7,4>, <93,7,1>, <95,7,1>, <97,7,2>, <99,7,1>, <100,7,3>, <102,7,2>, <104,7,2>, <106,7,2>, <109,7,2>, <110,7,1>, <111,7,1>, <112,7,2>, <113,7,2>, <114,7,2>, <115,7,3>, <117,7,1>, <118,7,2>, <120,7,2>, <122,7,2>, <123,7,1>, <124,7,1>, <125,7,1>, <127,7,1>, <129,7,1>, <131,7,1>, <132,7,1>, <133,7,1>, <135,7,2>, <136,7,1>, <137,7,1>, <139,7,1>, <143,7,2>, <144,7,1>, <145,7,3>, <146,7,1>, <147,7,1>, <151,7,1>, <152,7,1>, <153,7,1>, <154,7,1>, <155,7,1>, <156,7,1>, <158,7,1>, <159,7,3>, <160,7,3>, <162,7,1>, <163,7,2>, <165,7,4>, <166,7,1>, <167,7,1>, <169,7,1>, <170,7,1>, <172,7,1>, <173,7,1>, <174,7,3>, <175,7,1>, <176,7,2>, <177,7,1>, <178,7,1>, <180,7,1>, <181,7,3>, <182,7,2>, <185,7,1>, <187,7,4>, <188,7,1>, <192,7,1>, <197,7,2>, <198,7,1>, <200,7,1>, <206,7,1>, <207,7,1>, <213,7,2>, <214,7,1>, <215,7,1>, <217,7,1>, <218,7,1>, <219,7,2>, <222,7,1>, <225,7,1>, <228,7,3>, <229,7,1>, <230,7,1>, <231,7,1>, <233,7,1>, <234,7,1>, <236,7,1>, <239,7,1>, <240,7,1>, <244,7,1>, <245,7,2>, <246,7,1>, <247,7,1>, <249,7,1>, <250,7,1>, <252,7,1>, <257,7,1>, <258,7,1>, <259,7,1>, <260,7,1>, <261,7,3>, <263,7,1>, <271,7,1>, <272,7,1>, <275,7,2>, <276,7,1>, <278,7,1>, <279,7,1>, <281,7,1>, <282,7,1>, <285,7,3>, <290,7,2>, <291,7,1>, <294,7,1>, <297,7,2>, <298,7,1>, <305,7,1>, <306,7,1>, <307,7,1>, <310,7,1>, <311,7,2>, <313,7,1>, <317,7,1>, <323,7,1>, <329,7,1>, <330,7,1>, <331,7,1>, <332,7,1>, <334,7,1>, <335,7,2>, <337,7,2>, <340,7,1>, <341,7,1>, <346,7,1>, <347,7,2>, <350,7,1>, <355,7,1>, <364,7,1>, <366,7,1>, <368,7,1>, <369,7,1>, <370,7,1>, <372,7,1>, <373,7,1>, <376,7,1>, <378,7,1>, <382,7,1>, <386,7,1>, <389,7,1>, <395,7,1>, <397,7,1>, <400,7,1>, <405,7,1>, <408,7,1>, <411,7,1>, <415,7,1>, <417,7,1>, <421,7,1>, <427,7,1>, <429,7,2>, <430,7,1>, <435,7,1>, <438,7,1>, <440,7,1>, <443,7,1>, <447,7,1>, <448,7,1>, <451,7,1>, <452,7,1>, <457,7,1>, <458,7,1>, <462,7,1>, <464,7,4>, <467,7,1>, <469,7,1>, <472,7,1>, <473,7,1>, <477,7,1>, <478,7,1>, <482,7,1>, <493,7,3>, <495,7,5>, <499,7,2>, <505,7,1>, <506,7,1>, <510,7,1>, <512,7,1>, <522,7,1>, <524,7,2>, <525,7,1>, <528,7,1>, <551,7,1>, <552,7,1>, <556,7,1>, <557,7,1>, <564,7,1>, <573,7,1>, <574,7,1>, <578,7,1>, <580,7,1>, <593,7,1>, <596,7,2>, <604,7,1>, <605,7,1>, <613,7,1>, <620,7,1>, <623,7,1>, <635,7,1>, <646,7,1>, <650,7,4>, <655,7,1>, <659,7,1>, <665,7,1>, <668,7,1>, <671,7,1>, <676,7,1>, <692,7,1>, <696,7,1>, <700,7,1>, <701,7,1>, <706,7,1>, <715,7,1>, <717,7,1>, <739,7,1>, <744,7,1>, <751,7,1>, <755,7,1>, <770,7,2>, <779,7,1>, <787,7,1>, <791,7,1>, <798,7,1>, <807,7,1>, <808,7,1>, <812,7,1>, <818,7,1>, <819,7,1>, <821,7,1>, <826,7,1>, <833,7,1>, <837,7,1>, <841,7,1>, <875,7,1>, <876,7,1>, <881,7,1>, <885,7,1>, <952,7,1>, <969,7,1>, <980,7,1>, <981,7,1>, <984,7,1>, <992,7,1>, <993,7,1>, <1,2,495>, <2,2,41>, <3,2,21>, <4,2,182>, <5,2,41>, <6,2,35>, <7,2,19>, <8,2,78>, <9,2,40>, <10,2,47>, <11,2,2>, <12,2,7>, <13,2,23>, <14,2,9>, <15,2,21>, <16,2,6>, <17,2,11>, <18,2,2>, <19,2,13>, <20,2,20>, <21,2,6>, <22,2,6>, <23,2,3>, <24,2,2>, <25,2,1>, <26,2,8>, <27,2,1>, <28,2,3>, <29,2,3>, <31,2,5>, <32,2,1>, <33,2,4>, <34,2,4>, <35,2,15>, <36,2,2>, <37,2,12>, <38,2,4>, <39,2,4>, <40,2,2>, <41,2,4>, <42,2,11>, <43,2,1>, <44,2,8>, <45,2,4>, <46,2,6>, <47,2,2>, <48,2,3>, <49,2,7>, <50,2,4>, <51,2,3>, <52,2,4>, <53,2,5>, <54,2,2>, <55,2,2>, <56,2,1>, <57,2,5>, <58,2,3>, <59,2,4>, <60,2,1>, <61,2,1>, <62,2,1>, <63,2,5>, <64,2,1>, <65,2,6>, <66,2,3>, <67,2,2>, <68,2,1>, <69,2,6>, <72,2,2>, <73,2,1>, <74,2,1>, <75,2,2>, <76,2,3>, <77,2,5>, <78,2,3>, <79,2,2>, <80,2,4>, <81,2,3>, <82,2,1>, <83,2,2>, <84,2,2>, <85,2,5>, <86,2,1>, <87,2,1>, <88,2,2>, <89,2,2>, <90,2,1>, <91,2,5>, <94,2,4>, <96,2,7>, <97,2,1>, <98,2,6>, <101,2,3>, <102,2,1>, <104,2,1>, <106,2,1>, <107,2,2>, <108,2,3>, <110,2,2>, <111,2,2>, <112,2,4>, <113,2,2>, <114,2,1>, <116,2,1>, <117,2,1>, <118,2,1>, <119,2,1>, <121,2,1>, <122,2,4>, <124,2,2>, <125,2,1>, <126,2,1>, <127,2,2>, <128,2,4>, <129,2,2>, <131,2,3>, <134,2,1>, <136,2,2>, <139,2,1>, <141,2,1>, <142,2,1>, <143,2,2>, <144,2,5>, <145,2,3>, <146,2,1>, <147,2,3>, <148,2,2>, <150,2,2>, <151,2,1>, <152,2,1>, <154,2,5>, <155,2,1>, <156,2,1>, <157,2,1>, <159,2,1>, <160,2,2>, <161,2,3>, <162,2,1>, <163,2,2>, <166,2,2>, <168,2,2>, <169,2,5>, <172,2,2>, <173,2,1>, <174,2,1>, <176,2,1>, <177,2,1>, <178,2,1>, <180,2,1>, <184,2,1>, <186,2,1>, <187,2,1>, <188,2,2>, <189,2,1>, <191,2,1>, <192,2,1>, <193,2,1>, <194,2,3>, <196,2,2>, <197,2,1>, <199,2,1>, <201,2,1>, <202,2,1>, <203,2,4>, <204,2,1>, <205,2,1>, <207,2,1>, <210,2,1>, <214,2,1>, <216,2,2>, <218,2,1>, <219,2,2>, <220,2,1>, <221,2,1>, <223,2,2>, <225,2,1>, <227,2,1>, <228,2,1>, <229,2,1>, <231,2,2>, <232,2,1>, <235,2,1>, <238,2,1>, <240,2,1>, <244,2,1>, <245,2,1>, <247,2,2>, <251,2,1>, <254,2,3>, <257,2,2>, <258,2,1>, <259,2,1>, <260,2,1>, <262,2,1>, <263,2,1>, <265,2,1>, <268,2,1>, <272,2,1>, <275,2,2>, <276,2,1>, <278,2,1>, <279,2,1>, <282,2,1>, <284,2,2>, <285,2,1>, <289,2,1>, <292,2,1>, <295,2,1>, <299,2,1>, <304,2,1>, <305,2,1>, <307,2,3>, <308,2,4>, <309,2,1>, <313,2,1>, <317,2,1>, <318,2,1>, <321,2,1>, <327,2,1>, <328,2,1>, <334,2,1>, <336,2,1>, <337,2,3>, <338,2,1>, <345,2,1>, <347,2,1>, <350,2,2>, <352,2,1>, <353,2,1>, <364,2,1>, <366,2,1>, <367,2,1>, <372,2,1>, <374,2,1>, <379,2,1>, <382,2,1>, <384,2,1>, <390,2,1>, <392,2,1>, <398,2,1>, <399,2,1>, <401,2,1>, <405,2,1>, <408,2,2>, <413,2,1>, <417,2,1>, <418,2,1>, <422,2,1>, <425,2,1>, <426,2,1>, <429,2,1>, <430,2,1>, <438,2,1>, <444,2,2>, <445,2,1>, <448,2,1>, <450,2,1>, <466,2,1>, <467,2,1>, <474,2,1>, <478,2,1>, <490,2,1>, <496,2,1>, <499,2,1>, <502,2,1>, <506,2,2>, <507,2,1>, <513,2,1>, <517,2,1>, <520,2,1>, <522,2,1>, <524,2,1>, <527,2,1>, <534,2,1>, <535,2,1>, <537,2,1>, <548,2,1>, <552,2,1>, <555,2,1>, <559,2,1>, <560,2,2>, <565,2,2>, <566,2,1>, <568,2,1>, <570,2,1>, <571,2,1>, <574,2,2>, <582,2,1>, <585,2,1>, <588,2,1>, <589,2,1>, <592,2,1>, <600,2,1>, <601,2,1>, <608,2,1>, <615,2,1>, <616,2,1>, <619,2,1>, <622,2,1>, <623,2,2>, <625,2,3>, <634,2,1>, <642,2,2>, <646,2,1>, <649,2,1>, <650,2,1>, <656,2,1>, <662,2,1>, <666,2,1>, <669,2,1>, <671,2,1>, <681,2,1>, <687,2,1>, <696,2,1>, <701,2,1>, <702,2,1>, <716,2,1>, <724,2,1>, <727,2,1>, <738,2,1>, <744,2,2>, <746,2,2>, <755,2,1>, <756,2,1>, <763,2,1>, <765,2,1>, <770,2,1>, <776,2,1>, <779,2,1>, <789,2,1>, <791,2,1>, <792,2,1>, <795,2,1>, <797,2,1>, <798,2,1>, <799,2,1>, <801,2,1>, <807,2,2>, <822,2,1>, <823,2,1>, <831,2,1>, <834,2,1>, <840,2,1>, <844,2,1>, <849,2,1>, <855,2,1>, <875,2,2>, <882,2,1>, <883,2,1>, <885,2,1>, <893,2,1>, <894,2,1>, <895,2,1>, <907,2,1>, <912,2,1>, <915,2,1>, <916,2,1>, <926,2,1>, <933,2,1>, <938,2,1>, <941,2,1>, <962,2,1>, <963,2,1>, <968,2,1>, <980,2,1>, <996,2,1>, <1,5,6>, <2,5,77>, <3,5,22>, <4,5,1>, <5,5,13>, <6,5,1>, <7,5,4>, <8,5,21>, <10,5,27>, <11,5,18>, <12,5,27>, <13,5,11>, <14,5,5>, <15,5,26>, <16,5,4>, <17,5,12>, <18,5,22>, <19,5,8>, <20,5,18>, <21,5,9>, <22,5,11>, <23,5,4>, <24,5,23>, <25,5,7>, <26,5,10>, <27,5,6>, <28,5,19>, <29,5,1>, <30,5,3>, <31,5,5>, <32,5,8>, <33,5,1>, <34,5,11>, <35,5,5>, <37,5,2>, <38,5,4>, <39,5,3>, <40,5,1>, <41,5,1>, <43,5,1>, <44,5,4>, <46,5,1>, <47,5,4>, <48,5,6>, <49,5,9>, <50,5,4>, <51,5,3>, <52,5,5>, <53,5,4>, <54,5,7>, <55,5,17>, <56,5,4>, <57,5,1>, <59,5,4>, <60,5,1>, <61,5,2>, <62,5,11>, <63,5,5>, <65,5,2>, <66,5,1>, <67,5,2>, <69,5,7>, <70,5,4>, <71,5,5>, <72,5,1>, <73,5,2>, <74,5,1>, <75,5,1>, <76,5,1>, <77,5,1>, <78,5,1>, <79,5,2>, <80,5,10>, <81,5,2>, <82,5,3>, <83,5,2>, <84,5,1>, <85,5,8>, <87,5,8>, <88,5,1>, <89,5,5>, <90,5,5>, <91,5,2>, <92,5,1>, <94,5,3>, <95,5,1>, <96,5,6>, <97,5,1>, <99,5,1>, <100,5,1>, <101,5,1>, <102,5,3>, <103,5,5>, <105,5,2>, <106,5,1>, <107,5,1>, <108,5,1>, <110,5,1>, <111,5,2>, <115,5,2>, <117,5,1>, <118,5,1>, <119,5,3>, <120,5,1>, <121,5,2>, <124,5,1>, <128,5,8>, <131,5,4>, <132,5,2>, <133,5,1>, <135,5,2>, <136,5,1>, <137,5,2>, <140,5,1>, <142,5,1>, <143,5,2>, <144,5,1>, <145,5,2>, <147,5,2>, <149,5,2>, <150,5,5>, <151,5,2>, <153,5,1>, <156,5,1>, <157,5,2>, <158,5,2>, <159,5,1>, <160,5,1>, <162,5,1>, <165,5,2>, <166,5,2>, <167,5,1>, <168,5,1>, <171,5,1>, <176,5,1>, <178,5,3>, <180,5,1>, <181,5,1>, <183,5,1>, <184,5,1>, <186,5,1>, <187,5,1>, <188,5,2>, <190,5,1>, <192,5,1>, <193,5,1>, <194,5,1>, <195,5,1>, <197,5,2>, <198,5,1>, <199,5,2>, <200,5,1>, <203,5,1>, <204,5,1>, <205,5,1>, <208,5,1>, <209,5,2>, <211,5,1>, <214,5,1>, <215,5,1>, <217,5,1>, <218,5,1>, <220,5,1>, <222,5,2>, <229,5,1>, <230,5,2>, <233,5,1>, <238,5,3>, <239,5,1>, <243,5,1>, <247,5,1>, <248,5,1>, <249,5,1>, <252,5,1>, <254,5,1>, <257,5,1>, <258,5,1>, <259,5,3>, <263,5,1>, <265,5,1>, <267,5,2>, <268,5,2>, <272,5,1>, <273,5,1>, <276,5,1>, <277,5,2>, <278,5,1>, <280,5,2>, <281,5,1>, <284,5,2>, <287,5,1>, <290,5,1>, <293,5,1>, <296,5,1>, <305,5,1>, <306,5,1>, <307,5,1>, <311,5,1>, <316,5,1>, <320,5,1>, <321,5,1>, <323,5,1>, <325,5,1>, <329,5,1>, <331,5,1>, <332,5,1>, <333,5,1>, <339,5,1>, <340,5,1>, <341,5,1>, <344,5,1>, <345,5,4>, <351,5,1>, <352,5,3>, <353,5,1>, <354,5,1>, <355,5,2>, <357,5,1>, <361,5,1>, <366,5,1>, <367,5,1>, <368,5,1>, <370,5,1>, <371,5,1>, <373,5,1>, <382,5,1>, <390,5,1>, <391,5,1>, <392,5,1>, <400,5,1>, <405,5,1>, <415,5,1>, <417,5,2>, <418,5,1>, <421,5,1>, <425,5,1>, <429,5,1>, <430,5,1>, <432,5,1>, <433,5,1>, <435,5,1>, <442,5,1>, <457,5,1>, <474,5,1>, <480,5,1>, <485,5,1>, <486,5,1>, <487,5,1>, <491,5,1>, <494,5,2>, <495,5,1>, <505,5,1>, <506,5,1>, <509,5,2>, <510,5,1>, <512,5,1>, <513,5,1>, <516,5,1>, <520,5,1>, <521,5,1>, <522,5,1>, <525,5,1>, <527,5,1>, <530,5,1>, <534,5,1>, <537,5,1>, <540,5,1>, <543,5,1>, <544,5,1>, <545,5,1>, <556,5,1>, <557,5,1>, <558,5,1>, <564,5,1>, <565,5,1>, <568,5,1>, <569,5,1>, <573,5,2>, <582,5,1>, <585,5,1>, <589,5,1>, <592,5,1>, <604,5,1>, <606,5,1>, <613,5,1>, <617,5,1>, <621,5,1>, <622,5,1>, <623,5,1>, <635,5,1>, <646,5,1>, <666,5,1>, <673,5,1>, <676,5,1>, <684,5,1>, <696,5,1>, <708,5,1>, <712,5,1>, <717,5,1>, <751,5,1>, <763,5,1>, <764,5,1>, <773,5,1>, <777,5,1>, <779,5,2>, <781,5,1>, <789,5,1>, <804,5,1>, <818,5,1>, <826,5,1>, <835,5,1>, <841,5,1>, <846,5,1>, <847,5,1>, <869,5,1>, <878,5,1>, <885,5,1>, <908,5,1>, <926,5,1>, <946,5,1>, <951,5,2>, <952,5,1>, <984,5,1>, <1,1,215>, <2,1,237>, <3,1,55>, <4,1,6>, <5,1,35>, <6,1,19>, <7,1,34>, <8,1,23>, <9,1,28>, <10,1,2>, <11,1,21>, <12,1,9>, <13,1,5>, <14,1,20>, <15,1,1>, <16,1,9>, <17,1,2>, <18,1,7>, <19,1,8>, <20,1,8>, <21,1,4>, <22,1,16>, <23,1,10>, <24,1,11>, <25,1,8>, <26,1,8>, <27,1,7>, <28,1,2>, <29,1,1>, <30,1,2>, <31,1,2>, <32,1,3>, <33,1,14>, <34,1,3>, <35,1,1>, <36,1,1>, <37,1,6>, <38,1,2>, <39,1,8>, <41,1,9>, <42,1,5>, <43,1,3>, <44,1,5>, <45,1,4>, <46,1,1>, <47,1,4>, <48,1,4>, <49,1,2>, <50,1,6>, <51,1,3>, <52,1,5>, <53,1,1>, <54,1,1>, <55,1,1>, <56,1,2>, <57,1,1>, <60,1,2>, <63,1,1>, <64,1,6>, <68,1,7>, <69,1,2>, <72,1,4>, <73,1,1>, <74,1,5>, <75,1,3>, <76,1,1>, <78,1,4>, <79,1,1>, <80,1,3>, <81,1,3>, <82,1,1>, <84,1,1>, <85,1,2>, <86,1,1>, <87,1,6>, <88,1,2>, <89,1,1>, <90,1,1>, <91,1,6>, <92,1,1>, <93,1,1>, <94,1,2>, <95,1,1>, <97,1,1>, <98,1,1>, <99,1,4>, <100,1,1>, <101,1,1>, <102,1,2>, <105,1,3>, <106,1,1>, <107,1,1>, <109,1,3>, <110,1,3>, <111,1,3>, <112,1,1>, <114,1,2>, <115,1,4>, <117,1,1>, <118,1,6>, <119,1,2>, <121,1,5>, <123,1,2>, <124,1,1>, <126,1,4>, <127,1,1>, <129,1,1>, <132,1,5>, <133,1,1>, <134,1,7>, <135,1,4>, <136,1,1>, <137,1,1>, <138,1,1>, <139,1,1>, <140,1,1>, <141,1,1>, <142,1,2>, <144,1,1>, <145,1,1>, <146,1,1>, <147,1,3>, <150,1,1>, <151,1,1>, <152,1,2>, <154,1,1>, <155,1,1>, <156,1,1>, <157,1,3>, <158,1,1>, <159,1,1>, <160,1,1>, <162,1,1>, <163,1,1>, <164,1,2>, <166,1,1>, <168,1,1>, <169,1,1>, <171,1,1>, <172,1,1>, <179,1,2>, <180,1,1>, <182,1,1>, <183,1,2>, <184,1,1>, <185,1,2>, <186,1,2>, <187,1,3>, <191,1,2>, <193,1,3>, <197,1,1>, <198,1,2>, <199,1,2>, <201,1,3>, <202,1,1>, <203,1,1>, <207,1,3>, <209,1,3>, <213,1,1>, <214,1,1>, <216,1,1>, <220,1,2>, <221,1,1>, <222,1,1>, <223,1,1>, <228,1,1>, <229,1,1>, <230,1,1>, <235,1,2>, <236,1,2>, <238,1,1>, <240,1,3>, <242,1,1>, <243,1,1>, <244,1,1>, <245,1,1>, <250,1,3>, <251,1,1>, <253,1,3>, <254,1,1>, <260,1,1>, <262,1,1>, <265,1,1>, <268,1,2>, <271,1,2>, <273,1,1>, <279,1,1>, <283,1,2>, <285,1,1>, <287,1,1>, <289,1,1>, <291,1,1>, <293,1,1>, <296,1,1>, <297,1,1>, <303,1,1>, <307,1,1>, <313,1,2>, <320,1,1>, <321,1,2>, <323,1,1>, <324,1,1>, <326,1,1>, <332,1,1>, <333,1,2>, <334,1,1>, <335,1,1>, <336,1,1>, <338,1,1>, <340,1,1>, <345,1,3>, <346,1,1>, <347,1,1>, <350,1,1>, <351,1,1>, <353,1,3>, <354,1,1>, <359,1,1>, <361,1,1>, <362,1,1>, <363,1,1>, <364,1,1>, <367,1,2>, <371,1,1>, <376,1,1>, <379,1,3>, <383,1,2>, <386,1,1>, <389,1,1>, <394,1,1>, <399,1,1>, <400,1,2>, <403,1,1>, <408,1,1>, <411,1,1>, <415,1,2>, <427,1,1>, <430,1,1>, <432,1,1>, <440,1,2>, <443,1,1>, <444,1,1>, <445,1,1>, <449,1,1>, <453,1,1>, <458,1,1>, <466,1,1>, <467,1,1>, <469,1,1>, <472,1,1>, <473,1,1>, <474,1,1>, <478,1,2>, <480,1,1>, <490,1,1>, <494,1,1>, <495,1,2>, <506,1,1>, <508,1,1>, <509,1,1>, <511,1,1>, <513,1,1>, <515,1,2>, <517,1,1>, <521,1,1>, <525,1,1>, <527,1,1>, <529,1,1>, <534,1,1>, <539,1,1>, <540,1,1>, <544,1,1>, <548,1,1>, <549,1,1>, <560,1,1>, <563,1,1>, <564,1,1>, <571,1,1>, <574,1,1>, <580,1,1>, <582,1,1>, <583,1,1>, <584,1,1>, <585,1,1>, <589,1,1>, <592,1,1>, <604,1,1>, <605,1,1>, <606,1,1>, <609,1,1>, <613,1,1>, <616,1,1>, <620,1,2>, <621,1,1>, <622,1,1>, <623,1,2>, <624,1,1>, <625,1,2>, <626,1,1>, <635,1,1>, <647,1,1>, <652,1,1>, <662,1,1>, <663,1,1>, <671,1,1>, <677,1,1>, <678,1,1>, <681,1,1>, <682,1,1>, <685,1,1>, <696,1,1>, <706,1,2>, <716,1,1>, <742,1,2>, <744,1,1>, <746,1,1>, <749,1,1>, <754,1,1>, <773,1,1>, <779,1,1>, <787,1,1>, <798,1,1>, <799,1,1>, <803,1,1>, <804,1,1>, <808,1,2>, <818,1,1>, <833,1,1>, <834,1,1>, <838,1,1>, <844,1,1>, <848,1,1>, <855,1,1>, <858,1,1>, <895,1,1>, <898,1,1>, <907,1,1>, <921,1,1>, <928,1,1>, <938,1,1>, <946,1,1>, <952,1,1>, <957,1,1>, <962,1,1>, <969,1,1> };

MaxCacheStorageAtSingleAS= [ 1312.5  1312.5  1312.5  1312.5  1312.5  1312.5  1312.5 ] ;

MaxCacheStorage = 9187.5 ;
SolutionGap = 0.01 ;
