0 10 0
9970 10 0.2992527736794762
20052 10 0.2976180532032865
29949 11 0.2979710042151911
39873 10 0.2975623240961437
49941 10 0.2979710042151911
60029 10 0.2967676683091069
69920 10 0.293804737446013
79870 10 0.2947923810670443
89770 10 0.293804737446013
99816 10 0.2967676683091069
109747 10 0.2971763484281544
119746 10 0.2969493039175725
129651 11 0.298945549114458
139786 11 0.3040664348485828
149827 10 0.3040664348485828
159774 10 0.3018744233009646
169816 9 0.3045081396237148
179909 9 0.3016473787903827
189737 9 0.301443038730859
199707 10 0.3038393903380008
209864 10 0.3090841185324429
220081 10 0.3088286934580383
230046 11 0.3088286934580383
240177 11 0.3114293851247038
250238 12 0.3106914904653125
260121 12 0.3152760430828319
270230 12 0.3168596785441407
280252 12 0.3165085704259908
290490 12 0.3165085704259908
300415 12 0.3143079851695815
310419 12 0.3149145183621361
320339 13 0.3148634333472551
330334 13 0.3168369740930825
340385 13 0.3150489985722499
350394 14 0.31335926346465
360545 14 0.3173762048057145
370635 13 0.3206495753746234
380598 14 0.314821954061668
390506 13 0.3190659399133144
400412 13 0.3170225393180773
410264 13 0.3168653546569052
420240 14 0.3188615998537908
430150 13 0.3187044151926187
440068 12 0.3182762741155214
450041 13 0.3181555787506928
460103 13 0.3200642496363539
470190 12 0.3222648348927631
480017 13 0.3182762741155213
490008 13 0.3185033186261033
499940 13 0.3202498148613487
510045 13 0.3206130860782798
520131 14 0.3203576610038752
530068 14 0.3220604948332395
540216 15 0.3223159199076441
550142 14 0.3226905433501043
560227 14 0.3219242681268903
570234 14 0.3239676687221275
580329 13 0.3239676687221276
590406 13 0.3226905433501043
600342 12 0.3235760169413737
610284 13 0.3231634072057969
620212 13 0.3254775147174972
630185 14 0.3257045592280791
640204 14 0.3257329397919018
650243 14 0.3290534657591623
660079 15 0.3257329397919018
669907 15 0.3288320973613449
680019 14 0.3300362441406811
690060 14 0.3281290702517931
700268 15 0.3257329397919018
710180 14 0.3270279043754708
720177 15 0.3272654902383298
730199 14 0.3300362441406811
740326 14 0.3268519448797698
750291 15 0.3278736451773884
760368 15 0.3311717051857236
770404 15 0.3300362441406811
780308 15 0.3314271302601283
790333 15 0.3314271302601282
800372 16 0.3315122719515964
810349 16 0.3316174469822337
820261 16 0.3326191139406832
830359 17 0.3336124336744791
840455 17 0.333507258643842
850606 17 0.3339613476650058
860581 17 0.3355506592390791
870608 17 0.3337626837182466
880413 17 0.3355506592390791
890335 18 0.3370563228355696
900287 18 0.3383902093352383
910327 18 0.3379835174874467
920249 17 0.3383467887043778
930171 17 0.3377831037615647
940085 18 0.3379348650923221
950075 18 0.340584670847495
960078 18 0.3403292457730903
969875 19 0.338739934199017
979906 18 0.3429733754154987
989827 17 0.3409422659516615
999828 16 0.3397616344966356
1009767 16 0.3375987970412099
1019867 15 0.3397330154406799
1029757 15 0.3379450399198474
1039844 14 0.336355728345774
1049770 15 0.3373382118642921
1059870 14 0.3372473940600594
1069913 15 0.3374013894672366
1080026 14 0.3381134066932789
1089932 14 0.3362743461575655
1099843 14 0.3362743461575655
1109860 15 0.3360907797997452
1119746 14 0.3366373788823635
1129679 14 0.3351388851125229
1139514 15 0.3360907797997452
1149473 14 0.3377425286142285
1159398 15 0.3365297712319701
1169441 16 0.3384734344172016
1179338 16 0.3402614099380342
1189520 16 0.3391034829340664
1199547 15 0.340809560256439
1209493 16 0.3401486280452777
1219621 16 0.3410608604538657
1229573 16 0.3425665240503563
1239520 17 0.3429339776661665
1249445 16 0.3438406444215041
1259313 17 0.3425665240503563
1269245 18 0.3454413082211066
1279179 17 0.3460624371321985
1288970 17 0.3443223031332386
1298974 17 0.3430784940752682
1309137 18 0.343621708643443
1319116 18 0.3452110202175164
1329347 19 0.3464030038980714
1339264 19 0.3456002393785139
1349218 19 0.3454834736302146
1359178 20 0.3460160893242113
1369144 20 0.3457218703663257
1379005 20 0.3469138540468807
1389128 20 0.3466219396761325
1399132 21 0.3462813729102596
1409043 20 0.3479355543444992
1419073 20 0.346935619592068
1429000 20 0.3456002393785139
1439090 20 0.3456002393785139
1449074 19 0.3467653362091316
1459120 19 0.3474464697408773
1469123 19 0.3488087368043687
1479202 20 0.3484681700384959
1489223 20 0.3490471335404797
1499284 19 0.3504094006039712
1509251 19 0.3497685158718287
1519182 19 0.3489790201873052
1529294 19 0.3478210931833375
1539256 18 0.3481616599492103
1549262 19 0.3479842067396239
1559258 18 0.3490811902170671
1569353 18 0.3466219396761325
1579416 18 0.347255393860656
1589528 18 0.3478820367098621
1599386 18 0.3482089808051
1609257 17 0.348764366607908
1619166 17 0.3489460022163736
1629209 18 0.3469942926734868
1639166 18 0.3481749241285127
1649234 18 0.3480727540987508
1659339 17 0.3472690165312909
1669388 18 0.3477775962349944
1679358 17 0.3488560576602585
1689283 18 0.3472667460861851
1699291 17 0.3481749241285128
1709270 17 0.3480159929711054
1719301 17 0.3479478796179309
1729166 16 0.3487076054802626
1739042 16 0.3477357083440047
1749068 16 0.3484954342063364
1759065 15 0.3481443884630521
1769255 16 0.3455390527041248
1779374 15 0.3474056205555433
1789314 15 0.3468614540926813
1799222 15 0.3469531451450316
1809223 15 0.3476342786767774
1819349 15 0.3464899743434445
1829289 14 0.3477568827124916
1839430 14 0.3453865380220164
1849307 15 0.3461902755894763
1859319 14 0.347688769359317
1869524 15 0.3465413213327607
1879492 16 0.3495487878498534
1889536 16 0.3498277906234339
1899675 16 0.3510538309805762
1909571 17 0.3506451508615288
1919418 17 0.3514084210838673
1929437 17 0.3491638241223299
1939326 17 0.3503081284556627
1949269 17 0.3492864281580442
1959247 17 0.3513062510541055
1969380 17 0.3494703342116154
1979433 17 0.3504920345092341
1989351 17 0.3503662867802964
1999417 16 0.3507749668993439
2009545 15 0.3509690676966256
2019531 15 0.3483637319376982
2029549 16 0.3473420316400796
2039617 15 0.3502743114942449
2049684 16 0.3479754858246031
2059722 15 0.3499442237057836
2069627 16 0.3491779484825696
2079757 16 0.3519876243010208
2089763 17 0.3516167849337369
2099741 17 0.3519675909618517
2109516 16 0.3515967515945679
2119618 16 0.3517530116400862
2129438 16 0.3513443315210387
2139473 17 0.3506934705907039
2149436 16 0.3523762710808992
2159247 15 0.3506934705907039
2169372 16 0.349586628601617
2179407 17 0.3513746041224496
2189340 17 0.3519571119844404
2199345 17 0.353057404612645
2209278 18 0.3514870134144533
2219494 19 0.352603315591481
2229452 19 0.3546198293367809
2239446 19 0.3541089791879715
2249538 20 0.3551685202373538
2259501 20 0.3540711384362079
2269500 20 0.3551306794855902
2279784 20 0.3558799263705105
2289614 20 0.3540985002105602
2299755 20 0.3541770925411462
2309732 20 0.356258333888147
2319546 19 0.3552366335905284
2329522 19 0.3558496537690996
2339400 18 0.3553388036202903
2349431 18 0.3538331400237997
2359414 18 0.353152006492054
2369401 17 0.353152006492054
2379391 17 0.3515626949179806
2389408 16 0.3535708644684724
2399495 16 0.351888063978277
2409488 16 0.3528745332311501
2419394 15 0.3528064198779756
2429346 15 0.3533035374959029
2439266 15 0.3499967440595244
2449194 14 0.3519720313015871
2459364 14 0.3509876834879674
2469442 14 0.3529033715460023
2479382 14 0.351055796841142
2489364 14 0.3517369303728877
2499461 15 0.3509280843039397
2509334 15 0.3528352581928277
2519498 14 0.3523244080440184
2529674 15 0.3512841313773521
2539588 14 0.3521696049686217
2549565 14 0.3498537509606862
2559490 14 0.3503491208019558
2569499 14 0.3503491208019558
2579550 13 0.3521796671685224
2589668 12 0.350817400105031
2599739 12 0.3486168148486217
2609656 12 0.3476939887733532
2619716 13 0.347935681316876
2629693 12 0.350817400105031
2639715 12 0.3481485355455465
2649449 12 0.3491021224899905
2659553 13 0.3484209889582447
2669597 12 0.3503114151957341
2679548 13 0.3480512307552971
2689776 13 0.3502518160117064
2699691 14 0.3500389617830358
2709580 14 0.3511595363030046
2719726 14 0.3521175934230185
2729658 15 0.3499039094448449
2739763 15 0.353003067014288
2749814 16 0.3523219334825422
2759928 16 0.353811913083236
2769986 16 0.3533010629344267
2780007 15 0.3541679601566485
2789976 15 0.352379984635816
2799853 16 0.3513582843381974
2809838 17 0.3531462598590299
2819946 17 0.3548290603492252
2830003 17 0.3548290603492252
2840002 17 0.3548290603492252
2849948 18 0.3537695192998431
2859994 19 0.3553588308739164
2869983 19 0.356864494470407
2879930 19 0.3536190935250302
2889895 19 0.355880634924552
2900030 19 0.3548210938751697
2910229 19 0.3539541966529479
2920263 20 0.3558427941727884
2930380 20 0.3562514742918358
2940385 20 0.3556676455503394
2950620 19 0.3562514742918358
2960669 19 0.3548210938751697
2970666 19 0.3558427941727883
2980846 19 0.3558427941727883
2990772 19 0.3538966983678006
3000533 19 0.3518532977725634
3010536 19 0.3538966983678006
3020495 19 0.3548385890798813
3030552 19 0.3538168887822627
3040526 18 0.3535939723536914
3050680 18 0.3519025450667247
3060930 18 0.3532450613930103
3070968 18 0.3552884619882475
3081116 19 0.3532450613930103
3091155 19 0.3561129920529923
3101143 18 0.3550912917553738
3111271 18 0.3555609154009459
3121179 18 0.3545392151033272
3131090 18 0.3550500652521365
3141124 18 0.3549378785527901
3151091 18 0.353951409299917
3161131 19 0.3539161782551716
3171130 19 0.3530478911601366
3181108 19 0.3530831222048821
3191070 19 0.3551265228001192
3201188 18 0.3561129920529923
3211293 18 0.3554839597463449
3221338 17 0.3544622594487263
3231371 18 0.3549163484698902
3241292 18 0.3536208592036287
3251198 18 0.355989346257199
3261125 17 0.3556642597988658
3271106 17 0.3550966485224111
3281042 17 0.3532575879866977
3291011 17 0.3534278713696341
3300938 18 0.3541090049013798
3310982 19 0.3546665995082501
3320912 19 0.3556235722041677
3330760 19 0.3546397126583128
3340808 19 0.352558471311312
3350872 19 0.3533758315494068
3360766 19 0.3549083819958347
3370670 19 0.3533758315494068
3380955 19 0.3554570728964076
3390863 19 0.3551921876340621
3400770 19 0.3564787731940262
3410745 18 0.354435372598789
3420773 19 0.3529297090022985
3430897 19 0.3566831132535499
3440613 19 0.3575004734916448
3450596 19 0.3556614129559313
3460610 18 0.3546397126583127
3470562 18 0.3572208502522966
3480508 17 0.3572208502522966
3490585 18 0.3546098383806046
3500660 18 0.356199149954678
3510883 18 0.3546665995082501
3521139 17 0.3548116685160255
3531079 17 0.3540989882317953
3541172 16 0.3551206885294139
3550970 16 0.3524161877416
3561142 17 0.3539146815114406
3571205 18 0.3544155149906654
3581190 18 0.355323693032993
3591274 18 0.3544244186969627
3601187 19 0.3554839597463449
3611252 18 0.3568293566294835
3621403 19 0.3556642597988658
3631555 18 0.3563030261731345
3641526 17 0.3557838318295171
3651428 18 0.3525269174708249
3661390 18 0.3551026982977714
3671222 19 0.3548898440691008
3681260 19 0.357221382072833
3691154 19 0.357221382072833
3701007 19 0.3574630746163558
3711236 20 0.3555473865583209
3721252 20 0.356977766974987
3731306 20 0.356977766974987
3741266 20 0.3578717547354032
3751355 20 0.3560326941996897
3761292 20 0.3566372002091142
3771150 20 0.3549343663797497
3781155 19 0.3559560666773684
3791229 19 0.3564413743187371
3801223 19 0.3533762734258814
3811317 19 0.3555473865583209
3821222 18 0.3564413743187371
3831145 19 0.3566385445516109
3841208 19 0.3555473865583209
3851160 20 0.3571225078504829
3861249 20 0.3557143741338457
3871383 20 0.3546926738362271
3881335 20 0.3561538151220687
3891380 21 0.3570766411973371
3901372 21 0.3584389082608286
3911192 21 0.3584389082608286
3921183 21 0.3583400340384784
3931075 21 0.35741720796321
3941002 21 0.3562677951283891
3951014 21 0.3553738073679729
3960997 21 0.3553738073679729
3971002 21 0.35741720796321
3980892 21 0.3573183337408598
3990867 21 0.3573183337408598
4000922 21 0.3572894954260077
4010934 22 0.3564721351879128
4020957 22 0.3579001935584479
4031036 22 0.3577639668520988
4041128 22 0.3576362543148964
4051235 22 0.3563092182961504
4061183 23 0.3556280847644047
4071058 24 0.3589152944176123
4080956 24 0.3568873741299148
4091060 24 0.3550483135942015
4101052 24 0.3562248169672168
4111055 24 0.3553308292068005
4121084 24 0.3583959300996563
4131212 25 0.3581915900401326
4141088 25 0.3582763533240831
4151059 24 0.3591996676671163
4161037 24 0.3558842502013439
4171046 24 0.3577233107370573
4181030 23 0.3570917141894386
4190895 24 0.3589648314017393
4200969 24 0.3581134144870572
4210972 25 0.3570917141894386
4220902 25 0.3572143182251528
4230910 25 0.3561547771757706
4241017 25 0.3592198780686264
4251038 25 0.3563095802511673
4261105 25 0.3573691213005496
4270878 24 0.356347421002931
4280879 24 0.3552031166695981
4290810 24 0.3572465172648354
4300831 24 0.3592899178600725
4310719 24 0.3582682175624539
4320773 23 0.3582329865177085
4330787 24 0.3570410028371535
4340805 23 0.3572465172648354
4350888 24 0.3570762338818989
4360638 24 0.3583959300996562
4370605 24 0.3573742298020376
4380584 25 0.3583959300996562
4390631 25 0.3585185341353704
4400519 25 0.3574968338377519
4410764 25 0.3595402344329891
4420707 26 0.3574589930859882
4430744 26 0.3576364596389244
4440720 26 0.3566042803638944
4450718 25 0.358658159936543
4460705 26 0.3566421211156581
4470790 26 0.3597858143390998
4480654 25 0.3594074068214633
4490582 25 0.3583071141932587
4500585 25 0.3596012679035756
4510581 24 0.3586174083577206
4520415 24 0.3573742298020376
4530522 24 0.3582682175624539
4540463 25 0.3573742298020376
4550506 25 0.3584806933836068
4560428 26 0.3574589930859882
4570532 25 0.3585592857141928
4580643 25 0.3583529808464044
4590595 26 0.3564372927883696
4600764 25 0.3602999602953209
4610637 25 0.3591996676671163
4620762 26 0.3569907137829131
4630757 25 0.3580910064111176
4640609 25 0.356990713782913
4650468 25 0.3558142104098977
4660276 25 0.3566934514067591
4670141 25 0.3568737514592799
4680162 24 0.3582360185227714
4690076 25 0.3551652759178345
4700172 25 0.3563095802511673
4710202 24 0.3556284467194217
4720134 24 0.3568681097471988
4730400 24 0.3579276507965811
4740387 24 0.3568681097471988
4750428 25 0.358911510342436
4760316 24 0.3589555220475642
4770230 24 0.3583220678630407
4780257 24 0.3569172299538151
4790332 25 0.3587903471661159
4800181 25 0.358061534287148
4810091 25 0.3576495583606888
4820158 25 0.3585723844359572
4830282 25 0.3572173005424655
4840182 25 0.3587426678188936
4850309 24 0.3587426678188936
4860295 24 0.3558955296561965
4870271 23 0.3580175225820198
4880295 23 0.3567469465708787
4890085 23 0.3566192340336763
4900124 24 0.3575647235864842
4910120 24 0.3573944402035478
4920271 24 0.3587567072670392
4930363 24 0.356634714341216
4940543 24 0.3565121103055018
4950511 24 0.3581672647876439
4960537 24 0.3581672647876439
4970459 23 0.3584978148839323
4980320 24 0.3583275315009958
4990330 24 0.3584978148839323
5000349 24 0.3578643606994087
5010359 23 0.3581672647876439
5020410 23 0.3590186817023261
5030307 22 0.3576564146388347
5040174 21 0.356753172346737
5050460 21 0.3551122597475314
5060369 22 0.3559536599926291
5070349 22 0.3567908350243748
5080239 22 0.3550880011950104
5090031 22 0.3564502682585018
5100220 22 0.3559053614331053
5110309 23 0.3562459281989782
5120277 24 0.35646803695933
5130308 24 0.3588043249732178
5140329 25 0.3554803933382987
5150276 25 0.3566246976716315
5160198 25 0.3565906409950442
5170335 25 0.3553468319370738
5180288 24 0.3545472403998071
5190118 25 0.3574329761293031
5200073 25 0.3565906409950442
5210066 25 0.3553468319370738
5220008 25 0.357163188021729
5229896 25 0.3558628421883963
5239845 24 0.3561414877241105
5249864 25 0.3567920622919995
5259950 25 0.357163188021729
5270076 25 0.3566523378729198
5280185 25 0.3564038161789044
5290090 25 0.3558628421883963
5300172 26 0.3573953926348242
5310238 26 0.3577010294759921
5320197 26 0.3564522846677917
5330278 26 0.3561117179019188
5340171 25 0.3561117179019188
5350172 25 0.3539897249760955
5360160 25 0.3560331255713328
5370183 25 0.3560331255713328
5380374 24 0.35537592375827
5390513 24 0.3556619998416032
5400305 24 0.3541395743530796
5410148 24 0.3549127529566829
5420358 24 0.3534584408213339
5430238 23 0.3542316194249372
5440201 23 0.3540613360420007
5450223 23 0.3555938864884287
5460314 23 0.35457218619081
5470396 23 0.354814167840246
5480632 23 0.3544700161610482
5490458 22 0.3542011476616749
5500377 22 0.3562913079959336
5510168 22 0.3542479074006963
5520124 23 0.3548369958605845
5530181 23 0.3558322832245396
5539881 23 0.3550591046209364
5549880 22 0.3544700161610482
5559966 22 0.3556101744641878
5569950 21 0.3566318747618064
5579882 21 0.356084360726719
5589924 21 0.3539692618649822
5600026 20 0.355743793960846
5609995 20 0.3551612455455372
5619952 20 0.3546503953967279
5629943 20 0.354929040932442
5639923 20 0.3544700161610482
5649893 20 0.3556818727306874
5659894 20 0.3543815268973546
5669843 19 0.3553413059648144
5679650 19 0.352879448214189
5689584 20 0.3539011485118076
5699520 20 0.3546503953967279
5709400 19 0.3553315289284736
5719322 19 0.3531279699082043
5729252 19 0.354428315741537
5739303 19 0.3544510201925952
5749348 18 0.3532641966145534
5759268 18 0.3521558609115813
5769099 19 0.3509071161033808
5779123 19 0.3524127796998713
5789320 20 0.3516635328149511
5799482 19 0.3546163387201406
5809366 19 0.3513910794022527
5819342 18 0.3520722129339984
5829231 19 0.3512476828692536
5839273 20 0.3512775571469618
5849352 19 0.353093913231617
5859413 19 0.3507254804949153
5869433 18 0.3522311440914058
5879455 18 0.3507254804949153
5889386 18 0.3509006291173641
5899367 18 0.3504919489983167
5909471 19 0.3513093092364115
5919544 19 0.3519976125948072
5929679 19 0.3519976125948072
5939805 19 0.3521779126473282
5949722 19 0.3514967791155824
5959791 20 0.3529271595322485
5969995 19 0.3543575399489144
5979926 19 0.3532522459905816
5989878 19 0.3521779126473282
5999961 20 0.3518218655739157
6010012 20 0.3517465823940911
6019864 20 0.352613479616313
6030039 20 0.3521026294675036
6040090 20 0.352613479616313
6050077 21 0.3505133178934303
6060011 21 0.3518755849569217
6070086 20 0.3534648965309951
6080113 20 0.3536082930639942
6090261 20 0.3530244643224978
6100388 20 0.3530244643224978
6110422 20 0.3538658645675955
6120378 19 0.3531847310358498
6130328 19 0.3524354841509295
6140314 19 0.3508325157641896
6150273 19 0.3515136492959353
6160116 19 0.3518273292118708
6170182 20 0.3524163093834392
6180136 19 0.3548683900977238
6190122 18 0.3534380096810578
6200151 18 0.3520296508748166
6210076 18 0.3520296508748166
6220006 19 0.3507595371715025
6229988 19 0.3516521805894219
6240078 20 0.3522411607609903
6250030 20 0.3532628610586089
6259930 21 0.3539439945903546
6270067 21 0.3540987976657514
6279931 21 0.3534331444415453
6289812 21 0.3524114441439267
6299859 21 0.3544548447391639
6309921 21 0.3538418245605927
6320044 22 0.3539966276359894
6330011 21 0.3542752731717036
6340036 22 0.3519532270407523
6350301 22 0.3528448927550376
6360494 21 0.3527899551222652
6370660 21 0.3516444123643292
6380460 21 0.3528363960448843
6390529 21 0.3520004594377418
6400458 21 0.3512470844708109
6410421 21 0.351432848161287
6420651 20 0.3505659509390652
6430661 20 0.3514741289813928
6440609 20 0.3521552625131386
6450625 21 0.3505659509390652
6460754 21 0.3520397130747174
6470921 21 0.3513443892610603
6480862 22 0.3520397130747174
6490648 21 0.3516230347967745
6500774 22 0.3503226889634417
6510862 22 0.352644735094393
6520901 22 0.3499402343065792
6530907 22 0.3516230347967745
6540813 22 0.3532123463708478
6550713 22 0.3540792435930697
6560800 22 0.352531212839102
6570828 22 0.3542071598185291
6580804 22 0.3537117899772594
6590895 22 0.3526900896796408
6600764 21 0.3548591019131999
6610853 22 0.3530925776756724
6620812 21 0.3542956187187557
6630906 21 0.352995272885423
6641085 21 0.352995272885423
6651000 21 0.352995272885423
6661139 21 0.3531555395987749
6671155 22 0.352995272885423
6681255 22 0.3542956187187557
6691110 23 0.3527899551222652
6701088 23 0.3548751644253333
6710863 24 0.3524444526061623
6720939 23 0.3529553027549716
6730907 24 0.3517633190744165
6741104 25 0.3535521054685012
6750957 25 0.3531070982277607
6760911 24 0.353690926969257
6770947 24 0.3538258944371441
6780911 24 0.3527295938003344
6790903 25 0.352145765058838
6800822 25 0.3549637117844602
6810805 25 0.3538738981336672
6820843 25 0.3538738981336672
6830902 25 0.3539491813134916
6840862 25 0.3553795617301577
6850821 26 0.3538738981336672
6860782 25 0.3519836902082072
6870571 26 0.3512628862619752
6880628 26 0.3564045711785377
6890671 27 0.3539816819013279
6900676 26 0.3547836514471089
6910552 27 0.3550033821989465
6920385 26 0.3534519113766368
6930241 26 0.3529599816037093
6940239 25 0.3531402816562303
6950327 25 0.353216492401041
6960264 25 0.353700455699913
6970301 26 0.3554032895292773
6980155 26 0.3554818818598633
6990154 26 0.3560182745161131
7000146 26 0.3566312946946843
7010156 25 0.3563896021511616
7020330 26 0.3562121355982253
7030354 26 0.3565339899044349
7040153 26 0.3550273350876701
7050244 26 0.3557798777800021
7060181 26 0.3544176107165106
7070103 26 0.3569171275160418
7080129 27 0.3567042732873713
7090157 26 0.3565977262858616
7100201 25 0.3555381852364794
7110182 25 0.3563824189811617
7120112 25 0.3565952732098324
7129891 26 0.3545518726145951
7139777 26 0.3556521652427997
7149661 26 0.3549710317110541
7159752 26 0.3553773897839705
7169596 26 0.3560585233157162
7179507 26 0.356739656847462
7189334 26 0.3558168307721936
7199234 26 0.3551003136803573
7209125 27 0.3571437142755944
7219070 27 0.3576194265834802
7229133 27 0.3569382930517345
7239185 26 0.3565977262858616
7249201 26 0.3581019239109534
7259255 27 0.3565598855340981
7269192 27 0.3569382930517345
7279202 27 0.3579599933493531
7289184 27 0.3568361230219727
7299167 27 0.357831133134178
7309078 28 0.357831133134178
7318996 28 0.3555090870032267
7329030 28 0.3561902205349725
7339184 29 0.3561902205349725
7348988 29 0.3577959020894326
7359074 28 0.3575172565537184
7369159 28 0.3565307873008453
7379159 29 0.3574905663683052
7389203 29 0.3586473190041147
7399100 28 0.3568361230219727
7409062 29 0.3551685202373538
7419032 29 0.3571414587431
7428892 29 0.357346973170782
7438949 29 0.354622439043799
7448957 30 0.3573117421260364
7458806 29 0.3589464626022262
7468777 29 0.3579928756577822
7478763 29 0.3574541609554016
7488549 29 0.3574479688323856
7498424 29 0.3588102358958771
7508510 29 0.3570085278441625
7518482 29 0.3557824874870202
7528295 29 0.3567668353006399
7538391 29 0.3550640014712756
7548389 29 0.3550640014712756
7558413 30 0.3556089082966721
7568327 31 0.3582653290704805
7578344 31 0.3568394188293843
7588357 31 0.3571118722420826
7598423 31 0.3554090384127183
7608401 32 0.3570085278441625
7618495 32 0.3572894954260077
7628697 32 0.3563030261731345
7638644 31 0.3564721351879128
7648655 31 0.3558846575167821
7658671 31 0.355986827546544
7668603 32 0.3545564471298779
7678628 32 0.3568127019537857
7688774 32 0.3574257221323568
7698727 32 0.355791001656167
7708687 31 0.3564040218347382
7718746 31 0.355510034074322
7728580 31 0.3564328601495904
7738619 31 0.355510034074322
7748724 31 0.355510034074322
7758767 31 0.3558434310135449
7768693 30 0.3577951272130818
7778499 30 0.3562606253017391
7788459 31 0.3553666375413229
7798539 30 0.3575907871535581
7808351 31 0.3577885355982585
7818427 31 0.3548289005425762
7828388 31 0.3568723011378134
7838291 31 0.3558506008401949
7848274 30 0.3575907871535581
7858315 31 0.3566679610782897
7868370 31 0.3566679610782897
7878408 31 0.3546926738362271
7888409 31 0.3576896613759084
7898391 31 0.3577577747290829
7908525 31 0.3565998477251152
7918571 31 0.3568723011378134
7928629 30 0.3572809812568608
7938614 31 0.3577204222450839
7948675 30 0.3565998477251152
7958770 30 0.3586432483203524
7968867 30 0.35613156842204
7978778 31 0.3576215480227337
7988753 31 0.3585443740980021
7998790 31 0.3571821070345107
8008877 31 0.3547300263202261
8018824 31 0.3567734269154633
8028824 31 0.3557517266178447
8038778 31 0.3544883337767034
8048801 32 0.357454560447209
8058921 31 0.356305147612388
8068967 30 0.3560326941996897
8078863 31 0.3561315684220399
8088959 31 0.3568995914219116
8098919 31 0.3567138277314354
8108930 31 0.3575807249536573
8118895 31 0.3567138277314354
8128790 31 0.3571720448346098
8138758 31 0.3564909113028641
8148656 31 0.3563106112503432
8158456 32 0.3548561908266744
8168461 32 0.3537067779918535
8178291 32 0.3560907453529635
8188533 32 0.3571124456505821
8198572 32 0.3567718788847092
8208625 32 0.3547284782894721
8218750 32 0.3547284782894721
8228946 32 0.3560907453529635
8239077 31 0.3526850776942349
8249136 31 0.3548561908266744
8259031 31 0.3562184578901659
8269020 31 0.3568995914219116
8278982 32 0.3567192913693907
8288928 31 0.3557501785870907
8298843 31 0.3570598581352635
8308805 30 0.3577409916670092
8318943 31 0.3571587323576137
8328935 30 0.3565149513098669
8338900 30 0.3574084813192538
8348934 30 0.3563867810216352
8359012 29 0.3540028136605252
8369060 29 0.3554331940771912
8379161 28 0.353616837992536
8389056 28 0.3556954696325186
8398846 29 0.3560360363983915
8408911 29 0.3574765946724284
8419140 29 0.3566819388853917
8429327 29 0.3577036391830103
8439384 29 0.3577036391830103
8449339 29 0.3551215238853924
8459530 29 0.3561609928838391
8469559 29 0.3563312762667756
8479393 30 0.3542878756715384
8489464 30 0.3523807017826504
8499298 29 0.353402402080269
8509218 29 0.3575573166239179
8519213 30 0.3567159163788202
8529282 30 0.3576695033232642
8539232 31 0.3574992199403278
8549230 30 0.3585923293985326
8559276 31 0.3576695033232642
8569213 30 0.3585923293985326
8579296 31 0.3567704070613599
8589278 31 0.3576932331366283
8599344 32 0.3568263359144064
8609220 31 0.3585872208970445
8619258 32 0.3536064319461539
8629330 32 0.3545004197065702
8639477 32 0.3545004197065703
8649530 32 0.3577203236748227
8659381 32 0.3547829353191693
8669522 32 0.3556769230795855
8679439 31 0.3567772157077901
8689369 31 0.3579266285426111
8699479 31 0.352739534723932
8709395 31 0.3556498325413911
8719283 31 0.3555272285056769
8729132 30 0.3533035278579188
8739115 31 0.3564675029731247
8749250 31 0.355346928453156
8759233 31 0.3541208880960137
8769235 30 0.3561642886912508
8779282 31 0.3523807017826504
8789245 31 0.3533035278579187
8799364 30 0.3551766450702195
8809448 30 0.3542538189949511
8819513 30 0.3576695033232642
8829599 30 0.3566478030256456
8839540 30 0.3564775196427092
8849621 29 0.3576540230157245
8859634 28 0.3585890335911209
8869550 29 0.357261997572375
8879386 29 0.3582484668252481
8889258 29 0.3584087335386
8899282 30 0.3530781232901553
8909206 30 0.3591402117226922
8919287 30 0.3578398658893594
8929209 30 0.3560751108298364
8939258 30 0.3542120102871202
8949151 30 0.354712843766345
8959093 31 0.3544341982306308
8969254 31 0.3551967575925473
8979230 31 0.3529730569447891
8989089 32 0.3550164575400264
8999219 32 0.3550690450553449
9009142 31 0.3542076114710783
9019168 31 0.3545156240608015
9029061 31 0.3563787246035178
9039235 31 0.353313623710662
9049231 30 0.3548561908266744
9059250 31 0.3569984656442617
9069185 31 0.3560326941996897
9079219 30 0.3550109939020712
9089182 31 0.356317332112516
9099096 31 0.355877891124293
9109149 32 0.3560326941996897
9119003 32 0.3560326941996897
9128944 32 0.3579483822577246
9139139 32 0.3548832813648689
9149167 31 0.3567138277314355
9159243 31 0.3552834473147695
9169199 31 0.3554111598519719
9179294 31 0.3556921274338168
9189210 32 0.3542617470171509
9199387 32 0.3539792314045518
9209322 32 0.356022631999789
9219161 32 0.3547284782894721
9229047 32 0.3557501785870907
9239110 32 0.3522763975751875
9249067 32 0.3541394981179037
9258932 31 0.3559785586536172
9269014 32 0.3556223078919475
9279173 32 0.3526338345214132
9289243 33 0.353451194759508
9299149 33 0.3550063953401256
9309305 33 0.3560280956377441
9319356 34 0.3546658285742527
9329331 34 0.357959309533635
9339148 34 0.3538725083431606
9349282 34 0.3530311080980629
9359310 34 0.3543933751615544
9369469 34 0.3523499745663172
9379540 35 0.3535264779393326
9389522 35 0.3549568583559986
9399572 35 0.3543438381774275
9409520 35 0.3549568583559986
9419480 36 0.3565149513098669
9429552 36 0.3542445062040478
9439593 36 0.3567273477875081
9449783 36 0.3544114937795727
9459849 35 0.3544114937795727
9469899 35 0.3556602385877732
9479793 36 0.3577036391830103
9489867 35 0.3575118257171739
9499810 35 0.3567171699301372
9509584 34 0.3580175157634699
9519498 34 0.357200155525375
9529449 34 0.357200155525375
9539432 35 0.357200155525375
9549434 36 0.3556954696325186
9559345 36 0.3575118257171739
9569186 36 0.3564901254195553
9579366 36 0.354787291590191
9589498 35 0.3537655912925724
9599498 35 0.3573983034618829
9609486 35 0.356000805353646
9619456 34 0.3586572261274543
9629457 33 0.3582485460084069
9639452 34 0.3567260122315635
9649364 34 0.3572268457107883
9659408 33 0.3585891127742798
9669498 33 0.3556361985807703
9679569 32 0.3577477125291821
9689620 32 0.3561996817752145
9699664 31 0.357561948838706
9709690 31 0.3566679610782897
9719694 31 0.3580302281417811
9729719 31 0.3586494404433682
9739734 31 0.357885079950847
9749815 31 0.3589067802484656
9759918 31 0.3588715492037201
9770144 31 0.3547166346600711
9780224 31 0.3560789017235625
9790129 32 0.3578013193360977
9800151 32 0.3547073801283898
9810148 32 0.3560193025395348
9820302 32 0.3559511891863603
9830292 31 0.3561895859224713
9840287 31 0.3593823993525294
9850265 31 0.3578498489061015
9860390 31 0.3578498489061015
9870280 31 0.3585813270901936
9880195 32 0.3576277401457496
9890235 31 0.3572213820728331
9900142 31 0.3569466066140039
9910248 30 0.3576277401457496
9920299 31 0.3572675895967059
9930265 31 0.3581904156719743
9940244 31 0.3571687153743558
9950148 32 0.3583606990549107
9960363 31 0.3582682175624539
9970381 32 0.3573742298020376
9980551 32 0.3577573674136446
9990531 33 0.3580979341795175
10000561 33 0.3589648314017393
10010450 33 0.3579431311041207
10020420 33 0.3601568150822944
10030236 33 0.3589648314017393
10040352 33 0.357905290352357
10050405 33 0.3574861312558982
10060615 32 0.3596081241817213
10070828 32 0.3577573674136446
10080816 33 0.3585569589509113
10090743 32 0.3583643151237509
10100800 33 0.3554540173062919
10110853 32 0.357039888812023
10120836 32 0.3571946918874199
10130815 32 0.3572566131175786
10140795 31 0.3578758254191656
10150933 31 0.3592473470143384
10161001 31 0.3580035379563679
10171039 31 0.3580035379563679
10181019 32 0.3563626253571623
10191025 32 0.3585569589509113
10201204 32 0.3571568511356563
10211204 33 0.3548348050047049
10221082 32 0.3573426148261324
10230969 32 0.3574974179015291
10240794 31 0.3564757176039106
10250781 32 0.3575066724332105
10260835 31 0.3583220678630407
10270927 31 0.358449780400243
10280814 32 0.3577686468684972
10291005 33 0.3576409343312949
10301121 32 0.3585078315535167
10311362 32 0.3568162843697835
10321337 33 0.3577593923368159
10331388 32 0.3576831815920052
10341340 32 0.3557945840721648
10351328 31 0.3578758254191656
10361378 31 0.3582256467167198
10371296 30 0.3592473470143384
10381278 31 0.35832452093907
10391182 31 0.3578850799508469
10401123 31 0.3582256467167198
10411076 31 0.3592473470143384
10421171 31 0.3572039464191012
10431279 31 0.3576629711904951
10441491 31 0.3569818376587493
10451604 32 0.3573224044246223
10461710 32 0.3571946918874199
10471684 32 0.3582163921850385
10481693 32 0.3572566131175786
10491712 33 0.3582783134151972
10501748 33 0.3571018100421818
10511802 32 0.356761243276309
10521674 33 0.3572566131175786
10531845 33 0.3584021558755145
10541767 33 0.3553370549826588
10551731 34 0.3571018100421818
10561531 34 0.3575407222912479
10571381 34 0.3572268457107883
10581444 34 0.3575407222912479
10591451 34 0.3575054912465024
10601598 34 0.3587493003044729
10611771 34 0.3557194304563626
10621777 33 0.3599765150297733
10631791 34 0.3580781834423117
10641866 34 0.3577276000068543
10651930 34 0.3568080697389976
10661853 34 0.3522818275603003
10671832 34 0.3510898438797452
10681749 34 0.3540272322353987
10691717 34 0.3541456902409196
10701635 34 0.3541456902409196
10711603 34 0.3519838316401614
10721619 33 0.3540272322353986
10731599 33 0.353185831990301
10741621 33 0.3552292325855381
10751542 33 0.3552292325855381
10761396 33 0.3542075322879195
10771414 33 0.356378645420359
10781518 32 0.3566478030256457
10791336 32 0.3568026061010424
10801150 32 0.3576540230157245
