
ASes= { 1, 2, 3, 4, 5, 6, 7, 8, 9, 10 } ;


Objects= { 1, 2, 3, 4, 5, 6, 7, 8, 9, 10, 11, 12, 13, 14, 15, 16, 17, 18, 19, 20, 21, 22, 23, 24, 25, 26, 27, 28, 29, 30, 31, 32, 33, 34, 35, 36, 37, 38, 39, 40, 41, 42, 43, 44, 45, 46, 47, 48, 49, 50, 51, 52, 53, 54, 55, 56, 57, 58, 59, 60, 61, 62, 63, 64, 65, 66, 67, 68, 69, 70, 71, 72, 73, 74, 75, 76, 77, 78, 79, 80, 81, 82, 83, 84, 85, 86, 87, 88, 89, 90, 91, 92, 93, 94, 95, 96, 97, 98, 99, 100, 101, 102, 103, 104, 105, 106, 107, 108, 109, 110, 111, 112, 113, 114, 115, 116, 117, 118, 119, 120, 121, 122, 123, 124, 125, 126, 127, 128, 129, 130, 131, 132, 133, 134, 135, 136, 137, 138, 139, 140, 141, 142, 143, 144, 145, 146, 147, 148, 149, 150, 151, 152, 153, 154, 155, 156, 157, 158, 159, 160, 161, 162, 163, 164, 165, 166, 167, 168, 169, 170, 171, 172, 173, 174, 175, 176, 177, 178, 179, 180, 181, 182, 183, 184, 185, 186, 187, 188, 189, 190, 191, 192, 193, 194, 195, 196, 197, 198, 199, 200, 201, 202, 203, 204, 205, 206, 207, 208, 209, 210, 211, 212, 213, 214, 215, 216, 217, 218, 219, 220, 221, 222, 223, 224, 225, 226, 227, 228, 229, 230, 231, 232, 233, 234, 235, 236, 237, 238, 239, 240, 241, 242, 243, 244, 245, 246, 247, 248, 249, 250, 251, 252, 253, 254, 255, 256, 257, 258, 259, 260, 261, 262, 263, 264, 265, 266, 267, 268, 269, 270, 271, 272, 273, 274, 275, 276, 277, 278, 279, 280, 281, 282, 283, 284, 285, 286, 287, 288, 289, 290, 291, 292, 293, 294, 295, 296, 297, 298, 299, 300, 301, 302, 303, 304, 305, 306, 307, 308, 309, 310, 311, 312, 313, 314, 315, 316, 317, 318, 319, 320, 321, 322, 323, 324, 325, 326, 327, 328, 329, 330, 331, 332, 333, 334, 335, 336, 337, 338, 339, 340, 341, 342, 343, 344, 345, 346, 347, 348, 349, 350, 351, 352, 353, 354, 355, 356, 357, 358, 359, 360, 361, 362, 363, 364, 365, 366, 367, 368, 369, 370, 371, 372, 373, 374, 375, 376, 377, 378, 379, 380, 381, 382, 383, 384, 385, 386, 387, 388, 389, 390, 391, 392, 393, 394, 395, 396, 397, 398, 399, 400, 401, 402, 403, 404, 405, 406, 407, 408, 409, 410, 411, 412, 413, 414, 415, 416, 417, 418, 419, 420, 421, 422, 423, 424, 425, 426, 427, 428, 429, 430, 431, 432, 433, 434, 435, 436, 437, 438, 439, 440, 441, 442, 443, 444, 445, 446, 447, 448, 449, 450, 451, 452, 453, 454, 455, 456, 457, 458, 459, 460, 461, 462, 463, 464, 465, 466, 467, 468, 469, 470, 471, 472, 473, 474, 475, 476, 477, 478, 479, 480, 481, 482, 483, 484, 485, 486, 487, 488, 489, 490, 491, 492, 493, 494, 495, 496, 497, 498, 499, 500, 501, 502, 503, 504, 505, 506, 507, 508, 509, 510, 511, 512, 513, 514, 515, 516, 517, 518, 519, 520, 521, 522, 523, 524, 525, 526, 527, 528, 529, 530, 531, 532, 533, 534, 535, 536, 537, 538, 539, 540, 541, 542, 543, 544, 545, 546, 547, 548, 549, 550, 551, 552, 553, 554, 555, 556, 557, 558, 559, 560, 561, 562, 563, 564, 565, 566, 567, 568, 569, 570, 571, 572, 573, 574, 575, 576, 577, 578, 579, 580, 581, 582, 583, 584, 585, 586, 587, 588, 589, 590, 591, 592, 593, 594, 595, 596, 597, 598, 599, 600, 601, 602, 603, 604, 605, 606, 607, 608, 609, 610, 611, 612, 613, 614, 615, 616, 617, 618, 619, 620, 621, 622, 623, 624, 625, 626, 627, 628, 629, 630, 631, 632, 633, 634, 635, 636, 637, 638, 639, 640, 641, 642, 643, 644, 645, 646, 647, 648, 649, 650, 651, 652, 653, 654, 655, 656, 657, 658, 659, 660, 661, 662, 663, 664, 665, 666, 667, 668, 669, 670, 671, 672, 673, 674, 675, 676, 677, 678, 679, 680, 681, 682, 683, 684, 685, 686, 687, 688, 689, 690, 691, 692, 693, 694, 695, 696, 697, 698, 699, 700, 701, 702, 703, 704, 705, 706, 707, 708, 709, 710, 711, 712, 713, 714, 715, 716, 717, 718, 719, 720, 721, 722, 723, 724, 725, 726, 727, 728, 729, 730, 731, 732, 733, 734, 735, 736, 737, 738, 739, 740, 741, 742, 743, 744, 745, 746, 747, 748, 749, 750, 751, 752, 753, 754, 755, 756, 757, 758, 759, 760, 761, 762, 763, 764, 765, 766, 767, 768, 769, 770, 771, 772, 773, 774, 775, 776, 777, 778, 779, 780, 781, 782, 783, 784, 785, 786, 787, 788, 789, 790, 791, 792, 793, 794, 795, 796, 797, 798, 799, 800, 801, 802, 803, 804, 805, 806, 807, 808, 809, 810, 811, 812, 813, 814, 815, 816, 817, 818, 819, 820, 821, 822, 823, 824, 825, 826, 827, 828, 829, 830, 831, 832, 833, 834, 835, 836, 837, 838, 839, 840, 841, 842, 843, 844, 845, 846, 847, 848, 849, 850, 851, 852, 853, 854, 855, 856, 857, 858, 859, 860, 861, 862, 863, 864, 865, 866, 867, 868, 869, 870, 871, 872, 873, 874, 875, 876, 877, 878, 879, 880, 881, 882, 883, 884, 885, 886, 887, 888, 889, 890, 891, 892, 893, 894, 895, 896, 897, 898, 899, 900, 901, 902, 903, 904, 905, 906, 907, 908, 909, 910, 911, 912, 913, 914, 915, 916, 917, 918, 919, 920, 921, 922, 923, 924, 925, 926, 927, 928, 929, 930, 931, 932, 933, 934, 935, 936, 937, 938, 939, 940, 941, 942, 943, 944, 945, 946, 947, 948, 949, 950, 951, 952, 953, 954, 955, 956, 957, 958, 959, 960, 961, 962, 963, 964, 965, 966, 967, 968, 969, 970, 971, 972, 973, 974, 975, 976, 977, 978, 979, 980, 981, 982, 983, 984, 985, 986, 987, 988, 989, 990, 991, 992, 993, 994, 995, 996, 997, 998, 999, 1000 } ;


QualityLevels= { 0, 1, 2, 3, 4, 5 } ;

Arcs = { <1,2,490000>, <2,1,490000>,<1,3,490000>, <3,1,490000>,<2,4,490000>, <4,2,490000>,<2,5,490000>, <5,2,490000>,<1,6,490000>, <6,1,490000>,<6,7,490000>, <7,6,490000>,<7,8,490000>, <8,7,490000>,<1,9,490000>, <9,1,490000>,<7,10,490000>, <10,7,490000> }; 


RatePerQuality= [ 0  300  700  1500  2500  3500 ] ;


CacheSpacePerQuality= [ 10000  11.25  26.25  56.25  93.75  131.25 ] ;


UtilityPerQuality= [ -1e+10  0.66874  0.795271  0.880112  0.945742  1 ] ;


ObjectsPublishedByProducers=[ [ 0  0  0  1  0  0  0  0  0  0 ]  [ 0  0  1  0  0  0  0  0  0  0 ]  [ 0  0  0  1  0  0  0  0  0  0 ]  [ 0  0  1  0  0  0  0  0  0  0 ]  [ 0  0  1  0  0  0  0  0  0  0 ]  [ 0  0  0  0  1  0  0  0  0  0 ]  [ 0  0  0  0  0  0  0  0  1  0 ]  [ 0  0  0  0  0  0  0  0  1  0 ]  [ 0  0  0  0  0  0  0  1  0  0 ]  [ 0  0  0  1  0  0  0  0  0  0 ]  [ 0  0  0  0  1  0  0  0  0  0 ]  [ 0  0  0  1  0  0  0  0  0  0 ]  [ 0  0  1  0  0  0  0  0  0  0 ]  [ 0  0  1  0  0  0  0  0  0  0 ]  [ 0  0  0  1  0  0  0  0  0  0 ]  [ 0  0  0  0  0  0  0  0  1  0 ]  [ 0  0  0  0  0  0  0  0  1  0 ]  [ 0  0  0  0  0  0  0  0  1  0 ]  [ 0  0  0  0  0  0  0  0  1  0 ]  [ 0  0  1  0  0  0  0  0  0  0 ]  [ 0  0  0  1  0  0  0  0  0  0 ]  [ 0  0  0  0  0  0  0  1  0  0 ]  [ 0  0  0  0  0  0  0  1  0  0 ]  [ 0  0  0  0  0  0  0  0  1  0 ]  [ 0  0  0  0  0  0  0  0  1  0 ]  [ 0  0  1  0  0  0  0  0  0  0 ]  [ 0  0  0  0  0  0  0  1  0  0 ]  [ 0  0  0  0  0  0  0  1  0  0 ]  [ 0  0  0  0  1  0  0  0  0  0 ]  [ 0  0  1  0  0  0  0  0  0  0 ]  [ 0  0  0  0  1  0  0  0  0  0 ]  [ 0  0  1  0  0  0  0  0  0  0 ]  [ 0  0  0  0  0  0  0  0  1  0 ]  [ 0  0  0  0  0  0  0  0  1  0 ]  [ 0  0  0  0  1  0  0  0  0  0 ]  [ 0  0  0  1  0  0  0  0  0  0 ]  [ 0  0  0  0  0  0  0  0  1  0 ]  [ 0  0  0  0  1  0  0  0  0  0 ]  [ 0  0  0  0  0  0  0  0  1  0 ]  [ 0  0  0  0  0  0  0  0  1  0 ]  [ 0  0  0  0  1  0  0  0  0  0 ]  [ 0  0  0  0  1  0  0  0  0  0 ]  [ 0  0  0  0  1  0  0  0  0  0 ]  [ 0  0  0  0  1  0  0  0  0  0 ]  [ 0  0  1  0  0  0  0  0  0  0 ]  [ 0  0  0  1  0  0  0  0  0  0 ]  [ 0  0  0  0  0  0  0  0  1  0 ]  [ 0  0  1  0  0  0  0  0  0  0 ]  [ 0  0  1  0  0  0  0  0  0  0 ]  [ 0  0  0  0  0  0  0  1  0  0 ]  [ 0  0  0  1  0  0  0  0  0  0 ]  [ 0  0  0  0  1  0  0  0  0  0 ]  [ 0  0  0  0  1  0  0  0  0  0 ]  [ 0  0  0  1  0  0  0  0  0  0 ]  [ 0  0  0  0  0  0  0  0  1  0 ]  [ 0  0  1  0  0  0  0  0  0  0 ]  [ 0  0  0  0  1  0  0  0  0  0 ]  [ 0  0  0  1  0  0  0  0  0  0 ]  [ 0  0  0  0  0  0  0  1  0  0 ]  [ 0  0  0  1  0  0  0  0  0  0 ]  [ 0  0  0  1  0  0  0  0  0  0 ]  [ 0  0  0  0  0  0  0  1  0  0 ]  [ 0  0  0  1  0  0  0  0  0  0 ]  [ 0  0  0  0  1  0  0  0  0  0 ]  [ 0  0  0  0  0  0  0  0  1  0 ]  [ 0  0  1  0  0  0  0  0  0  0 ]  [ 0  0  1  0  0  0  0  0  0  0 ]  [ 0  0  0  1  0  0  0  0  0  0 ]  [ 0  0  0  0  0  0  0  1  0  0 ]  [ 0  0  0  0  0  0  0  1  0  0 ]  [ 0  0  0  1  0  0  0  0  0  0 ]  [ 0  0  0  1  0  0  0  0  0  0 ]  [ 0  0  1  0  0  0  0  0  0  0 ]  [ 0  0  0  0  1  0  0  0  0  0 ]  [ 0  0  1  0  0  0  0  0  0  0 ]  [ 0  0  0  0  0  0  0  1  0  0 ]  [ 0  0  0  0  0  0  0  0  1  0 ]  [ 0  0  0  0  0  0  0  0  1  0 ]  [ 0  0  0  0  0  0  0  1  0  0 ]  [ 0  0  0  0  0  0  0  0  1  0 ]  [ 0  0  1  0  0  0  0  0  0  0 ]  [ 0  0  0  1  0  0  0  0  0  0 ]  [ 0  0  0  0  0  0  0  0  1  0 ]  [ 0  0  0  0  0  0  0  1  0  0 ]  [ 0  0  0  0  1  0  0  0  0  0 ]  [ 0  0  0  0  0  0  0  0  1  0 ]  [ 0  0  0  0  0  0  0  1  0  0 ]  [ 0  0  0  0  0  0  0  0  1  0 ]  [ 0  0  0  1  0  0  0  0  0  0 ]  [ 0  0  1  0  0  0  0  0  0  0 ]  [ 0  0  0  0  1  0  0  0  0  0 ]  [ 0  0  1  0  0  0  0  0  0  0 ]  [ 0  0  0  1  0  0  0  0  0  0 ]  [ 0  0  0  0  0  0  0  0  1  0 ]  [ 0  0  0  1  0  0  0  0  0  0 ]  [ 0  0  1  0  0  0  0  0  0  0 ]  [ 0  0  1  0  0  0  0  0  0  0 ]  [ 0  0  1  0  0  0  0  0  0  0 ]  [ 0  0  0  0  0  0  0  1  0  0 ]  [ 0  0  0  1  0  0  0  0  0  0 ]  [ 0  0  0  1  0  0  0  0  0  0 ]  [ 0  0  1  0  0  0  0  0  0  0 ]  [ 0  0  0  0  0  0  0  0  1  0 ]  [ 0  0  0  0  1  0  0  0  0  0 ]  [ 0  0  0  1  0  0  0  0  0  0 ]  [ 0  0  1  0  0  0  0  0  0  0 ]  [ 0  0  1  0  0  0  0  0  0  0 ]  [ 0  0  1  0  0  0  0  0  0  0 ]  [ 0  0  0  0  0  0  0  1  0  0 ]  [ 0  0  1  0  0  0  0  0  0  0 ]  [ 0  0  1  0  0  0  0  0  0  0 ]  [ 0  0  0  0  1  0  0  0  0  0 ]  [ 0  0  0  1  0  0  0  0  0  0 ]  [ 0  0  0  0  0  0  0  0  1  0 ]  [ 0  0  1  0  0  0  0  0  0  0 ]  [ 0  0  0  0  1  0  0  0  0  0 ]  [ 0  0  0  0  0  0  0  1  0  0 ]  [ 0  0  0  0  1  0  0  0  0  0 ]  [ 0  0  0  0  0  0  0  0  1  0 ]  [ 0  0  0  0  1  0  0  0  0  0 ]  [ 0  0  0  1  0  0  0  0  0  0 ]  [ 0  0  0  0  1  0  0  0  0  0 ]  [ 0  0  1  0  0  0  0  0  0  0 ]  [ 0  0  0  0  1  0  0  0  0  0 ]  [ 0  0  0  1  0  0  0  0  0  0 ]  [ 0  0  0  0  0  0  0  0  1  0 ]  [ 0  0  0  0  0  0  0  0  1  0 ]  [ 0  0  0  0  1  0  0  0  0  0 ]  [ 0  0  1  0  0  0  0  0  0  0 ]  [ 0  0  0  1  0  0  0  0  0  0 ]  [ 0  0  0  1  0  0  0  0  0  0 ]  [ 0  0  0  1  0  0  0  0  0  0 ]  [ 0  0  0  1  0  0  0  0  0  0 ]  [ 0  0  0  0  0  0  0  0  1  0 ]  [ 0  0  1  0  0  0  0  0  0  0 ]  [ 0  0  1  0  0  0  0  0  0  0 ]  [ 0  0  0  0  0  0  0  0  1  0 ]  [ 0  0  0  0  1  0  0  0  0  0 ]  [ 0  0  0  0  0  0  0  0  1  0 ]  [ 0  0  0  0  1  0  0  0  0  0 ]  [ 0  0  0  0  0  0  0  0  1  0 ]  [ 0  0  0  0  0  0  0  1  0  0 ]  [ 0  0  0  0  0  0  0  1  0  0 ]  [ 0  0  0  0  0  0  0  1  0  0 ]  [ 0  0  0  0  1  0  0  0  0  0 ]  [ 0  0  1  0  0  0  0  0  0  0 ]  [ 0  0  0  1  0  0  0  0  0  0 ]  [ 0  0  0  0  0  0  0  0  1  0 ]  [ 0  0  0  0  0  0  0  0  1  0 ]  [ 0  0  0  0  0  0  0  0  1  0 ]  [ 0  0  0  1  0  0  0  0  0  0 ]  [ 0  0  0  0  0  0  0  1  0  0 ]  [ 0  0  0  0  0  0  0  1  0  0 ]  [ 0  0  0  0  0  0  0  1  0  0 ]  [ 0  0  0  0  0  0  0  0  1  0 ]  [ 0  0  0  0  1  0  0  0  0  0 ]  [ 0  0  0  0  0  0  0  1  0  0 ]  [ 0  0  0  0  0  0  0  1  0  0 ]  [ 0  0  0  1  0  0  0  0  0  0 ]  [ 0  0  0  0  0  0  0  0  1  0 ]  [ 0  0  0  0  0  0  0  0  1  0 ]  [ 0  0  1  0  0  0  0  0  0  0 ]  [ 0  0  0  0  0  0  0  0  1  0 ]  [ 0  0  0  0  0  0  0  0  1  0 ]  [ 0  0  0  0  0  0  0  1  0  0 ]  [ 0  0  1  0  0  0  0  0  0  0 ]  [ 0  0  0  0  0  0  0  0  1  0 ]  [ 0  0  1  0  0  0  0  0  0  0 ]  [ 0  0  0  0  0  0  0  0  1  0 ]  [ 0  0  0  0  0  0  0  1  0  0 ]  [ 0  0  1  0  0  0  0  0  0  0 ]  [ 0  0  1  0  0  0  0  0  0  0 ]  [ 0  0  0  0  0  0  0  1  0  0 ]  [ 0  0  0  0  1  0  0  0  0  0 ]  [ 0  0  0  0  0  0  0  1  0  0 ]  [ 0  0  0  0  0  0  0  0  1  0 ]  [ 0  0  0  1  0  0  0  0  0  0 ]  [ 0  0  1  0  0  0  0  0  0  0 ]  [ 0  0  0  0  0  0  0  0  1  0 ]  [ 0  0  1  0  0  0  0  0  0  0 ]  [ 0  0  0  0  0  0  0  0  1  0 ]  [ 0  0  1  0  0  0  0  0  0  0 ]  [ 0  0  0  0  0  0  0  0  1  0 ]  [ 0  0  0  0  0  0  0  1  0  0 ]  [ 0  0  0  0  0  0  0  0  1  0 ]  [ 0  0  0  0  1  0  0  0  0  0 ]  [ 0  0  0  0  0  0  0  0  1  0 ]  [ 0  0  0  1  0  0  0  0  0  0 ]  [ 0  0  0  0  0  0  0  1  0  0 ]  [ 0  0  0  1  0  0  0  0  0  0 ]  [ 0  0  0  0  0  0  0  0  1  0 ]  [ 0  0  0  0  0  0  0  1  0  0 ]  [ 0  0  0  0  1  0  0  0  0  0 ]  [ 0  0  0  0  1  0  0  0  0  0 ]  [ 0  0  1  0  0  0  0  0  0  0 ]  [ 0  0  1  0  0  0  0  0  0  0 ]  [ 0  0  0  0  1  0  0  0  0  0 ]  [ 0  0  0  0  1  0  0  0  0  0 ]  [ 0  0  0  0  0  0  0  0  1  0 ]  [ 0  0  0  0  0  0  0  1  0  0 ]  [ 0  0  1  0  0  0  0  0  0  0 ]  [ 0  0  0  1  0  0  0  0  0  0 ]  [ 0  0  0  0  0  0  0  1  0  0 ]  [ 0  0  0  0  1  0  0  0  0  0 ]  [ 0  0  1  0  0  0  0  0  0  0 ]  [ 0  0  0  0  0  0  0  0  1  0 ]  [ 0  0  0  0  0  0  0  0  1  0 ]  [ 0  0  1  0  0  0  0  0  0  0 ]  [ 0  0  0  0  1  0  0  0  0  0 ]  [ 0  0  0  1  0  0  0  0  0  0 ]  [ 0  0  0  0  0  0  0  1  0  0 ]  [ 0  0  0  1  0  0  0  0  0  0 ]  [ 0  0  0  1  0  0  0  0  0  0 ]  [ 0  0  0  0  1  0  0  0  0  0 ]  [ 0  0  0  0  0  0  0  0  1  0 ]  [ 0  0  1  0  0  0  0  0  0  0 ]  [ 0  0  1  0  0  0  0  0  0  0 ]  [ 0  0  0  0  0  0  0  1  0  0 ]  [ 0  0  0  0  0  0  0  0  1  0 ]  [ 0  0  0  0  1  0  0  0  0  0 ]  [ 0  0  0  0  1  0  0  0  0  0 ]  [ 0  0  0  0  0  0  0  0  1  0 ]  [ 0  0  0  0  0  0  0  1  0  0 ]  [ 0  0  1  0  0  0  0  0  0  0 ]  [ 0  0  0  0  0  0  0  0  1  0 ]  [ 0  0  1  0  0  0  0  0  0  0 ]  [ 0  0  0  1  0  0  0  0  0  0 ]  [ 0  0  0  0  0  0  0  0  1  0 ]  [ 0  0  0  0  1  0  0  0  0  0 ]  [ 0  0  0  0  0  0  0  1  0  0 ]  [ 0  0  1  0  0  0  0  0  0  0 ]  [ 0  0  0  0  0  0  0  0  1  0 ]  [ 0  0  1  0  0  0  0  0  0  0 ]  [ 0  0  1  0  0  0  0  0  0  0 ]  [ 0  0  0  0  1  0  0  0  0  0 ]  [ 0  0  0  1  0  0  0  0  0  0 ]  [ 0  0  0  0  1  0  0  0  0  0 ]  [ 0  0  0  0  0  0  0  0  1  0 ]  [ 0  0  0  0  0  0  0  1  0  0 ]  [ 0  0  1  0  0  0  0  0  0  0 ]  [ 0  0  0  1  0  0  0  0  0  0 ]  [ 0  0  0  0  1  0  0  0  0  0 ]  [ 0  0  0  0  1  0  0  0  0  0 ]  [ 0  0  0  0  0  0  0  1  0  0 ]  [ 0  0  0  0  1  0  0  0  0  0 ]  [ 0  0  1  0  0  0  0  0  0  0 ]  [ 0  0  0  1  0  0  0  0  0  0 ]  [ 0  0  0  0  0  0  0  0  1  0 ]  [ 0  0  0  1  0  0  0  0  0  0 ]  [ 0  0  0  0  0  0  0  1  0  0 ]  [ 0  0  0  0  0  0  0  0  1  0 ]  [ 0  0  0  0  0  0  0  1  0  0 ]  [ 0  0  0  0  0  0  0  1  0  0 ]  [ 0  0  0  0  0  0  0  1  0  0 ]  [ 0  0  0  1  0  0  0  0  0  0 ]  [ 0  0  0  0  0  0  0  0  1  0 ]  [ 0  0  0  0  1  0  0  0  0  0 ]  [ 0  0  0  0  0  0  0  0  1  0 ]  [ 0  0  0  1  0  0  0  0  0  0 ]  [ 0  0  0  0  0  0  0  0  1  0 ]  [ 0  0  0  0  0  0  0  1  0  0 ]  [ 0  0  0  0  0  0  0  1  0  0 ]  [ 0  0  0  0  1  0  0  0  0  0 ]  [ 0  0  1  0  0  0  0  0  0  0 ]  [ 0  0  0  0  0  0  0  1  0  0 ]  [ 0  0  0  1  0  0  0  0  0  0 ]  [ 0  0  0  0  0  0  0  1  0  0 ]  [ 0  0  1  0  0  0  0  0  0  0 ]  [ 0  0  1  0  0  0  0  0  0  0 ]  [ 0  0  1  0  0  0  0  0  0  0 ]  [ 0  0  0  0  0  0  0  0  1  0 ]  [ 0  0  1  0  0  0  0  0  0  0 ]  [ 0  0  0  0  0  0  0  0  1  0 ]  [ 0  0  0  1  0  0  0  0  0  0 ]  [ 0  0  0  0  1  0  0  0  0  0 ]  [ 0  0  0  1  0  0  0  0  0  0 ]  [ 0  0  0  0  0  0  0  1  0  0 ]  [ 0  0  1  0  0  0  0  0  0  0 ]  [ 0  0  0  0  1  0  0  0  0  0 ]  [ 0  0  0  0  0  0  0  0  1  0 ]  [ 0  0  1  0  0  0  0  0  0  0 ]  [ 0  0  0  0  0  0  0  1  0  0 ]  [ 0  0  0  1  0  0  0  0  0  0 ]  [ 0  0  0  1  0  0  0  0  0  0 ]  [ 0  0  1  0  0  0  0  0  0  0 ]  [ 0  0  1  0  0  0  0  0  0  0 ]  [ 0  0  0  0  0  0  0  0  1  0 ]  [ 0  0  0  0  0  0  0  0  1  0 ]  [ 0  0  0  0  0  0  0  0  1  0 ]  [ 0  0  0  0  0  0  0  0  1  0 ]  [ 0  0  0  0  0  0  0  0  1  0 ]  [ 0  0  1  0  0  0  0  0  0  0 ]  [ 0  0  0  0  1  0  0  0  0  0 ]  [ 0  0  0  0  1  0  0  0  0  0 ]  [ 0  0  0  0  1  0  0  0  0  0 ]  [ 0  0  0  0  0  0  0  0  1  0 ]  [ 0  0  0  0  0  0  0  1  0  0 ]  [ 0  0  0  0  0  0  0  0  1  0 ]  [ 0  0  1  0  0  0  0  0  0  0 ]  [ 0  0  0  0  0  0  0  1  0  0 ]  [ 0  0  0  0  0  0  0  1  0  0 ]  [ 0  0  0  0  0  0  0  1  0  0 ]  [ 0  0  0  0  0  0  0  1  0  0 ]  [ 0  0  0  0  0  0  0  0  1  0 ]  [ 0  0  0  1  0  0  0  0  0  0 ]  [ 0  0  0  0  0  0  0  0  1  0 ]  [ 0  0  0  0  1  0  0  0  0  0 ]  [ 0  0  0  0  1  0  0  0  0  0 ]  [ 0  0  0  0  0  0  0  0  1  0 ]  [ 0  0  0  0  0  0  0  1  0  0 ]  [ 0  0  0  1  0  0  0  0  0  0 ]  [ 0  0  0  1  0  0  0  0  0  0 ]  [ 0  0  0  1  0  0  0  0  0  0 ]  [ 0  0  0  0  0  0  0  1  0  0 ]  [ 0  0  0  0  0  0  0  0  1  0 ]  [ 0  0  0  0  0  0  0  0  1  0 ]  [ 0  0  0  0  1  0  0  0  0  0 ]  [ 0  0  0  0  1  0  0  0  0  0 ]  [ 0  0  0  0  0  0  0  0  1  0 ]  [ 0  0  0  1  0  0  0  0  0  0 ]  [ 0  0  0  0  1  0  0  0  0  0 ]  [ 0  0  1  0  0  0  0  0  0  0 ]  [ 0  0  1  0  0  0  0  0  0  0 ]  [ 0  0  0  0  1  0  0  0  0  0 ]  [ 0  0  0  0  0  0  0  1  0  0 ]  [ 0  0  0  0  0  0  0  1  0  0 ]  [ 0  0  0  1  0  0  0  0  0  0 ]  [ 0  0  0  0  0  0  0  0  1  0 ]  [ 0  0  0  0  0  0  0  1  0  0 ]  [ 0  0  1  0  0  0  0  0  0  0 ]  [ 0  0  1  0  0  0  0  0  0  0 ]  [ 0  0  0  0  0  0  0  0  1  0 ]  [ 0  0  0  0  0  0  0  0  1  0 ]  [ 0  0  0  0  0  0  0  0  1  0 ]  [ 0  0  0  0  0  0  0  1  0  0 ]  [ 0  0  0  1  0  0  0  0  0  0 ]  [ 0  0  1  0  0  0  0  0  0  0 ]  [ 0  0  0  1  0  0  0  0  0  0 ]  [ 0  0  0  1  0  0  0  0  0  0 ]  [ 0  0  0  0  0  0  0  0  1  0 ]  [ 0  0  0  0  0  0  0  0  1  0 ]  [ 0  0  0  0  0  0  0  1  0  0 ]  [ 0  0  1  0  0  0  0  0  0  0 ]  [ 0  0  0  1  0  0  0  0  0  0 ]  [ 0  0  0  1  0  0  0  0  0  0 ]  [ 0  0  0  0  0  0  0  0  1  0 ]  [ 0  0  1  0  0  0  0  0  0  0 ]  [ 0  0  0  0  0  0  0  1  0  0 ]  [ 0  0  0  0  0  0  0  1  0  0 ]  [ 0  0  0  0  1  0  0  0  0  0 ]  [ 0  0  0  0  0  0  0  0  1  0 ]  [ 0  0  0  1  0  0  0  0  0  0 ]  [ 0  0  0  0  1  0  0  0  0  0 ]  [ 0  0  1  0  0  0  0  0  0  0 ]  [ 0  0  1  0  0  0  0  0  0  0 ]  [ 0  0  1  0  0  0  0  0  0  0 ]  [ 0  0  0  1  0  0  0  0  0  0 ]  [ 0  0  1  0  0  0  0  0  0  0 ]  [ 0  0  1  0  0  0  0  0  0  0 ]  [ 0  0  0  0  0  0  0  0  1  0 ]  [ 0  0  0  1  0  0  0  0  0  0 ]  [ 0  0  0  0  0  0  0  0  1  0 ]  [ 0  0  0  0  0  0  0  1  0  0 ]  [ 0  0  0  0  0  0  0  1  0  0 ]  [ 0  0  0  0  0  0  0  1  0  0 ]  [ 0  0  0  0  0  0  0  0  1  0 ]  [ 0  0  0  0  0  0  0  0  1  0 ]  [ 0  0  0  0  0  0  0  1  0  0 ]  [ 0  0  0  0  1  0  0  0  0  0 ]  [ 0  0  0  0  0  0  0  1  0  0 ]  [ 0  0  0  0  0  0  0  1  0  0 ]  [ 0  0  0  0  1  0  0  0  0  0 ]  [ 0  0  0  0  1  0  0  0  0  0 ]  [ 0  0  1  0  0  0  0  0  0  0 ]  [ 0  0  0  0  0  0  0  0  1  0 ]  [ 0  0  0  0  1  0  0  0  0  0 ]  [ 0  0  1  0  0  0  0  0  0  0 ]  [ 0  0  1  0  0  0  0  0  0  0 ]  [ 0  0  0  0  0  0  0  0  1  0 ]  [ 0  0  0  1  0  0  0  0  0  0 ]  [ 0  0  0  1  0  0  0  0  0  0 ]  [ 0  0  0  0  0  0  0  1  0  0 ]  [ 0  0  0  0  0  0  0  0  1  0 ]  [ 0  0  0  1  0  0  0  0  0  0 ]  [ 0  0  0  1  0  0  0  0  0  0 ]  [ 0  0  0  0  1  0  0  0  0  0 ]  [ 0  0  1  0  0  0  0  0  0  0 ]  [ 0  0  0  0  0  0  0  0  1  0 ]  [ 0  0  1  0  0  0  0  0  0  0 ]  [ 0  0  0  0  0  0  0  0  1  0 ]  [ 0  0  1  0  0  0  0  0  0  0 ]  [ 0  0  1  0  0  0  0  0  0  0 ]  [ 0  0  0  0  0  0  0  0  1  0 ]  [ 0  0  0  0  0  0  0  0  1  0 ]  [ 0  0  0  1  0  0  0  0  0  0 ]  [ 0  0  0  0  1  0  0  0  0  0 ]  [ 0  0  0  0  1  0  0  0  0  0 ]  [ 0  0  0  0  0  0  0  1  0  0 ]  [ 0  0  1  0  0  0  0  0  0  0 ]  [ 0  0  0  0  0  0  0  0  1  0 ]  [ 0  0  0  0  0  0  0  0  1  0 ]  [ 0  0  0  0  0  0  0  1  0  0 ]  [ 0  0  0  0  0  0  0  0  1  0 ]  [ 0  0  0  0  0  0  0  0  1  0 ]  [ 0  0  0  1  0  0  0  0  0  0 ]  [ 0  0  0  0  0  0  0  0  1  0 ]  [ 0  0  0  0  0  0  0  0  1  0 ]  [ 0  0  0  0  1  0  0  0  0  0 ]  [ 0  0  1  0  0  0  0  0  0  0 ]  [ 0  0  0  0  0  0  0  1  0  0 ]  [ 0  0  0  0  0  0  0  0  1  0 ]  [ 0  0  0  1  0  0  0  0  0  0 ]  [ 0  0  0  0  0  0  0  1  0  0 ]  [ 0  0  0  0  0  0  0  0  1  0 ]  [ 0  0  0  0  0  0  0  1  0  0 ]  [ 0  0  1  0  0  0  0  0  0  0 ]  [ 0  0  0  0  0  0  0  1  0  0 ]  [ 0  0  0  1  0  0  0  0  0  0 ]  [ 0  0  0  0  0  0  0  0  1  0 ]  [ 0  0  0  0  0  0  0  1  0  0 ]  [ 0  0  0  1  0  0  0  0  0  0 ]  [ 0  0  0  0  0  0  0  0  1  0 ]  [ 0  0  0  0  0  0  0  1  0  0 ]  [ 0  0  0  1  0  0  0  0  0  0 ]  [ 0  0  0  0  0  0  0  0  1  0 ]  [ 0  0  0  0  0  0  0  0  1  0 ]  [ 0  0  0  0  0  0  0  0  1  0 ]  [ 0  0  0  0  0  0  0  0  1  0 ]  [ 0  0  0  0  0  0  0  1  0  0 ]  [ 0  0  0  0  0  0  0  1  0  0 ]  [ 0  0  0  0  0  0  0  1  0  0 ]  [ 0  0  0  0  1  0  0  0  0  0 ]  [ 0  0  0  0  0  0  0  0  1  0 ]  [ 0  0  0  1  0  0  0  0  0  0 ]  [ 0  0  1  0  0  0  0  0  0  0 ]  [ 0  0  0  0  0  0  0  1  0  0 ]  [ 0  0  0  0  1  0  0  0  0  0 ]  [ 0  0  0  0  1  0  0  0  0  0 ]  [ 0  0  0  0  1  0  0  0  0  0 ]  [ 0  0  0  1  0  0  0  0  0  0 ]  [ 0  0  0  1  0  0  0  0  0  0 ]  [ 0  0  1  0  0  0  0  0  0  0 ]  [ 0  0  0  0  0  0  0  1  0  0 ]  [ 0  0  0  0  0  0  0  0  1  0 ]  [ 0  0  0  0  0  0  0  1  0  0 ]  [ 0  0  1  0  0  0  0  0  0  0 ]  [ 0  0  0  0  0  0  0  0  1  0 ]  [ 0  0  0  0  0  0  0  0  1  0 ]  [ 0  0  0  0  1  0  0  0  0  0 ]  [ 0  0  1  0  0  0  0  0  0  0 ]  [ 0  0  0  0  0  0  0  0  1  0 ]  [ 0  0  0  0  0  0  0  1  0  0 ]  [ 0  0  0  0  0  0  0  1  0  0 ]  [ 0  0  1  0  0  0  0  0  0  0 ]  [ 0  0  0  0  0  0  0  1  0  0 ]  [ 0  0  1  0  0  0  0  0  0  0 ]  [ 0  0  0  0  1  0  0  0  0  0 ]  [ 0  0  1  0  0  0  0  0  0  0 ]  [ 0  0  0  1  0  0  0  0  0  0 ]  [ 0  0  0  0  0  0  0  0  1  0 ]  [ 0  0  0  0  0  0  0  1  0  0 ]  [ 0  0  0  0  0  0  0  0  1  0 ]  [ 0  0  0  1  0  0  0  0  0  0 ]  [ 0  0  0  1  0  0  0  0  0  0 ]  [ 0  0  0  0  0  0  0  1  0  0 ]  [ 0  0  1  0  0  0  0  0  0  0 ]  [ 0  0  0  0  1  0  0  0  0  0 ]  [ 0  0  0  0  0  0  0  0  1  0 ]  [ 0  0  0  0  0  0  0  1  0  0 ]  [ 0  0  0  0  0  0  0  0  1  0 ]  [ 0  0  0  1  0  0  0  0  0  0 ]  [ 0  0  0  0  0  0  0  1  0  0 ]  [ 0  0  0  0  0  0  0  1  0  0 ]  [ 0  0  0  0  0  0  0  1  0  0 ]  [ 0  0  0  0  1  0  0  0  0  0 ]  [ 0  0  1  0  0  0  0  0  0  0 ]  [ 0  0  1  0  0  0  0  0  0  0 ]  [ 0  0  0  0  0  0  0  0  1  0 ]  [ 0  0  0  0  0  0  0  0  1  0 ]  [ 0  0  0  1  0  0  0  0  0  0 ]  [ 0  0  0  0  0  0  0  1  0  0 ]  [ 0  0  0  0  1  0  0  0  0  0 ]  [ 0  0  0  0  0  0  0  1  0  0 ]  [ 0  0  0  0  0  0  0  0  1  0 ]  [ 0  0  0  1  0  0  0  0  0  0 ]  [ 0  0  0  0  0  0  0  1  0  0 ]  [ 0  0  0  1  0  0  0  0  0  0 ]  [ 0  0  0  0  1  0  0  0  0  0 ]  [ 0  0  1  0  0  0  0  0  0  0 ]  [ 0  0  0  1  0  0  0  0  0  0 ]  [ 0  0  0  1  0  0  0  0  0  0 ]  [ 0  0  0  0  0  0  0  0  1  0 ]  [ 0  0  1  0  0  0  0  0  0  0 ]  [ 0  0  0  0  0  0  0  1  0  0 ]  [ 0  0  1  0  0  0  0  0  0  0 ]  [ 0  0  0  0  0  0  0  0  1  0 ]  [ 0  0  1  0  0  0  0  0  0  0 ]  [ 0  0  1  0  0  0  0  0  0  0 ]  [ 0  0  0  1  0  0  0  0  0  0 ]  [ 0  0  0  0  0  0  0  0  1  0 ]  [ 0  0  0  0  0  0  0  1  0  0 ]  [ 0  0  0  0  0  0  0  0  1  0 ]  [ 0  0  0  0  1  0  0  0  0  0 ]  [ 0  0  1  0  0  0  0  0  0  0 ]  [ 0  0  0  1  0  0  0  0  0  0 ]  [ 0  0  0  0  1  0  0  0  0  0 ]  [ 0  0  0  0  0  0  0  0  1  0 ]  [ 0  0  1  0  0  0  0  0  0  0 ]  [ 0  0  0  1  0  0  0  0  0  0 ]  [ 0  0  0  0  0  0  0  0  1  0 ]  [ 0  0  1  0  0  0  0  0  0  0 ]  [ 0  0  0  0  0  0  0  0  1  0 ]  [ 0  0  0  1  0  0  0  0  0  0 ]  [ 0  0  0  0  1  0  0  0  0  0 ]  [ 0  0  0  0  0  0  0  1  0  0 ]  [ 0  0  0  0  0  0  0  0  1  0 ]  [ 0  0  1  0  0  0  0  0  0  0 ]  [ 0  0  0  0  0  0  0  0  1  0 ]  [ 0  0  1  0  0  0  0  0  0  0 ]  [ 0  0  0  0  0  0  0  1  0  0 ]  [ 0  0  1  0  0  0  0  0  0  0 ]  [ 0  0  0  0  0  0  0  1  0  0 ]  [ 0  0  1  0  0  0  0  0  0  0 ]  [ 0  0  0  1  0  0  0  0  0  0 ]  [ 0  0  1  0  0  0  0  0  0  0 ]  [ 0  0  0  1  0  0  0  0  0  0 ]  [ 0  0  0  1  0  0  0  0  0  0 ]  [ 0  0  0  0  0  0  0  0  1  0 ]  [ 0  0  0  0  0  0  0  1  0  0 ]  [ 0  0  0  1  0  0  0  0  0  0 ]  [ 0  0  0  0  0  0  0  0  1  0 ]  [ 0  0  1  0  0  0  0  0  0  0 ]  [ 0  0  0  1  0  0  0  0  0  0 ]  [ 0  0  0  0  0  0  0  0  1  0 ]  [ 0  0  0  0  0  0  0  0  1  0 ]  [ 0  0  0  0  0  0  0  1  0  0 ]  [ 0  0  0  0  0  0  0  0  1  0 ]  [ 0  0  1  0  0  0  0  0  0  0 ]  [ 0  0  0  0  0  0  0  0  1  0 ]  [ 0  0  0  0  0  0  0  1  0  0 ]  [ 0  0  0  0  0  0  0  1  0  0 ]  [ 0  0  0  0  0  0  0  0  1  0 ]  [ 0  0  1  0  0  0  0  0  0  0 ]  [ 0  0  1  0  0  0  0  0  0  0 ]  [ 0  0  1  0  0  0  0  0  0  0 ]  [ 0  0  0  0  1  0  0  0  0  0 ]  [ 0  0  0  0  1  0  0  0  0  0 ]  [ 0  0  0  0  1  0  0  0  0  0 ]  [ 0  0  0  1  0  0  0  0  0  0 ]  [ 0  0  0  0  0  0  0  1  0  0 ]  [ 0  0  0  0  0  0  0  0  1  0 ]  [ 0  0  0  0  0  0  0  1  0  0 ]  [ 0  0  1  0  0  0  0  0  0  0 ]  [ 0  0  1  0  0  0  0  0  0  0 ]  [ 0  0  0  1  0  0  0  0  0  0 ]  [ 0  0  0  1  0  0  0  0  0  0 ]  [ 0  0  0  0  1  0  0  0  0  0 ]  [ 0  0  1  0  0  0  0  0  0  0 ]  [ 0  0  0  0  0  0  0  1  0  0 ]  [ 0  0  0  1  0  0  0  0  0  0 ]  [ 0  0  0  1  0  0  0  0  0  0 ]  [ 0  0  0  0  0  0  0  1  0  0 ]  [ 0  0  0  0  0  0  0  0  1  0 ]  [ 0  0  1  0  0  0  0  0  0  0 ]  [ 0  0  0  1  0  0  0  0  0  0 ]  [ 0  0  0  0  0  0  0  0  1  0 ]  [ 0  0  0  1  0  0  0  0  0  0 ]  [ 0  0  1  0  0  0  0  0  0  0 ]  [ 0  0  1  0  0  0  0  0  0  0 ]  [ 0  0  0  0  0  0  0  0  1  0 ]  [ 0  0  0  0  0  0  0  1  0  0 ]  [ 0  0  0  0  0  0  0  0  1  0 ]  [ 0  0  0  0  1  0  0  0  0  0 ]  [ 0  0  1  0  0  0  0  0  0  0 ]  [ 0  0  0  1  0  0  0  0  0  0 ]  [ 0  0  0  0  0  0  0  1  0  0 ]  [ 0  0  0  1  0  0  0  0  0  0 ]  [ 0  0  1  0  0  0  0  0  0  0 ]  [ 0  0  0  1  0  0  0  0  0  0 ]  [ 0  0  0  0  1  0  0  0  0  0 ]  [ 0  0  0  1  0  0  0  0  0  0 ]  [ 0  0  0  0  1  0  0  0  0  0 ]  [ 0  0  1  0  0  0  0  0  0  0 ]  [ 0  0  1  0  0  0  0  0  0  0 ]  [ 0  0  0  0  0  0  0  1  0  0 ]  [ 0  0  0  0  0  0  0  1  0  0 ]  [ 0  0  0  0  1  0  0  0  0  0 ]  [ 0  0  1  0  0  0  0  0  0  0 ]  [ 0  0  0  1  0  0  0  0  0  0 ]  [ 0  0  0  0  1  0  0  0  0  0 ]  [ 0  0  0  0  0  0  0  0  1  0 ]  [ 0  0  0  0  1  0  0  0  0  0 ]  [ 0  0  0  0  0  0  0  0  1  0 ]  [ 0  0  0  0  1  0  0  0  0  0 ]  [ 0  0  1  0  0  0  0  0  0  0 ]  [ 0  0  0  0  0  0  0  1  0  0 ]  [ 0  0  0  0  0  0  0  1  0  0 ]  [ 0  0  0  0  1  0  0  0  0  0 ]  [ 0  0  0  0  0  0  0  1  0  0 ]  [ 0  0  1  0  0  0  0  0  0  0 ]  [ 0  0  0  0  1  0  0  0  0  0 ]  [ 0  0  0  0  0  0  0  0  1  0 ]  [ 0  0  1  0  0  0  0  0  0  0 ]  [ 0  0  1  0  0  0  0  0  0  0 ]  [ 0  0  1  0  0  0  0  0  0  0 ]  [ 0  0  0  1  0  0  0  0  0  0 ]  [ 0  0  0  0  1  0  0  0  0  0 ]  [ 0  0  0  1  0  0  0  0  0  0 ]  [ 0  0  0  0  0  0  0  1  0  0 ]  [ 0  0  1  0  0  0  0  0  0  0 ]  [ 0  0  0  1  0  0  0  0  0  0 ]  [ 0  0  0  0  0  0  0  1  0  0 ]  [ 0  0  0  0  1  0  0  0  0  0 ]  [ 0  0  0  0  0  0  0  0  1  0 ]  [ 0  0  0  0  0  0  0  0  1  0 ]  [ 0  0  0  1  0  0  0  0  0  0 ]  [ 0  0  0  1  0  0  0  0  0  0 ]  [ 0  0  0  0  1  0  0  0  0  0 ]  [ 0  0  0  0  1  0  0  0  0  0 ]  [ 0  0  0  1  0  0  0  0  0  0 ]  [ 0  0  0  0  0  0  0  0  1  0 ]  [ 0  0  1  0  0  0  0  0  0  0 ]  [ 0  0  0  0  1  0  0  0  0  0 ]  [ 0  0  1  0  0  0  0  0  0  0 ]  [ 0  0  0  0  0  0  0  0  1  0 ]  [ 0  0  0  0  1  0  0  0  0  0 ]  [ 0  0  0  0  0  0  0  0  1  0 ]  [ 0  0  1  0  0  0  0  0  0  0 ]  [ 0  0  0  0  0  0  0  1  0  0 ]  [ 0  0  0  0  1  0  0  0  0  0 ]  [ 0  0  1  0  0  0  0  0  0  0 ]  [ 0  0  0  0  0  0  0  0  1  0 ]  [ 0  0  0  0  0  0  0  0  1  0 ]  [ 0  0  1  0  0  0  0  0  0  0 ]  [ 0  0  0  0  0  0  0  0  1  0 ]  [ 0  0  0  0  0  0  0  1  0  0 ]  [ 0  0  0  0  0  0  0  1  0  0 ]  [ 0  0  0  0  1  0  0  0  0  0 ]  [ 0  0  0  1  0  0  0  0  0  0 ]  [ 0  0  1  0  0  0  0  0  0  0 ]  [ 0  0  0  0  1  0  0  0  0  0 ]  [ 0  0  0  0  0  0  0  0  1  0 ]  [ 0  0  0  1  0  0  0  0  0  0 ]  [ 0  0  0  0  1  0  0  0  0  0 ]  [ 0  0  0  1  0  0  0  0  0  0 ]  [ 0  0  0  0  0  0  0  1  0  0 ]  [ 0  0  0  0  0  0  0  0  1  0 ]  [ 0  0  0  0  0  0  0  0  1  0 ]  [ 0  0  0  1  0  0  0  0  0  0 ]  [ 0  0  0  0  1  0  0  0  0  0 ]  [ 0  0  1  0  0  0  0  0  0  0 ]  [ 0  0  0  0  1  0  0  0  0  0 ]  [ 0  0  0  0  0  0  0  0  1  0 ]  [ 0  0  0  0  0  0  0  0  1  0 ]  [ 0  0  1  0  0  0  0  0  0  0 ]  [ 0  0  0  0  1  0  0  0  0  0 ]  [ 0  0  1  0  0  0  0  0  0  0 ]  [ 0  0  0  0  1  0  0  0  0  0 ]  [ 0  0  0  0  0  0  0  0  1  0 ]  [ 0  0  0  1  0  0  0  0  0  0 ]  [ 0  0  0  0  0  0  0  0  1  0 ]  [ 0  0  0  0  0  0  0  0  1  0 ]  [ 0  0  0  0  0  0  0  0  1  0 ]  [ 0  0  0  1  0  0  0  0  0  0 ]  [ 0  0  0  0  0  0  0  0  1  0 ]  [ 0  0  0  0  0  0  0  0  1  0 ]  [ 0  0  0  0  0  0  0  0  1  0 ]  [ 0  0  1  0  0  0  0  0  0  0 ]  [ 0  0  1  0  0  0  0  0  0  0 ]  [ 0  0  0  1  0  0  0  0  0  0 ]  [ 0  0  0  0  1  0  0  0  0  0 ]  [ 0  0  0  0  1  0  0  0  0  0 ]  [ 0  0  1  0  0  0  0  0  0  0 ]  [ 0  0  0  0  0  0  0  1  0  0 ]  [ 0  0  0  0  0  0  0  1  0  0 ]  [ 0  0  0  0  0  0  0  1  0  0 ]  [ 0  0  0  0  1  0  0  0  0  0 ]  [ 0  0  0  0  1  0  0  0  0  0 ]  [ 0  0  0  0  0  0  0  1  0  0 ]  [ 0  0  1  0  0  0  0  0  0  0 ]  [ 0  0  0  0  1  0  0  0  0  0 ]  [ 0  0  1  0  0  0  0  0  0  0 ]  [ 0  0  1  0  0  0  0  0  0  0 ]  [ 0  0  0  0  0  0  0  1  0  0 ]  [ 0  0  0  1  0  0  0  0  0  0 ]  [ 0  0  0  1  0  0  0  0  0  0 ]  [ 0  0  0  1  0  0  0  0  0  0 ]  [ 0  0  0  0  1  0  0  0  0  0 ]  [ 0  0  1  0  0  0  0  0  0  0 ]  [ 0  0  0  0  0  0  0  1  0  0 ]  [ 0  0  1  0  0  0  0  0  0  0 ]  [ 0  0  0  0  0  0  0  0  1  0 ]  [ 0  0  1  0  0  0  0  0  0  0 ]  [ 0  0  0  0  0  0  0  1  0  0 ]  [ 0  0  0  0  1  0  0  0  0  0 ]  [ 0  0  0  0  1  0  0  0  0  0 ]  [ 0  0  0  1  0  0  0  0  0  0 ]  [ 0  0  0  1  0  0  0  0  0  0 ]  [ 0  0  0  0  0  0  0  1  0  0 ]  [ 0  0  0  0  1  0  0  0  0  0 ]  [ 0  0  0  0  1  0  0  0  0  0 ]  [ 0  0  0  1  0  0  0  0  0  0 ]  [ 0  0  0  0  0  0  0  1  0  0 ]  [ 0  0  1  0  0  0  0  0  0  0 ]  [ 0  0  0  0  1  0  0  0  0  0 ]  [ 0  0  0  0  0  0  0  1  0  0 ]  [ 0  0  0  0  1  0  0  0  0  0 ]  [ 0  0  0  0  1  0  0  0  0  0 ]  [ 0  0  0  0  1  0  0  0  0  0 ]  [ 0  0  1  0  0  0  0  0  0  0 ]  [ 0  0  0  0  0  0  0  0  1  0 ]  [ 0  0  0  0  0  0  0  1  0  0 ]  [ 0  0  0  0  0  0  0  1  0  0 ]  [ 0  0  0  0  0  0  0  0  1  0 ]  [ 0  0  0  0  1  0  0  0  0  0 ]  [ 0  0  0  1  0  0  0  0  0  0 ]  [ 0  0  0  1  0  0  0  0  0  0 ]  [ 0  0  0  1  0  0  0  0  0  0 ]  [ 0  0  0  1  0  0  0  0  0  0 ]  [ 0  0  0  1  0  0  0  0  0  0 ]  [ 0  0  0  1  0  0  0  0  0  0 ]  [ 0  0  0  0  1  0  0  0  0  0 ]  [ 0  0  0  1  0  0  0  0  0  0 ]  [ 0  0  0  1  0  0  0  0  0  0 ]  [ 0  0  0  0  0  0  0  1  0  0 ]  [ 0  0  0  1  0  0  0  0  0  0 ]  [ 0  0  0  0  0  0  0  0  1  0 ]  [ 0  0  0  0  0  0  0  1  0  0 ]  [ 0  0  0  1  0  0  0  0  0  0 ]  [ 0  0  0  0  0  0  0  0  1  0 ]  [ 0  0  1  0  0  0  0  0  0  0 ]  [ 0  0  1  0  0  0  0  0  0  0 ]  [ 0  0  0  0  0  0  0  0  1  0 ]  [ 0  0  1  0  0  0  0  0  0  0 ]  [ 0  0  1  0  0  0  0  0  0  0 ]  [ 0  0  0  0  0  0  0  0  1  0 ]  [ 0  0  1  0  0  0  0  0  0  0 ]  [ 0  0  0  0  0  0  0  1  0  0 ]  [ 0  0  0  0  1  0  0  0  0  0 ]  [ 0  0  0  1  0  0  0  0  0  0 ]  [ 0  0  0  1  0  0  0  0  0  0 ]  [ 0  0  0  0  0  0  0  0  1  0 ]  [ 0  0  0  1  0  0  0  0  0  0 ]  [ 0  0  0  1  0  0  0  0  0  0 ]  [ 0  0  0  0  1  0  0  0  0  0 ]  [ 0  0  0  0  0  0  0  1  0  0 ]  [ 0  0  0  1  0  0  0  0  0  0 ]  [ 0  0  1  0  0  0  0  0  0  0 ]  [ 0  0  0  0  0  0  0  1  0  0 ]  [ 0  0  1  0  0  0  0  0  0  0 ]  [ 0  0  1  0  0  0  0  0  0  0 ]  [ 0  0  1  0  0  0  0  0  0  0 ]  [ 0  0  0  0  0  0  0  0  1  0 ]  [ 0  0  0  0  1  0  0  0  0  0 ]  [ 0  0  0  0  0  0  0  1  0  0 ]  [ 0  0  0  0  1  0  0  0  0  0 ]  [ 0  0  0  0  0  0  0  0  1  0 ]  [ 0  0  0  1  0  0  0  0  0  0 ]  [ 0  0  0  1  0  0  0  0  0  0 ]  [ 0  0  0  0  0  0  0  1  0  0 ]  [ 0  0  1  0  0  0  0  0  0  0 ]  [ 0  0  0  1  0  0  0  0  0  0 ]  [ 0  0  0  0  0  0  0  1  0  0 ]  [ 0  0  0  0  1  0  0  0  0  0 ]  [ 0  0  0  0  1  0  0  0  0  0 ]  [ 0  0  0  0  0  0  0  0  1  0 ]  [ 0  0  0  0  1  0  0  0  0  0 ]  [ 0  0  0  0  0  0  0  1  0  0 ]  [ 0  0  0  1  0  0  0  0  0  0 ]  [ 0  0  1  0  0  0  0  0  0  0 ]  [ 0  0  0  1  0  0  0  0  0  0 ]  [ 0  0  0  1  0  0  0  0  0  0 ]  [ 0  0  1  0  0  0  0  0  0  0 ]  [ 0  0  0  1  0  0  0  0  0  0 ]  [ 0  0  1  0  0  0  0  0  0  0 ]  [ 0  0  0  0  1  0  0  0  0  0 ]  [ 0  0  0  0  0  0  0  1  0  0 ]  [ 0  0  0  0  0  0  0  1  0  0 ]  [ 0  0  0  0  0  0  0  0  1  0 ]  [ 0  0  0  1  0  0  0  0  0  0 ]  [ 0  0  0  0  0  0  0  1  0  0 ]  [ 0  0  0  0  0  0  0  0  1  0 ]  [ 0  0  0  1  0  0  0  0  0  0 ]  [ 0  0  0  0  0  0  0  0  1  0 ]  [ 0  0  1  0  0  0  0  0  0  0 ]  [ 0  0  0  0  0  0  0  0  1  0 ]  [ 0  0  0  0  0  0  0  0  1  0 ]  [ 0  0  0  0  0  0  0  0  1  0 ]  [ 0  0  0  0  0  0  0  0  1  0 ]  [ 0  0  0  0  0  0  0  1  0  0 ]  [ 0  0  0  0  1  0  0  0  0  0 ]  [ 0  0  0  0  0  0  0  1  0  0 ]  [ 0  0  0  0  0  0  0  0  1  0 ]  [ 0  0  0  0  1  0  0  0  0  0 ]  [ 0  0  0  0  0  0  0  1  0  0 ]  [ 0  0  0  0  0  0  0  0  1  0 ]  [ 0  0  0  1  0  0  0  0  0  0 ]  [ 0  0  0  1  0  0  0  0  0  0 ]  [ 0  0  1  0  0  0  0  0  0  0 ]  [ 0  0  0  0  0  0  0  0  1  0 ]  [ 0  0  0  0  0  0  0  1  0  0 ]  [ 0  0  0  0  0  0  0  1  0  0 ]  [ 0  0  0  1  0  0  0  0  0  0 ]  [ 0  0  1  0  0  0  0  0  0  0 ]  [ 0  0  0  0  1  0  0  0  0  0 ]  [ 0  0  0  0  0  0  0  0  1  0 ]  [ 0  0  0  1  0  0  0  0  0  0 ]  [ 0  0  0  0  1  0  0  0  0  0 ]  [ 0  0  0  0  1  0  0  0  0  0 ]  [ 0  0  0  0  0  0  0  0  1  0 ]  [ 0  0  1  0  0  0  0  0  0  0 ]  [ 0  0  0  0  0  0  0  0  1  0 ]  [ 0  0  1  0  0  0  0  0  0  0 ]  [ 0  0  0  0  0  0  0  1  0  0 ]  [ 0  0  0  0  0  0  0  1  0  0 ]  [ 0  0  0  0  1  0  0  0  0  0 ]  [ 0  0  0  0  0  0  0  1  0  0 ]  [ 0  0  0  1  0  0  0  0  0  0 ]  [ 0  0  1  0  0  0  0  0  0  0 ]  [ 0  0  0  1  0  0  0  0  0  0 ]  [ 0  0  0  1  0  0  0  0  0  0 ]  [ 0  0  0  0  0  0  0  1  0  0 ]  [ 0  0  0  0  1  0  0  0  0  0 ]  [ 0  0  0  0  0  0  0  1  0  0 ]  [ 0  0  0  0  0  0  0  0  1  0 ]  [ 0  0  0  0  0  0  0  1  0  0 ]  [ 0  0  0  0  0  0  0  1  0  0 ]  [ 0  0  0  0  0  0  0  0  1  0 ]  [ 0  0  0  0  0  0  0  0  1  0 ]  [ 0  0  0  0  0  0  0  1  0  0 ]  [ 0  0  0  1  0  0  0  0  0  0 ]  [ 0  0  0  0  1  0  0  0  0  0 ]  [ 0  0  0  0  0  0  0  1  0  0 ]  [ 0  0  0  0  0  0  0  1  0  0 ]  [ 0  0  0  0  0  0  0  0  1  0 ]  [ 0  0  0  0  0  0  0  1  0  0 ]  [ 0  0  0  0  0  0  0  1  0  0 ]  [ 0  0  0  1  0  0  0  0  0  0 ]  [ 0  0  0  0  0  0  0  1  0  0 ]  [ 0  0  1  0  0  0  0  0  0  0 ]  [ 0  0  0  0  0  0  0  1  0  0 ]  [ 0  0  1  0  0  0  0  0  0  0 ]  [ 0  0  1  0  0  0  0  0  0  0 ]  [ 0  0  0  0  0  0  0  0  1  0 ]  [ 0  0  0  0  0  0  0  0  1  0 ]  [ 0  0  0  1  0  0  0  0  0  0 ]  [ 0  0  1  0  0  0  0  0  0  0 ]  [ 0  0  0  0  0  0  0  0  1  0 ]  [ 0  0  0  0  0  0  0  1  0  0 ]  [ 0  0  1  0  0  0  0  0  0  0 ]  [ 0  0  0  0  0  0  0  0  1  0 ]  [ 0  0  0  0  0  0  0  0  1  0 ]  [ 0  0  0  0  1  0  0  0  0  0 ]  [ 0  0  0  1  0  0  0  0  0  0 ]  [ 0  0  1  0  0  0  0  0  0  0 ]  [ 0  0  1  0  0  0  0  0  0  0 ]  [ 0  0  0  0  1  0  0  0  0  0 ]  [ 0  0  0  0  0  0  0  1  0  0 ]  [ 0  0  0  0  0  0  0  1  0  0 ]  [ 0  0  0  1  0  0  0  0  0  0 ]  [ 0  0  0  0  0  0  0  1  0  0 ]  [ 0  0  1  0  0  0  0  0  0  0 ]  [ 0  0  0  0  0  0  0  1  0  0 ]  [ 0  0  1  0  0  0  0  0  0  0 ]  [ 0  0  1  0  0  0  0  0  0  0 ]  [ 0  0  1  0  0  0  0  0  0  0 ]  [ 0  0  0  0  0  0  0  1  0  0 ]  [ 0  0  0  1  0  0  0  0  0  0 ]  [ 0  0  1  0  0  0  0  0  0  0 ]  [ 0  0  0  0  1  0  0  0  0  0 ]  [ 0  0  0  1  0  0  0  0  0  0 ]  [ 0  0  0  0  1  0  0  0  0  0 ]  [ 0  0  0  0  1  0  0  0  0  0 ]  [ 0  0  0  0  0  0  0  1  0  0 ]  [ 0  0  0  0  0  0  0  0  1  0 ]  [ 0  0  0  1  0  0  0  0  0  0 ]  [ 0  0  0  0  0  0  0  1  0  0 ]  [ 0  0  1  0  0  0  0  0  0  0 ]  [ 0  0  0  1  0  0  0  0  0  0 ]  [ 0  0  1  0  0  0  0  0  0  0 ]  [ 0  0  0  0  0  0  0  0  1  0 ]  [ 0  0  0  1  0  0  0  0  0  0 ]  [ 0  0  0  0  0  0  0  1  0  0 ]  [ 0  0  0  0  0  0  0  0  1  0 ]  [ 0  0  0  1  0  0  0  0  0  0 ]  [ 0  0  0  1  0  0  0  0  0  0 ]  [ 0  0  0  1  0  0  0  0  0  0 ]  [ 0  0  0  0  1  0  0  0  0  0 ]  [ 0  0  0  1  0  0  0  0  0  0 ]  [ 0  0  1  0  0  0  0  0  0  0 ]  [ 0  0  0  0  0  0  0  0  1  0 ]  [ 0  0  0  0  0  0  0  1  0  0 ]  [ 0  0  0  0  0  0  0  0  1  0 ]  [ 0  0  0  0  0  0  0  0  1  0 ]  [ 0  0  0  0  0  0  0  1  0  0 ]  [ 0  0  0  0  0  0  0  0  1  0 ]  [ 0  0  0  0  0  0  0  1  0  0 ]  [ 0  0  0  0  1  0  0  0  0  0 ]  [ 0  0  0  0  0  0  0  0  1  0 ]  [ 0  0  0  0  0  0  0  0  1  0 ]  [ 0  0  1  0  0  0  0  0  0  0 ]  [ 0  0  1  0  0  0  0  0  0  0 ]  [ 0  0  1  0  0  0  0  0  0  0 ]  [ 0  0  0  0  1  0  0  0  0  0 ]  [ 0  0  0  0  0  0  0  0  1  0 ]  [ 0  0  0  0  1  0  0  0  0  0 ]  [ 0  0  0  0  0  0  0  0  1  0 ]  [ 0  0  0  1  0  0  0  0  0  0 ]  [ 0  0  0  0  1  0  0  0  0  0 ]  [ 0  0  0  1  0  0  0  0  0  0 ]  [ 0  0  0  0  0  0  0  1  0  0 ]  [ 0  0  0  1  0  0  0  0  0  0 ]  [ 0  0  1  0  0  0  0  0  0  0 ]  [ 0  0  0  1  0  0  0  0  0  0 ]  [ 0  0  0  0  1  0  0  0  0  0 ]  [ 0  0  0  0  0  0  0  0  1  0 ]  [ 0  0  0  1  0  0  0  0  0  0 ]  [ 0  0  0  0  0  0  0  0  1  0 ]  [ 0  0  0  0  0  0  0  0  1  0 ]  [ 0  0  1  0  0  0  0  0  0  0 ]  [ 0  0  0  0  0  0  0  1  0  0 ]  [ 0  0  0  0  0  0  0  0  1  0 ]  [ 0  0  0  0  0  0  0  0  1  0 ]  [ 0  0  0  0  0  0  0  1  0  0 ]  [ 0  0  0  1  0  0  0  0  0  0 ]  [ 0  0  0  0  1  0  0  0  0  0 ]  [ 0  0  0  0  0  0  0  1  0  0 ]  [ 0  0  0  0  0  0  0  1  0  0 ]  [ 0  0  1  0  0  0  0  0  0  0 ]  [ 0  0  0  0  0  0  0  0  1  0 ]  [ 0  0  0  0  1  0  0  0  0  0 ]  [ 0  0  1  0  0  0  0  0  0  0 ]  [ 0  0  0  1  0  0  0  0  0  0 ]  [ 0  0  1  0  0  0  0  0  0  0 ]  [ 0  0  0  0  1  0  0  0  0  0 ]  [ 0  0  1  0  0  0  0  0  0  0 ]  [ 0  0  0  0  1  0  0  0  0  0 ]  [ 0  0  0  1  0  0  0  0  0  0 ]  [ 0  0  0  0  0  0  0  0  1  0 ]  [ 0  0  0  0  0  0  0  1  0  0 ]  [ 0  0  1  0  0  0  0  0  0  0 ]  [ 0  0  0  0  0  0  0  0  1  0 ]  [ 0  0  0  0  1  0  0  0  0  0 ]  [ 0  0  0  1  0  0  0  0  0  0 ]  [ 0  0  0  0  0  0  0  0  1  0 ]  [ 0  0  1  0  0  0  0  0  0  0 ]  [ 0  0  0  1  0  0  0  0  0  0 ]  [ 0  0  0  0  1  0  0  0  0  0 ]  [ 0  0  1  0  0  0  0  0  0  0 ]  [ 0  0  0  0  1  0  0  0  0  0 ]  [ 0  0  0  0  0  0  0  0  1  0 ]  [ 0  0  0  1  0  0  0  0  0  0 ]  [ 0  0  0  0  0  0  0  1  0  0 ]  [ 0  0  1  0  0  0  0  0  0  0 ]  [ 0  0  0  0  0  0  0  0  1  0 ]  [ 0  0  0  0  0  0  0  0  1  0 ]  [ 0  0  1  0  0  0  0  0  0  0 ]  [ 0  0  0  0  0  0  0  1  0  0 ]  [ 0  0  0  1  0  0  0  0  0  0 ]  [ 0  0  1  0  0  0  0  0  0  0 ]  [ 0  0  0  1  0  0  0  0  0  0 ]  [ 0  0  0  0  0  0  0  1  0  0 ]  [ 0  0  0  0  1  0  0  0  0  0 ]  [ 0  0  0  0  1  0  0  0  0  0 ]  [ 0  0  1  0  0  0  0  0  0  0 ]  [ 0  0  1  0  0  0  0  0  0  0 ]  [ 0  0  0  1  0  0  0  0  0  0 ]  [ 0  0  0  0  1  0  0  0  0  0 ]  [ 0  0  0  0  0  0  0  0  1  0 ]  [ 0  0  0  0  1  0  0  0  0  0 ]  [ 0  0  0  1  0  0  0  0  0  0 ]  [ 0  0  0  0  0  0  0  0  1  0 ]  [ 0  0  0  0  0  0  0  1  0  0 ]  [ 0  0  0  0  0  0  0  1  0  0 ]  [ 0  0  0  0  0  0  0  0  1  0 ]  [ 0  0  0  0  1  0  0  0  0  0 ]  [ 0  0  0  1  0  0  0  0  0  0 ]  [ 0  0  1  0  0  0  0  0  0  0 ]  [ 0  0  0  0  0  0  0  1  0  0 ]  [ 0  0  0  0  0  0  0  1  0  0 ]  [ 0  0  0  0  0  0  0  0  1  0 ]  [ 0  0  0  0  0  0  0  0  1  0 ]  [ 0  0  0  0  1  0  0  0  0  0 ]  [ 0  0  0  0  1  0  0  0  0  0 ]  [ 0  0  0  0  0  0  0  0  1  0 ]  [ 0  0  1  0  0  0  0  0  0  0 ]  [ 0  0  0  1  0  0  0  0  0  0 ]  [ 0  0  0  0  1  0  0  0  0  0 ]  [ 0  0  0  0  0  0  0  1  0  0 ]  [ 0  0  0  0  0  0  0  1  0  0 ]  [ 0  0  1  0  0  0  0  0  0  0 ]  [ 0  0  0  0  1  0  0  0  0  0 ]  [ 0  0  1  0  0  0  0  0  0  0 ]  [ 0  0  0  1  0  0  0  0  0  0 ]  [ 0  0  1  0  0  0  0  0  0  0 ]  [ 0  0  0  1  0  0  0  0  0  0 ]  [ 0  0  0  0  0  0  0  1  0  0 ]  [ 0  0  0  1  0  0  0  0  0  0 ]  [ 0  0  1  0  0  0  0  0  0  0 ]  [ 0  0  0  0  1  0  0  0  0  0 ] ];

ObjRequests = {  <1,3,41>, <2,3,47>, <3,3,95>, <4,3,152>, <5,3,51>, <6,3,44>, <7,3,48>, <8,3,30>, <9,3,10>, <10,3,6>, <11,3,15>, <12,3,2>, <13,3,34>, <14,3,33>, <15,3,5>, <16,3,5>, <17,3,15>, <18,3,17>, <19,3,4>, <20,3,2>, <21,3,4>, <22,3,5>, <23,3,4>, <24,3,7>, <25,3,18>, <26,3,1>, <27,3,4>, <28,3,2>, <29,3,8>, <30,3,12>, <31,3,12>, <32,3,12>, <33,3,12>, <34,3,2>, <35,3,6>, <36,3,1>, <37,3,7>, <39,3,5>, <40,3,12>, <41,3,3>, <42,3,2>, <43,3,3>, <44,3,13>, <46,3,4>, <47,3,2>, <48,3,5>, <49,3,5>, <50,3,4>, <51,3,1>, <52,3,5>, <53,3,2>, <54,3,11>, <55,3,3>, <56,3,5>, <57,3,1>, <58,3,9>, <59,3,6>, <61,3,4>, <62,3,6>, <63,3,2>, <64,3,7>, <65,3,3>, <67,3,4>, <68,3,5>, <69,3,4>, <71,3,6>, <73,3,8>, <74,3,9>, <75,3,1>, <76,3,1>, <77,3,2>, <78,3,7>, <79,3,4>, <80,3,2>, <82,3,7>, <83,3,2>, <84,3,1>, <85,3,1>, <86,3,2>, <87,3,1>, <88,3,1>, <89,3,1>, <90,3,3>, <91,3,5>, <92,3,1>, <93,3,1>, <94,3,2>, <95,3,6>, <97,3,1>, <98,3,3>, <99,3,8>, <100,3,1>, <101,3,3>, <102,3,3>, <103,3,1>, <104,3,1>, <105,3,2>, <106,3,5>, <107,3,1>, <108,3,3>, <109,3,1>, <110,3,3>, <111,3,2>, <112,3,1>, <113,3,5>, <115,3,3>, <116,3,1>, <117,3,4>, <118,3,1>, <120,3,2>, <121,3,2>, <122,3,1>, <123,3,3>, <124,3,1>, <125,3,1>, <126,3,1>, <127,3,3>, <129,3,1>, <130,3,1>, <131,3,2>, <132,3,1>, <133,3,10>, <135,3,2>, <136,3,1>, <137,3,1>, <138,3,1>, <139,3,1>, <140,3,8>, <141,3,1>, <142,3,2>, <143,3,1>, <144,3,6>, <145,3,2>, <148,3,4>, <149,3,1>, <151,3,2>, <152,3,3>, <153,3,1>, <154,3,1>, <156,3,1>, <160,3,1>, <161,3,1>, <163,3,1>, <164,3,2>, <167,3,1>, <168,3,1>, <169,3,2>, <170,3,1>, <172,3,2>, <173,3,1>, <174,3,2>, <175,3,1>, <177,3,1>, <179,3,1>, <180,3,2>, <181,3,3>, <183,3,2>, <184,3,1>, <185,3,1>, <188,3,1>, <191,3,2>, <192,3,1>, <193,3,1>, <194,3,1>, <195,3,2>, <197,3,1>, <199,3,1>, <200,3,2>, <202,3,1>, <203,3,1>, <204,3,3>, <205,3,1>, <209,3,1>, <211,3,2>, <215,3,1>, <217,3,1>, <218,3,1>, <220,3,3>, <221,3,1>, <222,3,1>, <223,3,1>, <224,3,2>, <226,3,2>, <228,3,2>, <230,3,1>, <231,3,2>, <232,3,1>, <234,3,3>, <235,3,2>, <236,3,1>, <237,3,1>, <239,3,1>, <240,3,1>, <244,3,3>, <246,3,1>, <248,3,1>, <249,3,1>, <251,3,1>, <252,3,4>, <254,3,2>, <255,3,2>, <256,3,1>, <257,3,1>, <262,3,2>, <263,3,1>, <264,3,1>, <265,3,1>, <266,3,1>, <268,3,3>, <269,3,1>, <270,3,1>, <272,3,1>, <274,3,2>, <276,3,1>, <277,3,1>, <280,3,1>, <282,3,1>, <283,3,1>, <285,3,1>, <287,3,1>, <288,3,1>, <291,3,2>, <294,3,1>, <297,3,1>, <298,3,3>, <301,3,2>, <304,3,1>, <305,3,1>, <306,3,4>, <309,3,2>, <310,3,1>, <312,3,1>, <313,3,1>, <315,3,1>, <316,3,1>, <317,3,1>, <319,3,1>, <320,3,1>, <323,3,1>, <324,3,1>, <326,3,1>, <327,3,1>, <328,3,1>, <329,3,1>, <330,3,1>, <332,3,1>, <334,3,1>, <336,3,1>, <337,3,1>, <338,3,1>, <341,3,1>, <342,3,3>, <343,3,1>, <344,3,1>, <345,3,1>, <347,3,2>, <348,3,1>, <350,3,1>, <353,3,1>, <355,3,2>, <356,3,1>, <358,3,1>, <359,3,1>, <361,3,1>, <366,3,1>, <370,3,4>, <371,3,1>, <373,3,1>, <376,3,1>, <379,3,1>, <380,3,1>, <381,3,1>, <382,3,1>, <383,3,2>, <387,3,1>, <394,3,1>, <396,3,3>, <399,3,1>, <401,3,1>, <403,3,1>, <404,3,5>, <406,3,1>, <409,3,1>, <411,3,1>, <412,3,1>, <415,3,1>, <418,3,1>, <420,3,3>, <427,3,1>, <428,3,1>, <431,3,1>, <434,3,1>, <439,3,1>, <440,3,1>, <442,3,1>, <446,3,1>, <447,3,1>, <448,3,1>, <452,3,1>, <458,3,1>, <465,3,1>, <467,3,1>, <470,3,1>, <473,3,2>, <475,3,1>, <476,3,1>, <477,3,2>, <479,3,1>, <481,3,1>, <489,3,2>, <491,3,1>, <493,3,1>, <495,3,2>, <499,3,1>, <502,3,1>, <506,3,1>, <508,3,2>, <512,3,1>, <517,3,1>, <519,3,1>, <521,3,1>, <522,3,1>, <524,3,1>, <526,3,1>, <536,3,1>, <539,3,1>, <541,3,3>, <548,3,1>, <549,3,1>, <551,3,1>, <553,3,1>, <555,3,1>, <561,3,1>, <562,3,1>, <574,3,1>, <578,3,1>, <589,3,1>, <597,3,1>, <599,3,1>, <601,3,1>, <603,3,2>, <607,3,1>, <612,3,3>, <613,3,2>, <619,3,1>, <625,3,1>, <635,3,1>, <638,3,1>, <645,3,1>, <646,3,1>, <648,3,1>, <649,3,1>, <651,3,4>, <655,3,1>, <659,3,1>, <660,3,2>, <664,3,1>, <667,3,1>, <677,3,1>, <678,3,1>, <683,3,1>, <684,3,1>, <695,3,1>, <696,3,1>, <716,3,1>, <722,3,1>, <724,3,1>, <729,3,1>, <731,3,1>, <736,3,1>, <740,3,1>, <741,3,2>, <742,3,1>, <743,3,1>, <747,3,2>, <763,3,1>, <767,3,1>, <776,3,1>, <783,3,1>, <785,3,1>, <787,3,1>, <822,3,1>, <829,3,1>, <839,3,1>, <842,3,2>, <843,3,2>, <852,3,1>, <854,3,1>, <867,3,1>, <872,3,2>, <880,3,1>, <887,3,1>, <893,3,1>, <900,3,2>, <901,3,1>, <903,3,1>, <908,3,1>, <911,3,1>, <915,3,1>, <916,3,1>, <918,3,1>, <930,3,1>, <936,3,1>, <937,3,1>, <947,3,1>, <956,3,1>, <962,3,1>, <965,3,1>, <985,3,1>, <996,3,1>, <1,4,143>, <2,4,118>, <3,4,123>, <4,4,21>, <5,4,53>, <6,4,35>, <7,4,33>, <8,4,67>, <9,4,58>, <10,4,18>, <12,4,11>, <13,4,2>, <15,4,12>, <16,4,49>, <17,4,17>, <18,4,29>, <19,4,30>, <20,4,5>, <21,4,2>, <22,4,9>, <23,4,18>, <24,4,10>, <25,4,4>, <26,4,1>, <27,4,8>, <29,4,5>, <30,4,6>, <31,4,6>, <32,4,1>, <33,4,5>, <34,4,18>, <35,4,1>, <36,4,6>, <37,4,16>, <38,4,2>, <40,4,7>, <41,4,10>, <42,4,12>, <43,4,5>, <44,4,1>, <45,4,3>, <46,4,1>, <47,4,5>, <48,4,13>, <49,4,5>, <50,4,1>, <52,4,3>, <53,4,8>, <54,4,1>, <55,4,3>, <56,4,2>, <57,4,1>, <59,4,9>, <60,4,1>, <61,4,3>, <62,4,2>, <63,4,2>, <64,4,6>, <65,4,9>, <66,4,5>, <67,4,1>, <68,4,3>, <69,4,3>, <70,4,5>, <71,4,3>, <73,4,1>, <74,4,5>, <75,4,11>, <76,4,8>, <78,4,2>, <79,4,2>, <80,4,1>, <81,4,5>, <83,4,7>, <84,4,4>, <86,4,3>, <88,4,1>, <89,4,2>, <90,4,2>, <91,4,1>, <93,4,1>, <94,4,1>, <96,4,3>, <99,4,1>, <100,4,3>, <101,4,3>, <103,4,4>, <104,4,2>, <105,4,5>, <107,4,2>, <108,4,2>, <109,4,2>, <110,4,1>, <111,4,4>, <112,4,1>, <113,4,2>, <114,4,1>, <115,4,2>, <117,4,2>, <118,4,6>, <121,4,1>, <122,4,3>, <123,4,5>, <125,4,4>, <126,4,2>, <127,4,1>, <128,4,4>, <130,4,2>, <131,4,1>, <133,4,2>, <134,4,4>, <135,4,5>, <137,4,1>, <138,4,1>, <139,4,1>, <140,4,2>, <141,4,1>, <142,4,1>, <143,4,1>, <147,4,2>, <148,4,1>, <149,4,1>, <150,4,2>, <151,4,1>, <152,4,2>, <155,4,2>, <157,4,1>, <158,4,1>, <159,4,1>, <160,4,1>, <161,4,1>, <162,4,1>, <164,4,1>, <165,4,1>, <167,4,1>, <168,4,1>, <169,4,1>, <170,4,2>, <172,4,2>, <174,4,1>, <177,4,3>, <182,4,1>, <183,4,1>, <184,4,3>, <185,4,1>, <188,4,3>, <189,4,3>, <190,4,1>, <191,4,1>, <192,4,1>, <193,4,2>, <194,4,1>, <198,4,1>, <202,4,1>, <203,4,1>, <206,4,2>, <207,4,1>, <210,4,1>, <211,4,1>, <214,4,2>, <215,4,1>, <216,4,1>, <217,4,1>, <218,4,1>, <219,4,1>, <221,4,1>, <225,4,1>, <227,4,1>, <232,4,1>, <234,4,1>, <235,4,1>, <236,4,4>, <238,4,1>, <239,4,1>, <240,4,1>, <241,4,3>, <247,4,2>, <248,4,1>, <249,4,1>, <250,4,1>, <251,4,1>, <254,4,1>, <255,4,2>, <256,4,3>, <257,4,1>, <258,4,2>, <259,4,1>, <260,4,1>, <261,4,3>, <262,4,1>, <264,4,1>, <265,4,1>, <266,4,1>, <267,4,1>, <268,4,2>, <269,4,3>, <270,4,1>, <271,4,2>, <272,4,2>, <273,4,4>, <277,4,5>, <280,4,1>, <281,4,1>, <284,4,1>, <286,4,2>, <287,4,1>, <290,4,1>, <291,4,4>, <294,4,3>, <295,4,1>, <297,4,1>, <298,4,1>, <299,4,1>, <301,4,1>, <305,4,1>, <308,4,1>, <312,4,1>, <313,4,1>, <314,4,4>, <316,4,1>, <318,4,1>, <319,4,1>, <320,4,3>, <322,4,1>, <324,4,1>, <325,4,3>, <332,4,1>, <338,4,2>, <342,4,1>, <343,4,1>, <346,4,1>, <349,4,1>, <352,4,1>, <353,4,1>, <358,4,3>, <364,4,1>, <365,4,1>, <367,4,1>, <370,4,1>, <374,4,1>, <378,4,1>, <379,4,1>, <381,4,2>, <382,4,1>, <384,4,3>, <387,4,1>, <388,4,1>, <389,4,1>, <391,4,1>, <395,4,1>, <396,4,1>, <397,4,1>, <398,4,2>, <399,4,2>, <400,4,2>, <401,4,1>, <404,4,1>, <405,4,1>, <406,4,1>, <410,4,1>, <411,4,3>, <412,4,1>, <414,4,2>, <419,4,1>, <420,4,1>, <421,4,1>, <423,4,1>, <425,4,1>, <427,4,1>, <433,4,1>, <434,4,1>, <437,4,1>, <441,4,1>, <443,4,1>, <445,4,1>, <447,4,1>, <448,4,1>, <452,4,1>, <457,4,1>, <458,4,1>, <462,4,1>, <463,4,1>, <465,4,1>, <467,4,1>, <468,4,1>, <470,4,2>, <471,4,1>, <475,4,2>, <476,4,1>, <479,4,1>, <480,4,2>, <484,4,1>, <485,4,1>, <486,4,1>, <488,4,1>, <495,4,1>, <497,4,1>, <502,4,1>, <506,4,1>, <508,4,1>, <510,4,1>, <520,4,1>, <524,4,2>, <536,4,1>, <538,4,1>, <540,4,1>, <541,4,1>, <546,4,1>, <549,4,1>, <550,4,2>, <551,4,1>, <556,4,1>, <560,4,1>, <561,4,1>, <567,4,1>, <569,4,1>, <572,4,1>, <581,4,1>, <583,4,1>, <584,4,1>, <589,4,2>, <590,4,1>, <596,4,1>, <599,4,1>, <606,4,1>, <613,4,1>, <617,4,1>, <624,4,1>, <629,4,2>, <634,4,1>, <639,4,1>, <642,4,1>, <643,4,1>, <644,4,2>, <648,4,1>, <649,4,1>, <657,4,1>, <664,4,1>, <684,4,1>, <685,4,1>, <702,4,1>, <706,4,1>, <715,4,1>, <716,4,1>, <720,4,1>, <721,4,1>, <726,4,1>, <729,4,2>, <734,4,1>, <739,4,1>, <755,4,1>, <758,4,1>, <768,4,1>, <769,4,1>, <776,4,1>, <779,4,1>, <780,4,1>, <783,4,1>, <788,4,1>, <808,4,1>, <811,4,1>, <818,4,1>, <822,4,2>, <827,4,1>, <831,4,1>, <846,4,1>, <859,4,1>, <873,4,2>, <900,4,1>, <905,4,1>, <908,4,1>, <912,4,1>, <913,4,1>, <915,4,1>, <918,4,1>, <930,4,1>, <942,4,1>, <951,4,1>, <962,4,1>, <973,4,1>, <976,4,1>, <977,4,2>, <983,4,1>, <987,4,1>, <996,4,1>, <1000,4,1>, <1,5,53>, <2,5,52>, <3,5,15>, <4,5,68>, <5,5,109>, <6,5,5>, <7,5,26>, <8,5,32>, <9,5,22>, <10,5,3>, <11,5,8>, <12,5,15>, <13,5,21>, <14,5,14>, <15,5,9>, <16,5,6>, <17,5,7>, <18,5,6>, <19,5,12>, <20,5,37>, <21,5,21>, <22,5,1>, <23,5,11>, <24,5,3>, <25,5,3>, <26,5,3>, <27,5,15>, <28,5,12>, <29,5,9>, <30,5,13>, <31,5,10>, <32,5,4>, <33,5,3>, <34,5,1>, <35,5,24>, <36,5,2>, <37,5,2>, <38,5,9>, <40,5,1>, <41,5,4>, <42,5,3>, <43,5,6>, <44,5,2>, <45,5,11>, <47,5,2>, <49,5,1>, <50,5,15>, <51,5,5>, <52,5,3>, <53,5,1>, <54,5,1>, <55,5,2>, <56,5,6>, <57,5,8>, <58,5,6>, <59,5,6>, <60,5,3>, <62,5,4>, <63,5,1>, <64,5,3>, <66,5,2>, <67,5,4>, <68,5,4>, <69,5,3>, <72,5,5>, <74,5,1>, <75,5,3>, <76,5,2>, <77,5,3>, <79,5,5>, <80,5,7>, <84,5,2>, <85,5,6>, <86,5,5>, <87,5,2>, <88,5,1>, <89,5,1>, <90,5,5>, <91,5,1>, <92,5,2>, <94,5,1>, <95,5,3>, <96,5,1>, <98,5,5>, <99,5,7>, <100,5,1>, <101,5,4>, <103,5,1>, <104,5,1>, <105,5,1>, <106,5,4>, <107,5,3>, <108,5,1>, <109,5,2>, <110,5,3>, <111,5,1>, <112,5,2>, <115,5,1>, <116,5,2>, <118,5,1>, <119,5,3>, <120,5,1>, <124,5,1>, <125,5,1>, <126,5,4>, <127,5,3>, <128,5,6>, <129,5,1>, <130,5,1>, <131,5,1>, <132,5,1>, <133,5,1>, <134,5,7>, <135,5,3>, <136,5,2>, <138,5,2>, <140,5,1>, <141,5,2>, <142,5,1>, <144,5,3>, <145,5,7>, <146,5,2>, <147,5,1>, <148,5,1>, <149,5,1>, <150,5,1>, <151,5,1>, <152,5,1>, <153,5,1>, <154,5,1>, <157,5,1>, <159,5,1>, <160,5,1>, <161,5,1>, <162,5,1>, <163,5,3>, <164,5,1>, <165,5,1>, <166,5,1>, <167,5,4>, <169,5,1>, <170,5,1>, <171,5,1>, <172,5,4>, <175,5,1>, <177,5,1>, <179,5,3>, <180,5,1>, <181,5,1>, <182,5,2>, <183,5,1>, <185,5,3>, <186,5,4>, <187,5,1>, <189,5,2>, <190,5,2>, <192,5,4>, <194,5,5>, <196,5,6>, <197,5,1>, <198,5,2>, <200,5,1>, <203,5,2>, <204,5,1>, <206,5,2>, <207,5,1>, <208,5,1>, <209,5,2>, <213,5,1>, <215,5,1>, <216,5,1>, <217,5,1>, <218,5,1>, <220,5,1>, <223,5,3>, <225,5,2>, <226,5,1>, <228,5,1>, <230,5,1>, <231,5,1>, <232,5,1>, <233,5,1>, <234,5,2>, <235,5,1>, <236,5,1>, <237,5,1>, <238,5,2>, <240,5,1>, <241,5,1>, <243,5,1>, <245,5,1>, <248,5,1>, <249,5,2>, <251,5,2>, <252,5,1>, <254,5,2>, <255,5,1>, <256,5,1>, <258,5,1>, <261,5,1>, <262,5,1>, <264,5,1>, <267,5,3>, <269,5,1>, <270,5,3>, <272,5,1>, <279,5,2>, <280,5,1>, <281,5,1>, <283,5,1>, <285,5,1>, <286,5,2>, <288,5,1>, <290,5,1>, <292,5,3>, <295,5,1>, <297,5,1>, <301,5,1>, <302,5,4>, <303,5,2>, <304,5,1>, <305,5,1>, <309,5,1>, <310,5,2>, <311,5,3>, <313,5,2>, <319,5,1>, <321,5,1>, <322,5,1>, <324,5,2>, <325,5,1>, <327,5,1>, <328,5,1>, <330,5,4>, <332,5,2>, <334,5,1>, <336,5,1>, <345,5,1>, <346,5,1>, <347,5,1>, <352,5,1>, <363,5,2>, <365,5,2>, <366,5,1>, <369,5,1>, <376,5,1>, <377,5,1>, <378,5,1>, <382,5,1>, <383,5,1>, <384,5,3>, <388,5,1>, <389,5,3>, <390,5,1>, <392,5,1>, <396,5,1>, <397,5,2>, <398,5,1>, <400,5,1>, <401,5,1>, <404,5,1>, <405,5,1>, <406,5,1>, <409,5,2>, <412,5,2>, <415,5,2>, <418,5,1>, <419,5,1>, <420,5,1>, <426,5,1>, <434,5,1>, <435,5,1>, <436,5,1>, <440,5,4>, <444,5,1>, <445,5,1>, <447,5,1>, <450,5,1>, <453,5,1>, <454,5,1>, <457,5,1>, <458,5,1>, <459,5,1>, <462,5,1>, <464,5,1>, <465,5,2>, <467,5,1>, <474,5,1>, <484,5,2>, <486,5,1>, <488,5,1>, <493,5,1>, <502,5,1>, <506,5,5>, <507,5,1>, <508,5,1>, <514,5,3>, <517,5,1>, <528,5,1>, <536,5,1>, <540,5,3>, <541,5,1>, <544,5,2>, <545,5,1>, <546,5,1>, <550,5,1>, <553,5,1>, <560,5,1>, <561,5,1>, <562,5,1>, <567,5,1>, <572,5,1>, <574,5,1>, <583,5,1>, <588,5,1>, <592,5,1>, <597,5,1>, <598,5,1>, <604,5,1>, <606,5,1>, <621,5,1>, <624,5,1>, <628,5,1>, <633,5,1>, <635,5,1>, <638,5,1>, <645,5,2>, <646,5,1>, <647,5,1>, <649,5,2>, <654,5,1>, <655,5,1>, <673,5,1>, <676,5,1>, <685,5,1>, <703,5,1>, <713,5,1>, <716,5,1>, <720,5,1>, <724,5,1>, <743,5,1>, <759,5,1>, <769,5,1>, <770,5,1>, <772,5,1>, <777,5,1>, <782,5,2>, <790,5,2>, <795,5,1>, <816,5,1>, <822,5,1>, <825,5,1>, <829,5,1>, <839,5,2>, <841,5,1>, <842,5,1>, <843,5,2>, <859,5,1>, <867,5,1>, <872,5,1>, <873,5,1>, <880,5,1>, <899,5,1>, <901,5,1>, <908,5,2>, <916,5,1>, <918,5,1>, <923,5,1>, <931,5,1>, <934,5,1>, <937,5,1>, <946,5,1>, <947,5,1>, <961,5,1>, <973,5,1>, <977,5,1>, <979,5,1>, <983,5,1>, <1,8,733>, <2,8,242>, <3,8,69>, <5,8,18>, <6,8,2>, <7,8,12>, <8,8,1>, <9,8,10>, <10,8,58>, <11,8,64>, <12,8,45>, <13,8,10>, <14,8,11>, <15,8,15>, <16,8,4>, <17,8,7>, <18,8,13>, <19,8,1>, <20,8,16>, <21,8,13>, <22,8,13>, <23,8,2>, <24,8,18>, <25,8,8>, <26,8,7>, <27,8,3>, <28,8,13>, <29,8,15>, <30,8,2>, <31,8,1>, <32,8,6>, <33,8,12>, <34,8,4>, <35,8,1>, <36,8,9>, <37,8,2>, <38,8,15>, <39,8,5>, <40,8,6>, <41,8,1>, <42,8,9>, <43,8,7>, <45,8,2>, <46,8,12>, <47,8,2>, <48,8,6>, <49,8,4>, <50,8,1>, <51,8,2>, <52,8,9>, <54,8,1>, <55,8,7>, <56,8,6>, <57,8,1>, <58,8,2>, <60,8,7>, <61,8,6>, <62,8,7>, <63,8,3>, <64,8,2>, <65,8,3>, <66,8,1>, <67,8,4>, <68,8,2>, <69,8,1>, <70,8,4>, <71,8,6>, <72,8,5>, <73,8,1>, <74,8,5>, <75,8,2>, <76,8,1>, <77,8,2>, <79,8,8>, <80,8,4>, <81,8,5>, <82,8,4>, <83,8,1>, <84,8,3>, <86,8,3>, <87,8,6>, <88,8,2>, <89,8,6>, <90,8,1>, <91,8,3>, <92,8,1>, <93,8,5>, <94,8,3>, <96,8,4>, <97,8,1>, <98,8,1>, <100,8,5>, <102,8,2>, <103,8,9>, <104,8,2>, <105,8,6>, <107,8,2>, <108,8,1>, <111,8,1>, <112,8,2>, <114,8,1>, <115,8,3>, <117,8,1>, <118,8,1>, <120,8,1>, <121,8,4>, <122,8,4>, <123,8,2>, <125,8,1>, <127,8,1>, <128,8,1>, <129,8,1>, <131,8,5>, <132,8,1>, <134,8,1>, <135,8,2>, <136,8,1>, <137,8,1>, <138,8,5>, <139,8,3>, <140,8,3>, <141,8,2>, <143,8,3>, <145,8,1>, <146,8,1>, <147,8,5>, <149,8,2>, <151,8,3>, <153,8,1>, <157,8,1>, <158,8,3>, <159,8,2>, <160,8,4>, <161,8,4>, <162,8,1>, <163,8,1>, <164,8,1>, <165,8,1>, <166,8,4>, <167,8,3>, <170,8,2>, <171,8,2>, <172,8,1>, <173,8,2>, <175,8,1>, <176,8,2>, <177,8,2>, <178,8,2>, <180,8,2>, <181,8,1>, <184,8,2>, <185,8,1>, <186,8,1>, <189,8,1>, <190,8,1>, <191,8,4>, <192,8,1>, <193,8,1>, <194,8,1>, <195,8,2>, <196,8,1>, <198,8,4>, <199,8,1>, <201,8,1>, <202,8,1>, <203,8,2>, <204,8,4>, <207,8,2>, <208,8,1>, <209,8,1>, <210,8,6>, <211,8,1>, <213,8,2>, <215,8,2>, <216,8,1>, <217,8,3>, <219,8,2>, <220,8,1>, <221,8,1>, <223,8,2>, <225,8,2>, <227,8,1>, <231,8,2>, <233,8,1>, <234,8,1>, <237,8,1>, <238,8,1>, <239,8,2>, <240,8,1>, <241,8,2>, <244,8,1>, <246,8,2>, <248,8,3>, <249,8,1>, <252,8,1>, <253,8,1>, <254,8,1>, <256,8,1>, <258,8,2>, <260,8,1>, <262,8,2>, <265,8,1>, <266,8,1>, <267,8,1>, <268,8,1>, <269,8,1>, <274,8,2>, <275,8,1>, <276,8,2>, <280,8,2>, <282,8,2>, <283,8,1>, <284,8,1>, <287,8,1>, <290,8,1>, <294,8,1>, <295,8,1>, <298,8,2>, <299,8,2>, <300,8,2>, <301,8,1>, <303,8,1>, <305,8,1>, <306,8,1>, <311,8,4>, <315,8,2>, <316,8,1>, <317,8,1>, <318,8,1>, <322,8,3>, <323,8,1>, <325,8,2>, <327,8,1>, <328,8,1>, <334,8,1>, <335,8,1>, <341,8,1>, <343,8,1>, <344,8,1>, <345,8,1>, <346,8,1>, <348,8,2>, <349,8,2>, <353,8,1>, <356,8,2>, <358,8,1>, <359,8,1>, <360,8,1>, <361,8,1>, <362,8,1>, <363,8,1>, <364,8,2>, <366,8,1>, <367,8,1>, <370,8,1>, <376,8,3>, <377,8,1>, <378,8,1>, <379,8,1>, <381,8,1>, <383,8,1>, <388,8,2>, <389,8,1>, <394,8,1>, <395,8,1>, <398,8,1>, <399,8,1>, <400,8,1>, <401,8,1>, <403,8,1>, <405,8,1>, <411,8,2>, <413,8,1>, <418,8,1>, <423,8,1>, <425,8,1>, <427,8,2>, <429,8,1>, <431,8,1>, <433,8,1>, <440,8,1>, <444,8,1>, <449,8,1>, <450,8,1>, <454,8,1>, <455,8,1>, <456,8,1>, <459,8,1>, <463,8,3>, <466,8,1>, <467,8,1>, <471,8,1>, <472,8,1>, <474,8,1>, <475,8,1>, <477,8,1>, <478,8,1>, <481,8,1>, <482,8,3>, <486,8,1>, <489,8,1>, <491,8,1>, <493,8,1>, <495,8,1>, <498,8,1>, <499,8,1>, <500,8,1>, <501,8,1>, <502,8,3>, <508,8,1>, <512,8,1>, <513,8,1>, <514,8,1>, <515,8,1>, <518,8,1>, <528,8,2>, <540,8,1>, <546,8,1>, <550,8,1>, <553,8,1>, <555,8,1>, <561,8,3>, <563,8,1>, <568,8,1>, <571,8,1>, <574,8,1>, <581,8,2>, <583,8,2>, <589,8,1>, <600,8,1>, <608,8,1>, <612,8,1>, <617,8,1>, <621,8,1>, <628,8,1>, <629,8,1>, <631,8,1>, <639,8,1>, <644,8,1>, <649,8,1>, <657,8,1>, <663,8,1>, <668,8,1>, <673,8,1>, <678,8,2>, <685,8,1>, <696,8,2>, <701,8,1>, <705,8,1>, <713,8,1>, <715,8,1>, <716,8,4>, <722,8,1>, <727,8,1>, <730,8,1>, <732,8,1>, <734,8,1>, <735,8,1>, <740,8,1>, <741,8,2>, <742,8,1>, <747,8,1>, <752,8,1>, <765,8,1>, <768,8,1>, <769,8,1>, <776,8,2>, <780,8,1>, <782,8,1>, <784,8,1>, <816,8,1>, <821,8,1>, <825,8,1>, <828,8,2>, <836,8,1>, <841,8,1>, <852,8,1>, <853,8,1>, <860,8,1>, <867,8,1>, <872,8,1>, <879,8,1>, <880,8,1>, <882,8,1>, <903,8,1>, <905,8,1>, <913,8,1>, <932,8,1>, <935,8,1>, <947,8,1>, <963,8,1>, <980,8,1>, <982,8,1>, <990,8,1>, <991,8,1>, <992,8,1>, <995,8,1>, <1000,8,1>, <1,9,107>, <2,9,111>, <3,9,31>, <4,9,32>, <5,9,15>, <6,9,100>, <7,9,39>, <8,9,18>, <9,9,11>, <10,9,28>, <11,9,29>, <12,9,3>, <13,9,13>, <14,9,15>, <15,9,13>, <16,9,10>, <17,9,6>, <18,9,1>, <19,9,33>, <20,9,3>, <21,9,15>, <22,9,24>, <23,9,12>, <25,9,15>, <26,9,23>, <27,9,5>, <28,9,6>, <29,9,8>, <30,9,3>, <31,9,9>, <32,9,7>, <33,9,13>, <34,9,1>, <35,9,1>, <36,9,8>, <37,9,1>, <38,9,1>, <39,9,8>, <40,9,1>, <41,9,17>, <42,9,1>, <43,9,10>, <44,9,9>, <45,9,3>, <46,9,5>, <47,9,7>, <49,9,9>, <50,9,5>, <51,9,7>, <52,9,3>, <54,9,1>, <55,9,3>, <56,9,2>, <57,9,9>, <59,9,1>, <60,9,7>, <61,9,7>, <62,9,4>, <63,9,12>, <64,9,4>, <65,9,1>, <66,9,5>, <67,9,4>, <68,9,2>, <70,9,1>, <71,9,1>, <73,9,4>, <75,9,1>, <76,9,1>, <77,9,1>, <78,9,2>, <79,9,2>, <80,9,1>, <81,9,1>, <82,9,2>, <83,9,2>, <85,9,4>, <86,9,1>, <87,9,2>, <88,9,3>, <89,9,3>, <90,9,2>, <92,9,3>, <93,9,6>, <95,9,1>, <96,9,6>, <97,9,3>, <99,9,5>, <100,9,2>, <101,9,1>, <102,9,2>, <103,9,3>, <107,9,1>, <109,9,6>, <110,9,2>, <112,9,1>, <113,9,1>, <114,9,1>, <115,9,5>, <117,9,5>, <119,9,2>, <120,9,1>, <121,9,2>, <122,9,2>, <123,9,3>, <124,9,4>, <125,9,1>, <126,9,1>, <128,9,1>, <129,9,1>, <130,9,1>, <131,9,4>, <133,9,4>, <134,9,1>, <135,9,1>, <137,9,1>, <139,9,1>, <143,9,2>, <144,9,1>, <145,9,1>, <146,9,2>, <147,9,1>, <148,9,2>, <149,9,1>, <150,9,7>, <152,9,2>, <153,9,1>, <154,9,1>, <155,9,2>, <157,9,4>, <159,9,5>, <162,9,3>, <163,9,1>, <164,9,6>, <168,9,3>, <170,9,1>, <171,9,1>, <172,9,2>, <173,9,1>, <174,9,6>, <177,9,2>, <180,9,1>, <181,9,3>, <182,9,1>, <183,9,1>, <184,9,1>, <186,9,2>, <187,9,2>, <188,9,3>, <189,9,2>, <190,9,2>, <191,9,1>, <192,9,1>, <193,9,1>, <196,9,1>, <198,9,1>, <201,9,1>, <202,9,2>, <203,9,1>, <204,9,1>, <205,9,1>, <207,9,2>, <208,9,1>, <209,9,2>, <213,9,2>, <214,9,1>, <215,9,1>, <216,9,2>, <217,9,1>, <218,9,1>, <220,9,1>, <223,9,2>, <226,9,5>, <227,9,1>, <228,9,3>, <231,9,1>, <232,9,1>, <234,9,2>, <235,9,3>, <236,9,2>, <237,9,2>, <238,9,1>, <239,9,1>, <241,9,1>, <243,9,2>, <244,9,2>, <245,9,1>, <246,9,2>, <250,9,1>, <251,9,1>, <252,9,1>, <254,9,2>, <255,9,3>, <257,9,2>, <259,9,1>, <261,9,1>, <262,9,1>, <264,9,1>, <266,9,2>, <269,9,1>, <272,9,1>, <273,9,1>, <275,9,3>, <277,9,3>, <280,9,4>, <281,9,1>, <282,9,1>, <283,9,1>, <285,9,1>, <290,9,4>, <294,9,1>, <295,9,1>, <301,9,1>, <302,9,1>, <303,9,1>, <306,9,2>, <308,9,3>, <309,9,1>, <310,9,1>, <315,9,1>, <316,9,1>, <317,9,1>, <318,9,2>, <319,9,2>, <320,9,1>, <325,9,2>, <326,9,1>, <328,9,2>, <329,9,1>, <330,9,2>, <336,9,1>, <337,9,1>, <342,9,3>, <343,9,1>, <344,9,2>, <345,9,1>, <347,9,1>, <349,9,1>, <350,9,2>, <352,9,3>, <354,9,1>, <356,9,1>, <358,9,1>, <361,9,1>, <362,9,3>, <365,9,1>, <366,9,2>, <371,9,1>, <381,9,1>, <383,9,1>, <384,9,3>, <385,9,1>, <386,9,1>, <389,9,1>, <394,9,1>, <396,9,1>, <397,9,1>, <398,9,1>, <400,9,2>, <401,9,2>, <410,9,1>, <414,9,1>, <415,9,1>, <419,9,1>, <420,9,1>, <425,9,1>, <426,9,2>, <428,9,5>, <434,9,1>, <435,9,1>, <437,9,2>, <440,9,1>, <445,9,2>, <446,9,1>, <447,9,1>, <448,9,1>, <451,9,1>, <454,9,1>, <455,9,3>, <456,9,1>, <459,9,2>, <463,9,1>, <464,9,1>, <466,9,1>, <470,9,2>, <477,9,1>, <478,9,1>, <480,9,2>, <481,9,1>, <493,9,1>, <498,9,2>, <507,9,1>, <508,9,1>, <515,9,1>, <517,9,2>, <521,9,1>, <522,9,2>, <524,9,1>, <526,9,1>, <533,9,1>, <541,9,1>, <542,9,1>, <553,9,2>, <555,9,1>, <556,9,1>, <560,9,1>, <561,9,1>, <563,9,1>, <567,9,2>, <571,9,1>, <578,9,1>, <584,9,1>, <587,9,1>, <589,9,1>, <596,9,1>, <598,9,1>, <601,9,1>, <607,9,1>, <612,9,1>, <619,9,2>, <624,9,1>, <625,9,1>, <629,9,1>, <631,9,1>, <644,9,2>, <647,9,1>, <649,9,1>, <651,9,1>, <654,9,1>, <657,9,1>, <659,9,1>, <660,9,1>, <663,9,1>, <669,9,1>, <678,9,1>, <696,9,1>, <701,9,1>, <702,9,1>, <705,9,1>, <706,9,1>, <708,9,1>, <721,9,1>, <727,9,1>, <731,9,1>, <732,9,2>, <735,9,1>, <739,9,1>, <740,9,1>, <752,9,1>, <753,9,1>, <755,9,2>, <759,9,1>, <768,9,1>, <774,9,1>, <777,9,1>, <778,9,1>, <780,9,1>, <784,9,1>, <790,9,1>, <791,9,1>, <795,9,1>, <796,9,1>, <812,9,1>, <818,9,1>, <821,9,1>, <839,9,1>, <842,9,2>, <843,9,1>, <846,9,2>, <851,9,1>, <856,9,1>, <859,9,1>, <867,9,1>, <872,9,1>, <880,9,1>, <887,9,1>, <896,9,1>, <899,9,1>, <904,9,1>, <905,9,1>, <912,9,1>, <930,9,1>, <931,9,2>, <946,9,1>, <956,9,1>, <959,9,1>, <960,9,1>, <961,9,1>, <974,9,1>, <977,9,1>, <982,9,1>, <983,9,1>, <985,9,1>, <996,9,1> };

MaxCacheStorageAtSingleAS= [ 0  0  1312.5  1312.5  1312.5  0  0  1312.5  1312.5  0 ] ;

MaxCacheStorage = 6562.5 ;
SolutionGap = 0.01 ;
