0 10 0	0 10 0	0 10 0
992 14 0.2992527736794761	988 12 0.2992527736794761	968 9 0.2992527736794761
1963 10 0.318752234032722	1953 15 0.3074989123586108	1917 5 0.2908503009055178
2984 15 0.2894193891350507	2956 19 0.3190026861292101	2921 4 0.2559104642674296
3972 10 0.3051820259088395	3890 21 0.332185800015744	3965 4 0.2432231444344508
4954 8 0.2823121304441234	4875 18 0.3380839446198609	4927 4 0.2428651523993217
6011 11 0.2771388247475111	5901 18 0.3290491715665472	5907 3 0.2417840785679242
7005 17 0.2936406653401123	6898 21 0.3288478255005695	6887 7 0.22333637585927
8016 20 0.3175767829683177	7913 20 0.3376442018177723	7871 3 0.2678783070376797
9025 17 0.3254701416502566	8938 24 0.3350692653001343	8920 3 0.2250483787938694
9981 17 0.3249408959896654	9981 25 0.340037675305624	9968 1 0.2235885574406664
10975 16 0.3221495831525638	10991 27 0.3395281225540182	10935 3 0.1711784282343407
11987 17 0.3201558892333903	12103 28 0.3463137783283455	11962 4 0.2251047429905523
12993 19 0.3141412607353131	13125 28 0.3456812971917244	13004 6 0.2389579511285192
14015 16 0.3304626145475522	14063 27 0.3492572482333896	14056 6 0.2635897004753997
14987 15 0.3146997726196178	15086 26 0.3498682497344939	15104 4 0.2648122478400715
15968 15 0.3154686125505386	16094 24 0.3474464416216202	16115 4 0.2398831575091405
16990 18 0.30887571759355	17056 26 0.3426923269014279	17107 5 0.2426076916361234
17986 19 0.3270881467333688	18019 25 0.3468609911336197	18102 4 0.2545897858957065
19020 17 0.3242923244023996	19079 24 0.3461996928091172	19123 2 0.2415037659221674
20017 18 0.3179804960844413	20110 25 0.3432258815012953	20112 3 0.2034670207911277
20960 21 0.3237154571207423	21112 25 0.3451183848218073	21142 4 0.2248917664260387
21947 20 0.3315435010085752	22135 25 0.3458335750301403	22143 5 0.2404587636879364
22929 21 0.3279076266460038	23171 25 0.3453031164917807	23111 4 0.2528477352872416
24016 23 0.3269620671343332	24188 26 0.3453794860089764	24116 5 0.240280821626533
24985 24 0.3257815267826837	25224 25 0.347681844364185	25156 4 0.2516295541631579
26008 26 0.3343618267169773	26206 23 0.3472102903806688	26176 5 0.2389233177345922
27023 25 0.3423618462970246	27210 25 0.3418702034917823	27168 4 0.2513151848408137
28016 26 0.3392683098037001	28258 26 0.3472102903806688	28137 3 0.2387297324150434
28968 27 0.3434598022816593	29285 25 0.3495890182530731	29123 5 0.2240289972858274
29923 26 0.3346720985578033	30288 25 0.3464300828806691	30115 5 0.2534539658572427
30887 26 0.3281537587754303	31327 25 0.3464300828806691	31154 5 0.2534993747593591
31850 27 0.3322954498475838	32326 25 0.3461885900830501	32161 6 0.2531278473784069
32802 28 0.3400057733105118	33296 25 0.3461885900830501	33126 7 0.2620961055463923
33806 27 0.3409301688178811	34331 24 0.3458820799937646	34171 6 0.2703248473084823
34760 28 0.3430970716468963	35351 25 0.3448217821293471	35176 5 0.2637762349246984
35734 29 0.3378650679250254	36347 25 0.3467562013595049	36144 6 0.2513197474577728
36771 28 0.3379207665290991	37323 24 0.3471648814785523	37195 6 0.2643975112672907
37770 28 0.3372131258303544	38339 24 0.3440384785678395	38224 7 0.2644800729075023
38773 29 0.3351511488660696	39311 25 0.3440013258297443	39233 6 0.2742754217926075
39794 28 0.3415623983041824	40327 25 0.3462373899096753	40221 6 0.2642835920810372
40808 27 0.3398792770831875	41281 24 0.3462373899096753	41246 7 0.2644233117798569
41761 28 0.3402417374268665	42195 24 0.344205665889268	42238 7 0.2736820100035867
42747 27 0.3420589043847739	43194 24 0.3435554929726016	43226 7 0.2732117035173812
43775 26 0.3372715087045041	44227 24 0.3443663662246799	44201 6 0.2738247236959524
44783 26 0.3408339451919677	45252 24 0.3437987549482251	45185 7 0.264483463832011
45757 26 0.338245637771334	46264 24 0.3432879047994158	46220 6 0.2720909292515087
46722 26 0.3343631766403833	47230 24 0.3435554929726017	47298 7 0.2646957651925552
47728 25 0.338296722786215	48278 24 0.3432538481228286	48291 6 0.2735357579552118
48735 25 0.3270409361374708	49266 23 0.3438555160758706	49288 5 0.2641944980912704
49718 26 0.3326165006187607	50237 23 0.3414715487147605	50369 5 0.2538801903248352
50668 25 0.3325431477768804	51259 22 0.3418121154806334	51330 5 0.2545303632415015
51653 25 0.3328528940209549	52228 22 0.3394799734969388	52312 5 0.2549018906224538
52663 24 0.3324121605592371	53244 22 0.3394799734969388	53303 5 0.2542888704438826
53705 24 0.328483877717969	54239 22 0.3384582731993203	54308 4 0.2542888704438826
54711 25 0.3290019520102968	55305 22 0.3384582731993203	55332 5 0.2412111066343647
55667 26 0.3306746725677314	56407 22 0.3389691233481295	56374 5 0.2551402873585648
56652 24 0.335699066473969	57343 22 0.337606856284638	57373 6 0.2551402873585648
57706 25 0.3269942298381511	58327 21 0.3383980190792042	58326 6 0.2660384238664963
58689 24 0.3326108982217465	59345 20 0.3354258000315866	59374 7 0.2656297437474489
59677 24 0.3278442044881556	60360 21 0.3331067025306428	60392 7 0.2730865341735605
60685 25 0.3317266656191062	61417 21 0.3372683535597706	61406 7 0.2730865341735605
61655 24 0.3298447337375712	62516 21 0.3368142645386067	62370 8 0.2732454653309678
62668 25 0.3348130651146574	63515 20 0.3373509151999822	63354 8 0.2803973674142979
63650 24 0.3355492270659415	64538 20 0.3342371619120018	64329 8 0.2817255778012021
64630 24 0.3343362716424355	65559 21 0.3337830728908379	65325 8 0.2809082175631072
65622 24 0.3331039576869744	66563 21 0.3368968261788183	66315 8 0.2809082175631072
66589 25 0.3345065550253718	67595 21 0.3372373929446912	67359 8 0.2810217398183981
67639 25 0.3347381404261655	68625 21 0.3371076532243586	68328 8 0.2809082175631072
68608 25 0.335759840723784	69577 21 0.3374791806053109	69314 9 0.2809082175631072
69588 24 0.3346978101512594	70640 21 0.3370250915841471	70311 9 0.2875898131602319
70560 25 0.3333145713448168	71696 20 0.3374791806053109	71356 9 0.2875898131602319
71526 25 0.3361004074896569	72736 20 0.3343654273173304	72298 9 0.2870789630114226
72581 25 0.3357030795961385	73750 21 0.3343654273173304	73270 9 0.2870789630114226
73551 25 0.3363140964407928	74706 21 0.3369683304565017	74342 10 0.2881006633090412
74582 26 0.3368950632766936	75709 21 0.3362871969247559	75405 9 0.2951503953626095
75557 27 0.3364382723231187	76674 21 0.3362871969247559	76374 10 0.28723789416883
76571 28 0.339292600228651	77685 21 0.3374791806053109	77367 9 0.2942308650947528
77557 27 0.3413724901202317	78675 21 0.3376752645008134	78398 9 0.2876919831899938
78532 28 0.3395480253030557	79627 22 0.3371644143520042	79408 9 0.2878865927704927
79558 27 0.3402418084575338	80600 22 0.3406474835484311	80398 9 0.2886115134578505
80539 28 0.3405629142653567	81628 21 0.3406474835484311	81378 9 0.2892974101611469
81526 28 0.3401736951043591	82661 22 0.3371644143520042	82354 9 0.2871858962127352
82513 30 0.3406913565884859	83613 21 0.3401366333996218	83368 8 0.2877535074891899
83485 30 0.3464880378172736	84604 21 0.3376752645008134	84418 8 0.2811692166823146
84517 30 0.3441721838093382	85569 22 0.3376752645008134	85396 8 0.2811124555546691
85469 31 0.3396767024998164	86575 22 0.3404431434889075	86409 8 0.2816233057034784
86487 31 0.3476437676163002	87606 22 0.3412945604035896	87426 8 0.2816233057034784
87477 32 0.3449464788305872	88602 22 0.3412002496068864	88381 9 0.2816233057034784
88508 32 0.345464140314714	89640 22 0.3407461605857226	89328 9 0.2882075965103538
89483 32 0.3445207703732461	90726 22 0.3397506577316327	90425 9 0.2878932271880096
90476 32 0.346926144788211	91732 23 0.3403828893687915	91476 10 0.2882075965103538
91465 32 0.3448827441929739	92743 23 0.3424574231577874	92498 9 0.2951132426245143
92455 33 0.3513535127445583	93771 23 0.342400662030142	93504 9 0.2878932271880096
93420 34 0.341008478518956	94756 23 0.342400662030142	94514 9 0.2878932271880096
94382 34 0.3504562012710526	95742 23 0.3429115121789512	95480 9 0.2878932271880096
95406 34 0.3461177438199806	96726 22 0.3429115121789512	96534 9 0.2885743607197553
96386 34 0.3483388314234992	97700 22 0.3387062529829559	97508 10 0.2878932271880096
97410 34 0.3419682295677598	98677 22 0.3392900817244522	98520 10 0.2944321090927686
98351 33 0.3521852325439456	99681 22 0.3392900817244522	99537 10 0.2946591536033505
99310 33 0.3498118915627426	100636 22 0.3387062529829559	100538 10 0.2946591536033505
100326 33 0.3508335918603612	101646 23 0.3390468197488287	101564 10 0.2946591536033505
101340 33 0.3532175592214713	102634 23 0.3429115121789512	102584 9 0.2947417152435621
102362 33 0.3524788120234039	103596 23 0.3429115121789512	103535 10 0.2877487443176393
103329 33 0.3536804204169075	104602 22 0.3418898118813327	104557 10 0.2947417152435621
104278 33 0.3518657918448327	105550 23 0.3390468197488287	105512 10 0.2942876262223983
105267 33 0.355042687480399	106586 23 0.3425417539760035	106500 10 0.2947417152435621
106289 34 0.3535402451103743	107592 23 0.3420876649548397	107464 10 0.2949089025649906
107272 33 0.3566894860277398	108578 23 0.3416789848357923	108440 10 0.2949089025649906
108304 34 0.3524504314595812	109528 24 0.3425417539760035	109434 10 0.2945373751840383
109338 33 0.35468014210909	110531 23 0.3448121990818226	110430 10 0.2949089025649906
110335 34 0.354561945407993	111518 24 0.3422011872101307	111441 10 0.2953547354221332
111317 34 0.3561786358789306	112520 24 0.3449257213371135	112480 10 0.2957262628030854
112311 34 0.3559742958194069	113533 24 0.3444716323159497	113521 10 0.2957262628030854
113292 35 0.3538627818709951	114610 24 0.3445170412180661	114562 10 0.2949061091260361
114296 34 0.358046887851719	115632 24 0.3445170412180661	115521 10 0.294766786358179
115311 35 0.3540330652539316	116605 24 0.3445170412180661	116504 10 0.2951212039255347
116269 35 0.3558672605501326	117615 24 0.3445170412180661	117516 10 0.2951212039255347
117296 35 0.3558672605501326	118581 24 0.3445170412180661	118508 10 0.2951212039255347
118272 36 0.3554293889940103	119651 24 0.3445170412180661	119569 10 0.2951212039255347
119244 35 0.357416028461602	120785 24 0.3445170412180661	120586 10 0.2946103537767255
120201 36 0.353653576571959	121792 24 0.3445170412180661	121619 10 0.2951212039255347
121199 35 0.3564916329542329	122788 24 0.3445170412180661	122635 10 0.2946103537767255
122215 35 0.3494694705912353	123767 25 0.3445170412180661	123630 10 0.2946103537767255
123230 35 0.3532157050158368	124777 24 0.3467610665990175	124623 9 0.2951212039255347
124229 36 0.3521940047182182	125757 24 0.3441455138371139	125604 9 0.2890364110419396
125158 36 0.3555429112493013	126728 24 0.3441455138371139	126546 9 0.2890364110419396
126135 36 0.3545698633468075	127695 24 0.3441455138371139	127614 10 0.2885255608931303
127088 36 0.3526967461345068	128703 24 0.3441455138371139	128666 10 0.2953601981471999
128045 35 0.3563602714873962	129715 24 0.3445170412180661	129684 10 0.2949061091260361
129033 35 0.3530454216329004	130706 24 0.3445170412180661	130705 10 0.2951212039255347
130033 35 0.3512452830132867	131715 24 0.3446563639859233	131653 10 0.2951212039255347
131077 35 0.354607163516403	132681 24 0.3454365714859228	132616 10 0.2949061091260361
132080 35 0.3522353592540742	133663 24 0.3440061910692569	133630 10 0.2949061091260361
133104 36 0.3519799341796695	134646 25 0.3440061910692569	134662 10 0.2954169592748453
134069 35 0.3543801190058211	135615 24 0.3466217438311604	135709 10 0.2949061091260361
135051 35 0.3525637629211659	136649 24 0.3450278913668754	136746 10 0.2954169592748453
136054 36 0.3519799341796695	137715 24 0.3445170412180661	137760 10 0.2951212039255347
137035 36 0.3571727664859786	138746 24 0.3445170412180661	138724 10 0.2949061091260361
138054 36 0.3552266706809908	139729 24 0.3441455138371139	139736 10 0.2938844088284175
139020 36 0.3572700712762279	140737 24 0.3441455138371139	140733 10 0.2940995036279161
140019 36 0.3579512048079736	141705 24 0.3445541939561613	141736 10 0.2940995036279161
141083 35 0.3572700712762279	142671 24 0.3445541939561613	142713 10 0.2945081837469635
142109 35 0.3547725816598269	143706 24 0.3449920655122836	143722 10 0.2945081837469635
143111 35 0.357633342493159	144673 24 0.3449920655122836	144767 10 0.2940995036279161
144117 35 0.3557067076462211	145672 24 0.3455758942537799	145778 10 0.2937589368620432
145146 35 0.3610876625470124	146692 24 0.3452043668728277	146722 10 0.2942697870108526
146128 35 0.3580828157742725	147689 24 0.3445541939561613	147686 10 0.2935886534791068
147112 35 0.3591434379879908	148693 24 0.3445541939561613	148707 10 0.2942697870108526
148062 36 0.3573043774522774	149700 24 0.3449257213371135	149698 10 0.2947806371596619
149086 34 0.363684328199629	150685 24 0.3449257213371135	150696 10 0.2951212039255347
150128 35 0.3527115913525062	151706 24 0.3449257213371135	151710 10 0.2951212039255347
151148 34 0.3591172405444621	152743 24 0.3449257213371135	152695 10 0.2951212039255347
152198 35 0.3538433209129453	153760 24 0.3449257213371135	153702 10 0.2951212039255347
153223 35 0.3584361070127165	154743 24 0.3455387415156847	154705 10 0.2950190338957729
154149 35 0.3556726509696338	155764 24 0.3455387415156847	155695 10 0.2950190338957729
155147 35 0.3558186081550079	156790 24 0.3455387415156847	156638 10 0.2955298840445821
156135 36 0.3534832931890225	157771 24 0.3455387415156847	157725 10 0.2950190338957729
157147 36 0.357975531005536	158771 24 0.3455387415156847	158655 10 0.2950190338957729
158169 36 0.3566545127118242	159762 24 0.3455387415156847	159637 10 0.2950190338957729
159121 37 0.3566545127118242	160743 24 0.3455387415156847	160709 10 0.2946103537767255
160125 37 0.3576044178533939	161747 24 0.3445170412180661	161677 10 0.2946103537767255
161146 37 0.3584217780914888	162785 24 0.3451672141347325	162638 11 0.2946103537767255
162184 37 0.3574186541629178	163739 24 0.3451672141347325	163605 10 0.3005547918719608
163193 37 0.3584565719255779	164690 24 0.3445833853932361	164603 10 0.2946103537767255
164199 37 0.3574348716279593	165746 24 0.3445833853932361	165596 10 0.2951212039255347
165162 37 0.353348070437485	166739 24 0.3445833853932361	166583 10 0.2951212039255347
166166 37 0.3587290253382761	167758 24 0.3445833853932361	167632 10 0.2951212039255347
167147 37 0.356685624743039	168741 24 0.3445833853932361	168665 11 0.2951212039255347
168173 36 0.3577073250406576	169765 24 0.3445833853932361	169686 11 0.3000731331602263
169142 37 0.3524208697469735	170711 25 0.3445833853932361	170749 11 0.3004818132792738
170129 36 0.3592966366147309	171734 24 0.3471989381551397	171743 11 0.3004818132792738
171120 37 0.3577629027316648	172750 24 0.3450374744144	172687 11 0.3001412465134009
172121 37 0.3568056339843466	173720 24 0.3445833853932361	173608 11 0.3001412465134009
173136 37 0.3574454866959865	174690 24 0.3450374744144	174593 11 0.3001412465134009
174139 37 0.3559882737462517	175693 24 0.3450374744144	175571 11 0.3001412465134009
175143 36 0.3621695605468442	176763 24 0.3450374744144	176564 11 0.3001412465134009
176169 36 0.3566657912216031	177804 24 0.3450374744144	177512 12 0.2996871574922371
177122 36 0.357908859917039	178880 24 0.3445833853932361	178534 12 0.3057200544876992
178120 35 0.3568020179279522	179858 24 0.3450374744144	179539 12 0.3051362257462029
179151 35 0.3554113703006381	180855 24 0.3450374744144	180550 12 0.3051362257462029
