
ASes= { 1, 2, 3, 4, 5, 6, 7 } ;


Objects= { 1, 2, 3, 4, 5, 6, 7, 8, 9, 10, 11, 12, 13, 14, 15, 16, 17, 18, 19, 20, 21, 22, 23, 24, 25, 26, 27, 28, 29, 30, 31, 32, 33, 34, 35, 36, 37, 38, 39, 40, 41, 42, 43, 44, 45, 46, 47, 48, 49, 50, 51, 52, 53, 54, 55, 56, 57, 58, 59, 60, 61, 62, 63, 64, 65, 66, 67, 68, 69, 70, 71, 72, 73, 74, 75, 76, 77, 78, 79, 80, 81, 82, 83, 84, 85, 86, 87, 88, 89, 90, 91, 92, 93, 94, 95, 96, 97, 98, 99, 100, 101, 102, 103, 104, 105, 106, 107, 108, 109, 110, 111, 112, 113, 114, 115, 116, 117, 118, 119, 120, 121, 122, 123, 124, 125, 126, 127, 128, 129, 130, 131, 132, 133, 134, 135, 136, 137, 138, 139, 140, 141, 142, 143, 144, 145, 146, 147, 148, 149, 150, 151, 152, 153, 154, 155, 156, 157, 158, 159, 160, 161, 162, 163, 164, 165, 166, 167, 168, 169, 170, 171, 172, 173, 174, 175, 176, 177, 178, 179, 180, 181, 182, 183, 184, 185, 186, 187, 188, 189, 190, 191, 192, 193, 194, 195, 196, 197, 198, 199, 200, 201, 202, 203, 204, 205, 206, 207, 208, 209, 210, 211, 212, 213, 214, 215, 216, 217, 218, 219, 220, 221, 222, 223, 224, 225, 226, 227, 228, 229, 230, 231, 232, 233, 234, 235, 236, 237, 238, 239, 240, 241, 242, 243, 244, 245, 246, 247, 248, 249, 250, 251, 252, 253, 254, 255, 256, 257, 258, 259, 260, 261, 262, 263, 264, 265, 266, 267, 268, 269, 270, 271, 272, 273, 274, 275, 276, 277, 278, 279, 280, 281, 282, 283, 284, 285, 286, 287, 288, 289, 290, 291, 292, 293, 294, 295, 296, 297, 298, 299, 300, 301, 302, 303, 304, 305, 306, 307, 308, 309, 310, 311, 312, 313, 314, 315, 316, 317, 318, 319, 320, 321, 322, 323, 324, 325, 326, 327, 328, 329, 330, 331, 332, 333, 334, 335, 336, 337, 338, 339, 340, 341, 342, 343, 344, 345, 346, 347, 348, 349, 350, 351, 352, 353, 354, 355, 356, 357, 358, 359, 360, 361, 362, 363, 364, 365, 366, 367, 368, 369, 370, 371, 372, 373, 374, 375, 376, 377, 378, 379, 380, 381, 382, 383, 384, 385, 386, 387, 388, 389, 390, 391, 392, 393, 394, 395, 396, 397, 398, 399, 400, 401, 402, 403, 404, 405, 406, 407, 408, 409, 410, 411, 412, 413, 414, 415, 416, 417, 418, 419, 420, 421, 422, 423, 424, 425, 426, 427, 428, 429, 430, 431, 432, 433, 434, 435, 436, 437, 438, 439, 440, 441, 442, 443, 444, 445, 446, 447, 448, 449, 450, 451, 452, 453, 454, 455, 456, 457, 458, 459, 460, 461, 462, 463, 464, 465, 466, 467, 468, 469, 470, 471, 472, 473, 474, 475, 476, 477, 478, 479, 480, 481, 482, 483, 484, 485, 486, 487, 488, 489, 490, 491, 492, 493, 494, 495, 496, 497, 498, 499, 500, 501, 502, 503, 504, 505, 506, 507, 508, 509, 510, 511, 512, 513, 514, 515, 516, 517, 518, 519, 520, 521, 522, 523, 524, 525, 526, 527, 528, 529, 530, 531, 532, 533, 534, 535, 536, 537, 538, 539, 540, 541, 542, 543, 544, 545, 546, 547, 548, 549, 550, 551, 552, 553, 554, 555, 556, 557, 558, 559, 560, 561, 562, 563, 564, 565, 566, 567, 568, 569, 570, 571, 572, 573, 574, 575, 576, 577, 578, 579, 580, 581, 582, 583, 584, 585, 586, 587, 588, 589, 590, 591, 592, 593, 594, 595, 596, 597, 598, 599, 600, 601, 602, 603, 604, 605, 606, 607, 608, 609, 610, 611, 612, 613, 614, 615, 616, 617, 618, 619, 620, 621, 622, 623, 624, 625, 626, 627, 628, 629, 630, 631, 632, 633, 634, 635, 636, 637, 638, 639, 640, 641, 642, 643, 644, 645, 646, 647, 648, 649, 650, 651, 652, 653, 654, 655, 656, 657, 658, 659, 660, 661, 662, 663, 664, 665, 666, 667, 668, 669, 670, 671, 672, 673, 674, 675, 676, 677, 678, 679, 680, 681, 682, 683, 684, 685, 686, 687, 688, 689, 690, 691, 692, 693, 694, 695, 696, 697, 698, 699, 700, 701, 702, 703, 704, 705, 706, 707, 708, 709, 710, 711, 712, 713, 714, 715, 716, 717, 718, 719, 720, 721, 722, 723, 724, 725, 726, 727, 728, 729, 730, 731, 732, 733, 734, 735, 736, 737, 738, 739, 740, 741, 742, 743, 744, 745, 746, 747, 748, 749, 750, 751, 752, 753, 754, 755, 756, 757, 758, 759, 760, 761, 762, 763, 764, 765, 766, 767, 768, 769, 770, 771, 772, 773, 774, 775, 776, 777, 778, 779, 780, 781, 782, 783, 784, 785, 786, 787, 788, 789, 790, 791, 792, 793, 794, 795, 796, 797, 798, 799, 800, 801, 802, 803, 804, 805, 806, 807, 808, 809, 810, 811, 812, 813, 814, 815, 816, 817, 818, 819, 820, 821, 822, 823, 824, 825, 826, 827, 828, 829, 830, 831, 832, 833, 834, 835, 836, 837, 838, 839, 840, 841, 842, 843, 844, 845, 846, 847, 848, 849, 850, 851, 852, 853, 854, 855, 856, 857, 858, 859, 860, 861, 862, 863, 864, 865, 866, 867, 868, 869, 870, 871, 872, 873, 874, 875, 876, 877, 878, 879, 880, 881, 882, 883, 884, 885, 886, 887, 888, 889, 890, 891, 892, 893, 894, 895, 896, 897, 898, 899, 900, 901, 902, 903, 904, 905, 906, 907, 908, 909, 910, 911, 912, 913, 914, 915, 916, 917, 918, 919, 920, 921, 922, 923, 924, 925, 926, 927, 928, 929, 930, 931, 932, 933, 934, 935, 936, 937, 938, 939, 940, 941, 942, 943, 944, 945, 946, 947, 948, 949, 950, 951, 952, 953, 954, 955, 956, 957, 958, 959, 960, 961, 962, 963, 964, 965, 966, 967, 968, 969, 970, 971, 972, 973, 974, 975, 976, 977, 978, 979, 980, 981, 982, 983, 984, 985, 986, 987, 988, 989, 990, 991, 992, 993, 994, 995, 996, 997, 998, 999, 1000 } ;


QualityLevels= { 0, 1, 2, 3, 4, 5 } ;

Arcs = { <1,2,490000>, <2,1,490000>,<1,3,490000>, <3,1,490000>,<1,4,490000>, <4,1,490000>,<2,5,490000>, <5,2,490000>,<5,6,490000>, <6,5,490000>,<1,7,490000>, <7,1,490000> }; 


RatePerQuality= [ 0  300  700  1500  2500  3500 ] ;


CacheSpacePerQuality= [ 10000  11.25  26.25  56.25  93.75  131.25 ] ;


UtilityPerQuality= [ 0  0.66874  0.795271  0.880112  0.945742  1 ] ;


ObjectsPublishedByProducers=[ [ 0  0  0  1  0  0  0 ]  [ 0  0  1  0  0  0  0 ]  [ 0  0  0  0  0  1  0 ]  [ 0  0  0  1  0  0  0 ]  [ 0  0  1  0  0  0  0 ]  [ 0  0  0  0  0  1  0 ]  [ 1  0  0  0  0  0  0 ]  [ 0  0  0  0  1  0  0 ]  [ 0  0  0  0  1  0  0 ]  [ 0  0  0  1  0  0  0 ]  [ 0  0  0  0  0  0  1 ]  [ 0  0  0  1  0  0  0 ]  [ 0  0  0  1  0  0  0 ]  [ 0  0  1  0  0  0  0 ]  [ 0  0  0  1  0  0  0 ]  [ 1  0  0  0  0  0  0 ]  [ 0  0  0  0  1  0  0 ]  [ 0  0  0  0  1  0  0 ]  [ 0  0  0  0  1  0  0 ]  [ 0  0  0  1  0  0  0 ]  [ 0  0  0  0  0  1  0 ]  [ 0  1  0  0  0  0  0 ]  [ 0  0  0  0  1  0  0 ]  [ 0  0  0  0  1  0  0 ]  [ 1  0  0  0  0  0  0 ]  [ 0  0  1  0  0  0  0 ]  [ 0  1  0  0  0  0  0 ]  [ 0  1  0  0  0  0  0 ]  [ 0  0  0  0  0  0  1 ]  [ 0  0  0  1  0  0  0 ]  [ 0  0  0  0  0  0  1 ]  [ 0  0  1  0  0  0  0 ]  [ 1  0  0  0  0  0  0 ]  [ 1  0  0  0  0  0  0 ]  [ 0  0  0  0  0  0  1 ]  [ 0  0  0  0  0  1  0 ]  [ 1  0  0  0  0  0  0 ]  [ 0  1  0  0  0  0  0 ]  [ 1  0  0  0  0  0  0 ]  [ 0  0  0  0  1  0  0 ]  [ 0  0  0  0  0  0  1 ]  [ 0  0  0  0  0  1  0 ]  [ 0  1  0  0  0  0  0 ]  [ 0  0  0  0  0  0  1 ]  [ 0  0  0  1  0  0  0 ]  [ 0  0  0  0  0  1  0 ]  [ 0  0  0  0  1  0  0 ]  [ 0  0  1  0  0  0  0 ]  [ 0  0  1  0  0  0  0 ]  [ 0  1  0  0  0  0  0 ]  [ 0  0  0  1  0  0  0 ]  [ 0  0  0  0  0  0  1 ]  [ 0  0  0  0  0  0  1 ]  [ 0  0  0  0  0  1  0 ]  [ 1  0  0  0  0  0  0 ]  [ 0  0  0  1  0  0  0 ]  [ 0  0  0  0  0  1  0 ]  [ 0  0  0  1  0  0  0 ]  [ 0  1  0  0  0  0  0 ]  [ 0  0  0  1  0  0  0 ]  [ 0  0  0  0  0  1  0 ]  [ 0  0  0  0  1  0  0 ]  [ 0  0  0  0  0  1  0 ]  [ 0  0  0  0  0  0  1 ]  [ 1  0  0  0  0  0  0 ]  [ 0  0  1  0  0  0  0 ]  [ 0  0  1  0  0  0  0 ]  [ 0  0  0  1  0  0  0 ]  [ 0  0  0  0  1  0  0 ]  [ 0  1  0  0  0  0  0 ]  [ 0  0  0  1  0  0  0 ]  [ 0  0  0  0  0  1  0 ]  [ 0  0  0  1  0  0  0 ]  [ 0  0  0  0  0  0  1 ]  [ 0  0  1  0  0  0  0 ]  [ 0  1  0  0  0  0  0 ]  [ 1  0  0  0  0  0  0 ]  [ 1  0  0  0  0  0  0 ]  [ 0  0  0  0  1  0  0 ]  [ 1  0  0  0  0  0  0 ]  [ 0  0  1  0  0  0  0 ]  [ 0  0  0  0  0  1  0 ]  [ 1  0  0  0  0  0  0 ]  [ 0  0  0  0  1  0  0 ]  [ 0  0  0  0  0  1  0 ]  [ 1  0  0  0  0  0  0 ]  [ 0  1  0  0  0  0  0 ]  [ 0  0  0  0  1  0  0 ]  [ 0  0  0  0  0  1  0 ]  [ 0  0  0  1  0  0  0 ]  [ 0  0  0  0  0  0  1 ]  [ 0  0  1  0  0  0  0 ]  [ 0  0  0  0  0  1  0 ]  [ 1  0  0  0  0  0  0 ]  [ 0  0  0  0  0  1  0 ]  [ 0  0  1  0  0  0  0 ]  [ 0  0  1  0  0  0  0 ]  [ 0  0  0  1  0  0  0 ]  [ 0  0  0  0  1  0  0 ]  [ 0  0  0  0  0  1  0 ]  [ 0  0  0  0  0  1  0 ]  [ 0  0  1  0  0  0  0 ]  [ 1  0  0  0  0  0  0 ]  [ 0  0  0  0  0  1  0 ]  [ 0  0  0  1  0  0  0 ]  [ 0  0  1  0  0  0  0 ]  [ 0  0  1  0  0  0  0 ]  [ 0  0  0  1  0  0  0 ]  [ 0  1  0  0  0  0  0 ]  [ 0  0  0  1  0  0  0 ]  [ 0  0  1  0  0  0  0 ]  [ 0  0  0  0  0  0  1 ]  [ 0  0  0  1  0  0  0 ]  [ 1  0  0  0  0  0  0 ]  [ 0  0  1  0  0  0  0 ]  [ 0  0  0  0  0  0  1 ]  [ 0  0  0  0  1  0  0 ]  [ 0  0  0  0  0  1  0 ]  [ 1  0  0  0  0  0  0 ]  [ 0  0  0  0  0  0  1 ]  [ 0  0  0  1  0  0  0 ]  [ 0  0  0  0  0  1  0 ]  [ 0  0  1  0  0  0  0 ]  [ 0  0  0  0  0  1  0 ]  [ 0  0  0  1  0  0  0 ]  [ 1  0  0  0  0  0  0 ]  [ 0  0  0  0  1  0  0 ]  [ 0  0  0  0  0  0  1 ]  [ 0  0  1  0  0  0  0 ]  [ 0  0  0  1  0  0  0 ]  [ 0  0  0  1  0  0  0 ]  [ 0  0  0  1  0  0  0 ]  [ 0  0  0  1  0  0  0 ]  [ 1  0  0  0  0  0  0 ]  [ 0  0  1  0  0  0  0 ]  [ 0  0  1  0  0  0  0 ]  [ 1  0  0  0  0  0  0 ]  [ 0  0  0  0  0  0  1 ]  [ 1  0  0  0  0  0  0 ]  [ 0  0  0  0  0  1  0 ]  [ 1  0  0  0  0  0  0 ]  [ 0  1  0  0  0  0  0 ]  [ 0  0  0  0  1  0  0 ]  [ 0  0  0  0  1  0  0 ]  [ 0  0  0  0  0  0  1 ]  [ 0  0  1  0  0  0  0 ]  [ 0  0  0  1  0  0  0 ]  [ 1  0  0  0  0  0  0 ]  [ 1  0  0  0  0  0  0 ]  [ 1  0  0  0  0  0  0 ]  [ 0  0  0  0  0  1  0 ]  [ 0  1  0  0  0  0  0 ]  [ 0  0  0  0  1  0  0 ]  [ 0  1  0  0  0  0  0 ]  [ 0  0  0  0  1  0  0 ]  [ 0  0  0  0  0  0  1 ]  [ 0  1  0  0  0  0  0 ]  [ 0  1  0  0  0  0  0 ]  [ 0  0  0  1  0  0  0 ]  [ 1  0  0  0  0  0  0 ]  [ 1  0  0  0  0  0  0 ]  [ 0  0  1  0  0  0  0 ]  [ 1  0  0  0  0  0  0 ]  [ 1  0  0  0  0  0  0 ]  [ 0  1  0  0  0  0  0 ]  [ 0  0  1  0  0  0  0 ]  [ 1  0  0  0  0  0  0 ]  [ 0  0  1  0  0  0  0 ]  [ 1  0  0  0  0  0  0 ]  [ 0  1  0  0  0  0  0 ]  [ 0  0  1  0  0  0  0 ]  [ 0  0  0  1  0  0  0 ]  [ 0  1  0  0  0  0  0 ]  [ 0  0  0  0  0  0  1 ]  [ 0  0  0  0  1  0  0 ]  [ 1  0  0  0  0  0  0 ]  [ 0  0  0  1  0  0  0 ]  [ 0  0  1  0  0  0  0 ]  [ 1  0  0  0  0  0  0 ]  [ 0  0  1  0  0  0  0 ]  [ 1  0  0  0  0  0  0 ]  [ 0  0  1  0  0  0  0 ]  [ 0  0  0  0  1  0  0 ]  [ 0  0  0  0  1  0  0 ]  [ 1  0  0  0  0  0  0 ]  [ 0  0  0  0  0  0  1 ]  [ 1  0  0  0  0  0  0 ]  [ 0  0  0  1  0  0  0 ]  [ 0  1  0  0  0  0  0 ]  [ 0  0  0  0  0  1  0 ]  [ 1  0  0  0  0  0  0 ]  [ 0  0  0  0  1  0  0 ]  [ 0  0  0  0  0  0  1 ]  [ 0  0  0  0  0  0  1 ]  [ 0  0  1  0  0  0  0 ]  [ 0  0  1  0  0  0  0 ]  [ 0  1  0  0  0  0  0 ]  [ 0  0  0  0  0  0  1 ]  [ 1  0  0  0  0  0  0 ]  [ 0  1  0  0  0  0  0 ]  [ 0  0  1  0  0  0  0 ]  [ 0  0  0  0  0  1  0 ]  [ 0  0  0  0  1  0  0 ]  [ 0  0  0  0  0  0  1 ]  [ 0  0  1  0  0  0  0 ]  [ 0  0  0  0  1  0  0 ]  [ 0  0  0  0  1  0  0 ]  [ 0  0  1  0  0  0  0 ]  [ 0  0  0  0  0  0  1 ]  [ 0  0  0  0  0  1  0 ]  [ 0  0  0  0  1  0  0 ]  [ 0  0  0  0  0  1  0 ]  [ 0  0  0  1  0  0  0 ]  [ 0  0  0  0  0  0  1 ]  [ 1  0  0  0  0  0  0 ]  [ 0  0  1  0  0  0  0 ]  [ 0  0  1  0  0  0  0 ]  [ 0  1  0  0  0  0  0 ]  [ 1  0  0  0  0  0  0 ]  [ 0  0  0  0  0  0  1 ]  [ 0  0  0  0  0  0  1 ]  [ 1  0  0  0  0  0  0 ]  [ 0  0  0  0  1  0  0 ]  [ 0  0  1  0  0  0  0 ]  [ 1  0  0  0  0  0  0 ]  [ 0  0  0  1  0  0  0 ]  [ 0  0  0  0  0  1  0 ]  [ 0  0  0  0  1  0  0 ]  [ 0  0  0  0  0  1  0 ]  [ 0  0  0  0  1  0  0 ]  [ 0  0  0  1  0  0  0 ]  [ 1  0  0  0  0  0  0 ]  [ 0  0  0  1  0  0  0 ]  [ 0  0  0  1  0  0  0 ]  [ 0  0  0  0  0  0  1 ]  [ 0  0  0  0  0  1  0 ]  [ 0  0  0  0  0  0  1 ]  [ 1  0  0  0  0  0  0 ]  [ 0  1  0  0  0  0  0 ]  [ 0  0  1  0  0  0  0 ]  [ 0  0  0  0  0  1  0 ]  [ 0  0  0  0  0  0  1 ]  [ 0  0  0  0  0  0  1 ]  [ 0  0  0  0  1  0  0 ]  [ 0  0  0  0  0  0  1 ]  [ 0  0  1  0  0  0  0 ]  [ 0  0  0  1  0  0  0 ]  [ 0  0  0  0  1  0  0 ]  [ 0  0  0  0  0  1  0 ]  [ 0  0  0  0  1  0  0 ]  [ 1  0  0  0  0  0  0 ]  [ 0  1  0  0  0  0  0 ]  [ 0  1  0  0  0  0  0 ]  [ 0  1  0  0  0  0  0 ]  [ 0  0  0  0  0  1  0 ]  [ 1  0  0  0  0  0  0 ]  [ 0  0  0  0  0  0  1 ]  [ 1  0  0  0  0  0  0 ]  [ 0  0  0  0  0  1  0 ]  [ 1  0  0  0  0  0  0 ]  [ 0  0  0  0  1  0  0 ]  [ 0  1  0  0  0  0  0 ]  [ 0  0  0  0  0  0  1 ]  [ 0  0  1  0  0  0  0 ]  [ 0  0  0  0  1  0  0 ]  [ 0  0  0  0  0  1  0 ]  [ 0  1  0  0  0  0  0 ]  [ 0  0  1  0  0  0  0 ]  [ 0  0  1  0  0  0  0 ]  [ 0  0  0  1  0  0  0 ]  [ 0  0  0  0  1  0  0 ]  [ 0  0  0  1  0  0  0 ]  [ 1  0  0  0  0  0  0 ]  [ 0  0  0  0  0  1  0 ]  [ 0  1  0  0  0  0  0 ]  [ 0  0  0  0  0  1  0 ]  [ 0  1  0  0  0  0  0 ]  [ 0  0  1  0  0  0  0 ]  [ 0  0  0  0  0  1  0 ]  [ 1  0  0  0  0  0  0 ]  [ 0  0  0  1  0  0  0 ]  [ 0  1  0  0  0  0  0 ]  [ 0  0  0  0  0  1  0 ]  [ 0  0  0  0  0  1  0 ]  [ 0  0  1  0  0  0  0 ]  [ 0  0  1  0  0  0  0 ]  [ 1  0  0  0  0  0  0 ]  [ 0  0  0  0  1  0  0 ]  [ 0  0  0  0  1  0  0 ]  [ 0  0  0  0  1  0  0 ]  [ 1  0  0  0  0  0  0 ]  [ 0  0  0  1  0  0  0 ]  [ 0  1  0  0  0  0  0 ]  [ 0  0  0  0  0  0  1 ]  [ 0  1  0  0  0  0  0 ]  [ 1  0  0  0  0  0  0 ]  [ 0  0  0  0  1  0  0 ]  [ 1  0  0  0  0  0  0 ]  [ 0  0  1  0  0  0  0 ]  [ 0  1  0  0  0  0  0 ]  [ 0  1  0  0  0  0  0 ]  [ 0  0  0  0  1  0  0 ]  [ 0  1  0  0  0  0  0 ]  [ 0  0  0  0  1  0  0 ]  [ 0  0  0  0  0  1  0 ]  [ 1  0  0  0  0  0  0 ]  [ 0  0  0  0  0  1  0 ]  [ 0  1  0  0  0  0  0 ]  [ 1  0  0  0  0  0  0 ]  [ 0  1  0  0  0  0  0 ]  [ 0  0  0  0  0  1  0 ]  [ 0  0  0  1  0  0  0 ]  [ 0  0  0  0  0  1  0 ]  [ 0  1  0  0  0  0  0 ]  [ 1  0  0  0  0  0  0 ]  [ 1  0  0  0  0  0  0 ]  [ 0  0  0  0  0  1  0 ]  [ 0  0  0  0  0  1  0 ]  [ 0  0  0  0  1  0  0 ]  [ 0  0  0  1  0  0  0 ]  [ 0  0  0  0  0  1  0 ]  [ 0  0  1  0  0  0  0 ]  [ 0  0  0  1  0  0  0 ]  [ 0  0  0  0  0  0  1 ]  [ 0  1  0  0  0  0  0 ]  [ 0  1  0  0  0  0  0 ]  [ 0  0  0  0  0  1  0 ]  [ 1  0  0  0  0  0  0 ]  [ 0  1  0  0  0  0  0 ]  [ 0  0  0  1  0  0  0 ]  [ 0  0  1  0  0  0  0 ]  [ 1  0  0  0  0  0  0 ]  [ 1  0  0  0  0  0  0 ]  [ 1  0  0  0  0  0  0 ]  [ 0  1  0  0  0  0  0 ]  [ 0  0  0  0  0  1  0 ]  [ 0  0  1  0  0  0  0 ]  [ 0  0  0  1  0  0  0 ]  [ 0  0  0  1  0  0  0 ]  [ 1  0  0  0  0  0  0 ]  [ 1  0  0  0  0  0  0 ]  [ 0  0  0  0  1  0  0 ]  [ 0  0  0  1  0  0  0 ]  [ 0  0  0  1  0  0  0 ]  [ 0  0  0  0  0  1  0 ]  [ 1  0  0  0  0  0  0 ]  [ 0  0  0  1  0  0  0 ]  [ 0  0  0  0  1  0  0 ]  [ 0  1  0  0  0  0  0 ]  [ 0  0  0  0  0  0  1 ]  [ 1  0  0  0  0  0  0 ]  [ 0  0  0  1  0  0  0 ]  [ 0  0  0  0  0  0  1 ]  [ 0  0  0  1  0  0  0 ]  [ 0  0  1  0  0  0  0 ]  [ 0  0  1  0  0  0  0 ]  [ 0  0  0  0  0  1  0 ]  [ 0  0  1  0  0  0  0 ]  [ 0  0  1  0  0  0  0 ]  [ 1  0  0  0  0  0  0 ]  [ 0  0  0  0  0  1  0 ]  [ 1  0  0  0  0  0  0 ]  [ 0  1  0  0  0  0  0 ]  [ 0  0  0  0  1  0  0 ]  [ 0  1  0  0  0  0  0 ]  [ 1  0  0  0  0  0  0 ]  [ 1  0  0  0  0  0  0 ]  [ 0  0  0  0  1  0  0 ]  [ 0  0  0  0  0  0  1 ]  [ 0  1  0  0  0  0  0 ]  [ 0  0  0  0  1  0  0 ]  [ 0  0  0  0  0  0  1 ]  [ 0  0  0  0  0  0  1 ]  [ 0  0  0  1  0  0  0 ]  [ 0  0  0  0  1  0  0 ]  [ 0  0  0  0  0  0  1 ]  [ 0  0  1  0  0  0  0 ]  [ 0  0  0  1  0  0  0 ]  [ 1  0  0  0  0  0  0 ]  [ 0  0  0  1  0  0  0 ]  [ 0  0  0  0  0  1  0 ]  [ 0  1  0  0  0  0  0 ]  [ 1  0  0  0  0  0  0 ]  [ 0  0  0  0  0  1  0 ]  [ 0  0  0  0  0  1  0 ]  [ 0  0  0  0  0  1  0 ]  [ 0  0  1  0  0  0  0 ]  [ 1  0  0  0  0  0  0 ]  [ 0  0  1  0  0  0  0 ]  [ 1  0  0  0  0  0  0 ]  [ 0  0  0  1  0  0  0 ]  [ 0  0  0  1  0  0  0 ]  [ 0  0  0  0  1  0  0 ]  [ 0  0  0  0  1  0  0 ]  [ 0  0  0  1  0  0  0 ]  [ 0  0  0  0  0  0  1 ]  [ 0  0  0  0  0  0  1 ]  [ 0  0  0  0  1  0  0 ]  [ 0  0  0  1  0  0  0 ]  [ 0  0  0  0  1  0  0 ]  [ 1  0  0  0  0  0  0 ]  [ 0  1  0  0  0  0  0 ]  [ 1  0  0  0  0  0  0 ]  [ 1  0  0  0  0  0  0 ]  [ 0  0  0  0  0  1  0 ]  [ 0  0  0  0  1  0  0 ]  [ 0  0  0  0  1  0  0 ]  [ 0  1  0  0  0  0  0 ]  [ 0  0  1  0  0  0  0 ]  [ 0  1  0  0  0  0  0 ]  [ 1  0  0  0  0  0  0 ]  [ 0  0  0  0  0  1  0 ]  [ 0  1  0  0  0  0  0 ]  [ 1  0  0  0  0  0  0 ]  [ 0  1  0  0  0  0  0 ]  [ 0  0  1  0  0  0  0 ]  [ 0  1  0  0  0  0  0 ]  [ 0  0  0  1  0  0  0 ]  [ 1  0  0  0  0  0  0 ]  [ 0  1  0  0  0  0  0 ]  [ 0  0  0  0  0  1  0 ]  [ 1  0  0  0  0  0  0 ]  [ 0  1  0  0  0  0  0 ]  [ 0  0  0  0  0  1  0 ]  [ 0  0  0  0  1  0  0 ]  [ 1  0  0  0  0  0  0 ]  [ 1  0  0  0  0  0  0 ]  [ 1  0  0  0  0  0  0 ]  [ 0  1  0  0  0  0  0 ]  [ 0  1  0  0  0  0  0 ]  [ 0  1  0  0  0  0  0 ]  [ 0  0  0  0  0  0  1 ]  [ 1  0  0  0  0  0  0 ]  [ 0  0  0  0  0  1  0 ]  [ 0  0  1  0  0  0  0 ]  [ 0  1  0  0  0  0  0 ]  [ 0  0  0  0  0  0  1 ]  [ 0  0  0  0  0  0  1 ]  [ 0  1  0  0  0  0  0 ]  [ 0  0  0  1  0  0  0 ]  [ 0  0  0  1  0  0  0 ]  [ 0  0  1  0  0  0  0 ]  [ 0  0  0  0  1  0  0 ]  [ 1  0  0  0  0  0  0 ]  [ 0  1  0  0  0  0  0 ]  [ 0  0  1  0  0  0  0 ]  [ 1  0  0  0  0  0  0 ]  [ 0  0  0  0  1  0  0 ]  [ 0  0  0  0  0  0  1 ]  [ 0  0  1  0  0  0  0 ]  [ 0  0  0  0  1  0  0 ]  [ 0  1  0  0  0  0  0 ]  [ 0  1  0  0  0  0  0 ]  [ 0  0  1  0  0  0  0 ]  [ 0  0  0  0  1  0  0 ]  [ 0  0  1  0  0  0  0 ]  [ 0  0  0  0  0  0  1 ]  [ 0  0  0  1  0  0  0 ]  [ 0  0  0  0  0  1  0 ]  [ 1  0  0  0  0  0  0 ]  [ 0  0  0  0  1  0  0 ]  [ 0  0  0  0  1  0  0 ]  [ 0  0  0  0  0  1  0 ]  [ 0  0  0  0  0  1  0 ]  [ 0  1  0  0  0  0  0 ]  [ 0  0  1  0  0  0  0 ]  [ 0  0  0  0  0  1  0 ]  [ 1  0  0  0  0  0  0 ]  [ 0  0  0  0  1  0  0 ]  [ 1  0  0  0  0  0  0 ]  [ 0  0  0  0  0  1  0 ]  [ 0  1  0  0  0  0  0 ]  [ 0  0  0  0  1  0  0 ]  [ 0  1  0  0  0  0  0 ]  [ 0  0  0  0  0  0  1 ]  [ 0  0  0  1  0  0  0 ]  [ 0  0  1  0  0  0  0 ]  [ 1  0  0  0  0  0  0 ]  [ 1  0  0  0  0  0  0 ]  [ 0  0  0  1  0  0  0 ]  [ 0  0  0  0  1  0  0 ]  [ 0  0  0  0  0  1  0 ]  [ 0  1  0  0  0  0  0 ]  [ 0  0  0  0  1  0  0 ]  [ 0  0  0  0  0  1  0 ]  [ 0  1  0  0  0  0  0 ]  [ 0  0  0  1  0  0  0 ]  [ 0  0  0  0  0  0  1 ]  [ 0  0  1  0  0  0  0 ]  [ 0  0  0  1  0  0  0 ]  [ 0  0  0  0  0  1  0 ]  [ 1  0  0  0  0  0  0 ]  [ 0  0  1  0  0  0  0 ]  [ 0  0  0  0  1  0  0 ]  [ 0  0  1  0  0  0  0 ]  [ 1  0  0  0  0  0  0 ]  [ 0  0  0  1  0  0  0 ]  [ 0  0  1  0  0  0  0 ]  [ 0  0  0  1  0  0  0 ]  [ 1  0  0  0  0  0  0 ]  [ 0  1  0  0  0  0  0 ]  [ 1  0  0  0  0  0  0 ]  [ 0  0  0  0  0  0  1 ]  [ 0  0  1  0  0  0  0 ]  [ 0  0  0  0  0  1  0 ]  [ 0  0  0  0  0  0  1 ]  [ 1  0  0  0  0  0  0 ]  [ 0  0  0  1  0  0  0 ]  [ 0  0  0  1  0  0  0 ]  [ 0  0  0  0  1  0  0 ]  [ 0  0  1  0  0  0  0 ]  [ 1  0  0  0  0  0  0 ]  [ 0  0  0  0  0  1  0 ]  [ 0  0  0  0  0  0  1 ]  [ 0  1  0  0  0  0  0 ]  [ 1  0  0  0  0  0  0 ]  [ 0  0  1  0  0  0  0 ]  [ 0  0  0  0  1  0  0 ]  [ 0  0  0  1  0  0  0 ]  [ 0  0  0  0  1  0  0 ]  [ 0  0  1  0  0  0  0 ]  [ 0  0  0  0  1  0  0 ]  [ 0  0  0  1  0  0  0 ]  [ 0  0  0  1  0  0  0 ]  [ 0  0  1  0  0  0  0 ]  [ 0  0  0  0  0  1  0 ]  [ 0  0  0  0  0  1  0 ]  [ 1  0  0  0  0  0  0 ]  [ 0  1  0  0  0  0  0 ]  [ 0  0  0  0  0  1  0 ]  [ 1  0  0  0  0  0  0 ]  [ 0  0  0  1  0  0  0 ]  [ 0  0  0  1  0  0  0 ]  [ 1  0  0  0  0  0  0 ]  [ 1  0  0  0  0  0  0 ]  [ 0  1  0  0  0  0  0 ]  [ 1  0  0  0  0  0  0 ]  [ 0  0  1  0  0  0  0 ]  [ 1  0  0  0  0  0  0 ]  [ 0  1  0  0  0  0  0 ]  [ 0  1  0  0  0  0  0 ]  [ 0  0  0  0  1  0  0 ]  [ 0  0  1  0  0  0  0 ]  [ 0  0  0  1  0  0  0 ]  [ 0  0  1  0  0  0  0 ]  [ 0  0  0  0  0  0  1 ]  [ 0  0  0  0  0  0  1 ]  [ 0  0  0  0  0  0  1 ]  [ 0  0  0  0  0  1  0 ]  [ 0  0  0  0  1  0  0 ]  [ 0  0  0  0  1  0  0 ]  [ 0  0  0  0  1  0  0 ]  [ 0  0  1  0  0  0  0 ]  [ 0  0  0  1  0  0  0 ]  [ 0  0  0  1  0  0  0 ]  [ 0  0  0  1  0  0  0 ]  [ 0  1  0  0  0  0  0 ]  [ 0  0  0  1  0  0  0 ]  [ 0  1  0  0  0  0  0 ]  [ 0  0  0  0  0  1  0 ]  [ 0  0  0  0  0  1  0 ]  [ 0  1  0  0  0  0  0 ]  [ 1  0  0  0  0  0  0 ]  [ 0  0  0  1  0  0  0 ]  [ 0  0  0  0  0  1  0 ]  [ 1  0  0  0  0  0  0 ]  [ 0  0  0  1  0  0  0 ]  [ 0  0  1  0  0  0  0 ]  [ 0  0  0  1  0  0  0 ]  [ 0  0  0  0  1  0  0 ]  [ 0  0  0  0  1  0  0 ]  [ 1  0  0  0  0  0  0 ]  [ 0  0  0  0  0  0  1 ]  [ 0  0  1  0  0  0  0 ]  [ 0  0  0  0  0  1  0 ]  [ 0  0  0  0  1  0  0 ]  [ 0  0  0  0  0  1  0 ]  [ 0  0  1  0  0  0  0 ]  [ 0  0  0  0  0  1  0 ]  [ 0  0  0  0  0  0  1 ]  [ 0  0  0  0  0  1  0 ]  [ 0  0  0  0  0  0  1 ]  [ 0  0  1  0  0  0  0 ]  [ 0  0  1  0  0  0  0 ]  [ 0  0  0  0  1  0  0 ]  [ 0  0  0  0  1  0  0 ]  [ 0  0  0  0  0  1  0 ]  [ 0  0  1  0  0  0  0 ]  [ 0  0  0  0  0  1  0 ]  [ 0  0  0  0  0  0  1 ]  [ 1  0  0  0  0  0  0 ]  [ 0  0  0  0  0  0  1 ]  [ 1  0  0  0  0  0  0 ]  [ 0  0  0  0  0  0  1 ]  [ 0  0  0  1  0  0  0 ]  [ 0  1  0  0  0  0  0 ]  [ 0  1  0  0  0  0  0 ]  [ 0  1  0  0  0  0  0 ]  [ 0  0  0  0  1  0  0 ]  [ 0  0  1  0  0  0  0 ]  [ 0  0  0  0  0  0  1 ]  [ 0  0  0  0  1  0  0 ]  [ 0  0  1  0  0  0  0 ]  [ 0  0  1  0  0  0  0 ]  [ 0  0  0  1  0  0  0 ]  [ 0  0  0  1  0  0  0 ]  [ 0  0  0  0  0  0  1 ]  [ 0  0  0  0  0  1  0 ]  [ 0  1  0  0  0  0  0 ]  [ 0  0  0  1  0  0  0 ]  [ 0  0  0  0  0  1  0 ]  [ 0  1  0  0  0  0  0 ]  [ 0  0  0  0  0  0  1 ]  [ 1  0  0  0  0  0  0 ]  [ 1  0  0  0  0  0  0 ]  [ 0  0  0  1  0  0  0 ]  [ 0  0  0  0  0  1  0 ]  [ 0  0  0  0  0  0  1 ]  [ 0  0  0  0  0  0  1 ]  [ 0  0  0  0  0  1  0 ]  [ 1  0  0  0  0  0  0 ]  [ 0  0  0  1  0  0  0 ]  [ 0  0  0  0  0  0  1 ]  [ 0  0  1  0  0  0  0 ]  [ 1  0  0  0  0  0  0 ]  [ 0  1  0  0  0  0  0 ]  [ 1  0  0  0  0  0  0 ]  [ 0  0  0  1  0  0  0 ]  [ 0  1  0  0  0  0  0 ]  [ 0  1  0  0  0  0  0 ]  [ 0  0  1  0  0  0  0 ]  [ 0  0  0  0  1  0  0 ]  [ 1  0  0  0  0  0  0 ]  [ 0  0  1  0  0  0  0 ]  [ 1  0  0  0  0  0  0 ]  [ 0  0  0  0  1  0  0 ]  [ 0  1  0  0  0  0  0 ]  [ 0  0  0  0  0  0  1 ]  [ 0  0  0  1  0  0  0 ]  [ 0  0  1  0  0  0  0 ]  [ 0  0  0  0  0  0  1 ]  [ 1  0  0  0  0  0  0 ]  [ 0  0  0  1  0  0  0 ]  [ 0  0  0  0  0  0  1 ]  [ 0  0  0  1  0  0  0 ]  [ 0  1  0  0  0  0  0 ]  [ 1  0  0  0  0  0  0 ]  [ 1  0  0  0  0  0  0 ]  [ 0  0  0  0  0  1  0 ]  [ 0  0  0  0  0  1  0 ]  [ 0  0  1  0  0  0  0 ]  [ 0  0  0  0  0  0  1 ]  [ 0  0  0  0  1  0  0 ]  [ 0  0  0  0  1  0  0 ]  [ 0  0  1  0  0  0  0 ]  [ 0  0  0  0  0  0  1 ]  [ 0  0  1  0  0  0  0 ]  [ 0  0  0  0  0  1  0 ]  [ 1  0  0  0  0  0  0 ]  [ 0  0  0  1  0  0  0 ]  [ 0  0  0  0  1  0  0 ]  [ 1  0  0  0  0  0  0 ]  [ 0  0  0  0  1  0  0 ]  [ 0  0  0  1  0  0  0 ]  [ 1  0  0  0  0  0  0 ]  [ 1  0  0  0  0  0  0 ]  [ 1  0  0  0  0  0  0 ]  [ 0  0  1  0  0  0  0 ]  [ 0  0  1  0  0  0  0 ]  [ 0  0  0  0  0  1  0 ]  [ 0  0  0  0  0  0  1 ]  [ 0  0  0  0  0  1  0 ]  [ 0  0  1  0  0  0  0 ]  [ 0  1  0  0  0  0  0 ]  [ 0  1  0  0  0  0  0 ]  [ 0  1  0  0  0  0  0 ]  [ 0  0  0  0  0  0  1 ]  [ 0  0  0  0  0  0  1 ]  [ 0  1  0  0  0  0  0 ]  [ 0  0  1  0  0  0  0 ]  [ 0  0  0  0  0  0  1 ]  [ 0  0  1  0  0  0  0 ]  [ 0  0  1  0  0  0  0 ]  [ 0  0  0  0  1  0  0 ]  [ 0  0  0  0  0  1  0 ]  [ 0  0  0  0  0  1  0 ]  [ 0  0  0  1  0  0  0 ]  [ 0  1  0  0  0  0  0 ]  [ 0  0  1  0  0  0  0 ]  [ 0  1  0  0  0  0  0 ]  [ 0  0  1  0  0  0  0 ]  [ 1  0  0  0  0  0  0 ]  [ 0  0  0  1  0  0  0 ]  [ 0  0  0  0  1  0  0 ]  [ 0  0  0  0  0  0  1 ]  [ 0  0  0  0  0  1  0 ]  [ 0  0  0  0  0  1  0 ]  [ 0  0  0  0  0  1  0 ]  [ 0  0  0  0  1  0  0 ]  [ 0  0  0  0  0  0  1 ]  [ 0  0  0  0  0  0  1 ]  [ 0  0  0  1  0  0  0 ]  [ 0  1  0  0  0  0  0 ]  [ 0  0  0  1  0  0  0 ]  [ 0  0  0  0  0  0  1 ]  [ 0  1  0  0  0  0  0 ]  [ 0  0  0  0  0  0  1 ]  [ 0  1  0  0  0  0  0 ]  [ 0  0  0  0  0  0  1 ]  [ 0  0  0  1  0  0  0 ]  [ 1  0  0  0  0  0  0 ]  [ 0  1  0  0  0  0  0 ]  [ 0  0  0  0  1  0  0 ]  [ 1  0  0  0  0  0  0 ]  [ 0  0  0  0  0  0  1 ]  [ 0  0  0  0  0  1  0 ]  [ 0  0  0  0  0  1  0 ]  [ 0  0  0  0  0  1  0 ]  [ 0  0  0  0  0  1  0 ]  [ 0  0  0  0  0  1  0 ]  [ 0  0  0  1  0  0  0 ]  [ 0  0  0  0  0  0  1 ]  [ 0  0  0  0  0  1  0 ]  [ 0  0  0  0  0  1  0 ]  [ 0  1  0  0  0  0  0 ]  [ 0  0  0  0  0  1  0 ]  [ 1  0  0  0  0  0  0 ]  [ 0  0  0  0  1  0  0 ]  [ 0  0  0  0  0  1  0 ]  [ 0  0  0  0  1  0  0 ]  [ 0  0  0  1  0  0  0 ]  [ 0  0  1  0  0  0  0 ]  [ 1  0  0  0  0  0  0 ]  [ 0  0  1  0  0  0  0 ]  [ 0  0  1  0  0  0  0 ]  [ 1  0  0  0  0  0  0 ]  [ 0  0  1  0  0  0  0 ]  [ 0  1  0  0  0  0  0 ]  [ 0  0  0  0  0  0  1 ]  [ 0  0  0  1  0  0  0 ]  [ 0  0  0  1  0  0  0 ]  [ 1  0  0  0  0  0  0 ]  [ 0  0  0  0  0  1  0 ]  [ 0  0  0  1  0  0  0 ]  [ 0  0  0  0  0  0  1 ]  [ 0  0  0  0  1  0  0 ]  [ 0  0  0  0  0  1  0 ]  [ 0  0  1  0  0  0  0 ]  [ 0  0  0  0  1  0  0 ]  [ 0  0  1  0  0  0  0 ]  [ 0  0  1  0  0  0  0 ]  [ 0  0  1  0  0  0  0 ]  [ 1  0  0  0  0  0  0 ]  [ 0  0  0  0  0  0  1 ]  [ 0  0  0  0  1  0  0 ]  [ 0  0  0  0  0  0  1 ]  [ 1  0  0  0  0  0  0 ]  [ 0  0  0  0  0  1  0 ]  [ 0  0  0  0  0  1  0 ]  [ 0  1  0  0  0  0  0 ]  [ 0  0  1  0  0  0  0 ]  [ 0  0  0  0  0  1  0 ]  [ 0  0  0  0  1  0  0 ]  [ 0  1  0  0  0  0  0 ]  [ 0  0  0  0  0  0  1 ]  [ 1  0  0  0  0  0  0 ]  [ 0  0  0  0  0  0  1 ]  [ 0  0  0  0  1  0  0 ]  [ 0  0  0  0  0  1  0 ]  [ 0  0  1  0  0  0  0 ]  [ 0  0  0  0  0  1  0 ]  [ 0  0  0  1  0  0  0 ]  [ 0  0  1  0  0  0  0 ]  [ 0  0  0  0  0  1  0 ]  [ 0  0  1  0  0  0  0 ]  [ 0  0  0  0  0  0  1 ]  [ 0  0  0  0  1  0  0 ]  [ 0  0  0  0  1  0  0 ]  [ 1  0  0  0  0  0  0 ]  [ 0  0  0  0  0  1  0 ]  [ 0  1  0  0  0  0  0 ]  [ 1  0  0  0  0  0  0 ]  [ 0  0  0  0  0  1  0 ]  [ 1  0  0  0  0  0  0 ]  [ 0  0  1  0  0  0  0 ]  [ 1  0  0  0  0  0  0 ]  [ 1  0  0  0  0  0  0 ]  [ 1  0  0  0  0  0  0 ]  [ 0  0  0  0  1  0  0 ]  [ 0  1  0  0  0  0  0 ]  [ 0  0  0  0  0  0  1 ]  [ 0  0  0  0  1  0  0 ]  [ 1  0  0  0  0  0  0 ]  [ 0  1  0  0  0  0  0 ]  [ 0  1  0  0  0  0  0 ]  [ 1  0  0  0  0  0  0 ]  [ 0  0  0  1  0  0  0 ]  [ 0  0  0  0  0  1  0 ]  [ 0  0  1  0  0  0  0 ]  [ 1  0  0  0  0  0  0 ]  [ 0  1  0  0  0  0  0 ]  [ 0  1  0  0  0  0  0 ]  [ 0  0  0  1  0  0  0 ]  [ 0  0  0  1  0  0  0 ]  [ 0  0  0  0  0  0  1 ]  [ 1  0  0  0  0  0  0 ]  [ 0  0  0  0  0  1  0 ]  [ 0  0  0  0  0  1  0 ]  [ 0  0  0  0  0  1  0 ]  [ 0  0  0  0  1  0  0 ]  [ 0  0  1  0  0  0  0 ]  [ 1  0  0  0  0  0  0 ]  [ 0  0  1  0  0  0  0 ]  [ 0  1  0  0  0  0  0 ]  [ 0  0  0  0  1  0  0 ]  [ 0  0  0  0  0  0  1 ]  [ 0  0  0  0  1  0  0 ]  [ 0  0  0  1  0  0  0 ]  [ 0  0  1  0  0  0  0 ]  [ 0  0  0  0  0  1  0 ]  [ 0  0  0  1  0  0  0 ]  [ 0  0  0  0  1  0  0 ]  [ 0  0  0  0  0  0  1 ]  [ 0  1  0  0  0  0  0 ]  [ 1  0  0  0  0  0  0 ]  [ 0  0  0  0  1  0  0 ]  [ 0  0  0  0  1  0  0 ]  [ 1  0  0  0  0  0  0 ]  [ 1  0  0  0  0  0  0 ]  [ 0  0  0  0  1  0  0 ]  [ 0  0  0  0  0  1  0 ]  [ 0  0  0  0  0  0  1 ]  [ 0  0  0  0  1  0  0 ]  [ 0  0  0  0  1  0  0 ]  [ 1  0  0  0  0  0  0 ]  [ 0  0  0  0  1  0  0 ]  [ 0  1  0  0  0  0  0 ]  [ 0  0  0  1  0  0  0 ]  [ 0  1  0  0  0  0  0 ]  [ 0  0  0  1  0  0  0 ]  [ 0  1  0  0  0  0  0 ]  [ 0  0  0  1  0  0  0 ]  [ 0  0  1  0  0  0  0 ]  [ 1  0  0  0  0  0  0 ]  [ 1  0  0  0  0  0  0 ]  [ 0  0  0  0  0  1  0 ]  [ 0  0  1  0  0  0  0 ]  [ 0  0  0  0  1  0  0 ]  [ 0  0  0  0  1  0  0 ]  [ 0  0  0  1  0  0  0 ]  [ 0  0  0  0  1  0  0 ]  [ 0  0  0  0  1  0  0 ]  [ 0  1  0  0  0  0  0 ]  [ 0  0  0  1  0  0  0 ]  [ 0  0  1  0  0  0  0 ]  [ 0  0  1  0  0  0  0 ]  [ 0  0  0  0  0  0  1 ]  [ 0  0  0  0  1  0  0 ]  [ 0  1  0  0  0  0  0 ]  [ 0  0  0  1  0  0  0 ]  [ 0  0  0  0  1  0  0 ]  [ 0  0  1  0  0  0  0 ]  [ 0  1  0  0  0  0  0 ]  [ 0  0  0  1  0  0  0 ]  [ 0  0  1  0  0  0  0 ]  [ 0  0  0  1  0  0  0 ]  [ 0  0  0  0  1  0  0 ]  [ 0  0  0  1  0  0  0 ]  [ 0  0  1  0  0  0  0 ]  [ 0  0  0  0  0  0  1 ]  [ 0  0  0  0  0  1  0 ]  [ 0  1  0  0  0  0  0 ]  [ 0  1  0  0  0  0  0 ]  [ 0  1  0  0  0  0  0 ]  [ 1  0  0  0  0  0  0 ]  [ 0  0  0  0  0  1  0 ]  [ 0  1  0  0  0  0  0 ]  [ 0  0  1  0  0  0  0 ]  [ 0  0  0  1  0  0  0 ]  [ 0  0  1  0  0  0  0 ]  [ 1  0  0  0  0  0  0 ]  [ 0  0  0  0  0  1  0 ]  [ 0  1  0  0  0  0  0 ]  [ 1  0  0  0  0  0  0 ]  [ 0  0  0  0  0  1  0 ]  [ 0  0  0  1  0  0  0 ]  [ 0  0  0  1  0  0  0 ]  [ 0  0  0  0  0  0  1 ]  [ 0  0  0  0  0  1  0 ]  [ 0  0  1  0  0  0  0 ]  [ 0  0  0  0  1  0  0 ]  [ 0  1  0  0  0  0  0 ]  [ 1  0  0  0  0  0  0 ]  [ 0  0  0  0  1  0  0 ]  [ 0  0  0  0  1  0  0 ]  [ 0  0  0  0  1  0  0 ]  [ 0  1  0  0  0  0  0 ]  [ 0  0  0  0  0  1  0 ]  [ 0  0  0  0  1  0  0 ]  [ 1  0  0  0  0  0  0 ]  [ 0  0  1  0  0  0  0 ]  [ 0  0  0  1  0  0  0 ]  [ 0  0  0  1  0  0  0 ]  [ 0  0  0  0  0  0  1 ]  [ 1  0  0  0  0  0  0 ]  [ 0  0  0  0  0  0  1 ]  [ 0  0  0  0  1  0  0 ]  [ 0  0  0  0  0  1  0 ]  [ 0  0  0  0  0  0  1 ]  [ 0  0  0  1  0  0  0 ]  [ 0  1  0  0  0  0  0 ]  [ 0  0  0  1  0  0  0 ]  [ 0  0  1  0  0  0  0 ]  [ 0  0  0  0  0  1  0 ]  [ 0  0  0  0  0  0  1 ]  [ 1  0  0  0  0  0  0 ]  [ 0  0  0  0  0  1  0 ]  [ 1  0  0  0  0  0  0 ]  [ 0  0  0  0  1  0  0 ]  [ 0  0  0  1  0  0  0 ]  [ 0  0  0  0  1  0  0 ]  [ 1  0  0  0  0  0  0 ]  [ 1  0  0  0  0  0  0 ]  [ 0  1  0  0  0  0  0 ]  [ 0  0  0  0  0  1  0 ]  [ 0  0  0  0  0  0  1 ]  [ 0  1  0  0  0  0  0 ]  [ 0  1  0  0  0  0  0 ]  [ 0  0  0  1  0  0  0 ]  [ 1  0  0  0  0  0  0 ]  [ 0  0  0  0  0  0  1 ]  [ 0  0  1  0  0  0  0 ]  [ 0  0  0  0  0  1  0 ]  [ 0  0  1  0  0  0  0 ]  [ 0  0  0  0  0  0  1 ]  [ 0  0  1  0  0  0  0 ]  [ 0  0  0  0  0  0  1 ]  [ 0  0  0  1  0  0  0 ]  [ 0  0  0  0  1  0  0 ]  [ 0  0  0  0  1  0  0 ]  [ 0  0  0  1  0  0  0 ]  [ 0  0  0  0  1  0  0 ]  [ 0  1  0  0  0  0  0 ]  [ 0  0  0  1  0  0  0 ]  [ 1  0  0  0  0  0  0 ]  [ 0  0  1  0  0  0  0 ]  [ 0  0  0  0  0  1  0 ]  [ 0  1  0  0  0  0  0 ]  [ 0  0  0  1  0  0  0 ]  [ 0  0  0  0  0  0  1 ]  [ 1  0  0  0  0  0  0 ]  [ 0  0  0  0  0  1  0 ]  [ 0  1  0  0  0  0  0 ]  [ 0  0  0  1  0  0  0 ]  [ 1  0  0  0  0  0  0 ]  [ 1  0  0  0  0  0  0 ]  [ 0  0  0  1  0  0  0 ]  [ 0  0  0  0  1  0  0 ]  [ 0  0  0  0  0  1  0 ]  [ 0  0  1  0  0  0  0 ]  [ 0  0  0  1  0  0  0 ]  [ 0  0  0  0  1  0  0 ]  [ 0  0  0  0  0  0  1 ]  [ 0  0  0  0  0  0  1 ]  [ 0  0  1  0  0  0  0 ]  [ 0  0  0  1  0  0  0 ]  [ 0  0  0  0  0  1  0 ]  [ 0  0  0  0  0  0  1 ]  [ 0  0  0  0  1  0  0 ]  [ 0  0  0  0  0  0  1 ]  [ 0  0  0  0  0  1  0 ]  [ 1  0  0  0  0  0  0 ]  [ 0  1  0  0  0  0  0 ]  [ 0  0  0  0  1  0  0 ]  [ 0  0  0  0  1  0  0 ]  [ 0  0  0  0  0  0  1 ]  [ 0  0  0  1  0  0  0 ]  [ 0  0  1  0  0  0  0 ]  [ 0  1  0  0  0  0  0 ]  [ 0  0  0  0  1  0  0 ]  [ 1  0  0  0  0  0  0 ]  [ 1  0  0  0  0  0  0 ]  [ 0  0  0  0  0  0  1 ]  [ 0  0  0  0  0  0  1 ]  [ 1  0  0  0  0  0  0 ]  [ 0  0  1  0  0  0  0 ]  [ 0  0  0  0  0  1  0 ]  [ 0  0  0  0  0  0  1 ]  [ 0  1  0  0  0  0  0 ]  [ 0  1  0  0  0  0  0 ]  [ 0  0  0  1  0  0  0 ]  [ 0  0  0  0  0  0  1 ]  [ 0  0  0  1  0  0  0 ]  [ 0  0  0  0  0  1  0 ]  [ 0  0  0  1  0  0  0 ]  [ 0  0  0  0  0  1  0 ]  [ 0  1  0  0  0  0  0 ]  [ 0  0  0  0  0  1  0 ]  [ 0  0  0  1  0  0  0 ]  [ 0  0  0  0  0  0  1 ] ];

ObjRequests = {  <1,3,266>, <2,3,226>, <3,3,62>, <4,3,137>, <5,3,35>, <6,3,36>, <7,3,97>, <8,3,93>, <10,3,122>, <11,3,36>, <12,3,35>, <13,3,6>, <14,3,53>, <15,3,79>, <16,3,83>, <17,3,5>, <18,3,13>, <19,3,3>, <20,3,24>, <21,3,4>, <22,3,37>, <23,3,6>, <24,3,8>, <25,3,8>, <26,3,8>, <27,3,7>, <28,3,7>, <29,3,11>, <30,3,5>, <31,3,2>, <32,3,2>, <34,3,6>, <35,3,1>, <36,3,5>, <37,3,7>, <38,3,10>, <40,3,24>, <41,3,11>, <42,3,13>, <43,3,25>, <44,3,4>, <45,3,18>, <46,3,6>, <47,3,6>, <48,3,13>, <49,3,3>, <50,3,8>, <51,3,13>, <52,3,11>, <53,3,3>, <54,3,1>, <55,3,5>, <56,3,1>, <57,3,10>, <58,3,6>, <59,3,5>, <60,3,14>, <61,3,5>, <62,3,17>, <63,3,1>, <65,3,1>, <66,3,1>, <67,3,3>, <68,3,10>, <69,3,8>, <70,3,8>, <72,3,3>, <73,3,1>, <74,3,3>, <75,3,4>, <76,3,1>, <77,3,3>, <78,3,5>, <79,3,1>, <80,3,11>, <81,3,6>, <82,3,1>, <83,3,1>, <84,3,3>, <85,3,1>, <86,3,2>, <89,3,2>, <90,3,9>, <91,3,2>, <92,3,2>, <93,3,6>, <94,3,1>, <95,3,4>, <96,3,4>, <97,3,8>, <98,3,1>, <99,3,5>, <100,3,5>, <101,3,7>, <102,3,3>, <103,3,1>, <104,3,7>, <105,3,3>, <107,3,1>, <108,3,3>, <109,3,5>, <110,3,7>, <112,3,1>, <113,3,1>, <114,3,1>, <115,3,3>, <117,3,7>, <118,3,2>, <120,3,5>, <121,3,5>, <122,3,6>, <123,3,14>, <124,3,5>, <125,3,1>, <126,3,5>, <127,3,3>, <130,3,1>, <131,3,5>, <132,3,5>, <133,3,14>, <134,3,6>, <135,3,4>, <136,3,5>, <137,3,2>, <138,3,5>, <140,3,2>, <142,3,1>, <143,3,2>, <144,3,1>, <145,3,2>, <146,3,2>, <147,3,1>, <148,3,1>, <149,3,2>, <150,3,3>, <151,3,2>, <152,3,2>, <153,3,2>, <154,3,7>, <155,3,1>, <157,3,2>, <158,3,1>, <159,3,1>, <160,3,1>, <162,3,1>, <163,3,6>, <164,3,2>, <165,3,1>, <166,3,1>, <167,3,2>, <168,3,1>, <169,3,1>, <172,3,4>, <174,3,5>, <176,3,1>, <177,3,2>, <179,3,3>, <180,3,3>, <181,3,1>, <182,3,4>, <183,3,3>, <184,3,1>, <185,3,1>, <186,3,5>, <187,3,1>, <188,3,5>, <191,3,2>, <192,3,1>, <193,3,4>, <194,3,2>, <195,3,2>, <196,3,1>, <198,3,2>, <199,3,1>, <200,3,2>, <201,3,1>, <202,3,4>, <203,3,2>, <204,3,2>, <205,3,2>, <210,3,3>, <211,3,1>, <212,3,5>, <213,3,2>, <215,3,2>, <216,3,3>, <217,3,1>, <218,3,3>, <219,3,2>, <220,3,3>, <221,3,2>, <222,3,1>, <223,3,5>, <224,3,3>, <225,3,2>, <226,3,4>, <227,3,1>, <229,3,3>, <230,3,3>, <231,3,1>, <232,3,1>, <233,3,5>, <234,3,1>, <235,3,1>, <236,3,4>, <238,3,2>, <241,3,2>, <244,3,2>, <245,3,2>, <246,3,2>, <252,3,3>, <254,3,7>, <255,3,3>, <259,3,1>, <261,3,1>, <262,3,2>, <263,3,1>, <266,3,1>, <267,3,3>, <268,3,4>, <269,3,2>, <270,3,1>, <271,3,1>, <272,3,1>, <273,3,3>, <275,3,2>, <276,3,1>, <277,3,4>, <278,3,1>, <279,3,2>, <280,3,4>, <281,3,1>, <285,3,3>, <286,3,1>, <287,3,5>, <288,3,2>, <291,3,2>, <292,3,1>, <295,3,1>, <297,3,1>, <298,3,1>, <299,3,1>, <300,3,3>, <302,3,1>, <304,3,1>, <305,3,1>, <306,3,1>, <308,3,2>, <309,3,1>, <312,3,2>, <313,3,1>, <315,3,1>, <319,3,1>, <320,3,2>, <322,3,1>, <324,3,1>, <326,3,1>, <327,3,3>, <328,3,1>, <329,3,1>, <330,3,2>, <331,3,1>, <333,3,1>, <334,3,1>, <336,3,1>, <337,3,1>, <338,3,2>, <339,3,1>, <340,3,1>, <342,3,5>, <344,3,2>, <347,3,1>, <348,3,1>, <349,3,1>, <350,3,1>, <353,3,1>, <356,3,4>, <357,3,1>, <359,3,2>, <361,3,1>, <362,3,1>, <363,3,1>, <364,3,2>, <365,3,1>, <366,3,1>, <368,3,1>, <369,3,1>, <370,3,3>, <371,3,1>, <373,3,1>, <376,3,1>, <378,3,1>, <379,3,3>, <381,3,1>, <383,3,2>, <384,3,1>, <388,3,1>, <389,3,1>, <390,3,1>, <391,3,1>, <393,3,1>, <396,3,1>, <397,3,1>, <399,3,1>, <400,3,4>, <401,3,1>, <403,3,1>, <404,3,1>, <405,3,1>, <406,3,2>, <408,3,1>, <409,3,1>, <411,3,2>, <412,3,2>, <413,3,1>, <414,3,2>, <415,3,2>, <416,3,1>, <418,3,1>, <419,3,1>, <420,3,2>, <421,3,3>, <423,3,2>, <424,3,1>, <425,3,1>, <428,3,1>, <429,3,2>, <430,3,1>, <431,3,1>, <432,3,1>, <433,3,1>, <434,3,1>, <435,3,4>, <436,3,1>, <440,3,1>, <442,3,1>, <443,3,2>, <444,3,1>, <445,3,1>, <451,3,1>, <453,3,1>, <454,3,4>, <455,3,2>, <456,3,1>, <457,3,1>, <463,3,1>, <469,3,2>, <470,3,1>, <471,3,2>, <475,3,1>, <476,3,2>, <477,3,1>, <479,3,1>, <480,3,1>, <482,3,2>, <483,3,1>, <485,3,1>, <486,3,1>, <487,3,1>, <488,3,1>, <489,3,2>, <491,3,2>, <493,3,1>, <495,3,2>, <498,3,1>, <499,3,1>, <501,3,2>, <505,3,1>, <506,3,2>, <509,3,1>, <512,3,2>, <513,3,1>, <514,3,1>, <517,3,3>, <518,3,1>, <522,3,1>, <523,3,1>, <524,3,1>, <525,3,2>, <527,3,1>, <528,3,1>, <532,3,1>, <533,3,1>, <539,3,1>, <540,3,1>, <541,3,1>, <544,3,1>, <545,3,1>, <546,3,1>, <548,3,1>, <550,3,1>, <551,3,1>, <555,3,3>, <556,3,1>, <558,3,1>, <559,3,1>, <560,3,1>, <561,3,1>, <562,3,1>, <567,3,1>, <570,3,1>, <576,3,1>, <577,3,1>, <581,3,1>, <582,3,1>, <583,3,1>, <584,3,1>, <585,3,1>, <586,3,1>, <587,3,1>, <597,3,1>, <598,3,1>, <599,3,1>, <602,3,1>, <604,3,1>, <607,3,2>, <611,3,1>, <612,3,4>, <619,3,1>, <623,3,2>, <624,3,1>, <626,3,1>, <631,3,2>, <634,3,1>, <636,3,1>, <637,3,1>, <638,3,1>, <642,3,1>, <644,3,1>, <649,3,1>, <651,3,1>, <653,3,1>, <663,3,1>, <664,3,1>, <666,3,3>, <673,3,3>, <675,3,1>, <677,3,2>, <683,3,1>, <684,3,1>, <685,3,1>, <695,3,1>, <697,3,1>, <703,3,1>, <705,3,1>, <708,3,1>, <711,3,1>, <712,3,1>, <715,3,2>, <722,3,1>, <724,3,2>, <729,3,1>, <732,3,1>, <736,3,1>, <738,3,1>, <739,3,2>, <741,3,2>, <742,3,1>, <743,3,2>, <746,3,1>, <753,3,1>, <755,3,2>, <758,3,1>, <759,3,1>, <761,3,1>, <766,3,1>, <772,3,2>, <776,3,1>, <777,3,1>, <780,3,2>, <782,3,1>, <783,3,1>, <786,3,1>, <787,3,1>, <788,3,2>, <790,3,1>, <791,3,1>, <800,3,1>, <805,3,3>, <807,3,1>, <808,3,1>, <816,3,1>, <817,3,1>, <822,3,2>, <825,3,1>, <828,3,2>, <831,3,1>, <832,3,1>, <839,3,1>, <842,3,1>, <853,3,1>, <854,3,1>, <856,3,1>, <858,3,1>, <863,3,1>, <864,3,1>, <865,3,1>, <867,3,1>, <873,3,1>, <875,3,1>, <881,3,1>, <885,3,1>, <889,3,1>, <891,3,1>, <895,3,1>, <899,3,1>, <905,3,1>, <906,3,1>, <908,3,1>, <911,3,1>, <916,3,1>, <929,3,1>, <930,3,1>, <931,3,1>, <948,3,1>, <956,3,1>, <964,3,1>, <979,3,1>, <980,3,1>, <999,3,1>, <1000,3,1>, <1,4,237>, <2,4,31>, <3,4,395>, <4,4,7>, <5,4,85>, <6,4,61>, <7,4,14>, <8,4,49>, <9,4,52>, <10,4,21>, <11,4,25>, <12,4,6>, <13,4,2>, <14,4,7>, <16,4,6>, <17,4,42>, <18,4,12>, <19,4,9>, <20,4,1>, <21,4,30>, <23,4,29>, <25,4,8>, <26,4,9>, <27,4,3>, <28,4,2>, <29,4,2>, <30,4,10>, <31,4,19>, <32,4,24>, <33,4,28>, <34,4,16>, <36,4,12>, <37,4,1>, <38,4,6>, <39,4,3>, <40,4,7>, <41,4,8>, <42,4,4>, <43,4,9>, <44,4,6>, <45,4,1>, <47,4,5>, <48,4,1>, <49,4,15>, <50,4,17>, <51,4,9>, <52,4,14>, <53,4,5>, <54,4,17>, <55,4,3>, <56,4,2>, <57,4,12>, <58,4,2>, <59,4,1>, <60,4,3>, <61,4,4>, <63,4,1>, <64,4,4>, <65,4,2>, <66,4,2>, <67,4,5>, <68,4,1>, <70,4,2>, <71,4,2>, <72,4,1>, <73,4,20>, <74,4,1>, <75,4,6>, <76,4,1>, <77,4,5>, <78,4,6>, <79,4,1>, <80,4,3>, <81,4,8>, <82,4,6>, <83,4,4>, <84,4,2>, <85,4,5>, <86,4,4>, <87,4,3>, <89,4,3>, <91,4,4>, <92,4,2>, <93,4,1>, <94,4,4>, <95,4,2>, <96,4,3>, <97,4,1>, <98,4,1>, <99,4,2>, <100,4,3>, <101,4,8>, <102,4,12>, <103,4,1>, <104,4,1>, <106,4,2>, <107,4,6>, <109,4,5>, <110,4,1>, <111,4,1>, <112,4,3>, <113,4,4>, <115,4,2>, <116,4,1>, <117,4,5>, <118,4,1>, <120,4,3>, <121,4,2>, <122,4,1>, <123,4,2>, <125,4,5>, <126,4,4>, <127,4,2>, <130,4,2>, <131,4,3>, <133,4,3>, <134,4,2>, <135,4,1>, <136,4,1>, <137,4,5>, <138,4,5>, <140,4,4>, <141,4,1>, <142,4,1>, <143,4,1>, <144,4,4>, <145,4,3>, <146,4,6>, <147,4,7>, <149,4,2>, <150,4,7>, <151,4,3>, <152,4,1>, <154,4,1>, <155,4,1>, <159,4,5>, <161,4,4>, <162,4,4>, <163,4,2>, <164,4,5>, <165,4,1>, <166,4,2>, <167,4,1>, <168,4,1>, <169,4,2>, <170,4,1>, <171,4,1>, <172,4,4>, <173,4,3>, <174,4,1>, <175,4,1>, <177,4,1>, <178,4,1>, <180,4,2>, <181,4,1>, <182,4,2>, <184,4,5>, <185,4,4>, <187,4,1>, <189,4,4>, <190,4,2>, <191,4,2>, <192,4,3>, <195,4,1>, <199,4,1>, <200,4,1>, <201,4,1>, <202,4,3>, <203,4,4>, <204,4,1>, <206,4,1>, <207,4,2>, <209,4,5>, <210,4,2>, <212,4,1>, <214,4,2>, <217,4,2>, <218,4,1>, <219,4,1>, <221,4,3>, <225,4,2>, <226,4,2>, <227,4,2>, <228,4,3>, <230,4,3>, <231,4,1>, <232,4,1>, <234,4,7>, <236,4,2>, <237,4,1>, <238,4,3>, <239,4,1>, <240,4,1>, <241,4,1>, <242,4,1>, <243,4,1>, <244,4,1>, <245,4,2>, <246,4,1>, <247,4,1>, <248,4,4>, <249,4,3>, <251,4,2>, <253,4,1>, <254,4,2>, <256,4,1>, <261,4,1>, <262,4,1>, <263,4,1>, <264,4,1>, <265,4,1>, <268,4,1>, <269,4,7>, <270,4,3>, <271,4,1>, <274,4,1>, <278,4,3>, <280,4,1>, <283,4,3>, <284,4,1>, <285,4,3>, <286,4,1>, <287,4,1>, <291,4,1>, <292,4,1>, <294,4,2>, <295,4,1>, <297,4,1>, <302,4,2>, <303,4,3>, <305,4,3>, <306,4,6>, <308,4,1>, <309,4,3>, <313,4,3>, <314,4,1>, <315,4,1>, <317,4,1>, <318,4,1>, <319,4,1>, <320,4,1>, <321,4,1>, <323,4,1>, <327,4,1>, <328,4,1>, <329,4,2>, <331,4,3>, <332,4,1>, <334,4,3>, <337,4,1>, <339,4,1>, <343,4,4>, <344,4,1>, <345,4,1>, <346,4,1>, <348,4,3>, <349,4,1>, <350,4,1>, <351,4,1>, <354,4,1>, <357,4,1>, <359,4,1>, <361,4,1>, <364,4,2>, <365,4,3>, <366,4,1>, <370,4,2>, <372,4,3>, <373,4,4>, <374,4,1>, <376,4,3>, <377,4,2>, <378,4,2>, <380,4,1>, <381,4,5>, <383,4,1>, <384,4,3>, <390,4,1>, <399,4,1>, <400,4,2>, <404,4,2>, <406,4,1>, <411,4,3>, <412,4,2>, <413,4,1>, <414,4,1>, <416,4,1>, <417,4,1>, <418,4,1>, <421,4,1>, <422,4,1>, <425,4,1>, <426,4,2>, <429,4,3>, <434,4,1>, <436,4,1>, <438,4,2>, <439,4,2>, <440,4,1>, <442,4,1>, <445,4,4>, <448,4,2>, <449,4,1>, <458,4,1>, <462,4,1>, <465,4,1>, <467,4,1>, <474,4,1>, <475,4,2>, <481,4,2>, <482,4,1>, <484,4,1>, <488,4,1>, <489,4,1>, <490,4,1>, <492,4,1>, <495,4,1>, <497,4,3>, <499,4,1>, <501,4,1>, <502,4,3>, <503,4,1>, <505,4,1>, <515,4,1>, <517,4,2>, <518,4,1>, <519,4,1>, <524,4,2>, <525,4,1>, <526,4,2>, <527,4,1>, <528,4,1>, <537,4,1>, <538,4,2>, <541,4,3>, <544,4,1>, <546,4,1>, <550,4,2>, <553,4,2>, <555,4,1>, <557,4,1>, <560,4,1>, <561,4,3>, <577,4,2>, <581,4,1>, <583,4,1>, <584,4,1>, <585,4,1>, <589,4,1>, <590,4,1>, <591,4,1>, <592,4,1>, <597,4,3>, <599,4,1>, <601,4,2>, <603,4,1>, <611,4,2>, <612,4,1>, <616,4,1>, <619,4,1>, <622,4,1>, <624,4,1>, <630,4,1>, <631,4,1>, <634,4,1>, <643,4,1>, <644,4,2>, <645,4,1>, <646,4,1>, <647,4,1>, <653,4,1>, <654,4,1>, <659,4,1>, <662,4,1>, <669,4,1>, <671,4,1>, <675,4,1>, <677,4,1>, <680,4,2>, <684,4,1>, <689,4,1>, <694,4,1>, <701,4,5>, <706,4,2>, <707,4,1>, <708,4,1>, <712,4,1>, <718,4,1>, <722,4,1>, <728,4,1>, <731,4,1>, <733,4,1>, <735,4,2>, <739,4,1>, <740,4,1>, <741,4,1>, <742,4,1>, <747,4,2>, <749,4,1>, <751,4,1>, <755,4,1>, <759,4,1>, <763,4,1>, <769,4,1>, <771,4,1>, <774,4,1>, <776,4,2>, <782,4,1>, <783,4,1>, <784,4,1>, <791,4,1>, <792,4,1>, <795,4,1>, <797,4,1>, <799,4,1>, <800,4,1>, <803,4,1>, <804,4,1>, <807,4,4>, <812,4,1>, <815,4,1>, <817,4,1>, <819,4,1>, <820,4,2>, <822,4,1>, <823,4,1>, <832,4,1>, <836,4,1>, <842,4,1>, <852,4,2>, <853,4,1>, <856,4,2>, <863,4,1>, <864,4,1>, <865,4,1>, <868,4,1>, <871,4,1>, <872,4,2>, <879,4,1>, <880,4,1>, <881,4,1>, <882,4,1>, <887,4,1>, <893,4,1>, <896,4,2>, <908,4,1>, <911,4,1>, <913,4,1>, <915,4,3>, <918,4,1>, <926,4,1>, <927,4,1>, <928,4,1>, <930,4,1>, <934,4,1>, <941,4,1>, <942,4,1>, <945,4,2>, <946,4,1>, <947,4,1>, <948,4,1>, <951,4,1>, <954,4,1>, <956,4,1>, <977,4,1>, <982,4,2>, <983,4,1>, <986,4,1>, <988,4,1>, <989,4,1>, <990,4,1>, <996,4,1>, <1,6,297>, <2,6,354>, <3,6,44>, <4,6,166>, <5,6,36>, <6,6,17>, <7,6,37>, <8,6,10>, <9,6,32>, <10,6,15>, <11,6,18>, <12,6,3>, <13,6,72>, <14,6,5>, <15,6,24>, <16,6,3>, <17,6,2>, <18,6,9>, <19,6,51>, <20,6,8>, <21,6,30>, <22,6,40>, <24,6,5>, <25,6,14>, <26,6,3>, <27,6,11>, <28,6,13>, <29,6,41>, <30,6,3>, <31,6,1>, <32,6,27>, <34,6,5>, <35,6,7>, <36,6,7>, <37,6,15>, <38,6,12>, <39,6,1>, <40,6,10>, <41,6,15>, <42,6,8>, <43,6,3>, <44,6,20>, <46,6,6>, <47,6,2>, <48,6,12>, <49,6,5>, <50,6,2>, <51,6,4>, <52,6,9>, <53,6,3>, <54,6,7>, <55,6,6>, <56,6,4>, <58,6,3>, <59,6,11>, <60,6,1>, <61,6,5>, <62,6,1>, <63,6,5>, <64,6,5>, <65,6,3>, <66,6,6>, <67,6,7>, <68,6,1>, <69,6,1>, <70,6,8>, <71,6,6>, <72,6,6>, <73,6,2>, <74,6,2>, <76,6,6>, <78,6,5>, <79,6,16>, <80,6,6>, <81,6,1>, <82,6,11>, <83,6,6>, <84,6,4>, <85,6,7>, <86,6,1>, <87,6,2>, <88,6,2>, <89,6,7>, <90,6,3>, <91,6,4>, <92,6,1>, <93,6,9>, <94,6,1>, <95,6,2>, <96,6,2>, <97,6,4>, <98,6,4>, <99,6,6>, <100,6,1>, <101,6,4>, <102,6,2>, <105,6,3>, <106,6,6>, <107,6,6>, <108,6,7>, <109,6,3>, <110,6,4>, <111,6,2>, <113,6,1>, <114,6,3>, <115,6,3>, <116,6,2>, <117,6,1>, <118,6,2>, <119,6,3>, <120,6,6>, <121,6,4>, <122,6,3>, <123,6,2>, <124,6,1>, <126,6,4>, <127,6,1>, <128,6,3>, <129,6,1>, <130,6,1>, <131,6,2>, <133,6,2>, <134,6,6>, <135,6,3>, <138,6,1>, <139,6,2>, <140,6,1>, <141,6,2>, <142,6,2>, <143,6,8>, <144,6,2>, <145,6,1>, <146,6,5>, <147,6,1>, <148,6,1>, <149,6,1>, <150,6,1>, <151,6,2>, <152,6,1>, <153,6,3>, <154,6,1>, <157,6,1>, <158,6,1>, <159,6,4>, <160,6,1>, <161,6,3>, <162,6,1>, <164,6,8>, <165,6,1>, <167,6,1>, <168,6,1>, <169,6,1>, <171,6,4>, <172,6,5>, <173,6,1>, <174,6,1>, <177,6,5>, <179,6,2>, <180,6,2>, <181,6,6>, <182,6,2>, <183,6,3>, <184,6,2>, <185,6,1>, <186,6,1>, <187,6,1>, <188,6,4>, <189,6,3>, <190,6,7>, <192,6,2>, <193,6,1>, <195,6,2>, <196,6,2>, <197,6,3>, <198,6,1>, <199,6,1>, <201,6,1>, <202,6,2>, <203,6,1>, <204,6,2>, <205,6,1>, <206,6,1>, <207,6,2>, <208,6,3>, <209,6,3>, <210,6,3>, <211,6,3>, <212,6,1>, <214,6,1>, <215,6,1>, <216,6,3>, <217,6,1>, <218,6,3>, <219,6,2>, <220,6,1>, <221,6,1>, <222,6,1>, <223,6,1>, <224,6,1>, <225,6,2>, <226,6,2>, <228,6,1>, <229,6,2>, <231,6,4>, <232,6,2>, <233,6,1>, <234,6,1>, <237,6,2>, <239,6,3>, <241,6,1>, <243,6,1>, <244,6,1>, <246,6,1>, <248,6,1>, <251,6,1>, <252,6,5>, <254,6,2>, <255,6,1>, <257,6,5>, <258,6,1>, <260,6,2>, <262,6,1>, <264,6,1>, <267,6,2>, <268,6,1>, <270,6,2>, <273,6,1>, <274,6,2>, <275,6,1>, <277,6,1>, <278,6,1>, <279,6,1>, <280,6,3>, <282,6,1>, <284,6,1>, <286,6,2>, <287,6,2>, <288,6,1>, <289,6,1>, <290,6,3>, <291,6,2>, <294,6,3>, <296,6,1>, <297,6,1>, <298,6,1>, <299,6,1>, <300,6,1>, <301,6,1>, <302,6,1>, <304,6,2>, <306,6,1>, <308,6,1>, <309,6,1>, <310,6,1>, <311,6,3>, <313,6,2>, <315,6,1>, <317,6,2>, <318,6,2>, <319,6,1>, <320,6,3>, <321,6,1>, <322,6,1>, <325,6,1>, <327,6,1>, <329,6,1>, <330,6,4>, <331,6,1>, <332,6,1>, <333,6,4>, <334,6,1>, <335,6,1>, <336,6,1>, <337,6,1>, <341,6,1>, <343,6,1>, <345,6,1>, <347,6,1>, <349,6,1>, <352,6,1>, <353,6,1>, <355,6,2>, <358,6,3>, <359,6,1>, <360,6,1>, <363,6,2>, <364,6,1>, <366,6,4>, <367,6,1>, <368,6,1>, <370,6,2>, <373,6,1>, <375,6,1>, <376,6,4>, <377,6,1>, <379,6,1>, <381,6,1>, <382,6,1>, <383,6,2>, <384,6,2>, <388,6,2>, <391,6,1>, <392,6,1>, <393,6,3>, <394,6,1>, <395,6,1>, <396,6,1>, <398,6,2>, <400,6,1>, <401,6,3>, <403,6,1>, <404,6,2>, <405,6,1>, <409,6,3>, <410,6,1>, <411,6,1>, <412,6,3>, <415,6,1>, <418,6,1>, <419,6,1>, <420,6,1>, <426,6,3>, <428,6,4>, <431,6,1>, <432,6,1>, <435,6,1>, <436,6,1>, <437,6,3>, <438,6,1>, <439,6,1>, <440,6,1>, <441,6,1>, <443,6,1>, <444,6,1>, <450,6,1>, <451,6,1>, <453,6,1>, <454,6,1>, <455,6,1>, <456,6,1>, <457,6,3>, <462,6,1>, <463,6,3>, <464,6,1>, <466,6,1>, <467,6,2>, <468,6,1>, <470,6,2>, <471,6,1>, <472,6,2>, <473,6,1>, <474,6,1>, <476,6,1>, <477,6,1>, <478,6,1>, <485,6,2>, <486,6,1>, <487,6,1>, <488,6,1>, <489,6,1>, <495,6,3>, <498,6,2>, <499,6,1>, <500,6,3>, <501,6,1>, <502,6,1>, <503,6,1>, <506,6,1>, <508,6,1>, <509,6,2>, <513,6,1>, <514,6,3>, <517,6,1>, <519,6,1>, <520,6,1>, <522,6,2>, <525,6,1>, <527,6,1>, <528,6,1>, <531,6,1>, <532,6,1>, <533,6,1>, <539,6,2>, <540,6,2>, <541,6,1>, <542,6,1>, <543,6,1>, <544,6,1>, <549,6,2>, <550,6,1>, <551,6,1>, <553,6,1>, <557,6,1>, <560,6,3>, <561,6,2>, <562,6,1>, <568,6,1>, <570,6,2>, <571,6,2>, <577,6,1>, <580,6,1>, <583,6,1>, <593,6,1>, <598,6,1>, <603,6,2>, <604,6,2>, <607,6,1>, <613,6,2>, <614,6,1>, <620,6,1>, <626,6,1>, <628,6,1>, <629,6,1>, <630,6,1>, <631,6,1>, <633,6,2>, <634,6,1>, <635,6,4>, <636,6,1>, <638,6,2>, <644,6,2>, <646,6,1>, <651,6,2>, <653,6,1>, <656,6,1>, <657,6,1>, <660,6,1>, <662,6,1>, <668,6,1>, <669,6,1>, <674,6,1>, <676,6,1>, <677,6,1>, <679,6,2>, <683,6,1>, <685,6,1>, <691,6,1>, <695,6,1>, <699,6,1>, <701,6,3>, <702,6,2>, <703,6,1>, <705,6,1>, <710,6,1>, <712,6,1>, <713,6,1>, <714,6,1>, <716,6,2>, <719,6,1>, <726,6,1>, <728,6,1>, <730,6,1>, <733,6,1>, <738,6,1>, <740,6,1>, <741,6,1>, <742,6,1>, <743,6,1>, <746,6,1>, <758,6,1>, <759,6,1>, <761,6,1>, <763,6,1>, <766,6,1>, <767,6,1>, <772,6,1>, <773,6,1>, <774,6,1>, <776,6,2>, <782,6,2>, <784,6,1>, <787,6,1>, <788,6,1>, <790,6,1>, <800,6,1>, <803,6,1>, <804,6,1>, <815,6,1>, <822,6,1>, <825,6,1>, <833,6,1>, <834,6,1>, <836,6,1>, <837,6,1>, <841,6,2>, <842,6,1>, <852,6,1>, <861,6,1>, <863,6,1>, <864,6,1>, <865,6,1>, <869,6,1>, <872,6,1>, <873,6,2>, <878,6,1>, <879,6,1>, <880,6,1>, <882,6,2>, <885,6,2>, <887,6,1>, <899,6,1>, <901,6,1>, <904,6,1>, <905,6,1>, <906,6,3>, <908,6,1>, <911,6,1>, <913,6,1>, <932,6,1>, <938,6,1>, <942,6,1>, <945,6,1>, <946,6,1>, <947,6,1>, <954,6,1>, <965,6,1>, <972,6,2>, <973,6,2>, <977,6,1>, <982,6,1>, <986,6,1>, <990,6,1>, <996,6,1>, <1000,6,1>, <1,7,357>, <2,7,370>, <3,7,37>, <4,7,215>, <5,7,220>, <6,7,8>, <7,7,31>, <8,7,5>, <9,7,97>, <10,7,7>, <11,7,45>, <12,7,32>, <13,7,3>, <14,7,31>, <15,7,1>, <16,7,23>, <18,7,20>, <19,7,7>, <20,7,35>, <21,7,5>, <22,7,9>, <23,7,36>, <24,7,15>, <25,7,1>, <26,7,11>, <27,7,20>, <28,7,23>, <29,7,13>, <30,7,15>, <31,7,1>, <33,7,28>, <34,7,3>, <35,7,16>, <36,7,5>, <37,7,8>, <38,7,24>, <39,7,9>, <40,7,12>, <41,7,4>, <42,7,11>, <43,7,1>, <44,7,2>, <45,7,2>, <46,7,12>, <49,7,2>, <50,7,3>, <51,7,11>, <52,7,1>, <53,7,5>, <54,7,3>, <55,7,16>, <56,7,2>, <57,7,3>, <58,7,1>, <59,7,5>, <60,7,7>, <61,7,5>, <62,7,5>, <63,7,3>, <64,7,18>, <65,7,5>, <67,7,4>, <68,7,2>, <69,7,5>, <70,7,1>, <71,7,4>, <72,7,20>, <73,7,5>, <74,7,20>, <75,7,6>, <76,7,11>, <78,7,1>, <79,7,3>, <81,7,5>, <82,7,3>, <83,7,1>, <84,7,6>, <85,7,6>, <87,7,1>, <88,7,1>, <89,7,3>, <90,7,9>, <91,7,6>, <93,7,3>, <94,7,1>, <95,7,5>, <97,7,1>, <98,7,7>, <99,7,2>, <100,7,6>, <101,7,4>, <102,7,5>, <103,7,1>, <104,7,1>, <105,7,6>, <106,7,5>, <107,7,6>, <108,7,1>, <109,7,2>, <110,7,6>, <112,7,2>, <113,7,3>, <114,7,1>, <115,7,3>, <116,7,1>, <117,7,2>, <118,7,1>, <120,7,2>, <121,7,5>, <122,7,5>, <123,7,3>, <124,7,2>, <125,7,1>, <127,7,1>, <128,7,4>, <129,7,1>, <130,7,2>, <131,7,3>, <132,7,1>, <133,7,4>, <134,7,2>, <135,7,4>, <136,7,5>, <137,7,1>, <138,7,2>, <140,7,5>, <141,7,3>, <142,7,1>, <143,7,5>, <144,7,1>, <145,7,4>, <146,7,4>, <147,7,8>, <148,7,2>, <149,7,3>, <150,7,2>, <151,7,1>, <152,7,5>, <153,7,1>, <154,7,2>, <155,7,5>, <156,7,4>, <157,7,3>, <159,7,3>, <160,7,3>, <161,7,2>, <162,7,1>, <163,7,1>, <165,7,1>, <167,7,3>, <169,7,2>, <170,7,1>, <171,7,2>, <174,7,2>, <175,7,1>, <176,7,1>, <177,7,4>, <178,7,1>, <179,7,3>, <180,7,1>, <181,7,1>, <182,7,2>, <183,7,4>, <184,7,4>, <186,7,1>, <187,7,1>, <188,7,1>, <189,7,1>, <190,7,1>, <191,7,2>, <192,7,1>, <193,7,3>, <194,7,6>, <195,7,3>, <196,7,4>, <198,7,2>, <199,7,1>, <201,7,2>, <202,7,1>, <203,7,2>, <204,7,2>, <207,7,4>, <208,7,2>, <209,7,2>, <210,7,5>, <211,7,1>, <212,7,1>, <214,7,1>, <215,7,2>, <216,7,1>, <217,7,2>, <219,7,2>, <223,7,1>, <227,7,1>, <228,7,2>, <231,7,5>, <232,7,2>, <234,7,1>, <235,7,1>, <237,7,1>, <238,7,1>, <239,7,1>, <240,7,3>, <241,7,2>, <242,7,1>, <243,7,2>, <244,7,3>, <245,7,1>, <247,7,6>, <248,7,1>, <251,7,1>, <252,7,3>, <253,7,4>, <254,7,1>, <256,7,2>, <257,7,1>, <258,7,2>, <259,7,1>, <261,7,1>, <262,7,2>, <263,7,1>, <266,7,1>, <267,7,1>, <268,7,1>, <269,7,1>, <270,7,1>, <271,7,2>, <272,7,1>, <273,7,4>, <274,7,3>, <277,7,1>, <279,7,1>, <280,7,2>, <281,7,2>, <282,7,1>, <283,7,3>, <284,7,2>, <285,7,1>, <286,7,1>, <288,7,1>, <289,7,1>, <290,7,2>, <291,7,1>, <293,7,1>, <295,7,1>, <298,7,1>, <300,7,2>, <301,7,2>, <302,7,1>, <306,7,1>, <308,7,2>, <309,7,1>, <310,7,1>, <311,7,8>, <312,7,1>, <313,7,1>, <314,7,2>, <315,7,1>, <316,7,1>, <317,7,1>, <320,7,1>, <322,7,1>, <325,7,2>, <326,7,1>, <327,7,3>, <328,7,1>, <330,7,1>, <331,7,1>, <332,7,1>, <333,7,1>, <334,7,2>, <335,7,1>, <336,7,1>, <337,7,1>, <338,7,1>, <340,7,1>, <343,7,1>, <345,7,3>, <348,7,1>, <350,7,2>, <351,7,1>, <352,7,1>, <353,7,1>, <357,7,1>, <358,7,3>, <359,7,1>, <361,7,2>, <362,7,2>, <366,7,2>, <369,7,1>, <370,7,1>, <372,7,1>, <374,7,2>, <377,7,1>, <381,7,1>, <383,7,2>, <388,7,2>, <390,7,1>, <392,7,1>, <393,7,1>, <394,7,1>, <395,7,1>, <396,7,2>, <397,7,1>, <400,7,2>, <401,7,2>, <405,7,2>, <406,7,1>, <410,7,1>, <411,7,1>, <412,7,1>, <413,7,1>, <414,7,1>, <417,7,1>, <419,7,1>, <421,7,3>, <428,7,1>, <429,7,1>, <430,7,1>, <435,7,1>, <437,7,1>, <438,7,2>, <440,7,1>, <442,7,1>, <443,7,1>, <444,7,1>, <445,7,1>, <446,7,1>, <447,7,2>, <448,7,2>, <449,7,1>, <450,7,1>, <452,7,1>, <454,7,1>, <455,7,2>, <456,7,2>, <458,7,1>, <462,7,1>, <465,7,2>, <466,7,1>, <467,7,1>, <468,7,1>, <469,7,1>, <478,7,1>, <479,7,1>, <480,7,1>, <482,7,2>, <484,7,2>, <485,7,1>, <486,7,1>, <488,7,2>, <489,7,1>, <492,7,1>, <496,7,3>, <497,7,3>, <499,7,1>, <500,7,1>, <502,7,1>, <504,7,1>, <505,7,1>, <506,7,1>, <512,7,1>, <513,7,1>, <514,7,1>, <519,7,1>, <520,7,1>, <521,7,1>, <524,7,2>, <536,7,1>, <537,7,1>, <539,7,1>, <543,7,1>, <545,7,1>, <546,7,2>, <547,7,1>, <550,7,2>, <551,7,1>, <553,7,1>, <558,7,1>, <563,7,3>, <568,7,1>, <572,7,2>, <580,7,1>, <582,7,1>, <583,7,1>, <584,7,1>, <587,7,1>, <589,7,4>, <593,7,1>, <599,7,1>, <602,7,1>, <603,7,1>, <608,7,1>, <611,7,1>, <612,7,3>, <617,7,2>, <619,7,1>, <621,7,2>, <624,7,1>, <625,7,1>, <630,7,1>, <634,7,1>, <635,7,2>, <636,7,1>, <639,7,1>, <645,7,2>, <646,7,1>, <649,7,3>, <651,7,1>, <653,7,1>, <655,7,1>, <662,7,1>, <664,7,1>, <665,7,1>, <666,7,1>, <667,7,1>, <668,7,1>, <670,7,1>, <677,7,1>, <678,7,2>, <680,7,1>, <685,7,1>, <688,7,1>, <693,7,1>, <694,7,1>, <696,7,1>, <703,7,1>, <710,7,1>, <711,7,1>, <713,7,2>, <716,7,1>, <727,7,1>, <728,7,1>, <730,7,1>, <732,7,3>, <734,7,1>, <740,7,1>, <741,7,1>, <749,7,1>, <752,7,1>, <754,7,1>, <755,7,1>, <762,7,1>, <771,7,1>, <773,7,2>, <774,7,1>, <776,7,1>, <780,7,1>, <781,7,1>, <782,7,1>, <783,7,2>, <784,7,1>, <788,7,1>, <789,7,1>, <792,7,1>, <793,7,1>, <796,7,1>, <797,7,2>, <799,7,1>, <805,7,1>, <808,7,1>, <810,7,1>, <818,7,1>, <820,7,1>, <821,7,1>, <822,7,1>, <825,7,1>, <829,7,1>, <839,7,1>, <842,7,1>, <843,7,2>, <846,7,1>, <852,7,1>, <854,7,1>, <864,7,1>, <867,7,1>, <869,7,1>, <878,7,1>, <880,7,1>, <887,7,1>, <889,7,1>, <890,7,1>, <893,7,1>, <900,7,2>, <901,7,1>, <903,7,1>, <904,7,1>, <908,7,1>, <912,7,1>, <913,7,1>, <915,7,2>, <916,7,2>, <918,7,1>, <919,7,1>, <930,7,1>, <948,7,1>, <960,7,1>, <962,7,1>, <964,7,1>, <965,7,1>, <970,7,1>, <971,7,1>, <977,7,5>, <983,7,2>, <987,7,1>, <991,7,1>, <996,7,1>, <1000,7,1>, <1,2,15>, <2,2,5>, <3,2,127>, <4,2,76>, <5,2,58>, <6,2,167>, <7,2,60>, <8,2,111>, <9,2,22>, <10,2,7>, <11,2,25>, <12,2,62>, <13,2,13>, <14,2,37>, <15,2,37>, <16,2,2>, <17,2,39>, <18,2,25>, <19,2,60>, <20,2,32>, <21,2,12>, <22,2,5>, <23,2,17>, <24,2,30>, <25,2,7>, <26,2,15>, <27,2,1>, <28,2,8>, <29,2,7>, <30,2,3>, <31,2,8>, <32,2,2>, <33,2,3>, <34,2,4>, <35,2,5>, <36,2,4>, <37,2,9>, <38,2,1>, <39,2,13>, <40,2,2>, <41,2,5>, <42,2,1>, <43,2,1>, <44,2,12>, <45,2,10>, <46,2,6>, <47,2,6>, <48,2,10>, <49,2,2>, <50,2,7>, <52,2,6>, <53,2,3>, <54,2,1>, <55,2,2>, <56,2,5>, <57,2,10>, <58,2,8>, <59,2,2>, <60,2,9>, <61,2,2>, <62,2,4>, <63,2,4>, <64,2,9>, <65,2,11>, <66,2,8>, <67,2,6>, <69,2,2>, <71,2,9>, <73,2,5>, <74,2,4>, <75,2,5>, <76,2,5>, <77,2,8>, <78,2,1>, <79,2,2>, <80,2,6>, <81,2,4>, <82,2,5>, <83,2,4>, <86,2,5>, <87,2,4>, <88,2,1>, <90,2,2>, <91,2,1>, <93,2,1>, <94,2,1>, <95,2,1>, <96,2,8>, <97,2,1>, <99,2,5>, <100,2,3>, <101,2,2>, <103,2,11>, <104,2,1>, <105,2,5>, <106,2,2>, <107,2,3>, <109,2,1>, <110,2,4>, <111,2,1>, <112,2,12>, <113,2,3>, <114,2,3>, <115,2,6>, <116,2,1>, <117,2,3>, <118,2,4>, <119,2,1>, <122,2,9>, <125,2,1>, <126,2,1>, <127,2,4>, <128,2,1>, <130,2,4>, <131,2,6>, <132,2,1>, <133,2,2>, <134,2,1>, <135,2,6>, <139,2,3>, <140,2,6>, <141,2,1>, <142,2,1>, <143,2,1>, <144,2,9>, <145,2,2>, <148,2,5>, <149,2,1>, <150,2,3>, <151,2,5>, <152,2,2>, <153,2,1>, <154,2,1>, <155,2,3>, <159,2,1>, <160,2,5>, <161,2,1>, <162,2,4>, <163,2,1>, <164,2,4>, <166,2,2>, <167,2,5>, <168,2,2>, <169,2,2>, <170,2,1>, <171,2,2>, <172,2,2>, <173,2,1>, <174,2,2>, <175,2,3>, <177,2,3>, <178,2,2>, <179,2,2>, <180,2,2>, <181,2,2>, <182,2,1>, <183,2,2>, <184,2,4>, <185,2,4>, <189,2,1>, <190,2,2>, <192,2,1>, <193,2,1>, <194,2,2>, <195,2,1>, <196,2,1>, <197,2,1>, <198,2,2>, <199,2,2>, <201,2,2>, <202,2,1>, <203,2,2>, <204,2,1>, <206,2,1>, <207,2,3>, <208,2,1>, <210,2,1>, <211,2,4>, <213,2,4>, <215,2,4>, <216,2,1>, <220,2,5>, <222,2,1>, <223,2,4>, <224,2,1>, <226,2,3>, <227,2,3>, <228,2,1>, <230,2,1>, <232,2,3>, <233,2,1>, <234,2,1>, <235,2,2>, <236,2,4>, <237,2,1>, <239,2,1>, <241,2,3>, <246,2,1>, <249,2,1>, <250,2,1>, <251,2,4>, <255,2,5>, <256,2,3>, <257,2,2>, <260,2,1>, <261,2,1>, <262,2,1>, <265,2,1>, <266,2,3>, <267,2,1>, <269,2,2>, <270,2,1>, <272,2,5>, <273,2,2>, <274,2,1>, <277,2,1>, <278,2,1>, <281,2,1>, <282,2,2>, <285,2,3>, <286,2,1>, <288,2,1>, <289,2,2>, <290,2,2>, <291,2,5>, <292,2,4>, <293,2,1>, <294,2,2>, <295,2,1>, <299,2,2>, <301,2,1>, <302,2,1>, <303,2,1>, <304,2,1>, <305,2,2>, <308,2,1>, <309,2,1>, <311,2,2>, <313,2,2>, <314,2,1>, <315,2,1>, <316,2,5>, <318,2,1>, <319,2,2>, <320,2,2>, <321,2,1>, <322,2,3>, <323,2,1>, <324,2,1>, <325,2,3>, <327,2,1>, <328,2,3>, <329,2,1>, <330,2,2>, <334,2,1>, <336,2,1>, <338,2,1>, <341,2,4>, <342,2,2>, <345,2,2>, <346,2,3>, <348,2,1>, <349,2,1>, <350,2,1>, <352,2,1>, <353,2,1>, <355,2,2>, <356,2,1>, <360,2,1>, <361,2,2>, <366,2,2>, <367,2,1>, <369,2,2>, <371,2,1>, <373,2,1>, <375,2,1>, <376,2,1>, <377,2,1>, <380,2,1>, <382,2,2>, <383,2,2>, <384,2,2>, <385,2,1>, <386,2,1>, <388,2,1>, <389,2,2>, <391,2,2>, <394,2,4>, <396,2,1>, <397,2,1>, <398,2,2>, <399,2,2>, <400,2,1>, <401,2,1>, <402,2,1>, <403,2,1>, <405,2,2>, <406,2,1>, <408,2,1>, <410,2,2>, <411,2,1>, <412,2,1>, <413,2,1>, <415,2,2>, <417,2,1>, <418,2,1>, <420,2,1>, <422,2,1>, <423,2,1>, <424,2,2>, <426,2,1>, <427,2,2>, <428,2,1>, <434,2,3>, <436,2,1>, <440,2,2>, <442,2,1>, <443,2,1>, <445,2,1>, <447,2,2>, <450,2,1>, <452,2,1>, <456,2,1>, <458,2,1>, <459,2,2>, <461,2,1>, <464,2,1>, <465,2,1>, <467,2,1>, <469,2,2>, <470,2,2>, <471,2,1>, <473,2,1>, <475,2,1>, <476,2,2>, <477,2,2>, <478,2,1>, <479,2,2>, <480,2,1>, <487,2,5>, <488,2,2>, <493,2,1>, <495,2,1>, <496,2,1>, <500,2,2>, <505,2,1>, <508,2,1>, <510,2,1>, <512,2,1>, <513,2,1>, <517,2,1>, <518,2,1>, <522,2,1>, <536,2,2>, <538,2,1>, <540,2,1>, <541,2,2>, <544,2,1>, <545,2,1>, <546,2,1>, <547,2,1>, <548,2,1>, <549,2,1>, <556,2,1>, <557,2,1>, <562,2,1>, <563,2,2>, <565,2,1>, <567,2,1>, <568,2,1>, <570,2,1>, <574,2,1>, <578,2,1>, <580,2,1>, <582,2,3>, <583,2,2>, <593,2,1>, <596,2,1>, <597,2,2>, <598,2,1>, <599,2,3>, <603,2,1>, <604,2,1>, <607,2,1>, <608,2,1>, <609,2,1>, <612,2,1>, <613,2,1>, <617,2,1>, <618,2,1>, <619,2,1>, <624,2,1>, <627,2,1>, <629,2,2>, <632,2,1>, <637,2,1>, <642,2,1>, <643,2,1>, <644,2,2>, <645,2,1>, <646,2,3>, <647,2,1>, <651,2,1>, <653,2,1>, <654,2,1>, <656,2,1>, <663,2,1>, <667,2,2>, <673,2,1>, <679,2,1>, <683,2,1>, <693,2,1>, <696,2,1>, <697,2,1>, <706,2,1>, <715,2,1>, <716,2,1>, <717,2,1>, <718,2,1>, <720,2,1>, <724,2,1>, <728,2,1>, <732,2,1>, <736,2,1>, <737,2,1>, <738,2,1>, <742,2,2>, <749,2,1>, <751,2,1>, <752,2,1>, <753,2,1>, <754,2,1>, <768,2,1>, <777,2,1>, <780,2,1>, <782,2,1>, <786,2,1>, <787,2,1>, <795,2,1>, <796,2,1>, <803,2,1>, <811,2,1>, <812,2,1>, <816,2,1>, <821,2,1>, <823,2,1>, <825,2,1>, <827,2,1>, <830,2,1>, <831,2,1>, <832,2,1>, <840,2,1>, <841,2,1>, <843,2,2>, <851,2,1>, <852,2,1>, <853,2,1>, <854,2,1>, <858,2,1>, <865,2,1>, <867,2,1>, <873,2,1>, <874,2,2>, <878,2,1>, <879,2,1>, <880,2,1>, <882,2,1>, <900,2,1>, <907,2,1>, <908,2,1>, <911,2,1>, <915,2,1>, <918,2,1>, <919,2,1>, <920,2,1>, <922,2,1>, <925,2,3>, <930,2,4>, <949,2,1>, <956,2,1>, <957,2,2>, <971,2,1>, <972,2,1>, <974,2,1>, <982,2,1>, <990,2,1>, <991,2,1>, <992,2,1>, <996,2,1>, <1,5,767>, <2,5,58>, <3,5,36>, <4,5,6>, <5,5,55>, <6,5,14>, <7,5,47>, <8,5,5>, <9,5,48>, <10,5,53>, <11,5,64>, <12,5,30>, <13,5,44>, <14,5,1>, <15,5,4>, <16,5,19>, <17,5,33>, <18,5,3>, <19,5,15>, <20,5,24>, <21,5,30>, <22,5,4>, <23,5,2>, <24,5,7>, <25,5,10>, <26,5,20>, <27,5,13>, <29,5,3>, <30,5,5>, <31,5,29>, <32,5,2>, <33,5,6>, <34,5,20>, <35,5,18>, <36,5,14>, <37,5,9>, <38,5,9>, <39,5,8>, <40,5,2>, <41,5,8>, <42,5,7>, <43,5,1>, <44,5,9>, <45,5,3>, <46,5,9>, <47,5,23>, <48,5,9>, <49,5,2>, <50,5,2>, <51,5,1>, <52,5,2>, <53,5,7>, <54,5,6>, <55,5,5>, <56,5,6>, <57,5,2>, <58,5,20>, <59,5,15>, <60,5,7>, <61,5,10>, <62,5,2>, <63,5,21>, <64,5,1>, <65,5,3>, <66,5,14>, <67,5,3>, <68,5,13>, <69,5,1>, <70,5,5>, <71,5,5>, <73,5,3>, <74,5,5>, <75,5,6>, <76,5,2>, <77,5,6>, <78,5,8>, <79,5,5>, <80,5,1>, <81,5,2>, <82,5,1>, <83,5,9>, <85,5,2>, <86,5,7>, <87,5,4>, <88,5,14>, <89,5,3>, <90,5,3>, <91,5,2>, <92,5,7>, <93,5,2>, <94,5,6>, <95,5,5>, <96,5,4>, <97,5,1>, <98,5,6>, <99,5,7>, <100,5,6>, <101,5,5>, <103,5,3>, <104,5,3>, <105,5,1>, <106,5,3>, <107,5,3>, <108,5,1>, <109,5,1>, <110,5,2>, <111,5,4>, <112,5,1>, <113,5,3>, <114,5,4>, <115,5,5>, <116,5,4>, <117,5,1>, <118,5,3>, <119,5,3>, <120,5,4>, <121,5,5>, <123,5,2>, <124,5,3>, <126,5,1>, <128,5,7>, <129,5,3>, <130,5,1>, <131,5,1>, <133,5,5>, <134,5,2>, <135,5,2>, <136,5,1>, <137,5,1>, <138,5,3>, <139,5,5>, <141,5,5>, <142,5,1>, <143,5,3>, <144,5,2>, <145,5,1>, <146,5,1>, <147,5,3>, <148,5,1>, <149,5,5>, <150,5,6>, <152,5,3>, <153,5,6>, <154,5,2>, <155,5,6>, <156,5,3>, <157,5,4>, <158,5,3>, <159,5,3>, <160,5,5>, <162,5,1>, <163,5,3>, <165,5,2>, <166,5,2>, <167,5,1>, <168,5,1>, <169,5,1>, <170,5,1>, <171,5,1>, <172,5,1>, <173,5,1>, <174,5,1>, <176,5,3>, <178,5,1>, <179,5,1>, <181,5,1>, <184,5,1>, <185,5,1>, <186,5,1>, <187,5,5>, <188,5,1>, <189,5,3>, <191,5,1>, <192,5,2>, <194,5,3>, <196,5,2>, <197,5,2>, <198,5,3>, <199,5,2>, <201,5,1>, <203,5,1>, <204,5,2>, <206,5,1>, <208,5,1>, <209,5,1>, <210,5,2>, <211,5,1>, <213,5,3>, <215,5,3>, <216,5,2>, <217,5,2>, <218,5,1>, <219,5,2>, <220,5,2>, <221,5,1>, <223,5,1>, <224,5,1>, <225,5,3>, <226,5,1>, <227,5,1>, <228,5,2>, <230,5,1>, <231,5,3>, <234,5,2>, <235,5,2>, <237,5,1>, <240,5,1>, <242,5,1>, <243,5,1>, <244,5,1>, <245,5,2>, <246,5,2>, <247,5,1>, <249,5,1>, <250,5,2>, <251,5,1>, <253,5,1>, <254,5,1>, <255,5,2>, <257,5,3>, <258,5,3>, <259,5,5>, <260,5,1>, <262,5,1>, <263,5,1>, <264,5,1>, <265,5,1>, <267,5,1>, <268,5,3>, <269,5,1>, <272,5,1>, <273,5,1>, <275,5,1>, <276,5,2>, <278,5,2>, <279,5,2>, <280,5,4>, <281,5,2>, <282,5,1>, <283,5,2>, <284,5,1>, <288,5,1>, <290,5,4>, <292,5,1>, <296,5,2>, <297,5,2>, <298,5,2>, <299,5,2>, <300,5,5>, <301,5,1>, <302,5,2>, <303,5,2>, <304,5,3>, <308,5,1>, <309,5,1>, <310,5,3>, <312,5,1>, <313,5,1>, <314,5,1>, <315,5,1>, <316,5,1>, <317,5,1>, <318,5,3>, <320,5,1>, <321,5,1>, <323,5,1>, <324,5,2>, <325,5,1>, <328,5,2>, <329,5,1>, <330,5,1>, <332,5,1>, <333,5,1>, <336,5,1>, <337,5,2>, <338,5,1>, <339,5,1>, <342,5,1>, <344,5,2>, <345,5,2>, <346,5,1>, <347,5,1>, <348,5,2>, <349,5,1>, <351,5,2>, <352,5,4>, <355,5,1>, <356,5,1>, <358,5,1>, <360,5,3>, <361,5,1>, <362,5,3>, <365,5,1>, <367,5,1>, <368,5,1>, <370,5,1>, <372,5,1>, <374,5,2>, <375,5,1>, <376,5,1>, <379,5,1>, <382,5,3>, <383,5,1>, <384,5,1>, <385,5,1>, <388,5,3>, <389,5,3>, <392,5,1>, <395,5,2>, <396,5,1>, <399,5,2>, <400,5,1>, <401,5,3>, <403,5,1>, <404,5,3>, <405,5,2>, <409,5,1>, <411,5,2>, <414,5,1>, <415,5,2>, <419,5,1>, <426,5,3>, <427,5,4>, <428,5,1>, <429,5,1>, <433,5,1>, <434,5,1>, <435,5,1>, <437,5,2>, <439,5,1>, <440,5,1>, <441,5,1>, <442,5,1>, <443,5,2>, <444,5,1>, <447,5,1>, <449,5,2>, <454,5,1>, <455,5,1>, <456,5,1>, <457,5,3>, <458,5,1>, <464,5,1>, <466,5,1>, <467,5,1>, <469,5,1>, <470,5,1>, <471,5,1>, <472,5,1>, <475,5,3>, <476,5,2>, <477,5,1>, <478,5,1>, <480,5,2>, <481,5,1>, <483,5,1>, <484,5,2>, <485,5,1>, <486,5,2>, <487,5,1>, <492,5,2>, <494,5,1>, <495,5,1>, <498,5,1>, <499,5,1>, <502,5,2>, <506,5,4>, <508,5,1>, <509,5,1>, <513,5,1>, <514,5,1>, <515,5,2>, <517,5,1>, <518,5,2>, <521,5,1>, <525,5,1>, <526,5,1>, <530,5,1>, <532,5,1>, <533,5,1>, <536,5,1>, <538,5,2>, <540,5,1>, <541,5,1>, <548,5,1>, <549,5,1>, <550,5,1>, <551,5,1>, <552,5,1>, <555,5,2>, <556,5,1>, <560,5,1>, <561,5,1>, <567,5,1>, <568,5,2>, <570,5,1>, <572,5,1>, <577,5,2>, <578,5,3>, <580,5,1>, <582,5,1>, <586,5,1>, <590,5,1>, <591,5,1>, <596,5,1>, <597,5,1>, <598,5,1>, <599,5,1>, <602,5,1>, <604,5,1>, <613,5,1>, <614,5,1>, <619,5,2>, <620,5,1>, <621,5,2>, <623,5,1>, <625,5,1>, <626,5,1>, <629,5,2>, <630,5,1>, <632,5,2>, <636,5,1>, <637,5,1>, <638,5,2>, <645,5,1>, <647,5,3>, <649,5,1>, <651,5,1>, <654,5,1>, <660,5,1>, <665,5,1>, <669,5,1>, <675,5,1>, <677,5,1>, <678,5,1>, <688,5,1>, <699,5,1>, <705,5,1>, <708,5,1>, <711,5,2>, <715,5,1>, <720,5,1>, <721,5,1>, <729,5,1>, <731,5,1>, <732,5,1>, <734,5,2>, <739,5,1>, <740,5,1>, <741,5,1>, <743,5,1>, <746,5,1>, <747,5,1>, <749,5,1>, <752,5,1>, <754,5,1>, <759,5,1>, <762,5,1>, <763,5,1>, <769,5,2>, <772,5,2>, <774,5,1>, <775,5,1>, <776,5,1>, <777,5,1>, <780,5,1>, <782,5,1>, <783,5,1>, <796,5,1>, <803,5,2>, <810,5,1>, <818,5,2>, <830,5,1>, <836,5,1>, <839,5,1>, <840,5,1>, <841,5,1>, <843,5,1>, <845,5,1>, <846,5,1>, <847,5,1>, <852,5,1>, <854,5,2>, <859,5,1>, <860,5,1>, <861,5,1>, <868,5,1>, <872,5,1>, <879,5,1>, <881,5,1>, <885,5,1>, <887,5,1>, <889,5,1>, <891,5,1>, <897,5,1>, <904,5,1>, <905,5,1>, <906,5,1>, <910,5,1>, <911,5,1>, <913,5,1>, <915,5,1>, <920,5,1>, <927,5,1>, <931,5,1>, <936,5,1>, <937,5,1>, <938,5,1>, <942,5,1>, <945,5,1>, <946,5,1>, <947,5,2>, <948,5,1>, <954,5,1>, <959,5,1>, <970,5,1>, <977,5,1>, <980,5,1>, <982,5,1>, <986,5,1>, <987,5,1>, <997,5,1>, <998,5,1>, <1,1,315>, <2,1,89>, <3,1,36>, <4,1,8>, <5,1,9>, <6,1,90>, <7,1,46>, <8,1,33>, <9,1,1>, <10,1,27>, <11,1,10>, <12,1,3>, <13,1,29>, <14,1,32>, <15,1,8>, <16,1,6>, <17,1,5>, <18,1,50>, <19,1,7>, <20,1,8>, <21,1,13>, <22,1,8>, <23,1,12>, <24,1,10>, <25,1,44>, <26,1,9>, <27,1,17>, <28,1,14>, <29,1,8>, <30,1,31>, <31,1,6>, <32,1,7>, <33,1,11>, <34,1,1>, <35,1,15>, <36,1,8>, <37,1,11>, <38,1,6>, <39,1,20>, <41,1,13>, <42,1,2>, <43,1,8>, <45,1,4>, <46,1,8>, <47,1,1>, <48,1,8>, <49,1,19>, <50,1,20>, <51,1,1>, <52,1,3>, <53,1,2>, <54,1,8>, <55,1,3>, <56,1,24>, <57,1,7>, <58,1,3>, <59,1,1>, <60,1,1>, <61,1,8>, <62,1,8>, <63,1,7>, <64,1,8>, <65,1,1>, <66,1,2>, <67,1,2>, <68,1,6>, <69,1,1>, <70,1,1>, <71,1,3>, <72,1,1>, <74,1,1>, <75,1,9>, <77,1,2>, <78,1,2>, <79,1,6>, <80,1,7>, <81,1,3>, <82,1,1>, <83,1,3>, <84,1,3>, <85,1,1>, <86,1,6>, <87,1,2>, <88,1,2>, <89,1,1>, <90,1,3>, <91,1,2>, <92,1,1>, <93,1,2>, <94,1,5>, <95,1,1>, <96,1,10>, <98,1,1>, <99,1,6>, <101,1,3>, <102,1,2>, <103,1,7>, <104,1,8>, <105,1,6>, <106,1,2>, <107,1,3>, <108,1,9>, <109,1,2>, <110,1,3>, <111,1,7>, <112,1,3>, <113,1,8>, <114,1,2>, <115,1,1>, <116,1,1>, <117,1,2>, <118,1,5>, <119,1,6>, <121,1,1>, <122,1,4>, <123,1,2>, <124,1,4>, <125,1,10>, <126,1,2>, <127,1,3>, <128,1,2>, <129,1,2>, <130,1,2>, <131,1,1>, <132,1,7>, <133,1,2>, <134,1,1>, <135,1,1>, <136,1,3>, <137,1,1>, <138,1,2>, <140,1,1>, <141,1,2>, <143,1,2>, <144,1,1>, <145,1,5>, <147,1,2>, <148,1,7>, <149,1,3>, <150,1,2>, <151,1,1>, <152,1,3>, <153,1,1>, <154,1,2>, <155,1,3>, <157,1,4>, <158,1,2>, <161,1,8>, <162,1,1>, <163,1,1>, <164,1,2>, <165,1,4>, <166,1,4>, <168,1,2>, <170,1,5>, <171,1,1>, <172,1,4>, <173,1,1>, <174,1,2>, <175,1,1>, <176,1,2>, <178,1,1>, <179,1,2>, <180,1,3>, <184,1,1>, <185,1,1>, <187,1,6>, <188,1,4>, <189,1,2>, <190,1,4>, <191,1,8>, <192,1,2>, <193,1,1>, <195,1,5>, <196,1,2>, <197,1,2>, <198,1,2>, <199,1,3>, <200,1,4>, <201,1,2>, <203,1,4>, <204,1,2>, <206,1,2>, <207,1,1>, <209,1,1>, <210,1,1>, <211,1,2>, <214,1,3>, <216,1,2>, <217,1,5>, <218,1,5>, <219,1,1>, <220,1,2>, <224,1,1>, <225,1,1>, <226,1,1>, <229,1,1>, <230,1,1>, <231,1,1>, <233,1,1>, <234,1,1>, <235,1,1>, <237,1,3>, <238,1,4>, <239,1,2>, <240,1,1>, <241,1,2>, <243,1,1>, <244,1,1>, <245,1,1>, <246,1,2>, <247,1,1>, <248,1,1>, <249,1,3>, <250,1,3>, <252,1,1>, <253,1,1>, <254,1,1>, <255,1,2>, <256,1,1>, <262,1,1>, <263,1,1>, <265,1,1>, <266,1,1>, <267,1,2>, <268,1,2>, <269,1,1>, <270,1,1>, <274,1,2>, <275,1,2>, <276,1,2>, <277,1,6>, <278,1,1>, <282,1,1>, <283,1,1>, <284,1,2>, <285,1,3>, <286,1,1>, <287,1,1>, <288,1,2>, <289,1,1>, <290,1,1>, <291,1,2>, <292,1,2>, <294,1,3>, <296,1,1>, <297,1,1>, <298,1,3>, <299,1,2>, <300,1,4>, <301,1,1>, <303,1,4>, <304,1,1>, <305,1,1>, <306,1,1>, <307,1,1>, <310,1,5>, <313,1,1>, <314,1,1>, <317,1,3>, <319,1,1>, <320,1,1>, <321,1,4>, <322,1,1>, <324,1,3>, <325,1,2>, <327,1,1>, <329,1,1>, <334,1,2>, <335,1,1>, <337,1,1>, <338,1,1>, <339,1,1>, <340,1,1>, <341,1,2>, <342,1,1>, <343,1,1>, <344,1,3>, <345,1,1>, <346,1,1>, <347,1,2>, <348,1,3>, <349,1,1>, <351,1,1>, <352,1,7>, <354,1,1>, <355,1,1>, <356,1,1>, <358,1,2>, <359,1,1>, <360,1,1>, <361,1,2>, <363,1,2>, <364,1,1>, <365,1,1>, <368,1,1>, <370,1,1>, <371,1,1>, <373,1,1>, <377,1,2>, <381,1,2>, <382,1,1>, <383,1,4>, <385,1,1>, <387,1,2>, <390,1,1>, <395,1,1>, <397,1,2>, <398,1,1>, <401,1,1>, <403,1,1>, <404,1,1>, <406,1,3>, <410,1,1>, <411,1,1>, <413,1,1>, <415,1,1>, <419,1,2>, <420,1,3>, <424,1,2>, <425,1,2>, <428,1,1>, <429,1,1>, <432,1,1>, <433,1,1>, <435,1,2>, <436,1,1>, <438,1,1>, <439,1,2>, <440,1,2>, <441,1,1>, <444,1,2>, <447,1,1>, <448,1,1>, <449,1,1>, <451,1,2>, <452,1,1>, <454,1,1>, <456,1,1>, <459,1,1>, <462,1,2>, <463,1,1>, <465,1,2>, <466,1,2>, <472,1,1>, <474,1,1>, <476,1,1>, <478,1,1>, <479,1,1>, <480,1,1>, <481,1,1>, <484,1,1>, <487,1,1>, <488,1,1>, <489,1,1>, <493,1,2>, <494,1,1>, <495,1,1>, <497,1,1>, <498,1,2>, <502,1,1>, <503,1,2>, <504,1,2>, <506,1,1>, <507,1,1>, <509,1,1>, <510,1,1>, <514,1,1>, <516,1,1>, <518,1,1>, <520,1,3>, <521,1,2>, <522,1,1>, <524,1,1>, <526,1,1>, <528,1,1>, <530,1,1>, <531,1,1>, <532,1,1>, <541,1,1>, <542,1,2>, <546,1,1>, <547,1,1>, <548,1,1>, <549,1,1>, <552,1,1>, <553,1,1>, <558,1,1>, <560,1,1>, <561,1,1>, <562,1,1>, <565,1,1>, <567,1,1>, <571,1,2>, <577,1,1>, <580,1,1>, <581,1,2>, <583,1,1>, <588,1,1>, <589,1,1>, <591,1,1>, <596,1,1>, <601,1,1>, <603,1,1>, <605,1,1>, <609,1,1>, <616,1,1>, <617,1,1>, <621,1,1>, <624,1,1>, <629,1,1>, <630,1,1>, <631,1,1>, <635,1,1>, <637,1,2>, <638,1,1>, <644,1,2>, <648,1,1>, <654,1,1>, <657,1,2>, <660,1,1>, <663,1,1>, <666,1,1>, <668,1,2>, <669,1,1>, <671,1,1>, <673,1,1>, <675,1,1>, <679,1,1>, <680,1,1>, <683,1,1>, <684,1,1>, <688,1,1>, <696,1,1>, <697,1,1>, <699,1,1>, <702,1,1>, <711,1,1>, <716,1,2>, <719,1,1>, <720,1,1>, <722,1,1>, <725,1,1>, <735,1,1>, <739,1,1>, <742,1,1>, <743,1,1>, <747,1,1>, <749,1,2>, <759,1,1>, <767,1,1>, <768,1,1>, <775,1,2>, <790,1,3>, <791,1,1>, <794,1,1>, <800,1,1>, <806,1,1>, <807,1,1>, <812,1,1>, <820,1,1>, <821,1,1>, <827,1,1>, <828,1,1>, <830,1,1>, <831,1,1>, <833,1,2>, <836,1,1>, <842,1,1>, <843,1,1>, <847,1,1>, <852,1,1>, <854,1,1>, <858,1,1>, <867,1,1>, <868,1,1>, <872,1,1>, <874,1,1>, <878,1,1>, <880,1,2>, <888,1,1>, <897,1,1>, <899,1,1>, <903,1,1>, <904,1,1>, <905,1,1>, <906,1,1>, <908,1,1>, <910,1,1>, <911,1,2>, <912,1,1>, <918,1,1>, <919,1,2>, <920,1,1>, <925,1,1>, <931,1,3>, <942,1,1>, <944,1,1>, <945,1,1>, <947,1,2>, <954,1,1>, <956,1,1>, <958,1,1>, <960,1,1>, <980,1,2>, <985,1,2>, <987,1,1>, <994,1,1> };

MaxCacheStorageAtSingleAS= [ 1312.5  1312.5  1312.5  1312.5  1312.5  1312.5  1312.5 ] ;

MaxCacheStorage = 9187.5 ;
SolutionGap = 0.01 ;
